# Time (seconds), Duration (seconds), f0, f1, f2, f3, f4, f5, f6, f7, f8, f9, f10, f11, f12, f13, f14, f15, f16, f17, f18, f19, f20, f21, f22, f23, f24, f25, f26, f27, f28, f29
0, 0.0319375, 0.435872, 1.34202, 1.75064, 1.72674, 1.96384, 2.37861, 2.54906, 2.51189, 2.34629, 2.61341, 2.50946, 2.04361, 1.96631, 1.30289, 1.52244, 1.88516, 1.63917, 1.66159, 1.63832, 1.7467, 1.42339, 1.40509, 1.28763, 1.40471, 1.48389, 1.71017, 1.54691, 1.99037, 1.86884, 2.04588
0.02, 0.0319375, 1.45425, 2.08752, 2.53407, 1.65954, 1.74313, 2.36987, 2.46591, 2.31862, 2.40609, 2.2918, 2.11529, 1.56937, 1.33322, 1.49746, 1.47368, 1.36333, 1.24653, 1.49016, 1.31627, 1.2347, 1.23806, 1.72438, 1.39533, 1.53176, 1.69344, 1.69117, 2.01763, 2.04113, 1.95412, 1.90492
0.04, 0.0319375, 0.958411, 2.00452, 2.53454, 2.37035, 2.35322, 2.13272, 1.56615, 1.52879, 2.24267, 2.37309, 2.49278, 2.0258, 1.91502, 1.38162, 1.62594, 1.65333, 1.56267, 1.65094, 1.73459, 1.45541, 1.44673, 1.69865, 1.72381, 1.90219, 1.80018, 1.73708, 1.83316, 2.00192, 2.25207, 2.08406
0.06, 0.0319375, 1.56266, 2.13805, 2.09111, 2.01411, 2.57029, 2.09759, 1.91668, 2.25617, 2.54192, 2.74363, 2.31408, 1.68596, 1.85477, 1.91414, 1.36238, 1.40736, 1.5797, 1.3649, 1.78323, 1.34043, 1.43821, 1.34565, 1.86878, 1.79479, 1.61939, 1.84513, 1.75274, 1.65371, 1.9194, 2.01544
0.08, 0.0319375, 1.57804, 1.16227, 1.83465, 1.95472, 1.77207, 2.06904, 1.96197, 1.38919, 1.45482, 2.02395, 1.90705, 1.74718, 1.58119, 1.60533, 1.54466, 1.29379, 1.22797, 1.60681, 1.5725, 1.50448, 1.2045, 1.38515, 1.756, 1.78926, 1.38594, 1.53279, 1.50072, 1.95884, 1.6628, 1.77144
0.1, 0.0319375, 1.56805, 2.16343, 2.05691, 2.26749, 2.15379, 1.87865, 2.09237, 1.57333, 1.90228, 2.6446, 2.94495, 2.18109, 1.85666, 1.06819, 1.37013, 1.3937, 1.27418, 1.54157, 1.26318, 1.6764, 1.46169, 1.47203, 1.70905, 2.14541, 1.77496, 1.93478, 1.9513, 1.96187, 1.81032, 2.25741
0.12, 0.0319375, 1.22423, 1.75013, 1.78434, 1.93016, 2.26792, 2.08266, 2.094, 2.10177, 2.38661, 2.54684, 1.9248, 1.9551, 1.20311, 1.57041, 1.26419, 1.02565, 1.66528, 1.34652, 1.25987, 1.39298, 1.4559, 1.06417, 1.6451, 1.93742, 1.90905, 1.98735, 2.01708, 2.08441, 2.10404, 2.31229
0.14, 0.0319375, 1.2699, 1.76587, 2.11526, 2.27246, 2.14357, 1.76551, 1.79688, 1.7298, 2.05365, 2.23009, 2.60209, 1.97919, 1.66958, 1.42703, 1.62504, 1.40917, 1.40182, 1.2447, 1.21916, 1.22371, 1.19714, 1.62228, 1.65454, 1.68711, 1.47834, 1.36788, 1.56691, 1.80844, 1.92864, 2.1842
0.16, 0.0319375, 1.41765, 1.29388, 1.08074, 1.75202, 2.27856, 2.42581, 1.69244, 1.79976, 2.42165, 2.47008, 2.47822, 2.27682, 1.88448, 1.93917, 1.57177, 1.44358, 1.72279, 1.42957, 1.82485, 1.26139, 1.21638, 1.15192, 1.75219, 1.75016, 1.49051, 1.76893, 2.15273, 2.13023, 2.05835, 2.19903
0.18, 0.0319375, 0.710538, 1.63437, 1.9741, 1.25166, 1.42218, 1.71895, 2.1116, 2.14855, 2.77389, 2.53362, 2.26041, 2.1883, 2.10864, 1.92173, 1.33727, 1.02992, 1.12892, 1.30297, 1.53776, 1.19845, 1.34408, 1.23375, 1.47558, 1.73563, 1.44807, 1.65683, 1.75802, 2.0386, 1.89596, 2.12622
0.2, 0.0319375, 1.47132, 1.94375, 0.986626, 1.88885, 1.78693, 2.50742, 2.04965, 2.32672, 2.35497, 2.52998, 2.10854, 2.04176, 2.28261, 1.93407, 1.90335, 1.44309, 1.45434, 1.67401, 1.67042, 1.54874, 1.27589, 1.39458, 1.03021, 1.43247, 1.63026, 1.6703, 1.94301, 1.79349, 1.67172, 1.74507
0.22, 0.0319375, 0.946786, 1.59766, 1.51544, 1.47953, 1.82085, 2.513, 1.7196, 2.17464, 2.30166, 2.44987, 1.95148, 1.40638, 1.75992, 1.69869, 1.23316, 0.966005, 1.28773, 1.41906, 1.59137, 1.35276, 1.25539, 1.54883, 2.03994, 1.99789, 1.74921, 1.60564, 1.90479, 2.35534, 2.00847, 1.98463
0.24, 0.0319375, 1.20252, 1.24291, 2.06941, 2.25312, 1.70086, 2.08341, 1.85944, 2.35934, 2.18861, 2.09792, 1.98254, 1.70722, 1.76117, 1.63586, 1.42429, 1.47829, 1.36901, 1.45821, 1.42563, 1.51032, 1.38238, 1.30358, 1.30556, 1.24131, 1.73904, 1.64236, 1.91999, 1.63305, 1.8217, 2.26695
0.26, 0.0319375, 1.72217, 2.39408, 2.35327, 1.96338, 1.51093, 1.64058, 2.15613, 2.14956, 1.95763, 2.75971, 2.08022, 1.99025, 1.55095, 1.15447, 1.0734, 1.34452, 1.57048, 1.38692, 1.3496, 1.4186, 1.6195, 1.65752, 1.84079, 2.11642, 1.93519, 2.02903, 2.14599, 2.10966, 2.40628, 2.1539
0.28, 0.0319375, 0.758765, 1.91307, 2.06863, 1.60254, 1.32536, 1.07349, 1.13671, 2.2458, 2.43784, 1.98898, 1.71577, 1.77302, 2.17118, 1.60348, 1.65696, 1.0459, 1.18009, 0.680369, 1.18466, 1.42336, 1.81431, 1.43339, 1.28179, 1.85377, 1.88722, 1.91266, 1.69894, 2.12959, 2.21722, 2.33004
0.3, 0.0319375, 1.55784, 1.64192, 1.5595, 1.50066, 1.45704, 2.04679, 1.90553, 1.97295, 2.24845, 2.18212, 2.10025, 2.01104, 1.92639, 1.34815, 1.29769, 1.20289, 1.67205, 1.3221, 1.56559, 1.77168, 1.22359, 1.24207, 1.50193, 1.93835, 1.63671, 1.69159, 2.02602, 2.04589, 2.13448, 2.26892
0.32, 0.0319375, 1.37504, 2.14389, 2.15865, 1.22787, 1.5523, 1.9995, 2.22969, 2.27025, 2.14123, 2.60872, 2.26466, 2.16509, 1.81847, 1.53217, 1.90164, 1.31479, 1.58875, 0.931097, 1.6813, 1.27006, 1.29155, 1.79091, 1.61343, 1.5076, 1.64545, 1.74814, 1.74459, 2.02909, 2.33253, 2.30441
0.34, 0.0319375, 1.15447, 1.93685, 2.30122, 2.25363, 1.62271, 3.04058, 2.37579, 1.80935, 2.18277, 2.41983, 2.55842, 1.99578, 1.49505, 1.41418, 1.61099, 1.29784, 1.76777, 1.5029, 0.869842, 0.828615, 1.72075, 1.44834, 1.58722, 1.72935, 2.13129, 2.00983, 2.1091, 2.45539, 2.3732, 2.24302
0.36, 0.0319375, 0.928408, 1.84828, 2.51821, 2.12145, 2.17262, 2.58823, 2.19246, 1.84399, 2.21529, 2.17182, 2.35199, 2.00211, 1.51301, 1.42802, 1.7157, 1.08413, 1.36606, 1.07703, 1.32809, 1.34153, 1.23747, 1.53389, 1.60548, 1.92255, 1.81783, 2.27973, 1.96051, 2.08333, 2.23019, 2.38426
0.38, 0.0319375, 1.73211, 2.1929, 1.86927, 1.19702, 1.19184, 2.19918, 2.16085, 2.58942, 2.44192, 2.10281, 2.22376, 1.94269, 1.42142, 1.64366, 1.84473, 1.18656, 1.25125, 1.48211, 1.9577, 1.55121, 1.31775, 1.33766, 1.41196, 1.71265, 1.88176, 2.10137, 2.04114, 2.13134, 2.33279, 2.23362
0.4, 0.0319375, 1.4582, 1.23793, 1.79252, 2.52969, 2.201, 1.1439, 2.00953, 2.03737, 2.08534, 2.63488, 2.4899, 2.1191, 1.83218, 1.89249, 1.49029, 0.92677, 0.877238, 1.69761, 1.42514, 1.56874, 1.67509, 1.65004, 1.86819, 1.90746, 1.71074, 1.88606, 2.0147, 2.34024, 2.35236, 2.3581
0.42, 0.0319375, 1.77546, 1.50109, 1.20315, 2.31983, 2.47687, 1.98026, 2.3162, 2.14255, 2.47851, 2.21574, 1.72495, 1.48471, 1.61731, 1.29213, 1.19741, 1.62075, 1.27525, 1.0475, 1.52097, 1.93124, 1.36717, 1.27243, 1.29652, 1.46939, 2.14698, 2.23672, 2.00326, 1.80658, 2.21223, 2.21633
0.44, 0.0319375, 1.87403, 0.92676, 1.27861, 1.61671, 2.34191, 2.03387, 2.17117, 2.3749, 2.11875, 2.01825, 2.12034, 1.72253, 2.03965, 2.07609, 1.31439, 1.88579, 1.29429, 1.46637, 1.42432, 1.58811, 1.52082, 1.55941, 1.54641, 1.74738, 1.91473, 1.76178, 1.70455, 2.01448, 1.79034, 2.17271
0.46, 0.0319375, 0.796719, 0.230974, 1.69152, 2.05877, 1.77199, 1.35346, 1.85395, 2.41392, 2.95441, 2.77461, 1.13193, 2.11608, 1.99032, 1.79807, 1.15361, 1.72909, 1.74282, 1.65448, 1.60903, 1.58077, 1.50826, 1.44111, 1.47184, 1.78854, 1.90015, 2.025, 1.71806, 1.76219, 1.79269, 1.89721
0.48, 0.0319375, -0.108681, 1.58738, 1.67106, 2.33994, 1.95506, 2.57771, 1.90095, 1.82201, 2.04705, 1.9673, 2.19266, 2.4388, 1.77263, 1.18452, 1.26722, 1.12403, 1.42368, 1.21985, 1.49065, 1.21398, 1.23913, 1.4234, 1.44305, 1.58551, 1.70944, 1.90077, 1.69704, 1.98692, 2.10926, 1.95381
0.5, 0.0319375, 1.61414, 1.70353, 1.833, 2.40574, 1.92987, 2.68925, 2.8167, 2.15314, 1.97328, 2.22234, 2.07645, 1.97334, 1.89505, 1.91511, 1.66479, 1.33953, 1.5323, 1.22776, 1.21146, 1.24253, 1.28746, 1.05805, 1.25887, 1.59953, 1.85429, 2.01043, 1.91274, 1.92561, 1.99891, 1.94238
0.52, 0.0319375, 1.43407, 1.88644, 2.25018, 1.51729, 2.18021, 1.99961, 2.4852, 2.49567, 2.10823, 2.18352, 1.86796, 1.24021, 1.34303, 1.60598, 1.8794, 1.57864, 1.4026, 1.5307, 1.29623, 1.35709, 1.48062, 1.81081, 1.62217, 1.31736, 1.72062, 1.57008, 2.0385, 2.06204, 2.04664, 2.26273
0.54, 0.0319375, 1.72143, 1.94511, 1.87434, 0.861937, 2.05159, 2.25634, 2.21734, 2.70405, 2.59537, 2.60218, 2.22858, 1.73076, 2.08908, 1.44349, 1.47777, 1.10246, 1.6201, 1.78596, 1.52081, 1.3189, 1.44742, 1.68839, 1.43621, 1.61228, 1.84501, 1.65222, 1.66756, 1.81851, 2.14935, 2.24554
0.56, 0.0319375, 1.99172, 2.17286, 1.97723, 2.31757, 1.98372, 1.69576, 2.15632, 2.74063, 2.99984, 1.89077, 1.64999, 2.33624, 1.69187, 1.71474, 1.38964, 1.6613, 1.59341, 1.22792, 1.32648, 1.33425, 1.78033, 2.06274, 2.05023, 1.6694, 1.98302, 2.05223, 2.1101, 1.9996, 2.05245, 2.23729
0.58, 0.0319375, 1.3538, 1.97897, 2.32711, 1.76843, 1.69679, 1.83653, 2.2671, 2.37868, 2.34395, 2.22356, 2.11513, 1.94846, 1.52221, 1.45952, 1.75367, 1.15176, 1.68533, 1.53783, 1.29291, 1.60808, 1.89335, 1.58706, 1.55732, 1.59528, 1.46493, 1.84269, 1.87645, 2.03228, 2.26184, 2.05227
0.6, 0.0319375, 1.14935, 2.52315, 2.55456, 2.3154, 3.14206, 2.61538, 2.32355, 2.30779, 2.17551, 2.17087, 1.9811, 1.95089, 2.32907, 1.80028, 1.63304, 1.32416, 1.77063, 2.11919, 1.73194, 1.54182, 1.90914, 1.66962, 1.71854, 2.02586, 1.85312, 1.85699, 2.16945, 2.31566, 2.04324, 1.9813
0.62, 0.0319375, 1.02662, 2.32695, 2.59153, 2.01483, 1.849, 2.4974, 2.48342, 2.3991, 2.63602, 2.51518, 1.74139, 1.49961, 1.8034, 2.12813, 1.91433, 1.64826, 1.3845, 1.42461, 1.49466, 1.53451, 1.36538, 1.50924, 1.10069, 1.44367, 1.77908, 1.91853, 1.89257, 2.37106, 1.93002, 2.16991
0.64, 0.0319375, 1.27337, 0.953811, 1.10462, 1.96666, 2.45335, 2.32653, 2.18456, 2.35274, 2.16541, 2.49958, 2.5369, 2.26063, 2.22033, 1.49331, 1.40601, 1.70505, 1.61502, 1.26431, 0.949734, 1.11647, 1.37698, 1.54862, 1.34932, 1.62722, 1.59896, 1.78339, 1.91195, 2.0704, 2.22325, 2.33221
0.66, 0.0319375, 2.01556, 2.26501, 2.1086, 1.33732, 1.6639, 1.89925, 1.99269, 2.33847, 2.61796, 2.11499, 2.05679, 2.58343, 2.50003, 1.7032, 1.41785, 1.65764, 1.89346, 1.43095, 1.22925, 1.16982, 1.20328, 1.48494, 1.86553, 1.88666, 1.86445, 2.10007, 1.9928, 1.99117, 2.10997, 2.30914
0.68, 0.0319375, 1.37279, 2.03283, 2.37968, 1.63046, 1.67478, 2.42112, 1.75261, 2.28819, 2.6971, 2.36345, 2.2031, 2.16976, 2.22169, 1.7476, 1.7562, 1.77653, 1.65667, 1.88264, 1.51459, 1.18855, 1.65568, 1.55953, 1.60793, 1.6478, 1.87139, 1.84414, 1.83463, 1.83791, 1.89171, 2.11976
0.7, 0.0319375, 1.7717, 1.91211, 1.70137, 1.88573, 1.85722, 2.71583, 1.946, 1.74349, 2.25765, 2.53511, 1.86147, 1.86829, 1.8889, 1.80022, 1.45347, 1.67417, 1.47736, 1.4133, 1.31118, 1.27875, 1.3238, 1.63377, 1.9511, 1.46553, 1.76793, 1.99457, 1.74325, 2.27577, 2.07703, 2.19265
0.72, 0.0319375, 1.65628, 1.47324, 2.00741, 2.32066, 1.85287, 1.98923, 2.17663, 1.76177, 2.24978, 2.38317, 1.82931, 1.81713, 2.43477, 1.92158, 1.63383, 1.03643, 1.4791, 1.6119, 1.06539, 1.74673, 1.52598, 1.28699, 1.53106, 1.48804, 1.85531, 2.0564, 2.40002, 2.30781, 2.29425, 2.34821
0.74, 0.0319375, 1.19133, 1.00461, 1.84487, 2.42578, 2.3338, 2.32596, 1.51668, 2.68629, 2.7416, 1.86835, 2.41382, 2.39824, 2.22011, 2.1899, 1.69325, 1.0035, 1.33435, 1.44781, 1.58929, 1.45715, 1.50561, 1.57941, 1.94646, 1.83407, 2.31698, 2.12752, 1.98158, 2.55493, 2.46322, 2.67564
0.76, 0.0319375, 0.918702, 1.82886, 2.60018, 1.56447, 1.79035, 1.947, 2.13893, 2.38335, 2.05981, 2.53981, 2.01908, 2.01809, 1.6952, 1.08607, 1.24884, 1.62226, 1.51471, 1.25596, 1.78233, 1.45485, 1.72879, 1.51327, 1.55311, 1.65388, 1.67622, 1.58659, 1.77984, 1.90642, 2.20298, 2.46403
0.78, 0.0319375, 1.22673, 1.53679, 1.32558, 0.702683, 1.51245, 2.17371, 2.19202, 2.1921, 2.43112, 1.73214, 1.29336, 1.52656, 1.68228, 1.26946, 1.66878, 1.3505, 1.45462, 1.29938, 1.43516, 1.52636, 1.22328, 1.24761, 1.78274, 1.6661, 1.37, 1.55142, 1.9386, 2.12378, 2.05724, 2.13006
0.8, 0.0319375, 1.80143, 2.27966, 2.33499, 2.28824, 2.34814, 1.87771, 1.77595, 2.28827, 2.59199, 2.44561, 1.91892, 2.00658, 1.93507, 1.99741, 1.9787, 1.61481, 1.46607, 1.70475, 1.40922, 1.29073, 1.82021, 1.78825, 1.69349, 1.77419, 1.76485, 1.86282, 2.18572, 2.19911, 1.76457, 1.93997
0.82, 0.0319375, 1.14682, 2.31481, 2.69352, 1.99833, 2.17529, 1.81539, 1.66285, 1.95698, 2.29822, 2.00073, 2.24352, 2.46475, 2.11857, 2.1122, 1.80288, 1.59866, 1.72623, 1.52571, 1.21748, 1.0179, 1.59742, 1.31258, 1.977, 1.88521, 1.56591, 1.602, 1.80442, 1.9316, 2.11996, 2.16817
0.84, 0.0319375, 1.87447, 1.92094, 2.24029, 1.52979, 2.19225, 2.16365, 2.35878, 2.37786, 2.1685, 2.55979, 1.78386, 2.14867, 2.01333, 1.32456, 1.40476, 1.7418, 1.63178, 1.19669, 1.12858, 1.38351, 1.22637, 1.67818, 1.90155, 1.87746, 1.59062, 1.70585, 2.1728, 2.03794, 1.88483, 2.07021
0.86, 0.0319375, 1.84376, 1.74033, 1.85041, 1.9602, 2.1705, 1.98004, 1.94462, 2.15951, 1.91104, 2.20571, 2.17761, 2.54311, 2.05439, 2.13643, 1.6831, 1.70797, 1.63598, 1.41462, 1.60767, 1.51372, 1.39984, 1.66409, 1.56934, 1.63467, 1.67689, 1.39886, 1.81171, 2.08383, 2.06851, 2.41839
0.88, 0.0319375, 1.60781, 1.82631, 2.45208, 2.09895, 2.37067, 2.09186, 2.02883, 2.05329, 2.59435, 2.07858, 2.12919, 2.42495, 1.96311, 1.47276, 1.82118, 1.89761, 1.92371, 1.20744, 1.64272, 1.47121, 1.63257, 1.60065, 1.95082, 1.74189, 2.00058, 2.34945, 2.18196, 2.41585, 2.21404, 2.51121
0.9, 0.0319375, 1.62666, 1.60594, 2.08923, 2.44441, 2.47628, 2.35538, 2.4034, 2.26692, 2.01959, 2.05716, 1.92977, 2.31749, 1.83371, 1.95504, 1.69287, 1.30958, 1.20651, 1.5547, 1.27394, 1.73557, 1.23232, 1.30148, 1.69206, 1.94368, 1.70442, 1.84757, 1.77824, 2.10607, 2.155, 2.05481
0.92, 0.0319375, 1.64264, 2.08996, 2.03203, 2.3626, 2.39757, 2.23741, 2.51214, 2.54593, 1.70483, 1.97847, 1.97196, 2.51306, 1.98711, 1.56416, 1.57577, 1.74384, 2.12325, 2.05178, 1.35178, 1.34754, 1.49693, 1.32976, 1.42333, 1.98948, 1.72624, 1.51368, 1.48562, 1.9143, 2.01502, 1.97437
0.94, 0.0319375, 1.89649, 2.11396, 2.54338, 2.65534, 2.3898, 2.25946, 2.58413, 2.29159, 2.00711, 2.27552, 2.38063, 2.01084, 1.54291, 1.92445, 1.96113, 1.34735, 1.5242, 1.40599, 1.35072, 1.5322, 1.6903, 1.71839, 1.54745, 2.11007, 1.87926, 1.6415, 1.96949, 2.053, 2.04904, 2.20539
0.96, 0.0319375, 1.02701, 1.54513, 1.81873, 1.03213, 1.2525, 2.11308, 1.95959, 2.50578, 2.34598, 2.33182, 1.95996, 1.62505, 1.87917, 1.89637, 1.55583, 1.30066, 1.53436, 1.23417, 1.33538, 1.37151, 1.44583, 1.16673, 1.51994, 1.6168, 1.49612, 1.85928, 1.7329, 2.00224, 1.87641, 2.04642
0.98, 0.0319375, 1.8786, 2.37048, 2.22067, 2.01851, 2.44729, 2.14182, 2.09459, 1.9193, 1.68354, 2.65687, 1.9772, 2.35485, 1.94793, 1.54838, 1.4057, 1.39111, 1.03636, 0.896904, 1.10782, 1.22446, 1.1625, 1.63144, 1.43915, 1.40967, 1.68306, 1.56311, 1.90678, 2.04653, 1.98286, 2.06595
1, 0.0319375, 1.27536, 1.62949, 1.90693, 1.22675, 2.12202, 1.94462, 2.35737, 2.2423, 2.47066, 2.59689, 2.26458, 1.92195, 1.67632, 1.96188, 1.98722, 1.63736, 1.544, 1.26158, 1.40664, 1.5675, 1.70268, 1.60582, 1.62823, 1.92898, 1.85956, 2.04442, 1.95726, 2.02559, 2.16575, 2.33951
1.02, 0.0319375, 1.72821, 1.39278, 2.03595, 2.47683, 2.2417, 1.97316, 2.21039, 2.08346, 2.62863, 2.03343, 2.1679, 2.33921, 2.10599, 1.58152, 1.51024, 1.49806, 1.82215, 1.70181, 1.43247, 1.8144, 1.74743, 1.72825, 1.54942, 1.771, 1.82885, 1.88447, 2.16762, 2.00158, 1.84287, 2.13459
1.04, 0.0319375, 1.63194, 2.44462, 2.02937, 1.69495, 1.78987, 1.94136, 1.85081, 2.71257, 2.29315, 2.61269, 2.30827, 2.08063, 2.08069, 1.80354, 1.1737, 0.917231, 1.73499, 1.29717, 1.17392, 1.27796, 1.4188, 1.18497, 1.41761, 1.52813, 1.60507, 1.87954, 1.92737, 1.81118, 2.06759, 2.09138
1.06, 0.0319376, 1.86881, 2.47356, 3.31567, 2.02102, 1.99929, 2.3769, 1.34432, 1.97697, 2.08943, 2.66435, 2.767, 2.8534, 1.91698, 1.76577, 1.79249, 2.0004, 1.67672, 1.81484, 1.56055, 1.01782, 1.12243, 1.66501, 1.89991, 1.80266, 1.70129, 2.06618, 1.79469, 2.05326, 2.11659, 2.13453
1.08, 0.0319375, 1.96338, 2.4698, 1.81894, 1.58735, 2.05023, 2.45676, 2.49817, 2.54224, 2.44793, 1.93602, 2.07877, 2.29363, 2.18544, 1.51349, 1.74784, 1.57604, 2.06165, 1.75072, 1.67511, 1.36839, 1.34224, 1.54345, 1.67686, 1.55655, 1.69379, 1.65939, 2.00179, 1.9041, 2.05641, 2.1781
1.1, 0.0319375, 1.71191, 1.2598, 2.22993, 2.05806, 1.78773, 1.65813, 1.86458, 2.46356, 2.52038, 2.31837, 2.02798, 2.55571, 1.53358, 1.66681, 1.50031, 1.53359, 1.88303, 1.68613, 1.32939, 1.31165, 1.35411, 1.66987, 1.58827, 1.69917, 1.86761, 1.77833, 2.00189, 2.28876, 2.12291, 2.02699
1.12, 0.0319375, 2.03301, 0.965073, 1.79822, 1.93956, 1.67259, 1.90082, 2.4581, 2.16497, 2.85286, 2.21344, 2.20657, 2.28631, 1.78283, 2.01593, 1.79334, 1.60015, 1.57274, 0.962078, 1.65566, 1.14961, 0.871213, 1.43746, 1.75693, 1.56746, 1.38884, 1.66857, 1.97066, 2.02468, 2.24392, 2.57232
1.14, 0.0319375, 1.42918, 0.876508, 1.3946, 1.81282, 2.48665, 1.87504, 2.32659, 2.03701, 2.19622, 2.12897, 1.86914, 2.01715, 2.15538, 1.66568, 1.56966, 1.86151, 1.47863, 1.22902, 1.50815, 1.09157, 1.31549, 1.74149, 2.02076, 1.7292, 1.74896, 1.6225, 1.97575, 1.63514, 1.79528, 2.07935
1.16, 0.0319375, 2.03933, 2.49207, 1.95838, 2.00158, 1.6877, 1.79818, 2.28265, 2.46612, 2.47195, 1.89574, 1.61356, 1.98199, 2.09251, 1.91319, 1.66219, 1.73323, 1.22363, 1.31446, 1.53736, 1.27718, 1.55539, 1.31302, 1.19398, 1.06659, 1.24038, 1.60264, 1.4828, 1.9523, 2.1169, 1.92846
1.18, 0.0319376, 2.00001, 1.3981, 1.49684, 1.25645, 1.66649, 1.77951, 1.60439, 2.03907, 2.26412, 2.09231, 2.06239, 1.903, 1.56206, 1.64099, 1.16246, 1.32135, 1.48414, 1.58572, 1.1698, 1.03147, 1.18975, 1.57485, 1.61776, 1.30288, 1.38806, 1.3811, 1.87817, 1.74411, 2.12623, 2.35609
1.2, 0.0319375, 1.10298, 1.58862, 1.57837, 1.66196, 1.93094, 1.96888, 1.57317, 2.15517, 2.33025, 1.95056, 2.71731, 2.03721, 1.60441, 1.78498, 1.56665, 1.54746, 2.05872, 1.88374, 1.56874, 0.849842, 1.43755, 1.50228, 1.8772, 1.82874, 1.89534, 1.57194, 1.9342, 2.43146, 2.38993, 2.59864
1.22, 0.0319375, 2.13298, 2.30514, 2.18583, 1.36721, 2.05688, 1.95411, 2.26638, 2.63506, 2.80246, 2.65708, 2.65397, 2.22306, 2.23283, 1.62904, 1.62246, 1.3296, 1.25565, 1.3068, 1.4413, 1.49876, 1.44624, 1.78411, 1.69938, 1.43293, 1.95365, 1.73276, 1.85054, 2.06543, 2.02723, 2.3945
1.24, 0.0319375, 1.32697, 1.66749, 1.89988, 1.25799, 1.00349, 1.38742, 2.15074, 2.47732, 2.8377, 2.68745, 2.58364, 2.14197, 1.54134, 2.01348, 1.79221, 1.62505, 1.40244, 1.38811, 0.894469, 1.24733, 1.73758, 1.89154, 1.59327, 1.6841, 1.68354, 1.4538, 1.65481, 1.99949, 2.13935, 1.9498
1.26, 0.0319375, 1.68478, 1.65215, 2.42227, 2.38039, 2.61943, 1.91777, 2.08537, 1.9911, 2.25376, 2.50365, 2.28786, 1.83211, 1.84302, 1.39193, 1.45185, 1.51536, 1.74451, 1.51397, 1.51546, 1.30633, 1.84284, 1.63175, 1.53437, 1.94167, 1.84522, 1.70108, 1.73341, 1.87453, 1.55483, 2.22024
1.28, 0.0319375, 1.14923, 1.55077, 2.17403, 2.02776, 2.19074, 1.52048, 2.59109, 3.04198, 2.38436, 2.03208, 1.78285, 2.05637, 2.07488, 1.79648, 1.34796, 1.70171, 1.35847, 1.51901, 1.6256, 1.47029, 1.75922, 1.62765, 1.92581, 1.54492, 1.82028, 1.94948, 1.99835, 1.92686, 2.15567, 2.3178
1.3, 0.0319376, 1.9727, 2.17096, 2.2898, 1.81468, 2.18727, 2.58416, 2.20784, 2.16669, 2.46921, 2.28776, 2.13662, 2.28804, 2.11003, 2.18404, 1.71113, 1.69187, 2.123, 1.72193, 1.18164, 1.56355, 1.35036, 1.40588, 1.56832, 1.86765, 1.97078, 1.85084, 2.17362, 2.22439, 2.22278, 2.14462
1.32, 0.0319375, 2.21693, 2.14681, 2.47677, 1.67531, 2.40657, 2.12607, 2.20002, 2.34543, 2.68895, 2.43099, 1.7528, 1.55703, 2.12529, 2.26671, 1.7655, 1.77033, 1.79326, 1.66304, 1.48306, 1.2671, 1.67841, 1.74387, 1.57816, 1.52494, 1.92631, 1.75442, 1.86373, 2.18314, 2.25647, 2.11315
1.34, 0.0319375, 1.64877, 2.10898, 1.87809, 2.18379, 2.30627, 2.28699, 1.88394, 2.4074, 3.0724, 2.7571, 2.57123, 2.08255, 1.87366, 2.36069, 2.13054, 1.21658, 1.2375, 1.26001, 1.50772, 1.47517, 1.3997, 1.12866, 1.73845, 1.49829, 1.65261, 2.14085, 2.30349, 2.32743, 2.33298, 2.30649
1.36, 0.0319375, 0.898349, 2.22259, 2.15665, 2.19777, 1.82938, 2.27012, 1.74711, 2.30673, 2.43768, 1.87559, 1.84592, 1.96107, 2.30713, 2.09201, 1.51625, 1.48838, 1.92963, 1.82499, 1.36503, 1.33558, 1.34606, 1.59271, 1.71457, 1.79319, 1.70156, 1.89432, 2.15939, 1.97734, 1.70251, 2.41024
1.38, 0.0319375, 1.30077, 1.98048, 2.447, 2.30493, 2.41104, 2.18293, 1.52678, 2.4016, 1.79115, 1.9141, 1.23579, 1.9119, 2.01782, 2.34051, 1.55209, 1.61589, 1.50139, 1.55541, 1.72689, 1.57679, 1.55383, 1.37935, 1.72297, 1.78073, 2.11784, 1.93741, 2.0377, 2.36289, 2.24868, 2.02093
1.4, 0.0319375, 0.76907, 1.82807, 2.14026, 1.78198, 1.57475, 1.83557, 1.58939, 2.03686, 2.7349, 2.91796, 2.02444, 1.87945, 2.13145, 1.70827, 1.77827, 1.4337, 1.5809, 1.62564, 1.49624, 1.69961, 1.08293, 1.13742, 1.80544, 1.61448, 1.79372, 2.02372, 2.04179, 1.90097, 2.10966, 2.32875
1.42, 0.0319376, 1.8433, 0.641995, 1.26639, 1.84862, 1.53909, 2.79116, 2.15241, 1.74746, 2.14649, 2.38708, 2.14464, 2.29081, 1.95207, 1.71023, 1.35338, 1.56018, 1.66973, 1.65411, 1.68915, 1.54339, 1.53525, 1.59874, 1.64252, 1.65268, 1.82034, 2.20945, 2.06, 2.09878, 2.17583, 2.05483
1.44, 0.0319375, 1.81208, 1.78105, 2.01157, 2.26539, 2.01601, 2.29891, 2.53469, 2.77011, 2.64354, 2.05274, 1.97682, 2.37098, 1.87786, 1.60054, 2.04473, 1.34437, 1.45648, 1.98019, 1.67973, 1.30485, 1.50747, 1.22731, 1.45674, 1.60425, 1.33799, 1.54056, 1.92039, 1.9679, 2.28292, 2.25236
1.46, 0.0319375, 1.11661, 1.57816, 2.19361, 2.14668, 1.85102, 2.13571, 2.03279, 2.94419, 2.5709, 2.0699, 2.0745, 2.26512, 1.94878, 1.8484, 1.58861, 1.55386, 1.69016, 1.55906, 1.41417, 1.11838, 1.14495, 1.27585, 1.54913, 1.59477, 2.07615, 2.00931, 1.98921, 2.35978, 2.59443, 2.30893
1.48, 0.0319375, 1.26467, 2.29271, 2.1038, 2.68637, 2.35055, 2.0181, 1.79218, 1.97024, 2.48718, 1.95907, 2.32144, 1.9687, 1.55211, 1.70541, 1.4854, 1.49286, 1.60877, 1.96763, 0.969168, 1.05354, 1.44383, 1.59121, 1.71685, 1.23683, 1.99482, 1.75078, 2.13926, 2.32345, 2.45316, 2.30324
1.5, 0.0319375, 1.7791, 1.57279, 1.72864, 1.71559, 2.33166, 2.01124, 1.7666, 1.77735, 1.63169, 1.91668, 2.17688, 2.00344, 1.65222, 1.70808, 1.78645, 1.8921, 1.46635, 1.59087, 1.46011, 1.62023, 1.654, 1.84045, 1.58038, 1.75499, 1.76809, 1.68753, 1.94339, 1.91067, 2.1423, 2.50859
1.52, 0.0319375, 1.80681, 0.789063, 1.49804, 2.17667, 1.82188, 1.83607, 2.28323, 2.69719, 2.21628, 2.25358, 2.26291, 1.39123, 1.49306, 1.60596, 1.70947, 1.57118, 1.89457, 1.27321, 1.2134, 1.29771, 1.55916, 1.7452, 1.66422, 1.64718, 1.82849, 1.64956, 1.98691, 1.91971, 1.79028, 2.05972
1.54, 0.0319375, 1.13747, 0.981504, 1.50533, 2.667, 2.3727, 2.82186, 2.05913, 2.25265, 2.47359, 2.20943, 2.43251, 2.2709, 2.3572, 1.70153, 1.65322, 1.81569, 1.73932, 1.62758, 1.4842, 1.66366, 1.30736, 1.32216, 1.46109, 1.65802, 2.01471, 2.14501, 1.98284, 1.91484, 1.99441, 2.21569
1.56, 0.0319376, 1.33262, 1.578, 1.85968, 2.15492, 2.55815, 2.28411, 1.69619, 2.14763, 2.8999, 2.50226, 2.49055, 2.05064, 1.60189, 1.54564, 1.46517, 1.57667, 1.81284, 1.80606, 1.57925, 1.86772, 1.59806, 1.4877, 1.62524, 1.76155, 1.57467, 1.89805, 2.02596, 2.18221, 1.85587, 1.95656
1.58, 0.0319375, 1.43574, 2.26131, 2.20454, 2.63944, 2.45666, 2.14165, 1.18261, 2.07671, 2.22484, 2.29007, 2.02616, 1.57891, 2.06713, 1.99635, 1.94562, 1.88891, 1.978, 1.65667, 1.88175, 1.56484, 1.02731, 1.47868, 1.81557, 2.05267, 2.12983, 2.00911, 1.84932, 2.14443, 2.3027, 2.23253
1.6, 0.0319375, 1.85458, 2.00274, 2.0615, 2.5941, 2.13191, 2.51891, 2.51969, 2.56028, 2.3291, 2.35094, 1.15339, 1.51324, 1.68722, 1.93484, 0.84386, 1.48084, 1.25253, 1.72522, 1.46767, 1.38354, 1.39052, 1.80334, 1.16886, 1.21678, 1.49086, 1.79053, 1.75994, 2.06146, 2.1048, 2.42909
1.62, 0.0319375, 0.895076, 1.59334, 1.89748, 2.24861, 2.81487, 2.18794, 2.51541, 2.61123, 2.66096, 2.16881, 2.12925, 1.88991, 1.88733, 2.36281, 1.98552, 1.81729, 1.57819, 1.8599, 1.80498, 1.57394, 1.38816, 1.48295, 1.59774, 1.49047, 1.98557, 1.90104, 1.84969, 1.906, 2.00238, 2.20276
1.64, 0.0319375, 1.39828, 1.912, 2.38977, 2.80185, 2.97136, 2.23966, 1.72543, 2.32596, 2.45198, 2.3017, 2.71893, 2.31396, 1.61051, 2.12665, 1.59399, 1.63293, 2.02489, 1.57999, 1.6291, 1.27618, 1.21511, 1.63614, 1.36553, 1.89376, 2.03619, 1.65807, 2.13884, 2.16248, 2.3147, 2.41102
1.66, 0.0319375, 1.72093, 2.36515, 2.51697, 2.12095, 2.6761, 2.14129, 1.89157, 2.29752, 1.88782, 1.61728, 1.96358, 1.97253, 2.44364, 2.15376, 1.28602, 1.20084, 1.71959, 1.42804, 1.528, 1.31422, 1.36592, 1.76286, 1.79584, 1.66422, 1.80665, 2.07353, 2.05339, 2.18864, 2.44658, 2.52972
1.68, 0.0319376, 1.53179, 1.48787, 1.98629, 2.14887, 1.70169, 1.97177, 1.5599, 2.21223, 2.42451, 2.06182, 1.40923, 2.40062, 2.30749, 1.95133, 1.49715, 1.52915, 1.53962, 1.48605, 1.22205, 1.63873, 1.80696, 1.62191, 1.45665, 1.53023, 1.84661, 1.69844, 2.11508, 1.61254, 1.86304, 1.90266
1.7, 0.0319375, 1.37118, 1.27988, 1.1682, 1.65252, 2.42053, 2.54553, 2.4272, 1.87569, 2.53734, 2.24033, 2.27807, 1.92756, 1.95478, 1.27574, 1.67614, 1.49071, 1.78203, 1.70587, 1.54364, 1.47867, 1.30634, 1.50589, 1.70982, 2.08677, 1.97888, 1.90859, 1.36774, 1.53083, 2.1816, 2.00939
1.72, 0.0319375, 1.30681, 1.69319, 1.21228, 1.06919, 2.36678, 2.65995, 2.52233, 2.63744, 2.69089, 1.67141, 1.8616, 1.88418, 2.03352, 1.77716, 1.8367, 1.33684, 1.18906, 1.12926, 1.25919, 1.46035, 1.34678, 0.98761, 1.42299, 1.76962, 1.47583, 1.29649, 2.06061, 2.16923, 2.24688, 2.33054
1.74, 0.0319375, 0.840392, 2.149, 2.51832, 2.24896, 2.1034, 2.15657, 1.98577, 1.94702, 1.92598, 2.14781, 1.6274, 2.17477, 1.92765, 1.60244, 1.97236, 1.90651, 1.80356, 1.45875, 1.27249, 1.5499, 1.38984, 1.50411, 1.48182, 1.57513, 1.90273, 1.52175, 1.72013, 2.0339, 2.20144, 2.15565
1.76, 0.0319375, 1.2246, 1.97173, 1.96857, 0.842433, 2.36484, 1.72934, 1.71153, 1.59337, 2.00869, 2.53488, 1.84236, 1.83498, 1.90007, 1.40656, 1.24334, 1.33497, 1.3167, 1.38933, 1.41409, 1.29369, 1.41976, 1.24968, 1.92188, 1.89042, 2.11001, 1.72079, 1.65782, 1.94487, 2.11537, 2.24094
1.78, 0.0319375, 0.707284, 1.37614, 1.32619, 1.90534, 2.58842, 2.56872, 2.39292, 2.10963, 2.23469, 2.34202, 2.239, 2.18286, 2.19581, 2.24189, 1.72948, 1.71326, 1.51631, 1.77575, 1.61543, 1.4251, 1.34022, 1.25417, 1.29745, 1.17644, 1.49039, 1.71125, 2.19063, 2.32992, 2.13246, 1.87972
1.8, 0.0319376, 1.57187, 2.30362, 2.32742, 2.16936, 3.14688, 2.75527, 2.16367, 2.53478, 2.61527, 2.01702, 2.01537, 1.87882, 1.27399, 1.82154, 1.77409, 1.38458, 1.18591, 1.67346, 0.923291, 1.23762, 1.56499, 1.85, 1.45917, 1.60225, 1.70329, 1.75636, 1.80896, 1.93893, 1.80219, 1.77504
1.82, 0.0319375, 1.83319, 1.36424, 2.05272, 2.15125, 2.90023, 2.17109, 1.91851, 2.49669, 2.68577, 2.51863, 2.20262, 1.88447, 2.07602, 2.13139, 1.37686, 1.56025, 1.68304, 1.61053, 1.32341, 1.12639, 1.23643, 1.51434, 1.68673, 1.67338, 1.79823, 1.5643, 1.93678, 2.00324, 2.22522, 2.13281
1.84, 0.0319375, 1.13012, 1.38332, 2.11935, 1.72368, 2.18946, 2.12842, 2.1109, 2.69479, 2.48042, 1.94217, 1.61316, 1.65948, 1.80112, 1.52898, 1.11648, 1.36625, 1.60555, 1.02404, 1.06902, 1.34324, 1.20894, 1.37033, 1.25776, 1.56384, 1.54607, 1.92971, 1.81269, 1.64918, 2.11049, 2.48283
1.86, 0.0319375, 1.3126, 2.08543, 2.4697, 2.70559, 2.60247, 2.23625, 2.41757, 2.03362, 1.69232, 2.15641, 1.88772, 1.86267, 1.62556, 1.16508, 1.46562, 1.46151, 1.33951, 0.771051, 1.3812, 1.21991, 1.36749, 1.5064, 1.62568, 1.48561, 1.88425, 1.62416, 1.52788, 1.96933, 2.20569, 2.20365
1.88, 0.0319375, 2.19793, 1.38997, 1.9424, 2.44262, 2.18617, 1.98599, 2.31164, 2.02938, 2.38536, 1.69973, 1.94066, 1.87248, 1.53969, 1.76204, 1.93782, 1.3693, 1.36426, 1.49443, 1.45152, 1.48112, 1.33626, 1.33937, 1.65268, 1.80639, 1.82662, 1.93583, 2.07606, 2.01455, 1.97104, 2.36142
1.9, 0.0319375, 2.0295, 2.0298, 1.18415, 2.35085, 3.07981, 2.67418, 1.25247, 1.79846, 2.35127, 2.04781, 2.55674, 1.91836, 2.11619, 2.00169, 1.64059, 1.67705, 1.37205, 1.33514, 1.09859, 1.25767, 1.46377, 1.43195, 1.2992, 1.42905, 1.66029, 1.58529, 1.70237, 2.00914, 2.00991, 2.3126
1.92, 0.0319376, 1.96313, 1.91543, 1.35801, 2.12064, 2.18308, 0.834927, 1.58612, 2.23533, 2.4276, 2.32299, 2.68206, 2.19431, 1.8562, 1.83789, 1.49107, 1.61918, 1.44416, 1.55795, 1.35241, 1.19476, 1.09437, 1.33639, 1.09335, 1.13309, 2.1157, 1.86997, 1.47168, 1.7787, 2.16742, 1.94061
1.94, 0.0319375, 0.805991, 2.08207, 1.6438, 1.92575, 1.7472, 1.95169, 1.84711, 2.43174, 2.765, 2.2952, 2.00327, 1.5432, 1.90374, 1.74327, 1.53847, 1.54296, 1.44966, 1.30647, 1.66158, 1.45577, 1.35091, 0.957663, 1.75799, 1.43069, 1.56538, 1.72792, 1.81945, 2.01397, 2.0487, 2.01425
1.96, 0.0319375, 1.167, 1.78061, 1.01471, 1.38776, 2.51582, 2.53381, 1.96417, 2.54772, 1.65429, 2.07726, 2.35105, 1.68511, 1.51062, 1.3044, 1.24398, 1.17628, 1.02966, 1.12872, 1.4232, 1.59118, 1.60309, 0.965311, 1.608, 1.69093, 1.59073, 1.60291, 1.90068, 2.01032, 1.8995, 1.92539
1.98, 0.0319376, 1.12945, 1.68313, 2.02854, 1.65122, 1.89421, 2.14094, 1.56526, 2.06946, 2.33657, 1.84305, 1.69394, 2.01477, 1.89718, 1.61432, 1.53488, 1.44622, 1.67459, 1.10771, 1.5464, 1.28982, 1.4245, 1.65002, 1.81836, 1.57483, 1.84402, 1.3944, 1.64518, 1.5386, 2.03003, 1.98833
2, 0.0319376, 2.0032, 2.14208, 2.02808, 1.75054, 2.27048, 1.88258, 1.56926, 1.83597, 2.22826, 1.81787, 1.72266, 1.98808, 1.95552, 1.8562, 1.09582, 1.78038, 1.34943, 1.32428, 1.36886, 0.99143, 1.19822, 1.29377, 1.57141, 1.48108, 1.51198, 1.33468, 1.70656, 1.92328, 1.82261, 1.84034
2.02, 0.0319376, 1.79137, 1.99961, 1.97189, 2.50644, 2.23622, 2.25646, 2.595, 2.28719, 2.45755, 2.19538, 2.09635, 1.9514, 1.64741, 1.27948, 1.47201, 1.2657, 1.38039, 1.26076, 1.06901, 1.35816, 1.12466, 1.49658, 1.43673, 1.54048, 1.57007, 1.72092, 1.94291, 1.84712, 2.31499, 2.0936
2.04, 0.0319376, 1.2388, 1.35233, 1.39507, 1.7527, 1.82184, 1.46021, 2.37167, 2.05496, 2.63826, 2.27814, 1.45536, 1.06632, 1.27397, 2.12314, 1.30948, 1.14086, 1.03284, 1.38916, 1.32055, 1.62472, 1.35138, 1.35566, 1.89403, 1.49238, 1.8477, 1.81579, 1.81993, 2.01376, 2.12864, 2.13825
2.06, 0.0319376, 1.22991, 1.58939, 1.11924, 1.17661, 2.03578, 2.06192, 2.0194, 2.19187, 2.36937, 2.11683, 1.97826, 1.60424, 1.87521, 1.99703, 1.48947, 1.35208, 1.11514, 1.47428, 1.66512, 1.4466, 1.41177, 1.63017, 1.62083, 1.61553, 1.34998, 1.40145, 1.96161, 1.9204, 1.88105, 2.15845
2.08, 0.0319376, 1.86606, 2.14677, 1.96205, 2.02534, 1.86716, 2.08176, 2.39319, 2.18144, 2.61981, 2.17551, 2.4173, 2.10521, 1.86655, 2.17892, 1.47063, 1.17452, 1.45131, 1.3312, 1.24383, 1.09613, 1.28468, 1.30196, 1.18814, 1.40475, 2.01079, 1.55473, 1.8563, 1.98507, 2.25474, 2.26601
2.1, 0.0319376, 1.34254, 1.79632, 1.41547, 1.67436, 2.78196, 2.13593, 2.311, 2.08566, 2.17237, 2.33134, 2.17899, 1.92651, 2.04056, 2.06042, 1.25413, 1.30599, 1.02253, 1.29047, 1.2811, 1.3642, 1.22743, 1.38466, 1.40986, 1.36254, 1.94817, 1.65525, 1.95918, 1.84013, 1.80206, 2.04168
2.12, 0.0319376, 0.171558, 1.58042, 1.67127, 2.31214, 2.05392, 2.12009, 2.03369, 2.1775, 2.1104, 2.0724, 1.79269, 1.84956, 1.76666, 2.08891, 1.5574, 1.47327, 1.65025, 1.41257, 1.7962, 1.30825, 1.19707, 1.02735, 1.22519, 1.55061, 1.70125, 2.26043, 2.03324, 2.12995, 2.14023, 2.04189
2.14, 0.0319374, 1.77364, 2.03641, 1.37146, 1.62815, 1.80485, 2.48276, 2.37809, 2.44927, 2.9349, 2.84178, 1.75465, 0.789347, 1.66288, 2.00059, 1.56929, 1.52581, 0.962983, 1.16037, 0.846448, 1.12799, 1.14213, 1.42079, 1.50062, 1.83717, 1.73954, 1.86427, 1.99098, 1.90024, 2.03575, 2.09678
2.16, 0.0319374, 1.56491, 2.33089, 1.91243, 2.23894, 2.48075, 1.99185, 2.25547, 2.24645, 1.94249, 1.52402, 2.08588, 2.25033, 1.58371, 1.70679, 1.26086, 1.44995, 1.40709, 1.4466, 1.14578, 1.01965, 1.42504, 1.04221, 1.11705, 1.2527, 1.61922, 1.75008, 1.61427, 1.74732, 1.85131, 2.10215
2.18, 0.0319374, 0.825043, 2.05825, 2.36153, 2.05861, 2.41719, 2.20064, 1.78909, 2.18423, 2.33183, 2.28956, 2.14832, 1.93961, 1.60635, 1.97618, 1.7423, 1.29156, 1.21865, 1.15059, 1.20431, 1.55812, 1.32248, 1.37041, 1.6477, 1.67566, 1.43849, 1.84649, 2.05593, 1.93212, 2.16361, 1.88313
2.2, 0.0319374, 1.35081, 1.95623, 1.88493, 2.16926, 2.50877, 2.29038, 1.65805, 2.16742, 2.46066, 2.27998, 2.29005, 1.87966, 1.74883, 1.49029, 1.10875, 1.13016, 1.04913, 1.30277, 1.476, 1.15272, 0.910542, 1.27109, 1.56564, 1.42784, 1.5603, 1.79355, 1.68535, 1.70581, 2.00073, 2.27451
2.22, 0.0319374, 0.511573, 1.455, 0.872928, 1.49489, 2.02262, 1.74659, 1.45242, 2.25551, 2.20312, 2.15948, 1.52437, 1.28975, 1.33126, 1.7924, 1.16423, 1.39784, 1.30335, 1.40743, 1.5459, 1.14427, 1.55859, 1.11991, 1.23466, 1.70234, 1.66092, 1.52756, 1.489, 1.65091, 2.06605, 2.1818
2.24, 0.0319376, 1.09753, 1.44287, 1.76962, 1.64968, 2.38075, 1.29784, 1.84015, 2.14997, 2.60699, 2.45338, 2.00567, 1.97379, 1.95075, 2.03346, 1.69586, 1.50048, 1.32557, 0.892655, 1.0787, 1.26305, 1.40098, 1.43457, 1.56994, 1.7304, 1.69809, 1.7466, 2.05313, 1.84527, 2.04683, 2.12772
2.26, 0.0319376, 0.359634, 1.66432, 1.27073, 1.0705, 1.52025, 2.14942, 1.71236, 1.98069, 2.26567, 1.94844, 1.89461, 1.76182, 1.89408, 1.75413, 1.20546, 1.22459, 1.04605, 0.897119, 1.0666, 1.16057, 1.17855, 1.38249, 1.47946, 1.77301, 2.04519, 1.90416, 1.82824, 1.9842, 2.12183, 1.92547
2.28, 0.0319376, 1.06827, 1.70733, 1.08694, 1.78266, 1.75836, 1.57505, 1.88129, 2.55063, 2.26143, 1.82088, 1.30439, 1.93986, 1.8845, 1.79436, 1.54914, 1.49726, 1.37302, 1.25452, 1.4103, 0.999853, 1.57669, 1.13254, 1.3323, 1.3835, 1.75025, 1.9163, 2.07869, 2.28267, 2.26792, 2.29409
2.3, 0.0319376, 1.46775, 1.48291, 2.09213, 2.00315, 2.50729, 2.06348, 1.81089, 2.1719, 2.00197, 2.26704, 1.90766, 1.45228, 1.49523, 1.53825, 1.6059, 1.30879, 1.1045, 1.63069, 1.64503, 1.26126, 1.18564, 1.40225, 1.45093, 1.54315, 1.99601, 1.87245, 2.2048, 2.32976, 2.34523, 2.36378
2.32, 0.0319376, 0.939785, 1.6228, 1.61417, 1.03355, 2.41694, 2.42202, 2.15482, 1.47559, 2.11989, 2.86134, 2.19581, 1.9186, 2.07594, 2.12135, 1.62275, 1.50961, 1.57741, 1.31456, 1.39809, 1.17039, 1.64446, 1.56504, 1.58122, 1.74196, 1.82322, 1.64998, 1.80185, 1.70349, 2.10651, 2.07708
2.34, 0.0319376, 1.55682, 1.73378, 2.04776, 2.14265, 2.73599, 1.90274, 1.84634, 2.43362, 2.37785, 2.62363, 2.36229, 2.26807, 1.50923, 1.94829, 1.88662, 1.28104, 1.04432, 1.33232, 1.33875, 1.60767, 1.74155, 1.24061, 1.7348, 1.70392, 1.78076, 1.96499, 2.06784, 1.93773, 1.92694, 2.10163
2.36, 0.0319376, 0.877122, 1.91478, 2.29109, 2.16579, 2.281, 2.27306, 2.4698, 2.15814, 2.41519, 1.97961, 1.65737, 1.76041, 1.46186, 1.21381, 1.71702, 1.59504, 1.68746, 1.31653, 1.14396, 1.31792, 1.57276, 1.5741, 1.7075, 1.60402, 1.66464, 1.71406, 1.93581, 2.12487, 2.07562, 2.16373
2.38, 0.0319374, 1.3711, 1.56916, 2.20169, 1.80058, 1.7161, 1.73094, 1.59443, 2.36293, 2.07042, 2.35113, 2.04223, 1.5316, 1.52641, 1.8501, 1.78802, 1.31002, 1.48044, 1.34895, 1.12411, 1.41919, 1.56841, 1.51762, 1.52285, 1.52251, 1.7206, 1.60812, 2.27843, 2.28223, 2.05136, 2.28086
2.4, 0.0319374, 0.578445, 2.26085, 1.85187, 1.23942, 2.43773, 2.40652, 1.96461, 1.79973, 2.44318, 2.25525, 1.51437, 1.88328, 1.52664, 1.65433, 1.54124, 1.34105, 1.1966, 1.40149, 1.46558, 1.71045, 1.42853, 0.934821, 1.79839, 1.35864, 1.87005, 1.95925, 1.99477, 1.87356, 1.88226, 2.16294
2.42, 0.0319374, 0.320462, 1.11061, 1.53482, 1.25096, 1.69266, 1.6171, 1.951, 1.77901, 2.52138, 2.40577, 2.00036, 1.84287, 1.74946, 1.58949, 1.47195, 1.41718, 1.16767, 1.15648, 1.73205, 1.51671, 1.39092, 1.3771, 1.41134, 1.49867, 1.35425, 1.58618, 1.90717, 2.02427, 2.07845, 2.02115
2.44, 0.0319374, 1.72561, 1.97202, 1.52091, 1.88154, 1.87732, 1.8504, 1.99192, 2.59977, 2.19154, 1.74102, 1.56451, 1.89948, 1.55095, 1.43666, 1.20196, 1.28334, 0.849872, 1.04487, 0.933449, 1.07709, 1.08556, 1.21369, 1.54079, 1.39424, 1.66667, 1.67645, 1.63733, 1.95639, 2.01454, 1.99533
2.46, 0.0319374, 0.70761, 0.67838, 0.829238, 1.07234, 1.01771, 2.12528, 1.78742, 1.64639, 2.4876, 2.39295, 1.67644, 1.87408, 1.40741, 1.54834, 1.41224, 1.2785, 1.09386, 0.732857, 1.10969, 1.65689, 1.40671, 1.35751, 1.49521, 1.70506, 1.40962, 1.53502, 1.8003, 1.83113, 1.85054, 2.14542
2.48, 0.0319376, 1.1859, 1.42772, 1.5677, 1.49911, 1.80134, 2.05238, 2.20929, 2.01348, 2.44502, 1.65839, 1.28972, 1.8957, 1.71691, 1.57265, 1.59656, 1.41807, 0.999712, 1.19614, 1.60613, 1.69643, 1.30325, 1.30807, 1.63149, 1.58071, 1.63857, 1.7071, 1.95191, 1.733, 1.87954, 1.83366
2.5, 0.0319376, 1.09503, 1.44279, 1.95928, 2.28337, 2.88608, 2.02505, 1.78202, 2.21047, 2.26132, 2.40314, 1.85452, 2.05606, 1.80109, 1.79428, 1.30831, 1.51822, 1.23928, 1.50102, 1.31215, 1.02058, 1.03518, 1.39572, 1.20277, 1.45791, 1.2266, 1.41335, 1.49492, 1.88285, 2.2495, 1.98116
2.52, 0.0319376, 0.791922, 0.958817, 1.26284, 1.79085, 1.51563, 1.51657, 1.70784, 2.53187, 2.564, 2.49329, 2.12901, 2.49105, 1.73034, 0.77079, 1.07144, 1.41115, 1.19359, 1.58562, 1.48395, 0.85402, 1.2685, 1.4445, 1.37384, 1.52351, 1.56232, 1.77016, 1.80751, 1.83254, 1.78303, 2.20013
2.54, 0.0319376, 1.64949, 1.34331, 1.96456, 1.53661, 1.87028, 2.201, 2.52707, 1.71945, 2.23374, 2.52434, 2.21729, 1.54534, 1.97561, 1.78261, 1.31068, 1.47953, 1.17561, 1.3116, 1.02433, 1.09466, 0.919743, 1.07034, 1.28616, 1.43466, 1.80716, 1.68359, 1.7502, 2.03805, 1.9702, 1.91638
2.56, 0.0319376, 0.902981, 1.51837, 2.09431, 2.30793, 1.6777, 1.86493, 2.65558, 1.93633, 2.66273, 2.61204, 2.0187, 2.11007, 2.00599, 1.41333, 1.62389, 1.60104, 1.27054, 1.5184, 1.53832, 1.25757, 1.49994, 1.36416, 1.62218, 1.62044, 1.79568, 1.58903, 1.79589, 1.74958, 2.10362, 1.80228
2.58, 0.0319376, 1.02542, 1.46192, 2.1935, 2.0584, 2.24825, 1.71304, 2.02918, 2.54512, 2.27655, 2.15908, 2.01043, 2.19616, 1.43223, 1.4491, 1.66517, 1.72554, 1.32011, 0.684494, 1.0604, 1.33455, 0.958657, 1.44263, 1.50281, 1.78741, 2.05281, 1.91322, 1.75236, 1.77441, 1.77238, 2.16434
2.6, 0.0319376, 0.903075, 1.63548, 1.78469, 1.31885, 2.23562, 2.38006, 2.23924, 1.86593, 2.09875, 2.48805, 1.84537, 1.9636, 1.89021, 1.22017, 1.43096, 1.05116, 1.16091, 0.893104, 1.24891, 1.57779, 0.901017, 1.81036, 1.47935, 1.70066, 1.78025, 1.60871, 1.69068, 1.95373, 1.83771, 1.99418
2.62, 0.0319376, 1.48305, 1.69781, 1.47729, 1.22662, 2.39274, 2.06094, 1.46517, 1.14367, 1.72045, 2.335, 2.47064, 1.62369, 1.41263, 1.49562, 1.46116, 1.28907, 1.1391, 1.01551, 1.39001, 1.26573, 1.18647, 1.48913, 1.32767, 1.73336, 1.77945, 1.50939, 1.85727, 2.15323, 2.00702, 2.14184
2.64, 0.0319374, 1.48392, 1.44356, 2.33529, 1.8601, 2.58862, 2.4056, 2.10293, 1.35854, 1.98008, 2.08083, 1.64711, 2.04465, 1.84434, 1.83593, 1.56599, 0.755998, 0.960356, 1.21769, 1.581, 0.995534, 0.895121, 1.57698, 1.68343, 1.52872, 1.59076, 1.27158, 1.66042, 1.83991, 1.89698, 2.11222
2.66, 0.0319374, 1.24893, 1.97812, 1.95971, 1.04919, 2.00746, 2.0062, 1.42474, 2.1912, 1.94222, 2.30922, 2.0746, 1.6941, 1.43491, 1.43285, 1.61546, 1.52358, 1.31892, 1.08006, 1.2608, 1.19687, 1.10374, 0.829915, 1.48272, 1.67991, 1.83558, 1.87478, 1.94251, 2.3968, 2.30819, 2.59015
2.68, 0.0319374, 1.13445, 1.57706, 1.67153, 1.21485, 1.60641, 1.72552, 1.51966, 1.55005, 2.50525, 2.20775, 1.85038, 1.52618, 1.50967, 2.10685, 1.89207, 1.47935, 1.37271, 1.81516, 1.52669, 1.24217, 1.28094, 1.18225, 1.45781, 1.6014, 1.88609, 1.73885, 2.07554, 1.95486, 2.03494, 2.22004
2.7, 0.0319374, 1.11012, 0.968097, 0.58723, 1.74516, 2.11686, 2.03444, 1.53822, 2.72205, 2.59188, 2.33414, 1.97279, 1.35906, 1.71786, 1.40112, 1.04606, 1.60202, 1.29933, 1.27989, 1.50696, 1.39637, 0.888328, 1.2426, 1.53796, 1.6916, 1.71877, 1.59447, 1.88559, 2.08617, 1.85197, 1.98031
2.72, 0.0319374, 1.55112, 2.3419, 2.14484, 1.74132, 1.63155, 1.9783, 2.45935, 2.25717, 2.2639, 1.95957, 1.25582, 1.84065, 2.12911, 1.97299, 1.55232, 1.48821, 0.838602, 1.33551, 1.35127, 1.14298, 1.30505, 1.48237, 1.62671, 1.50003, 1.75896, 1.53219, 1.40523, 1.90208, 2.00593, 1.85459
2.74, 0.0319376, 0.199675, 1.72228, 1.81077, 1.97329, 2.19326, 1.65479, 1.85233, 2.12954, 2.25971, 2.4881, 1.96349, 1.50188, 1.42038, 1.43799, 1.59018, 1.24127, 1.233, 1.36596, 1.40293, 1.09812, 1.21721, 1.46253, 1.39496, 1.60526, 1.57062, 1.48778, 1.75779, 1.81034, 1.84692, 1.83932
2.76, 0.0319376, 1.19569, 2.21845, 1.56969, 1.85735, 2.48869, 1.818, 1.88829, 2.061, 2.32861, 2.66708, 1.88761, 1.69436, 1.79666, 1.8041, 0.982236, 1.13638, 0.911523, 1.24624, 1.02943, 1.27668, 1.76591, 1.62447, 1.47494, 1.62544, 1.84896, 1.8836, 1.76322, 1.9671, 1.84093, 2.32247
2.78, 0.0319376, 1.59148, 1.90908, 1.26301, 1.78241, 1.65381, 1.95216, 1.83764, 2.34895, 2.54663, 2.99342, 2.20594, 1.49815, 1.54938, 1.32234, 1.36447, 1.78365, 1.30183, 1.44163, 1.61945, 1.64845, 1.69238, 1.71831, 1.4907, 2.07644, 2.20239, 1.59421, 2.03736, 2.14613, 1.84076, 1.9144
2.8, 0.0319376, 1.88546, 2.42694, 1.56035, 2.01073, 1.83455, 2.14978, 2.48522, 2.16197, 2.21769, 2.51727, 2.23957, 1.43448, 2.25482, 2.19652, 1.71624, 1.44912, 1.32707, 1.66959, 1.81991, 1.15064, 1.48275, 1.45267, 1.36656, 1.57857, 1.86244, 2.04315, 2.13255, 1.99742, 2.0949, 2.46587
2.82, 0.0319376, 0.908189, 1.41166, 1.66358, 1.70218, 2.64733, 2.11499, 2.40496, 2.41045, 2.04776, 2.37182, 2.61605, 2.22273, 1.99497, 1.95189, 1.8308, 1.61129, 1.46332, 1.24974, 1.29515, 1.11798, 1.13884, 1.00389, 1.46535, 1.55792, 1.95812, 1.6223, 1.5845, 1.94672, 2.01772, 2.12912
2.84, 0.0319376, 0.546043, 1.13662, 1.37514, 1.96249, 2.598, 2.50446, 2.19115, 2.08451, 2.17716, 2.09378, 2.15917, 2.64258, 1.92991, 1.79807, 1.27026, 1.19464, 1.22928, 1.15419, 0.966899, 1.37391, 1.51018, 1.47307, 1.68502, 1.7288, 1.68001, 1.28392, 1.99029, 2.24165, 1.90128, 1.71234
2.86, 0.0319376, 0.103829, 1.98577, 2.38432, 2.07449, 2.04379, 2.04962, 2.34104, 1.95592, 2.45025, 1.92802, 1.67217, 1.62307, 2.04383, 1.41949, 1.43897, 0.912315, 0.923817, 1.64703, 1.44724, 1.20482, 1.29173, 1.4117, 1.35774, 1.59682, 1.71103, 1.5153, 1.52184, 1.70496, 2.06968, 1.95824
2.88, 0.0319374, 1.42634, 1.53976, 1.40347, 1.51434, 1.80386, 1.88862, 2.16857, 2.38327, 2.22744, 1.84541, 2.34734, 2.10517, 1.71646, 1.87477, 2.03646, 1.248, 1.64031, 1.46953, 1.04818, 1.35658, 1.13895, 1.24863, 1.67665, 1.70073, 1.45116, 1.69851, 1.71037, 1.74116, 1.91931, 2.13471
2.9, 0.0319374, 1.22788, 1.85389, 1.76617, 2.31467, 2.72833, 2.25506, 2.06348, 2.42006, 2.39804, 2.76645, 2.80694, 1.95942, 1.65835, 1.82719, 1.74316, 1.47336, 1.8328, 0.985045, 1.14281, 1.36038, 1.12677, 1.10644, 1.44048, 1.72111, 1.81367, 1.74258, 1.92103, 1.80625, 2.05014, 2.12761
2.92, 0.0319374, 1.28895, 1.8826, 2.04782, 2.0673, 2.65394, 2.3441, 2.05026, 2.08874, 2.84188, 2.9937, 2.5503, 2.25522, 2.06447, 1.95293, 1.63254, 1.47081, 1.37949, 1.59228, 1.66485, 1.06561, 1.65818, 1.19836, 1.35793, 1.42901, 1.62465, 1.99378, 1.84446, 1.82196, 1.98147, 1.75858
2.94, 0.0319374, 1.52024, 1.7107, 1.68221, 1.51966, 2.61899, 2.32419, 1.9866, 1.944, 2.83429, 2.78309, 2.00934, 2.11571, 2.19355, 1.90231, 1.3675, 1.03533, 1.29035, 1.69385, 1.33185, 1.32082, 1.48737, 1.59054, 1.38694, 1.62641, 1.82492, 1.64373, 1.85002, 2.1651, 1.93326, 1.97202
2.96, 0.0319374, 1.33613, 2.06618, 1.23639, 1.98299, 2.11097, 2.21749, 2.08513, 2.60467, 2.10489, 2.02024, 1.87344, 2.19618, 1.63822, 1.97694, 1.71382, 1.53506, 1.45191, 1.86101, 1.56621, 1.25404, 1.36903, 0.930612, 1.07516, 1.40275, 1.51423, 1.77196, 1.88322, 1.89852, 1.69336, 1.89096
2.98, 0.0319376, 0.773618, 1.33853, 2.09033, 1.61771, 2.17098, 2.05888, 2.18499, 2.05564, 2.06099, 2.29454, 2.15819, 2.15946, 2.06345, 1.935, 1.49124, 1.52932, 0.849085, 1.08743, 1.41771, 1.29181, 1.34667, 0.892743, 1.76558, 1.74248, 1.77651, 1.83287, 2.04126, 2.06593, 1.99011, 2.18118
3, 0.0319376, 0.492779, 1.71536, 1.87612, 1.92332, 2.11036, 1.55021, 1.73602, 2.05617, 2.13887, 2.16872, 1.99447, 2.18, 1.9342, 2.39953, 1.86651, 1.71265, 1.34807, 1.31181, 1.18868, 1.46124, 1.32092, 1.19846, 1.37865, 1.52412, 1.69598, 1.69276, 1.90127, 2.07624, 2.42184, 2.11547
3.02, 0.0319376, 1.7203, 1.40433, 1.78162, 1.81296, 1.83681, 2.0111, 1.84451, 2.28697, 2.40203, 1.89211, 1.83461, 2.02246, 1.36249, 1.8927, 1.61098, 1.30762, 1.21245, 1.22371, 0.908696, 1.11249, 1.417, 1.31316, 1.41567, 1.71168, 1.74313, 1.18396, 1.72204, 1.84388, 1.65755, 1.89121
3.04, 0.0319376, 1.93482, 2.10657, 1.78514, 2.1523, 1.67385, 1.94681, 1.42987, 2.06454, 2.54702, 1.955, 1.88286, 2.37251, 1.91753, 1.5644, 1.50297, 1.44372, 1.55965, 1.3753, 1.29113, 1.28033, 1.50399, 1.45729, 1.59338, 1.14513, 1.54463, 1.55441, 1.82952, 1.921, 2.10349, 1.81811
3.06, 0.0319376, 1.05434, 0.384509, 1.57406, 2.04396, 2.23916, 2.17278, 1.33848, 1.5175, 2.47923, 2.54619, 2.17398, 2.20733, 2.11578, 1.53871, 1.36658, 1.39308, 1.30042, 1.06565, 1.28182, 1.50582, 0.916263, 1.10928, 1.12748, 1.3611, 1.56507, 1.46528, 1.90994, 1.78358, 1.92545, 2.09811
3.08, 0.0319376, 1.36262, 2.22831, 2.26154, 1.87866, 1.96901, 2.01972, 1.87743, 2.37715, 2.59796, 2.40175, 2.47118, 2.59606, 2.08314, 1.86176, 1.7395, 1.67047, 1.33305, 1.20284, 1.14953, 1.28705, 1.45738, 1.61772, 1.60187, 1.49618, 1.40611, 1.48024, 2.14428, 1.78639, 1.9273, 1.93728
3.1, 0.0319376, 1.90988, 2.25582, 2.25516, 1.38771, 2.09597, 2.80452, 1.93832, 2.85954, 2.25772, 2.5604, 2.77857, 2.38332, 2.22158, 1.88519, 1.73553, 1.62746, 1.53842, 1.86106, 1.43534, 1.32373, 1.0389, 0.988702, 1.47322, 1.37837, 1.56586, 1.8035, 1.88866, 2.0674, 2.09067, 1.97649
3.12, 0.0319376, 1.39429, 1.40668, 1.76663, 1.67284, 1.83782, 1.9929, 2.11468, 2.08512, 2.3799, 2.27178, 1.83862, 2.00807, 1.6215, 1.7233, 1.6547, 2.01498, 1.57237, 1.01703, 1.12159, 1.25326, 1.22759, 1.43659, 1.47457, 1.53074, 1.61976, 1.62609, 1.81149, 1.85355, 1.74046, 2.16293
3.14, 0.0319374, 1.45754, 1.01761, 1.55242, 1.69153, 2.38443, 1.63422, 1.20151, 2.45538, 2.49934, 2.03413, 2.23726, 2.17536, 2.0086, 2.0476, 1.60246, 1.36767, 1.53086, 1.35173, 1.21016, 1.31994, 1.61266, 1.2573, 1.61045, 1.7624, 1.73202, 1.80476, 2.06482, 1.97003, 2.07547, 1.98353
3.16, 0.0319374, 1.72094, 1.20112, 1.95729, 1.4824, 1.9758, 1.97022, 1.99389, 2.40299, 2.54167, 2.53786, 2.42281, 1.76272, 1.96789, 2.04297, 1.8119, 1.64081, 1.63925, 1.81427, 1.5179, 1.48123, 1.27613, 1.15814, 1.54432, 1.53395, 1.49066, 1.75594, 1.86407, 1.85626, 1.60702, 1.80614
3.18, 0.0319374, 1.28733, 2.14969, 2.1033, 2.23394, 1.85542, 2.06606, 2.24436, 2.03206, 1.99582, 1.59845, 1.79854, 2.11392, 1.92215, 1.65156, 1.347, 1.50233, 1.26454, 1.32775, 1.48083, 1.48686, 1.31148, 1.49843, 1.70285, 1.54333, 1.81314, 1.93271, 1.95488, 1.91997, 1.89875, 2.38615
3.2, 0.0319374, 0.932194, 1.75602, 2.43201, 2.28065, 2.59844, 2.18984, 2.27367, 2.61293, 2.72549, 2.45849, 2.04677, 1.96356, 1.71385, 1.72953, 1.47633, 1.57981, 1.79553, 1.61593, 1.30922, 1.20573, 1.62348, 1.64752, 1.82849, 1.86642, 1.62288, 1.53154, 1.70945, 2.16634, 2.09458, 2.23945
3.22, 0.0319374, 0.948201, 1.80276, 1.86988, 2.33871, 2.58089, 1.24101, 1.91125, 2.24042, 1.95701, 2.2711, 1.75177, 1.66711, 1.97568, 1.73821, 1.59858, 0.99232, 0.713354, 1.52479, 1.13928, 1.05348, 1.09156, 1.33651, 1.41212, 1.66912, 1.50278, 1.63147, 1.97488, 1.95071, 2.07192, 2.20094
3.24, 0.0319376, 2.08916, 1.47796, 1.4052, 1.71, 1.77567, 1.45206, 1.88259, 2.45174, 2.66447, 2.79326, 2.25445, 1.86998, 2.18573, 2.00502, 1.43155, 0.872123, 1.34146, 1.48323, 1.0092, 1.11381, 1.26735, 1.37443, 1.55364, 1.50731, 1.58502, 1.87066, 1.99282, 1.76061, 2.21458, 2.23593
3.26, 0.0319376, 1.64022, 1.92532, 1.68814, 1.1927, 2.50902, 2.51893, 2.60641, 1.78115, 2.21737, 2.4545, 2.15666, 2.57272, 1.60886, 0.913748, 1.58664, 1.6564, 1.61383, 1.47998, 1.23497, 1.31292, 1.22771, 1.75816, 1.63418, 1.69879, 1.68677, 1.62721, 1.63701, 2.14981, 1.98709, 2.20417
3.28, 0.0319376, 1.8221, 1.96677, 2.08327, 1.00246, 1.88055, 2.43699, 2.23806, 1.9032, 2.31943, 2.84815, 2.3148, 1.862, 1.91315, 1.68203, 1.77507, 1.85978, 1.3963, 1.23532, 1.25817, 1.30483, 1.17682, 1.35922, 1.53927, 1.51203, 1.80216, 2.08214, 2.16346, 2.10261, 2.45199, 2.21516
3.3, 0.0319376, 1.33468, 1.57188, 1.38281, 2.52931, 2.33813, 2.15049, 2.25865, 1.96582, 2.22928, 2.61683, 1.92754, 2.41021, 2.02442, 2.15424, 1.92878, 1.07479, 1.57601, 1.53286, 1.34358, 1.20476, 1.48647, 1.64432, 1.31605, 1.99724, 2.4349, 2.26411, 2.67531, 2.86873, 2.84397, 2.55004
3.32, 0.0319376, 1.42787, 1.01561, 1.92056, 1.64313, 1.6213, 1.71259, 1.66082, 2.24571, 2.29035, 2.42531, 2.30448, 1.78357, 1.99341, 2.37066, 1.81392, 1.37289, 1.56163, 1.4916, 1.47625, 1.27199, 1.09964, 1.22454, 1.38932, 1.73916, 1.6942, 1.8532, 1.76236, 1.8275, 1.8036, 2.29872
3.34, 0.0319376, 1.20729, 1.82564, 2.33895, 2.04566, 2.11605, 2.51166, 2.53316, 1.58058, 1.52001, 2.1908, 2.11191, 2.11642, 2.18461, 2.08824, 1.90409, 1.27903, 1.30028, 1.29726, 1.25721, 1.46562, 1.6111, 1.62195, 1.29637, 1.57341, 1.47187, 1.87575, 1.94167, 2.11948, 2.03623, 1.95505
3.36, 0.0319376, 1.65602, 1.84825, 1.87951, 2.13689, 2.21711, 2.45706, 2.5818, 2.37927, 2.44488, 1.80108, 1.92707, 1.85043, 1.36334, 1.76086, 1.40641, 0.931513, 0.995916, 1.27766, 1.5567, 1.38423, 1.37031, 1.43007, 1.30172, 1.74115, 1.70518, 1.31564, 1.79254, 2.07324, 2.26075, 2.54754
3.38, 0.0319374, 1.61244, 1.38855, 1.8345, 1.59892, 1.54456, 2.21089, 2.46469, 2.72032, 2.29202, 2.84263, 2.15971, 1.8895, 1.91448, 1.7825, 1.67748, 1.53649, 1.27776, 1.27466, 1.06402, 1.37776, 1.28399, 1.57574, 1.35813, 1.47921, 1.92791, 1.36456, 1.74751, 2.00799, 1.96961, 2.21605
3.4, 0.0319374, 2.03832, 2.32038, 2.4411, 2.02082, 2.48637, 2.02795, 1.35259, 2.33745, 2.86143, 2.39196, 1.8597, 2.40677, 2.41149, 2.07745, 1.68546, 1.56969, 1.54276, 1.01456, 1.26083, 1.49551, 1.34841, 1.56175, 1.15033, 1.55304, 1.48995, 1.84374, 2.07108, 1.80442, 2.02265, 2.09871
3.42, 0.0319374, 0.954669, 1.05271, 1.71067, 2.20927, 2.00063, 1.54851, 1.15831, 1.74044, 2.56968, 2.80281, 2.2442, 1.78938, 2.05817, 1.55792, 1.56073, 1.84606, 1.50439, 1.29294, 1.69191, 1.28164, 1.5052, 1.53108, 1.84172, 2.01838, 2.17196, 2.02893, 2.25165, 2.39497, 2.18568, 2.07815
3.44, 0.0319374, 0.870581, 1.97998, 1.94308, 1.79577, 2.52968, 2.62064, 2.19308, 1.9507, 2.4765, 1.72111, 2.3105, 2.35056, 1.81211, 1.57234, 0.799222, 1.24896, 1.32797, 1.74826, 1.43385, 1.27069, 1.48791, 1.60471, 1.7017, 1.55107, 1.84985, 1.45017, 2.09762, 2.15216, 2.17168, 2.28178
3.46, 0.0319374, 1.26138, 1.33113, 0.668219, 1.9384, 2.06264, 2.32026, 1.85779, 1.94429, 2.02325, 2.35151, 1.8585, 1.57362, 2.38492, 1.82669, 1.4753, 0.911001, 0.969138, 1.25047, 1.75489, 1.37012, 1.33754, 1.53163, 1.42196, 1.32698, 1.47658, 1.84775, 1.66446, 1.95514, 2.17152, 2.11788
3.48, 0.0319376, 1.47052, 1.65213, 1.64556, 1.53461, 1.52277, 1.49964, 2.40926, 2.33443, 2.70006, 2.30765, 1.88885, 1.0172, 1.52768, 2.10511, 1.81436, 1.7566, 1.44052, 1.21262, 1.34522, 1.28461, 1.39027, 1.31408, 1.7667, 1.91796, 1.47088, 1.71876, 1.83763, 1.94797, 2.17014, 2.14848
3.5, 0.0319376, 1.5454, 1.33083, 1.31655, 1.82209, 2.57336, 1.88107, 2.13258, 2.13378, 1.74833, 1.63069, 1.65737, 0.707579, 1.35953, 2.0403, 1.52845, 1.40122, 1.17477, 1.27055, 0.997674, 1.12657, 1.5605, 1.46491, 1.46419, 1.45617, 1.71163, 1.68384, 1.94955, 1.80328, 1.73241, 2.17804
3.52, 0.0319376, 1.21079, 1.59235, 1.88497, 1.45507, 1.86335, 2.05583, 1.93775, 2.33215, 2.77634, 2.07406, 1.76289, 2.24781, 2.12999, 1.57766, 1.73592, 1.16649, 1.25767, 1.06028, 1.33874, 1.17295, 1.29729, 1.62925, 1.58997, 1.27143, 1.75919, 1.51357, 1.89336, 1.89881, 2.00453, 2.15652
3.54, 0.0319376, 1.42281, 1.33056, 1.73866, 2.29296, 1.99372, 1.59506, 2.14397, 2.0004, 1.9951, 2.2609, 2.07937, 2.04803, 1.87908, 1.91745, 2.13262, 1.79392, 1.33124, 1.04848, 1.46764, 1.3871, 1.45973, 1.35225, 1.63302, 1.78249, 1.85922, 1.63842, 1.8667, 2.18261, 2.00905, 2.10505
3.56, 0.0319376, 0.431758, 1.77492, 1.80663, 1.72884, 1.60523, 2.17958, 2.18923, 2.11814, 2.20279, 1.9601, 2.22947, 2.03912, 2.02555, 1.61189, 1.68809, 1.33551, 1.54746, 1.75723, 1.45535, 1.38711, 1.24938, 1.03194, 1.55396, 1.41177, 1.58873, 1.70476, 1.48745, 1.98253, 1.91742, 1.8844
3.58, 0.0319376, 0.875007, 1.47006, 2.12648, 2.10027, 2.1967, 2.17741, 2.57152, 2.54688, 2.56453, 2.22957, 2.57764, 2.1857, 1.82601, 1.55657, 1.35779, 1.82209, 1.70375, 1.16616, 0.941147, 1.24904, 1.32742, 1.37704, 1.55329, 1.36282, 1.57503, 1.69744, 1.77781, 1.81111, 1.77768, 2.05407
3.6, 0.0319376, 1.3398, 1.82188, 1.77497, 1.5929, 2.3003, 2.35323, 1.24899, 0.984666, 1.66448, 1.83544, 2.11079, 2.04112, 2.45642, 2.04248, 1.1626, 1.37569, 1.08038, 1.50145, 1.23022, 1.13825, 1.22576, 1.23586, 1.53306, 1.47155, 1.78554, 2.00267, 1.94616, 2.15939, 1.98405, 2.01484
3.62, 0.0319376, 1.91764, 2.01937, 1.60055, 1.73233, 1.96235, 2.49416, 2.06831, 2.09686, 1.8312, 1.35929, 1.91813, 2.0897, 1.9175, 1.69665, 1.35238, 1.28309, 1.17385, 1.4225, 1.62166, 1.2768, 1.33044, 1.57828, 1.98512, 1.62458, 1.4718, 1.7807, 2.04001, 2.10184, 2.13101, 2.43542
3.64, 0.0319374, 1.3676, 0.896806, 2.05884, 1.85676, 1.86928, 1.52404, 1.60389, 1.98378, 2.36465, 2.04534, 2.05423, 1.99578, 1.79383, 1.5192, 1.1086, 1.34684, 1.55369, 1.35284, 1.16486, 1.37715, 1.18166, 1.49813, 1.70068, 1.64875, 1.72829, 1.75578, 1.54481, 2.04907, 1.98918, 2.23652
3.66, 0.0319374, 1.09766, 1.51735, 2.12468, 2.24014, 2.08864, 1.52808, 0.826047, 1.68758, 1.86488, 2.3468, 2.03723, 2.05153, 1.54545, 1.5632, 1.45977, 1.32385, 1.51016, 1.82341, 1.56747, 1.26875, 1.68689, 2.04545, 2.17294, 1.95863, 2.26488, 2.03224, 2.11681, 2.54487, 2.49948, 2.6449
3.68, 0.0319374, 1.26166, 1.12039, 1.5041, 1.53693, 1.33115, 1.94609, 1.99963, 2.81936, 2.4173, 2.4816, 2.56595, 2.15874, 1.44025, 1.48461, 1.48766, 1.43995, 1.43487, 1.7043, 1.57018, 1.408, 1.48164, 1.95511, 1.80506, 1.47694, 1.99094, 2.02419, 1.89555, 2.38032, 2.28635, 2.53897
3.7, 0.0319374, 0.536686, 1.81967, 1.72013, 2.20039, 2.2157, 1.85903, 2.2612, 2.54948, 1.90071, 2.68476, 2.37707, 1.79203, 1.83234, 1.47157, 0.964048, 1.10198, 1.58128, 1.64691, 1.24141, 1.13971, 0.981166, 1.23943, 1.71348, 1.39207, 1.87504, 1.67387, 1.89655, 2.26081, 2.06898, 2.12153
3.72, 0.0319374, 1.79074, 1.74674, 1.13693, 1.58462, 1.80798, 2.19912, 1.61598, 2.1201, 1.3719, 2.16566, 2.10702, 1.85, 1.7481, 1.99879, 2.05932, 1.33648, 1.42846, 1.60754, 1.02127, 1.05306, 1.10295, 1.39005, 1.42118, 1.57431, 1.59014, 1.71783, 1.90353, 1.72389, 2.00791, 1.94589
3.74, 0.0319376, 0.568336, 1.62283, 1.51306, 1.21372, 2.23484, 2.19357, 2.1751, 2.08612, 1.76268, 1.95294, 2.2442, 2.07926, 2.16757, 1.32692, 1.98115, 1.52421, 1.46973, 1.6291, 1.49223, 1.04814, 0.829295, 1.21701, 1.56388, 1.46476, 1.53423, 1.34656, 1.77315, 2.05413, 1.91023, 1.85272
3.76, 0.0319376, 1.32359, 1.46323, 1.64817, 1.59577, 0.946046, 1.99771, 1.9938, 2.11275, 2.27552, 2.39095, 2.03194, 1.91058, 2.04358, 1.8152, 1.35348, 1.0126, 1.10119, 1.60822, 1.77882, 1.7352, 1.25335, 1.26449, 1.4712, 1.57277, 1.39087, 1.32744, 1.6874, 2.09246, 2.18192, 1.81857
3.78, 0.0319376, 1.20622, 1.80357, 1.79286, 1.69152, 1.869, 1.71494, 2.03253, 2.53789, 2.24512, 1.91816, 1.76648, 1.78833, 1.65952, 1.31989, 1.31183, 0.920904, 1.17743, 1.14612, 1.26477, 1.37091, 1.43734, 1.04061, 1.48681, 1.6776, 1.84213, 1.6426, 2.04264, 2.06286, 2.14664, 1.96259
3.8, 0.0319376, 1.45094, 1.66984, 0.923973, 1.74858, 2.14199, 2.34363, 1.97189, 2.40375, 1.79906, 1.74627, 1.78726, 1.63758, 2.01015, 1.87626, 1.44461, 1.19528, 1.61204, 1.52743, 1.02407, 1.07403, 1.6375, 1.38565, 1.60907, 1.73803, 1.85662, 1.31867, 1.63547, 2.05483, 2.23706, 2.11767
3.82, 0.0319376, 0.665401, 1.55655, 1.78826, 1.0557, 2.22024, 2.02673, 2.52582, 2.07407, 2.61131, 2.81103, 1.30514, 2.08594, 2.1209, 1.28155, 1.26553, 1.03265, 0.654817, 1.25613, 1.47316, 1.57505, 1.45133, 1.21179, 1.38879, 1.97233, 1.75789, 2.05467, 1.7835, 1.76363, 1.89081, 2.13935
3.84, 0.0319376, 1.25178, 2.19516, 1.97022, 1.84129, 1.99103, 1.72991, 1.74338, 2.64147, 2.69256, 2.46675, 1.614, 1.40858, 1.35935, 1.74863, 1.91537, 0.946076, 0.923062, 1.12984, 1.18574, 1.121, 1.39646, 1.26961, 1.11082, 1.5055, 1.70175, 1.74673, 1.83242, 1.80278, 2.01225, 2.01443
3.86, 0.0319376, 1.6592, 1.8021, 1.16204, 1.26429, 2.28348, 2.00494, 1.6358, 1.49803, 2.4449, 2.53628, 2.22251, 2.05787, 2.24511, 1.5554, 1.60765, 1.52236, 1.27841, 0.902255, 1.33271, 1.22527, 1.34636, 1.30861, 1.63304, 1.85086, 1.62069, 1.77003, 1.62477, 1.74165, 1.80804, 2.15556
3.88, 0.0319374, 1.39814, 1.39161, 1.39061, 2.1333, 2.31469, 1.26551, 1.92448, 2.01856, 2.19818, 1.98426, 1.87568, 2.31283, 1.8352, 1.54222, 1.28106, 1.38205, 1.11153, 1.05862, 0.949323, 0.763101, 1.22767, 1.26665, 1.19586, 1.73169, 1.88647, 1.6303, 1.87697, 1.90803, 2.03063, 2.06105
3.9, 0.0319374, 1.47135, 2.0603, 1.66027, 2.14369, 2.31659, 2.11663, 2.14018, 2.25989, 2.04201, 1.9537, 1.9822, 1.79997, 1.65198, 1.89349, 1.58701, 1.43621, 1.74075, 1.54365, 0.923642, 1.14559, 0.902398, 0.774523, 1.3575, 1.04889, 1.8839, 1.76619, 1.32111, 1.37992, 1.79564, 1.98016
3.92, 0.0319374, 1.49521, 2.09668, 2.29889, 2.10644, 1.8447, 2.36717, 1.50932, 1.49942, 2.43558, 1.90824, 1.74614, 1.70197, 1.66839, 1.46722, 1.16511, 1.20968, 1.48841, 1.16617, 0.993341, 0.961594, 1.29077, 1.302, 1.53175, 1.32741, 1.31319, 1.55056, 1.68503, 1.90793, 1.75776, 1.91923
3.94, 0.0319374, 1.48577, 1.46972, 2.13369, 1.81351, 1.38217, 2.32942, 2.01869, 2.29648, 2.43159, 2.33746, 1.77332, 2.04255, 2.00784, 2.01708, 1.37277, 1.5035, 1.64999, 1.81495, 1.65112, 1.59102, 1.10597, 1.23624, 1.21011, 1.4188, 1.57129, 1.87489, 1.51315, 1.62391, 1.73005, 1.90978
3.96, 0.0319374, 1.306, 1.54495, 1.74041, 1.90927, 1.83002, 2.43154, 1.63387, 1.92063, 1.56896, 1.58236, 1.26762, 1.80661, 1.29468, 1.94902, 1.39695, 1.43853, 1.15835, 0.996839, 1.28041, 1.56167, 1.19764, 1.14299, 1.18819, 1.42315, 1.33856, 1.50942, 1.81541, 1.76915, 1.83311, 1.84925
3.98, 0.0319376, 0.909693, 0.386077, 1.63598, 1.16342, 1.97053, 1.5791, 1.54896, 1.74195, 2.13764, 2.60615, 2.02981, 2.1516, 2.42387, 1.85605, 1.29449, 1.64744, 1.31917, 0.873502, 1.01773, 1.18318, 1.07693, 0.972501, 1.1753, 1.46757, 1.752, 1.78222, 1.92085, 1.63781, 1.92557, 2.08665
4, 0.0319376, 1.59013, 1.53579, 1.54171, 1.81825, 1.77997, 2.11159, 2.12091, 2.13179, 2.59154, 2.18213, 2.36654, 1.87034, 1.79179, 2.18816, 1.36343, 1.23304, 0.923553, 1.23513, 1.15157, 0.969414, 0.947463, 1.20217, 1.36035, 1.56615, 1.52046, 1.7635, 1.80888, 2.039, 2.03764, 1.89456
4.02, 0.0319376, 1.22576, 1.63361, 1.3675, 1.42711, 2.17593, 1.85088, 1.71545, 2.21878, 2.22856, 2.46855, 2.21057, 2.08049, 2.00017, 1.13602, 0.874647, 0.771448, 0.950808, 1.08168, 1.00446, 1.14925, 1.56809, 1.075, 1.37128, 1.84836, 1.35675, 1.65296, 1.88631, 2.04309, 1.77699, 1.95678
4.04, 0.0319376, 1.31222, 2.17596, 2.09313, 1.83154, 2.47694, 2.07979, 1.64749, 2.12188, 1.98413, 2.03838, 2.42839, 2.05299, 1.23491, 1.61, 1.39509, 1.46458, 1.36549, 0.868232, 0.821642, 1.27201, 1.43339, 1.06977, 1.15409, 1.63255, 1.62109, 1.94539, 1.71513, 1.94127, 1.61022, 2.05164
4.06, 0.0319376, 1.91307, 1.33661, 0.563388, 2.04579, 2.34438, 1.86609, 1.69369, 2.30325, 2.1653, 2.80341, 1.76415, 1.26103, 1.28416, 1.70362, 1.43173, 1.42524, 0.876536, 1.03042, 1.15534, 1.0352, 1.40315, 1.3224, 1.44959, 1.34127, 1.63783, 1.87111, 1.69908, 2.03255, 1.88512, 2.06489
4.08, 0.0319376, 1.35948, 1.79741, 1.67554, 1.41111, 1.79674, 1.92317, 2.02378, 2.01852, 2.62909, 2.14472, 2.21706, 1.19145, 1.81268, 1.8542, 1.01113, 0.892784, 1.51518, 1.21171, 0.985289, 1.07503, 1.1985, 1.14758, 1.68732, 1.54336, 1.66205, 1.80723, 1.6979, 1.87195, 1.70956, 1.78542
4.1, 0.0319376, 1.72268, 1.92316, 1.54831, 1.38175, 1.18147, 2.29711, 1.85816, 1.9867, 2.53698, 1.95721, 1.71892, 1.64934, 1.66542, 1.97693, 1.81376, 0.958422, 1.33064, 0.922303, 1.08867, 0.915471, 0.953916, 1.33057, 1.68611, 1.36475, 1.60365, 1.65781, 1.62489, 1.76362, 1.89511, 2.1746
4.12, 0.0319376, 0.884186, 1.56598, 1.85922, 1.30001, 1.93568, 2.19018, 1.87104, 1.75947, 1.74318, 1.57817, 1.50164, 1.7786, 1.65751, 2.03284, 1.37104, 1.38867, 1.51916, 1.19349, 1.07134, 0.758663, 1.25963, 1.18746, 1.05789, 1.15649, 1.59483, 1.52271, 1.81514, 1.71097, 1.78689, 1.76571
4.14, 0.0319376, 1.52319, 0.948335, 1.45692, 1.98928, 2.20957, 1.7742, 2.11934, 2.15172, 1.96923, 1.97497, 1.88297, 1.61425, 2.06039, 1.7573, 1.33166, 0.89398, 0.73647, 1.20707, 1.23605, 0.962114, 1.41319, 0.816975, 1.3305, 1.53517, 1.64364, 1.5934, 1.70203, 1.86103, 1.80815, 1.73284
4.16, 0.0319376, 0.525872, 0.536256, 1.35284, 1.0332, 1.52129, 1.67207, 1.78906, 1.49089, 1.38891, 1.43101, 1.55339, 1.61252, 1.58999, 1.34797, 1.77621, 1.42273, 1.15886, 1.20286, 1.25705, 0.847239, 1.23656, 1.26963, 1.19334, 1.16728, 1.0031, 1.33702, 1.49514, 1.46537, 1.73346, 1.90929
4.18, 0.0319376, 1.23737, 0.825986, 0.776202, 1.24284, 1.92414, 1.93263, 1.82082, 2.0874, 2.48614, 2.26447, 2.41718, 2.07348, 1.72376, 1.65611, 1.46159, 1.18968, 1.03115, 1.39034, 1.30535, 1.14188, 1.36214, 1.35799, 1.37266, 1.32806, 1.4821, 1.55069, 1.27413, 1.72593, 1.7573, 1.9945
4.2, 0.0319376, 1.21777, 1.6021, 1.83096, 1.48344, 2.03602, 2.10687, 2.00432, 1.59367, 1.95794, 1.92186, 2.10977, 1.90971, 1.15576, 1.54363, 1.01533, 0.967368, 1.31327, 1.03032, 1.74129, 1.83549, 0.98868, 1.16122, 1.78089, 1.58855, 1.74103, 1.42229, 1.77574, 2.27692, 2.60264, 2.36122
4.22, 0.0319376, 0.769552, 1.1606, 1.53041, 1.6773, 2.29256, 1.78834, 1.9205, 2.09579, 2.34624, 2.26202, 2.08989, 1.66425, 1.55141, 1.61177, 1.5597, 1.337, 1.26395, 1.10889, 1.63793, 1.4597, 0.943455, 1.02144, 1.42862, 1.13106, 1.269, 1.45719, 1.63163, 2.06368, 2.07899, 1.75731
4.24, 0.0319376, 1.20906, 1.47011, 1.31561, 1.48848, 1.8767, 1.98009, 1.59057, 1.50886, 2.01874, 2.4179, 1.70009, 1.73349, 1.58968, 1.5805, 1.56004, 1.61292, 1.66632, 1.08454, 1.23353, 1.25531, 1.51927, 1.50609, 1.43868, 1.31927, 1.36297, 1.52938, 1.54113, 1.95736, 1.84215, 2.17746
4.26, 0.0319371, 0.681725, 0.881619, 2.04704, 1.95403, 1.4488, 2.11256, 1.98311, 2.20868, 1.87801, 1.63203, 2.16364, 2.02564, 2.00166, 1.81842, 1.59947, 1.61417, 1.54082, 1.22152, 1.21701, 1.42545, 1.24603, 1.16919, 1.3032, 1.23172, 1.67359, 1.73632, 1.53652, 1.69958, 1.56073, 2.15216
4.28, 0.0319371, 1.01788, 1.34798, 1.39376, 2.28878, 2.42342, 1.8969, 1.58875, 1.89451, 2.29061, 2.72054, 2.61822, 2.49101, 1.30975, 1.60572, 1.5082, 1.39021, 1.19004, 0.98627, 1.16043, 1.58575, 1.43033, 1.28091, 1.72564, 1.72719, 1.59154, 1.52904, 1.65117, 2.01891, 1.91153, 2.0518
4.3, 0.0319371, 1.51437, 1.52232, 1.38813, 2.07743, 1.69388, 2.02182, 2.11651, 1.30201, 2.01154, 1.86785, 1.9924, 2.19788, 1.35372, 1.53206, 1.54664, 1.47934, 1.14193, 0.913508, 1.1617, 1.31023, 1.17159, 0.973522, 1.56925, 1.46523, 1.32294, 1.78331, 1.9811, 1.64183, 2.16596, 2.18506
4.32, 0.0319371, 1.14476, 1.69123, 2.06365, 1.20018, 1.88273, 2.07362, 1.83831, 2.26655, 1.84571, 2.11793, 2.19518, 1.8498, 1.9212, 1.48866, 1.03139, 1.05503, 0.879622, 1.02404, 1.14396, 1.43409, 1.34364, 1.13853, 0.925674, 1.4862, 1.37029, 1.51632, 1.56782, 1.7264, 1.91835, 2.09736
4.34, 0.0319371, 0.759912, 2.27845, 2.00782, 1.41896, 1.89229, 2.49856, 1.74543, 1.37153, 1.84618, 2.16064, 1.62068, 1.59744, 1.66515, 1.7893, 1.61854, 1.17172, 1.25461, 1.11715, 0.960196, 1.22965, 1.24888, 1.29568, 1.39016, 1.45732, 1.65702, 1.41546, 1.81635, 1.92273, 1.60918, 1.61234
4.36, 0.0319376, 1.16838, 1.30007, 1.46426, 1.37061, 1.93034, 1.23866, 1.31777, 2.08442, 2.4505, 2.65942, 2.03272, 1.75749, 1.9012, 1.42384, 1.43098, 1.19183, 0.858976, 1.10489, 1.32493, 0.968763, 1.08184, 1.21847, 1.53941, 1.66732, 1.51056, 1.54718, 1.78489, 2.02711, 1.94618, 1.66069
4.38, 0.0319376, 0.694182, 1.21363, 1.35273, 1.33308, 2.15687, 2.01626, 1.871, 1.88557, 1.99312, 1.69069, 1.73447, 1.72392, 1.5135, 1.58951, 1.4841, 1.21472, 0.530258, 1.458, 1.50661, 1.03788, 0.927722, 1.3556, 1.22274, 1.43443, 1.90489, 2.11579, 2.05357, 1.97889, 1.92623, 1.92649
4.4, 0.0319376, 0.218892, 1.72158, 1.69266, 1.2467, 1.54095, 2.1207, 1.45744, 1.79443, 2.34243, 2.19811, 2.17524, 1.79317, 1.64575, 1.73253, 1.7645, 1.12632, 1.13464, 1.48292, 1.29022, 1.61138, 1.82317, 1.79387, 1.88032, 1.92498, 1.90254, 2.09065, 2.32998, 2.3359, 2.5724, 2.35649
4.42, 0.0319376, 0.573262, 1.30811, 2.14691, 1.82226, 1.52847, 1.85131, 1.33424, 1.51299, 1.93524, 2.19713, 2.10533, 1.76671, 1.76865, 1.56046, 1.25865, 1.38453, 1.54787, 0.722589, 1.16028, 1.36755, 1.36214, 1.10521, 1.68704, 1.56788, 1.68021, 1.95087, 1.95229, 2.02514, 1.99785, 2.26133
4.44, 0.0319376, 1.72427, 1.60489, 2.13808, 1.99233, 1.89396, 1.21227, 1.39441, 1.9237, 2.11434, 1.76835, 1.51433, 1.70874, 1.38837, 1.39109, 0.872263, 1.24502, 1.05969, 1.28268, 1.43796, 1.06789, 1.04999, 1.21666, 0.969008, 1.31435, 1.68255, 1.34567, 1.98469, 2.0498, 1.87433, 1.56896
4.46, 0.0319376, 0.884891, 1.77873, 1.9521, 1.76995, 1.59873, 1.57023, 1.27226, 2.10416, 1.9124, 1.38675, 1.74017, 2.1583, 1.27517, 1.25314, 1.20834, 1.27684, 1.61664, 0.848841, 1.13247, 1.01485, 1.20563, 1.46586, 1.36846, 1.48474, 1.41778, 1.457, 1.91071, 1.77522, 1.72912, 1.77558
4.48, 0.0319376, 1.53383, 1.71538, 1.9835, 1.63352, 1.93458, 1.96452, 1.39377, 2.13099, 2.41873, 2.60602, 0.790287, 1.43919, 1.74499, 1.67227, 1.39269, 1.38163, 1.42055, 1.11632, 0.882675, 0.561464, 0.966924, 1.38486, 1.47643, 1.41636, 1.32788, 1.68145, 1.83354, 1.71495, 1.84497, 2.02179
4.5, 0.0319376, 0.994633, 0.698079, 0.79591, 1.95298, 1.68283, 1.63764, 2.114, 1.58572, 1.71792, 2.05558, 1.88883, 1.90776, 1.45043, 1.17109, 1.17925, 1.19352, 1.17237, 1.10932, 1.12776, 0.841376, 1.20122, 1.25888, 1.32108, 1.73226, 1.81167, 1.54429, 1.73739, 1.66533, 1.8398, 2.08028
4.52, 0.0319376, 0.577097, 0.922746, 1.47126, 1.29642, 1.85352, 1.99853, 1.32837, 1.90001, 2.08623, 2.05465, 1.87288, 1.94039, 1.59869, 0.94596, 1.1778, 1.32819, 1.11926, 0.888159, 1.03117, 1.35487, 1.06556, 1.25846, 1.70206, 1.4287, 1.65001, 1.33062, 1.46451, 2.03774, 1.88673, 1.75862
4.54, 0.0319376, 0.464203, 1.13111, 1.06486, 1.65373, 1.96393, 1.61209, 2.03456, 1.64098, 2.0939, 1.87814, 2.06453, 1.70829, 1.21072, 1.62865, 1.39983, 1.29766, 1.11037, 1.24302, 1.29862, 1.07766, 1.37057, 1.66683, 1.60064, 1.35278, 1.68502, 1.80186, 1.62409, 1.78517, 1.80973, 1.69064
4.56, 0.0319376, 1.05997, 1.27924, 1.35266, 1.7416, 2.02791, 2.25276, 1.74686, 1.47369, 1.59866, 1.71956, 1.55104, 2.07768, 1.96582, 1.40893, 1.18838, 0.772117, 0.88916, 1.22488, 0.666189, 0.909121, 1.32804, 1.43829, 1.14652, 1.15682, 1.75771, 1.31336, 1.6217, 1.60839, 2.0152, 2.16739
4.58, 0.0319376, 0.964462, 2.08685, 1.74976, 1.72958, 1.95052, 1.89361, 1.14673, 2.04186, 2.38735, 2.35879, 2.06867, 1.86226, 1.19108, 1.06912, 0.956191, 0.679187, 0.449988, 1.25034, 1.30167, 1.28746, 0.753374, 1.33162, 1.42964, 1.11161, 1.60057, 1.29409, 1.51182, 1.96858, 1.83254, 2.0815
4.6, 0.0319376, 1.48786, 1.10622, 1.2782, 1.7624, 2.51641, 2.03331, 1.615, 2.11273, 2.06848, 2.67886, 2.30997, 1.97916, 1.55542, 1.24245, 1.40944, 1.54924, 1.16119, 1.20842, 1.31649, 1.15039, 1.39681, 1.50777, 1.49034, 1.52045, 1.6506, 1.63852, 1.63432, 2.01196, 1.83499, 1.85635
4.62, 0.0319376, 2.20048, 1.85246, 1.58957, 1.79672, 1.95021, 0.854414, 1.30856, 1.91894, 2.16971, 2.01207, 1.92402, 1.65287, 1.68355, 1.55507, 1.59501, 1.5139, 1.34966, 1.2887, 1.05384, 1.07458, 1.31529, 1.49691, 1.47409, 1.14561, 1.62826, 1.71509, 1.86506, 2.06684, 2.25035, 2.10938
4.64, 0.0319376, 1.15186, 1.06599, 1.50746, 1.33368, 1.58795, 2.09773, 1.69704, 1.83258, 2.00591, 2.08028, 1.7557, 1.32226, 1.44661, 1.45744, 1.34702, 1.41734, 1.6124, 1.53811, 1.61273, 1.39587, 1.04346, 1.0623, 1.40873, 1.69812, 1.99705, 1.72675, 1.39557, 1.3811, 1.77734, 1.96931
4.66, 0.0319376, 1.16942, 1.33623, 1.62989, 1.24808, 1.96928, 1.98412, 1.12332, 1.39818, 1.36527, 1.66338, 1.93585, 1.65651, 1.11045, 1.00083, 0.766779, 1.38257, 1.08664, 0.648957, 1.05496, 0.563739, 1.22609, 1.5157, 1.35957, 1.23485, 1.47987, 1.74064, 2.06912, 1.96086, 1.89446, 2.12891
4.68, 0.0319376, 1.62618, 1.1285, 1.20837, 1.37816, 2.3034, 2.19336, 1.49063, 2.05807, 2.29423, 2.33228, 1.7683, 2.11553, 1.99046, 1.41182, 1.53458, 1.67308, 1.46067, 1.14668, 1.3023, 1.05757, 1.18928, 0.919875, 1.16125, 1.56956, 1.43357, 1.46778, 1.73451, 1.92669, 1.80921, 2.1601
4.7, 0.0319376, 0.812938, 1.16689, 1.27636, 1.79018, 1.58056, 1.94866, 1.8754, 1.7027, 2.5577, 2.05505, 1.2755, 1.27058, 1.62266, 1.83195, 1.70694, 1.21765, 1.30545, 0.848801, 0.816277, 0.982739, 1.21768, 1.10917, 1.32036, 1.54075, 1.55924, 1.4596, 1.32897, 1.71705, 1.74579, 1.71382
4.72, 0.0319376, 1.40603, 1.14336, 2.13973, 2.16855, 1.7875, 1.8588, 1.51484, 1.3556, 1.96587, 2.02917, 1.40468, 1.67356, 2.09587, 1.42253, 0.942373, 1.25344, 0.935233, 1.22078, 1.34346, 1.17123, 1.32374, 1.41187, 1.34441, 1.4961, 1.57281, 1.75406, 1.56972, 1.56395, 1.72387, 1.82259
4.74, 0.0319376, 0.672765, 1.53208, 1.37755, 1.4761, 1.85204, 1.52999, 1.39974, 1.88261, 2.02506, 2.20383, 2.06707, 2.10576, 1.58067, 1.32861, 0.788935, 1.24789, 1.12252, 1.03964, 1.46967, 1.31551, 1.21361, 1.63646, 1.46033, 1.54228, 1.84614, 1.71736, 1.55135, 1.72867, 1.80222, 1.69975
4.76, 0.0319371, 0.881536, 1.12871, 0.991092, 1.85607, 2.22257, 1.72791, 1.84154, 2.226, 2.30639, 1.72128, 1.47543, 1.61618, 1.4539, 1.54307, 1.31819, 1.4287, 1.61048, 1.32973, 1.29992, 1.10505, 1.04125, 1.23562, 1.49876, 1.34339, 1.3274, 1.23805, 1.7409, 2.18249, 1.78714, 1.79789
4.78, 0.0319371, 1.26001, 0.681132, 1.20688, 0.927603, 1.46524, 2.17772, 1.56474, 1.8309, 2.13081, 1.72756, 1.7684, 1.83071, 1.72725, 1.64217, 1.20853, 1.60083, 1.42194, 1.0685, 0.890179, 1.29382, 1.45024, 1.40432, 1.34924, 1.59096, 1.48935, 1.44656, 1.45948, 1.58846, 1.71088, 1.7978
4.8, 0.0319371, 0.809155, 1.94327, 1.76879, 1.56889, 1.61186, 1.87742, 1.39378, 1.70059, 2.00111, 2.01473, 2.12222, 1.42166, 0.914203, 1.42012, 0.791307, 0.571937, 0.616584, 1.48298, 1.41579, 1.08724, 1.3868, 1.87425, 1.82894, 1.53734, 1.82654, 1.73848, 1.84836, 1.54636, 1.75326, 2.03657
4.82, 0.0319371, 0.948398, 1.30311, 1.38564, 1.38633, 1.97119, 1.9868, 1.91131, 1.74879, 2.19154, 2.40788, 2.20263, 1.72489, 1.98326, 1.68113, 1.37751, 0.849691, 1.15207, 0.8312, 0.988453, 0.788686, 0.672013, 1.37919, 1.72551, 1.62194, 1.22234, 1.63962, 1.68543, 1.97729, 2.07296, 2.09972
4.84, 0.0319371, 1.28469, 1.60287, 1.04205, 2.11996, 2.18379, 2.16549, 1.79561, 2.30997, 2.68345, 2.17554, 2.21576, 1.94381, 1.65808, 1.78728, 1.70082, 1.15709, 0.920404, 1.09482, 1.27626, 1.28539, 1.17382, 1.23556, 1.14302, 1.22323, 1.23617, 1.37058, 1.73871, 1.77235, 1.89506, 1.74591
4.86, 0.0319376, 1.18287, 1.28749, 1.88309, 1.13745, 1.60836, 2.24102, 1.29615, 1.69412, 1.76959, 1.72641, 2.30464, 1.82147, 1.32907, 1.04326, 0.910804, 1.00429, 1.20448, 1.62707, 1.16455, 1.04973, 1.22542, 1.38552, 1.42856, 1.84097, 1.75671, 1.70597, 1.93567, 1.98721, 1.82198, 2.03904
4.88, 0.0319376, 1.75877, 2.07417, 1.65906, 1.46545, 1.63231, 2.28068, 1.75643, 1.81201, 2.15883, 1.79739, 1.7233, 1.41776, 1.77439, 1.54296, 1.46825, 0.916156, 1.32188, 1.63421, 1.49906, 1.18242, 1.25817, 1.1508, 1.38015, 1.02916, 1.20951, 1.3332, 1.82847, 1.92009, 1.87312, 2.05429
4.9, 0.0319376, 1.10317, 1.59677, 1.54012, 2.17578, 1.92854, 1.78324, 1.31936, 1.91647, 2.23795, 1.82918, 1.52362, 1.49366, 1.69586, 1.23801, 1.12351, 0.935418, 0.779118, 1.17649, 1.09119, 0.958571, 0.931673, 0.967146, 0.985177, 1.37912, 1.59326, 1.37116, 1.75038, 2.10517, 2.18613, 2.19401
4.92, 0.0319376, 0.933744, 1.78542, 1.77142, 2.53102, 2.00202, 1.75933, 1.98788, 1.36922, 2.28714, 2.54585, 1.61682, 2.23822, 1.97687, 1.18755, 1.37772, 0.798968, 1.12082, 1.27577, 1.02113, 1.10707, 1.35585, 1.12229, 1.0349, 1.65863, 1.59106, 1.76611, 1.61888, 1.75055, 1.80623, 1.78982
4.94, 0.0319376, 0.640617, 1.03592, 1.88521, 2.03341, 1.95242, 1.75626, 1.54548, 2.04514, 2.40544, 2.45217, 2.13847, 1.0028, 1.29385, 1.30032, 1.1447, 1.1537, 1.17984, 0.904736, 0.845885, 1.38966, 1.40836, 1.19851, 1.45475, 1.48492, 1.38913, 1.87745, 2.00401, 1.95335, 1.90103, 1.94045
4.96, 0.0319376, 1.96552, 1.31731, 1.83975, 2.16499, 2.04838, 1.69828, 1.02148, 1.19611, 2.03995, 2.30422, 2.02667, 1.87747, 1.79014, 1.49099, 1.17413, 1.19037, 1.16485, 1.24101, 0.964132, 1.28165, 0.994568, 1.26949, 1.41415, 1.34841, 1.50102, 1.76194, 1.84159, 2.21232, 2.47711, 2.11491
