# Time (seconds), Duration (seconds), f0, f1, f2, f3, f4, f5, f6, f7, f8, f9, f10, f11, f12, f13, f14, f15, f16, f17, f18, f19, f20, f21, f22, f23, f24, f25, f26, f27, f28, f29
0, 0.0319375, 1.99633, 0.878314, 0.591807, 0.395612, 0.775356, 0.489439, -0.22335, -0.307746, -0.655066, -0.0196838, 0.135067, 0.21637, -0.0426654, -0.121547, 0.523955, 0.767337, 0.538235, 0.608211, 0.833246, 0.580035, 0.86667, 1.09331, 1.16251, 1.03237, 1.17674, 1.38336, 1.40671, 1.61635, 1.59674, 2.0336
0.02, 0.0319375, 0.064733, 0.675185, 0.344799, -0.139766, 0.361965, -0.699642, -1.10986, -0.618095, 0.603545, 0.74565, 0.457882, 0.549368, 0.292034, 0.324992, 0.301592, 0.323389, 0.94926, 0.647603, 0.87416, 0.942056, 1.01005, 0.772157, 0.989608, 1.03134, 1.35688, 1.28345, 1.05247, 1.15353, 1.26461, 1.6604
0.04, 0.0319375, 0.0867887, -0.126178, -0.572116, -0.638264, 0.101261, -0.423615, -0.952227, -0.504327, 0.131918, 0.395913, 0.262788, 0.551066, 0.199015, 0.325745, 0.305312, 0.48655, 0.803874, 0.776679, 0.550074, 1.2459, 0.853423, 0.941791, 1.43333, 1.20218, 1.25473, 1.21751, 1.15548, 1.24388, 1.28219, 1.68591
0.06, 0.0319375, 1.51674, 0.498281, 0.589228, 0.555845, 1.03808, 0.492588, -0.326815, -0.572354, 0.522901, 0.298459, 0.257802, -0.132135, 0.0552618, 0.161324, 0.115497, 0.894159, 0.843878, 0.557473, 0.893662, 1.27639, 1.15354, 1.2954, 1.62861, 1.3828, 1.14256, 1.06753, 1.08232, 1.30531, 1.57843, 1.50131
0.08, 0.0319375, 0.658638, 0.469235, 0.61818, 0.500195, 0.501445, -0.393596, -0.497235, -0.127758, 0.397903, 0.034823, -0.0134319, 0.267881, 0.0644437, 0.137131, 0.510584, 0.287664, 0.729524, 0.678201, 0.836875, 1.29231, 0.92291, 1.03974, 1.46412, 0.991725, 1.26625, 1.3743, 1.47762, 1.20978, 1.1177, 1.49853
0.1, 0.0319375, 2.56947, 0.79919, 0.649266, 1.55701, 1.53673, 0.0855128, -0.0779756, 0.658005, 0.999545, 0.664327, 0.701363, 0.561931, 0.237647, 0.20523, 0.280343, 0.711762, 0.175862, 0.21989, 0.537426, 1.05148, 1.37244, 1.15864, 1.40788, 1.56055, 1.22447, 1.1722, 1.20664, 1.23175, 1.35288, 1.94365
0.12, 0.0319375, 1.73429, 1.00149, 0.655429, 0.192807, 0.749777, 0.0636687, -0.132807, -0.761944, -0.241229, -0.41615, -1.08487, -0.521125, 0.120097, 0.104904, 0.820827, 1.09985, 0.744699, 0.741098, 0.755347, 0.594787, 0.751762, 1.02002, 1.2308, 1.46203, 1.24396, 1.11177, 1.21732, 1.12976, 1.50698, 1.70969
0.14, 0.0319375, 0.807569, 0.434181, 0.244767, 0.102182, 0.179172, -0.460251, -0.00904363, -0.436337, 0.0898619, 0.285618, -0.0476935, -0.0221338, -0.446842, 0.292011, 0.446215, 0.354051, 1.08245, 0.788891, 0.881685, 1.15677, 0.878302, 0.886719, 0.976808, 1.17475, 1.36499, 1.11122, 1.36724, 1.36004, 0.973958, 1.55643
0.16, 0.0319375, 0.881116, 0.873391, -0.28848, -0.132093, 0.736062, 0.1247, -0.398449, -0.21073, 0.00871923, 0.0811345, 0.526599, 0.483148, 0.139262, 0.116213, 0.458925, 0.849096, 0.431142, -0.00293375, 0.296287, 0.804147, 0.51443, 1.04867, 1.11208, 1.14958, 1.22346, 1.08073, 1.46931, 1.36169, 1.34156, 1.53034
0.18, 0.0319375, 0.728042, 0.464838, 0.00246459, -0.449651, 0.435833, -0.140282, -0.30762, 0.364406, -0.20086, 0.31731, 0.0213388, 0.0712912, 0.0391072, 0.0295162, 0.224995, 0.326355, 0.451701, 0.525337, 0.569946, 0.724511, 0.710378, 1.02245, 1.3624, 1.15885, 1.12658, 1.25181, 1.06889, 1.18118, 1.29233, 1.69239
0.2, 0.0319375, 1.81173, 0.310168, 0.747079, 0.1263, 0.356682, 0.0731473, -0.43274, -0.232585, 0.236121, 0.623017, 0.0355648, 0.237868, 0.0354621, 0.104299, 0.742577, 0.712896, 0.443338, 0.744332, 0.640503, 0.638826, 0.647302, 0.828803, 1.41086, 1.1589, 1.24543, 1.22953, 1.43784, 1.25102, 1.43996, 1.66024
0.22, 0.0319375, 0.990402, 0.405315, 0.665453, 0.649593, 0.469528, 0.289955, 0.145794, -0.191615, -0.23881, 0.166313, 0.477178, 0.0233051, -0.497141, 0.279638, 0.660924, 0.729776, 0.334806, 0.253548, 0.65883, 1.1951, 1.03275, 0.986545, 1.29869, 1.10457, 1.14987, 1.3396, 1.31498, 1.16761, 1.45876, 1.7466
0.24, 0.0319375, 1.80799, 1.29397, 0.946405, 0.892132, 1.08034, -0.0723297, -0.522297, -0.673707, 0.421342, 0.489669, -0.623291, -0.338249, 0.135375, 0.0318226, 0.696149, 0.896443, 0.811619, 0.709525, 1.01212, 0.735557, 0.900182, 0.611102, 1.28507, 1.26731, 1.40189, 1.14096, 1.2284, 1.07575, 1.35833, 1.94993
0.26, 0.0319375, 1.22703, -0.0365441, -0.0209256, 0.370452, -0.122473, -0.280945, -0.776208, -0.020966, 0.306707, 0.567541, -0.544785, -0.330802, 0.0758431, 0.279443, 0.424256, 0.666428, 0.538918, 0.900603, 0.662789, 0.956584, 1.039, 1.1064, 1.22542, 0.866613, 0.946317, 1.05387, 1.22905, 1.36346, 1.46972, 1.91476
0.28, 0.0319375, 1.99312, 1.38351, 1.49388, 1.08413, 0.792242, 0.497578, -0.248782, -0.0749861, -0.0898945, 0.341787, 0.197032, -0.15114, 0.0675279, -0.0663094, -0.128853, 0.28732, 0.709884, 0.0931957, 0.781197, 1.29145, 0.921194, 0.994559, 1.25267, 1.20881, 1.01202, 1.48519, 1.29101, 1.44074, 1.38971, 1.96948
0.3, 0.0319375, -0.158396, 0.457362, 0.232856, 0.143158, 0.0550762, 0.0551878, -0.702656, -0.611089, -0.411333, 0.64252, 0.616778, 0.42067, 0.442463, 0.0319123, 0.874515, 0.920037, 0.772111, 0.667495, 0.921683, 1.18126, 0.681405, 1.06538, 1.41713, 1.44329, 0.804143, 1.145, 1.24774, 1.13011, 1.35726, 1.96244
0.32, 0.0319375, 1.45195, 0.4794, 0.358402, 0.488699, 0.706351, 0.209059, 0.11097, -0.299707, 0.0413874, -0.213256, -0.275332, 0.223553, 0.0653604, 0.0473042, 0.213142, 0.87344, 0.816407, 0.554853, 0.851342, 1.27394, 0.946095, 0.904994, 1.44536, 1.44342, 1.0132, 1.32526, 1.20435, 1.40119, 1.59815, 1.89957
0.34, 0.0319375, 1.79662, 0.251445, -0.161711, -0.0339534, 0.688774, 0.534341, 0.0520208, -0.0261246, 0.180123, 0.350981, 0.273786, 0.249889, 0.145375, -0.0253384, -0.191802, 0.9421, 0.728694, 0.479601, 0.967089, 1.27214, 1.39323, 0.851383, 1.12338, 1.21111, 1.20037, 1.63011, 1.60813, 1.19661, 1.74126, 1.8078
0.36, 0.0319375, 0.94027, 0.696422, 0.742438, 0.574797, 1.16279, 0.444856, -0.327378, -0.0644132, 0.473732, 0.573275, 0.0856687, 0.50077, 0.341391, 0.0878105, 0.755553, 1.08993, 0.818253, 0.770701, 0.890956, 1.08668, 1.12035, 1.43473, 1.47395, 1.31707, 1.59675, 1.66396, 1.53035, 1.50606, 1.50843, 2.1176
0.38, 0.0319375, 1.74307, 0.548503, 0.376999, 1.03625, 1.20245, -0.468913, -0.615894, -0.451633, -0.15136, 0.937303, 0.225946, -0.283977, -0.114928, 0.471883, 0.204537, 0.891586, 0.824761, 0.178473, 0.629123, 1.15188, 1.16349, 0.762717, 1.43413, 1.30998, 1.27964, 1.40677, 1.32335, 1.5332, 1.47346, 2.01149
0.4, 0.0319375, 1.65944, 0.426274, 0.0469961, -0.808394, -0.0743207, 0.21136, -0.655207, -0.0876042, 0.435299, 0.369608, 0.171348, 0.509734, 0.139407, -0.0111515, 0.540055, 0.40753, 0.273126, 0.734583, 0.901459, 1.10583, 0.812389, 0.840795, 1.18243, 1.16784, 0.991363, 1.04374, 1.30453, 1.43615, 1.22754, 1.86768
0.42, 0.0319375, 1.82457, 0.964474, 0.846453, 1.0384, 1.0278, 0.378126, -0.292643, 0.125614, 0.0802765, -0.078942, -0.352292, -0.517478, -0.23827, 0.214875, 0.440065, 0.703, 0.491065, 0.276262, 0.64713, 1.21916, 1.13618, 0.671304, 0.69497, 1.31631, 1.5034, 1.4981, 1.31907, 1.45776, 1.42299, 1.96037
0.44, 0.0319375, 1.11223, 0.98509, 0.109119, 0.461054, 0.542639, -0.202631, -1.68457, -0.732874, -0.0735822, -0.0158098, -0.635019, -0.673161, -0.501494, 0.310624, 0.158497, 0.420086, 0.172733, 0.249653, 0.63671, 0.875635, 0.460905, 0.709063, 1.38955, 1.04326, 0.974048, 1.0703, 1.04911, 0.906254, 0.970145, 1.35407
0.46, 0.0319375, 1.81841, 1.35011, 0.503881, 1.15088, 1.03009, 0.378236, -0.0840405, -0.98424, -0.419666, -0.061746, -0.0533072, -0.729154, -0.349729, -0.14253, 0.455018, 0.672866, 0.387451, 0.838028, 0.817349, 1.20559, 0.574871, 0.571172, 1.13155, 1.0853, 1.08918, 0.92712, 1.3216, 1.22179, 1.1909, 1.71503
0.48, 0.0319375, 1.97504, 1.36826, 1.40368, 1.18842, 1.61805, 1.00627, -1.04138, -1.28318, 0.441263, 0.314318, 0.0185188, -0.189926, -0.339244, 0.103833, 0.151445, 0.551672, 0.295701, 0.108533, 0.481432, 0.649565, 1.13635, 0.733496, 0.816975, 1.15177, 0.957753, 1.40036, 1.29279, 0.740729, 1.11118, 1.41122
0.5, 0.0319375, 0.466958, 0.785847, 0.214761, 0.148039, 0.698396, -0.318889, -0.807401, -0.506349, -0.61274, -0.0430508, 0.546383, 0.174176, 0.0562523, -0.300697, 0.542982, 0.455976, 0.55898, 0.526667, 0.987664, 0.703479, 0.718105, 1.29245, 1.74285, 1.32884, 1.21532, 1.39052, 1.16027, 1.21867, 1.22934, 1.38313
0.52, 0.0319375, 0.863001, 0.227456, 0.957414, 0.249912, 0.384523, -0.033164, -0.0800406, -0.0632886, 0.186335, 0.591177, 0.190191, 0.105865, 0.267426, 0.0194869, 0.0164036, 0.441786, 0.708085, 0.652408, 0.683204, 0.787906, 0.792669, 1.19869, 1.37706, 1.28744, 1.00788, 1.2223, 1.1124, 1.30034, 1.37625, 1.70497
0.54, 0.0319375, 1.25814, 0.0305388, 0.389882, 0.841562, 0.847619, -0.0765709, -0.393911, -0.528714, 0.236112, 0.121432, -0.349366, -0.31379, -0.392652, 0.163947, 0.117529, 0.263725, 0.447842, 0.499375, 0.453316, 0.935286, 0.943306, 1.01522, 1.41548, 1.58912, 1.26726, 1.1712, 1.31006, 1.47424, 1.47372, 1.58225
0.56, 0.0319375, 1.69259, 0.505486, 1.82451, 1.69728, 0.868441, 0.571522, -0.212438, 0.363312, 0.241393, 0.455442, 0.513663, 0.353936, 0.562543, 0.0847615, 0.533662, 0.579353, 0.292024, 0.586509, 0.650916, 0.888138, 0.703589, 0.618378, 1.24234, 1.19325, 1.18906, 1.08813, 1.05888, 1.05472, 1.37402, 1.71328
0.58, 0.0319375, 0.839824, -0.0499296, -0.438735, 0.136058, 0.404689, -0.121338, -0.987956, -0.579484, 0.402951, 0.54116, 0.288118, -0.120195, -0.165014, 0.497281, 0.540647, 0.39598, 0.548478, 0.731588, 0.361041, 0.673053, 0.829276, 0.832207, 1.10596, 1.15472, 0.779964, 1.06753, 1.34495, 1.27172, 1.5214, 1.91094
0.6, 0.0319375, 1.601, 0.754249, 0.491385, 1.16531, 0.937008, 0.0168696, -1.04075, -0.275136, 0.173754, 0.319748, 0.212612, -0.14631, -0.0506867, 0.227813, 0.0565635, 0.800195, 0.425087, 0.770433, 0.589396, 1.10157, 0.819502, 1.35537, 1.22655, 1.20231, 1.26867, 1.52006, 1.20259, 1.30807, 1.37976, 1.83285
0.62, 0.0319375, 0.904259, 0.460327, 0.66201, 0.261731, 0.33775, -0.584872, -0.942265, -0.143738, -0.0656958, 0.497682, -0.142903, -0.491221, 0.155164, 0.600791, 0.0275118, 0.760663, 0.45312, 0.613443, 0.534681, 0.58835, 0.578212, 0.952155, 1.23019, 0.791419, 1.17413, 1.06429, 1.17639, 1.60243, 1.46931, 1.97439
0.64, 0.0319375, 1.63011, 0.618663, 0.65843, 0.717623, 1.01765, 0.600564, -0.257685, -0.912667, 0.336508, 0.510591, -0.0430151, 0.10926, -0.276812, -0.0602087, 0.249364, 0.939521, 0.627543, 0.563167, 0.702182, 0.65179, 0.665068, 0.711794, 1.30465, 1.08779, 1.16862, 1.36925, 1.28828, 1.05902, 1.40954, 1.69109
0.66, 0.0319375, 2.60345, 1.59075, 2.08395, 1.5863, 1.19582, 0.665774, -0.171245, -0.178972, 0.322322, -0.136359, -0.11771, -0.104915, -0.306444, 0.176311, 0.13806, 0.297245, 0.50829, 0.558284, 0.843333, 0.977896, 0.946782, 0.857892, 0.854983, 1.08918, 0.813258, 1.09636, 1.37665, 1.02505, 1.03779, 1.62244
0.68, 0.0319375, 0.958328, 0.998641, 0.0938336, 0.0213095, 0.744338, 0.578293, -0.423072, -0.348053, 0.342133, 0.44294, 0.134378, 0.204666, -0.0894592, 0.252208, 0.723767, 0.763394, 0.69455, 0.335122, 0.63638, 0.635019, 0.950143, 0.764755, 0.773176, 1.09313, 0.747798, 0.847303, 0.883986, 1.20051, 1.35095, 1.7197
0.7, 0.0319375, 0.221144, -0.187112, -0.124428, 0.583946, 0.306573, -0.346629, -0.886956, -0.672742, -0.969818, -0.0464934, -0.00315902, -0.127834, -0.0756723, -0.0177638, 0.106609, 1.12192, 0.849096, 0.598315, 0.672603, 0.60242, 0.693497, 0.694448, 1.03992, 0.882509, 0.806272, 1.33703, 1.25157, 1.29903, 1.45966, 1.62341
0.72, 0.0319375, 0.575485, -0.203817, -0.276517, -0.10798, 0.479566, -0.599463, -0.979571, -0.639834, 0.0713696, 0.111575, 0.358374, 0.357035, -0.0124238, 0.170832, -0.272441, 0.490516, 0.213407, 0.527925, 0.686777, 0.25093, 0.69698, 0.89539, 1.11107, 1.31112, 1.32717, 1.12904, 1.4232, 1.34702, 1.28459, 1.76696
0.74, 0.0319375, 1.48672, 0.648948, 0.161436, 0.339463, 0.359739, 0.101278, -0.466228, -0.836103, 0.0771441, 0.239428, 0.285734, 0.105648, 0.637146, -0.0710234, -0.364365, 0.678337, 0.557056, 0.793871, 0.791172, 1.05248, 0.591531, 0.717859, 1.1883, 1.19661, 1.36445, 1.32218, 1.31549, 1.50614, 1.42272, 1.92896
0.76, 0.0319375, 1.26995, 1.00929, 0.645468, 0.368269, 0.443971, 0.383044, 0.0498555, -0.150604, -0.160553, -0.280015, -0.00344063, -0.636825, 0.174529, 0.155994, 0.435132, 0.836026, -0.0968105, 0.469326, 0.528982, 0.501196, 1.14815, 0.960223, 1.20357, 0.746064, 1.163, 1.15857, 1.40954, 1.43305, 1.3038, 1.65155
0.78, 0.0319375, -0.023295, 0.864531, 1.19492, 0.891189, 1.04137, 0.273681, -1.34356, -0.462478, 0.853224, 0.591547, -0.00597698, 0.164303, 0.39867, 0.208908, 0.269416, 0.222119, 0.114515, 0.520338, 0.599897, 0.766783, 0.900042, 1.03891, 1.31657, 1.02631, 1.17682, 1.47182, 1.40492, 1.28224, 1.18697, 1.23148
0.8, 0.0319375, 0.436861, 0.515291, -0.217072, 0.259309, -0.0731965, -0.513337, -0.331401, -0.299768, -0.019644, -0.269656, 0.0459659, 0.0858212, -0.436669, -0.0677814, 0.168369, 0.385443, 0.505658, 0.677391, 0.409012, 1.10515, 0.623538, 0.799932, 1.12386, 1.29336, 1.2215, 1.39518, 1.56374, 1.52538, 1.37796, 1.5897
0.82, 0.0319375, -0.129504, -0.329202, -1.13007, -0.677179, -0.00127683, -0.677036, -1.04875, 0.123756, -0.216041, 0.0134721, 0.589696, 0.302997, -0.165575, 0.227125, -0.090644, 0.799456, 0.408029, 0.69254, 1.19051, 1.2132, 0.706854, 0.648505, 0.845801, 1.18162, 0.944037, 0.922944, 1.41771, 1.61354, 1.78371, 1.69828
0.84, 0.0319375, 1.30276, -0.0614541, -0.828933, 0.216298, 0.0407114, -1.25549, -1.22185, 0.121759, 0.271556, 0.789767, 0.350541, 0.510526, 0.519543, 0.125196, 0.4145, 0.998191, 0.796037, 0.618047, 0.847176, 0.737717, 0.757791, 0.80449, 1.27226, 1.03997, 1.0904, 1.25855, 1.2749, 1.58096, 1.58235, 1.89175
0.86, 0.0319375, 0.909179, 0.195857, -1.28793, -0.776136, -0.152474, -1.07414, -0.404892, 0.223605, 0.288723, 0.495557, 0.321866, 0.175957, -0.329488, -0.164512, 0.228699, 0.942386, 0.972393, 0.72299, 1.10877, 1.01692, 1.29576, 0.974253, 1.39108, 1.25398, 0.952731, 1.4991, 1.54498, 1.56187, 1.38518, 1.69015
0.88, 0.0319375, 2.00165, 0.896264, 0.646713, 1.50105, 1.96322, 0.511873, 0.0126938, 0.442473, 0.410265, 0.0459626, -0.057579, 0.180922, 0.185367, 0.690569, 0.635924, 0.576043, 0.558028, 0.685357, 0.984807, 1.25584, 1.11822, 1.177, 1.29142, 1.38697, 1.60614, 1.51192, 1.43573, 1.78392, 1.52716, 1.99985
0.9, 0.0319375, 1.09532, 1.0007, 0.606269, 0.825014, 0.764207, -0.532412, -0.738387, -0.397176, -0.0590325, 0.495841, -0.0674488, -0.0501616, 0.324165, 0.218091, 0.39287, 1.02728, 0.524248, 0.0949218, 0.668017, 0.483607, 0.614498, 0.848016, 1.15934, 1.07322, 1.09416, 1.09878, 1.43143, 1.60948, 1.57056, 1.68683
0.92, 0.0319375, 2.43059, 1.62289, 1.85399, 1.5385, 1.28407, 0.160869, 0.692149, 0.314772, 0.188946, 0.459034, 0.117126, 0.660541, 0.131856, -0.0169671, 0.211859, 0.740355, 0.542974, 0.678886, 1.07186, 0.661361, 0.799748, 0.619135, 1.3663, 1.0492, 0.749194, 0.839938, 1.24488, 1.56848, 1.3794, 1.50858
0.94, 0.0319375, 1.6511, 0.021363, 0.199152, 0.22342, 0.485779, -0.0410289, -0.185434, 0.0181936, -0.287985, 0.0380659, 0.409965, -0.0603402, -0.0481655, 0.638879, 0.801119, 0.398157, 0.192808, 0.577613, 0.748477, 0.520749, 0.668135, 0.913996, 0.511991, 1.15022, 1.18479, 1.15428, 1.36607, 1.04626, 1.32793, 1.3593
0.96, 0.0319375, 1.61015, 1.16902, 1.01069, 0.35044, 0.325947, 0.0271731, -0.28871, -0.17876, 0.38469, 0.764187, 0.178249, -0.603473, -0.480976, -0.0576362, 0.353568, 0.528646, 0.748488, 0.852388, 0.640579, 1.26413, 0.815947, 0.806306, 1.01814, 0.949818, 0.627929, 0.978277, 1.09599, 1.22694, 1.54185, 1.31833
0.98, 0.0319375, 1.7645, 1.61993, 0.893398, 0.311734, 0.779319, -0.0986769, -0.524304, -0.175804, 0.604811, 0.332457, -0.0197744, -0.232223, -0.437417, -0.173508, 0.268823, 0.440538, 0.199693, 0.345353, 0.716437, 0.566261, 0.848589, 1.00856, 1.41512, 1.11513, 1.011, 0.76417, 1.5515, 1.3673, 1.19593, 1.76263
1, 0.0319375, 1.30358, 0.886264, -0.0945344, 0.248973, 0.371663, -0.364731, -0.0675426, -0.311096, -0.102582, -0.343699, -0.211931, 0.102439, -0.316662, 0.17699, 0.627722, 0.828734, 0.694325, 0.478693, 0.935408, 0.945499, 0.718967, 0.783721, 1.20999, 0.890809, 1.29017, 1.357, 1.42039, 1.42456, 1.45251, 1.2951
1.02, 0.0319375, 2.10267, 1.07848, 0.844432, 1.13463, 0.504492, 0.0923052, 0.0582425, 0.0653973, 0.101972, -0.295047, 0.110075, -0.0848691, 0.0114351, -0.0940636, 0.111825, 1.01392, 0.598084, 0.356336, 0.985025, 1.10874, 0.920253, 0.666264, 1.40862, 1.42966, 1.11222, 1.14604, 1.29499, 1.30641, 1.40331, 1.82709
1.04, 0.0319375, 1.47355, 1.20784, 0.757565, 0.823208, 1.24263, 0.313016, -0.244922, -0.489097, -0.224049, 0.592284, 0.785323, 0.364523, -0.307123, 0.328432, 0.444851, 0.184784, 0.388535, 0.554527, 0.948164, 0.951983, 0.785015, 0.85008, 1.35181, 0.768795, 0.687903, 1.07598, 1.26027, 1.16618, 1.50679, 1.51687
1.06, 0.0319376, 1.07059, -0.076398, 0.693523, -0.0872228, 0.60094, 0.000760028, -0.605993, -0.614133, -0.490227, 0.0802404, -0.428155, 0.207632, -0.386213, -0.168818, 0.432455, 0.641075, 0.409148, -0.00937419, 0.522182, 0.665839, 0.444078, 0.953748, 1.18623, 1.02129, 0.773211, 1.08866, 1.25022, 1.47212, 1.55626, 1.46895
1.08, 0.0319375, 1.16757, 0.104451, 0.263559, -0.336043, -0.23222, -0.304687, -1.1717, -0.599704, 0.562108, 0.984193, 0.41841, -0.0787181, -0.925824, 0.100065, -0.211695, 0.183954, 0.475072, 0.271127, 0.800465, 0.507617, 0.49501, 0.644573, 1.03806, 1.3435, 0.994784, 1.40998, 1.17168, 1.39218, 1.55838, 1.52728
1.1, 0.0319375, 1.17345, 0.187871, 0.195977, -0.354292, 0.293579, -0.653872, -0.771268, -0.0932391, 0.0469065, 0.24229, 0.365877, -0.0702117, -0.469673, -0.181821, 0.430712, 0.508957, 0.722795, 0.774387, 0.81711, 0.836478, 1.12391, 1.20487, 1.2382, 1.12863, 1.24076, 1.03622, 1.40149, 1.30267, 1.4803, 1.60829
1.12, 0.0319375, 2.11723, 1.30394, 1.04311, 1.11711, 0.85138, 0.855087, 0.153039, -0.553565, 0.362157, 0.67352, 0.185026, -0.0221741, -0.374402, 0.181048, 0.0201345, 0.753372, 0.639748, 0.823731, 0.445419, 0.710873, 0.550659, 1.1352, 1.26507, 1.19452, 0.8289, 0.919993, 1.29832, 1.46944, 1.26242, 1.38088
1.14, 0.0319375, 0.625327, 0.0723763, -0.207998, -0.153704, -0.133518, -0.621342, -0.939319, -0.578886, -0.246733, -0.0274419, 0.0568562, -0.0286331, -0.336037, 0.17681, 0.487402, 0.623441, 0.595401, 0.525511, 0.497232, 1.03809, 0.536258, 0.754751, 1.45903, 1.17624, 0.863796, 1.11952, 1.30328, 1.33946, 1.35573, 1.57484
1.16, 0.0319375, 1.48484, 0.173127, 1.00466, 1.11069, 0.780776, -0.190978, -0.546007, -0.720699, -0.223563, -0.379503, -0.703288, 0.229055, 0.143047, -0.11061, 0.5542, 0.947139, 0.610951, 0.306088, 1.06741, 0.876507, 0.769789, 1.27781, 1.48747, 1.25331, 1.17439, 1.19818, 1.22434, 1.39817, 1.44909, 1.77406
1.18, 0.0319376, 1.19003, 0.426602, 0.156855, 0.45255, 1.12953, 0.433707, -0.549014, -1.13609, -0.459875, -0.0684201, -0.0951527, -0.0903671, 0.0913178, 0.538521, 0.839136, 0.779457, 0.211762, 0.721831, 0.537602, 0.764745, 0.686473, 1.08866, 1.20563, 1.14192, 0.753594, 0.933789, 1.39536, 1.45198, 1.38413, 1.76326
1.2, 0.0319375, 0.980533, 0.846783, 0.214676, 0.361718, 0.438668, -0.234763, -0.863863, -0.659383, -0.235765, 0.0539165, -0.249202, 0.0106887, 0.0347326, 0.539322, 0.577254, 0.548878, 0.830036, 0.357324, 0.243951, 0.6797, 0.760281, 1.06487, 1.24379, 1.1474, 1.13182, 1.02125, 1.02793, 1.24713, 1.25455, 1.70264
1.22, 0.0319375, 1.64192, 0.0612925, 0.517619, 1.024, 0.639195, -0.202554, 0.105069, -0.279294, -0.474841, 0.24652, 0.00625036, -0.187313, -0.318868, 0.272718, 0.423961, 0.489409, 0.307808, 0.394771, 0.836466, 1.05584, 0.694533, 0.921864, 1.28851, 1.36825, 1.04517, 0.81516, 1.0185, 1.44489, 1.54149, 1.40874
1.24, 0.0319375, 2.50037, 1.4245, 1.41545, 1.71113, 1.28724, 0.621011, -0.205177, -0.228066, 0.359156, 0.473302, 0.321068, -0.179077, -0.187222, 0.656518, 0.525033, 0.739791, 0.975909, 0.557573, 0.493364, 0.675542, 0.542151, 0.490977, 0.884133, 0.74807, 0.904609, 0.917358, 0.821923, 1.07452, 1.5862, 1.72202
1.26, 0.0319375, 1.35139, 0.808808, 0.855368, 1.2294, 1.24508, -0.0407269, -0.66698, -0.306842, 0.753292, 1.15303, -0.0705527, -1.10403, -0.497471, -0.0638883, 0.236609, 0.48003, 0.561356, 0.417156, 0.451548, 0.681371, 0.771593, 0.921677, 1.07426, 1.13959, 0.881808, 1.22975, 1.19185, 1.15186, 1.30951, 1.5157
1.28, 0.0319375, 1.32253, 0.673223, 0.658828, 0.165332, -0.148227, -0.163949, -0.100409, -0.485491, -0.640533, -0.515265, -0.391865, -0.232781, -0.231086, -0.286973, 0.330068, 0.750451, 0.284465, 0.144082, 0.218172, 0.859008, 1.08343, 1.10553, 0.95427, 1.22767, 1.23207, 1.24033, 1.51634, 1.44197, 1.43054, 1.51284
1.3, 0.0319376, 0.409102, 0.431504, -0.231515, -0.823615, 0.169611, -0.229211, -0.689645, -0.830772, 0.338186, 0.161402, 0.196817, -0.354794, -0.498029, -0.161188, 0.558394, 0.887603, 0.715146, 0.268142, 0.765978, 0.711663, 0.498906, 0.864588, 1.35056, 1.2225, 1.05849, 1.14023, 1.38888, 1.32614, 1.41084, 1.10265
1.32, 0.0319375, 0.760822, 0.932835, -0.0172938, 0.237289, 0.624376, -0.764428, -1.13248, -0.605534, 0.101184, 0.368019, -0.243302, -0.200216, -0.0681567, 0.383454, 0.297091, 0.427662, 0.379955, 0.482612, 0.488403, 0.675669, 0.923669, 0.605021, 1.19771, 1.16655, 1.069, 1.105, 1.06325, 1.33384, 1.23603, 1.80129
1.34, 0.0319375, 0.0842167, 0.189535, 0.84923, 0.321618, 0.771367, 0.274875, -0.448157, -0.00775295, 0.0275067, 0.143865, 0.112339, -0.0513088, -0.0316948, 0.248516, 0.471626, 0.36152, 0.162458, 0.210089, 0.562133, 1.01431, 0.984991, 1.17899, 1.13821, 0.575602, 1.04838, 1.30987, 1.1953, 1.22001, 1.28196, 1.41326
1.36, 0.0319375, 1.92952, 1.26084, 1.93516, 2.01871, 1.75748, 0.01602, -0.0906846, 0.0392305, 0.0644872, 0.202343, -0.394325, -0.398879, -0.144256, -0.0524497, 0.0309239, 0.561182, 0.808093, 1.00376, 0.943979, 0.857381, 0.662173, 0.569812, 1.20463, 1.15914, 1.02666, 0.947131, 1.11693, 1.27694, 1.25314, 1.39149
1.38, 0.0319375, 0.596139, 0.819107, 1.1135, 0.58732, 1.2926, 0.834232, -0.538019, 0.132876, 0.641494, 0.104572, 0.12776, 0.193916, -0.0659637, 0.0290993, 0.215812, 0.463233, 0.540763, 0.67298, 0.780959, 0.59604, 0.36856, 0.54531, 0.945019, 1.01129, 1.16643, 1.0843, 1.14257, 1.17319, 1.4794, 1.79783
1.4, 0.0319375, 1.07531, 0.778966, 0.712415, 0.227107, 0.283309, -0.265995, -0.039511, -0.293243, 0.138077, 0.653802, 0.187087, 0.153036, -0.700571, -0.0767677, 0.439433, 0.529083, 0.562339, 0.335311, 0.627775, 0.647835, 0.593408, 0.810923, 1.27613, 1.041, 1.11679, 0.944798, 1.11973, 1.28962, 1.47747, 1.5676
1.42, 0.0319376, 1.54823, 0.898827, 0.517535, 0.962201, 1.10857, 0.252986, 0.00946239, -0.465132, 0.332512, 0.662462, 0.124873, 0.224786, -0.0367697, 0.219464, 0.12289, 0.298546, 0.128266, 0.416562, 0.765209, 0.691576, 0.908764, 0.583049, 1.42917, 1.36916, 1.34172, 1.08438, 1.02647, 1.12242, 1.17933, 1.72508
1.44, 0.0319375, 1.73146, 0.357782, 0.221225, 0.846456, 0.464761, 0.417586, 0.236841, -0.156582, 0.347334, 0.451118, 0.373407, -0.0858188, -0.355312, 0.0236319, 0.437756, 0.275062, -0.101678, 0.212354, 0.495678, 0.903873, 0.594779, 0.847224, 1.08892, 1.16539, 0.860474, 1.29139, 0.997071, 1.33924, 1.32615, 1.66492
1.46, 0.0319375, 2.24915, 1.27289, 0.741202, 0.331735, 0.775442, -0.463725, -0.424418, -0.333221, 0.0655269, -0.224964, -0.0165933, 0.350913, -0.221972, 0.246431, 0.251042, 0.366851, 0.512569, 0.881952, 0.898284, 0.881025, 0.42811, 1.18816, 1.71334, 0.912393, 1.29916, 1.49077, 1.53305, 0.950351, 1.32637, 1.53716
1.48, 0.0319375, 1.27771, 0.887973, 0.57132, 1.1959, 1.35331, 1.21958, -0.571794, -0.432012, 0.32169, 0.623964, 0.0927857, 0.0410399, 0.00897339, 0.0283033, 0.261278, 1.00471, 0.718892, 0.747258, 0.553747, 1.07324, 0.79238, 0.905236, 0.719907, 0.991178, 1.24278, 1.19752, 1.40021, 1.32546, 1.46151, 1.51567
1.5, 0.0319375, 1.33186, 0.710029, 0.622891, 0.451895, 0.671037, -0.160882, -0.568818, -0.631316, 0.319982, 0.354797, 0.204513, -0.458736, 0.194069, 0.0586524, 0.618867, 0.556485, 0.478378, 0.397413, 0.577911, 1.03073, 0.684399, 1.08929, 1.18193, 0.98799, 0.969775, 1.24104, 1.65659, 1.67274, 1.3373, 1.54099
1.52, 0.0319375, 2.14568, 1.40919, 1.01036, 0.212037, 0.872915, 0.536794, 0.0718754, 0.0281956, 0.396406, 0.813782, -0.291658, 0.266774, 0.172816, -0.367073, 0.554165, 0.370194, 0.372235, 0.843378, 0.928618, 0.973911, 0.963837, 0.611275, 1.0128, 1.18731, 1.00371, 1.29869, 1.32101, 1.21557, 1.66316, 1.6681
1.54, 0.0319375, 1.93036, 1.18348, 0.872075, 0.537671, 0.711264, 0.16366, -0.321732, -0.135446, 0.114012, 0.114076, 0.530257, 0.153004, 0.0854008, 0.270727, 0.561179, 0.83907, 0.523971, 0.320547, 1.04188, 0.966583, 0.846755, 0.708636, 1.18553, 0.900451, 1.15265, 1.07442, 1.29079, 1.19004, 1.28542, 1.57062
1.56, 0.0319376, 2.19024, 1.48644, 1.18582, 1.6008, 1.10322, 0.429524, -0.285652, -0.722824, 0.0637423, 0.198577, 0.0271038, 0.418198, 0.228081, -0.0536554, 0.32721, 0.538666, 0.488202, 0.565123, 0.873709, 1.1518, 0.863251, 0.548609, 1.22462, 1.38165, 1.11026, 1.48604, 1.61644, 1.32713, 1.42205, 1.69595
1.58, 0.0319375, 2.03501, 1.54228, 0.664475, 0.0561004, 0.730273, 0.315788, -0.74774, -0.237508, 0.301327, 0.613979, 0.478818, 0.227741, 0.0347527, 0.248065, 0.396682, 0.81441, 0.611328, 0.315592, 1.09508, 1.24616, 0.673653, 0.817881, 1.27562, 0.796684, 1.30486, 1.26086, 1.10441, 1.44201, 1.62296, 1.79274
1.6, 0.0319375, 2.34747, 1.56322, 1.49242, 1.5317, 1.30472, 0.504358, 0.33807, -0.24823, 0.422242, 0.613694, 0.015032, -0.13835, -0.0242948, -0.507945, 0.323037, 0.90643, 0.650893, 0.401059, 0.40386, 0.955029, 0.959973, 0.878659, 1.27285, 0.873863, 1.38819, 1.04272, 1.32981, 1.36147, 1.42016, 1.61653
1.62, 0.0319375, 0.983315, 0.628954, 0.157613, 0.530846, 0.953238, -0.316814, -0.710593, -0.204637, -0.0324271, 0.286671, -0.0126745, -0.48872, -0.0867222, -0.228571, 0.210127, 0.627843, 0.594927, 0.146013, 0.321928, 0.278676, 0.156474, 0.633454, 1.02411, 1.13815, 0.892215, 1.03006, 1.03353, 1.29382, 1.33165, 1.69645
1.64, 0.0319375, 1.27687, 0.227129, 0.00897422, 0.769273, 0.950228, 0.0710731, -0.521747, 0.253672, 0.492211, 0.542196, -0.117557, -0.349838, -0.424003, 0.124532, 0.187817, 0.188127, 0.618442, 0.107516, 0.754455, 0.87026, 0.615216, 0.420532, 1.02989, 0.880992, 0.817643, 0.963418, 0.97387, 1.21062, 1.40229, 1.69621
1.66, 0.0319375, 1.85237, 1.10533, 0.449555, 0.826545, 0.651185, 0.181613, -0.329937, -0.410534, 0.266551, 0.297616, 0.00524502, 0.0224368, 0.0716896, 0.0883381, 0.741635, 0.280651, 0.485955, 0.331532, 0.609095, 0.659674, 0.902012, 1.27872, 1.31366, 0.854299, 1.04924, 0.950914, 1.37411, 1.03768, 1.16423, 1.47498
1.68, 0.0319376, 1.89749, 1.08934, 0.591011, 1.10059, 1.33079, -0.0486733, -0.641403, -0.204537, 0.366189, 0.243066, -0.363104, 0.0203261, -0.169219, 0.0420318, 0.667861, 0.671703, 0.483118, 0.601038, 0.361968, 0.528854, 0.517685, 0.805949, 1.30375, 1.22712, 1.13908, 0.940349, 1.4853, 1.25311, 1.20324, 1.53908
1.7, 0.0319375, 1.01545, 0.308135, 0.907069, 1.25709, 1.36329, 0.862208, 0.30916, -0.0803097, 0.385277, 0.366802, -0.241654, -0.118876, -0.289234, -0.129436, 0.384155, 0.419075, 0.320182, 0.362076, 0.674282, 0.824527, 0.938325, 0.970095, 1.58689, 1.13849, 1.01595, 0.901221, 1.30193, 1.21445, 1.18051, 1.48092
1.72, 0.0319375, 1.13015, 0.581603, 1.03846, 1.31425, 1.09629, 0.147994, -0.434403, 0.0224081, 0.200293, 0.416325, 0.184285, -0.0459344, -0.0463615, -0.297419, 0.265511, 0.357801, 0.399185, 0.631841, 0.794373, 0.836868, 0.841767, 1.16576, 1.0296, 1.32408, 0.897793, 1.00968, 1.31711, 1.33504, 1.29166, 1.48537
1.74, 0.0319375, 1.57316, 0.359972, 0.84327, 0.0215274, 0.193503, 0.0581295, -0.751123, -0.226669, 0.582156, 0.836393, -0.180291, -0.052625, 0.363981, -0.255117, 0.178628, 0.887325, 0.622024, 0.637847, 0.89653, 0.647439, 0.436977, 1.01147, 1.27878, 0.886679, 1.06999, 1.33153, 1.17992, 1.1488, 1.36879, 1.48093
1.76, 0.0319375, 1.24457, -0.0130173, -0.37534, 0.22018, 0.629733, 0.32211, -0.383331, -1.06459, -0.00723715, 0.445419, -0.211649, -0.876575, 0.147219, 0.447708, 0.520587, 0.922599, 0.716417, 0.733487, 0.726064, 1.18694, 0.917012, 0.854405, 1.32706, 1.17553, 1.10586, 1.29412, 1.24081, 1.30028, 1.39901, 1.47553
1.78, 0.0319375, 2.46228, 1.47013, 1.74591, 2.08398, 2.28437, 1.21583, 0.424354, 0.126112, 0.409079, 0.801539, 0.367905, 0.372023, 0.126393, -0.0423728, 0.619963, 0.798854, 0.809444, 0.274505, 0.777425, 0.913125, 0.633504, 0.412715, 1.27407, 1.09783, 0.615313, 1.16677, 1.54926, 1.59636, 1.35999, 1.37471
1.8, 0.0319376, 0.747642, 0.148671, 0.27939, 0.294891, 0.531702, -0.948657, -1.8116, -0.618475, 0.659179, 0.623789, 0.119464, -0.438642, -0.0892295, 0.167944, 0.939229, 0.964173, 0.374406, 0.589095, 0.893411, 0.703202, 0.525182, 0.737608, 0.874446, 1.16105, 1.04634, 0.939404, 1.1023, 0.964301, 1.15089, 1.38147
1.82, 0.0319375, 1.61733, 0.504946, 0.392927, 0.299489, 0.422186, 0.239398, -0.0356741, -0.375147, 0.0487591, 0.26371, -0.279757, 0.0389455, 0.0317965, 0.274105, 0.658831, 0.706097, 0.63146, 0.537355, 0.0642501, 0.520908, 0.788075, 0.751552, 1.10829, 0.98409, 0.789053, 0.76611, 1.46568, 1.20825, 1.55729, 1.5404
1.84, 0.0319375, 2.31166, 1.14695, 1.90292, 1.82399, 1.79265, 1.11293, -0.799684, -0.516031, -0.0764441, 0.444517, 0.441279, 0.469889, 0.344299, 0.277741, 0.321142, 0.657831, 0.451378, 0.743371, 0.827568, 1.28877, 1.09915, 0.979827, 1.57554, 1.37635, 1.29557, 1.24189, 1.28499, 1.42379, 0.959164, 1.26155
1.86, 0.0319375, 1.0014, 0.824493, 0.794582, 1.61036, 1.25403, 0.775907, -0.541259, -0.442479, 0.15908, 0.724416, 0.701163, 0.526027, 0.347372, 0.317142, 0.702822, 1.00736, 0.285342, 0.731205, 0.712997, 0.785422, 1.02191, 1.11986, 1.03028, 0.896489, 1.3927, 1.21472, 1.50054, 1.40985, 1.60347, 1.81719
1.88, 0.0319375, 0.0385816, 0.223208, 1.04651, 0.724214, 0.891956, -0.12086, -0.689562, -0.316664, 0.621264, 0.613119, 0.353126, 0.153227, 0.0574398, 0.158725, 0.41546, 0.946678, 0.847395, 0.718325, 0.843331, 0.704069, 1.21262, 1.35175, 1.44476, 1.35549, 1.36706, 1.2645, 1.3326, 1.40729, 1.54475, 1.65226
1.9, 0.0319375, 0.871117, 0.281757, -0.0362828, 0.0955483, 0.811536, -0.0619625, -0.0926659, -0.034757, 0.393731, 0.663911, 0.270074, 0.278704, -0.213354, -0.0218425, 0.459664, 0.82958, 0.428055, 0.863986, 1.0964, 1.05804, 0.970541, 0.939189, 1.3936, 1.1304, 1.19276, 1.47294, 1.63259, 1.45797, 1.50042, 1.67965
1.92, 0.0319376, 1.47377, 1.28657, 1.28796, 1.145, 1.19048, -0.0332221, -0.0267291, -0.212082, 0.133357, 0.0423255, 0.308665, -0.0655163, -0.469926, 0.131776, 0.174242, 0.544777, 0.517227, 0.947003, 0.661411, 0.942184, 0.822556, 1.04861, 1.26268, 1.16451, 1.12669, 1.38209, 1.59378, 1.32794, 1.48095, 1.69331
1.94, 0.0319375, 1.66331, 0.615671, 0.475892, 0.907626, 0.658498, -0.791358, -0.996978, -0.191059, 0.138199, 0.618736, 0.317264, 0.130493, -0.0186015, 0.312733, 0.585005, 0.691403, 0.316404, 0.465448, 0.925805, 0.850887, 0.871664, 0.986775, 1.35652, 1.31583, 0.793155, 1.28997, 1.17527, 1.44201, 1.09444, 1.60061
1.96, 0.0319375, 1.4212, 0.915951, 0.540077, 0.426957, 0.474031, -0.708356, -1.16779, -0.362417, -0.22356, 0.0905133, -0.0758684, -0.153892, -0.0798373, 0.266949, 0.885553, 0.571267, 0.391689, 0.546629, 1.00314, 0.91818, 0.762037, 0.991499, 1.00265, 1.06912, 1.27832, 1.35094, 1.42257, 1.2843, 1.40724, 1.57898
1.98, 0.0319376, 0.43378, 0.306835, 1.53712, 1.86119, 1.18455, -0.159713, -0.0963643, -0.0265701, -0.021, 0.362909, -0.947932, -0.176336, 0.0698633, -0.0041394, 0.0948891, 0.15789, 0.53641, 0.457984, 0.740516, 1.21902, 0.967885, 1.10518, 1.32839, 0.873717, 1.01394, 1.29158, 1.20423, 1.27032, 1.4725, 1.79087
2, 0.0319376, 0.90926, 1.10621, 0.548569, -0.272401, 0.294401, -0.108048, -0.505904, -0.0915531, 0.351012, 0.791021, 0.0477231, -0.0974817, 0.0522592, 0.107412, 0.338579, 0.548393, 0.4834, 0.600802, 0.66241, 1.20236, 0.660344, 1.03916, 1.40803, 1.35778, 1.1451, 1.0788, 1.3654, 1.4, 1.55856, 1.69393
2.02, 0.0319376, 1.06143, 0.731514, 0.416887, 0.268832, 0.561129, -0.647165, -0.153407, -0.56694, -0.231933, 0.519743, 0.473431, -0.145668, 0.0254163, 0.466003, 0.678345, 0.935816, 1.0367, 0.901365, 1.11874, 0.857258, 0.88327, 1.18824, 1.45863, 1.08073, 1.00479, 1.4209, 1.21104, 1.42437, 1.46674, 1.9829
2.04, 0.0319376, 2.14747, 1.10214, 0.71249, 1.00861, 0.708463, -0.0536615, -0.792512, -0.0639328, 0.075863, -0.141865, -0.586443, 0.245847, 0.472373, 0.256795, 0.460961, 0.749072, 0.483251, 0.591071, 0.21752, 0.889158, 0.699571, 1.14846, 1.44702, 1.58086, 1.36512, 1.2044, 1.27002, 1.22219, 1.49591, 1.55918
2.06, 0.0319376, 0.916724, 0.636405, 0.681773, 0.372996, 1.14503, 0.26519, -0.725348, -0.511212, 0.00469997, 0.789293, -0.115773, -0.586312, -0.407327, 0.337306, 0.931039, 0.774468, 0.631014, 0.545961, 0.523557, 0.576622, 0.869109, 1.07745, 1.23823, 1.14284, 0.950825, 1.18773, 1.58261, 1.30172, 1.16629, 1.42459
2.08, 0.0319376, 0.617699, 0.769667, 1.13309, 0.756546, 0.98797, 0.245726, -0.405284, -0.100117, 0.203082, 0.0160507, 0.218156, -0.44554, 0.358104, 0.599178, 0.286804, 0.768434, 0.385678, 0.472716, 0.768309, 1.0715, 1.2244, 1.15094, 1.40532, 1.16332, 0.971839, 1.34212, 1.47964, 1.51329, 1.92087, 1.62674
2.1, 0.0319376, 1.78124, 1.2415, 1.14913, 0.949246, 1.15768, 0.581526, -0.303917, -0.212446, -0.14397, -0.0640326, 0.0721626, 0.579534, -0.0171964, 0.189256, 0.157706, 0.710307, 0.537714, 0.515759, 0.563307, 0.861539, 0.777365, 0.874956, 0.882174, 0.761882, 0.776707, 1.03421, 1.25825, 1.44162, 1.12, 1.48248
2.12, 0.0319376, 1.25033, 1.25089, 0.949711, 0.560807, 1.90261, 0.945932, 0.0333818, 0.212325, 0.438571, 1.00643, 0.448414, 0.17433, 0.57111, 0.0804111, 0.825407, 0.869648, 0.656614, 0.690091, 0.688958, 1.04331, 0.998897, 1.2682, 1.63944, 1.16813, 1.13391, 1.22386, 1.59509, 1.59892, 1.64776, 1.40212
2.14, 0.0319374, 1.83217, 1.27543, 0.930964, 0.928055, 1.05252, -0.626509, -0.413546, -0.276831, 0.366196, 0.388712, -0.0756332, -0.532113, 0.354869, 0.29301, 0.36433, 0.615385, 0.797581, 0.62817, 0.266088, 0.699001, 1.24076, 0.8129, 1.36459, 1.31751, 0.772581, 1.44041, 1.13883, 1.3676, 1.55103, 1.51176
2.16, 0.0319374, 1.37371, 1.06116, 1.28937, 0.950208, 0.682462, 0.395251, -0.895232, -0.169811, -0.697238, -0.209767, 0.0885273, -0.543686, -0.0237553, 0.803456, 0.953172, 0.586525, 0.592456, 0.653087, 0.875286, 1.01421, 0.804759, 0.891405, 1.30884, 1.00326, 1.03249, 1.42556, 1.12464, 0.919857, 1.38441, 1.74265
2.18, 0.0319374, 0.209767, -0.217255, -0.672182, -0.264246, -0.56483, -0.935742, -0.947667, -0.167798, 0.483467, 0.461117, -0.0477504, -0.253888, 0.348489, 0.0804935, 0.598146, 0.593719, 0.325311, 0.785361, 0.759187, 0.743558, 0.741783, 1.24144, 1.32781, 1.32449, 1.26024, 1.17611, 1.32016, 1.35364, 1.33797, 1.37203
2.2, 0.0319374, 0.335685, 0.779847, 0.648133, -0.300598, 0.154811, -0.272218, -0.279564, -3.03988e-05, -0.0156578, 0.369749, 0.24341, -0.266903, 0.0873794, 0.614667, 0.125184, 0.858479, 1.0442, 0.564702, 0.826116, 1.02424, 0.928933, 1.07441, 1.18044, 1.2652, 1.28601, 1.23384, 1.37776, 1.36308, 1.6415, 1.65926
2.22, 0.0319374, 2.6073, 1.39107, 1.38421, 0.349239, 1.18648, 0.953, 0.0314294, 0.348389, 0.30682, 0.773981, 0.416286, 0.423529, 0.103381, 0.536908, 0.267715, 0.5445, 0.523466, 0.202136, 0.410975, 0.881212, 0.733538, 0.963774, 0.992092, 1.42957, 1.15985, 1.4098, 1.28333, 1.45344, 1.68495, 1.65964
2.24, 0.0319376, 1.09175, 0.270028, 0.39758, 0.762847, 0.830357, 0.123037, -0.255649, -0.284963, -0.123692, 0.416891, 0.331433, 0.330248, 0.181954, 0.31535, 0.509956, 0.669787, 0.706767, 0.563431, 0.423982, 0.535145, 0.402656, 0.825771, 1.07159, 1.10392, 1.0438, 1.01328, 1.32954, 1.37309, 1.69094, 1.70609
2.26, 0.0319376, 0.949829, 0.607907, 0.332264, -0.173636, 0.351203, 0.0767729, -0.784157, -0.569131, 0.116477, 0.222406, -0.26266, -0.413271, -0.0652834, 0.0255524, 0.581116, 0.83211, 0.99414, 0.42405, 0.699215, 0.825024, 1.12929, 0.481605, 1.03226, 0.782278, 0.974768, 1.2342, 1.40816, 1.3278, 1.50817, 1.75345
2.28, 0.0319376, 1.73057, 1.5843, 1.44998, 1.37889, 0.919331, 1.0708, -0.0768169, -0.520298, 0.466075, 0.377764, -0.136699, -0.15932, -0.418226, 0.155951, 0.48586, 0.554109, 0.320492, 0.716813, 0.799091, 1.07581, 0.986694, 1.01764, 1.11262, 1.26344, 1.03721, 0.975827, 1.0647, 1.00439, 1.26967, 1.29625
2.3, 0.0319376, 0.820284, 0.101879, -0.030259, -0.293307, 0.281593, -0.477224, -1.18817, -0.96093, -0.331307, 0.245316, 0.305385, -0.334757, -0.290485, 0.267034, 0.457488, 0.335315, 0.58229, 0.231975, 0.325023, 0.822538, 0.478822, 0.668591, 1.10046, 1.15815, 0.849951, 0.685616, 1.01969, 1.129, 1.06379, 1.58028
2.32, 0.0319376, 0.924569, 0.551821, 0.587739, 0.636607, 0.382785, -0.00791851, -0.604767, -0.643219, -0.102273, 0.214592, 0.0171544, -0.342115, -0.233297, -0.0720313, 0.857897, 0.391129, 0.709506, 0.681061, 0.0107646, 0.705362, 0.55342, 0.94104, 1.1028, 1.22309, 0.950268, 1.0884, 1.03512, 1.21017, 1.16802, 1.35936
2.34, 0.0319376, 1.00707, 0.810217, 0.339634, 0.339032, 0.246133, -0.688644, -0.540832, -0.320407, -0.175563, -0.331415, -0.352075, -0.107568, -0.263088, 0.00643835, 0.699227, 0.377529, 0.485084, 0.514638, 0.0290917, 0.558321, 0.754606, 0.805785, 1.43658, 1.025, 1.21761, 1.24591, 1.07258, 1.17832, 1.38439, 1.38636
2.36, 0.0319376, 1.80392, 1.72343, 0.900971, 0.665186, 1.03015, 0.353036, 0.125309, 0.400396, 0.0105129, 0.141914, -0.428436, -0.0942311, -0.325846, 0.0496234, 0.775205, 0.42444, 0.62478, 0.431574, 0.854805, 0.729024, 0.836657, 1.01325, 1.5, 1.04, 0.88142, 1.20374, 1.50513, 0.902886, 1.33719, 1.41425
2.38, 0.0319374, 0.796612, -0.235596, -0.21339, -0.24882, 0.599517, -0.0684887, -0.0219057, -0.197435, 0.07806, 0.266544, -0.328026, -0.139849, -0.239861, 0.188969, 0.717746, 0.820056, 0.641592, 0.807357, 0.770435, 0.728115, 0.43288, 0.793825, 1.66027, 1.22714, 1.49009, 1.24116, 1.32116, 1.13143, 1.44039, 1.59316
2.4, 0.0319374, 1.59494, 0.757722, 0.445951, 0.81228, 0.786257, -0.199124, -0.776086, -0.576801, 0.347659, 0.448397, 0.151256, -0.208115, -0.253006, -0.127838, 0.672429, 0.610228, 0.808933, 0.864139, 0.863302, 0.876535, 0.74526, 0.905314, 0.971449, 1.08665, 0.828933, 1.22376, 1.30595, 1.33814, 1.551, 1.69298
2.42, 0.0319374, 2.00972, 0.610654, 0.851878, 1.00392, 1.10774, 0.559208, -0.534739, -0.130062, 0.09734, 0.238453, -0.489883, 0.087839, 0.280658, 0.417469, 0.038004, 0.532414, 0.536831, 0.318022, 0.449038, 0.740323, 0.931878, 1.12236, 1.57816, 0.785501, 1.13112, 1.44955, 1.46502, 1.14539, 1.36133, 1.60497
2.44, 0.0319374, 1.60417, 0.698071, 0.632159, 0.216421, 0.263621, 0.257079, -0.004999, -0.0259993, 0.36939, 0.0906009, 0.484826, -0.174743, -0.0550293, 0.583218, 0.464848, 0.382343, 0.155284, 0.399628, 0.996648, 1.18998, 1.31978, 0.792599, 1.35254, 1.27599, 1.20585, 1.02716, 1.2308, 1.21318, 1.46678, 1.70026
2.46, 0.0319374, 1.57133, 0.3303, -0.21802, 0.546331, 0.73845, 0.0382495, -1.17384, -0.012399, 0.00234698, 0.641872, 0.228102, 0.175594, 0.042728, 0.0486835, 0.231568, 0.554224, 0.712161, 0.691091, 0.627973, 0.703102, 1.27396, 1.21939, 1.36059, 1.32073, 1.37958, 1.67504, 1.47486, 1.42848, 1.53967, 1.79045
2.48, 0.0319376, 0.384154, 1.04306, 1.08745, 0.961707, 0.889534, 0.541389, -0.326047, -0.545324, 0.483484, 0.350759, 0.81841, 0.0965625, 0.108222, 0.690409, 0.511479, 0.406135, 0.594511, 0.951954, 0.869584, 1.38656, 1.00265, 1.1363, 1.10376, 1.0245, 0.929998, 1.24712, 1.42024, 1.44982, 1.58118, 1.85226
2.5, 0.0319376, 2.30128, 0.777241, 1.24785, 1.19093, 0.42036, 0.299439, -0.547708, -0.300665, 0.0784513, 0.0785296, -0.0743064, 0.0956601, 0.27492, 0.235782, 0.504882, 0.304141, 0.173442, 0.588087, 0.794943, 1.04697, 1.19879, 1.12635, 1.2513, 0.994952, 1.16156, 1.31205, 1.35785, 0.950479, 1.08843, 1.87042
2.52, 0.0319376, 1.45629, 0.696751, 0.903388, 0.695067, 0.722516, 0.0137598, -0.595358, -0.428631, 0.11084, 0.525089, -0.0590719, 0.0882457, -0.0554035, -0.3328, 0.704132, 0.6536, 0.85735, 0.745966, 0.925154, 1.17541, 0.909074, 0.804679, 1.13474, 1.15182, 1.12455, 1.17323, 1.56256, 1.38571, 1.34136, 1.56639
2.54, 0.0319376, 1.3653, -0.157658, -0.160546, 0.0898175, 0.582658, -0.0140856, -0.228939, -0.690258, 0.0726019, 0.627311, -0.299539, -0.00488004, 0.047222, 0.0480221, -0.0320219, 0.354677, 0.682314, 0.804023, 0.659665, 0.637195, 0.590416, 0.681654, 1.2974, 0.96703, 0.791624, 0.981159, 1.37911, 0.896868, 1.3624, 1.90158
2.56, 0.0319376, 0.294434, 0.55476, -0.0303469, 0.392978, 0.674445, 0.0239143, -0.641908, -0.434268, -0.155928, 0.0891439, 0.10822, 0.294967, -0.0572532, 0.286617, 0.529689, 0.837608, 0.912354, 0.69651, 0.967585, 0.940148, 0.848419, 0.99996, 1.08128, 0.97868, 0.94548, 1.26432, 1.4671, 1.22808, 1.2514, 1.54362
2.58, 0.0319376, 1.40205, 1.23276, 0.774374, 1.08895, 1.04625, 0.263327, -0.165632, -0.0719179, -0.101112, 0.525554, 0.49476, 0.37209, -0.111695, 0.0136278, 0.286481, 0.206038, 0.0840021, 0.655865, 0.87991, 0.613564, 0.639734, 0.983696, 1.5108, 1.04281, 1.06769, 1.1854, 1.39068, 1.36155, 1.32549, 1.63118
2.6, 0.0319376, 1.02007, 0.784945, 0.198164, 0.609185, 0.597442, -0.10869, -0.347996, -0.55108, -0.0911019, 0.356071, 0.0377816, 0.0645828, -0.586594, -0.20581, 0.175375, 0.596686, 0.431948, 0.243255, 0.651325, 0.919439, 0.819378, 1.02307, 1.2357, 1.01048, 0.908722, 1.29524, 1.20551, 1.19376, 1.59472, 1.51546
2.62, 0.0319376, 0.562032, 0.901974, 0.808204, 0.193757, 0.956058, -0.133447, -0.87839, -0.352004, 0.114924, 0.124508, -0.553337, 0.280483, -0.144184, -0.134615, 0.439722, 0.536192, 0.539627, 0.884731, 0.520153, 0.98216, 0.873015, 0.805184, 1.27232, 1.26653, 0.903232, 1.35072, 1.38308, 1.18749, 1.23324, 1.60072
2.64, 0.0319374, 0.556185, 0.727763, 1.11002, 0.898173, 1.17842, 0.403349, -0.131963, -0.815651, -0.150541, 0.20935, 0.0367921, 0.0482301, -0.258709, 0.194115, 0.516443, 0.898053, 0.629149, 0.427738, 0.708432, 1.31883, 1.05339, 1.17758, 1.60009, 0.90494, 0.997197, 1.19999, 1.49616, 1.37156, 1.46681, 1.58628
2.66, 0.0319374, 1.46635, 0.565262, 0.893778, 0.449854, 0.441836, 0.767835, 0.37668, 0.113666, 0.343734, 0.468615, 0.203824, 0.0842749, -0.309314, -0.0799639, 0.549191, 0.460898, 0.157823, 0.23367, 0.323889, 0.87173, 0.732947, 0.34405, 0.966936, 0.753837, 1.14468, 1.0931, 1.36597, 0.994572, 1.27736, 1.56102
2.68, 0.0319374, 1.07865, 0.362635, 0.256878, 0.161733, 0.553108, 0.828515, -0.542693, -0.728683, -0.0993983, 0.205806, -0.201018, -0.227681, 0.304613, 0.486679, 0.719217, 0.464839, 0.358723, 0.725005, 0.51163, 0.839769, 0.768074, 0.593631, 1.03116, 0.861035, 0.652204, 1.14358, 1.33343, 1.12205, 1.21969, 1.62698
2.7, 0.0319374, 1.91443, 1.2012, 0.786524, -0.143291, 0.745615, 0.355711, -0.0677814, 0.228321, 0.0348271, 0.352051, 0.195319, -0.330596, -0.166214, -0.674718, -0.0135392, 0.708821, 0.433599, 0.174109, 0.776507, 0.58053, 0.693724, 0.977837, 1.30765, 0.971149, 0.866692, 0.964142, 1.0929, 1.19676, 1.35462, 1.76005
2.72, 0.0319374, 2.10233, 1.3161, 1.19893, 0.43806, 0.203737, -0.0364132, -0.145244, -1.38221, -0.0859776, 0.114917, -0.278652, 0.0709031, -0.0835585, 0.259594, 0.0853548, 0.681147, 0.536617, 0.641485, 0.64666, 1.2721, 1.08259, 0.971451, 1.08075, 1.09001, 1.15674, 1.34832, 1.02244, 0.755161, 1.36603, 1.48059
2.74, 0.0319376, 2.17565, 1.63604, 1.43564, 1.45032, 0.758937, 0.405377, 0.26403, -0.195102, -0.563766, 0.282377, 0.142598, 0.221295, 0.471372, 0.508027, 0.626434, 0.597865, 0.23653, 0.0838964, 0.299981, 1.09057, 0.672246, 0.896686, 1.13369, 1.27506, 1.19004, 1.39485, 1.22684, 1.008, 1.35325, 1.66724
2.76, 0.0319376, 2.06457, 1.10729, 0.533727, -0.384843, 0.122803, 0.0398333, -0.607655, -0.602455, -0.434649, 0.396332, 0.224519, 0.0812944, -0.242731, -0.118353, 0.626785, 0.728723, 0.752268, 0.559555, 0.623213, 1.16414, 0.945053, 0.897527, 1.18589, 1.1881, 0.980467, 1.36105, 1.44174, 0.975011, 1.37593, 1.55777
2.78, 0.0319376, 1.50441, 0.403143, 1.15125, 1.4094, 1.27908, 0.135601, 0.325393, -0.861741, 0.0305765, 0.32649, 0.329353, 0.27133, -0.494599, 0.149611, 0.474825, 0.365105, 0.508559, 0.200882, 0.335635, 0.952628, 0.60651, 0.866805, 1.47518, 1.16307, 0.60658, 0.880554, 0.950565, 1.14197, 0.867763, 1.42924
2.8, 0.0319376, 1.9108, 0.734572, 0.921328, 0.622069, 0.790439, -0.410396, -0.921493, -0.658023, 0.055695, 0.29633, -0.0517458, 0.260161, -0.259722, 0.125427, 0.667338, 0.57775, 0.706375, 0.716815, 0.601055, 1.03061, 0.856719, 0.810876, 0.815142, 0.777013, 1.03803, 1.00454, 1.20684, 1.07026, 1.32218, 2.06631
2.82, 0.0319376, 1.57937, 1.42231, 0.794542, 0.0565672, 0.182304, -0.109439, -0.815032, -0.690094, 0.248147, 0.464143, -0.199428, 0.0907305, 0.483341, 0.991027, 0.62735, -0.098319, 0.359863, 0.697169, 0.776638, 0.850339, 0.543733, 0.926656, 1.27321, 0.961427, 0.537474, 1.1157, 1.17409, 1.17302, 1.31145, 1.61723
2.84, 0.0319376, 1.252, 0.538751, 0.406789, 0.915167, 1.00093, -0.495044, -0.539341, 0.0321611, 0.0708135, -0.254796, -0.295577, 0.322826, 0.210228, 0.689867, 0.421948, -0.0262232, 0.474179, 1.0701, 0.598347, 0.76439, 0.631504, 0.861629, 0.904321, 0.547705, 0.979662, 1.27561, 1.24239, 1.17394, 1.08795, 1.54043
2.86, 0.0319376, 1.02544, 0.62288, 0.167811, 0.820975, 0.70135, 0.033517, 0.140009, -0.490728, -0.129645, 0.305861, 0.241826, 0.0236158, -0.348631, 0.286419, 0.34652, 0.441754, 0.607909, 0.312128, 0.726276, 0.988418, 0.878012, 0.821396, 1.25422, 1.28469, 0.978591, 0.780173, 0.875512, 1.31305, 1.39304, 1.94872
2.88, 0.0319374, 2.69268, 1.36764, 0.997219, 0.867213, 1.10872, 0.416103, 0.0812835, -0.47963, 0.100857, 0.108071, -0.0668261, 0.358991, 0.276149, 0.340904, 0.582307, 0.742737, 1.02422, 0.879625, 0.929495, 1.13492, 0.474971, 0.859498, 0.972868, 1.04304, 1.15793, 1.33721, 1.53932, 1.21363, 1.30803, 1.75025
2.9, 0.0319374, 1.45875, 0.407343, 0.908089, 0.575226, 0.876184, 0.538005, -0.353749, -0.863676, 0.524475, 0.942516, 0.00998927, 0.508073, 0.335455, 0.436026, 0.728953, 0.719969, 0.301034, 0.480091, 0.781616, 0.625136, 0.903951, 0.974482, 1.45474, 1.1872, 1.07532, 1.21761, 1.25828, 1.20648, 1.3798, 1.74124
2.92, 0.0319374, 1.61419, 0.959829, 0.105943, 0.379777, 0.350069, 0.164847, -0.228776, -0.391428, 0.547157, 0.764315, 0.593577, 0.329794, -0.0943474, 0.155348, 0.808712, 0.925877, 0.717644, 0.770599, 1.02432, 0.680869, 0.80599, 0.829812, 1.47357, 1.12448, 1.17739, 1.14165, 1.61197, 1.71946, 1.47219, 1.61118
2.94, 0.0319374, 0.968581, -0.0752279, 0.462036, 0.0105909, 0.614461, -0.155894, -0.790355, 0.0360098, -0.115479, 0.0714151, 0.112829, 0.0383481, -0.115321, 0.348948, 0.314117, 0.611906, 0.816188, 0.808464, 0.576053, 0.848077, 1.24829, 0.957488, 1.38369, 1.46411, 1.01888, 1.46417, 1.34879, 1.47339, 1.61696, 2.02802
2.96, 0.0319374, 0.777004, 0.858742, 0.0933013, 0.806421, 1.19028, 0.432621, -0.159588, -0.2098, -0.160656, 0.0855329, 0.248084, -0.0289931, -0.0166478, 0.11853, 0.532296, 0.795229, 0.584499, 0.696548, 0.451362, 0.595135, 0.6957, 0.975714, 0.879996, 0.798952, 0.906974, 1.29317, 1.07898, 1.09771, 1.19289, 1.78853
2.98, 0.0319376, 1.54588, 0.821425, 0.919118, 1.0973, 1.12545, -0.00434806, -0.906312, -0.189554, -0.654889, -0.171664, -0.0645533, -0.256704, -0.415077, 0.214026, 0.44377, 0.459015, 0.563284, 0.848544, 1.21871, 1.02476, 0.583015, 0.88101, 0.986557, 0.862519, 1.00974, 0.798052, 1.55176, 1.24759, 1.25692, 1.73323
3, 0.0319376, 1.67288, 0.335662, 1.17058, 1.32266, 1.48932, 0.497526, -0.76675, -0.200524, 0.064978, 0.434773, 0.285411, -0.170261, 0.199109, -0.0748063, 0.406739, 0.513295, -0.113959, 0.547347, 0.883759, 0.970482, 0.823539, 1.22987, 0.936644, 0.776027, 1.05964, 0.986011, 1.11839, 1.27583, 1.17192, 1.53218
3.02, 0.0319376, 1.10508, 0.81107, 0.898494, 0.512429, 0.749, -0.193713, -0.778243, -0.728584, -0.11713, 0.00337792, -1.11627, -0.626222, -0.28645, 0.137822, 0.499512, 0.265941, 0.68606, 0.677464, 0.312962, 0.99485, 0.935339, 0.608427, 1.03462, 1.37143, 1.0054, 1.15502, 1.10638, 1.44264, 1.57781, 1.89781
3.04, 0.0319376, 1.16333, 0.0799718, 1.05398, 0.658852, 0.999883, 0.432683, -0.386917, -1.32689, -1.25542, -0.534888, -0.396539, 0.14873, -0.606859, 0.316445, 0.675772, 0.525682, 0.227041, 0.432897, 0.552285, 0.930829, 0.755546, 0.954593, 1.24816, 1.15566, 1.02505, 1.12173, 1.5065, 1.50057, 1.33624, 1.66959
3.06, 0.0319376, 1.88374, 0.883911, -1.01986, -0.452122, 0.525441, -0.797844, -0.974585, -0.0891986, 0.421362, 0.421813, -0.268374, -0.268982, 0.41951, 0.484118, 0.557462, 1.19335, 0.71272, 0.950362, 0.770847, 1.09715, 0.621519, 0.73863, 1.49542, 1.27309, 1.01289, 1.22401, 1.38396, 1.51864, 1.62893, 1.45158
3.08, 0.0319376, 2.44849, 1.35157, 0.420174, 0.511886, 0.667723, -0.032438, -0.331504, 0.289055, 0.265248, 0.260972, 0.0816619, 0.0197334, -0.305331, 0.0208736, 0.331677, 0.846827, 0.893407, 0.601577, 0.955868, 1.26989, 0.548821, 1.16737, 1.57544, 1.12459, 1.21686, 1.48321, 1.77242, 1.34577, 1.20935, 1.67418
3.1, 0.0319376, 1.10562, 0.150936, 0.4622, 0.236369, 0.662697, -0.170343, -0.085776, -0.598562, -0.0265801, 0.167051, 0.0481393, 0.162633, -0.611819, 0.165416, 0.767434, 0.348416, 0.0623962, 0.486314, 0.817579, 1.13969, 0.562886, 0.509492, 1.57469, 1.3276, 1.07539, 1.47513, 1.48019, 1.21087, 1.38515, 1.69013
3.12, 0.0319376, 0.930502, 0.492436, 0.411838, 1.01212, 1.23358, 0.151277, -0.288762, -0.406887, -0.170642, 0.407361, 0.36314, 0.295637, 0.24454, 0.133896, 0.623877, 0.894179, 0.877782, 0.876045, 0.355786, 1.09521, 0.796235, 1.00802, 1.21441, 1.04377, 0.610773, 0.840877, 1.23701, 1.31233, 1.44765, 1.64764
3.14, 0.0319374, 2.19879, 1.47965, 0.904262, 0.43913, 0.95364, 0.236067, -0.423358, -0.0454918, 0.460102, 0.593444, 0.0166138, 0.565258, 0.311303, 0.0533424, 0.56191, 0.50704, 0.427011, 0.717482, 0.879069, 1.08641, 0.951196, 0.922895, 0.986941, 1.13886, 1.4024, 1.42664, 1.30315, 1.41911, 1.60415, 1.55912
3.16, 0.0319374, 1.97382, 1.72582, 1.61152, 2.1649, 1.62209, 0.340624, -0.032483, -0.280259, 0.245531, 0.422761, 0.146256, 0.283994, 0.482787, 0.547015, 0.453448, 0.724619, 0.797632, 1.23935, 0.935841, 0.724291, 0.648455, 1.08426, 1.24717, 1.04726, 1.07523, 1.50168, 1.61261, 1.53808, 1.60514, 1.6302
3.18, 0.0319374, 1.57786, 0.270356, 1.06999, 1.039, 1.13367, 0.467734, 0.517665, 0.166695, 0.0544083, -0.0125525, -0.0858952, 0.0858778, 0.200258, 0.386199, 0.477973, 0.609422, 0.615992, 0.992568, 0.677778, 0.401262, 0.586155, 0.975091, 1.30173, 1.06822, 0.997078, 1.26322, 1.35908, 1.35884, 1.53441, 1.7391
3.2, 0.0319374, 2.05436, 0.954067, 0.585457, 1.07961, 0.663255, 0.161915, 0.482374, -0.201126, 0.00706046, 0.322491, -0.233453, -0.200087, -0.169297, 0.200941, 0.659842, 0.449392, 0.301315, -0.0121248, 0.735052, 0.87024, 0.518978, 0.934033, 1.45594, 1.07399, 1.0396, 0.838035, 0.812738, 1.32737, 1.30566, 1.30576
3.22, 0.0319374, 0.865324, 0.930111, 0.86493, 0.862598, 0.671119, 0.183374, -0.979435, -0.595769, -0.320781, 0.109679, -0.536858, -0.579825, -0.0552151, 0.512669, 0.199181, 0.179936, 0.54647, 1.04818, 0.64329, 0.808554, 0.308124, 0.944296, 1.41061, 0.996271, 0.744987, 1.27269, 1.12599, 1.57742, 1.45156, 1.29239
3.24, 0.0319376, 1.28155, 0.949601, 0.642089, 0.406891, 0.552913, -0.372891, -0.999331, -0.775749, -0.320469, 0.26693, 0.0298846, 0.182999, 0.224281, 0.305744, 0.559725, 0.407748, 0.301963, 0.370986, 0.637387, 1.06558, 0.729353, 0.877812, 1.24917, 1.085, 1.12004, 1.23859, 1.34991, 1.23619, 1.52639, 1.60546
3.26, 0.0319376, 1.51333, 0.636474, 0.696934, 0.574649, -0.18919, -0.446805, -0.685675, 0.030201, 0.283277, 0.0215083, 0.0798526, -0.228644, -0.398543, 0.100685, 0.23132, 0.651649, 0.605274, 0.301536, 0.57841, 0.851558, 0.829743, 0.740811, 1.08308, 1.47865, 1.09725, 0.991806, 1.42126, 1.4851, 1.51701, 1.79714
3.28, 0.0319376, 0.429453, -0.218953, 0.572113, 0.717504, 1.35078, 0.46964, -0.93006, -0.622448, -0.18861, 0.162293, -0.133723, 0.70585, 0.0511373, 0.133707, 0.97703, 0.769705, 0.332288, 0.663537, 0.718577, 1.46258, 1.10304, 1.02253, 1.17576, 1.04313, 1.34303, 1.56299, 1.43968, 1.18423, 1.43755, 1.67604
3.3, 0.0319376, 0.89412, -0.0560518, -0.282814, 0.247363, 0.432527, -0.662218, -0.337682, -0.226384, 0.00282853, 0.769605, 0.386179, 0.0496693, 0.357824, 0.474373, 0.611345, 0.622124, 1.11586, 0.734898, 1.03497, 0.861401, 0.8957, 0.893364, 1.31321, 0.909345, 1.197, 1.57468, 1.82511, 1.53055, 1.32376, 2.11546
3.32, 0.0319376, 0.8761, 0.103271, 0.377093, 0.233827, 0.602103, 0.0166825, 0.115383, -0.131064, -0.0106052, 0.298164, 0.331689, 0.262969, 0.163147, -0.195044, 0.284333, 0.659571, 0.833894, 0.829832, 0.603849, 1.17281, 0.846188, 1.09757, 1.34302, 1.39383, 1.21687, 1.28059, 1.39167, 1.48193, 1.39079, 1.79213
3.34, 0.0319376, 1.47966, 1.09026, 0.6903, 0.13029, 0.357948, -0.0337565, -0.106509, -0.730576, -0.504033, 0.223362, -0.0949424, -0.0902781, -0.323997, 0.623434, 0.498517, 0.386694, 0.531811, 0.431346, 0.44087, 0.949982, 0.956746, 1.19973, 0.997241, 1.08511, 1.12549, 1.29822, 1.42547, 1.33788, 1.34478, 1.72904
3.36, 0.0319376, 0.945135, 0.858201, 1.30974, 1.31994, 0.742644, 0.35487, 0.0140858, -0.523717, 0.258971, 0.575025, 0.686031, 0.0317357, -0.119486, 0.452491, 0.621757, 1.20912, 0.7415, 0.509025, 0.523113, 0.89006, 0.90485, 1.14854, 1.30913, 1.22847, 1.14062, 1.03458, 1.33867, 1.40455, 1.66382, 1.55433
3.38, 0.0319374, 1.30355, 1.38993, 1.3552, 1.52632, 1.96777, 0.527542, -1.52394, -0.662662, 0.0446987, 0.542915, 0.463275, 0.38354, 0.522553, -0.187935, 0.47107, 0.949879, 0.790218, 0.653438, 0.782807, 1.12333, 0.642947, 0.809483, 0.977699, 1.38006, 1.08172, 1.19667, 1.07073, 1.37306, 1.35701, 1.59838
3.4, 0.0319374, 2.63338, 0.716234, 1.20033, 0.939574, 0.906183, 0.25072, -0.534339, -1.0445, -0.359442, -0.0655795, 0.0315916, -0.115577, 0.106949, 0.0614543, 0.134485, 0.61526, -0.0109167, 0.52682, 0.622308, 0.700292, 0.767077, 0.662394, 1.29569, 1.08878, 1.00086, 0.86791, 0.989248, 0.877089, 1.42538, 1.62325
3.42, 0.0319374, 0.923803, 0.815434, 0.0535263, 0.680339, 0.897179, 0.210549, -0.617261, 0.0470038, -0.228033, -0.0642595, -0.116423, -0.205232, -0.0174777, 0.143336, 0.352108, 0.325356, 0.528152, 0.40557, 0.636031, 0.913987, 0.611548, 0.979895, 1.26859, 1.09745, 0.865563, 1.17683, 1.34723, 1.08489, 1.29549, 1.33508
3.44, 0.0319374, 1.33035, 0.871132, 0.761442, 1.49532, 1.48966, 0.411252, -0.397734, -0.975268, -0.207022, -0.101749, 0.0826588, 0.333364, 0.165885, 0.37356, 0.45744, 0.267332, 0.446882, 0.327435, 0.306057, 0.674881, 0.37814, 0.652156, 0.708059, 0.735289, 0.760315, 0.781249, 1.13122, 1.13206, 1.27956, 1.22045
3.46, 0.0319374, 1.954, 0.915513, 0.240762, 0.748196, 1.15117, 0.146256, -0.529, -0.43557, 0.115388, 0.579455, 0.275205, -0.0986271, -0.151535, 0.371688, 0.451274, 0.711529, 0.77754, -0.0368887, 0.474443, 0.851206, 0.937395, 0.969573, 1.38925, 1.28277, 0.886361, 1.39444, 1.40826, 1.3187, 1.40905, 1.53127
3.48, 0.0319376, 0.100997, -0.569544, -0.365307, 0.231757, 0.188345, -0.309229, -1.06249, -0.316415, 0.224343, 0.175209, -0.111906, 0.232422, 0.256101, 0.585154, 0.503547, 0.452876, 0.653899, 0.544952, 0.983432, 1.06201, 0.71401, 1.078, 1.04834, 1.31613, 1.17088, 1.08729, 1.16239, 1.25665, 1.40275, 1.59801
3.5, 0.0319376, 1.48172, 0.600679, 0.812881, 0.810574, 1.35165, 0.304625, -0.789906, -0.334402, 0.0267958, 0.415875, -0.0066039, 0.263076, 0.0163675, -0.0810558, 0.350781, 0.862736, 0.768577, 0.575737, 0.680286, 0.833905, 0.919431, 0.673426, 0.690927, 0.821602, 0.984434, 1.38288, 1.42647, 1.39239, 1.39151, 1.64547
3.52, 0.0319376, 1.52597, 1.07515, 0.44806, 1.06116, 0.839807, 0.256178, -0.304102, -0.412646, 0.380007, 0.744094, 0.299069, 0.379303, 0.303352, 0.29086, 0.503223, 0.330762, 0.58996, 0.948927, 1.02327, 1.18536, 0.925691, 0.933902, 0.837492, 1.28996, 1.01992, 1.2209, 1.52501, 1.13166, 1.21807, 1.84609
3.54, 0.0319376, 1.77495, 0.831265, 0.425303, 0.527099, 0.641479, -0.0494662, -0.291482, -0.390891, -0.1411, -0.316904, -0.183274, 0.100366, -0.278263, 0.150356, 0.329384, 0.589307, 0.928067, 0.428548, 0.545264, 0.9464, 0.712294, 1.06229, 1.08341, 1.20039, 1.1402, 1.34528, 1.40289, 1.48346, 1.48732, 1.40826
3.56, 0.0319376, 2.25458, 1.33003, 0.463206, 0.321453, 0.404471, -0.213154, 0.194189, -0.199426, 0.408674, 1.24873, 0.834496, 0.172884, -0.233986, -0.0370668, -0.162154, 0.381353, 0.585937, 0.996832, 0.918787, 0.538562, 0.76799, 0.7902, 1.08207, 1.24388, 0.760359, 1.06233, 1.45661, 1.7593, 1.4735, 1.71326
3.58, 0.0319376, 1.63593, 1.90603, 1.78565, 1.56407, 1.54611, 0.86637, 0.623576, 0.594116, 0.261793, 0.508592, 0.12376, 0.129876, 0.378827, 0.438818, -0.34673, 0.105506, 0.182767, 0.379586, 0.704434, 1.63261, 1.07176, 1.19469, 1.50034, 0.940617, 0.734848, 0.840025, 1.11997, 1.12469, 1.42992, 1.64123
3.6, 0.0319376, 1.56866, 1.19428, 0.509356, 0.829406, 0.845327, 0.189489, -0.648602, -0.206316, 0.256536, 0.416897, 0.0269484, -0.40668, -0.476699, 0.196211, 0.318627, 0.438401, 0.719526, 0.427694, 0.657129, 0.734875, 0.597326, 0.992352, 1.17533, 1.06374, 0.815544, 1.14389, 1.35159, 1.16636, 1.14195, 1.46957
3.62, 0.0319376, 2.52732, 1.58725, 1.52919, 0.952507, 1.09426, 0.493664, 0.0654976, 0.140991, -0.128635, 0.119903, 0.314324, 0.37857, 0.00846205, -0.0576963, 0.459009, 0.635909, 0.121395, 0.873375, 0.743946, 0.723066, 0.798682, 0.694453, 1.25526, 0.797473, 0.658602, 1.10123, 1.04508, 0.96076, 1.10898, 1.32233
3.64, 0.0319374, 0.90334, -0.261888, 0.307959, -0.28362, 0.282143, -0.0358607, -0.427126, -0.490907, 0.250747, 0.036908, 0.0634576, -0.159051, 0.013262, -0.116052, 0.0410561, 0.598622, 0.80201, 1.01233, 1.12609, 1.07188, 0.610024, 0.708203, 1.10269, 1.34277, 0.850902, 0.969251, 1.03803, 1.31786, 1.39745, 1.67625
3.66, 0.0319374, 1.12984, 0.610145, 0.804213, 0.465533, 0.374087, 0.290529, -0.838516, -0.983645, 0.518144, 0.247155, -0.089983, 0.0697615, 0.0198956, 0.231393, 0.682772, 1.11734, 0.722607, 0.664949, 0.664939, 0.528798, 0.7922, 0.867866, 1.34837, 1.37355, 1.35788, 1.33809, 1.3722, 1.41631, 1.73191, 1.54377
3.68, 0.0319374, 2.07603, 1.07569, 0.773795, 0.869589, 0.916161, -0.0135858, -0.570641, -0.758771, -0.00231193, 0.0408106, 0.0337444, -0.236358, -0.563624, -0.387905, 0.108221, 0.522865, 0.813552, 0.566833, 0.571892, 0.693273, 0.230493, 0.235334, 0.868502, 0.982692, 0.972874, 1.295, 1.22449, 1.33566, 1.33279, 1.12398
3.7, 0.0319374, 1.41393, 0.928134, 0.590794, 0.294757, 0.789987, 0.151366, -0.619953, -0.114111, 0.0551359, 0.531946, 0.18556, -0.239103, -0.34502, 0.062929, 0.296567, 0.267391, 0.493082, 0.37244, 0.546121, 0.845685, 0.647912, 0.813859, 1.08267, 0.74282, 1.05351, 0.859864, 0.733163, 1.12855, 1.53388, 1.71911
3.72, 0.0319374, 1.54379, 0.836521, 0.877009, 0.666716, 0.743218, -0.187246, -0.184906, -0.43058, 0.329084, 0.68147, 0.324816, 0.572544, 0.268168, 0.208418, 0.323479, 0.45459, 0.651595, 0.591199, 0.456151, 0.78868, 0.806298, 0.881229, 0.942684, 1.28971, 1.38755, 1.30886, 1.34092, 1.47651, 1.74567, 1.88279
3.74, 0.0319376, 1.5994, 0.876287, 0.795615, 0.726996, 0.981134, 0.0834831, -0.271361, -0.193378, 0.218774, 0.109292, -0.426442, 0.0509405, 0.168538, 0.358216, 0.951623, 0.721686, -0.0135978, -0.122217, 0.598379, 0.982205, 1.1363, 0.646933, 1.08201, 0.986566, 1.03565, 1.19203, 1.29132, 1.22583, 1.32793, 1.34152
3.76, 0.0319376, 2.49697, 1.39213, 1.31705, 1.94387, 1.55338, 1.01303, 0.650117, 0.351068, 0.557412, 0.487519, -0.0665609, 0.265684, -0.154826, -0.361951, 0.793129, 1.0095, 0.495901, 0.170374, 0.616456, 0.442714, 0.926944, 0.937115, 1.36493, 1.03239, 0.873741, 1.13613, 1.27484, 0.964294, 1.07726, 1.56966
3.78, 0.0319376, 1.49376, 1.27242, 0.87585, 0.965177, 1.02077, 0.605604, -0.567423, -0.326541, -0.213295, 0.145519, -0.2997, -0.272753, 0.526815, 0.280225, 0.368695, 0.282564, 0.425825, 0.748597, 0.58782, 0.846652, 0.832101, 0.96986, 1.62005, 1.01464, 1.10629, 1.301, 1.42882, 1.51686, 1.56816, 1.50562
3.8, 0.0319376, 1.1531, 1.05342, 1.09018, 0.40277, 0.551971, -0.290518, -0.385671, -0.299529, -0.0864794, -0.249996, 0.260266, 0.230809, -0.149726, 0.258467, 0.23948, 0.571052, 0.674584, 0.412253, 0.757655, 0.884746, 0.53551, 0.464185, 0.904852, 1.11261, 0.979049, 1.15621, 1.36682, 1.02631, 0.851798, 1.76779
3.82, 0.0319376, 2.28387, 0.704719, 0.217764, 0.20693, -0.230538, -0.37688, -0.52941, -0.135881, -0.703557, -0.183638, 0.0551931, 0.157366, 0.167941, -0.0342946, 0.290389, 0.233741, 0.544946, 1.10451, 0.851254, 0.651112, 0.487341, 0.340583, 1.1285, 0.838699, 0.774272, 0.744356, 1.08313, 1.26529, 1.37554, 1.87696
3.84, 0.0319376, 1.79514, 0.478919, -0.201794, 0.189467, 1.03108, 0.0303569, -1.0058, -0.579378, 0.260264, 0.513091, 0.51687, 0.659564, 0.396581, 0.08083, -0.125426, 0.0767439, 0.766035, 0.389842, 0.981453, 1.2541, 1.13294, 0.900964, 1.3082, 1.51875, 1.22418, 1.40366, 1.15838, 1.51899, 1.73629, 1.65902
3.86, 0.0319376, 1.61435, 0.788685, 1.24144, 0.737861, 1.03227, -0.499622, -0.837885, -0.202255, 0.463693, 0.467885, 0.213217, 0.315429, 0.0962684, 0.755696, 0.531455, 0.744391, 0.787196, 0.61206, 0.732104, 1.0703, 0.833132, 0.955495, 1.2167, 1.18152, 0.980363, 0.983757, 1.10767, 1.47005, 1.54912, 1.57082
3.88, 0.0319374, 0.899291, 1.06814, 1.89346, 1.64343, 1.21433, 0.923641, 0.671701, 0.19797, -0.0118583, 0.0866313, -0.421139, -0.126521, 0.00160089, 0.352486, 0.372919, 0.48828, 0.510995, 0.227612, 0.362026, 0.799097, 0.771157, 0.875186, 1.21595, 1.27059, 1.04677, 1.0711, 1.12766, 1.24901, 1.4268, 1.34635
3.9, 0.0319374, 0.739171, 0.575537, 0.687827, 0.367355, 0.849221, -0.0284276, -0.230129, -0.689375, -0.208528, 0.0874025, 0.483105, 0.0830317, 0.0473813, 0.0769922, 0.909597, 0.551514, 0.738743, 0.89374, 0.784813, 1.28257, 0.979926, 1.13497, 1.20685, 1.53514, 1.15999, 1.23067, 1.13966, 1.37599, 1.71051, 1.47327
3.92, 0.0319374, 1.98203, 0.371718, 1.29622, 1.49211, 1.16819, 0.563116, -0.73823, -0.269656, 0.0801559, 0.261797, -0.228364, -0.458652, -0.341777, -0.233071, 0.628782, 0.385098, 0.0951329, 0.540612, 0.866028, 0.725964, 0.935186, 0.453373, 0.966022, 0.815124, 0.792735, 0.803728, 1.33511, 1.27944, 1.44246, 1.5259
3.94, 0.0319374, 0.917563, 0.287777, -0.365007, -0.913049, -0.152021, -0.482865, -0.416653, -0.294243, -0.287068, 0.203169, 0.268395, 0.27813, 0.11732, 0.304569, -0.12347, 0.487965, 0.446113, 0.418936, 0.494985, 0.624011, 0.832674, 0.719088, 1.37373, 1.07389, 0.754838, 1.07819, 0.903192, 1.26353, 1.6246, 1.05363
3.96, 0.0319374, 1.54041, 0.107472, 0.108895, 0.112629, 0.869188, 0.504535, -0.0212233, 0.137694, -0.387465, 0.121784, 0.117963, -0.286119, -0.647691, 0.104393, 0.233529, 0.22689, 0.290962, 0.593074, 0.542691, 0.45173, 0.802223, 0.757777, 0.954423, 1.22525, 1.03561, 0.773634, 1.27208, 1.45357, 1.16151, 1.55723
3.98, 0.0319376, 1.21742, 0.458141, 0.365049, 0.00242143, 0.506103, -0.0254492, -0.916799, -0.529023, 0.320123, 0.531307, -0.0422184, -0.266155, -0.181155, 0.0914644, 0.454109, 0.648057, 0.382624, 0.685223, 0.540083, 1.11711, 0.856685, 0.767321, 1.20251, 0.694875, 0.994429, 1.07235, 1.20538, 1.38565, 1.2051, 1.29202
4, 0.0319376, 1.71782, 1.0118, 1.37568, 1.74822, 1.2753, -0.441839, -0.761482, -0.298465, 0.440002, 0.359054, -0.211819, 0.0181281, -0.0558332, -0.102598, 0.470083, 0.565552, 0.256471, 0.760033, 0.780239, 0.841283, 0.938181, 1.07659, 1.0225, 1.04246, 0.930752, 0.989084, 1.30383, 1.18324, 1.2181, 1.39736
4.02, 0.0319376, 1.14251, 0.396392, 1.13267, 2.05912, 1.84304, 0.935261, -0.311806, -0.231926, -0.269272, 0.464604, -0.564845, -0.419522, -0.52253, -0.0744188, -0.591298, 0.201207, 0.103047, 0.470094, 0.617961, 0.601513, 0.637515, 0.930313, 1.16878, 1.00601, 0.805448, 1.29254, 1.32495, 1.17777, 0.920676, 1.09844
4.04, 0.0319376, 0.98041, 0.267724, 0.369311, -0.119023, 0.242354, -0.471052, -0.780358, -0.823625, -0.26973, 0.0695655, -0.128043, -0.802863, -0.504121, -0.430193, -0.0478354, 0.743716, 0.407831, 0.713288, 0.648978, 0.516117, 0.527732, 0.532873, 1.13857, 0.929419, 0.935259, 1.37134, 1.29282, 1.24973, 1.07149, 1.64962
4.06, 0.0319376, 1.19011, 0.174223, -0.043915, 0.661605, -0.0123839, -0.671635, -0.340957, -0.273646, -0.425383, 0.604087, 0.159965, -0.323743, -0.532556, -0.124072, 0.178566, 0.546098, 0.036768, 0.0515748, 0.335217, 0.583646, 0.854008, 0.668287, 0.718115, 1.16363, 0.655858, 1.02667, 1.26563, 1.2203, 1.24239, 1.23726
4.08, 0.0319376, 1.55844, 0.0947187, 0.258365, 0.616816, 1.01524, -0.314713, -0.724956, -1.09567, -0.0262985, 0.341577, 0.369236, -0.0606025, -0.253306, -0.433519, 0.6038, 0.100242, -0.36936, 0.379955, 0.331607, 1.24298, 0.854971, 0.983247, 0.853636, 1.16938, 0.900695, 1.10989, 1.23875, 1.01512, 1.42805, 1.37619
4.1, 0.0319376, 1.43727, 0.339956, 0.986959, -0.0379272, 0.0332553, -0.555577, -0.450133, -0.642057, 0.301116, 0.291942, 0.0228913, -0.135821, -0.098891, 0.152175, 0.509734, -0.00449983, 0.211001, 0.172158, 0.459505, 0.98657, 0.650595, 0.799066, 1.02349, 1.05879, 1.06693, 0.969749, 1.25112, 1.01916, 1.18811, 1.24167
4.12, 0.0319376, 0.79195, 0.358746, 0.551403, 0.232988, 0.3932, -0.12791, -1.01319, -0.756753, 0.145325, 0.719281, 0.306424, -0.0440749, 0.0272425, 0.270958, 0.258089, 0.694889, 0.343836, -0.100187, 0.556524, 0.999566, 0.793519, 0.793989, 1.17715, 1.1822, 0.846517, 0.520367, 0.98578, 0.842022, 1.27826, 1.11779
4.14, 0.0319376, 1.31586, 0.336364, 0.257021, 0.623852, 0.506278, -0.26942, -0.2462, -0.416955, -0.331407, 0.635042, 0.328467, -0.327835, -0.212409, -0.2458, -0.079838, 0.60571, 0.424443, 0.241343, 0.403663, 0.410341, 0.472041, 0.729798, 1.03492, 0.904505, 0.863741, 0.966263, 1.29201, 1.02688, 1.11713, 1.38672
4.16, 0.0319376, 2.27109, 1.67597, 1.03795, 1.01089, 0.337061, -0.000974056, -0.0967826, 0.130524, 0.196993, 0.230254, 0.0600554, -0.344102, -0.361294, -0.283335, -0.120522, 0.618934, 0.238475, 0.0778169, 0.780017, 0.820347, 0.603943, 0.541622, 0.974647, 1.16587, 1.05077, 0.990307, 1.34077, 1.18337, 1.24067, 1.481
4.18, 0.0319376, 2.25516, 1.89577, 1.74952, 1.93062, 1.94887, 1.47744, 0.343202, 0.500359, 0.115951, 0.453448, 0.258305, -0.0420313, -0.0447122, 0.141575, 0.567321, 0.757064, 0.679222, 0.662575, 0.838446, 0.880433, 0.711853, 0.836121, 0.966862, 0.830284, 0.99492, 1.13559, 1.33796, 1.29403, 1.50293, 1.49189
4.2, 0.0319376, 2.22114, 0.558744, 0.635449, 1.1306, 0.765673, 0.27128, 0.411558, -0.665539, -0.286179, 0.612152, 0.377311, -0.0956776, -0.346664, 0.188133, 0.117802, -0.0181252, 0.118984, 0.400894, 0.662898, 0.712207, 0.462845, 0.668847, 0.941819, 0.832009, 0.870555, 1.04204, 1.08214, 0.933959, 0.975894, 1.08957
4.22, 0.0319376, 1.53887, 0.879216, 0.455649, 0.553275, 1.13169, 0.666213, -0.801731, -0.456569, -0.403601, -0.105402, 0.0228744, -0.194713, -0.177822, -0.117298, 0.0891151, 0.338078, 0.18539, 0.543668, 0.638917, 0.783557, 0.456341, 0.777893, 1.16702, 0.931887, 1.02751, 1.26652, 1.3926, 1.44375, 1.08701, 1.37054
4.24, 0.0319376, 1.0866, 0.450688, 0.216046, -0.33893, 0.14119, -0.234465, -0.688727, -0.385609, -0.174428, -0.1965, 0.32857, -0.696439, -0.0927619, 0.234523, 0.295304, 0.165937, 0.00136652, 0.414573, 0.482534, 0.694298, 0.557433, 0.497081, 0.564211, 1.00381, 1.17153, 1.06604, 1.52315, 1.13844, 1.00789, 1.43054
4.26, 0.0319371, 1.90639, 0.776823, -0.0109441, 0.40378, 0.441042, -0.551874, -0.635312, -0.422548, 0.0696549, 0.317046, 0.0862584, -0.169386, -0.517671, 0.0323132, 0.475358, 0.497064, 0.368142, 0.595084, 0.477378, 0.725264, 0.621448, 0.881679, 1.32726, 1.16903, 1.11513, 1.20547, 1.18964, 1.20978, 1.45196, 1.76888
4.28, 0.0319371, 0.660089, 0.607369, -0.0734432, 0.281866, 0.0454671, -0.529943, -0.966762, -0.524427, 0.167531, 0.142522, -0.0460201, -0.163665, -0.0474354, -0.06075, -0.330346, 0.128655, 0.115996, 0.152744, 0.449711, 0.67569, 0.950133, 0.824361, 0.984655, 1.09513, 1.21219, 1.28982, 1.06062, 1.04534, 1.13536, 1.61317
4.3, 0.0319371, 0.746504, 0.620222, 0.272961, -0.0757831, 0.764457, -0.0544667, -0.572192, -0.670199, 0.0660607, -0.0610576, -0.0957039, -0.22253, -0.12679, 0.266074, 0.106579, 0.20198, -0.0157642, 0.698838, 0.704952, 1.03478, 1.1658, 0.847954, 0.941456, 0.998301, 0.587552, 0.879981, 1.28362, 1.23695, 1.21394, 1.52385
4.32, 0.0319371, 2.10801, 0.415544, 0.885236, 1.61282, 2.10945, 0.616971, -0.490511, -0.983239, 0.0872354, 0.465074, -0.0335496, -0.136645, 0.0016704, 0.120999, 0.174464, 0.0872944, 0.25598, 0.436763, 0.472014, 0.556798, 0.806997, 0.731494, 1.17584, 0.989021, 0.938013, 1.06405, 1.32734, 1.18569, 1.09448, 1.39404
4.34, 0.0319371, 1.75443, 1.55463, 1.24427, 1.61595, 1.94762, 0.248214, -0.195048, 0.104313, 0.266128, 0.385102, 0.0130199, -0.0587466, 0.344719, 0.0953459, 0.377354, 0.601326, 0.343905, 0.768259, 0.768458, 0.974463, 0.488489, 0.863761, 0.963235, 1.03821, 1.03993, 1.20773, 1.3535, 1.29306, 1.4643, 1.3003
4.36, 0.0319376, 1.93737, 0.968328, 1.39623, 1.03726, 1.12215, -0.0943411, -0.00340486, -0.237508, -0.224242, -0.369581, -0.0569689, -0.190644, -0.234116, -0.105911, 0.339772, 0.075267, 0.494282, 0.655481, 0.796226, 0.990229, 0.690941, 0.804427, 0.904773, 0.685745, 0.845706, 1.18763, 1.13403, 1.1685, 1.38147, 1.56661
4.38, 0.0319376, 2.14228, 1.13673, 1.03352, 1.05733, 0.755702, -0.0738095, -0.037618, -0.899632, -0.497657, -0.637434, -0.325384, 0.00130235, 0.130187, -0.0965854, 0.6279, 0.538305, 0.435639, 0.596406, 0.68325, 0.678175, 0.943374, 0.995972, 1.15764, 0.832006, 0.91167, 0.986092, 1.03845, 1.15281, 1.06628, 1.20722
4.4, 0.0319376, 0.154516, 0.0602218, -0.0959052, 0.55636, 0.544952, -0.37931, -1.1824, -0.781011, 0.0254464, 0.0474774, -0.227475, 0.0134853, -0.28826, -0.881216, 0.724321, 0.802509, 0.646515, 0.347085, 0.529325, 0.652687, 0.738819, 0.522641, 1.01799, 0.828274, 0.915363, 1.16808, 1.18142, 0.799864, 1.34907, 1.59266
4.42, 0.0319376, 2.44991, 1.01248, 1.33064, 1.32188, 0.56601, -0.0533102, -0.699166, 0.355477, 0.606904, -0.281454, -0.113899, 0.169426, -0.206052, -0.178463, 0.142853, 0.419788, 1.01697, 0.644312, 0.554334, 0.759016, 0.999282, 0.838139, 1.65378, 0.544823, 0.631406, 1.06757, 1.30041, 1.16268, 1.38171, 1.84434
4.44, 0.0319376, 0.772254, 0.478828, -0.708304, -0.621229, 0.348266, -0.766788, -0.771529, 0.0715075, 0.156505, 0.601046, -0.0774561, 0.179066, -0.110695, 0.170241, 0.616151, 0.823266, 0.368994, 0.759407, 0.95236, 0.962378, 0.843863, 0.804132, 1.17974, 1.30301, 1.23371, 1.38863, 1.38859, 1.13013, 1.27872, 1.40869
4.46, 0.0319376, 1.29009, 0.920586, -0.201048, 0.216643, 0.859517, 0.264391, -0.174122, -0.296185, 0.224255, 0.49386, 0.120581, -0.280104, -0.192249, 0.205437, 0.517493, 0.143953, 0.317172, 0.642995, 0.505997, 1.25233, 1.21174, 0.718223, 1.04279, 1.17475, 0.920006, 0.885067, 1.48194, 1.2491, 1.12259, 1.29577
4.48, 0.0319376, 1.65372, 1.08554, 0.936633, 1.15164, 0.886493, 0.21767, -0.0733139, -0.301211, 0.196777, 0.22373, 0.131259, 0.409577, -0.172072, 0.206634, 0.585764, 0.607684, 0.611915, 0.810337, 0.49479, 0.895268, 0.908184, 1.06813, 1.06581, 1.06946, 0.999237, 1.14908, 1.08513, 1.37034, 1.34649, 1.54981
4.5, 0.0319376, 2.2478, 1.63701, 1.27568, 1.04966, 0.896633, 0.0852022, -0.72674, -1.00278, -0.0529017, 0.30324, -0.215061, 0.422797, 0.0874538, 0.0567185, 0.379506, 0.534204, 0.569678, 0.102131, 0.642695, 1.06989, 0.842126, 0.878856, 1.15141, 0.810376, 1.02052, 1.17926, 1.33513, 1.13394, 1.43287, 1.40901
4.52, 0.0319376, 1.49171, 0.626625, 0.204622, 0.189922, 0.291594, -0.304393, -0.36297, -0.262968, 0.149347, 0.375843, 0.187139, 0.14444, -0.269041, 0.152061, 1.05602, 0.59625, 0.0397689, 0.680342, 0.711096, 1.04079, 0.687703, 1.0154, 1.59776, 1.30765, 0.691938, 1.05665, 0.959259, 1.09249, 1.38347, 1.59469
4.54, 0.0319376, 1.94846, 1.24771, 0.723932, 1.41712, 1.27082, -0.306248, 0.118579, -0.000331397, 0.478777, 0.581686, 0.685391, -0.128872, -0.479774, 0.31314, 0.346887, 0.315113, 0.611719, 0.790236, 0.420153, 0.859924, 0.740744, 0.376976, 1.06022, 1.17246, 1.09555, 1.12182, 1.28066, 1.07943, 1.40744, 1.55828
4.56, 0.0319376, 1.33059, 0.899372, 0.0652139, -0.132738, -0.117217, -0.56493, -1.14618, -0.679403, 0.0929527, 0.264984, 0.154394, -0.0575593, 0.035584, 0.482515, 0.095901, 0.903532, 0.45709, 0.560621, 0.250127, 0.213387, 0.365484, 0.636526, 1.12291, 1.04108, 1.21863, 0.974114, 1.01687, 1.16725, 1.36873, 1.30206
4.58, 0.0319376, 1.00454, 0.331391, 0.388897, 0.589767, 0.32463, -0.862842, -1.49426, -0.742238, 0.0245399, 0.501248, -0.392748, -0.111662, -0.314711, -0.15361, 0.333663, 0.495057, 0.311115, 0.416433, 0.654155, 0.958434, 0.405858, 0.129004, 0.94101, 1.20164, 0.595852, 0.708553, 0.959631, 1.18947, 1.10287, 1.52039
4.6, 0.0319376, 1.34808, 0.133144, 0.460974, 0.408268, 0.0838905, -0.485384, -0.368746, -0.745191, -0.193966, 0.447642, 0.332618, 0.0075711, -0.108751, 0.20116, 0.199121, 0.470875, 0.5704, 0.291489, 0.452649, 0.778416, 0.388962, 0.707114, 0.968683, 1.30819, 1.06739, 1.00708, 1.08068, 1.17208, 1.73, 1.71583
4.62, 0.0319376, 1.33863, 0.374179, -0.1954, 1.08535, 1.13915, 0.396399, 0.0895669, -0.446693, -0.045233, 0.940562, 0.356141, 0.14258, 0.0143245, 0.325685, 0.359336, 0.7393, 0.682423, 0.964447, 0.808528, 0.529233, 0.367547, 0.966134, 1.25443, 0.950927, 0.999711, 0.956546, 1.17409, 1.27373, 1.64061, 1.57788
4.64, 0.0319376, 1.275, 0.960633, 0.727635, 1.06873, 0.677544, 0.331619, -0.157818, -0.105204, -0.0648603, -0.111094, -0.0916264, -0.664123, 0.0872594, 0.243299, 0.74657, 0.706609, 0.133269, 0.508416, 1.02629, 1.07256, 0.998482, 1.03202, 1.12781, 0.854798, 1.14385, 0.80197, 1.20701, 1.03437, 1.1625, 1.58469
4.66, 0.0319376, 0.388467, 0.603541, 0.866638, 0.965005, 0.729531, -0.406178, -1.23451, -1.00811, -0.378338, 0.320213, -0.085424, -0.106531, -0.469198, 0.236947, 0.179836, 0.493462, 0.257366, 0.416195, 0.617866, 0.416522, 0.874012, 0.6256, 0.850286, 1.20619, 1.03593, 0.992531, 1.5647, 1.20185, 1.32956, 1.41551
4.68, 0.0319376, 1.53175, 0.880373, 0.0281166, 0.584969, 0.134114, -0.11457, -0.512181, -0.604979, -0.266983, -0.266874, 0.0134546, 0.0551851, -0.0211057, 0.479189, 0.788676, 0.531392, 0.644276, 0.729486, 0.474434, 1.00123, 0.992044, 0.768476, 1.06603, 1.09709, 1.03626, 1.34141, 1.22729, 1.30183, 1.41463, 1.65597
4.7, 0.0319376, 0.979916, 0.483146, -0.00231474, 0.130402, 0.574526, -0.217293, -0.550808, 0.466532, 0.23503, 1.00745, 0.465168, 0.0108039, 0.163215, -0.0183728, 0.212582, 0.400603, 0.5333, 0.547852, 0.921786, 1.10176, 0.740901, 0.82879, 1.0247, 0.954641, 0.849441, 0.872698, 0.900219, 1.0012, 1.39334, 1.52091
4.72, 0.0319376, 1.76543, 0.623749, 0.984197, 1.51834, 1.30061, 0.338714, -0.388391, -0.250298, -0.236096, 0.238242, 0.0202946, -0.187828, 0.355429, -0.0297534, 0.483325, 0.769512, 0.672657, 0.84508, 0.524023, 0.848573, 0.57651, 0.870532, 1.37097, 1.4835, 1.21317, 0.896598, 1.53476, 1.28233, 1.3117, 1.56605
4.74, 0.0319376, 0.78497, 0.304897, 0.710753, 0.468007, 0.247047, 0.163978, -0.19171, -0.455125, 0.295778, 0.334212, 0.130205, 0.036899, -0.490392, -0.0412814, 0.323748, 1.08887, 0.859705, 0.176079, 0.848062, 1.15196, 1.12938, 0.939658, 0.952172, 1.09809, 1.26746, 1.34082, 1.74269, 1.49556, 1.65037, 1.63039
4.76, 0.0319371, 1.93777, 1.02873, 0.852665, 0.851922, 1.0261, -0.0432747, -0.209204, -0.410625, 0.468367, 0.255591, 0.253927, 0.0739369, 0.0688118, 0.178566, 0.590486, 0.368101, 0.922102, 0.583344, 1.05606, 0.885689, 0.979716, 1.00421, 1.66111, 1.51187, 1.13814, 1.49782, 1.49526, 1.2711, 1.698, 1.74467
4.78, 0.0319371, 2.40212, 1.25742, 0.875434, 0.798349, 0.679048, 0.498779, 0.474719, 0.0356756, 0.59688, 0.832739, 0.264551, 0.0278949, 0.14729, 0.585975, 0.812865, 0.58629, 0.56518, 0.320925, 0.427379, 0.892154, 0.932581, 0.575976, 0.895674, 1.05315, 1.12495, 1.21648, 0.978175, 1.15552, 1.46095, 1.37433
4.8, 0.0319371, 1.32224, 0.403716, 0.504457, 0.834537, 0.925519, -0.426318, -0.336434, -0.478429, 0.122964, 0.459228, -0.560565, -0.437633, -0.365328, -0.115518, 0.524794, 0.846639, 0.475083, 0.366533, 0.820967, 1.18937, 0.739476, 0.725468, 1.31508, 1.18719, 1.04995, 1.11768, 1.14834, 1.17127, 1.44673, 1.42972
4.82, 0.0319371, 1.90234, 1.27216, -0.424807, 0.309605, 0.379179, -0.684951, -0.162689, 0.369575, 0.461955, 0.147014, 0.542132, 0.181349, -0.459347, -0.0219779, 0.352499, 0.380695, 0.101908, 0.230039, 0.613055, 0.795558, 0.886052, 1.01644, 0.979908, 0.997552, 1.07123, 1.1279, 1.44365, 1.24821, 1.29654, 1.47779
4.84, 0.0319371, 1.80235, 0.888622, -0.946145, 0.252246, 0.801011, 0.118877, -0.926953, 0.108746, -0.102082, 0.578068, 0.461006, 0.348906, -0.386733, 0.234156, 0.807591, 0.64837, 0.812562, 0.687252, 0.490335, 0.708039, 0.920532, 0.9944, 1.01325, 1.0482, 0.968664, 1.2089, 0.895624, 1.21852, 0.974196, 1.31134
4.86, 0.0319376, 1.71526, 1.17325, 0.0900657, 0.357897, 0.641442, -0.00324752, -0.382354, -0.78941, 0.167733, 0.464144, -0.378772, -0.0457996, -0.030031, 0.113211, 0.294721, 0.535469, 0.796393, 0.703778, 0.577279, 1.22168, 0.997742, 0.436785, 1.18401, 1.0803, 1.26166, 1.25258, 0.887612, 0.885725, 0.89336, 1.38416
4.88, 0.0319376, 0.898088, 0.331604, 0.827691, 1.07078, 0.138987, -0.448303, 0.113332, -0.293173, 0.239723, 0.405058, 0.284119, 0.0402229, 0.260624, 0.11914, 0.514363, 0.592585, 0.510447, 0.426407, 0.523715, 0.84702, 0.551876, 0.753149, 1.07336, 0.676301, 0.878001, 1.27936, 1.48543, 1.31935, 1.23825, 1.15212
4.9, 0.0319376, 2.16697, 1.00467, 1.2296, 1.49546, 1.60592, 1.15159, 0.448045, -0.315864, 0.159642, 0.201809, 0.117323, -0.0251678, 0.228757, 0.149412, -0.153165, 0.578708, 0.843361, 0.589258, 1.06809, 1.31712, 0.739713, 0.652237, 1.23807, 1.08777, 1.02418, 1.09372, 1.34377, 1.16109, 1.23937, 1.47617
4.92, 0.0319376, 1.29855, 1.13258, 0.597412, 0.617168, 0.694414, -0.226911, 0.186142, -0.118389, -0.0788169, 0.132289, 0.543735, 0.0699975, 0.275736, 0.244617, 0.1936, 0.558247, 0.363356, 0.66284, 0.897244, 1.03564, 0.41447, 0.892326, 1.51899, 1.26785, 0.986521, 1.09784, 1.25565, 1.29074, 1.24085, 1.40786
4.94, 0.0319376, 1.64196, 0.86354, 1.5599, 1.62847, 1.537, 0.419419, 0.0473262, -0.375948, -0.179142, -0.0338482, 0.0906321, 0.246874, -0.0367666, 0.0279148, -0.0592915, 0.0882998, 0.680028, 0.607186, 0.623981, 0.90536, 0.592279, 0.92915, 1.66935, 1.17052, 1.21346, 1.10061, 1.26335, 1.09381, 0.91841, 1.54614
4.96, 0.0319376, 1.74924, 0.643206, 0.48394, 0.570034, 0.310937, -0.343798, -0.826652, -0.825131, -0.260746, -0.0451631, 0.00686998, 0.347179, 0.12849, 0.0822232, 0.362986, 0.65381, 0.360403, 0.698566, 0.643301, 0.983672, 0.97952, 0.839317, 1.36465, 1.25422, 1.00712, 1.17987, 1.26369, 1.33733, 1.21062, 1.0825
