# Time (seconds), Duration (seconds), f0, f1, f2, f3, f4, f5, f6, f7, f8, f9, f10, f11, f12, f13, f14, f15, f16, f17, f18, f19, f20, f21, f22, f23, f24, f25, f26, f27, f28, f29
0, 0.0319375, 1.20509, 1.56647, 1.63086, 1.60766, 1.52666, 0.768227, -0.425857, -0.49679, -0.477559, -0.675257, -0.313651, -0.433244, -0.288515, -1.18981, -1.31081, -0.78729, -0.138429, 0.278961, -0.297886, -0.652477, -0.336773, 0.247948, -0.267428, -0.491186, -0.563594, -1.10531, -0.911888, -1.12573, -2.08704, -2.39837
0.02, 0.0319375, 2.61058, 2.94766, 3.01109, 3.07998, 2.55716, 1.84292, 2.42767, 1.58934, 1.79618, 2.01551, 1.60243, 1.75355, 1.4767, 1.90621, 1.54629, 1.07439, 1.75678, 1.2495, 1.34414, 0.743981, 0.814861, 0.844432, 0.554309, 0.755536, 0.702264, 0.494543, 0.63121, 0.370988, 0.0677405, -0.356322
0.04, 0.0319375, 2.73151, 2.87626, 3.10853, 2.77663, 2.81523, 1.92332, 1.75193, 1.48419, 1.65775, 1.40878, 0.752213, 1.07788, 1.01354, 1.18033, 0.794457, 0.718342, 0.747978, 0.246793, 0.227581, 0.481192, 0.255485, 0.133857, 0.147326, 0.0597317, -0.0982919, -0.0383322, -0.268092, -0.364694, -0.587968, -0.738975
0.06, 0.0319375, 1.82597, 1.96744, 2.30166, 2.37958, 2.10432, 1.29469, 1.08125, 0.91502, 1.75412, 1.35508, 1.45223, 1.48448, 0.946891, 1.03854, 0.350311, 0.83331, 1.0468, 0.52972, 0.764292, 1.0484, 0.923489, 0.250879, -0.233816, -0.134348, 0.36238, 0.236624, 0.348053, 0.122994, -0.361754, -0.125619
0.08, 0.0319375, 2.37903, 2.2045, 2.33301, 2.24837, 1.52819, 1.77163, 1.65365, 1.31905, 1.46478, 1.24008, 1.02106, 0.935408, 1.2137, 0.987571, 0.553683, 0.655173, 0.851643, 0.136036, 0.445588, 0.736673, 0.327222, 0.0370839, 0.0598357, -0.00837449, -0.166234, -0.0751776, -0.188763, -0.107783, -0.290804, -0.537559
0.1, 0.0319375, 2.47026, 2.30923, 2.08299, 1.861, 1.90333, 2.03719, 1.35314, 1.64413, 1.39126, 1.39286, 1.20732, 1.41179, 1.30673, 1.46637, 0.903156, 0.893657, 0.832967, 0.32404, 0.305312, 0.486838, 0.366761, 0.434254, 0.303395, -0.146362, 0.195657, -0.141546, 0.282245, 0.01748, -0.185641, -0.630203
0.12, 0.0319375, 2.27195, 2.86564, 2.45279, 2.03004, 1.93073, 2.342, 2.12567, 1.62109, 1.92657, 1.79913, 1.74058, 2.20483, 1.83487, 1.4883, 1.14898, 0.947788, 0.839713, 1.05271, 0.798278, 0.627133, 0.376637, 0.710101, 0.638992, 0.824188, 0.574036, 0.530307, 0.570007, 0.332046, -0.19451, -0.224645
0.14, 0.0319375, 2.25643, 2.37905, 2.43553, 2.20538, 2.46698, 2.05353, 1.95235, 1.42475, 1.18127, 1.56585, 1.02436, 1.60656, 1.60012, 1.46996, 1.51807, 1.09982, 1.2595, 0.982362, 0.854395, 0.767102, 0.720576, 0.691252, 0.370764, 0.481394, 0.375306, 0.220892, 0.498177, 0.446394, 0.0242844, -0.552994
0.16, 0.0319375, 2.42537, 2.08841, 2.16994, 2.16313, 1.46514, 1.76883, 1.648, 1.66292, 1.27505, 0.628802, 1.21252, 1.21211, 1.47731, 1.2283, 0.734037, 0.919091, 0.927174, 0.578317, 0.521096, 0.701993, 0.59554, 0.630769, 0.241326, -0.309994, -0.061784, 0.0338786, -0.156163, -0.240351, -0.296568, -0.746246
0.18, 0.0319375, 2.83097, 2.8822, 2.50142, 2.15949, 2.46151, 2.20134, 2.38344, 1.67439, 1.96536, 1.9386, 1.65273, 1.68528, 1.86314, 1.92922, 1.81325, 0.971342, 0.84872, 1.10389, 1.11616, 1.03946, 1.42781, 1.06524, 0.64244, 0.692057, 0.638232, 0.65075, 1.07208, 0.475366, 0.517658, -0.155621
0.2, 0.0319375, 2.38023, 1.57232, 1.99349, 2.02155, 2.30963, 2.46862, 0.924999, 1.01824, 1.592, 1.4669, 1.07148, 1.38339, 1.80064, 1.95256, 0.474299, 0.862723, 0.898311, 0.955255, 0.948848, 1.05446, 0.917908, 0.708282, 0.425074, 0.660542, 0.642295, 0.284369, 0.254291, 0.0428218, 0.100882, -0.125063
0.22, 0.0319375, 1.62572, 1.73524, 2.27994, 1.37501, 1.80954, 1.62039, 1.33223, 1.20249, 1.47917, 1.3344, 0.835803, 1.17193, 0.935541, 0.846249, 0.468024, -0.112421, 0.429788, -0.113952, -0.356366, -0.18988, -0.212147, -0.596855, -0.649915, -0.477138, -0.566932, -0.820218, -1.22887, -1.24594, -1.20173, -1.30784
0.24, 0.0319375, 2.49991, 3.24419, 2.96347, 2.45433, 2.94884, 2.75731, 1.51788, 1.49263, 1.58732, 1.63486, 1.32344, 1.58592, 1.81147, 1.44031, 1.57353, 1.42616, 1.21337, 0.936127, 0.734091, 0.565116, 0.90701, 0.958151, 0.880251, 0.707371, 0.838605, 0.217942, 0.442627, 0.53035, 0.672368, -0.0464316
0.26, 0.0319375, 2.25923, 2.97691, 2.53083, 1.5499, 2.53868, 2.36049, 2.14237, 1.93944, 2.0351, 2.0267, 1.61075, 1.06386, 1.5431, 1.58305, 0.466967, 1.11684, 1.29269, 0.919352, 0.943871, 1.18307, 0.8635, 0.888806, 0.739401, 0.446221, 0.281429, 0.394048, 0.338145, 0.112174, -0.19994, -0.295006
0.28, 0.0319375, 2.21825, 2.67996, 2.76511, 2.80195, 1.73858, 1.99076, 1.98581, 2.25897, 2.61637, 1.91248, 1.85512, 2.37792, 1.83511, 1.6479, 1.09684, 0.581569, 0.556297, 0.439214, 0.762751, 0.813479, 0.558337, 0.297668, 0.280867, 0.290962, 0.146532, -0.357088, 0.0101019, -0.394479, -0.574909, -0.721755
0.3, 0.0319375, 2.55569, 3.028, 3.01233, 2.68997, 2.31996, 1.97047, 1.75071, 1.36415, 1.49875, 1.62603, 1.5896, 1.20398, 1.17397, 0.879414, 0.875383, 1.08601, 0.592459, 0.672818, 0.651578, 0.797962, 0.814941, 0.476878, -0.00668046, 0.0398123, 0.298505, 0.463381, 0.040593, -0.0940934, -0.849413, -0.798183
0.32, 0.0319375, 2.44723, 2.42762, 2.01292, 1.22009, 1.97419, 1.5091, 0.906405, 0.935434, 0.463185, 0.187078, 0.42695, 0.840257, 0.188963, 0.51015, -0.188057, 0.153957, -0.0343562, -0.180196, -0.0163353, -0.356983, -0.225307, -0.834715, -1.08951, -0.994511, -1.20237, -0.892823, -1.00457, -1.06172, -1.31206, -1.62515
0.34, 0.0319375, 1.4978, 2.33173, 2.50575, 2.63936, 2.77749, 2.53164, 1.53028, 1.42734, 2.00512, 1.52837, 1.01263, 1.5474, 1.38931, 0.98652, 0.808399, 1.0789, 0.831046, 0.0627253, 0.326403, -0.052256, -0.0274896, 0.0142129, -0.277575, 0.282502, 0.355274, -0.0844782, -0.331579, -0.168429, -0.324962, -0.814765
0.36, 0.0319375, 2.07741, 1.79565, 1.84969, 2.06734, 2.15499, 2.23019, 1.46048, 1.3385, 1.37445, 1.24732, 1.53583, 1.22737, 1.51122, 1.76463, 0.902621, 1.3462, 1.19518, 0.570926, 0.746628, 0.419004, 0.2942, 0.0432734, 0.0890479, 0.266578, 0.202308, 0.159181, -0.0897027, -0.014991, 0.00291459, -0.746331
0.38, 0.0319375, 2.23866, 1.76672, 1.80182, 1.68183, 2.23454, 2.48241, 1.6781, 1.33372, 1.15167, 1.0064, 0.381138, 1.0689, 1.09585, 1.32629, 0.748601, 0.316785, 0.714402, 0.215389, 0.0437783, 0.00927225, 0.0643379, -0.295624, -0.108067, -0.0480442, 0.0384737, -0.260736, -0.477669, -0.478825, -0.527955, -1.06769
0.4, 0.0319375, 2.01873, 2.27989, 2.39514, 2.54856, 1.97325, 1.69064, 0.96799, 1.19756, 1.46907, 0.982184, 1.39387, 1.89882, 1.59257, 1.34485, 0.450397, 0.659477, 0.235838, 0.14962, 0.352808, 0.307328, -0.073149, -0.00901272, 0.0130616, 0.190206, 0.855982, -0.142503, -0.0515601, -0.208244, -0.172179, -0.428428
0.42, 0.0319375, 2.31755, 2.53425, 2.28509, 2.83619, 2.3161, 1.96942, 2.08518, 1.85023, 2.11958, 1.62555, 1.59048, 1.95509, 1.42225, 1.37981, 1.28127, 1.02641, 1.22755, 0.28461, 0.924351, 0.781277, 0.818385, 0.513321, 0.317935, 0.602501, 0.813127, 0.656691, 0.244641, 0.297261, 0.127209, -0.34108
0.44, 0.0319375, 2.73023, 2.47071, 3.53217, 3.0894, 2.60575, 2.4482, 1.88512, 1.61691, 1.92797, 1.29961, 1.51244, 1.41746, 1.60972, 1.62431, 1.54924, 1.27455, 1.33411, 1.27202, 1.30846, 0.816555, 0.66137, 0.697578, 0.446095, 1.00367, 1.26123, 0.95453, 0.913876, 0.704936, 0.38228, -0.39014
0.46, 0.0319375, 1.64475, 2.65583, 2.80444, 2.69143, 2.45873, 2.45078, 2.21338, 1.59607, 1.55326, 2.31531, 1.82781, 1.8407, 1.9528, 2.16534, 1.40726, 1.1432, 1.20006, 1.03678, 1.1061, 1.39913, 0.950917, 0.784499, 0.878606, 1.05771, 1.0873, 0.558453, 0.404265, 0.708229, 0.729682, 0.149724
0.48, 0.0319375, 2.27996, 2.46152, 2.81387, 2.95523, 1.85803, 2.39851, 2.2107, 1.53965, 1.24855, 1.58484, 1.28883, 1.52089, 1.60934, 1.62839, 0.842217, 1.06284, 0.803465, 0.967497, 0.801638, 0.532929, 0.295103, -0.132092, 0.0136162, 0.0640738, 0.308762, 0.0731149, -0.0546405, 0.0359622, -0.158514, -0.78815
0.5, 0.0319375, 2.38681, 2.16913, 2.03161, 2.57142, 2.58833, 1.57565, 1.41328, 1.21958, 1.36048, 0.88555, 1.50421, 1.36854, 0.948767, 1.1354, 0.478466, 0.283871, 0.535119, 0.39293, 0.299636, -0.0761788, -0.292998, -0.1711, -0.258327, -0.249591, 0.0394727, -0.219928, -0.303728, -0.422369, -0.448914, -0.754021
0.52, 0.0319375, 1.63437, 2.2668, 2.18039, 1.78732, 1.76686, 2.18345, 1.59938, 1.90897, 1.73413, 1.15656, 1.57845, 1.08057, 0.842486, 0.756288, 0.662683, 1.12581, 0.701969, 0.171189, 0.38445, 0.360337, 0.203955, 0.200711, 0.0660716, -0.223256, 0.0894247, -0.267538, -0.633817, -0.252181, -0.380726, -1.07782
0.54, 0.0319375, 1.53817, 2.10716, 2.11674, 0.77529, 1.52853, 1.80095, 0.731579, 0.506575, 1.46488, 1.4494, 1.43006, 1.15348, 1.23406, 1.37181, 0.954478, 1.06237, 0.925736, 0.522338, 0.701699, 0.732652, -0.00977456, -0.0830329, 0.150267, 0.173215, 0.0811263, -0.0606304, -0.169194, -0.131096, -0.369277, -0.927707
0.56, 0.0319375, 3.14439, 3.06879, 2.15012, 2.68539, 3.33314, 3.23837, 2.48948, 1.46878, 1.71882, 1.50134, 1.95325, 1.70483, 2.03783, 2.02972, 1.92524, 1.53692, 1.29517, 1.15058, 1.1948, 1.26681, 0.66786, 1.15421, 1.04832, 0.756668, 0.973998, 0.552112, 0.365582, 0.309071, 0.188131, 0.0342149
0.58, 0.0319375, 1.85186, 1.48663, 1.8906, 2.13458, 1.87745, 1.90398, 1.78672, 1.39123, 1.44409, 1.19152, 1.03417, 1.29399, 1.27651, 1.18222, 0.806403, 0.340942, 0.206183, 0.36181, 0.238936, -0.204116, -0.184943, 0.0831719, -0.15208, -0.053849, 0.0430687, -0.299045, -0.794172, -0.794567, -0.929707, -1.00993
0.6, 0.0319375, 1.95225, 1.88177, 2.24067, 1.16113, 1.68396, 1.66554, 1.27632, 0.660309, 0.959772, 0.630589, 0.417257, 0.427219, 0.902315, 0.478252, 0.663733, 0.273342, -0.250687, 0.11546, -0.102179, -0.229603, 0.0499809, -0.561328, -0.463925, -0.429481, -0.311794, -0.542874, -0.754959, -0.615166, -0.58326, -1.04248
0.62, 0.0319375, 2.01968, 2.05721, 2.24274, 1.61838, 1.66823, 1.84768, 1.95303, 1.16959, 1.66211, 2.05198, 1.70916, 1.594, 1.43389, 1.38088, 0.672846, 0.65946, 1.48898, 0.464626, 0.202259, 0.220591, 0.435176, 0.427633, 0.445468, 0.624103, 0.538133, -0.160765, 0.0781313, 0.281362, 0.101558, -0.41501
0.64, 0.0319375, 2.00192, 1.92092, 2.99102, 1.99702, 2.26694, 1.90877, 1.25253, 0.791396, 1.34634, 1.63704, 1.60594, 1.33943, 1.02248, 1.81474, 1.4863, 1.2164, 1.5602, 1.36302, 1.20214, 0.877924, 0.630933, 0.887326, 0.893363, 0.42054, 0.137227, 0.255906, -0.10889, -0.215433, -0.277332, -0.223732
0.66, 0.0319375, 2.55947, 2.81035, 2.8013, 2.21817, 2.36611, 2.47618, 2.26951, 1.71679, 1.90072, 1.74253, 1.70225, 1.51799, 1.47324, 1.68369, 1.38614, 1.49726, 1.18206, 0.803845, 0.897946, 0.810892, 0.533004, 1.17441, 0.977063, 0.767742, 0.22569, 0.114541, 0.239293, 0.207758, 0.169508, -0.349514
0.68, 0.0319375, 2.14659, 2.17419, 2.88897, 2.0456, 2.34575, 2.26677, 1.95166, 1.86027, 1.91532, 1.59278, 1.23233, 1.41887, 1.61555, 1.43985, 1.32483, 1.1499, 1.05928, 0.762893, 0.956578, 0.984879, 0.480298, 0.578231, 0.308788, 0.499475, 0.46161, 0.525693, -0.133411, 0.176478, 0.0448228, -0.437468
0.7, 0.0319375, 2.78775, 2.3996, 2.20278, 2.08597, 1.41461, 1.71095, 1.82529, 1.47915, 1.44308, 1.13347, 0.787045, 1.21852, 1.11567, 1.64053, 1.42394, 1.14874, 1.07334, 0.546398, 0.811958, 0.752511, 0.800242, 0.766556, 0.56644, 0.510384, 0.308946, 0.283372, 0.171055, 0.215418, -0.0392685, -0.32212
0.72, 0.0319375, 1.95388, 2.7021, 2.57658, 2.66527, 3.23165, 2.91983, 1.66875, 0.97722, 1.33941, 1.37416, 1.48415, 2.42591, 2.21991, 1.38428, 1.38915, 1.57232, 1.54125, 1.24051, 0.345393, 1.07328, 0.846897, 0.61256, 0.260382, 0.654376, 0.660796, 0.707251, 0.352556, 0.571176, 0.49159, 0.298543
0.74, 0.0319375, 1.87936, 1.40999, 2.01353, 2.69987, 3.19266, 1.94832, 1.42753, 1.13295, 1.75762, 1.82803, 1.63955, 1.63494, 1.57305, 1.32864, 0.882884, 1.09314, 1.17439, 0.816677, 0.819821, 0.48346, 0.417881, 0.179053, 0.361793, 0.48967, 0.441159, 0.217495, 0.0157809, 0.00973537, -0.0281508, -0.260368
0.76, 0.0319375, 1.67624, 1.76185, 1.41831, 1.69292, 2.06325, 1.82794, 1.57738, 0.918183, 1.36427, 0.863857, 1.26828, 1.56574, 1.45535, 1.17024, 1.24008, 1.17096, 0.985574, 0.11254, 0.545086, 0.755435, 0.377039, 0.0602907, -0.0811065, -0.287779, -0.0397149, -0.433935, -0.461928, -0.378749, -0.738081, -1.08796
0.78, 0.0319375, 2.09058, 2.82938, 2.68066, 2.5875, 2.26481, 1.88587, 1.17842, 1.28412, 1.19187, 1.59332, 1.45735, 1.16255, 1.33556, 1.42957, 1.47314, 1.78136, 1.2193, 0.733422, 1.06369, 1.23994, 0.895657, 0.837638, 0.386113, 0.338013, 0.293913, 0.372791, 0.207633, 0.137471, -0.3092, -0.433153
0.8, 0.0319375, 2.55568, 2.57241, 1.68212, 1.26609, 1.44981, 1.83195, 1.62707, 1.37038, 1.42589, 0.870733, 0.644962, 0.98839, 0.863574, 0.754139, 0.800916, 0.381434, 0.49884, 0.417196, 0.470425, 0.542925, 0.104332, -0.240647, -0.0334304, 0.232701, 0.322516, -0.221522, -0.553354, -0.0547163, -0.49383, -1.33307
0.82, 0.0319375, 2.45089, 1.83918, 1.99294, 2.01174, 2.37578, 2.06404, 2.33438, 2.27782, 1.81577, 1.75854, 1.49591, 1.95932, 1.73971, 1.65041, 0.787959, 1.02841, 1.12769, 1.18025, 1.43406, 0.843498, 0.833464, 0.859904, 0.7871, 0.559929, 0.49741, 0.465162, 0.0296921, 0.339695, 0.0685743, -0.213515
0.84, 0.0319375, 1.57059, 1.75077, 2.34485, 2.2541, 2.15346, 2.04841, 1.4461, 1.57302, 1.03682, 1.0932, 1.61732, 1.91228, 2.02778, 2.01712, 1.26668, 1.39326, 1.34681, 1.0946, 1.08108, 0.873947, 0.864542, 0.747934, 0.297634, 0.209431, 0.327189, 0.202519, 0.0447584, -0.0222591, -0.350701, -0.408641
0.86, 0.0319375, 1.92791, 2.43167, 2.0876, 1.41049, 2.11378, 2.29796, 1.75199, 1.2258, 1.19427, 1.77831, 1.04192, 1.35576, 1.50692, 1.2445, 0.748437, 0.468892, 0.601294, 0.573944, 0.289938, 0.0547274, 0.182, 0.135223, 0.114532, 0.232614, 0.119253, 0.0144481, -0.247646, -0.144764, -0.367844, -0.936846
0.88, 0.0319375, 2.50965, 2.28242, 2.4835, 2.68381, 2.5354, 2.35815, 1.4766, 1.94726, 1.52287, 1.77042, 1.95275, 1.94336, 1.93125, 1.94058, 1.79685, 1.21686, 1.09456, 0.940055, 1.05667, 0.595597, 0.153792, 0.55558, 0.947548, 0.534805, 0.729541, 0.793937, 0.776478, 0.70388, 0.571985, 0.303528
0.9, 0.0319375, 2.08708, 1.68808, 2.20187, 2.05592, 1.79207, 1.91056, 1.25583, 1.28974, 1.56665, 1.05245, 1.05115, 1.10466, 1.53433, 1.77532, 1.14691, 0.833187, 0.410967, 0.091095, 0.239355, 0.549447, 0.31025, 0.047683, 0.313324, -0.0228532, -0.0794382, -0.163987, -0.399088, -0.204906, -0.370801, -1.05967
0.92, 0.0319375, 1.92329, 1.28417, 1.70502, 2.01486, 1.82923, 1.83214, 0.891281, 0.646285, 0.915067, 0.858035, 0.810499, 0.963512, 0.750071, 0.19769, 0.489557, 0.411926, -0.119812, -0.044299, -0.177035, 0.0305945, -0.253336, -0.292873, -0.193416, -0.197797, -0.0485434, -0.790501, -0.938095, -0.639703, -0.737395, -1.14483
0.94, 0.0319375, 1.93453, 2.02658, 2.39376, 2.78554, 2.27061, 2.2273, 1.87539, 1.26727, 0.91812, 1.67022, 1.1699, 1.36236, 1.49707, 1.79506, 1.18801, 0.618843, 1.20028, 0.77759, 0.871416, 0.697399, 0.463444, 0.386477, 0.123455, 0.537922, 0.298051, 0.501533, -0.0415951, 0.23409, -0.187632, -0.802738
0.96, 0.0319375, 2.12594, 2.28887, 2.34149, 1.57176, 2.16723, 2.14873, 0.348206, 0.603061, 1.21041, 0.971744, 0.781573, 0.694244, 1.1653, 1.15538, 0.700505, 0.91714, 0.644398, 0.229506, -0.278268, -0.285234, -0.588227, -0.0524318, -0.180096, -0.375797, -0.597792, -0.566441, -0.602528, -0.767303, -0.855113, -1.12248
0.98, 0.0319375, 1.49441, 2.27148, 2.44358, 1.75095, 1.73829, 1.99121, 1.61492, 1.14455, 1.31586, 1.13, 1.01946, 1.22847, 1.43716, 1.45168, 0.552177, 0.899786, 0.707726, 0.412429, 0.791283, 0.426073, 0.334302, 0.556581, 0.078038, 0.263941, 0.445567, 0.31816, 0.00444769, -0.0994114, -0.375246, -0.800415
1, 0.0319375, 2.35179, 2.28077, 2.77871, 2.16825, 2.14144, 1.97495, 0.398013, 1.18237, 1.45834, 1.18646, 1.42232, 0.701846, 1.23073, 1.43958, 1.39297, 1.04021, 0.860644, 0.815569, 0.812171, 0.254766, 0.267655, 0.391959, 0.356008, 0.373997, 0.376043, -0.031521, -0.211218, 0.044256, -0.219828, -0.695868
1.02, 0.0319375, 2.11052, 2.1105, 2.35141, 1.94706, 2.21029, 1.99997, 1.81578, 1.28519, 1.99488, 1.49681, 1.68164, 1.21525, 1.41908, 1.1649, 0.554317, 0.515506, 0.499995, 0.223195, 0.38727, 0.360612, 0.0100006, -0.0130403, -0.0197786, 0.0059276, -0.145481, -0.618094, -0.501654, -0.252183, -0.308915, -0.60155
1.04, 0.0319375, 2.32858, 2.40429, 2.42836, 1.92318, 2.15094, 2.56381, 2.41466, 1.35456, 1.44162, 1.5097, 1.9376, 2.21959, 1.69677, 1.72571, 1.17187, 0.958856, 0.925077, 1.00406, 0.747972, 0.389009, 0.679363, 1.40274, 0.796822, 0.576368, 0.318407, 0.837155, 0.72187, 0.627802, 0.17146, -0.328748
1.06, 0.0319376, 1.20927, 2.21454, 2.0445, 1.88621, 2.26689, 2.14843, 1.40514, 1.14622, 0.908325, 1.41922, 1.38202, 1.07921, 1.13175, 1.10242, 0.599074, 0.409188, 0.455094, 0.0945484, 0.212395, 0.279486, -0.333889, -0.108084, -0.176568, 0.0458624, -0.0504367, -0.216567, -0.337019, -0.472546, -0.572688, -1.18669
1.08, 0.0319375, 2.01441, 2.61744, 2.12876, 1.71386, 1.97212, 1.19933, 2.04554, 1.52009, 1.57075, 1.4234, 1.2991, 1.63612, 1.88213, 1.78034, 1.03175, 1.69972, 1.30909, 1.04549, 0.664348, 0.83083, 1.43275, 1.29033, 0.7371, 0.762447, 0.748539, 0.628946, 0.301433, 0.390913, -0.00587007, -0.684624
1.1, 0.0319375, 1.94819, 2.65568, 2.69183, 2.25131, 2.33231, 2.06844, 1.25299, 0.527959, 1.63982, 1.69848, 1.20745, 1.30181, 1.32883, 1.05505, 0.416148, 0.785217, 0.801046, 0.422716, 0.404206, 0.52561, 0.489202, 0.0818564, -0.0213191, 0.210161, 0.558654, 0.268134, -0.24744, -0.0628279, -0.385282, -0.739543
1.12, 0.0319375, 1.80412, 2.29389, 1.84313, 1.61227, 1.85331, 2.183, 1.27919, 1.12139, 1.47393, 1.45084, 1.75741, 1.61498, 1.47437, 1.11388, 0.977099, 0.876191, 0.51096, 0.780986, 1.07817, 0.633364, 0.578806, 0.702531, 0.591193, 0.461347, 0.42915, 0.480283, 0.209691, -0.0807225, 0.034185, -0.357281
1.14, 0.0319375, 1.96655, 1.94666, 2.11001, 2.10911, 2.1963, 1.96723, 1.17024, 0.823797, 1.56958, 1.34316, 0.584549, 1.3519, 1.33171, 1.49572, 1.01021, 1.15297, 1.12205, 1.0318, 1.14154, 0.744869, 0.852508, 0.720231, 0.43252, 0.299157, 0.306837, 0.431357, -0.0884062, -0.0321589, -0.0795139, -0.696173
1.16, 0.0319375, 2.22762, 2.43807, 2.65757, 2.09166, 3.04346, 2.59028, 1.32481, 1.54292, 0.949377, 1.43822, 2.06545, 1.81539, 1.53623, 0.955017, 1.07867, 1.33269, 1.08452, 0.610607, 0.427362, 0.904686, 0.476202, 0.0661361, 0.349178, 0.541673, 0.64468, 0.0520842, -0.0672115, 0.354968, -0.0529135, -0.513094
1.18, 0.0319376, 2.29796, 2.01518, 2.42086, 2.66813, 3.01358, 1.84566, 1.95585, 1.70936, 2.25138, 1.90573, 1.95698, 2.06139, 2.23483, 2.34421, 1.7357, 1.72905, 1.01279, 0.65829, 0.915358, 0.447243, 0.606811, 0.718866, 0.108926, 0.299674, 0.135637, 0.468593, 0.124989, 0.236516, 0.0809993, -0.626595
1.2, 0.0319375, 1.9696, 2.06033, 2.248, 2.43009, 2.11732, 1.7094, 1.27561, 0.778674, 1.65216, 1.00394, 0.8603, 1.20744, 1.24388, 0.978197, 0.381041, 0.3991, 0.125503, 0.239957, 0.0997223, -0.709846, -0.463913, -0.453507, -1.04388, -0.558445, -0.407923, -0.41813, -0.406738, 0.018565, -0.533741, -1.14934
1.22, 0.0319375, 1.63938, 2.38262, 2.20287, 2.35281, 1.99061, 1.52071, 2.06845, 1.43351, 1.02702, 0.233647, 1.04529, 0.544997, 0.937643, 1.20611, 0.584929, 0.959564, 0.935573, 0.735657, 0.450151, 0.416189, 1.15089, 0.827216, 0.565754, 0.445311, 0.660204, 0.67461, 0.260229, 0.302774, -0.401475, -0.315154
1.24, 0.0319375, 2.22616, 1.93348, 1.56985, 1.34618, 1.61734, 1.83845, 1.61202, 1.3122, 1.53359, 1.24436, 1.21601, 1.24174, 1.4576, 1.47873, 0.569598, 0.634364, 0.811844, 0.720227, 1.11753, 1.06664, 0.640067, -0.0132864, -0.117485, 0.110665, 0.0859345, -0.145557, -0.693163, -0.653515, -0.642898, -1.07807
1.26, 0.0319375, 1.11138, 1.98424, 2.01216, 1.85225, 1.15683, 1.39223, 1.03498, 1.02434, 0.710581, 0.718549, -0.115282, 0.700995, 0.617398, 0.572043, 0.334122, 0.526596, 0.323817, 0.109695, 0.110028, 0.00654826, -0.0821183, -0.310592, -0.477777, -0.379279, -0.411324, -0.485497, -1.0261, -0.546309, -0.707808, -1.4186
1.28, 0.0319375, 2.41564, 1.8735, 2.66431, 2.87459, 2.51319, 1.49376, 1.25515, 1.28759, 1.63574, 1.46466, 1.45504, 1.42319, 1.83744, 2.05759, 1.42786, 1.58987, 1.28085, 0.66812, 1.0524, 1.09658, 1.14978, 0.660262, 0.532044, 0.720813, 0.763283, 0.505374, 0.505981, 0.151182, -0.0944181, -0.214003
1.3, 0.0319376, 1.70022, 2.40331, 2.00616, 2.08749, 1.63203, 0.91542, 1.20044, 1.46695, 2.00874, 1.35005, 1.33778, 1.49057, 1.4945, 2.00378, 1.04082, 1.20794, 1.04254, 0.570656, 0.459617, 0.456066, 0.528527, 0.483619, 0.242239, -0.132986, 0.0799835, 0.174761, -0.185943, -0.153046, 0.0582339, -1.07124
1.32, 0.0319375, 2.02521, 3.09206, 3.19348, 1.98528, 2.29122, 2.46574, 1.54792, 0.717968, 1.83729, 1.69953, 1.46513, 1.2802, 1.16866, 1.6545, 0.771708, 0.960341, 0.66419, 0.702908, 0.710848, 0.430355, 0.31219, 0.152733, 0.211065, 0.397947, 0.463001, 0.254013, -0.128172, -0.465187, -0.466504, -0.833215
1.34, 0.0319375, 2.42633, 1.90192, 1.43268, 0.671125, 1.20034, 1.50932, 0.798255, 1.56231, 1.30857, 1.36052, 1.0623, 1.22707, 1.25639, 1.48933, 0.790266, 0.628857, 0.458013, 0.290183, 0.651949, 0.200359, -0.153289, -0.291303, -0.260665, -0.00721626, 0.106282, -0.378261, -0.506175, -0.277017, -0.986289, -0.869906
1.36, 0.0319375, 2.59496, 3.07234, 2.45842, 2.07507, 2.18912, 1.56436, 0.758315, 1.18094, 1.30274, 1.38566, 1.18535, 0.717477, 1.69049, 1.75553, 1.22115, 1.01077, 0.564018, 0.691355, 0.657472, 0.595783, 0.435063, -0.217487, -0.233108, 0.310498, 0.284799, 0.340005, -0.301057, -0.366861, -0.144069, -0.213557
1.38, 0.0319375, 1.95956, 2.08397, 2.12059, 2.14628, 1.63489, 1.60311, 1.32828, 0.73306, 1.38833, 1.57183, 1.37951, 1.04468, 1.158, 0.984774, 0.671165, 1.18019, 1.02363, 1.16785, 1.19298, 0.477452, 0.0149559, 0.558663, 0.261866, 0.250904, 0.404172, 0.0228239, 0.274743, 0.0204295, -0.158593, -0.645284
1.4, 0.0319375, 2.29223, 2.25565, 1.08672, 1.19002, 1.8526, 1.8668, 1.43754, 1.11248, 0.795014, 1.59978, 1.22371, 1.36978, 1.10794, 1.69817, 1.10287, 0.514322, 1.16975, 0.622089, 0.689835, 0.89535, 0.592719, 0.19689, 0.355106, 0.45478, 0.432363, 0.284401, -0.177545, 0.248044, 0.0201555, -0.695511
1.42, 0.0319376, 2.44156, 1.76968, 2.29055, 0.953447, 1.08996, 0.813712, -0.284421, 0.798725, 1.03907, 1.3447, 1.20544, 1.42645, 1.2033, 0.917326, 0.661131, 0.682676, 0.950292, 0.0768339, -0.161843, 0.063611, 0.265841, 0.319688, -0.630651, -0.762852, -0.461899, -0.330508, -0.354603, -0.331911, -0.551024, -0.698254
1.44, 0.0319375, 1.79381, 2.41688, 1.98158, 1.44137, 1.65979, 1.3624, 0.403834, 0.996449, 1.57315, 1.06948, 0.658058, 0.810734, 0.568378, 1.12586, 0.389438, 0.512475, 0.727642, 0.343756, -0.029778, -0.464057, -0.560564, -0.732439, -0.720116, -0.536534, -0.803361, -0.883638, -0.86348, -0.977576, -1.07124, -1.45523
1.46, 0.0319375, 2.72481, 2.60956, 2.38323, 2.06466, 2.4208, 1.87792, 1.33305, 0.374359, 0.887067, 1.0213, 1.46577, 1.5409, 0.981407, 1.20897, 0.841815, 0.768353, 0.514922, 0.941217, 0.834686, 0.453711, 0.565988, 0.697917, 0.860958, 0.683829, 0.310075, -0.157721, 0.319778, 0.0949991, -0.101102, -0.736738
1.48, 0.0319375, 1.5779, 1.82538, 2.16692, 1.90478, 1.64903, 2.22888, 1.34087, 0.998788, 1.2609, 1.11964, 0.817607, 0.99859, 1.17764, 0.86798, 0.57201, 0.283854, 0.478779, 0.294486, 0.0328557, 0.139655, 0.231454, 0.527333, 0.241841, 0.0775606, 0.203388, -0.286956, -0.401292, -0.382079, -0.26583, -0.425303
1.5, 0.0319375, 1.82357, 2.15558, 1.40799, 1.86423, 1.89978, 2.14512, 0.9334, 0.652963, 1.30463, 1.32722, 1.23989, 1.56992, 1.72133, 1.48124, 0.604074, 0.306634, 0.732494, 0.555967, -0.244571, -0.273351, 0.0869401, 0.199556, 0.0881411, 0.176974, -0.0101458, -0.294723, -0.549065, -0.234639, -0.382631, -1.04684
1.52, 0.0319375, 2.52747, 2.05849, 2.21427, 1.26727, 2.38662, 2.20205, 1.02646, 0.542422, 1.02466, 1.47579, 0.985628, 1.81816, 0.878456, 1.18417, 1.1444, 0.653824, 0.544526, 0.385961, 0.327486, 0.395126, 0.32671, 0.00559526, 0.213896, 0.324815, -0.00951102, 0.179311, -0.109526, -0.118558, -0.491296, -1.05085
1.54, 0.0319375, 1.80984, 2.55525, 2.56396, 1.99786, 2.21461, 2.32414, 1.72552, 1.64032, 1.50722, 1.10415, 1.30908, 2.05327, 1.78922, 1.8635, 1.60267, 1.64753, 1.22337, 0.965753, 0.729992, 0.949388, 0.934859, 0.952005, 0.87386, 0.539108, 0.51602, 0.56861, 0.402792, 0.187888, 0.214252, -0.296508
1.56, 0.0319376, 2.14839, 1.91768, 1.41872, 0.861414, 2.035, 1.75389, 1.17864, 1.40529, 1.32604, 1.10808, 1.56072, 0.95712, 1.0891, 1.04279, 0.755265, 0.807878, 0.538947, 0.0196468, -0.168866, 0.0466271, -0.220416, -0.325049, 0.0273209, 0.129823, 0.0984283, -0.535883, -0.368286, -0.190852, -0.72689, -0.871325
1.58, 0.0319375, 1.65824, 2.18032, 2.27516, 1.56695, 2.22662, 1.95606, 1.29839, 1.50054, 1.47688, 1.32198, 0.934787, 1.24885, 1.21695, 0.988738, 0.956858, 1.10399, 1.16725, 0.601113, 0.306073, -0.0570721, 0.222835, -0.00927763, -0.255939, -0.29531, 0.197332, -0.0928809, 0.0487306, -0.49301, -0.317834, -0.698949
1.6, 0.0319375, 1.79263, 1.82472, 1.6427, 0.633131, 1.71112, 1.69536, 0.798957, 0.326686, 1.14108, 0.96422, 0.66595, 0.765323, 1.46919, 1.21463, 0.378586, 0.772472, 1.22683, 0.621927, 0.451857, 0.0847475, 0.0908434, -0.580209, -0.365098, 0.110284, -0.159097, -0.295625, -0.385616, -0.0549844, -0.371059, -0.94745
1.62, 0.0319375, 1.86672, 2.72122, 2.55567, 2.5147, 1.65307, 2.36264, 1.6591, 0.863904, 1.50109, 1.05493, 1.12343, 0.795749, 1.44468, 1.31516, 0.603231, 0.356976, 1.32344, 1.00466, 1.23249, 1.40349, 0.917977, 0.634132, 0.478123, 0.675383, 0.602076, 0.289413, 0.373633, 0.21667, -0.169127, -0.366297
1.64, 0.0319375, 2.62715, 2.89413, 3.05946, 2.41335, 2.53642, 2.58827, 1.80851, 2.00303, 1.68336, 1.83643, 1.49803, 1.45235, 1.51999, 1.649, 1.28047, 1.10277, 1.20229, 0.88096, 1.11844, 0.576114, 0.841703, 0.730721, 0.266337, 0.28108, 0.53942, 0.656549, 0.275045, 0.398135, 0.0192805, -0.0908689
1.66, 0.0319375, 1.92393, 1.59814, 2.11657, 2.18114, 2.34786, 1.79247, 1.39896, 1.10055, 1.22401, 1.58562, 1.48164, 1.60114, 1.74704, 2.00473, 0.741718, 0.401554, 0.543371, 0.916026, 0.523609, 1.00288, 0.733529, 0.22232, 0.332986, 0.487045, 0.19968, -0.204584, -0.0843257, -0.285703, -0.372051, -0.728125
1.68, 0.0319376, 2.23016, 2.11046, 2.57956, 2.50762, 2.19791, 2.29522, 1.52934, 1.64293, 1.35269, 1.48214, 0.736921, 1.09794, 1.26359, 1.05371, 0.589701, 1.17838, 0.939926, 0.428905, 0.487574, 0.576443, 0.554318, 0.207308, -0.0530057, -0.22456, 0.0963507, 0.384613, -0.259484, -0.149183, -0.356941, -0.566658
1.7, 0.0319375, 1.62459, 2.50477, 1.80149, 3.11591, 3.44682, 2.59135, 1.60084, 1.91026, 2.53406, 2.46425, 2.23264, 1.76428, 2.13349, 2.22048, 1.81551, 2.12051, 1.83394, 1.38706, 0.830706, 0.853382, 1.29453, 0.719333, 0.764304, 0.926538, 1.1342, 1.03126, 0.302351, 0.656177, 0.703241, -0.199001
1.72, 0.0319375, 2.71446, 3.05618, 2.1722, 1.97182, 2.48441, 2.02137, 1.49793, 1.69156, 1.91125, 1.64882, 1.62966, 1.79826, 1.8467, 1.10187, 1.36606, 1.62624, 1.28603, 0.7703, 0.548725, 0.698306, 0.92438, 0.639719, 0.535035, 0.461747, 0.837751, 0.227706, -0.0409147, -0.0177287, -0.0576129, -0.546978
1.74, 0.0319375, 2.26555, 2.13926, 2.47927, 2.87857, 2.07753, 2.16649, 1.67917, 1.52554, 2.0169, 1.90754, 1.25763, 1.25964, 1.18545, 1.13536, 0.756881, 0.905056, 0.788264, 0.288316, 0.340249, 0.129453, 0.277218, 0.230733, -0.0620615, -0.170983, -0.0413315, -0.177766, -0.38904, 0.0497371, -0.454548, -0.974411
1.76, 0.0319375, 2.84073, 2.28044, 1.54819, 2.061, 1.94759, 1.9471, 1.82645, 1.55082, 1.85172, 1.60057, 1.50087, 1.43676, 1.38339, 1.56058, 1.42646, 1.51352, 1.04724, 0.951122, 0.905903, 1.17247, 0.775715, 0.495371, 0.706389, 0.451416, 0.548092, 0.389916, -0.126833, 0.0108678, 0.00694611, -0.297579
1.78, 0.0319375, 2.682, 1.91741, 1.78308, 2.27752, 1.83318, 1.86365, 1.42146, 1.3991, 1.61249, 1.45018, 1.33036, 1.41008, 0.904693, 0.8811, 0.359191, 0.917488, 0.746116, 0.193883, 0.247284, 0.526198, 0.546419, 0.62307, 0.0220763, -0.298635, 0.0208462, -0.163357, -0.12562, -0.101949, -0.507694, -1.09909
1.8, 0.0319376, 1.81827, 2.43898, 2.42598, 1.86476, 2.33226, 1.66688, 1.46475, 1.22809, 1.21855, 1.42879, 1.31903, 0.874469, 1.29456, 1.05323, 0.763111, 0.536218, 0.499965, 0.594132, 0.281105, 0.139629, -0.168606, -0.379115, 0.163218, -0.135703, -0.00621602, -0.264688, -0.424705, -0.407467, -0.656553, -0.878237
1.82, 0.0319375, 1.91138, 1.72007, 1.73324, 1.54755, 1.93255, 1.55182, 1.17081, 0.991529, 1.02379, 1.042, 0.878041, 0.370974, 0.651902, 0.575777, 0.282467, 0.73675, 0.58186, 0.516303, 0.0124086, 0.323395, 0.0677133, 0.0587907, -0.0203461, -0.436737, -0.389826, -0.589239, -0.661501, -0.805173, -1.19246, -1.23947
1.84, 0.0319375, 1.43285, 2.28977, 2.57619, 2.4197, 2.25733, 2.11521, 2.11908, 1.42727, 2.01711, 1.34305, 1.59539, 1.29319, 1.55489, 1.74207, 1.41312, 1.32259, 1.4859, 0.8216, 0.884263, 0.82279, 1.35008, 0.991821, 0.795101, 0.521682, 0.567677, 0.540264, 0.44865, 0.227508, -0.207095, -0.194288
1.86, 0.0319375, 1.83213, 1.57703, 1.60632, 1.2138, 1.97984, 1.23837, 1.23859, 1.39862, 1.34816, 0.438595, 0.0390266, 0.8731, 0.934004, 0.932147, 0.41587, 0.283839, 0.893278, 0.695127, 0.748572, 0.842209, 0.206462, 0.430033, 0.67619, 0.264511, 0.607961, 0.683172, 0.478274, -0.0569127, 0.239827, -0.115378
1.88, 0.0319375, 2.98849, 2.77014, 1.98572, 1.93939, 2.35735, 2.16655, 2.12036, 1.82605, 1.56619, 1.79996, 1.57055, 1.15153, 1.30034, 1.63853, 1.29355, 0.98054, 0.929657, 1.08794, 0.933443, 1.16134, 1.06131, 0.579183, 0.768248, 0.851487, 0.448518, 0.304969, 0.434599, 0.562699, 0.192762, -0.125603
1.9, 0.0319375, 2.75673, 2.54624, 2.6065, 2.38762, 2.30664, 2.24864, 1.60441, 1.31813, 1.38826, 1.30957, 1.7236, 1.21868, 1.67408, 1.50384, 0.954516, 1.03054, 0.931968, 0.842545, 0.631082, 0.743855, 0.523906, 0.58225, 0.181057, 0.521375, 0.28076, 0.289586, 0.0144589, 0.0522185, -0.232386, -0.576915
1.92, 0.0319376, 2.87949, 2.80355, 2.32806, 2.2462, 2.37559, 2.32353, 0.770067, 1.45076, 1.47068, 1.29267, 1.20786, 1.63968, 1.37834, 1.17495, 0.72748, 0.884389, 0.859763, 0.689758, 0.754949, 0.813582, 1.03867, 1.00366, 0.499622, -0.0530455, 0.323808, 0.155651, 0.0848146, -0.202162, -0.19431, -0.754565
1.94, 0.0319375, 1.64837, 2.36914, 2.33506, 1.94218, 2.08186, 2.29965, 1.84278, 1.316, 2.0601, 1.63918, 0.778746, 1.49596, 1.66708, 1.38242, 0.762795, 1.08679, 0.864386, 0.489734, 0.52805, 0.833257, 0.525651, 0.148903, -0.23648, 0.0447016, 0.0614725, -0.0754327, -0.135976, 0.0492549, -0.0795462, -0.644314
1.96, 0.0319375, 2.23876, 1.79374, 1.72501, 2.2584, 2.08146, 1.5751, 0.907367, 0.89249, 1.31987, 1.84667, 1.47681, 1.40064, 1.49945, 1.32074, 0.486227, 0.991301, 0.681771, 0.183274, 0.651598, 0.0770753, 0.0967014, -0.122559, -0.163998, 0.0956893, 0.161157, -0.255579, -0.11813, -0.32884, -0.329567, -0.922381
1.98, 0.0319376, 2.63756, 2.62906, 2.60198, 2.70745, 2.59659, 2.05311, 1.9186, 1.51942, 1.52502, 0.876428, 1.05865, 1.34687, 1.47144, 1.37527, 1.1408, 0.916355, 0.822395, 1.2014, 0.788586, 1.0134, 1.31342, 1.08604, 0.711311, 0.642812, 0.731234, 0.749368, 0.444145, 0.122278, -0.265677, -0.282923
2, 0.0319376, 1.62764, 2.20523, 2.13672, 1.49879, 2.50074, 2.07934, 1.53235, 1.36754, 1.40796, 1.80312, 2.02843, 1.35313, 1.54134, 1.74437, 1.64271, 1.20812, 1.15597, 0.979788, 1.27749, 0.893532, 1.20631, 1.22432, 0.719962, 1.16795, 0.791647, 0.500069, 0.286192, 0.326208, -0.222458, -0.371021
2.02, 0.0319376, 1.09471, 2.28451, 1.76202, 1.89519, 1.53643, 1.75184, 1.75782, 1.40032, 0.632298, 0.992404, 1.15768, 1.20488, 0.700565, 0.688253, 0.508627, 0.655677, 0.61794, 0.0901248, 0.157783, 0.00464076, -0.124173, 0.140436, -0.246356, -0.315828, -0.408212, -0.703884, -0.700097, -0.911906, -1.18149, -1.44077
2.04, 0.0319376, 1.86193, 2.17614, 2.54328, 2.1744, 1.81047, 1.90521, 0.599369, 1.08372, 0.895325, 0.678305, 0.242548, 0.785652, 0.667305, 1.19821, 1.07645, 1.08478, 0.707642, 0.795544, 0.975054, 0.19117, 0.50916, 0.211044, 0.0891712, 0.146958, 0.400555, -0.0113736, -0.29697, -0.554866, -0.646596, -0.564131
2.06, 0.0319376, 1.65074, 2.27153, 2.04, 2.15258, 2.27989, 1.13773, 1.42629, 0.843091, 1.06255, 0.712644, 1.24991, 1.30816, 0.912794, 1.05806, 0.274637, 0.123543, 0.761509, 0.321025, 0.472702, 0.717733, 0.814, 0.103663, -0.07331, -0.0978639, -0.294732, -0.210469, -0.787576, -0.814785, -0.850047, -1.3153
2.08, 0.0319376, 1.55809, 1.64209, 1.57902, 1.72994, 1.30291, 0.670927, 1.18395, 1.08476, 1.03453, 1.37001, 0.934278, 0.23625, 0.898562, 0.929211, 0.626381, 0.693671, 0.797687, 0.573606, 0.346904, 0.511447, 0.77465, 0.62937, 0.0648096, 0.29502, 0.144951, -0.232275, -0.406914, -0.310586, -0.618725, -1.10241
2.1, 0.0319376, 1.55241, 1.58671, 1.67657, 0.552856, 1.59131, 0.845099, 0.659185, 0.870101, 1.05867, 1.0354, 0.671444, 0.911274, 1.16908, 0.878063, 0.170709, 0.243612, 0.110375, 0.0521814, -0.0728978, 0.294397, -0.279205, -0.175114, -0.491298, -0.363436, 0.182855, -0.288929, -0.327045, -0.558661, -0.743033, -1.22009
2.12, 0.0319376, 1.73116, 1.27987, 1.40834, 1.62433, 1.43478, 1.36657, 0.731398, 0.841765, 1.03108, 0.835656, -0.0168301, 0.516254, 0.82581, 0.577491, -0.00462611, 0.333167, 0.358269, 0.0370607, -0.176045, -0.503269, -0.663268, -0.699744, -0.819132, -0.736293, -0.491498, -0.847537, -0.858144, -0.703113, -0.967124, -1.23229
2.14, 0.0319374, 2.4539, 1.90905, 1.9891, 2.50175, 1.93077, 2.2349, 1.28479, 0.91438, 1.76812, 1.89317, 1.42871, 1.39308, 1.70255, 1.82877, 1.58397, 1.08881, 0.745504, 0.97706, 1.07813, 1.3105, 1.06773, 0.363654, 0.0926629, 0.486427, 0.803285, 1.01889, 0.736887, 0.321265, 0.479519, -0.0156165
2.16, 0.0319374, 2.50678, 2.47994, 2.36289, 2.33544, 2.45281, 2.05055, 1.23423, 1.50857, 1.75412, 0.986637, 1.14495, 1.50796, 1.64973, 1.7953, 1.05051, 0.488742, 0.808673, 0.631909, 0.907851, 0.611111, 0.480423, 0.0956966, 0.313939, 0.378025, 0.579442, 0.277968, 0.217345, 0.0439338, -0.0961341, -0.687285
2.18, 0.0319374, 1.58295, 2.33299, 2.91936, 2.95219, 2.57464, 1.88463, 1.5567, 0.83956, 1.78761, 1.72891, 1.54317, 1.84615, 1.63508, 1.51608, 1.1058, 1.15678, 1.39524, 1.2045, 0.964074, 0.607809, 0.792908, 0.472527, 0.715667, 0.525769, 0.227032, -0.18462, -0.071938, 0.246928, -0.125637, -0.760794
2.2, 0.0319374, 2.21331, 2.04325, 2.75278, 2.6217, 2.21037, 1.5243, 0.948132, 1.62538, 1.59141, 1.30746, 1.63951, 1.17425, 1.16765, 1.53867, 0.804742, 0.925037, 0.807757, 0.490744, 0.182158, 0.0288584, 0.0768032, 0.232511, 0.229018, 0.162386, -0.0480886, -0.178858, -0.318271, -0.256852, -0.446094, -1.25268
2.22, 0.0319374, 2.85648, 2.45781, 2.15207, 1.69141, 2.3264, 1.86157, 1.29475, 0.891418, 1.45204, 1.57709, 1.7587, 1.19577, 1.38147, 1.93001, 1.48259, 1.27436, 0.853025, 1.1301, 0.795678, 1.05201, 0.821166, 0.741166, 0.348146, 0.23659, 0.175799, 0.0958454, 0.140431, 0.400572, -0.00181721, -0.603904
2.24, 0.0319376, 1.53899, 2.41305, 2.36044, 1.91786, 2.33464, 2.00665, 1.07088, 1.17804, 1.28325, 1.40251, 1.40968, 1.38623, 1.4337, 1.10778, 1.0335, 0.715243, 0.118689, 0.226281, -0.0763007, 0.354597, 0.429721, 0.232826, 0.0805973, -0.0102181, 0.0632425, -0.0121006, -0.11832, -0.313231, -0.486259, -1.07245
2.26, 0.0319376, 1.68115, 2.12852, 2.48543, 2.82346, 2.18884, 1.87848, 1.73532, 1.10014, 0.971406, 1.27184, 1.77038, 1.83405, 1.5028, 1.11914, 0.838258, 0.580733, 0.842208, 0.512814, 0.921527, 0.824423, 0.624021, 0.729885, 0.774366, 0.562575, 0.404583, 0.199113, -0.416076, 0.191061, -0.181591, -0.406321
2.28, 0.0319376, 2.07153, 1.78015, 1.27661, 1.40162, 1.44278, 1.18405, 0.407112, 0.699279, 0.773425, 0.121001, 0.528199, 0.172885, 0.486498, 0.306634, -0.112489, 0.283682, -0.0232407, 0.00796251, -0.616323, -0.473222, -0.518728, -0.634202, -0.80672, -0.948736, -0.787078, -0.848025, -1.06521, -1.18647, -1.53585, -1.57308
2.3, 0.0319376, 1.261, 1.57882, 0.384228, 1.34027, 1.84024, 1.81102, 1.06964, 1.28914, 1.6487, 1.47515, 1.62754, 0.993852, 1.21182, 1.13031, 0.972631, 0.22106, 0.572698, 0.461138, 0.468593, 0.230064, -0.0504143, -0.160299, -0.4791, 0.108077, -0.0725604, -0.389477, -0.22147, -0.38125, -0.672791, -1.18392
2.32, 0.0319376, 1.58879, 1.97831, 1.65201, 1.7653, 1.48537, 2.38756, 2.01457, 1.7008, 1.55372, 2.07422, 1.15408, 1.57888, 1.76404, 1.91795, 1.5202, 0.839539, 1.02699, 0.833369, 0.88796, 0.466466, 0.62622, 0.127668, -0.0658243, 0.155025, 0.391648, 0.0750351, -0.483074, -0.30596, -0.0707024, -0.565568
2.34, 0.0319376, 2.20736, 1.75868, 1.97627, 2.1192, 2.42535, 2.77603, 1.97976, 1.3386, 1.70822, 1.97198, 1.5024, 1.89899, 1.73157, 1.3009, 0.814092, 0.79311, 1.02177, 0.909638, 1.02865, 1.27065, 1.02446, 0.78128, 0.202497, 0.515362, 0.79672, 0.44767, 0.10069, 0.389236, 0.0168277, -0.427978
2.36, 0.0319376, 1.40693, 1.23305, 0.828563, 1.87903, 1.94723, 1.58048, 1.02188, 0.703387, 0.580261, 0.809148, 0.978061, 0.937125, 1.05502, 0.87669, 0.173665, 0.467468, 0.517678, 0.247329, 0.166406, -0.113214, 0.131929, 0.175492, -0.33289, -0.334844, -0.169186, -0.185577, -0.955555, -0.849294, -1.16072, -1.41041
2.38, 0.0319374, 1.36217, 2.12291, 1.64484, 2.09505, 1.92986, 1.93142, 1.7953, 1.40108, 0.932797, 0.959598, 1.11095, 1.42198, 1.35243, 1.781, 1.31169, 1.47962, 1.52897, 0.842687, 1.1558, 1.10621, 0.871837, 0.503129, 0.303004, 0.259229, 0.505952, 0.345847, 0.449172, 0.457725, -0.173374, -0.226911
2.4, 0.0319374, 2.30803, 2.54092, 2.31508, 1.9848, 2.61005, 2.39438, 1.87779, 1.63984, 1.53011, 1.63312, 1.647, 1.37287, 1.75564, 1.81249, 1.11116, 0.917361, 1.1315, 1.02849, 0.873288, 0.847689, 0.639031, 0.723173, 0.254724, 0.267376, 0.218424, -0.0450758, 0.328266, 0.220269, -0.350831, -0.552414
2.42, 0.0319374, 2.32414, 3.17475, 3.37151, 2.60525, 2.88742, 2.05593, 1.62612, 1.45354, 1.84239, 2.10769, 2.03919, 1.9796, 1.82247, 1.85373, 1.78627, 1.2521, 1.04899, 0.656083, 0.983158, 0.751559, 0.989976, 0.734683, 0.139382, 0.659826, 0.838987, 0.215748, 0.339369, 0.451597, 0.359329, -0.0295311
2.44, 0.0319374, 1.37841, 2.526, 2.75909, 2.8014, 2.6, 2.66832, 1.45421, 1.33767, 1.63859, 1.96245, 1.57914, 1.88525, 1.85659, 1.47532, 0.748729, 1.04868, 0.216941, 0.778501, 1.09699, 0.524657, 0.702692, 0.28251, 0.371993, 0.673519, 0.351011, 0.103788, 0.0229072, -0.00930525, -0.368719, -0.778407
2.46, 0.0319374, 0.462242, 2.30852, 2.08001, 2.21957, 2.09506, 2.00136, 1.34652, 0.738417, 0.809093, 1.12983, 0.671392, 0.459384, 0.9188, 0.855479, 0.143218, 0.987656, 0.255065, -0.281903, -0.301242, -0.0326351, -0.247874, -0.0557603, -0.269475, -0.271897, 0.0213529, -0.247119, -0.441561, -0.686517, -0.730338, -1.16861
2.48, 0.0319376, 1.35284, 1.35561, 0.725341, 1.44066, 2.00146, 2.24626, 1.08019, 0.848275, 0.733388, 1.32952, 1.26628, 1.10625, 0.927498, 1.36944, 1.10322, 0.501416, 0.339883, 0.0213514, -0.106459, 0.0105023, 0.0876297, -0.245368, -0.38891, 0.0396626, -0.0938403, -0.394492, -0.505972, -0.814626, -1.09672, -1.15869
2.5, 0.0319376, 2.0552, 2.14011, 0.858424, 1.19809, 2.41797, 2.37002, 1.73288, 1.00219, 0.941399, 1.18651, 1.27007, 0.93722, 1.2528, 1.57501, 0.787485, 0.993631, 0.759992, 0.437112, 0.699669, 0.207392, 0.0613067, -0.0986038, -0.134996, 0.0554889, -0.0688542, -0.319748, -0.512245, -0.780163, -0.96651, -0.748153
2.52, 0.0319376, 2.05396, 1.65914, 2.46439, 2.50475, 1.55297, 2.05064, 1.7827, 1.7625, 1.35315, 1.18534, 1.00728, 1.34843, 1.50369, 1.37391, 0.506201, 0.705813, 0.853936, 0.989832, 0.628427, 0.762736, 0.722465, 0.349402, 0.365172, 0.419551, 0.19771, -0.0389128, -0.19722, -0.0402487, -0.369651, -0.444585
2.54, 0.0319376, 1.79478, 2.46525, 2.19146, 2.19486, 2.10999, 1.46953, 0.629113, 1.0427, 0.820644, 0.919557, 0.82218, 0.744416, 0.844404, 0.407243, 0.129035, 0.475489, 0.383402, -0.211925, -0.0924434, 0.0588767, -0.189567, -0.49726, -0.399681, 0.0179585, -0.353467, -0.476738, -0.562252, -0.75318, -0.859676, -1.21221
2.56, 0.0319376, 1.57327, 2.71098, 2.47464, 1.50646, 2.10634, 1.92865, 1.53671, 1.43251, 1.48568, 1.46256, 0.937202, 1.06343, 0.964719, 1.47918, 1.09739, 0.861465, 0.415516, 0.359228, 0.619912, 0.347945, 0.24584, -0.172807, 0.143707, 0.506004, 0.251994, 0.117643, -0.182537, -0.161252, -0.346815, -0.791685
2.58, 0.0319376, 2.33034, 1.83586, 2.23556, 2.64351, 2.3253, 2.50915, 1.68837, 1.66793, 1.78251, 1.22332, 1.7391, 1.81772, 1.77532, 1.5892, 1.35266, 1.06947, 0.751243, 0.785264, 0.810994, 1.06181, 1.08918, 0.910697, 0.540919, 0.321956, 0.357824, 0.460619, 0.393945, 0.393939, -0.110721, -0.269144
2.6, 0.0319376, 1.68418, 2.34765, 3.02754, 2.35491, 2.59614, 2.02051, 1.54661, 1.46153, 1.67059, 1.56093, 1.09147, 1.36119, 1.51693, 1.21468, 1.21505, 1.32067, 0.984375, 1.25403, 0.74944, 0.754809, 0.472419, 0.401677, 0.683647, 0.505461, 0.728272, 0.615757, 0.981384, 0.788589, 0.258665, -0.395712
2.62, 0.0319376, 2.16133, 2.06204, 2.02501, 2.45235, 2.36604, 2.75508, 1.94256, 1.40354, 1.45892, 1.99338, 1.69294, 1.47464, 1.24687, 1.26271, 1.01345, 0.894382, 0.51424, 0.420393, 0.672082, 0.785137, 0.514069, 0.568712, 0.520972, 0.651729, 0.58848, 0.421415, 0.0754302, 0.0957376, -0.238812, -0.390202
2.64, 0.0319374, 1.90899, 2.34244, 2.65936, 2.5521, 1.83414, 1.60618, 1.4265, 1.26587, 1.31172, 0.953694, 1.57627, 2.07077, 1.99418, 1.76791, 0.690551, 0.89999, 1.26876, 0.925409, 1.27248, 0.940212, 1.00004, 0.808719, 0.824509, 0.930513, 0.614351, 0.640164, 0.57173, 0.520503, 0.34174, -0.0828351
2.66, 0.0319374, 1.94157, 3.24279, 2.97785, 3.06239, 3.17308, 2.38045, 2.35277, 1.05056, 1.24675, 1.6537, 1.27295, 1.82611, 1.46244, 1.5007, 1.0663, 0.870858, 0.762794, 0.55596, 0.784003, 0.938608, 0.836455, 0.459764, 0.469288, 0.401305, 0.441285, 0.807808, 0.384438, 0.515757, 0.197505, -0.0266737
2.68, 0.0319374, 1.76339, 2.59128, 2.47078, 2.5017, 1.87905, 2.06175, 1.04689, 1.79539, 1.05741, 1.50991, 1.31045, 0.901109, 1.47632, 1.75219, 0.907766, 0.687494, 0.760779, 0.843088, 0.232998, 0.27018, 0.160334, -0.0938703, 0.36249, 0.44086, 0.473948, 0.0967308, -0.112444, 0.0201893, -0.195831, -0.49663
2.7, 0.0319374, 2.13495, 1.75997, 2.4788, 2.39755, 2.51097, 2.22767, 1.60319, 1.19127, 1.75372, 1.75614, 1.26855, 1.24517, 1.60275, 1.74731, 1.52279, 1.51542, 1.46672, 1.47538, 0.962582, 0.746811, 0.882621, 0.816069, 0.541775, 0.560711, 0.808794, 0.310253, -0.0362123, 0.272349, -0.0475399, -0.276672
2.72, 0.0319374, 2.17808, 2.90122, 2.49155, 2.24725, 1.9019, 2.36066, 2.00449, 2.25798, 2.2771, 2.02364, 2.16427, 2.45068, 2.20119, 2.3764, 2.46659, 1.3784, 1.49462, 1.51763, 1.14524, 1.56302, 1.92667, 1.58855, 1.37612, 1.49806, 1.11819, 1.34656, 1.00578, 0.740338, 0.854576, 0.813434
2.74, 0.0319376, 2.63958, 2.54381, 2.67124, 2.09933, 2.31421, 2.31434, 1.35306, 1.22663, 1.75559, 1.84544, 1.35007, 1.92619, 1.62177, 2.07543, 1.59388, 1.2933, 1.12019, 1.07759, 0.847761, 0.741165, 0.808448, 0.629634, 0.542774, 0.796156, 0.716917, 0.319657, -0.174596, 0.0858347, -0.244352, -0.846936
2.76, 0.0319376, 3.53975, 3.44965, 2.58683, 2.25107, 2.41677, 2.99085, 2.41127, 1.3737, 1.41714, 1.71792, 1.72128, 2.07499, 2.19854, 2.00195, 2.207, 2.00144, 1.44414, 1.90738, 1.98563, 1.97413, 1.06298, 1.69683, 1.29715, 1.30341, 1.67106, 1.25128, 1.04696, 0.73689, 0.662105, 0.320885
2.78, 0.0319376, 2.26884, 2.4474, 2.29498, 2.28734, 2.41406, 1.90311, 1.56763, 1.27342, 1.27372, 1.46575, 0.992951, 1.56595, 1.45688, 1.42212, 1.14823, 0.973172, 1.15426, 0.801116, 0.526224, 1.19201, 0.907429, 0.847654, 0.435955, 0.377619, 0.511803, -0.111623, 0.121849, 0.307902, -0.280999, -0.589148
2.8, 0.0319376, 1.70464, 2.88428, 2.68085, 2.70171, 2.14132, 1.95649, 1.76936, 1.43835, 1.35282, 1.45527, 0.889277, 1.79091, 1.58505, 1.76147, 1.25201, 0.904293, 1.03812, 0.391565, 0.599015, 0.701419, 0.405355, 0.348917, 0.263447, 0.531842, 0.314489, -0.117408, -0.102033, -0.07957, -0.06798, -0.632956
2.82, 0.0319376, 2.22552, 2.69687, 2.10081, 1.80191, 1.92489, 1.88753, 1.26003, 1.30162, 1.55129, 1.68367, 1.67482, 1.6505, 1.29232, 1.02692, 0.782603, 1.18521, 1.52767, 0.878793, 0.44339, 0.646548, 1.11114, 0.747934, 0.369958, 0.610271, 0.215811, -0.154354, 0.471022, 0.0965606, 0.0296529, -0.613058
2.84, 0.0319376, 1.4819, 2.2003, 2.69683, 2.28263, 2.38088, 2.0513, 2.07263, 1.63773, 1.81349, 1.37965, 1.30595, 1.43992, 1.75072, 2.00521, 1.39519, 1.39026, 1.71989, 1.44994, 1.08888, 1.32287, 0.681009, 0.743944, 0.560715, 0.748957, 0.703206, 0.452832, 0.327696, 0.478015, 0.211276, -0.0975698
2.86, 0.0319376, 1.48383, 2.47562, 2.09702, 2.96102, 2.30181, 1.66442, 0.463585, 1.36291, 1.97794, 1.06874, 0.869127, 1.50251, 1.43202, 1.33632, 0.832107, 0.646192, 0.974493, 1.00465, 0.323967, 0.469076, 0.599788, 0.406665, 0.0914698, 0.201219, 0.137581, 0.047605, -0.304122, -0.106774, -0.615728, -0.780368
2.88, 0.0319374, 1.7048, 2.23709, 1.70999, 1.87253, 1.62793, 1.17405, 1.09467, 0.756984, 0.765396, 1.14273, 0.802034, 0.898606, 0.475678, 0.346993, -0.192575, 0.180503, 0.664965, -0.130063, -0.0140615, 0.246952, 0.0121728, -0.439865, -0.466873, -0.23022, -0.443222, -0.763756, -0.528781, -0.726029, -1.13783, -1.12979
2.9, 0.0319374, 2.31764, 2.20616, 2.33303, 2.21874, 2.5195, 1.5938, 1.62719, 1.53879, 1.47732, 1.94393, 1.6915, 0.949814, 1.92543, 1.88209, 0.693, 0.984647, 1.14611, 0.892072, 0.742657, 0.401354, -0.134379, -0.106213, -0.295172, 0.0498355, 0.335184, 0.172009, 0.21049, 0.0927021, -0.165587, -0.616765
2.92, 0.0319374, 1.77013, 2.0743, 2.01774, 1.63905, 1.73283, 1.42289, 1.07006, 1.18741, 1.3208, 0.981734, 1.2045, 1.56678, 1.43288, 1.4906, 1.17538, 1.26825, 0.725039, 0.421252, 0.25009, 0.360391, -0.0490872, -0.0763505, -0.524659, 0.346082, 0.328631, -0.0451947, -0.390506, -0.333833, -0.482598, -0.803732
2.94, 0.0319374, 1.40743, 1.70301, 2.14102, 1.73992, 2.01814, 2.10916, 0.902975, 0.556696, 0.921612, 1.75656, 1.71802, 0.940312, 1.2016, 1.31973, 0.897032, 0.350407, 0.420972, 0.553632, 0.737347, 0.252362, 0.160628, 0.0660308, -0.114548, 0.03814, -0.0444155, -0.352257, -0.573733, -0.223691, -0.597004, -1.23588
2.96, 0.0319374, 1.25262, 1.83819, 2.9456, 2.44341, 2.61273, 1.80573, 0.797551, 1.17537, 1.31649, 1.31592, 0.912925, 1.20436, 1.52095, 1.08429, 0.779655, 0.976151, 1.06195, 0.344691, 0.303297, 0.473861, 0.199675, -0.0829612, -0.450986, 0.109001, 0.135256, 0.148959, 0.167221, -0.397669, -0.514446, -0.964678
2.98, 0.0319376, 0.442392, 1.10587, 1.1879, 1.88329, 1.42722, 1.62364, 0.784237, -0.181032, 1.00406, 0.965654, 1.08695, 0.570783, 0.691046, 0.997212, 0.309158, -0.107716, -0.063675, 0.101128, 0.0148662, 0.0215283, -0.176699, -0.391048, -0.556626, -0.521548, -0.685957, -0.833265, -1.07674, -0.928524, -0.831103, -1.41756
3, 0.0319376, 2.00386, 2.03808, 1.36331, 2.00613, 2.40429, 1.73531, 1.35458, 1.00852, 1.06053, 0.511176, 1.01787, 0.97028, 1.48619, 1.59272, 0.953899, 0.79645, 1.05254, 0.629689, 0.0694109, 0.247579, 0.630486, 0.0151082, 0.0667469, -0.327606, -0.365373, -0.291338, -0.042177, -0.119887, -0.413198, -0.59981
3.02, 0.0319376, 2.56229, 2.36164, 1.95588, 1.5803, 2.12101, 1.76449, 1.50905, 0.254992, 1.32959, 1.8133, 1.30416, 0.843131, 1.64533, 1.59083, 0.961376, 0.582472, 0.344903, 0.285883, 0.987849, 1.38142, 0.702437, 0.0939731, 0.217986, 0.269237, 0.275413, -0.0725949, 0.109104, -0.0923033, -0.471375, -0.866327
3.04, 0.0319376, 2.15838, 1.79556, 2.37167, 1.78682, 1.75097, 1.61177, 1.9125, 1.13263, 1.6518, 1.77482, 1.61575, 1.65535, 1.41111, 1.24084, 0.919355, 0.753297, 0.64979, 1.15438, 0.827695, 0.507828, 0.38009, 0.467514, 0.12949, 0.295998, 0.0194241, 0.0612632, -0.20163, -0.37295, -0.653736, -0.57298
3.06, 0.0319376, 1.80811, 2.37007, 2.17691, 2.11385, 2.55615, 2.90365, 1.88764, 1.64565, 1.82481, 1.54165, 1.32724, 1.91226, 1.48059, 1.85721, 1.76316, 1.48261, 1.48458, 1.02156, 0.569583, 1.00189, 1.16586, 1.17675, 0.978645, 0.626729, 0.557245, 0.425193, 0.293891, 0.433053, 0.4137, -0.142863
3.08, 0.0319376, 2.09353, 2.03312, 1.24354, 2.19089, 2.04524, 1.85744, 1.11485, 1.17387, 1.05574, 0.210422, 0.533862, 0.896285, 0.749066, 0.480547, 0.684349, 0.673317, 0.508776, 0.14305, 0.0725887, 0.330361, 0.276361, -0.218662, -0.114915, -0.0464582, -0.24016, -0.772961, -0.350167, -0.476794, -0.725517, -1.21899
3.1, 0.0319376, 2.00509, 2.28433, 2.43416, 2.04081, 2.07594, 1.95437, 1.52606, 1.87082, 1.86122, 1.48572, 1.17541, 1.694, 2.10922, 2.10881, 1.75241, 1.25227, 1.31189, 1.45365, 1.0031, 0.897985, 0.918596, 1.06007, 0.842111, 0.691977, 0.898641, 0.577854, 0.28241, 0.500213, 0.613273, 0.0100371
3.12, 0.0319376, 2.31315, 2.88422, 2.83517, 2.74145, 1.3118, 1.25314, 1.56704, 1.39014, 1.58189, 1.60114, 1.71957, 2.04732, 1.98421, 1.74349, 1.34371, 1.23461, 1.06724, 0.568886, 0.992025, 1.25854, 0.488145, 0.925804, 0.744768, 0.837626, 0.901758, 0.511875, 0.406583, -0.0783369, -0.146711, -0.48511
3.14, 0.0319374, 3.14647, 3.24634, 2.45895, 1.13754, 1.72913, 2.29678, 2.5102, 1.57773, 1.83767, 1.48742, 1.53583, 1.45775, 1.60826, 1.70912, 1.5877, 1.77547, 1.15896, 1.02617, 1.41547, 1.48991, 1.16685, 1.27799, 0.873663, 0.785748, 0.988642, 0.762392, 0.719422, 0.568697, 0.103656, -0.193061
3.16, 0.0319374, 1.91179, 2.42917, 2.39454, 2.30908, 1.90623, 1.73174, 1.28695, 1.35221, 1.71961, 1.73282, 1.28594, 1.49043, 1.3382, 1.25022, 1.32727, 0.825768, 0.509315, 0.454695, 0.731209, 0.240512, 0.503936, 0.0672085, 0.384237, 0.19205, 0.0526664, 0.234638, -0.108891, -0.0462462, -0.115925, -0.347924
3.18, 0.0319374, 2.55038, 1.47134, 1.72265, 1.19517, 1.98482, 0.944395, 0.985508, 1.07769, 1.40852, 1.134, 1.28006, 1.09157, 1.04916, 1.1007, 0.647044, 0.754748, 0.961198, 0.937158, 0.670152, 0.429698, 0.783711, 1.10151, 0.61937, 0.756148, 0.653997, 0.707212, 0.650887, 0.446207, 0.0964637, -0.0341465
3.2, 0.0319374, 2.36276, 2.29737, 2.7913, 2.55227, 2.06051, 1.58977, 1.75734, 1.60063, 1.59266, 1.20748, 1.20373, 0.883402, 1.69023, 1.85845, 1.63914, 1.58078, 1.1436, 0.818269, 0.993791, 1.00837, 1.33791, 1.22829, 0.873327, 0.962188, 1.06488, 0.847437, 0.467669, 0.782917, 0.375671, -0.10088
3.22, 0.0319374, 1.63656, 2.10393, 2.04216, 1.75189, 2.35198, 1.42507, 0.943318, 0.299402, 0.511671, 0.806107, 0.938355, 0.644022, 1.03748, 0.798617, 0.45675, 0.0470661, -0.0704, 0.288786, 0.339202, -0.17662, -0.299577, -0.179578, -0.314196, -0.775129, -0.635806, -0.654872, -1.14015, -1.04389, -1.28511, -1.49012
3.24, 0.0319376, 1.72522, 1.89456, 1.71545, 1.62026, 1.29341, 1.3675, 1.44656, 1.42666, 1.50158, 1.86006, 1.46788, 1.15559, 1.19982, 1.48644, 0.534687, 0.727336, 1.01219, 0.880334, 0.929643, 0.955139, 1.45401, 1.45874, 1.20137, 0.865974, 0.572539, 0.712372, 0.154588, -0.19626, -0.27273, -0.603436
3.26, 0.0319376, 2.70034, 2.68639, 2.13992, 2.11236, 2.46901, 1.47322, 1.283, 1.33526, 1.72456, 0.939496, 1.04018, 1.09837, 1.51968, 1.59183, 1.01059, 1.48832, 1.43505, 0.220604, 0.258004, 0.782098, 0.600918, 0.399888, 0.16347, 0.656309, 0.508352, 0.720216, 0.297127, 0.307361, -0.0631559, -0.12655
3.28, 0.0319376, 0.850078, 1.92195, 2.00818, 1.15138, 1.79943, 1.64346, 1.02334, 1.0986, 1.76677, 1.72239, 1.39009, 1.41884, 1.53703, 1.16893, 0.906997, 0.8641, 0.873788, 0.760163, 0.587318, 0.43087, 0.214068, 0.0411285, -0.274091, 0.407032, 0.715179, 0.175227, -0.0530086, 0.0526309, -0.283806, -0.972101
3.3, 0.0319376, 1.72155, 1.47256, 1.6874, 1.19924, 1.36053, 1.10912, 0.99524, 1.19413, 1.00056, 1.38703, 1.07661, 0.927555, 0.931274, 0.197776, 0.332405, 0.0865486, 0.305817, -0.430524, 0.17097, 0.15838, -0.458028, -0.534865, -0.740281, -0.285039, -0.861089, -1.13716, -0.887362, -0.688881, -0.850452, -1.31689
3.32, 0.0319376, 2.78457, 2.44094, 2.01713, 2.7326, 2.66193, 1.856, 1.53747, 1.47531, 1.57669, 1.38562, 1.5868, 1.2518, 1.68354, 1.61933, 1.04527, 1.23602, 1.3136, 0.847401, 1.26378, 1.07009, 1.0442, 0.826631, 0.694939, 0.0917588, 0.519937, 0.409331, 0.277689, 0.381931, -0.231421, -0.439754
3.34, 0.0319376, 1.40083, 2.36732, 2.65127, 2.52735, 1.81623, 1.98645, 1.68095, 1.36911, 1.29234, 1.05812, 1.02906, 1.3344, 1.12073, 0.964461, 1.05035, 0.582825, 0.582221, 0.977246, 0.982794, 0.724494, 0.610967, 0.31154, 0.286793, 0.0181552, -0.103864, 0.132617, -0.0276974, -0.254313, -0.397634, -0.776608
3.36, 0.0319376, 2.22165, 2.11463, 1.9457, 1.94088, 2.26901, 1.24525, 0.704871, 1.39247, 1.74871, 1.24928, 1.28149, 1.77155, 1.01979, 0.834536, 0.773162, 0.544024, 0.576467, 0.56531, 0.392796, 0.745998, 0.753385, 0.59585, 0.351706, 0.503391, 0.293712, 0.0258428, 0.0862144, 0.175724, -0.125362, -0.39817
3.38, 0.0319374, 2.52093, 2.59531, 2.41557, 1.43686, 1.8276, 2.05131, 1.91767, 1.51944, 1.70178, 1.29302, 1.46772, 1.23634, 1.28592, 1.2073, 0.59522, 1.02611, 0.847663, 0.654023, 0.67469, 0.614326, 0.636388, 0.401583, 0.426854, 0.0574006, 0.216925, 0.0410422, -0.277516, -0.279446, -0.363767, -0.579894
3.4, 0.0319374, 2.25762, 2.36697, 2.53513, 1.92539, 2.6038, 2.15136, 2.01238, 1.80971, 1.55321, 1.28886, 1.42414, 1.61562, 1.61327, 1.39901, 1.14907, 0.71549, 0.886263, 1.30157, 1.36511, 1.3695, 1.21609, 0.509111, 0.40353, 0.794591, 0.763221, 0.734905, 0.304991, 0.370132, 0.0233124, -0.116345
3.42, 0.0319374, 3.41297, 2.58131, 2.36809, 2.32706, 2.39955, 2.28499, 2.53787, 2.31945, 1.75066, 0.784146, 1.90644, 1.63753, 0.985574, 1.95473, 1.40856, 1.3748, 1.52484, 1.15508, 1.15723, 1.26169, 1.10226, 0.987303, 0.539248, 0.576058, 0.724, 0.150272, -0.0392056, 0.219141, 0.152653, -0.123632
3.44, 0.0319374, 2.39488, 2.67327, 2.06648, 2.41832, 2.27605, 1.54229, 1.34153, 0.874377, 1.14249, 1.15133, 0.567426, 0.935436, 1.30417, 1.16481, 1.03588, 1.05596, 0.853406, 0.701389, -0.0488813, 0.140448, 0.778292, 0.658795, 0.151861, 0.0679109, 0.362761, 0.290852, 0.147733, -0.144263, -0.485147, -0.455599
3.46, 0.0319374, 1.48031, 2.90592, 3.02848, 2.10538, 3.05114, 2.62858, 1.49457, 2.06173, 1.9219, 1.39466, 1.85934, 2.06573, 1.72785, 1.91667, 0.994632, 1.54613, 1.68032, 1.02908, 0.971137, 0.779592, 1.01653, 1.05142, 0.997631, 1.2002, 0.923419, 0.516392, 0.292605, 0.503394, 0.135593, 0.219401
3.48, 0.0319376, 2.66921, 2.32818, 2.57482, 2.43673, 1.88289, 1.74334, 1.30745, 1.33225, 1.34901, 2.07747, 1.76811, 1.42956, 1.55529, 1.42582, 1.45825, 0.28695, 0.494839, 0.811107, 0.677629, 1.01161, 0.905725, 0.442901, 0.238788, 0.302543, 0.433725, 0.122406, -0.184772, -0.0146119, -0.197326, -0.68127
3.5, 0.0319376, 0.115087, 2.03822, 1.80664, 2.27622, 2.49719, 2.57536, 1.46094, 0.495857, 1.02072, 0.565624, 0.236954, 1.02441, 1.83534, 1.72876, 0.744255, 1.00719, 0.593168, 0.678454, 0.329016, -0.105661, 0.372222, 0.197228, 0.0504685, 0.492322, -0.0326292, -0.300177, -0.0314439, 0.235685, -0.118205, -0.601147
3.52, 0.0319376, 2.14348, 2.00789, 2.11654, 1.72918, 1.51619, 1.86121, 1.47395, 0.403844, 0.525701, 1.03391, 1.30035, 0.777352, 0.723164, 1.15607, 0.56269, 0.600781, 0.735866, 0.126432, 0.296745, 0.0635867, -0.0597026, -0.323313, -0.244483, -0.526256, -0.603228, -0.767358, -0.532204, -0.850818, -1.27422, -1.25806
3.54, 0.0319376, 2.08286, 2.67028, 2.0403, 1.60051, 1.93056, 1.84353, 0.886058, 1.41114, 1.51813, 0.51247, 0.473983, 1.1877, 0.998231, 0.816175, 0.366566, 0.132331, 0.172247, 0.153974, 0.488182, 0.192651, -0.0596659, -0.235253, -0.281209, -0.476525, -0.0675236, -0.449702, -0.36898, -0.591537, -0.911905, -1.1257
3.56, 0.0319376, 2.78318, 2.97692, 2.83197, 2.43389, 2.20458, 1.8458, 1.5647, 1.78958, 1.83778, 1.41012, 1.31071, 1.72555, 1.8835, 1.79682, 0.819275, 0.67986, 0.993825, 1.43493, 1.39757, 1.33749, 1.33045, 1.13263, 0.628056, 0.408787, 0.726533, 0.464442, 0.477048, 0.281818, 0.108368, -0.122734
3.58, 0.0319376, 2.67263, 2.05784, 2.21697, 2.33004, 2.44684, 1.89075, 1.84631, 2.05907, 1.46593, 1.8925, 1.23065, 1.41408, 1.71222, 1.82627, 1.59411, 1.6814, 1.42227, 1.38932, 1.45887, 1.27709, 0.518371, 0.789868, 0.544601, 0.604215, 0.871826, 0.683389, 0.527063, 0.401396, 0.0621031, -0.178127
3.6, 0.0319376, 2.14599, 2.10515, 2.19926, 1.91179, 2.23475, 2.06998, 1.23337, 1.24176, 1.92519, 1.95705, 0.893989, 1.44752, 1.74053, 1.33696, 1.45176, 0.819319, 1.48173, 1.24123, 1.28568, 0.891923, 1.18697, 1.03634, 0.838547, 0.730895, 0.625993, 0.148327, -0.0654321, -0.059195, -0.303433, -0.779329
3.62, 0.0319376, 1.73215, 1.49534, 1.10111, 1.24671, 1.86258, 1.95385, 1.26815, 0.748778, 1.03994, 0.958199, 0.671381, 0.564913, 0.597295, 0.727868, -0.223892, 0.151264, -0.312233, -0.0522785, -0.494971, -0.237102, -0.167429, -0.156788, -0.761292, -0.816671, -0.977045, -0.970636, -1.07434, -1.17062, -1.31096, -1.35344
3.64, 0.0319374, 2.16206, 2.28045, 2.5659, 2.95777, 3.14207, 2.5562, 1.63926, 1.17723, 1.38699, 1.58941, 1.67695, 2.21133, 1.89949, 0.721058, 1.36352, 1.23122, 1.10704, 1.33935, 1.38525, 0.743297, 0.808197, 0.901546, 0.522452, 0.626505, 0.586111, 0.634973, 0.428242, 0.796023, 0.461488, 0.238309
3.66, 0.0319374, 2.92037, 2.84447, 3.24151, 2.60321, 2.57541, 2.70733, 1.63117, 1.16627, 1.63831, 1.72525, 1.78519, 1.62771, 2.10947, 1.84431, 1.47273, 1.5005, 0.945927, 1.12959, 0.887198, 1.06259, 0.85447, 0.315404, 0.316056, 0.495981, 0.366042, 0.282891, 0.0141732, -0.292356, -0.342918, -0.955537
3.68, 0.0319374, 2.60338, 2.77417, 2.77001, 2.77054, 2.32064, 1.78781, 1.83458, 1.14094, 1.19609, 1.41471, 1.73858, 1.81072, 1.50961, 1.63838, 0.911512, 1.02452, 1.26987, 1.20715, 1.09132, 1.29848, 1.28901, 1.3507, 1.04282, 0.72955, 0.830047, 0.559772, 0.447538, 0.447515, 0.1567, -0.100045
3.7, 0.0319374, 2.79563, 3.25901, 2.53244, 2.15714, 2.48838, 2.50538, 1.99367, 0.908843, 1.49231, 1.21064, 1.15809, 1.52512, 1.33506, 1.51199, 1.45245, 1.17935, 1.00166, 0.902627, 0.88959, 0.66308, 0.269887, 0.33862, 0.383129, 0.320855, 0.311647, 0.431698, 0.310631, 0.137599, 0.0500975, -0.129679
3.72, 0.0319374, 2.67622, 2.64514, 1.45953, 1.53776, 2.16823, 2.27782, 1.48955, 0.445173, 0.761833, 0.600581, 0.62273, 1.19601, 1.52102, 1.1451, 0.665087, 0.767201, 0.934818, 0.650634, 0.544891, 0.448814, 0.414705, 0.493803, 0.662213, 0.448258, 0.686154, 0.0790116, -0.0507345, 0.0259486, 0.0394799, -0.352485
3.74, 0.0319376, 3.12185, 3.22398, 2.71466, 2.52765, 2.71526, 1.95019, 1.58114, 1.77226, 1.40199, 1.19044, 1.1394, 1.76527, 1.6096, 1.83945, 0.901404, 0.905538, 1.27223, 0.839533, 0.738581, 0.599088, 0.732763, 0.0600085, 0.0422868, 0.352364, 0.561616, 0.487336, -0.0805798, 0.379563, -0.123786, -0.867742
3.76, 0.0319376, 2.00853, 2.08917, 2.52137, 1.79622, 1.86811, 1.77057, 1.20088, 0.942665, 1.72422, 1.28782, 1.38452, 1.75514, 1.39353, 1.08268, 0.623828, 0.682095, 0.507215, 0.664065, 0.325162, 0.832817, 0.35955, 0.25632, -0.183315, -0.293258, 0.12175, -0.104129, -0.209425, -0.195168, -0.229475, -0.827191
3.78, 0.0319376, 2.23502, 1.74269, 1.99373, 2.36101, 1.96717, 2.04961, 1.30188, 1.07773, 1.27364, 1.58267, 1.56337, 0.690527, 1.24296, 1.39638, 1.32496, 1.21964, 0.472568, 0.562502, 1.15678, 1.06506, 0.418681, 0.764522, 0.609171, 0.683333, 0.526702, 0.189086, 0.100265, 0.692014, 0.261877, -0.254408
3.8, 0.0319376, 1.6069, 2.86508, 3.3739, 2.90138, 3.09698, 2.84106, 2.10965, 2.20918, 2.4784, 1.96199, 1.92449, 2.17981, 2.43836, 2.49676, 1.84988, 1.18498, 1.3221, 1.8464, 2.02462, 1.91131, 2.04033, 1.61591, 1.08821, 1.47507, 1.54121, 1.18353, 0.938042, 1.03397, 1.0068, 0.752286
3.82, 0.0319376, 2.45366, 2.23276, 2.78498, 2.10445, 2.41335, 2.20801, 0.789545, 1.69955, 1.35048, 1.14518, 0.965445, 1.57891, 1.69642, 1.76928, 1.34395, 1.31339, 1.4109, 1.40032, 1.41634, 1.01491, 1.01496, 1.24332, 0.900253, 0.880589, 0.571665, 0.803386, 0.383885, 0.702354, 0.302687, -0.420345
3.84, 0.0319376, 1.6344, 2.09398, 2.47289, 1.1901, 1.24249, 1.0333, 0.72552, 1.24205, 1.54917, 1.63363, 1.1444, 1.25011, 1.25346, 0.582824, 0.645832, 0.940434, 0.754099, 0.471806, 0.305621, 0.290707, -0.226553, -0.312532, -0.328041, 0.0039668, -0.00126221, -0.162281, -0.11358, -0.484818, -0.337841, -0.772496
3.86, 0.0319376, 1.56664, 1.68561, 1.34063, 1.64218, 1.89149, 1.35617, 1.06425, 1.12939, 1.46957, 1.52959, 1.41496, 1.31453, 1.18091, 1.0416, 0.311607, 0.33676, 0.37918, 0.295347, -0.0247527, -0.301689, -0.341185, -0.081023, -0.281061, -0.05177, -0.076827, -0.207695, -0.740397, -0.585533, -0.652866, -1.07093
3.88, 0.0319374, 1.72762, 1.67782, 1.86337, 1.66923, 1.92874, 1.919, 1.23362, 0.826425, 0.898625, 1.13798, 1.01217, 1.24514, 0.985953, 1.46679, 0.486631, 0.625842, 0.28944, 0.251295, 0.479853, 0.0425764, 0.247193, 0.267632, 0.17912, 0.0146422, 0.0211924, -0.445904, -0.232901, -0.195883, -0.447097, -0.652246
3.9, 0.0319374, 2.39471, 2.05423, 1.7857, 2.17946, 2.47897, 2.14709, 1.16112, 1.1049, 1.48387, 1.63397, 1.64015, 1.20656, 1.72079, 1.67336, 1.71298, 1.01722, 1.03196, 1.09096, 0.479827, 1.128, 1.25733, 0.714478, 0.700325, 0.524326, 0.784046, 0.817613, 0.390342, 0.607371, 0.619286, 0.109178
3.92, 0.0319374, 2.4075, 2.60543, 1.97433, 1.48618, 2.18504, 2.67787, 2.2076, 1.39389, 1.68138, 2.17568, 1.59567, 1.54979, 1.81795, 1.9964, 1.09892, 1.69015, 1.47427, 1.16692, 1.57465, 1.6618, 1.0623, 1.09382, 0.868722, 0.884859, 0.719763, 0.802837, 0.610812, 0.728164, 0.316083, -0.0230301
3.94, 0.0319374, 2.95168, 2.11974, 1.99025, 2.1739, 1.92007, 1.76043, 2.02042, 1.37752, 1.34904, 2.13905, 1.27216, 1.29675, 1.81141, 2.47565, 2.34714, 2.28504, 2.07281, 1.33254, 1.23496, 1.76491, 1.49056, 1.22797, 1.12991, 0.733069, 1.13779, 0.657624, 0.502151, 0.462712, 0.353904, 0.12414
3.96, 0.0319374, 1.96035, 2.23901, 2.28736, 2.2552, 1.79649, 2.30629, 2.04278, 0.936837, 1.41043, 1.4651, 1.20666, 1.10465, 1.36121, 1.75234, 0.996318, 1.0012, 0.437066, 1.01396, 0.93908, 0.596462, 0.370888, 0.201452, 0.120131, 0.54104, 0.561259, 0.243857, 0.521923, 0.685353, -0.0867566, -0.299762
3.98, 0.0319376, 1.44474, 2.13139, 1.79665, 1.58584, 1.55896, 2.11065, 1.4169, 0.818063, 1.00767, 0.615215, 1.01677, 1.04509, 0.823342, 0.895692, 0.818931, 0.633765, 0.414555, -0.210064, -0.085445, 0.237305, 0.0424392, -0.266473, -0.251858, 0.160526, 0.0179213, -0.482033, -0.442925, -0.667521, -0.768883, -1.05282
4, 0.0319376, 1.8639, 2.89091, 2.79533, 2.17281, 2.28447, 2.68986, 1.50429, 1.49225, 2.13205, 2.38168, 1.32299, 1.67465, 1.51871, 2.21435, 1.86948, 1.40102, 1.21947, 0.854276, 1.03239, 0.989667, 1.05256, 1.00382, 0.205624, 0.378018, 0.376355, 0.150281, 0.459108, 0.409791, 0.148245, -0.23223
4.02, 0.0319376, 1.40982, 1.96915, 2.34956, 2.30549, 2.07385, 1.46787, 0.930717, 1.29503, 1.14503, 0.905947, 1.52696, 1.41499, 1.53129, 0.989982, 0.208305, 0.0803212, 0.13115, 0.206206, 0.334858, 0.524665, 0.35555, 0.0955512, -0.351033, -0.163471, -0.202139, -0.550804, -0.484931, -0.764584, -0.965291, -1.07823
4.04, 0.0319376, 0.973203, 1.87453, 2.34771, 1.93122, 1.61844, 2.08711, 1.66779, 1.40174, 1.36579, 1.21564, 1.32148, 1.45445, 1.12603, 1.13184, 0.756638, 0.684604, 0.468918, 0.763672, 0.448072, 0.459636, -0.246143, 0.0480245, -0.0205614, -0.0634411, 0.0751646, -0.150998, -0.730623, -0.566032, -0.636686, -0.861131
4.06, 0.0319376, 2.46952, 2.43317, 1.98099, 2.11098, 2.26085, 2.13945, 1.34247, 1.17078, 1.40245, 0.84564, 1.34216, 1.38531, 1.83121, 2.08228, 1.46418, 1.19413, 1.01727, 0.718768, 0.766256, 0.656486, 0.401053, 0.434663, 0.595041, 0.466908, 0.366952, -0.0853262, 0.0157288, -0.158021, -0.379419, -0.821034
4.08, 0.0319376, 2.46974, 2.24202, 1.91074, 1.58161, 2.35881, 2.34336, 2.01233, 1.06106, 1.37681, 1.97601, 1.40433, 0.954971, 1.52712, 1.58258, 1.02988, 0.800434, 1.04391, 0.603319, 0.757, 0.53442, 0.885745, 1.00756, 0.526051, 0.411689, 0.603512, 0.333848, 0.193491, 0.578541, 0.05503, -0.687244
4.1, 0.0319376, 1.77144, 0.983192, 1.65916, 1.24943, 1.87618, 1.2302, 0.6433, 0.787399, 1.27241, 1.38635, 1.03819, 0.630588, 1.15253, 1.50654, 0.942267, 0.823868, 0.486747, 0.14732, 0.320406, 0.186974, 0.231363, 0.00152257, -0.0359939, -0.122023, -0.0280335, -0.420424, -0.570002, -0.419491, -0.367559, -0.794792
4.12, 0.0319376, 1.56553, 2.20145, 1.49181, 1.60796, 1.51562, 1.47844, 0.926901, 0.947332, 0.846826, 1.08461, 0.898491, 1.1264, 1.35968, 1.42952, 0.587402, 0.687226, 0.930784, 1.10863, 0.783461, 1.00966, 0.860525, 0.923014, 0.725401, 0.163442, 0.638312, 0.523612, 0.234117, 0.587199, 0.0374317, -0.10774
4.14, 0.0319376, 2.11615, 2.11817, 2.41943, 1.59932, 2.03064, 2.0851, 0.995045, 0.553712, 0.809539, 0.803151, 0.916185, 0.108537, 1.09114, 1.18923, 1.09028, 0.18533, 0.346271, 0.586986, 0.532776, 0.65304, 0.235286, 0.265553, 0.344806, -0.140571, -0.114512, 0.204132, -0.392449, 0.0455255, -0.401892, -0.210705
4.16, 0.0319376, 2.49713, 2.64368, 2.69066, 2.48065, 1.63088, 2.00679, 2.37723, 1.69713, 1.69837, 1.73333, 1.92984, 1.51361, 1.50228, 1.69268, 1.26471, 1.07699, 1.16056, 1.31667, 1.0596, 0.606437, 0.626403, 0.565521, 0.498235, 0.805354, 0.468619, 0.198735, 0.0540816, 0.0871667, -0.295754, -0.830264
4.18, 0.0319376, 2.77101, 3.43517, 3.09839, 2.40184, 2.85826, 2.38805, 1.17674, 1.68003, 1.92412, 2.21453, 1.84341, 2.25465, 1.99817, 1.79379, 1.59398, 1.31652, 1.41457, 0.875835, 0.83017, 0.616218, 0.787859, 0.452926, 0.138207, 0.353122, 0.141746, 0.609816, 0.621451, 0.0536614, -0.0130417, -0.321446
4.2, 0.0319376, 2.20495, 2.25879, 2.87624, 2.5265, 2.5827, 1.94004, 1.37474, 1.15205, 2.11266, 1.14483, 1.16416, 1.42712, 1.77448, 1.76588, 1.33933, 1.0192, 0.824678, 0.766553, 0.782298, 0.898991, 0.957777, 0.275549, 0.246939, 0.467311, 0.180169, 0.279338, 0.223093, 0.229853, 0.0797048, -0.569627
4.22, 0.0319376, 2.57889, 2.73781, 1.97625, 2.50527, 2.26337, 1.92502, 2.00623, 1.76478, 1.74223, 1.22187, 1.08088, 1.02961, 1.21038, 1.11604, 1.11941, 0.800598, 1.21207, 0.63383, 0.295292, 0.356729, 1.04697, 0.373618, 0.366352, 0.379837, 0.441698, 0.17596, -0.0349922, 0.0750564, -0.0129697, -0.570701
4.24, 0.0319376, 2.7398, 2.61577, 2.16499, 2.35236, 3.32496, 2.94175, 2.09084, 1.29887, 1.51973, 1.47261, 1.9812, 1.69552, 1.64685, 1.33429, 1.55749, 1.30516, 1.27929, 0.721171, 0.654972, 0.532057, 0.819614, 0.601386, 0.586516, 0.880874, 0.59299, 0.250432, 0.266087, 0.412091, 0.279323, -0.34577
4.26, 0.0319371, 1.53364, 2.23735, 2.77773, 2.55129, 3.02891, 2.32008, 1.37566, 0.873931, 1.45224, 1.35312, 1.60844, 1.73617, 1.56441, 1.32131, 1.13572, 1.11641, 0.980433, 0.300509, 0.590433, 0.137768, 0.245136, 0.394444, 0.15352, 0.139277, 0.742969, -0.108038, -0.514245, -0.490519, -0.59811, -0.988709
4.28, 0.0319371, 1.59411, 2.85299, 2.54834, 2.598, 2.00541, 1.74608, 1.24633, 1.63186, 1.29423, 0.49834, 1.08561, 0.82728, 1.79601, 1.36851, 1.14769, 1.17071, 1.42164, 1.21957, 0.862598, 1.0864, 0.790662, 0.555453, 0.344111, 0.0705046, -0.0545665, -0.257504, -0.0772472, 0.058671, -0.129917, -0.73742
4.3, 0.0319371, 1.88119, 1.87433, 2.06482, 1.83257, 1.96885, 1.75396, 0.811452, 0.711569, 1.27104, 1.52824, 1.00024, 1.08589, 1.33582, 1.12109, 1.26665, 0.570277, 0.835687, 0.779282, 0.556805, 0.157703, 0.273213, 0.347634, 0.0822441, 0.223945, 0.66244, 0.108957, -0.199216, -0.137133, -0.486588, -0.388082
4.32, 0.0319371, 2.83227, 2.73053, 3.34469, 2.5797, 2.51898, 2.38545, 1.78491, 1.54714, 1.87841, 1.73665, 1.88216, 2.0491, 1.69138, 1.75467, 0.947798, 1.5514, 1.39438, 1.1684, 1.02049, 1.35753, 1.08105, 1.18933, 0.697405, 0.567584, 0.979711, 0.593496, 0.65311, 0.523098, 0.408356, -0.0380644
4.34, 0.0319371, 2.83835, 2.86664, 2.13516, 2.50199, 2.55495, 2.49882, 1.83487, 1.92744, 2.09792, 2.21924, 1.31833, 1.99848, 2.04359, 2.1259, 1.47885, 1.14553, 0.953131, 0.868889, 1.03172, 0.9316, 0.794865, 0.451993, 0.129169, 0.223979, 0.1005, -0.00054082, 0.0824804, 0.531973, 0.149258, -0.43814
4.36, 0.0319376, 2.10006, 2.77952, 2.53676, 2.24767, 2.05355, 1.64075, 1.47978, 1.36464, 1.50646, 1.55477, 1.1381, 1.85022, 1.67971, 1.57195, 1.01434, 0.982045, 1.36221, 1.13216, 0.944575, 0.876096, 0.95941, 0.711849, 0.542663, 0.879176, 0.673471, 0.354157, 0.0956613, 0.119788, -0.180125, -0.527005
4.38, 0.0319376, 2.4566, 2.67764, 2.4439, 1.70202, 1.72777, 1.99123, 1.92111, 1.59127, 1.49896, 0.818552, 0.720646, 1.40266, 1.44467, 1.32601, 0.798618, 0.919698, 0.730619, 0.328956, 0.119578, 0.166246, 0.49389, 0.523544, -0.0225828, 0.00653795, -0.0616835, 0.0727041, -0.200207, -0.48102, -0.711416, -1.16619
4.4, 0.0319376, 1.86093, 2.73654, 2.18532, 1.25162, 2.38705, 1.96292, 1.16852, 0.694988, 1.15858, 0.656324, 0.977264, 0.986998, 1.16099, 1.27824, 0.697761, 0.984179, 0.712051, 0.245254, 0.541717, 0.170447, 0.0122257, 0.0295198, 0.305094, 0.25528, -0.205525, 0.0270273, -0.228336, -0.0913659, -0.411084, -1.0211
4.42, 0.0319376, 2.4157, 3.41474, 2.71144, 3.14402, 3.50707, 2.52095, 1.28336, 1.8289, 2.24189, 2.11633, 2.47257, 2.1559, 2.00448, 1.98888, 1.85274, 1.84217, 2.02539, 1.52366, 1.39313, 0.994865, 1.07864, 1.26048, 0.916893, 0.987392, 1.10027, 0.635339, 0.552906, 0.680194, 0.268715, -0.41617
4.44, 0.0319376, 2.47535, 2.60633, 2.23721, 2.29884, 1.94027, 1.78369, 1.87999, 1.09187, 1.13798, 2.02723, 2.02702, 1.22775, 1.12013, 1.55169, 1.39554, 1.13561, 1.10171, 0.928925, 0.66796, 0.613306, 0.407049, 0.620819, 0.302526, 0.229077, 0.15124, 0.0862497, -0.323613, -0.274087, -0.49462, -0.787878
4.46, 0.0319376, 2.76438, 3.02537, 2.77725, 2.40231, 2.12089, 1.73536, 1.38457, 1.70477, 1.76434, 1.70283, 1.88506, 1.8731, 1.65026, 1.607, 1.27903, 1.47371, 1.54318, 0.948049, 1.14275, 1.20074, 0.576779, 0.724541, 0.415098, 0.382081, 0.624298, 0.325108, -0.0693779, -0.0178545, -0.241932, -0.174233
4.48, 0.0319376, 1.84971, 1.5913, 1.94991, 2.24077, 1.45601, 1.86505, 1.3188, 1.62478, 1.60742, 1.04984, 1.38219, 0.716698, 0.946799, 1.12515, 0.978702, 0.852162, 0.731138, 0.116149, 0.484391, 0.384068, 0.425008, 0.32307, -0.229862, 0.0968262, 0.134447, -0.447144, -0.584691, -0.152883, -0.60288, -1.10909
4.5, 0.0319376, 2.0116, 2.86666, 2.86851, 2.37367, 2.5537, 2.21698, 1.56979, 0.740653, 1.36093, 1.97959, 1.45828, 1.32808, 1.40347, 1.72424, 1.55591, 1.00954, 1.44895, 0.631937, 0.469169, 0.72387, 0.653222, 0.549759, 0.49775, 0.785221, 0.386556, 0.214666, 0.193096, 0.501437, 0.322942, -0.101293
4.52, 0.0319376, 1.83622, 1.82984, 1.67426, 1.6052, 1.96946, 2.17171, 2.00853, 1.63867, 1.24717, 1.40394, 0.965094, 1.71083, 1.83834, 1.42449, 1.47861, 1.28405, 1.51003, 1.21608, 1.06098, 1.12126, 0.878062, 0.747356, 0.810444, 1.05653, 0.79448, 0.324826, 0.387688, 0.414496, 0.32095, -0.417429
4.54, 0.0319376, 3.07572, 3.10596, 2.58616, 1.82052, 2.60222, 2.34914, 1.80073, 0.906703, 1.91964, 1.82782, 1.78056, 2.37742, 2.17849, 1.91808, 1.58289, 0.848371, 1.18429, 1.29407, 1.3111, 1.17285, 1.17076, 1.08603, 1.00978, 1.04482, 1.0394, 0.841715, 0.627669, 0.524706, 0.362747, -0.0850345
4.56, 0.0319376, 2.06287, 1.92929, 2.65912, 2.18132, 1.83975, 2.04815, 1.66629, 1.59528, 1.62385, 1.77835, 1.36257, 1.50811, 1.57911, 1.65867, 1.00886, 0.894543, 0.591315, 0.620833, 0.61702, 0.556003, 0.386044, 0.0661464, 0.540628, 0.302062, 0.19968, -0.0446832, -0.289805, -0.263639, -0.156971, -0.704705
4.58, 0.0319376, 1.6243, 2.25038, 2.28613, 2.0856, 2.57635, 2.45361, 1.55637, 1.26557, 1.78896, 1.47667, 1.16088, 1.71783, 1.40943, 1.44292, 0.973718, 1.5337, 1.41364, 0.726631, 0.696859, 0.580549, 0.0444809, 0.770072, 0.501918, 0.279334, 0.51024, 0.192335, 0.4881, 0.190634, 0.208123, -0.19149
4.6, 0.0319376, 2.12862, 2.57975, 2.56072, 2.35499, 1.95688, 2.14547, 1.75392, 1.17059, 1.69218, 1.69047, 1.40649, 2.20291, 1.49316, 1.28995, 1.02601, 1.07205, 1.01281, 1.04511, 1.07306, 1.05978, 0.91295, 0.399718, 0.239056, 0.471806, 0.335716, 0.0612216, 0.197742, 0.367402, 0.0953642, -0.357571
4.62, 0.0319376, 2.05846, 2.64352, 3.12324, 2.65373, 1.80702, 2.36642, 1.79834, 1.27914, 1.22686, 1.42435, 1.63266, 1.65895, 1.88015, 1.79712, 1.22258, 1.19981, 0.792946, 0.883587, 0.937277, 0.730943, 0.873383, 0.518467, 0.296768, 0.451186, -0.203595, -0.211267, -0.0596401, -0.192094, -0.535035, -0.64465
4.64, 0.0319376, 1.37086, 2.0405, 2.01058, 1.83248, 2.08711, 1.54103, 1.3798, 1.23876, 1.26952, 0.901125, 0.796833, 0.960726, 0.778191, 0.603859, 0.911145, 0.456257, 0.476722, 0.0967725, -0.117754, 0.309892, -0.152874, -0.498177, -0.334879, -0.313549, -0.537391, -0.775603, -0.720385, -0.610866, -0.697763, -1.29618
4.66, 0.0319376, 1.87314, 0.915377, 1.52159, 1.96176, 1.5804, 1.54731, 1.67364, 1.14064, 1.20185, 1.38474, 1.44467, 0.928246, 0.514367, 1.17745, 0.8574, 0.670912, 0.338412, 0.305335, 0.0773172, -0.00133078, -0.0643986, -0.0943753, -0.294952, 0.151919, 0.180089, -0.0709023, -0.416054, -0.442891, -0.865523, -1.1652
4.68, 0.0319376, 1.84649, 1.80298, 1.38603, 1.41414, 1.75757, 1.55939, 0.820268, 0.596684, 1.45972, 1.56485, 1.10375, 1.10437, 0.898575, 0.441623, 0.342894, 0.461442, 0.976276, 0.60673, 0.432958, 0.442615, -0.126789, -0.0992934, -0.247129, 0.00467007, 0.230301, -0.512153, -0.158294, -0.400403, -0.630855, -1.02766
4.7, 0.0319376, 2.07513, 1.91084, 1.74961, 1.47127, 2.01994, 1.82626, 0.73947, 0.958121, 1.17069, 1.17012, 1.09463, 1.06423, 1.37041, 1.38748, 0.439087, 0.936709, 0.885865, 0.296493, 0.568071, 0.563294, 0.16023, 0.231489, 0.31268, 0.106131, -0.340112, 0.439826, 0.000351606, -0.209763, -0.46079, -0.879182
4.72, 0.0319376, 1.97553, 1.76225, 2.15714, 1.87064, 2.28332, 1.54982, 1.14131, 1.06016, 0.570457, 1.07272, 1.02663, 1.30024, 1.44216, 1.33451, 0.750421, 0.455629, 0.714522, 0.453993, 0.220459, 0.38816, 0.236049, 0.39017, -0.290169, -0.0109365, -0.147315, -0.330187, -0.171245, 0.341469, -0.0182837, -0.701848
4.74, 0.0319376, 1.19903, 2.14907, 2.30297, 2.43644, 2.73692, 1.95646, 1.73588, 2.04709, 1.68566, 1.70273, 1.47225, 1.76975, 1.04007, 1.41972, 1.20145, 1.59917, 1.1827, 1.36886, 1.433, 1.00294, 1.18027, 1.02481, 1.03037, 0.916749, 0.854673, 0.784005, 0.270595, 0.665447, 0.159695, 0.0122174
4.76, 0.0319371, 1.40996, 2.06788, 2.68497, 2.4479, 2.12842, 1.7035, 1.3106, 1.60336, 1.88496, 1.80163, 1.39042, 1.48291, 1.8585, 1.82969, 1.56625, 1.14288, 0.938924, 1.35355, 1.23828, 1.16049, 1.47295, 1.07283, 0.978091, 1.10766, 1.01044, 0.733173, 0.693037, 0.673187, -0.0661834, -0.295104
4.78, 0.0319371, 2.03323, 2.41283, 2.5345, 2.38246, 2.04748, 1.21271, 1.50113, 1.05654, 1.71878, 1.61666, 1.24419, 1.31897, 1.33017, 1.48002, 1.08682, 0.761245, 0.913741, 0.787898, 0.475085, 0.473472, 0.312132, 0.356516, 0.0261101, 0.0891154, 0.568941, 0.118459, 0.0837326, 0.222668, -0.380187, -0.757756
4.8, 0.0319371, 2.75382, 2.72627, 2.31925, 2.28178, 1.69991, 1.61252, 0.791682, 1.80511, 1.95728, 1.6639, 1.21526, 0.84915, 1.19921, 1.31383, 1.34192, 1.3038, 1.4523, 0.720043, 1.1807, 1.72742, 1.05395, 0.583775, 0.460943, 0.472901, 0.617389, 0.486768, 0.0726008, 0.110834, -0.251896, -0.294343
4.82, 0.0319371, 1.87223, 1.60398, 1.86868, 2.01838, 2.21898, 2.08353, 1.53644, 1.60053, 1.80974, 1.35832, 1.15876, 1.14182, 1.70449, 1.60155, 0.765338, 0.957953, 0.822099, 0.393719, 0.0791439, 0.270154, 0.332127, 0.233177, -0.0276324, -0.242174, 0.0824989, -0.0582057, -0.562446, -0.333026, -0.130775, -0.857148
4.84, 0.0319371, 1.94364, 2.5492, 2.36804, 1.92235, 1.72042, 1.87151, 0.904106, 0.582866, 0.361274, 0.613551, 0.918606, 1.07572, 1.26279, 0.899293, 0.765415, 0.874318, 0.266563, -0.0245991, -0.0658085, -0.34434, 0.181971, -0.155026, -0.436809, -0.103656, -0.0607083, -0.332717, -0.684903, -0.417676, -0.594253, -1.12893
4.86, 0.0319376, 1.52871, 2.16705, 1.43415, 1.47904, 1.73592, 1.10211, 1.23322, 2.07739, 2.24982, 1.51344, 1.78666, 1.38248, 1.576, 0.920614, 0.104873, 0.622709, 0.929068, 0.889779, 0.934282, 0.818725, 0.562653, 0.351371, 0.354693, 0.576367, 0.603633, 0.0127936, 0.0832862, 0.0740047, -0.209035, -0.456787
4.88, 0.0319376, 1.71567, 2.01617, 2.07937, 1.89645, 2.25044, 2.06164, 2.30633, 2.28993, 1.80475, 1.72122, 2.18556, 1.64994, 1.84315, 1.38896, 0.376953, 0.441021, 1.1276, 0.707346, 0.385309, 0.233391, 0.176155, -0.146645, 0.0631369, 0.327522, 0.0687712, -0.270596, -0.672456, -0.376461, -0.555143, -1.18612
4.9, 0.0319376, 1.87846, 2.32572, 2.58395, 2.49319, 2.14055, 2.28725, 2.04304, 2.0861, 2.08911, 1.52663, 1.47277, 1.87325, 1.88471, 1.51845, 1.06278, 1.52563, 1.28098, 0.500343, 0.652251, 0.674573, 0.784566, 0.693699, 0.423894, 0.421305, 0.138915, 0.0151488, -0.0536327, 0.0488249, -0.288648, -0.604196
4.92, 0.0319376, 1.5048, 2.32718, 1.91731, 2.45916, 2.13045, 2.56144, 2.64565, 2.60447, 2.55712, 2.21926, 2.29153, 1.86927, 2.04248, 2.65314, 2.66542, 1.82255, 1.16529, 1.7881, 1.36275, 1.3716, 2.08149, 1.7047, 1.49299, 1.52692, 1.64722, 1.48418, 1.0017, 1.28967, 0.631542, 0.874578
4.94, 0.0319376, 2.66349, 2.00207, 2.11765, 1.45961, 2.18808, 1.89069, 1.63032, 1.97322, 1.9163, 1.57319, 1.52978, 1.42838, 1.67422, 1.79501, 1.44712, 1.19281, 1.47393, 1.09309, 1.19311, 1.38057, 1.18556, 1.00664, 0.859832, 0.604336, 0.709854, 0.483416, 0.198283, 0.32572, 0.0491172, -0.260364
4.96, 0.0319376, 1.78361, 2.29599, 1.99609, 1.7715, 2.05979, 2.37581, 1.95746, 1.81352, 1.53774, 1.17954, 0.675719, 1.26994, 1.30038, 0.976909, 1.3001, 1.35719, 1.36971, 1.09271, 1.20181, 0.8591, 0.913204, 0.632663, 0.398354, 0.196713, 0.148149, 0.00413373, 0.00282425, -0.0931413, -0.31, -0.407806
