# Time (seconds), Duration (seconds), f0, f1, f2, f3, f4, f5, f6, f7, f8, f9, f10, f11, f12, f13, f14, f15, f16, f17, f18, f19, f20, f21, f22, f23, f24, f25, f26, f27, f28, f29
0, 0.0319375, 0.289899, 0.419367, 0.567213, 1.02369, 0.122978, 0.342503, 0.14464, 0.716448, 0.535641, 0.988583, 0.539191, 0.733174, 0.594539, 0.0679232, 0.406486, 0.872712, 0.22251, 0.0814739, 0.801794, 0.808286, 0.552519, 0.703021, 0.831882, 0.776147, 1.18048, 0.684212, 1.14359, 1.25149, 0.96957, 0.663242
0.02, 0.0319375, 0.300775, 0.869868, 0.833961, 0.497732, -0.243266, -0.304311, 0.810108, 0.902192, 0.00628116, 0.0562872, 0.497848, 0.651028, 0.490461, 0.18714, 0.460898, 0.278235, 0.384168, 0.589405, 0.285983, -0.347451, 0.190597, 0.664892, 0.454071, 0.67856, 0.825052, 0.847332, 0.968521, 1.16501, 0.880963, 0.90978
0.04, 0.0319375, 0.288664, 0.453322, -0.0317329, 0.898711, 1.60929, 1.2369, 0.742595, 0.85692, 1.32045, 1.0316, 0.275945, 0.812602, 0.804845, 0.817237, 0.853497, 1.25185, 1.56308, 1.16724, 1.3272, 1.07451, 1.20599, 0.883634, 1.31969, 1.58323, 1.53676, 2.13282, 2.28427, 1.81096, 1.7142, 1.82381
0.06, 0.0319375, 1.14734, 0.861523, 0.907088, 1.10555, 1.18234, 0.980472, 0.544171, 0.60405, 1.02868, 0.559594, 1.25661, 0.881513, 0.804813, 0.461702, 0.945417, 1.38627, 1.25188, 1.42176, 1.30888, 0.959323, 1.56978, 1.25161, 0.942267, 1.48792, 1.91689, 1.71304, 1.76487, 2.01548, 1.59629, 1.80763
0.08, 0.0319375, 0.9385, 0.526112, 0.811651, 0.761853, 1.11972, 0.939415, 0.417973, 0.512667, 0.818191, 1.04808, 0.815483, 0.692949, 0.742316, 0.74257, 1.0283, 1.05261, 1.04415, 1.42563, 1.87169, 1.23625, 1.61874, 1.55426, 1.10559, 1.08034, 1.6162, 1.5038, 1.6394, 1.88635, 2.28512, 2.18963
0.1, 0.0319375, 0.441826, 0.297614, 0.752696, 0.21168, 0.782375, 0.811994, 0.454441, 0.989175, 0.745171, 0.788475, 0.354768, 0.618295, 0.8328, 0.433868, 0.477879, 0.907828, 1.12045, 1.83795, 2.05036, 1.87126, 1.72228, 2.21513, 2.02234, 1.92221, 1.66217, 2.04101, 2.20762, 2.04528, 2.14043, 2.42332
0.12, 0.0319375, 0.673063, 0.54791, 0.862704, 0.300112, -0.284043, 0.179613, 0.458272, 0.613123, 0.677298, 0.333044, 0.00947715, 0.563008, 0.543736, 0.854761, 0.708359, 0.914149, 0.81104, 0.771985, 1.03436, 1.4841, 1.72743, 1.58586, 1.3612, 1.4548, 1.60473, 1.52236, 1.55071, 1.39869, 1.54354, 1.28224
0.14, 0.0319375, 0.489058, 0.729811, 0.451893, 0.691327, 1.06905, 0.803671, 0.268799, 0.710998, 0.1894, 0.268514, -0.304618, 0.230879, 0.298901, 0.467876, 0.439675, 0.869566, 1.06962, 0.999286, 0.817395, 0.663136, 1.29539, 0.910875, 1.08542, 1.17012, 1.22974, 1.12822, 1.36951, 1.5586, 1.59781, 1.70074
0.16, 0.0319375, 0.289853, 0.403056, -0.174963, -0.107686, 0.266906, -0.10162, 0.674544, 0.504941, 0.60823, 0.773065, 0.749619, 0.578387, 0.681591, 0.506071, 0.778767, 1.08607, 0.927954, 0.740007, 0.882041, 0.876153, 0.891522, 1.08932, 1.68531, 1.53742, 1.3685, 1.60046, 1.88507, 1.87066, 1.90726, 2.25365
0.18, 0.0319375, 1.35272, 0.15249, -0.108946, 0.996278, 0.949504, 0.293027, 0.517904, 0.751792, 0.361958, 0.526269, 0.198459, 0.67871, -0.0574222, 0.6757, 1.24925, 1.09627, 1.14238, 1.35771, 0.980735, 1.3964, 1.161, 1.66022, 2.21112, 2.09583, 1.80044, 1.82658, 2.13333, 2.59054, 2.80336, 2.87392
0.2, 0.0319375, 1.03795, 0.356105, 0.34859, 0.268333, 0.0361429, 0.388132, 0.669549, 0.733091, 0.704872, 0.536582, 0.501253, 0.664386, 0.89436, 0.317375, 0.690804, 0.898023, 0.845968, 1.26402, 1.37306, 1.29316, 1.53416, 1.24725, 1.30932, 1.59596, 1.71639, 1.73075, 1.76955, 1.79639, 1.99214, 1.82358
0.22, 0.0319375, 0.939513, -0.220288, -0.629757, -0.0670581, -0.276919, 0.292561, 0.495963, 0.185401, 0.979053, 0.837385, 0.226629, 0.286954, 0.736869, 0.580761, 0.349755, 1.15045, 1.08405, 0.783599, 0.579661, 1.16382, 1.15811, 1.00593, 1.28367, 1.19115, 1.36533, 1.4869, 1.5877, 1.89257, 1.53788, 1.87833
0.24, 0.0319375, 0.636807, 0.142989, 0.450573, 0.0489899, 0.372616, 0.907631, -0.181363, 0.116491, 0.30065, 0.488141, 0.687348, 0.438353, 0.245561, 0.358848, 0.30402, 0.960605, 1.18659, 0.805162, 0.972642, 0.907946, 0.612331, 0.8817, 1.15299, 1.0059, 0.965069, 1.30241, 0.824996, 1.28455, 1.49378, 1.61286
0.26, 0.0319375, -0.133371, -1.15358, -0.873246, 0.120358, 0.344558, 0.524795, 0.455669, 0.4694, 0.0904222, 0.0305458, 0.348645, 0.51272, 0.675289, 0.629645, 0.52539, 0.148178, 0.38824, 0.617324, 0.485666, 0.525199, 0.297554, 1.01485, 0.525084, 0.843345, 0.870186, 0.962225, 1.09288, 0.988785, 1.22122, 1.23979
0.28, 0.0319375, -0.111562, 0.291491, 0.129091, 0.425062, -0.0471308, 0.2574, 0.416478, -0.0647537, -0.3544, 0.588509, 0.212506, 0.384463, 0.816259, 0.512813, 0.81656, 0.665217, 0.758565, 0.981589, 0.661639, 0.311884, 0.358091, 0.540984, 0.4776, 0.598538, 0.829238, 0.884168, 0.961338, 1.002, 1.13494, 1.07138
0.3, 0.0319375, 0.610073, 0.436717, 0.316881, 0.510748, 0.366289, 0.13013, 0.49177, 0.2094, 0.646087, 0.501644, 0.419765, 0.857153, 0.598842, 0.433763, 0.347465, 0.913515, 0.546225, 0.595629, 0.850256, 0.742555, 0.879151, 0.84901, 0.817842, 1.0901, 1.29519, 1.2459, 1.12375, 1.14121, 1.09382, 1.00706
0.32, 0.0319375, 1.04125, 0.596361, 0.0930889, 0.240127, -0.291547, 0.0859094, 0.480563, 0.658846, 0.751066, 0.673365, 0.129913, 0.497647, 0.813749, 1.34999, 0.93375, 0.684949, 1.11143, 1.56073, 1.57477, 1.46681, 1.54137, 1.66647, 1.86168, 2.04851, 2.15055, 1.55511, 2.05993, 1.57448, 1.7536, 1.71715
0.34, 0.0319375, 0.163785, 0.317614, -0.304242, -0.0581111, 0.0223212, 0.62817, 0.212471, 0.587204, 0.468684, 0.912054, 0.268922, 0.692502, 0.617926, 0.917328, 0.627612, 0.734276, 0.875529, 1.17752, 0.983848, 1.03715, 0.467055, 0.708169, 0.768949, 1.27725, 1.32125, 0.785158, 1.00799, 0.965377, 1.12906, 0.961683
0.36, 0.0319375, -0.146357, 0.367576, 0.705201, 0.0844372, 0.313327, 0.340534, 0.461141, 0.497961, -0.182137, -0.111349, 0.721088, 0.747726, 0.391976, 0.753463, 0.612797, 0.882498, 0.608008, 0.463291, 0.242943, 0.591834, 0.957852, 0.448823, 0.5034, 0.627537, 0.796817, 0.657288, 0.788756, 0.601193, 0.677978, 0.261545
0.38, 0.0319375, 0.463106, 0.647106, 0.638581, 0.289672, 0.821876, 0.426744, 0.560378, 0.909282, 0.739629, 0.791918, 0.775189, 0.790471, 0.735448, 0.337904, 0.547327, 0.352328, 0.592878, 0.733894, 0.81976, 0.531848, 0.704064, 0.408999, 0.457871, 0.838127, 0.576269, 0.562368, 0.533851, 0.633501, 0.217886, 0.393676
0.4, 0.0319375, 0.502332, 0.2506, -0.0198793, 0.221946, 0.0136887, 0.53348, 0.233925, 0.0544873, 0.424813, 0.0646313, 0.0850363, 0.206815, 0.393903, 0.799249, 0.722765, 0.473832, 0.594663, 0.410083, 0.563316, 0.740783, 0.322062, 0.588634, 0.629113, 0.467731, 0.633611, 0.578214, 0.902881, 0.737785, 0.570514, 0.606028
0.42, 0.0319375, 0.95654, 0.918945, -0.211638, 0.365222, 0.183991, -0.00452001, 0.545032, 0.904521, 0.636595, 0.53199, 0.43062, 0.71277, 0.583217, 0.25901, 0.683056, 0.678727, 0.832376, 0.626266, 0.500524, 0.197054, 0.44861, 0.423553, 0.564163, 0.596428, 0.431399, 0.130653, 0.367711, 0.64178, 0.453594, 0.703113
0.44, 0.0319375, -0.155417, 0.796698, 0.641762, 0.595057, -0.0244173, -0.200743, -0.0219118, 0.634649, 0.71065, 0.715265, 0.444009, 0.319941, 0.48429, 0.570919, 0.663539, 0.776604, 0.78556, 0.541883, 0.445997, 0.329024, 0.369751, 0.791441, 0.56103, 0.532373, 0.749376, 0.50294, 0.331647, 0.732849, 0.526589, 0.51557
0.46, 0.0319375, 0.691958, 0.828151, 0.0927752, 0.109186, -0.228587, -0.2509, -0.149498, 0.190406, 0.781905, 0.327362, 0.0436038, 0.523661, 0.519269, 0.168276, 0.649196, 0.746053, 0.37015, 0.158717, 0.231224, 0.536477, 0.453753, 0.369174, 0.422204, 0.691109, 0.420107, 0.673351, 1.20535, 1.37169, 0.744152, 0.884279
0.48, 0.0319375, 0.376036, 0.140771, 0.842516, 0.0444165, 0.46759, 0.0479688, -0.205251, 0.119838, 0.179493, 0.441228, 0.491762, 0.471738, 0.701252, 0.431226, 0.114086, 0.424561, 0.188028, 0.270227, 0.590416, 0.420425, 0.369617, 0.45599, 0.551358, 0.431672, 0.875974, 0.833427, 0.712902, 0.919381, 0.831623, 1.00886
0.5, 0.0319375, -0.523654, -0.146137, 0.172472, -0.023206, -0.0473902, -0.523703, -0.34883, 0.513601, 0.486367, 0.304245, 0.105837, -0.0458205, 0.222927, 0.197619, 0.36877, 0.268783, 0.11668, 0.0418398, 0.329854, 0.68735, 0.929724, 0.704033, 0.300399, 0.642173, 0.990266, 0.816977, 0.936807, 0.601475, 0.576687, 0.636032
0.52, 0.0319375, 0.123581, -0.482848, -0.697624, 0.445521, 0.983983, 0.728888, 0.101298, 0.0932969, 0.704547, 0.327164, 0.694089, 0.191889, 0.205268, 0.736233, 0.531371, 0.824723, 0.797895, 0.510318, -0.205108, 0.620463, 0.706255, 0.403156, 0.195335, 0.571208, 0.471404, 0.518058, 0.675528, 0.886958, 0.423837, 0.651109
0.54, 0.0319375, 0.880485, 0.232942, 0.180215, 0.352643, 0.68402, 0.251721, 0.373676, 0.620102, 0.488364, -0.132522, 0.604052, 0.647854, 0.0582092, 0.527007, 0.885033, 0.539206, 0.752469, 0.693878, 0.708289, 0.333174, 0.192957, 0.270724, 0.254259, 0.40412, 0.424065, 0.641733, 0.630631, 0.735909, 0.750446, 0.514779
0.56, 0.0319375, 0.303264, 0.0435327, 0.239605, 0.582234, 0.748774, 0.0746027, 0.191045, 0.240154, 0.0394383, 0.429421, 0.438803, 0.822172, 0.735037, 0.335182, -0.0127785, 0.998036, 0.154475, 0.231685, 0.183168, 0.210965, 0.466762, 0.348165, 0.617853, 0.186376, 0.563143, 0.439286, 0.467667, 0.862463, 0.730344, 0.776918
0.58, 0.0319375, 0.41025, 0.418624, 0.290936, -0.638304, -0.910064, -0.45789, 0.376435, 0.593983, 0.736256, 0.582738, 0.492602, 0.228541, 0.718264, 0.827106, 0.656319, 0.639566, 0.31082, 0.612418, 0.621052, 0.484793, 0.491148, 0.404033, 0.49072, 0.468656, 0.463774, 0.86189, 0.611393, 0.878393, 0.31526, 0.673877
0.6, 0.0319375, 0.237992, 0.419033, 0.357658, 0.218883, 0.652568, 0.248232, 0.04901, 0.25281, 0.525696, 0.661144, 0.45658, 0.627247, 0.800538, 0.686712, 0.419862, 0.481817, 0.687179, 0.552487, 0.805702, 0.447959, 0.747553, 0.704184, 0.307498, 0.463245, 0.542392, 0.272805, 0.780009, 0.883437, 0.662294, 0.826831
0.62, 0.0319375, 0.288488, 0.330017, 0.0334674, 0.815995, 0.779658, -0.103116, 0.359263, 0.562065, 0.574559, 0.401205, 0.143116, 0.197527, 0.371839, 0.174461, 0.525231, 0.844029, 0.582542, 0.378248, 0.519118, 0.520188, 0.739907, 0.960845, 0.314298, 0.4085, 0.588988, 0.717583, 1.04288, 0.941854, 0.931674, 0.989325
0.64, 0.0319375, 0.132371, -0.0855781, -0.375731, 0.429998, 0.607653, 0.0349002, 0.441976, 0.156756, 0.28839, -0.286329, 0.47757, 0.74527, 0.581235, 0.38981, 0.835205, 0.00817985, 0.568459, 0.489348, 0.588605, 0.555985, 0.529056, 0.377976, 0.562552, 0.525321, 0.848565, 1.17845, 0.894883, 0.44439, 0.273273, 0.715401
0.66, 0.0319375, 2.07883, 1.87013, 1.14566, 0.440595, 0.730355, 1.15014, 0.709369, 0.498654, 1.08518, 1.13038, 1.05068, 1.22577, 1.21777, 1.33862, 1.65321, 1.11263, 1.06635, 1.39145, 1.83602, 1.57938, 1.34453, 2.02001, 1.64242, 1.50612, 2.0093, 2.09326, 1.95265, 1.35923, 1.32807, 1.16812
0.68, 0.0319375, 0.814946, 1.6696, 1.56609, 0.164262, 0.580367, 0.273816, -0.0909225, 0.52001, 1.46957, 0.680611, 0.895792, 1.44504, 1.35452, 1.53929, 2.11542, 1.61052, 1.76152, 1.88795, 2.13288, 1.34361, 2.10667, 1.58449, 2.16917, 1.52806, 1.58103, 1.47762, 1.70083, 1.63592, 1.45023, 1.52506
0.7, 0.0319375, 0.55985, 0.561809, 0.263212, 0.629869, 0.445789, 0.625893, 0.723731, 1.34499, 1.30337, 0.84228, 1.43466, 1.93751, 2.14346, 2.18687, 1.33459, 2.48057, 2.02197, 2.9915, 3.60826, 3.07814, 2.867, 2.86772, 2.7585, 2.87756, 3.2183, 3.11736, 3.56602, 3.12612, 2.83612, 2.99679
0.72, 0.0319375, 0.693968, 0.908915, 1.47465, 0.92205, 1.05418, 0.830307, 0.879339, 1.68368, 1.76576, 1.108, 1.8464, 1.89807, 1.11231, 1.82869, 1.35034, 2.75135, 2.7989, 3.47365, 3.23561, 3.44003, 2.96264, 3.28682, 3.64053, 3.59517, 3.7572, 3.29275, 3.47981, 3.40839, 3.57136, 3.87635
0.74, 0.0319375, 0.783812, 0.313574, 0.490285, 0.483188, 0.675313, 0.39773, 0.0557147, 0.832286, 0.594261, 1.0178, 1.41879, 1.50146, 1.25937, 1.26685, 1.47726, 2.04166, 2.49215, 3.38192, 3.16859, 3.55089, 3.22068, 3.14152, 3.14097, 3.48924, 3.78017, 3.7221, 3.67952, 3.37773, 3.44927, 3.32768
0.76, 0.0319375, 0.420781, 0.2352, 1.00673, 1.13405, 0.478353, 0.0205574, 0.870838, 0.6299, 0.766688, 0.639823, 0.906976, 1.22811, 1.22135, 1.37493, 1.23081, 1.89459, 1.96848, 2.68634, 2.49964, 2.66462, 2.64273, 2.86991, 2.52886, 2.51353, 2.96736, 3.29491, 3.11453, 2.57568, 2.70802, 2.90618
0.78, 0.0319375, 0.639865, 0.340435, 0.502805, 0.22259, 0.447171, 0.0791022, -0.0691531, 0.277839, 0.852977, 0.356691, 0.338136, 1.05778, 0.966983, 0.862049, 1.1361, 1.13992, 1.1805, 2.12677, 1.96727, 2.21132, 1.88396, 1.4444, 2.15901, 2.38931, 2.53766, 2.3401, 2.3025, 2.10356, 2.01044, 2.16712
0.8, 0.0319375, -0.255509, 0.508564, 0.676293, 1.02156, 0.801663, -0.413626, 0.162128, 0.265669, 0.520302, 0.473092, 0.394032, 0.298633, 1.10954, 0.405845, 0.281872, 1.03246, 1.16075, 1.29036, 1.13801, 1.16173, 1.62812, 1.94272, 1.89904, 1.4052, 1.72376, 2.04523, 2.06064, 2.19227, 2.341, 1.93293
0.82, 0.0319375, 0.500687, 0.648878, 0.914804, 0.148457, 0.825144, 0.478687, -0.197691, 0.72082, 0.357092, 0.772272, 0.578386, 0.246944, 0.285493, 0.561489, 0.209934, 0.153274, 0.21158, 0.708596, 1.04215, 0.954275, 1.19476, 1.00765, 1.24437, 1.20639, 1.26792, 1.32819, 1.8268, 1.61877, 1.39875, 1.56474
0.84, 0.0319375, 0.331384, 0.610818, 0.4192, 1.2793, 0.766058, 0.251955, -0.496929, 0.368802, 0.0887808, 0.396897, 0.18101, 0.0523001, 0.106476, 0.37794, 0.0811198, 0.643469, 0.91305, 1.02686, 0.882446, 0.895599, 1.52794, 1.33176, 1.83479, 1.59684, 1.52933, 1.86396, 1.4539, 1.69945, 1.86747, 1.8279
0.86, 0.0319375, 0.450646, 0.547509, 0.798142, 0.802987, 0.0994946, -0.448449, 0.628905, 0.932707, 0.870837, 0.580763, 0.485803, 0.728915, 0.802457, 0.624651, 0.664241, 0.633463, 0.830834, 0.812915, 0.663516, 0.684349, 0.770725, 1.11508, 1.37316, 1.2165, 1.20238, 1.34911, 1.71482, 1.67331, 1.57099, 1.40118
0.88, 0.0319375, -0.374183, -0.0474484, 0.176534, 0.462664, 0.528796, -0.174935, 0.337427, 0.491589, 0.393886, 0.905524, 0.625909, 0.636475, 0.823769, 0.783909, 0.239852, 0.347172, 0.821713, 1.00057, 0.844038, 0.741758, 0.542206, 0.954867, 1.26452, 1.04361, 1.25998, 1.36006, 1.48977, 1.40813, 1.46069, 1.62928
0.9, 0.0319375, 0.713299, 0.457744, 0.634042, -0.177641, 0.309356, 0.659079, 0.325736, 0.813093, 0.389184, 0.43863, 0.601834, 0.210037, 0.844821, 0.863598, 0.294545, 0.902841, 0.914512, 0.497102, 0.90213, 1.04609, 1.16175, 0.68871, 1.08249, 1.0044, 0.844929, 0.807818, 0.994574, 1.20624, 0.999159, 1.24402
0.92, 0.0319375, 0.150895, 0.12221, -0.143494, -0.0763586, -0.0946323, 0.232854, -0.278092, 0.49059, 0.856406, 0.781515, 0.0308125, -0.140724, 0.307184, 0.418415, 0.579064, 0.229758, 0.363868, 0.31916, 0.583732, 0.888552, 0.795402, 0.874393, 0.754135, 1.08964, 1.12738, 0.597459, 0.842893, 1.07298, 0.606576, 0.801801
0.94, 0.0319375, 0.36098, 0.399089, -0.313309, -0.395071, -0.0588141, -0.221793, -0.00244774, 0.235518, 0.122914, 0.395984, 0.29254, 0.377898, 0.30833, 0.478112, 0.826495, 0.784346, 0.105513, 0.746459, 0.837862, 0.829872, 0.662598, 0.862925, 0.690818, 0.982398, 1.09122, 1.14664, 0.949106, 1.23067, 0.740237, 0.754334
0.96, 0.0319375, 0.475524, -0.123971, -2.13983e-05, 0.512604, 0.546641, 0.254747, 0.605074, 0.667892, 0.530825, 0.603772, 0.0328187, 0.212169, 0.503846, 0.359523, 0.728887, 0.57777, 0.756964, 0.731722, 0.913501, 0.688823, 0.843456, 0.68654, 0.750131, 0.92172, 0.647477, 1.23507, 1.12787, 1.23234, 0.643648, 0.801516
0.98, 0.0319375, -0.197748, 0.429489, 0.93467, -0.318372, -0.202789, -0.0393073, 0.376805, 0.636946, 0.411107, 0.350335, 0.0870441, 0.461726, 0.361857, 0.459346, 0.166403, 0.00312127, 0.4415, 0.720245, 0.432041, 0.252355, 0.376649, 0.304669, 0.186572, 0.570332, 0.9144, 0.814125, 0.638929, 0.714153, 0.937679, 1.30808
1, 0.0319375, 0.0411342, 0.0747442, 0.542914, -0.271908, -0.323071, 0.301121, -0.066815, 0.481045, 0.107951, 0.900861, 0.311669, 0.399784, 0.508588, 0.446154, 0.319482, 0.221504, 0.857351, 0.787802, 0.699493, 0.527627, 0.667363, 0.674425, 1.05482, 0.53759, 0.803364, 0.494954, 0.550804, 0.337503, 0.382473, 0.739031
1.02, 0.0319375, 0.537971, 0.329303, -0.246628, -0.464972, -0.542152, -0.521048, 0.608719, 0.417009, 1.05867, 0.816045, 0.521701, 0.0355451, 0.59071, 0.302967, 0.233057, 0.431558, 0.532167, 0.86489, 0.294697, 0.256591, 0.171136, 0.816233, 0.859846, 0.755601, 0.378313, 0.661757, 0.604121, 0.936913, 0.663012, 0.710953
1.04, 0.0319375, 0.119329, -0.391246, -0.0495276, 0.901575, 0.760803, 0.527015, 0.910296, 0.834934, 0.460714, 0.200773, 0.126071, 0.534311, 0.182173, 0.403147, 0.431823, 0.0222181, 0.473163, 0.537836, 0.453134, -0.115961, 0.0202664, 0.604501, 0.33451, 0.217152, 0.866723, 0.953821, 0.983373, 0.961504, 0.724784, 0.715752
1.06, 0.0319376, 0.571993, 0.37208, 0.538386, 0.250873, -0.585581, -0.0620521, 0.161209, 0.223782, 0.502739, 0.743388, 0.549519, 0.824523, 0.296562, 0.308044, 0.341672, 0.652484, 0.65662, 0.439184, 0.76246, 0.418909, 0.590541, 0.536867, -0.140844, 0.135872, 0.617529, 1.03535, 0.843308, 0.986047, 0.813587, 0.881618
1.08, 0.0319375, -0.0769936, 0.0804142, 0.102172, 0.865056, 0.562029, 0.293514, -0.340843, 0.0970503, 0.368403, -0.111003, 0.649767, 0.293493, 0.312175, 0.685586, 0.714714, 0.641112, 0.99336, 0.694183, 0.549761, 0.554849, 0.582546, 0.163827, 0.494468, 0.722279, 0.624701, 0.630698, 0.632898, 0.969892, 0.964018, 0.7429
1.1, 0.0319375, -0.0418376, 0.150841, 0.275672, 0.220254, 0.296195, 0.172138, -0.0284814, 0.229258, 0.290053, 0.566378, 0.229125, 0.833047, 0.388294, 0.125719, 0.727085, 0.589122, 0.630772, 0.420099, 0.559383, 0.485247, 0.414992, 0.372283, 0.569956, 0.777719, 0.71903, 0.742711, 1.01711, 0.804273, 0.8978, 0.751157
1.12, 0.0319375, 1.03278, 1.38854, 1.13886, 0.590057, 0.584423, 0.478689, 0.084385, 0.180592, 0.862211, 0.700253, 0.5346, 0.632326, 0.424913, 1.00697, 0.86618, 0.527553, 0.489622, 0.446779, 0.756314, 0.866779, 0.482044, 0.736992, 0.71421, 1.14402, 0.712062, 0.601911, 1.04926, 0.606783, 0.516655, 0.512581
1.14, 0.0319375, 1.05686, 0.857086, 1.37117, 1.30572, 0.993107, -0.0166742, 0.277579, 0.215298, 0.231592, 0.0842202, 0.180101, 0.875711, 0.987803, 0.949321, 0.609368, 0.811688, 0.450251, 0.480896, 1.033, 0.795476, 0.181338, 0.425465, 0.592403, 0.587828, 0.819325, 0.721612, 0.760081, 0.460239, 0.66414, 0.780605
1.16, 0.0319375, 0.710775, 1.36483, 0.466168, 0.444142, 1.12296, 0.59122, 0.49884, 0.853945, 0.386171, 0.860034, 0.6797, 0.714736, 0.818511, 0.917796, 0.514245, 0.856667, 0.8837, 0.59561, 0.799245, 0.0600065, 0.0511229, 0.293948, 0.610589, 0.71642, 1.17885, 0.936742, 1.00288, 0.912048, 0.643492, 0.588715
1.18, 0.0319376, -0.379653, -0.0334513, 0.797191, 0.373006, 0.381691, 1.00269, 0.114587, 0.158648, 0.836702, 0.393904, 0.111768, -0.0930053, 0.353471, 0.377888, 0.532499, 0.290475, 0.842707, 0.996432, 0.287921, 0.301623, 0.185471, 0.717441, 0.579049, 0.959816, 0.946642, 0.877181, 0.828657, 0.92246, 0.547183, 0.550264
1.2, 0.0319375, -0.330836, -0.0189049, 1.00959, 0.178203, 0.533193, 0.389473, 0.797994, 0.75206, 0.517322, -0.281898, 0.331399, 0.393796, 0.532695, 1.02129, 0.821873, 1.15987, 1.11916, 0.484729, 0.757421, 0.438825, 0.784868, 0.620974, 0.699674, 0.256535, 0.579051, 0.367459, 0.63537, 0.859837, 0.426003, 0.503745
1.22, 0.0319375, -0.171634, -0.425467, 0.0447842, 0.0811697, 0.279409, 0.0918569, 0.149628, 0.34502, 0.457455, 0.403615, -0.049222, 0.119662, 0.0469984, 0.742025, 0.364192, 0.805678, 0.88945, 0.432615, 0.170997, 0.471416, 0.653977, 0.293395, 0.229367, 0.489704, 0.481608, 0.507198, 0.703629, 0.774383, 0.748257, 0.668064
1.24, 0.0319375, -0.281772, 0.340279, 0.545867, -0.212336, -0.0569156, 0.249676, 0.510033, 0.128515, 0.095601, 0.698348, 0.760201, 0.517817, 0.429223, 0.456402, 0.636869, 0.348275, 0.212827, 0.360098, 0.295239, 0.27058, 0.29921, 0.363453, 0.811178, 0.62318, 0.823799, 0.942449, 0.760072, 0.689121, 0.645193, 0.528078
1.26, 0.0319375, 1.02498, 0.223502, 0.24672, 0.619763, -0.14877, 0.215278, 0.339003, 0.0878342, 0.73181, 0.393639, 0.0323719, -0.0927868, 0.478234, 0.520032, 0.604382, 0.783314, 0.580552, 0.432235, 0.195561, 0.662746, 0.681453, 0.648405, 0.581877, 0.374271, 0.685491, 0.873355, 0.805455, 0.709875, 0.527464, 0.597561
1.28, 0.0319375, 0.379897, 0.621014, 0.323137, 0.722769, 0.0644457, 0.300577, -0.0257579, 0.534889, -0.00386579, 0.192518, 0.790402, 0.775812, 0.481427, 0.657333, 0.772503, 0.734207, 0.467159, 0.434295, 0.358019, 0.389448, 0.507041, 0.419398, 0.795053, 0.931205, 0.611796, 0.49052, 0.663887, 0.466091, 0.692692, 0.580974
1.3, 0.0319376, 1.17908, -0.252016, 0.335211, 0.423665, -0.0499919, 0.190788, -0.357757, 0.233356, 0.821887, 0.655088, 0.368703, 0.229069, 0.139351, 0.673933, 0.627295, 0.933113, 0.744125, 0.375238, 0.48329, 0.329686, 0.627574, 0.568115, 0.573393, 0.395453, 0.749229, 0.789484, 0.702786, 0.321132, 0.631462, 0.477092
1.32, 0.0319375, -0.267078, -0.381749, 0.0975508, 0.591517, 0.430967, 0.0720838, 0.248175, 0.473236, 0.506484, 0.886465, 0.126593, -0.176009, 0.213661, 0.290668, 0.914948, 0.516549, 0.17354, 0.417983, 0.525603, 0.775083, 0.408961, 0.556332, 0.7012, 0.624078, 0.387172, 0.727005, 0.832724, 0.614445, 0.626116, 0.541146
1.34, 0.0319375, 0.289506, 0.611322, 0.417528, 0.709388, 0.151055, 0.083672, 0.525624, 0.256004, 0.609177, 0.845116, 0.0441149, 0.419655, 0.759624, 0.575924, 0.158307, 0.722735, 0.293195, 0.255826, 0.0696205, 0.526027, 0.698907, -0.3311, 0.191183, 0.733256, 0.668705, 0.572909, 0.644766, 0.493072, 0.815937, 0.84607
1.36, 0.0319375, 1.77295, 1.81434, 1.66808, 1.19754, 0.951455, 0.584563, 0.300641, 0.404061, 0.11186, 0.76857, 1.07342, 0.44829, 0.635784, 0.848929, 0.114232, 0.543414, 0.751633, 1.12448, 0.817342, 0.88389, 0.612382, 0.854697, 0.72005, 0.855069, 0.829391, 0.685154, 0.845689, 1.10127, 1.02056, 0.694235
1.38, 0.0319375, 0.74696, 0.798994, 0.824224, 0.815117, 0.340822, 0.389444, 0.526329, 0.609624, 0.204314, 0.757957, 0.902432, -0.010655, 0.601921, 0.418901, 0.137647, 0.764474, 0.66359, 0.332276, 0.5461, 0.830889, 0.51699, 0.712555, 0.784378, 0.416622, 0.67532, 0.757746, 0.737221, 0.723628, 0.565964, 0.877114
1.4, 0.0319375, 0.62806, 0.249744, 0.0401051, 0.217249, 0.779193, 0.627547, 0.296602, 0.30501, 0.622571, 0.77439, 0.34935, 0.521346, 0.441782, 0.367298, 0.481814, 0.643876, 0.875061, 0.950561, 0.926857, 0.81372, 0.515354, 0.613444, 0.480908, 0.738064, 1.08719, 0.991423, 0.718811, 0.761777, 0.482807, 0.899949
1.42, 0.0319376, 0.742112, 0.384467, -0.279854, 0.115141, 0.544656, 0.504531, 0.770784, 0.690156, 0.879838, 0.592287, -0.0624986, 0.224857, 0.197551, 0.553167, 0.668926, 0.775921, 0.437209, 0.437036, 0.162952, 0.739519, 0.864767, 0.969477, 0.752744, 0.778526, 0.492587, 0.786993, 0.813779, 0.922706, 0.988688, 1.14412
1.44, 0.0319375, 0.448602, 0.763498, 0.4529, 0.834774, 0.431539, 0.382824, -0.0147494, -0.13289, -0.150178, 0.539464, 0.0509946, 0.539509, 0.362112, 0.925741, 0.526466, 0.5207, 0.604565, 0.847796, 0.299123, 0.259612, 0.0631268, 0.672551, 0.674849, 0.641928, 0.997246, 0.901688, 0.876441, 0.87192, 1.01368, 0.79087
1.46, 0.0319375, 0.643983, 0.421053, 0.518143, 0.413415, -0.618886, 0.190441, 0.194891, 0.44782, 0.463283, -0.109348, 0.209056, -0.0357113, 0.308958, 0.42057, 0.595605, 0.437874, 0.52977, 0.66535, 0.713999, 0.353366, 0.838315, 0.558421, 0.423611, 0.354064, 0.687674, 0.925733, 0.724348, 0.998596, 1.09677, 1.49338
1.48, 0.0319375, 0.00209113, 0.4918, 0.273105, 0.462084, 0.0907786, 0.503373, 0.486311, 0.311082, 0.812859, 0.335599, 0.292197, -0.117131, 0.32271, 0.882062, 1.0069, 0.871867, 0.661685, 0.820375, 0.579578, 0.459419, 0.166578, 0.611168, 0.706763, 0.496076, 0.801068, 0.517907, 0.696831, 0.975584, 0.929652, 1.02182
1.5, 0.0319375, 0.0211869, 0.0680869, -0.162788, 0.0159999, 0.972587, 0.73953, 0.629461, 0.249524, 0.561987, -0.330429, -0.0548237, 0.781093, 1.15503, 0.794388, 0.17044, 0.389948, 0.58902, 0.816143, 0.440726, 0.188651, 0.345517, 0.775436, 0.509891, 0.948279, 1.07228, 0.80794, 0.831447, 1.00369, 1.07038, 1.34185
1.52, 0.0319375, -1.33326, -0.3121, -0.717683, -0.661379, 0.478807, 0.840477, 0.651538, 0.695587, 0.776455, 0.607843, -0.00709133, 0.648713, 0.608115, 0.414571, 0.074577, 0.795148, 0.670767, 0.483166, 0.501679, 0.794818, 0.697902, 0.811795, 0.562153, 1.04873, 1.02211, 1.14162, 1.274, 1.456, 1.27658, 1.47453
1.54, 0.0319375, 0.240323, 0.841811, 0.162965, 0.411381, 0.0693357, 0.427219, 0.564834, 0.894788, 0.584632, 0.953577, 0.824211, 0.38108, 0.533359, 0.126333, -0.114572, 0.551247, 0.864712, 0.72803, 0.492844, 0.753221, 0.645778, 1.05296, 0.942331, 0.574144, 1.00714, 1.30454, 1.25147, 1.25874, 1.17197, 1.14313
1.56, 0.0319376, 0.212844, 0.289127, -0.120508, -0.419609, 0.394354, 0.802758, 0.589373, 0.195289, 1.11455, 1.07891, 0.608146, 0.355775, 0.486023, 0.481463, 0.130261, 0.813633, 0.737504, 0.67323, 0.392689, 0.66418, 1.08303, 1.11618, 0.79045, 1.06699, 1.27304, 1.16766, 1.18686, 1.16044, 1.17386, 1.21959
1.58, 0.0319375, 0.676269, 0.448466, 0.316195, 0.5707, 0.775056, 0.523587, 0.304771, 0.611275, 0.784341, 0.745246, 0.137626, 0.12347, 0.0550046, 0.186496, 0.437621, 0.455357, 0.683146, 0.963297, 0.483223, 0.500561, 1.01214, 0.646074, 0.719431, 1.2423, 0.952033, 0.816427, 0.938127, 0.986841, 0.628825, 1.05782
1.6, 0.0319375, 0.343872, -0.454018, -0.030251, 0.129198, 0.0300978, 0.573596, 0.119167, 0.252782, 0.960543, 0.619113, 0.411193, 0.627414, 1.25544, 0.899036, 0.628429, 0.161548, 0.484327, 0.752149, 0.77019, 0.571393, 0.412036, 0.644867, 0.534277, 0.945923, 0.713084, 0.598983, 0.768142, 0.900797, 0.842249, 0.776747
1.62, 0.0319375, 0.283093, 0.604356, -0.459315, -0.224401, 0.0577219, 0.741896, 0.692339, 0.132387, 0.390075, 0.0944125, 0.185, 0.160176, 0.355267, 0.608449, 0.646887, 0.630337, 0.59304, 0.4759, 0.570111, 0.593002, 0.635909, 0.789252, 0.913161, 0.860699, 0.870453, 0.457354, 0.893724, 0.840063, 0.729906, 0.419449
1.64, 0.0319375, -0.10602, 0.178423, 0.350022, -0.253964, 0.398907, 0.389793, 0.491292, -0.334358, 0.278354, 0.446431, 0.641455, 0.00556479, 0.447891, 0.975222, 0.365616, 0.860369, 0.669498, 0.572836, 0.261865, 0.50932, 0.358339, 0.0536242, 0.548911, 0.837558, 0.866994, 0.578322, 0.707363, 0.579851, 0.222416, 0.68478
1.66, 0.0319375, 0.0594921, -0.159643, 0.173378, 0.269376, 0.856635, 0.341195, 0.25875, -0.282008, -0.196905, 0.136628, 0.66605, 0.295828, 0.537329, 0.314424, 0.355482, 0.475293, 0.588298, 0.702633, 0.449807, 0.543496, 0.578871, 0.480358, 0.230598, 0.810984, 0.651464, 0.354092, 0.971067, 0.771902, 0.588731, 0.542102
1.68, 0.0319376, 0.278872, 0.71864, 0.381921, 0.00127139, 0.858911, 0.205772, -0.159111, 0.325006, -0.19074, 0.0801391, -0.342211, 0.329178, 0.621403, 0.159469, 0.111727, 0.263393, 0.793943, 0.769603, 0.563653, 0.470465, 0.275571, 0.41392, 0.547757, 0.692272, 0.832706, 0.638794, 0.99975, 0.788182, 0.676242, 0.41222
1.7, 0.0319375, 0.379691, 0.192906, -0.0545284, -0.450296, 0.641403, 0.386185, 0.102716, -0.179476, 0.353767, 0.66584, 0.0330062, 0.0899766, 0.59374, 1.03166, 0.517922, 0.879107, 0.61051, 0.519526, 0.774646, 0.392819, 0.277979, 0.642178, 0.799304, 0.493512, 0.77675, 0.652724, 0.65193, 0.749591, 0.355694, 0.274913
1.72, 0.0319375, 0.198934, 0.0697812, 0.614784, 0.213453, 0.0400586, 0.286623, 0.12131, -0.29152, 0.509616, 0.831321, 0.851237, 0.47848, 0.211947, 0.0779713, -0.130604, 0.325454, 0.519967, 0.56727, 0.672634, 0.730431, 0.74989, 0.0751863, 0.761843, 0.686459, 0.927024, 0.956292, 0.737963, 0.695882, 0.616859, 0.969221
1.74, 0.0319375, 0.187411, 0.462453, 0.85077, 0.233482, 0.330132, 0.236869, -0.148104, -0.242069, 0.671866, 0.742465, 0.808753, 0.0011634, 0.54157, -0.0321269, 0.305709, 0.18904, 0.115134, 0.701837, 0.677495, 0.521637, 0.467566, 0.189644, 0.602443, 0.342122, 0.825777, 0.610595, 0.706139, 0.583174, 0.189864, 0.377104
1.76, 0.0319375, 0.237961, -0.0728166, -0.346845, -0.359953, 0.535264, 0.105795, 0.0770322, 0.17103, 0.436239, 0.734212, 0.548924, 0.266648, 0.407833, 0.471844, 0.68376, 0.463896, 0.510115, 0.66858, 0.261414, 0.253513, 0.80388, 0.705524, 0.542066, 0.288068, 0.529737, 0.596772, 0.723989, 0.445109, 0.576753, 0.85521
1.78, 0.0319375, -0.475967, -0.18725, -0.0689378, -0.0140181, 0.425623, 0.149226, -0.230675, 0.407008, 0.757681, -0.431508, -0.0801537, 0.647966, 0.707292, 0.54688, 0.400818, 0.48951, 0.601201, 0.726273, 0.578545, 0.678925, 0.576575, 0.259616, 0.466332, 0.249527, 0.77225, 0.626371, 0.758344, 0.654126, 0.621991, 0.463888
1.8, 0.0319376, -0.201114, 1.00359, 0.422501, -0.353702, 0.386959, 0.0501247, 0.0901434, 0.261545, 0.419449, 0.564298, 0.273956, -0.127091, 0.348687, 0.565042, 0.690336, 0.327457, 0.0457103, 0.136745, 0.00980301, 0.289924, 0.448158, 0.115805, 0.457599, 0.696656, 0.777851, 0.95907, 0.6537, 0.802354, 0.748235, 0.498562
1.82, 0.0319375, 0.247006, 0.568832, 0.520903, 0.589708, 0.580181, 0.394494, 0.439568, 1.22072, 0.799381, 0.725921, 0.567934, 0.751772, 0.796293, 0.334495, 0.627285, 0.352328, 0.0336591, 0.406383, 0.658211, 0.0883088, 0.680478, 0.555148, 0.658858, 0.727352, 0.875405, 0.759622, 0.776459, 0.971394, 0.728665, 0.705209
1.84, 0.0319375, 0.792974, 0.693415, -0.50786, 0.233017, -0.045674, 0.0880026, 0.0363767, 0.348242, 1.01057, 0.176185, 0.292596, 0.0521326, 0.4984, 0.481532, 0.623065, 0.884876, 0.721702, 0.55237, 0.3093, 0.018726, 0.636157, 0.591924, 0.43365, 0.540258, 0.595036, 0.612993, 0.545687, 0.617863, 0.566172, 0.647922
1.86, 0.0319375, 0.458427, 0.487156, -0.204052, 0.792075, 0.784384, 0.361467, 0.179908, 0.542914, 0.64038, 0.284758, -0.160294, 0.214387, 0.641663, 1.01283, 0.540964, 0.763836, 0.89634, 0.441826, 0.431218, 0.56057, 0.69855, 0.740699, 0.370303, 0.50478, 0.742861, 0.559496, 0.822313, 0.667742, 0.505565, 0.577806
1.88, 0.0319375, -1.00316, -0.349689, 0.0401346, -0.10873, 0.705477, 0.492213, -0.259791, -0.00635139, 0.0677249, 0.626322, 0.476922, 0.621695, 0.765023, -0.145106, 0.598697, 0.625413, 0.512795, 0.938089, 0.72493, 0.577944, 0.632853, 0.837651, 0.753719, 0.823453, 0.946004, 1.15928, 0.640434, 0.595594, 0.102856, 0.620924
1.9, 0.0319375, -0.0213736, 0.298782, -0.250418, -0.629832, 0.269429, 0.795971, 0.190768, -0.156211, 0.362338, 0.608263, 0.509282, 0.263579, 0.604919, 0.435189, 0.726136, 0.511811, 0.0198613, 0.552662, -0.265965, 0.606718, 0.554289, 0.557598, 0.86411, 0.750294, 0.794621, 1.14051, 0.75513, 0.879591, 0.717583, 0.996782
1.92, 0.0319376, 0.354441, -0.606798, -0.197182, 0.0599405, -0.0182121, 1.0165, 0.962393, 0.423656, 0.564468, 0.297475, 0.277937, 0.150331, 0.495286, 0.616075, 0.486734, 0.269394, 0.224867, 0.552269, 0.223049, 0.282458, 0.273352, 0.333554, 0.804716, 0.768584, 0.568778, 0.548575, 0.756204, 0.820829, 0.6094, 0.776575
1.94, 0.0319375, 0.52828, -0.158132, -0.320857, 0.0576186, 0.318255, 0.471918, 0.460467, 0.871427, 1.05781, 0.462941, -0.170087, 0.245555, 0.281341, 0.00131866, 0.420185, 0.7442, 0.430837, 0.361156, 0.691571, 0.618598, 0.303046, 0.852214, 0.817484, 0.450536, 0.627072, 0.614784, 0.812269, 0.740027, 0.719228, 0.809589
1.96, 0.0319375, 0.145198, -0.120096, -0.136178, 0.309071, 0.343999, 0.105326, -0.0633646, 0.638371, 0.6267, 0.513515, 0.4332, 0.255999, 0.344594, 0.491658, 0.679709, 0.357388, 0.325983, 0.633968, 0.719701, 0.0458247, 0.12295, 0.313776, 0.333644, 0.78739, 1.02398, 1.10768, 0.83345, 0.936192, 0.787494, 0.87092
1.98, 0.0319376, -0.663395, -0.162285, -0.142899, 0.355074, 0.426914, 0.380267, 0.433176, 0.923774, 0.404854, 0.118297, 0.115808, 0.406521, 0.843138, 0.720821, 0.468236, 0.733299, 0.807064, 0.532545, 0.390039, 1.23549, 0.821522, 1.00049, 1.1134, 1.02191, 1.11736, 1.38699, 1.47167, 1.25728, 1.30403, 1.42279
2, 0.0319376, 0.28733, -0.23189, 0.275329, 0.833003, 0.242394, 0.499517, 0.541553, 0.685936, 0.781119, 0.627319, 0.819935, 1.1506, 0.724818, 1.02567, 0.953126, 1.19539, 1.26733, 1.17989, 1.38541, 1.38646, 1.10105, 1.2468, 1.45117, 1.14833, 1.58809, 1.45, 2.0126, 1.92004, 1.54776, 1.88712
2.02, 0.0319376, 0.878092, 0.00716486, -0.0009663, 0.777829, 1.06012, -0.291877, 0.681781, 0.348747, 1.07376, 0.909949, 0.731658, 0.857601, 0.785904, 0.885321, 0.921189, 0.922615, 0.971045, 1.15822, 1.10014, 1.34027, 1.19625, 1.54087, 1.50584, 1.52084, 1.38733, 1.21633, 1.53439, 1.92382, 1.96432, 1.81926
2.04, 0.0319376, 0.854036, 0.395368, -0.0111764, 0.207435, 0.540889, -0.0673109, -0.0862608, 0.158874, -0.206282, 0.582067, 0.685271, 0.434065, 0.358602, 0.783944, 0.408244, 1.07, 0.914311, 1.07776, 0.977934, 0.985645, 1.24323, 1.28612, 1.2239, 1.28828, 1.80501, 1.48823, 1.75361, 1.47233, 1.27892, 1.25766
2.06, 0.0319376, 0.308833, -0.0670301, 0.919351, 0.385669, 0.395485, -0.18124, -0.662379, 0.0911603, -0.106543, 0.31955, 0.438911, 0.392356, 0.224228, 0.664474, 0.054023, 0.112719, 0.511756, 0.274759, 0.964751, 0.89089, 0.4606, 1.20712, 0.780142, 1.0048, 1.22409, 1.03314, 1.03372, 1.23052, 1.2348, 1.73691
2.08, 0.0319376, 0.446272, 0.808076, 0.88648, 0.423779, 0.38123, 0.310311, 0.0259385, 0.337351, 0.17955, 0.669484, 0.0773894, 0.615842, 0.676801, 0.62786, 0.508002, 0.344444, 0.467891, 0.477936, 0.923376, 0.892117, 0.670403, 0.518502, 0.480066, 0.723033, 0.83869, 0.939532, 0.809436, 0.320981, 0.752032, 0.815986
2.1, 0.0319376, 0.729353, 0.0475775, 0.110302, 0.913468, 0.840316, 0.494866, 0.393266, 0.645468, 0.297609, 0.47066, -0.241789, 0.158951, 0.468274, 0.251782, 0.602083, 0.827207, 1.2537, 1.02798, 0.567956, 0.850151, 0.809599, 0.490626, 0.650814, 0.504589, 0.727446, 0.637726, 0.885709, 0.724541, 0.794492, 0.357875
2.12, 0.0319376, 1.15406, 0.648248, 0.626766, 0.271648, 0.764692, 0.386042, 0.954348, 0.746993, 0.879383, 0.430086, 0.914049, 0.281578, 0.357597, 0.649603, 0.564454, -0.0178139, 0.0512349, 1.05019, 0.802022, 0.77651, 0.355758, 0.417031, 0.508057, 0.644854, 0.881204, 0.522994, 0.894211, 1.00113, 0.864057, 0.508739
2.14, 0.0319374, -0.15224, -0.137086, -0.151879, 0.506579, 0.489516, 0.144917, 0.111389, 0.684205, 0.583368, 0.214704, -0.209664, 0.396936, 0.518004, 0.79409, 0.655598, 0.635165, 0.775973, 0.775928, 0.46448, 0.251492, 0.93474, 1.03123, 0.519105, 0.809585, 0.759856, 0.771667, 0.663288, 0.958503, 0.644316, 0.80346
2.16, 0.0319374, 1.03991, 0.947786, 0.320158, 0.900854, 0.744764, 0.399318, 0.85395, 0.634517, 1.02772, 1.18204, 0.689581, 0.4257, 0.787599, 0.269362, 0.629465, 0.545147, 0.460405, 0.292497, 0.505256, 0.608792, 0.650802, 0.65986, 0.807855, 0.762139, 1.20048, 1.07746, 0.752943, 0.932521, 0.906515, 0.744344
2.18, 0.0319374, 0.526784, 0.0184894, -0.108457, -0.204418, 0.131523, 0.227372, 0.65531, 0.602484, 0.467679, 0.564991, 0.105548, 0.538411, 0.577185, 0.347647, -0.0326084, 1.09913, 0.775964, 0.19199, 0.556665, 0.388626, 0.386959, 0.215179, 0.396406, 0.478861, 0.678762, 0.804718, 0.756621, 0.980082, 0.575522, 0.582185
2.2, 0.0319374, -0.431806, 0.0831351, 0.498901, 0.230124, -0.227555, -0.0076112, -0.120946, -0.0125302, 0.873763, 0.508372, 0.208797, 0.421408, 0.652036, 0.571019, 0.512925, 0.98706, 0.660859, 0.599245, 0.428214, 0.59915, 0.421874, 0.571794, 0.557062, 0.61407, 0.654754, 0.577466, 0.637239, 0.875628, 0.849704, 0.824649
2.22, 0.0319374, 0.980109, 0.509071, -0.189529, 0.124208, 0.268457, -0.0738395, 0.274205, 0.884967, 0.751151, 0.294319, 0.0816285, 0.484188, 0.909161, 0.653699, 0.320331, 0.490496, 0.531386, 0.973909, 0.410361, 0.423972, 0.673241, 0.658278, 0.603462, 1.00611, 0.944752, 0.508912, 0.654822, 0.816408, 0.698912, 0.888336
2.24, 0.0319376, 0.264562, 0.0343296, 0.0879168, 0.245862, 0.995079, 0.571589, 0.260309, 0.577228, 1.13217, 0.630921, 0.308323, 0.0840839, 0.219398, 0.543603, 0.471023, 0.413627, 0.630763, 0.551109, 0.332023, 0.585461, 0.663469, 0.536573, 0.428031, 0.591131, 0.669778, 0.795753, 1.04322, 0.786772, 0.342044, 0.735224
2.26, 0.0319376, 0.582516, 0.836178, -0.254384, 0.0425392, 0.282763, -0.130967, -0.129544, 0.568863, 0.999504, 0.882007, 0.425293, 0.600576, 0.187711, 0.316813, 0.701018, 0.362782, 0.651183, 0.67629, 0.870798, 0.892854, 0.182846, 0.69087, 0.771216, 0.61672, 0.858598, 1.07574, 1.06816, 0.727726, 0.651053, 0.475554
2.28, 0.0319376, 0.177199, 0.990849, 0.215975, 0.549081, 0.896834, 0.604762, 0.166492, 0.379698, 0.595376, 0.510556, -0.101299, -0.0668774, -0.141034, 0.499213, 0.628565, 0.583708, 0.757951, 1.11889, 0.481737, 0.71829, 0.474844, 0.605523, 0.870606, 0.792543, 0.671933, 0.747102, 1.0326, 1.20932, 0.91962, 0.705281
2.3, 0.0319376, 0.937376, 0.00169705, 0.132797, 0.18434, 0.155296, 0.472582, 0.679894, 0.326827, 0.665565, 0.691168, 0.433443, -0.0556276, 0.368521, 0.708854, 0.96662, 1.02533, 0.750104, 0.845094, 0.245813, 0.621348, 0.855876, 0.808267, 0.811627, 0.656387, 0.580952, 0.883867, 0.736347, 0.820261, 0.798568, 0.709661
2.32, 0.0319376, 0.452426, 0.348208, 0.2475, 0.159974, 0.235967, 0.365251, 0.656782, 0.618206, 0.944539, 0.166726, 0.134562, 0.722219, 0.532353, 0.934635, 0.7161, 0.420166, 0.518953, 0.447186, 0.462036, 0.505993, 0.31997, 0.682445, 0.540601, 0.902671, 0.66954, 0.517437, 0.774855, 0.679513, 0.765755, 0.549409
2.34, 0.0319376, -0.11969, 0.814523, 0.488727, 0.356042, 0.364373, 0.25004, -0.0579981, -0.102493, 0.70143, 0.410554, 0.29149, 0.836771, 0.449958, 0.602012, 0.576643, 0.682486, 0.495962, 0.549469, 0.419562, 0.369019, 0.70571, 0.4833, 0.769372, 0.611204, 0.871503, 0.707376, 0.86905, 0.547924, 0.611263, 0.494131
2.36, 0.0319376, 0.243648, -0.309014, 0.0695554, 0.279401, 0.279115, 0.32336, 0.465671, 0.150944, 0.594267, 0.137627, 0.166112, 0.598378, 0.0199719, -0.0537674, 0.332153, 0.0654666, 0.216862, 0.798015, 0.62764, 0.454666, 0.665734, 0.898462, 0.978683, 0.55921, 0.56819, 0.987073, 0.903075, 0.823259, 0.511499, 0.608528
2.38, 0.0319374, 0.484544, 0.19789, 0.115238, -0.230577, -0.331119, -0.0854717, -0.837924, -0.252925, 0.590081, 0.853615, 0.516153, 0.556393, -0.0393687, 0.573038, 0.541314, 0.406012, 0.372467, 0.535671, 0.773109, 0.20979, -0.0396132, 0.581893, 0.407847, 0.475191, 0.743646, 0.874341, 0.986807, 0.906313, 0.501058, 0.506303
2.4, 0.0319374, 0.00224315, -0.467202, 0.159688, -0.101186, 0.167921, 0.164569, 0.54654, 0.233348, -0.384884, -0.410488, 0.354396, -0.165507, 0.23543, 0.527207, 0.297541, 0.527043, 0.510381, 0.234696, 0.561721, 0.474073, 0.27224, 0.453561, 0.690155, 0.579649, 0.405183, 0.253484, 0.504689, 0.401376, 0.337409, 0.760484
2.42, 0.0319374, 0.0975182, 0.338734, 0.244244, 0.459168, 0.156879, 0.483616, 0.664545, 0.79469, 0.431558, 0.806569, 0.483988, 0.210293, 0.0727779, 0.140106, 0.397781, 0.853388, 0.358849, 0.41184, 0.498756, 0.569775, 0.631341, 0.852, 0.304578, 0.478619, 0.661494, 0.494791, 0.312678, 0.640511, 0.738349, 0.601185
2.44, 0.0319374, -0.275218, 0.669032, 0.45117, 0.33493, 0.789215, -0.0771978, -0.0712841, 0.519001, 0.787804, 0.534114, 0.443492, -0.00352873, 0.431565, 0.428009, 0.637849, 0.620302, 0.763286, 1.01261, 0.640176, 0.083368, 0.741388, 0.53544, 0.683557, 0.652312, 0.753412, 0.521216, 0.621342, 1.02635, 0.893784, 0.813542
2.46, 0.0319374, 0.0149066, 0.636558, 1.08597, 0.123359, 0.23851, 0.371762, 0.0958776, 0.0623651, 0.374965, 0.83463, 0.551125, -0.165596, 0.728355, 0.190526, 0.40047, 1.05937, 0.507273, 1.02847, 1.13508, 0.881261, 0.264357, 0.120785, 0.364585, 0.503872, 0.794273, 0.576657, 0.792777, 0.807437, 0.783998, 0.543376
2.48, 0.0319376, -0.66521, -0.0897851, -0.161992, 0.154903, -0.0381688, 0.200027, 0.539892, 0.522641, 1.01611, 1.14134, 0.22306, 0.101442, 0.401929, 0.728348, 1.18898, 1.0373, 0.442251, 0.383969, 0.456353, 0.735779, 0.232795, 0.564895, 1.0266, 0.898345, 0.957736, 0.984764, 0.795052, 0.663765, 0.372021, 0.205805
2.5, 0.0319376, 0.120162, 0.132901, -0.0616648, 0.390558, 0.318186, 0.317724, 0.222961, 0.209348, 0.978623, 0.872993, 0.5578, 0.662895, 0.390237, 0.365605, 0.428298, 0.832724, 0.733479, 1.0363, 0.633408, 0.602226, 0.694101, 0.588107, 0.519283, 0.508173, 0.608327, 0.934441, 1.0648, 0.830084, 0.743537, 0.760682
2.52, 0.0319376, 0.203802, 0.123063, 0.0677829, 0.264685, 0.171384, 0.779221, 0.439314, 0.369788, 0.473181, -0.0365195, 0.0462269, 0.384425, 0.132024, 0.534814, 0.712863, 0.260493, 0.180744, 0.557435, 0.649285, 0.513479, 0.808323, 0.898018, 0.670201, 0.875699, 1.0262, 1.07415, 0.722629, 0.732725, 0.588893, 0.714169
2.54, 0.0319376, 0.75283, 0.173927, -0.238339, 0.109314, 0.371384, -0.0735639, -0.0268936, 0.861971, 0.414282, 0.0798842, 0.465778, 0.254899, 0.46956, 0.611789, 0.685987, 0.499347, 0.57998, 0.305742, 0.582849, 0.59648, 0.239686, 0.249207, -0.0153938, 0.556806, 0.699146, 0.549281, 0.78023, 0.872318, 0.857712, 0.731377
2.56, 0.0319376, 0.283422, 0.460184, 0.670217, 0.487638, 0.563269, -0.0754765, -0.048583, -0.555197, 0.0962612, 0.626427, 0.267647, 0.772815, -0.178123, -0.123469, 0.268044, 0.114564, 0.273335, 0.448101, 0.532166, 0.503518, 0.415497, 0.596405, 0.437544, 0.635473, 0.909414, 0.549881, 0.911785, 0.804451, 0.591986, 0.645097
2.58, 0.0319376, 0.301635, 0.463987, 0.443328, -0.14508, 0.614958, 0.55604, -0.00255559, 0.0225104, 0.230602, 0.767908, 0.545542, 0.682701, 0.395753, 0.124009, 0.546656, 0.88512, 0.644875, 0.546129, 0.454577, 0.484415, 1.02205, 0.8765, 0.680938, 0.623453, 0.6034, 0.843978, 0.76217, 0.835118, 0.644652, 0.547423
2.6, 0.0319376, 0.311435, 0.0261031, 0.639767, 0.182226, 0.62839, 0.50457, 0.190933, 0.167012, 0.767001, 0.755946, 0.50473, 0.637591, 0.439885, -0.0725571, 0.543716, 0.382548, 0.812707, 0.779829, 0.642473, 0.516754, 0.51732, 0.549454, 0.545616, 0.944313, 0.459165, 0.848246, 0.767657, 0.940136, 0.784944, 0.655765
2.62, 0.0319376, 0.888563, 0.621099, 0.153533, -0.44379, -0.655579, 0.55819, 0.247368, 0.279134, 0.483221, 0.448617, 0.257643, 0.312004, 0.8287, 0.503528, 0.774631, 0.879859, 0.834358, 0.68481, 0.609858, 0.730943, 0.731043, 0.924277, 0.460559, 0.929101, 0.603584, 0.996404, 1.12072, 0.937783, 0.875759, 1.12531
2.64, 0.0319374, 0.0405743, -0.30725, -0.53316, -0.379075, 0.929864, 0.794929, 0.210356, 0.426234, 0.601876, 0.422696, 0.173964, 0.808944, 0.0492651, 0.401426, 0.806866, 0.642317, 0.992917, 0.80476, 0.267708, 0.562197, 0.891532, 0.824001, 0.600712, 1.05154, 1.13515, 1.30419, 1.30308, 1.07542, 1.47328, 1.12522
2.66, 0.0319374, 0.668667, 0.665415, 0.710057, -0.00904821, 0.518082, 0.359369, 0.204052, 0.38899, 0.469945, 0.821697, 0.898997, 0.96623, 0.637756, 0.646263, 0.41592, 0.397622, 1.11233, 0.689821, 0.435945, 0.850301, 0.818496, 0.802646, 0.621206, 0.99042, 0.965581, 0.972234, 1.34524, 1.1995, 1.298, 0.984406
2.68, 0.0319374, 0.0869737, 0.226736, -0.0661919, 0.171855, 0.0560862, 0.463668, 0.631221, 0.879573, 0.934092, 0.572724, 0.0171984, -0.0138488, 0.411608, 0.651637, 0.36712, 0.544072, 1.00246, 0.941306, 1.11586, 0.446352, 0.253466, 0.726654, 0.908985, 0.741495, 0.798668, 1.28384, 1.4721, 1.21347, 0.898272, 1.0177
2.7, 0.0319374, 0.346918, 0.373361, -0.0178791, 0.568956, 0.503901, 0.182021, 0.578196, 0.657244, 1.1287, 0.573794, -0.0803457, 0.123313, 0.940546, 0.832919, 1.07457, 0.777778, 1.06385, 1.37309, 1.08738, 1.00922, 1.07105, 1.27053, 0.978166, 1.34968, 1.23158, 1.6813, 1.9539, 1.74174, 1.79689, 1.7097
2.72, 0.0319374, 0.517606, 0.110465, 0.530189, 0.717393, 0.574158, 0.227941, 0.252369, 0.0876706, 0.275885, 0.24114, 0.968233, 0.600258, 0.478851, 0.885945, 0.420586, 0.91298, 1.12327, 1.67821, 1.69335, 1.77268, 1.77446, 1.58022, 1.63269, 1.79424, 1.46755, 1.47133, 2.00908, 1.92692, 1.7733, 1.88671
2.74, 0.0319376, 0.215867, 0.347876, 0.344746, -0.0430536, 0.498554, 0.710535, 0.326423, 0.444962, 0.520121, 0.997405, 0.815897, 0.572125, 0.823982, 0.876891, 0.382227, 0.914776, 0.854138, 1.17704, 1.11928, 1.34061, 1.18829, 1.50151, 1.43251, 1.48532, 1.24035, 1.29739, 1.16447, 1.32191, 1.5045, 1.49829
2.76, 0.0319376, -0.00296406, 0.564565, 0.367528, 0.305744, 0.113471, 0.301121, -0.0284999, 0.39086, 0.507212, 0.990306, 0.252598, 0.648135, 0.387927, 0.560711, 0.547202, 0.724625, 0.731923, 0.53307, 0.631511, 0.767033, 0.645256, 0.941651, 0.922701, 0.979679, 1.14158, 1.25766, 1.31016, 1.1454, 1.04938, 1.17423
2.78, 0.0319376, 0.0646081, -0.0785928, -0.280482, 0.695814, 0.233488, 0.472475, 0.234167, 0.0192136, 0.277871, 0.370539, -0.196042, 0.322559, 0.207613, 0.976259, 0.573126, 0.300963, 0.117732, 0.471363, 0.602276, 0.450957, 0.66253, 1.01868, 1.11233, 0.95119, 0.971722, 0.783094, 1.45277, 1.2663, 0.89855, 1.20194
2.8, 0.0319376, 0.341623, 0.458758, 0.290822, -0.0646195, 0.53798, 0.37628, 0.696228, 0.197548, 0.408624, 0.755074, 0.570692, 0.797972, 0.486101, 0.56459, 0.525526, 0.582157, 0.631116, 0.676639, 0.57499, 0.641455, 0.719369, 0.920175, 0.915762, 1.1644, 0.925977, 1.31318, 1.25591, 0.760913, 0.890772, 0.913942
2.82, 0.0319376, 0.476456, 0.283708, 0.0311803, 0.23252, 0.758218, -0.0512961, 0.495923, 0.668822, 0.770519, 0.725364, 0.374339, 0.274416, 0.575959, 0.640697, 0.472055, 0.733061, 0.565366, 1.09257, 0.674227, 0.555438, 0.718434, 0.759443, 0.776996, 0.888851, 1.26468, 1.02602, 1.18005, 1.07917, 1.23725, 1.36122
2.84, 0.0319376, 0.413265, 0.553084, 0.158419, -0.0865707, 0.200391, 0.776168, 0.0445685, 0.355601, 0.377811, -0.135356, 0.0054907, 0.363993, 1.14725, 0.425614, 0.277496, 0.0678012, -0.236452, 0.688129, 0.692008, 0.559192, 0.750326, 0.589914, 0.567215, 0.661977, 0.779923, 0.754574, 0.95122, 0.789499, 0.851735, 1.22225
2.86, 0.0319376, 0.326559, -0.081673, 0.313014, -0.183549, 0.32729, 0.28851, 0.160791, 0.253106, 0.17478, 0.160981, 0.207207, 0.746815, 0.409664, 0.404796, 0.538151, 0.875177, 0.404933, 0.176282, 0.179728, 0.555904, -0.0778058, 0.211048, 0.851327, 0.608745, 0.671268, 0.653349, 0.628546, 0.509316, 0.734298, 0.531393
2.88, 0.0319374, 0.0386781, 0.314204, -0.0471462, 0.548594, 0.612723, 0.421069, 0.290342, 0.218218, 0.415227, 0.104017, 0.31035, 0.28215, 0.295722, 0.784828, 0.81967, 0.601589, 0.62925, 0.480951, 0.490323, 0.315676, 0.136487, 0.829796, 0.787388, 0.733061, 0.758116, 0.882926, 0.715639, 0.862135, 0.535848, 0.546174
2.9, 0.0319374, 0.287343, -0.0538371, 0.7367, -0.134872, 0.13508, 0.944112, 0.46627, 0.129653, 0.438769, 0.584651, 0.608074, 0.58666, 0.400249, 0.538687, 0.395254, 0.588023, 0.552459, 0.567245, 0.572898, 0.679712, 0.280708, 0.406242, 0.490354, 0.361573, 0.93615, 0.82474, 0.634333, 0.754931, 0.607923, 0.615903
2.92, 0.0319374, 0.262595, 0.433653, -0.182855, 0.712587, 0.499469, 0.322194, 0.555707, 0.697654, 0.111259, 0.0928892, -0.273958, -0.275634, 0.0498927, 0.456311, 0.214104, 0.544785, 0.596646, 0.427979, 0.34762, 0.180802, 0.452566, 0.667968, 0.546716, 0.709854, 0.612731, 0.55792, 0.532648, 0.682952, 0.736472, 0.479487
2.94, 0.0319374, 0.398242, 0.305429, 0.247393, 0.268826, 0.521822, 0.604809, 0.750354, 1.01193, 0.737606, 0.338565, -0.982446, 0.425461, 0.365636, 0.686304, 0.761989, 0.656004, 0.295482, 0.59925, 0.346731, 0.326617, 0.208919, 0.66403, 0.555707, 0.589139, 0.84986, 0.525138, 0.790374, 0.845351, 0.778358, 0.4515
2.96, 0.0319374, 0.273919, -0.15989, -0.373801, 0.201433, 0.731486, 0.756351, -0.612876, 0.562682, 0.2961, 0.490861, -0.298574, -0.211974, 0.168539, -0.174519, 0.123021, 0.187895, 0.410468, 0.587996, 0.607984, 0.279051, 0.600732, 0.457797, 0.29886, 0.378847, 0.429188, 0.69789, 0.837377, 0.685306, 0.715788, 0.493235
2.98, 0.0319376, 0.163088, 0.491975, -0.583098, 0.0571201, 0.202909, 0.687726, 0.747006, 0.616764, 0.357034, 0.536574, 0.137181, 0.273155, 0.744033, 0.747169, 0.340018, 0.635741, 0.61264, 0.598582, 0.642378, 0.464166, 0.505628, 0.466337, 0.588349, 0.631558, 0.696931, 0.327105, 0.675162, 0.653411, 0.760426, 0.460807
3, 0.0319376, 1.20455, 0.95521, 0.279001, 0.594088, 0.53647, 0.327852, 0.34287, -0.157173, 0.57653, 0.262614, 0.405106, 0.0365483, 0.692929, 0.697689, 0.543484, 0.667733, 0.460225, 0.784997, 0.471459, 0.456277, 0.5563, 0.385255, 0.218886, 0.390069, 0.455688, 0.683957, 0.579528, 0.80388, 0.828671, 0.534281
3.02, 0.0319376, -0.48793, -0.264295, 0.743499, 0.641322, 0.715391, 0.806567, 0.352338, 0.185265, 0.621528, 0.709971, 0.440664, 0.219184, 0.503234, 0.539109, 0.572328, 0.30486, -0.0144819, 0.378573, 0.458753, 0.439804, 0.212388, 0.677826, 0.577587, 0.403895, 0.516814, 0.670382, 0.818783, 1.07078, 0.76757, 0.616332
3.04, 0.0319376, -0.108488, 0.472164, 0.397323, -0.18588, 0.255153, 0.432597, 0.494967, 0.175999, -0.211736, -0.185738, 0.185156, 0.434503, 0.767889, 0.503365, 0.473345, -0.0569736, 0.108748, 0.237914, 0.442168, 0.421069, 0.376269, 0.604557, 0.556828, 0.434079, 0.345043, 0.399683, 0.796548, 0.670245, 0.628043, 0.589035
3.06, 0.0319376, 0.702816, 0.598678, 0.748268, 0.551277, 0.422708, -0.254591, 0.482976, 1.00352, 1.19214, 1.31375, 0.280232, 0.488908, 1.12842, 0.783053, 0.397665, 0.600746, 0.952196, 1.02001, 0.640702, 1.03942, 0.889359, 0.865817, 0.684818, 0.784054, 0.687045, 1.05704, 0.7578, 0.665997, 0.562661, 0.623514
3.08, 0.0319376, -0.463417, -0.0396979, 0.349722, 0.656349, 0.819051, 0.406045, 1.05657, 0.12183, 0.575815, 0.780386, 0.101336, 0.893768, 0.861756, 0.997839, 0.925907, 0.791587, 0.665038, 0.738364, 0.57126, 0.503321, 0.500383, 0.611255, 0.723609, 0.935454, 0.844423, 1.01279, 1.04806, 0.835081, 0.72266, 0.735153
3.1, 0.0319376, -0.412558, 0.573373, 0.812329, 0.778804, 0.337212, 0.442283, 0.401737, 0.228977, 0.224137, 0.327692, 0.0751119, 0.715609, 0.304793, 0.278784, 0.36393, 0.707574, 0.753425, 1.14326, 0.673096, 0.724831, 0.861154, 0.914846, 0.351995, 0.399715, 0.715915, 1.06992, 0.990208, 1.09618, 0.857202, 0.877069
3.12, 0.0319376, 0.0240562, -0.732418, 0.308799, 0.897084, 0.341263, 0.108205, -0.0245358, 0.292806, 0.75632, 0.660061, 0.290029, 0.258817, 0.318712, 0.430219, 0.328212, 0.580302, 0.623989, 0.277578, 0.298307, 0.611425, 0.82729, 0.975549, 0.673197, 0.65078, 0.588115, 0.944814, 0.658263, 0.764869, 0.716512, 0.75341
3.14, 0.0319374, 0.239278, 0.688256, -0.20357, 0.58473, 0.523088, 0.479806, 0.14895, 0.550294, 0.567335, 0.24016, 0.278415, 0.925083, 0.662291, 0.252891, 0.677663, 0.471284, 0.822259, 0.453095, 0.436608, 0.0881967, 0.437935, 0.743411, 0.820008, 0.579544, 0.625575, 0.232674, 0.443314, 0.903722, 0.850732, 0.697838
3.16, 0.0319374, 0.325136, 0.825666, 1.0057, 0.229459, 0.0932023, 0.0712096, 0.437237, 0.798048, 0.84203, 1.05006, 0.714528, 0.664664, -0.517833, 0.371126, 0.666866, 0.220594, 0.645289, 1.44306, 1.17636, 0.711763, 0.668205, 0.436883, 0.640376, 0.515272, 0.537544, 0.526939, 0.663643, 0.644471, 0.564112, 0.518234
3.18, 0.0319374, 0.229681, 0.470757, 0.586571, 1.11949, 0.391408, 0.111902, 0.0770592, 0.228919, 0.562919, -0.0806037, 0.0930803, 0.128485, 0.403755, 0.700547, 0.570415, 0.562956, 0.177732, 0.478229, 0.969519, 0.51175, 0.208809, 0.418559, 0.624409, 0.614662, 0.828489, 0.864451, 0.925333, 0.942236, 0.702161, 0.728566
3.2, 0.0319374, 0.242418, 1.16424, 0.488526, 0.0280243, 0.613252, 0.18468, 0.520147, 0.269249, 0.363447, 0.758454, 0.387459, -0.218192, -0.0981513, 0.168581, 0.129192, 0.575563, 0.609356, 0.641736, 0.646969, 0.230623, 0.330394, 0.606933, 0.0514385, 0.231174, 0.388626, 0.563926, 0.773907, 0.835314, 0.90083, 0.713655
3.22, 0.0319374, 0.758193, -0.0314899, 0.145042, 0.371109, 0.353979, 0.369384, -0.28919, 0.585844, 0.528644, 0.690163, 0.686253, 0.350713, 0.743854, 0.39323, 0.519507, 1.1169, 0.916718, 0.770319, 0.464023, 0.764728, 0.500753, 0.431336, 0.234855, 0.570063, 0.753736, 1.30879, 1.21264, 1.01751, 0.721137, 0.81765
3.24, 0.0319376, -0.200351, 0.515772, 0.423033, 0.580115, 0.199829, 0.207776, 0.144296, 0.547786, 0.428359, 0.739001, 0.60365, 0.485256, 0.550713, 0.451723, 0.848862, 0.753448, 0.69798, 0.850993, 0.792783, 1.19583, 0.829534, 0.787372, 0.799197, 1.04352, 1.44854, 1.51599, 1.46861, 1.55198, 1.60473, 1.59137
3.26, 0.0319376, 0.971037, 0.0435426, 0.208466, 0.430133, 0.530163, 0.108696, -0.0929305, 0.23936, 0.434803, 1.07381, 0.779018, 0.531217, 0.6283, 0.515008, 0.897374, 0.642143, 0.72701, 0.987146, 1.06275, 1.19119, 1.23028, 0.987129, 1.46345, 1.82437, 1.83916, 1.78241, 1.52468, 1.79941, 1.75546, 1.6857
3.28, 0.0319376, 0.486858, 0.506545, 0.272796, -0.0163098, 0.651212, 0.0365245, 0.146002, 0.597635, -0.0230982, 0.704463, 0.53977, 0.184201, 0.505838, 1.1374, 0.952818, 0.709993, 1.26248, 0.922817, 1.6002, 1.57259, 1.55863, 1.53443, 1.6396, 1.3981, 1.64478, 1.64428, 1.65987, 1.87681, 1.82736, 1.97555
3.3, 0.0319376, 0.762443, 0.511899, 0.268277, 0.32932, 1.03425, 0.699542, 0.727844, 0.678402, 0.920117, 1.10073, 0.802727, 0.694072, 0.632905, 0.470177, 1.09746, 0.448994, 0.197428, 1.08968, 1.22949, 1.17061, 1.42531, 1.41054, 1.41341, 1.48698, 1.82075, 2.18314, 2.02707, 1.63037, 1.60351, 1.99105
3.32, 0.0319376, 0.319782, 0.0577998, 0.550652, 0.975733, -0.07063, 0.26397, 0.458316, -0.217123, 0.623465, 0.863001, 0.712263, 0.504807, 0.642394, 0.322582, 0.711098, 0.829498, 0.663924, 1.06406, 1.17435, 0.842254, 0.966388, 0.864885, 1.01422, 0.992657, 1.01338, 1.16866, 1.22518, 1.36159, 1.34572, 1.3928
3.34, 0.0319376, 0.440729, 0.570653, 0.3236, -0.313059, 0.145072, 0.711534, 0.782976, 0.463716, 0.720644, 0.863333, 0.0482885, 0.938937, 0.357219, 0.893561, 0.946236, 0.810857, 0.676935, 0.41559, 0.532026, 0.837762, 0.873278, 0.451619, 0.860714, 1.2589, 0.988972, 0.982127, 0.980212, 0.949228, 0.878929, 0.981475
3.36, 0.0319376, 0.0361485, 0.688036, 0.330503, 0.73268, 0.672566, 0.591092, 0.382221, 0.704141, 0.19432, 0.633463, -0.00441769, -0.0533187, 0.276415, 0.480497, 0.274656, 0.585513, 1.0139, 0.668989, 0.325502, 0.551457, 0.737358, 0.761539, 0.723679, 0.602371, 0.826536, 1.14358, 0.891897, 0.922375, 0.859706, 0.915227
3.38, 0.0319374, -0.874849, -0.126567, -0.069785, 0.360158, 0.690867, 0.375717, 0.575351, 0.890108, 0.591459, 0.312639, 0.295601, 0.690275, 0.783659, 0.283217, -0.10167, 0.59036, 0.692869, 0.593127, 0.344987, 0.797933, 0.670675, 0.558462, 0.265271, 0.805084, 0.868577, 0.436492, 0.877392, 0.543988, 0.758772, 1.16883
3.4, 0.0319374, 0.351068, -0.0593494, 0.316458, 0.443116, 0.335033, 0.839344, 0.528525, 0.0652091, 0.400206, 0.761436, 0.83897, 0.861116, 0.609155, 0.876166, 0.69399, 0.985173, 1.17017, 1.12883, 0.696928, 1.03889, 1.67281, 1.38393, 1.6017, 1.65635, 1.36823, 1.75501, 2.32181, 2.16854, 1.83008, 1.79926
3.42, 0.0319374, 1.27718, 0.299098, 0.578272, 0.507622, -0.114642, 0.319628, 0.524985, 0.387759, 0.960662, 0.296797, 0.44586, 0.625955, 0.910118, 0.811023, 0.805678, 1.12408, 1.1533, 1.47304, 1.39405, 1.52606, 1.3244, 1.63288, 1.66389, 1.57682, 2.03879, 1.71023, 1.97173, 2.2174, 1.99627, 2.21891
3.44, 0.0319374, -0.022018, 0.42805, 0.155453, 0.970271, 0.338285, 0.669362, 0.728824, 0.114217, 0.838555, 0.758985, 0.328176, 0.607899, 0.858451, 0.837444, 0.920435, 0.785776, 0.794653, 0.957432, 1.17492, 0.964499, 0.956448, 1.13491, 1.16274, 1.58396, 1.64094, 1.62242, 1.75492, 1.52296, 1.67833, 2.10281
3.46, 0.0319374, 0.0896795, 0.651498, 0.355902, 0.362835, 0.626335, 0.50695, 0.572881, 0.148522, 0.224892, 0.669367, 0.463876, 0.119701, 0.317196, 0.837541, 0.66332, 0.860479, 0.789902, 0.779365, 0.789271, 0.806761, 0.711618, 1.0353, 1.1335, 1.35198, 1.11884, 1.3583, 1.61623, 1.75457, 1.6514, 1.3836
3.48, 0.0319376, 0.726232, 0.13975, 0.487238, -0.0408438, 0.451113, 0.106316, 0.491423, 0.902319, 0.259108, 0.565394, 0.548597, 0.542682, 0.38562, 0.591363, 0.399308, 0.180072, -0.0384721, 0.59316, 0.436257, 0.572352, 0.889239, 0.701147, 1.01429, 1.05341, 0.787534, 0.841746, 1.21353, 1.21914, 1.0845, 1.18283
3.5, 0.0319376, 0.225463, 0.608955, 0.266071, -0.0860789, 0.200828, -0.978494, -1.10304, 0.318988, 0.437031, -0.362886, 0.343271, 0.641066, 0.116071, 0.224629, 0.594183, 0.795362, 0.215277, 0.450022, 0.330597, 0.583749, 0.642015, 0.620594, 1.07028, 0.93497, 0.989486, 0.710422, 1.10214, 1.22149, 1.0108, 0.935065
3.52, 0.0319376, 0.100842, 0.266073, 0.245106, 0.0229733, 0.217265, 0.52541, -0.19189, 0.251129, 0.754664, 0.386669, 0.140532, 0.586826, 0.718487, 0.5363, 0.36378, 0.330154, 0.457666, 0.822945, 0.816174, 0.860134, 0.604431, 1.03535, 0.882969, 0.743572, 0.791761, 0.960268, 1.10888, 1.14492, 0.88461, 1.18781
3.54, 0.0319376, 0.40412, -0.015716, 0.0882374, 0.424289, -0.474506, -0.572913, 0.228278, 0.605929, 0.65426, 0.641892, -0.428303, 0.0304305, 0.357629, 0.536412, 0.880618, 0.677997, 0.849459, 0.742423, 0.547242, 0.849629, 0.405179, 0.53464, 0.623622, 0.837824, 0.509827, 0.656667, 0.984001, 0.660509, 0.881205, 0.597896
3.56, 0.0319376, 0.285127, 0.0929508, 0.134885, 0.422742, 0.00895283, -0.843122, -0.127471, 0.30563, 0.162573, 0.468661, -0.220957, 0.207362, 0.0658684, 0.0706047, 0.628925, 0.724944, 0.413075, 0.42454, 0.668432, 0.333235, 0.138184, 0.0538495, 0.309642, 0.129362, 0.486895, 0.612409, 0.420402, 0.791424, 1.03753, 0.864759
3.58, 0.0319376, 0.315078, 0.880015, 0.0488291, -0.111464, -0.274246, 0.293965, 0.460372, 0.196539, 0.647662, 0.242979, -0.0712402, 0.257769, 0.660045, 0.212683, 0.622069, 0.655113, 0.781322, 0.275446, 0.379282, 0.324998, 0.281287, 0.137067, 0.442297, 0.0561552, 0.367316, 0.385026, 0.617923, 0.733025, 0.624281, 0.600777
3.6, 0.0319376, 0.352331, -0.207809, -0.658371, -0.745523, -0.258793, -0.504439, -0.0727334, -0.0444137, -0.0919496, -0.2197, -0.218303, -0.279018, 0.307357, 0.173395, 0.592233, 0.625949, 0.417681, 0.418046, 0.538301, 0.128464, 0.135773, 0.249244, 0.375241, 0.0334699, 0.476399, 0.409303, 0.604759, 0.518442, 0.293862, 0.304142
3.62, 0.0319376, 0.124632, -0.642264, 0.0810476, 0.530002, 0.414883, 0.0457504, -0.257825, 0.162013, 0.434027, 0.450789, -0.168799, -0.166637, -0.0398478, -0.104915, -0.0852772, 0.118433, 0.464061, 0.541511, 0.445042, 0.477241, 0.403732, 0.293632, 0.0172138, 0.43206, 0.29009, 0.491604, 0.257117, 0.0457099, 0.169878, 0.593316
3.64, 0.0319374, 0.298859, -0.224552, 0.599839, 0.453351, -0.267219, -0.951335, 0.140744, 0.21733, 0.582957, 0.167453, -0.00316787, 0.477635, 0.620673, 0.433584, 0.292245, 0.479338, 0.393001, 0.563583, 0.447501, 0.578735, 0.342914, 0.0342876, 0.531375, 0.299287, 0.233543, 0.487949, 0.531291, 0.27594, 0.43553, 0.609946
3.66, 0.0319374, 0.799983, 0.535157, 0.147448, 0.240638, 0.0616193, -0.452513, 0.240113, -0.100637, -0.145135, 0.15289, -0.105966, 0.0709899, 0.46357, -0.4342, -0.077637, 0.66674, 0.552047, 0.183168, 0.162191, 0.214141, 0.0573361, 0.34513, 0.295846, 0.304405, 0.210135, 0.469324, 0.47906, 0.638242, 0.310846, 0.559608
3.68, 0.0319374, -0.326187, -0.204463, 0.147067, 0.772115, 0.696278, 0.301655, 0.257992, -0.00452605, 0.276747, 0.0964498, 0.0321381, 0.0982149, -0.219856, -0.0513287, 0.260551, -0.425797, 0.158116, -0.0426376, -0.126103, 0.342482, 0.106122, 0.552446, 0.320933, 0.110031, 0.284934, 0.279887, 0.210233, 0.339253, 0.115653, 0.139579
3.7, 0.0319374, -0.115108, 0.88304, 0.457254, 0.123978, 0.394154, 0.313361, 0.052647, -0.252496, 0.473524, 0.442373, 0.132787, 0.287928, 0.593486, 0.482696, 0.140916, 0.0159426, 0.003446, 0.373864, -0.224395, -0.0668995, 0.14508, 0.0792892, 0.0549795, -0.0845464, 0.347797, 0.537704, 0.321747, 0.434755, 0.022614, 0.0483709
3.72, 0.0319374, -0.0150995, 0.421089, 0.159663, 0.401421, -0.486189, -0.123881, -1.07399, -0.484237, -0.518869, -0.3183, -0.203542, 0.167644, 0.371447, 0.107365, 0.251893, 0.139174, 0.134017, 0.0236577, -0.219303, -0.247509, -0.104397, -0.14926, 0.00179642, -0.255427, 0.275238, 0.336234, 0.0529561, 0.092296, 0.0819712, -0.0296077
3.74, 0.0319376, -0.896266, -0.129422, -0.521261, -0.602404, 0.191762, 0.273398, -0.44077, 0.134321, 0.178765, 0.0864541, 0.209472, -0.366503, -0.237716, 0.332259, 0.0645703, 0.159204, 0.29544, -0.135878, 0.185587, 0.180632, -0.0203339, -0.107406, -0.00559018, 0.0867252, 0.309874, -0.0870768, 0.479288, 0.521355, 0.0911663, 0.251443
3.76, 0.0319376, -0.73845, -0.569905, -0.123447, -0.363879, -0.217103, -0.723346, -0.0843853, 0.343503, 0.0426663, 0.106635, -0.305007, -0.340088, -0.177063, 0.234784, 0.0452711, 0.170032, 0.435149, 0.199964, 0.0381974, -0.0272334, -0.0728189, 0.121157, 0.20466, 0.438469, -0.0212802, 0.280102, 0.381356, 0.194726, 0.104735, -0.109126
3.78, 0.0319376, 0.553466, 0.266815, -0.281717, 0.236722, 0.262006, 0.0104035, 0.150566, 0.25508, 0.158671, 0.122787, -0.314576, -0.407409, -0.190672, -0.403798, 0.242382, 0.188242, 0.282708, 0.667341, -0.0389765, -0.134158, 0.21241, 0.0695827, 0.476315, 0.554614, 0.616409, 0.55353, 0.480582, 0.532036, 0.1933, 0.658918
3.8, 0.0319376, -0.166541, -0.627492, -0.463008, 0.0544652, -0.36437, 0.0125264, 0.381409, 1.06577, 0.240733, 0.0990786, 0.097678, 0.182976, 0.458664, 0.330729, 0.405348, 0.382134, 0.64892, 0.649185, 1.13994, 0.771483, 1.26523, 1.11171, 0.796209, 1.01839, 1.29675, 1.36396, 1.28765, 1.50748, 1.45678, 1.41696
3.82, 0.0319376, -0.0481312, 0.0916737, 0.243949, 0.270187, 0.0461222, -0.160138, -0.173004, 0.598271, 0.325527, 0.0178917, 0.086356, 0.169078, 0.529776, 0.166267, 0.718927, 0.964705, 0.496167, 0.404544, 0.898968, 0.842672, 1.28403, 1.14992, 1.14356, 1.39331, 1.42784, 1.13471, 1.4962, 1.78218, 1.54562, 1.82954
3.84, 0.0319376, 0.0301154, 0.187711, -0.179825, -0.792601, -0.521618, -0.387192, -0.118966, 0.292094, 0.422624, 0.115382, -0.194758, -0.567456, 0.0924001, 0.593493, 1.03727, 0.891771, 0.501359, 0.64379, 0.871112, 0.926848, 0.894239, 0.765298, 1.23895, 1.09645, 1.1972, 1.43281, 1.1284, 1.2645, 1.34753, 1.34802
3.86, 0.0319376, -1.8449, -0.677869, -1.16155, -0.525539, -0.159309, 0.280146, -0.312194, 0.173944, -0.0973962, -0.101404, -0.286107, -0.352388, -0.254089, 0.300846, 0.311799, -0.0790564, 0.0137733, 0.599283, 0.441967, 0.164397, 0.205345, 0.62674, 1.03032, 0.593563, 0.42532, 0.407715, 0.612702, 0.810553, 0.965326, 0.988845
3.88, 0.0319374, -0.543799, -0.442603, -1.05319, -0.349344, -0.605023, -0.996894, -0.782516, -0.472682, -0.218399, -0.344894, -0.347792, -0.65285, -0.634721, -0.195331, -0.164954, -0.100575, -0.201599, 0.3262, 0.107456, -0.464838, -0.472751, 0.110028, 0.357745, 0.0426817, 0.614253, 0.468129, 0.497551, 0.479969, 0.36189, 0.351383
3.9, 0.0319374, -0.950209, -0.542278, -0.481131, -0.648504, -1.24402, -0.381077, -0.297037, -0.674633, -0.739622, -0.518058, -0.281991, -0.932786, -1.09741, -0.596583, -0.364614, -0.100035, 0.0209022, 0.0184984, -0.379411, -0.0598454, -0.269443, -0.591922, -0.125231, 0.0582608, -0.0309045, -0.0195027, 0.0553481, 0.0495074, 0.110896, -0.0202863
3.92, 0.0319374, -1.25771, -0.891967, -0.757622, -0.744991, -0.29375, -0.277891, -1.4855, -1.25051, -0.811462, -0.762521, -1.04937, -1.00423, -0.658186, -0.0488382, -0.110886, -0.155226, -0.0263979, -0.300795, -0.701705, -0.796517, -0.553566, -0.69403, -0.747222, -0.292504, -0.0483644, -0.207322, -0.248428, -0.0654534, -0.247117, -0.074626
3.94, 0.0319374, -1.7427, -1.01794, -0.633118, -1.1738, -0.708541, -0.342042, -0.380446, -0.599819, -0.430238, -0.306948, -0.568386, -0.871765, -0.573567, -0.382841, -0.44518, -0.552056, -0.276759, -0.293325, -0.467458, -0.534373, -0.719855, -0.270985, -0.203266, -0.511817, -0.359121, -0.144447, -0.0667525, -0.189774, -0.515298, -0.45711
3.96, 0.0319374, -1.39926, -0.663846, -0.433186, -0.828726, -0.983841, -0.633301, -1.24322, -0.376567, -0.0394149, -0.811384, -0.371691, -0.668233, -0.640741, -0.629563, -0.617379, -0.322153, -0.152308, -0.244809, -0.546255, -0.611882, -0.577204, -0.878667, -0.487502, -0.782166, -0.51298, -0.246023, -0.256092, -0.593566, -0.782858, -0.88184
3.98, 0.0319376, -1.883, -0.537901, -0.689162, -1.1512, -0.314699, -1.03593, -1.03408, -0.74302, -0.695331, -0.629404, -0.855379, -0.670977, -0.622664, -0.827103, -0.522642, -0.482007, -0.957879, -0.0645409, -0.702773, -0.623665, -0.675971, -0.57889, -0.459647, -0.531812, -0.576596, -0.225649, -0.612094, -0.728333, -0.703619, -0.763819
4, 0.0319376, -1.06064, -1.16583, -1.04629, -0.974348, -0.615008, -1.16972, -0.925248, -0.402065, -0.570489, -0.927226, -0.834342, -0.942759, -0.755541, -0.858729, -0.577651, -0.738426, -0.831452, -0.680992, -1.08964, -0.606971, -0.727765, -0.8727, -0.689702, -0.688846, -0.6685, -0.741095, -0.671432, -0.250408, -0.592897, -0.565892
4.02, 0.0319376, -0.934403, -2.07382, -1.45705, -1.36405, -1.04924, -0.987882, -0.616092, -0.524783, -0.749051, -0.662346, -0.470347, -1.24245, -1.40541, -0.389897, -0.629796, -1.1072, -1.14045, -1.17249, -1.02013, -0.708501, -0.584758, -0.894088, -1.00161, -0.488602, -0.535092, -0.851608, -0.277072, -0.359113, -0.511207, -0.613696
4.04, 0.0319376, -1.49179, -1.48267, -1.46435, -1.06785, -1.76558, -1.28238, -1.46161, -1.39696, -1.14246, -0.986439, -1.68377, -0.995996, -1.06153, -0.852814, -0.812802, -1.46578, -1.4619, -0.92184, -1.22985, -1.3191, -0.942457, -0.49987, -0.981676, -1.07536, -0.896788, -0.99988, -0.78677, -0.740148, -0.786495, -0.812779
4.06, 0.0319376, -2.14842, -1.69309, -1.26093, -1.02666, -1.11444, -1.21313, -1.47339, -1.05914, -1.37324, -1.53175, -1.35294, -1.34634, -1.28164, -1.2169, -0.862565, -1.05841, -1.16592, -1.08935, -1.54508, -1.20874, -1.81744, -1.35189, -0.969924, -1.20676, -0.954891, -0.451499, -0.657774, -0.842159, -0.641053, -0.491836
4.08, 0.0319376, -2.46616, -2.61122, -2.49753, -1.44249, -0.778236, -1.91032, -1.60265, -1.85871, -1.36094, -1.41585, -2.33103, -1.62536, -1.1221, -1.35788, -1.86433, -1.8622, -1.79999, -1.76659, -1.72613, -1.675, -1.31329, -1.12411, -1.40388, -1.32714, -0.983405, -0.876111, -1.12192, -1.21548, -1.36312, -0.768017
4.1, 0.0319376, -2.7212, -2.38059, -2.57218, -2.27977, -1.93366, -2.20267, -1.67351, -1.89131, -1.7262, -1.99653, -1.83608, -2.05055, -2.21362, -2.10269, -2.13077, -1.90379, -1.73883, -1.45427, -1.28203, -1.70311, -1.79742, -1.58817, -1.13737, -1.39425, -1.55183, -1.36355, -1.71099, -1.2357, -1.22884, -1.28207
4.12, 0.0319376, -2.62537, -1.96312, -2.13724, -1.95623, -2.07129, -2.35414, -2.84238, -2.2799, -2.56278, -2.54112, -2.61767, -2.34375, -2.21731, -2.43605, -2.59396, -2.19949, -2.55262, -2.33021, -2.54563, -1.8747, -2.01742, -2.40378, -2.02165, -1.95975, -1.85879, -1.90864, -1.88982, -1.76044, -2.00978, -1.93554
4.14, 0.0319376, -3.29943, -3.16514, -3.2355, -2.94233, -2.73721, -2.72334, -2.54559, -3.19821, -2.33331, -2.83733, -3.24068, -3.14351, -3.17494, -2.82106, -2.95158, -2.78116, -2.83097, -2.76171, -2.90354, -2.67699, -2.85361, -2.88905, -2.62058, -2.80321, -2.72453, -2.46362, -2.47591, -1.95545, -2.45105, -2.4747
4.16, 0.0319376, -3.54135, -3.63617, -4.4669, -3.86907, -4.3541, -3.35838, -2.96334, -3.83455, -3.52792, -3.16413, -3.83834, -4.08136, -3.60464, -3.6063, -3.8401, -3.80204, -3.88203, -3.802, -3.7025, -3.34953, -3.32224, -3.89238, -3.40437, -3.60082, -3.49661, -3.32561, -3.40728, -3.18281, -3.59376, -3.41977
4.18, 0.0319376, -5.3364, -5.20186, -4.66738, -4.59061, -5.09073, -4.95725, -5.49495, -4.8487, -5.40594, -5.28789, -4.92903, -5.39495, -5.37833, -5.13449, -4.49053, -4.84805, -4.76077, -4.8318, -4.96625, -4.96047, -4.47255, -4.8004, -4.39901, -4.66264, -4.88948, -4.52497, -4.40492, -4.312, -4.28204, -4.56295
4.2, 0.0319376, -7.64591, -7.17351, -7.31566, -6.87889, -6.99519, -7.25945, -7.17645, -6.93655, -7.1258, -7.40285, -7.09252, -7.11387, -6.64676, -6.66053, -6.68003, -6.36277, -6.32623, -6.02094, -5.91915, -5.75643, -6.09991, -5.9041, -5.74795, -6.11494, -5.79456, -5.76848, -5.20804, -5.5066, -4.87305, -5.072
4.22, 0.0319376, -9.82674, -9.96014, -9.70588, -9.11989, -9.51704, -8.67346, -8.67503, -9.20129, -8.70338, -8.7567, -8.89634, -8.33366, -8.5287, -8.47595, -9.2699, -8.45985, -8.23049, -8.53884, -8.45738, -7.98381, -8.0216, -7.90947, -7.86712, -8.15513, -7.68069, -8.09599, -7.60146, -7.70054, -7.65502, -7.34467
4.24, 0.0319376, -inf, -inf, -inf, -inf, -inf, -inf, -inf, -inf, -inf, -inf, -inf, -inf, -inf, -inf, -inf, -inf, -inf, -inf, -inf, -inf, -inf, -inf, -inf, -inf, -inf, -inf, -inf, -inf, -inf, -inf
4.26, 0.0319371, -inf, -inf, -inf, -inf, -inf, -inf, -inf, -inf, -inf, -inf, -inf, -inf, -inf, -inf, -inf, -inf, -inf, -inf, -inf, -inf, -inf, -inf, -inf, -inf, -inf, -inf, -inf, -inf, -inf, -inf
4.28, 0.0319371, -inf, -inf, -inf, -inf, -inf, -inf, -inf, -inf, -inf, -inf, -inf, -inf, -inf, -inf, -inf, -inf, -inf, -inf, -inf, -inf, -inf, -inf, -inf, -inf, -inf, -inf, -inf, -inf, -inf, -inf
4.3, 0.0319371, -inf, -inf, -inf, -inf, -inf, -inf, -inf, -inf, -inf, -inf, -inf, -inf, -inf, -inf, -inf, -inf, -inf, -inf, -inf, -inf, -inf, -inf, -inf, -inf, -inf, -inf, -inf, -inf, -inf, -inf
4.32, 0.0319371, -inf, -inf, -inf, -inf, -inf, -inf, -inf, -inf, -inf, -inf, -inf, -inf, -inf, -inf, -inf, -inf, -inf, -inf, -inf, -inf, -inf, -inf, -inf, -inf, -inf, -inf, -inf, -inf, -inf, -inf
4.34, 0.0319371, -inf, -inf, -inf, -inf, -inf, -inf, -inf, -inf, -inf, -inf, -inf, -inf, -inf, -inf, -inf, -inf, -inf, -inf, -inf, -inf, -inf, -inf, -inf, -inf, -inf, -inf, -inf, -inf, -inf, -inf
4.36, 0.0319376, -inf, -inf, -inf, -inf, -inf, -inf, -inf, -inf, -inf, -inf, -inf, -inf, -inf, -inf, -inf, -inf, -inf, -inf, -inf, -inf, -inf, -inf, -inf, -inf, -inf, -inf, -inf, -inf, -inf, -inf
4.38, 0.0319376, -inf, -inf, -inf, -inf, -inf, -inf, -inf, -inf, -inf, -inf, -inf, -inf, -inf, -inf, -inf, -inf, -inf, -inf, -inf, -inf, -inf, -inf, -inf, -inf, -inf, -inf, -inf, -inf, -inf, -inf
4.4, 0.0319376, -inf, -inf, -inf, -inf, -inf, -inf, -inf, -inf, -inf, -inf, -inf, -inf, -inf, -inf, -inf, -inf, -inf, -inf, -inf, -inf, -inf, -inf, -inf, -inf, -inf, -inf, -inf, -inf, -inf, -inf
4.42, 0.0319376, -inf, -inf, -inf, -inf, -inf, -inf, -inf, -inf, -inf, -inf, -inf, -inf, -inf, -inf, -inf, -inf, -inf, -inf, -inf, -inf, -inf, -inf, -inf, -inf, -inf, -inf, -inf, -inf, -inf, -inf
4.44, 0.0319376, -inf, -inf, -inf, -inf, -inf, -inf, -inf, -inf, -inf, -inf, -inf, -inf, -inf, -inf, -inf, -inf, -inf, -inf, -inf, -inf, -inf, -inf, -inf, -inf, -inf, -inf, -inf, -inf, -inf, -inf
4.46, 0.0319376, -inf, -inf, -inf, -inf, -inf, -inf, -inf, -inf, -inf, -inf, -inf, -inf, -inf, -inf, -inf, -inf, -inf, -inf, -inf, -inf, -inf, -inf, -inf, -inf, -inf, -inf, -inf, -inf, -inf, -inf
4.48, 0.0319376, -inf, -inf, -inf, -inf, -inf, -inf, -inf, -inf, -inf, -inf, -inf, -inf, -inf, -inf, -inf, -inf, -inf, -inf, -inf, -inf, -inf, -inf, -inf, -inf, -inf, -inf, -inf, -inf, -inf, -inf
4.5, 0.0319376, -inf, -inf, -inf, -inf, -inf, -inf, -inf, -inf, -inf, -inf, -inf, -inf, -inf, -inf, -inf, -inf, -inf, -inf, -inf, -inf, -inf, -inf, -inf, -inf, -inf, -inf, -inf, -inf, -inf, -inf
4.52, 0.0319376, -inf, -inf, -inf, -inf, -inf, -inf, -inf, -inf, -inf, -inf, -inf, -inf, -inf, -inf, -inf, -inf, -inf, -inf, -inf, -inf, -inf, -inf, -inf, -inf, -inf, -inf, -inf, -inf, -inf, -inf
4.54, 0.0319376, -inf, -inf, -inf, -inf, -inf, -inf, -inf, -inf, -inf, -inf, -inf, -inf, -inf, -inf, -inf, -inf, -inf, -inf, -inf, -inf, -inf, -inf, -inf, -inf, -inf, -inf, -inf, -inf, -inf, -inf
4.56, 0.0319376, -inf, -inf, -inf, -inf, -inf, -inf, -inf, -inf, -inf, -inf, -inf, -inf, -inf, -inf, -inf, -inf, -inf, -inf, -inf, -inf, -inf, -inf, -inf, -inf, -inf, -inf, -inf, -inf, -inf, -inf
4.58, 0.0319376, -inf, -inf, -inf, -inf, -inf, -inf, -inf, -inf, -inf, -inf, -inf, -inf, -inf, -inf, -inf, -inf, -inf, -inf, -inf, -inf, -inf, -inf, -inf, -inf, -inf, -inf, -inf, -inf, -inf, -inf
4.6, 0.0319376, -inf, -inf, -inf, -inf, -inf, -inf, -inf, -inf, -inf, -inf, -inf, -inf, -inf, -inf, -inf, -inf, -inf, -inf, -inf, -inf, -inf, -inf, -inf, -inf, -inf, -inf, -inf, -inf, -inf, -inf
4.62, 0.0319376, -inf, -inf, -inf, -inf, -inf, -inf, -inf, -inf, -inf, -inf, -inf, -inf, -inf, -inf, -inf, -inf, -inf, -inf, -inf, -inf, -inf, -inf, -inf, -inf, -inf, -inf, -inf, -inf, -inf, -inf
4.64, 0.0319376, -inf, -inf, -inf, -inf, -inf, -inf, -inf, -inf, -inf, -inf, -inf, -inf, -inf, -inf, -inf, -inf, -inf, -inf, -inf, -inf, -inf, -inf, -inf, -inf, -inf, -inf, -inf, -inf, -inf, -inf
4.66, 0.0319376, -inf, -inf, -inf, -inf, -inf, -inf, -inf, -inf, -inf, -inf, -inf, -inf, -inf, -inf, -inf, -inf, -inf, -inf, -inf, -inf, -inf, -inf, -inf, -inf, -inf, -inf, -inf, -inf, -inf, -inf
4.68, 0.0319376, -inf, -inf, -inf, -inf, -inf, -inf, -inf, -inf, -inf, -inf, -inf, -inf, -inf, -inf, -inf, -inf, -inf, -inf, -inf, -inf, -inf, -inf, -inf, -inf, -inf, -inf, -inf, -inf, -inf, -inf
4.7, 0.0319376, -inf, -inf, -inf, -inf, -inf, -inf, -inf, -inf, -inf, -inf, -inf, -inf, -inf, -inf, -inf, -inf, -inf, -inf, -inf, -inf, -inf, -inf, -inf, -inf, -inf, -inf, -inf, -inf, -inf, -inf
4.72, 0.0319376, -inf, -inf, -inf, -inf, -inf, -inf, -inf, -inf, -inf, -inf, -inf, -inf, -inf, -inf, -inf, -inf, -inf, -inf, -inf, -inf, -inf, -inf, -inf, -inf, -inf, -inf, -inf, -inf, -inf, -inf
4.74, 0.0319376, -inf, -inf, -inf, -inf, -inf, -inf, -inf, -inf, -inf, -inf, -inf, -inf, -inf, -inf, -inf, -inf, -inf, -inf, -inf, -inf, -inf, -inf, -inf, -inf, -inf, -inf, -inf, -inf, -inf, -inf
4.76, 0.0319371, -inf, -inf, -inf, -inf, -inf, -inf, -inf, -inf, -inf, -inf, -inf, -inf, -inf, -inf, -inf, -inf, -inf, -inf, -inf, -inf, -inf, -inf, -inf, -inf, -inf, -inf, -inf, -inf, -inf, -inf
4.78, 0.0319371, -inf, -inf, -inf, -inf, -inf, -inf, -inf, -inf, -inf, -inf, -inf, -inf, -inf, -inf, -inf, -inf, -inf, -inf, -inf, -inf, -inf, -inf, -inf, -inf, -inf, -inf, -inf, -inf, -inf, -inf
4.8, 0.0319371, -inf, -inf, -inf, -inf, -inf, -inf, -inf, -inf, -inf, -inf, -inf, -inf, -inf, -inf, -inf, -inf, -inf, -inf, -inf, -inf, -inf, -inf, -inf, -inf, -inf, -inf, -inf, -inf, -inf, -inf
4.82, 0.0319371, -inf, -inf, -inf, -inf, -inf, -inf, -inf, -inf, -inf, -inf, -inf, -inf, -inf, -inf, -inf, -inf, -inf, -inf, -inf, -inf, -inf, -inf, -inf, -inf, -inf, -inf, -inf, -inf, -inf, -inf
4.84, 0.0319371, -inf, -inf, -inf, -inf, -inf, -inf, -inf, -inf, -inf, -inf, -inf, -inf, -inf, -inf, -inf, -inf, -inf, -inf, -inf, -inf, -inf, -inf, -inf, -inf, -inf, -inf, -inf, -inf, -inf, -inf
4.86, 0.0319376, -inf, -inf, -inf, -inf, -inf, -inf, -inf, -inf, -inf, -inf, -inf, -inf, -inf, -inf, -inf, -inf, -inf, -inf, -inf, -inf, -inf, -inf, -inf, -inf, -inf, -inf, -inf, -inf, -inf, -inf
4.88, 0.0319376, -inf, -inf, -inf, -inf, -inf, -inf, -inf, -inf, -inf, -inf, -inf, -inf, -inf, -inf, -inf, -inf, -inf, -inf, -inf, -inf, -inf, -inf, -inf, -inf, -inf, -inf, -inf, -inf, -inf, -inf
4.9, 0.0319376, -inf, -inf, -inf, -inf, -inf, -inf, -inf, -inf, -inf, -inf, -inf, -inf, -inf, -inf, -inf, -inf, -inf, -inf, -inf, -inf, -inf, -inf, -inf, -inf, -inf, -inf, -inf, -inf, -inf, -inf
4.92, 0.0319376, -inf, -inf, -inf, -inf, -inf, -inf, -inf, -inf, -inf, -inf, -inf, -inf, -inf, -inf, -inf, -inf, -inf, -inf, -inf, -inf, -inf, -inf, -inf, -inf, -inf, -inf, -inf, -inf, -inf, -inf
4.94, 0.0319376, -inf, -inf, -inf, -inf, -inf, -inf, -inf, -inf, -inf, -inf, -inf, -inf, -inf, -inf, -inf, -inf, -inf, -inf, -inf, -inf, -inf, -inf, -inf, -inf, -inf, -inf, -inf, -inf, -inf, -inf
4.96, 0.0319376, -inf, -inf, -inf, -inf, -inf, -inf, -inf, -inf, -inf, -inf, -inf, -inf, -inf, -inf, -inf, -inf, -inf, -inf, -inf, -inf, -inf, -inf, -inf, -inf, -inf, -inf, -inf, -inf, -inf, -inf
