# Time (seconds), Duration (seconds), f0, f1, f2, f3, f4, f5, f6, f7, f8, f9, f10, f11, f12, f13, f14, f15, f16, f17, f18, f19, f20, f21, f22, f23, f24, f25, f26, f27, f28, f29
0, 0.0319375, 0.854849, 0.390165, 0.208026, 0.151562, 0.219181, -0.151028, 0.119783, 0.613687, 0.846666, 0.867705, 0.272059, -0.146053, 0.33474, 0.663655, 0.552675, 0.701031, 0.748611, 0.591847, 0.66061, 0.76588, 0.332422, 0.324835, 0.149086, 0.274211, 0.867068, 0.746037, 0.977014, 0.69583, 0.921741, 1.2663
0.02, 0.0319375, 0.663903, 0.636437, 0.0675793, -0.14246, -0.285666, -0.0516544, 0.101018, -0.147534, 0.589924, 0.745709, 0.00289082, 0.931521, 0.844093, 1.25236, 0.629973, 0.510368, 0.640033, 0.601458, 0.624128, 0.581665, 0.633165, 0.534386, 0.862757, 0.734938, 0.690287, 0.804987, 0.790266, 0.381097, 0.48417, 0.614189
0.04, 0.0319375, 0.266932, 0.879759, 0.680839, -0.16732, -0.491688, 0.271019, 0.593373, 0.466113, 0.420281, 0.55129, 0.342367, 0.339363, 0.843069, 0.859222, 0.50428, 0.638849, 1.04117, 0.696577, 0.656995, 0.37386, -0.104005, 0.43754, 0.788013, 0.613574, 0.68976, 0.682542, 0.826386, 0.861194, 0.775576, 0.901463
0.06, 0.0319375, 0.449891, -0.244749, 0.436733, 0.625217, 0.642804, 0.408191, 0.675987, 0.655204, 0.268744, 0.0842933, 0.276355, 0.367806, 1.12846, 0.943979, 1.08267, 0.485596, 0.604528, 0.766832, 0.968664, 1.05263, 0.632577, 0.736388, 0.684211, 0.605823, 0.186688, 0.59227, 0.67756, 0.883208, 0.97897, 0.796272
0.08, 0.0319375, 0.360488, 0.669089, 0.790539, 0.811124, 1.6091, 1.09213, 0.469565, -0.196859, -0.0339272, 0.655808, 0.466977, 0.16607, 0.576606, 0.265934, 0.842315, 1.16929, 0.842816, 0.781872, 0.376358, 0.626617, 0.951, 0.853006, 0.673509, 0.571245, 0.617069, 0.574134, 0.577835, 0.80249, 0.606801, 0.784696
0.1, 0.0319375, 0.414141, 0.720855, 0.517401, 0.487566, 0.30085, -0.271561, 0.511297, 0.472607, 0.790147, -0.374727, 0.0300044, 0.868742, 1.23384, 0.773313, 0.699684, 0.520424, 0.528365, 0.568636, 0.726142, 0.971479, 0.970228, 0.82983, 0.762428, 0.758239, 0.498117, 0.694568, 0.851687, 0.875899, 0.889655, 0.737415
0.12, 0.0319375, 1.28023, 1.31029, 0.658716, 0.508305, 0.682826, 1.04663, 0.499377, -0.0515214, -0.190667, -0.497468, -0.436326, -0.199359, 0.687223, 0.725427, 1.06412, 0.79967, 0.689562, 0.597217, 0.680119, 0.783594, 0.800639, 0.720947, 0.895239, 0.58765, 0.786403, 0.822594, 0.792853, 0.788279, 0.734673, 0.616989
0.14, 0.0319375, 0.987674, 1.03194, 0.834095, 0.876844, 0.666983, 0.162138, -0.150611, 0.0213234, 0.554341, 0.123095, 0.643398, 0.282021, 1.15521, 0.791511, 0.546644, 0.975566, 0.732215, 0.541656, 0.505519, 0.699889, 1.10481, 0.645956, 0.527842, 0.516104, 1.01746, 0.463765, 0.540029, 0.701455, 0.874675, 0.855021
0.16, 0.0319375, 0.197617, 0.722827, 0.733306, 0.0878579, 0.659906, 0.677725, 0.295951, 0.635425, 0.265309, -0.117573, 0.128311, 0.29364, 0.447576, 0.37776, 0.870951, 1.0907, 0.777176, 0.834479, 0.720175, 0.429782, 0.304464, 0.479559, 0.943508, 0.246295, 0.487751, 0.384737, 0.929927, 0.683844, 0.788004, 0.888
0.18, 0.0319375, 0.62535, 0.337607, 0.0752947, 0.222581, 1.11778, 0.0596663, 0.107711, 0.0979428, 0.682679, 0.280073, 0.260577, 0.49021, 0.471466, 1.10254, 0.889953, 0.568602, 0.640821, 1.04403, 0.589949, 0.775667, 1.02884, 0.82686, 0.657114, 0.460309, 0.462488, 0.786471, 0.531224, 0.671747, 0.854248, 0.880769
0.2, 0.0319375, 0.55826, 0.783182, 0.78179, 0.33513, 0.355928, 0.234091, -0.173543, 0.248514, -0.0155398, 0.728869, 0.796228, 0.349541, 0.501181, 1.02221, 0.705272, 0.934567, 1.07988, 1.03859, 0.765466, 0.980473, 1.00408, 1.01773, 0.732076, 0.479602, 0.537255, 0.637146, 0.524388, 0.785574, 0.817356, 0.695095
0.22, 0.0319375, 0.610049, 0.458563, 0.470414, -0.078756, 0.679921, 1.31562, 0.465515, 0.306257, 0.802257, 0.442852, -0.0348868, 0.191382, 0.731984, 0.697734, 0.719262, 0.414023, 0.936009, 0.710503, 0.467441, 1.19662, 1.04115, 0.793299, 0.404728, 0.457587, 0.616314, 0.732325, 0.464049, 0.510376, 0.684791, 0.916396
0.24, 0.0319375, 1.05046, 0.560963, 0.572785, -0.00295623, 0.972871, 0.840338, 0.449658, 0.878439, 0.167488, 1.09806, 0.494099, 0.711859, 0.469304, 0.838558, 0.756929, 1.11118, 1.074, 1.17446, 1.18779, 0.667172, 0.818629, 0.936794, 0.737767, 0.895153, 0.783617, 0.567997, 0.71475, 0.980036, 0.888453, 0.664451
0.26, 0.0319375, 1.27311, 0.866363, 0.268772, 0.690698, -0.0271596, 0.956628, 0.847793, 0.194173, 0.489095, 0.588801, 0.392245, 0.340106, 1.02645, 0.682123, 0.604849, 0.809414, 1.06938, 0.663738, 1.02566, 0.701781, 0.499613, 0.636662, 0.701947, 0.473146, 0.551887, 0.388707, 0.840848, 0.60683, 0.680271, 0.622454
0.28, 0.0319375, 0.822562, -0.0914792, -0.0673914, 0.359995, 0.769639, 0.137528, 0.182587, 0.69767, 0.268969, 0.862366, 0.708462, 0.253962, 0.826767, 0.88318, 0.55768, 0.531048, 0.893918, 0.791901, 0.757896, 1.01695, 1.08049, 0.512202, 0.628322, 0.487143, 0.375306, 0.695751, 0.579174, 0.876537, 0.786671, 0.804366
0.3, 0.0319375, 0.951309, 1.01239, 0.338101, 0.817243, 1.23118, 0.798756, -0.0249167, 0.542681, 0.790915, 0.929606, 0.655537, 0.382632, 0.37597, 0.20073, 0.71335, 0.81369, 0.778566, 0.69346, 0.767944, 0.609638, 0.802795, 0.71491, 0.670214, 0.670293, 0.587935, 0.631993, 0.766743, 0.864577, 0.779987, 0.826528
0.32, 0.0319375, 0.697821, 0.515166, 0.508512, 0.0136172, 0.0993172, 0.337183, 0.606377, 0.833828, 0.439429, 0.739649, 0.498479, 0.383833, 0.531489, 0.439014, 0.223474, 0.679807, 0.831788, 0.803045, 0.839988, 0.883043, 0.530314, 0.339653, 0.837242, 0.665146, 0.813725, 1.01497, 0.717365, 0.756303, 0.76074, 0.783119
0.34, 0.0319375, 0.491306, 0.410138, 1.06615, 0.757791, 0.721241, 0.290568, 0.0161395, 0.530586, 0.151722, 0.491148, 0.622181, 0.565958, 0.185314, 0.489675, 0.772172, 0.497029, 1.12556, 0.784921, 0.494865, 0.704281, 0.640113, 0.882006, 0.998943, 0.57745, 0.728931, 0.78302, 0.660542, 0.826002, 0.407028, 0.735052
0.36, 0.0319375, 0.629044, 0.427027, 0.307754, 0.31411, 0.583989, 0.369048, 0.362938, 0.223551, 0.824058, 0.211599, 0.0729944, 0.517188, 0.411251, 0.519745, 0.313474, 1.00515, 0.457845, 0.768029, 0.926853, 0.611658, 0.44668, 0.606224, 0.703377, 0.727452, 0.757864, 1.02087, 0.662887, 0.690653, 0.43388, 0.591948
0.38, 0.0319375, 1.22949, 0.272464, 0.321159, 0.481722, 0.578221, 0.0762708, -0.177738, -0.131676, 0.494963, 0.753627, 0.520226, 0.058522, 0.765453, 0.991458, 0.640772, 0.302907, 0.698523, 0.835017, 0.922244, 0.395255, 0.884686, 0.682671, 0.372792, 0.472918, 0.432819, 0.676478, 0.431685, 0.58325, 0.774398, 0.683839
0.4, 0.0319375, 0.273329, 0.704119, 0.807499, 0.297569, 1.20481, 0.836596, 0.35332, -0.183432, -0.192, 0.609229, 0.846444, 0.724039, 0.857311, 0.970119, 0.525565, 0.938076, 0.903851, 0.964567, 1.04067, 0.611232, 0.563423, 0.586276, 0.611161, 0.584331, 0.579732, 0.629666, 0.868647, 0.750358, 0.473323, 0.615378
0.42, 0.0319375, 1.00091, 0.191619, -0.491885, 0.342557, 1.2039, 0.792566, 0.353678, 0.458073, 0.868731, 0.292437, 0.787381, 0.950286, 0.856615, 0.789337, 0.692672, 0.765207, 0.0344172, 0.294489, 0.732997, 0.830407, 0.83352, 0.739867, 0.387334, 1.02745, 1.00917, 0.55827, 0.541269, 0.489855, 0.88769, 0.756466
0.44, 0.0319375, 0.83185, 0.433808, 0.304512, -0.185605, -0.0339694, 0.404302, -0.482093, 0.446387, 0.264964, 0.0451466, 0.695597, 0.463369, 0.405518, 0.950388, 1.06162, 0.881915, 0.825263, 0.698244, 0.653809, 0.668136, 0.530649, 0.947253, 0.806145, 0.854811, 0.257603, 0.611297, 0.742949, 0.576687, 0.706813, 0.732228
0.46, 0.0319375, 0.552581, 0.758151, 0.67917, 0.836592, 0.381196, 0.497009, 0.332867, -0.000150155, 0.0908408, 0.221863, 0.443682, 0.204742, 0.95676, 0.804088, 0.512917, 1.00784, 0.678401, 0.499503, 0.790264, 0.514803, 0.575984, 0.796695, 0.328362, 0.332018, 1.07835, 0.79814, 0.72731, 0.549681, 0.500059, 0.535564
0.48, 0.0319375, -0.0239751, 0.326201, 0.232687, 0.272844, 0.856391, 0.40288, 0.305656, 0.719895, 0.0551318, -0.0989535, 0.409166, 0.860198, 0.935097, 0.529382, 0.420746, 0.713797, 0.41882, 0.876194, 0.469892, 0.120814, 0.321159, 0.749221, 0.424539, 0.539173, 0.600491, 0.522619, 0.515047, 0.364212, 0.328224, 0.567187
0.5, 0.0319375, 0.61398, 0.688084, 0.563368, 0.44582, 1.20213, 0.76444, 0.443909, 0.913416, 0.509508, -0.112427, 0.436147, 0.688318, 0.555237, 0.389606, 0.200838, 0.361367, 0.618423, 0.765401, 0.560701, 0.688856, 0.171636, 0.63727, 0.597328, 0.69754, 0.628827, 0.781843, 0.751673, 0.457054, 0.339551, 0.604321
0.52, 0.0319375, 1.14568, 0.721374, 0.581954, 0.152093, -0.378382, -0.0779053, 0.743457, 0.358718, -0.105183, 0.101384, 0.526356, 0.730127, 0.693605, 0.520609, 0.230073, 0.732355, 0.406814, 0.617549, 0.669736, 0.624614, 0.62865, 0.318242, 0.619415, 0.477772, 0.518287, 0.323817, 0.411873, 0.51616, 0.747324, 0.831515
0.54, 0.0319375, 0.726555, -0.304756, 0.326835, 0.910763, 0.561104, 0.0317571, 0.581639, 0.34703, 0.77492, 0.378811, 0.655487, 0.4755, 0.563952, 0.830401, 1.10028, 0.552082, 0.432582, 0.638203, 0.662673, 0.721684, 0.565808, 0.417688, 0.887034, 0.614416, 0.475151, 0.612727, 0.548025, 0.604174, 0.491203, 0.517664
0.56, 0.0319375, 1.03694, 0.768359, 0.49198, -0.0592319, -0.261205, 0.131432, 0.0503038, 0.71248, 0.794657, 0.35907, 0.700062, 1.20043, 0.259431, 0.841678, 0.504952, 0.785274, 0.985436, 0.439945, 1.15917, 0.474865, 0.365, 0.391987, 0.311496, 0.548307, 0.764646, 0.718319, 0.584744, 0.611019, 1.00988, 0.971158
0.58, 0.0319375, 0.801332, 0.195585, 0.483676, 0.824451, 0.747593, 0.264662, 0.58525, 0.18359, 0.16171, 0.26763, 0.161606, 0.426302, 0.955187, 1.1696, 0.536065, 0.647907, 0.570263, 0.163218, 0.286959, 0.245727, 0.391736, 0.14503, 0.386249, 0.265342, 0.594257, 0.76557, 0.905843, 0.345081, 0.473012, 0.832641
0.6, 0.0319375, 0.486095, -0.181781, 0.147245, 0.642216, 0.690287, 0.376206, -0.360742, 0.361176, 0.59551, 0.479672, 0.689961, 0.540842, 0.514325, 0.53077, 0.715196, 1.10429, 1.05711, 0.437577, 0.564348, 0.318141, 0.571205, 0.101244, 0.567761, 0.27152, 0.400293, 0.46735, 0.376241, 0.496126, 0.768426, 0.800859
0.62, 0.0319375, 0.0476569, -0.156749, 0.328807, 0.66915, 0.769284, 0.513325, 0.219269, 0.150909, 0.365374, 0.259929, 0.555732, 0.545632, 1.01919, 0.584795, 1.20598, 0.705598, 0.215434, 0.792913, 0.680847, 0.386128, 0.471256, 0.349701, 0.369451, 0.818399, 0.583356, 0.597069, 0.874828, 0.98135, 0.89821, 1.05285
0.64, 0.0319375, 0.880363, 0.113138, 0.346002, 0.47289, 0.348253, 0.309732, 0.440332, 0.40482, 0.546552, 0.610661, 0.788827, 0.0101059, 0.482611, 0.506006, 0.195332, 0.888105, 1.03692, 0.808851, 0.803118, 0.856538, 0.936129, 0.60384, 0.476025, 0.446362, 0.404664, 0.748504, 0.741669, 0.816979, 0.889223, 0.733066
0.66, 0.0319375, 0.792841, 0.220523, 0.0657258, 0.276993, 0.838421, 0.577484, 0.731057, 0.347418, -0.127905, 0.194715, 0.197947, 0.565821, 0.726175, 0.247717, 0.397793, 0.644474, 0.860876, 0.739688, 0.860526, 0.253707, 0.542332, 0.640368, 0.636716, 0.434626, 0.679415, 0.615682, 0.662927, 0.815984, 0.747164, 0.795589
0.68, 0.0319375, 0.0472551, 0.771407, 0.265045, 0.315814, -0.254021, 0.157109, 0.336395, 0.59257, 0.717413, 0.69324, 0.772148, 0.72861, 1.79431, 1.33835, 0.837349, 0.737073, 0.775898, 0.407528, 0.877879, 0.596113, 0.781786, 0.591365, 0.302365, 0.297643, 0.668848, 0.83077, 0.679174, 0.749027, 0.878449, 0.590994
0.7, 0.0319375, 0.365227, -0.308289, 0.244242, -0.0537713, -0.177236, 0.497901, 0.879965, 0.532434, 0.923655, 0.804931, -0.0885504, 0.821422, 0.415684, 1.08347, 0.841254, 0.925102, 0.676495, 0.182559, 0.52764, 0.509344, 0.604692, 0.672481, 0.639511, 0.875614, 0.818505, 0.543324, 0.407341, 0.753326, 0.328979, 0.653724
0.72, 0.0319375, 0.662712, 0.400575, 0.344693, 1.01403, 0.849786, 0.453716, 0.054175, -0.258611, 0.437749, 0.5267, 0.232219, 0.32993, 0.588674, 0.931142, 0.802833, 0.99193, 0.510482, 0.627719, 0.544605, 0.886143, 0.933553, 0.846112, 0.569726, 0.653876, 0.328777, 0.624019, 0.0622894, 0.197675, 0.306803, 0.764703
0.74, 0.0319375, 0.724266, 0.42677, 0.0303011, 0.425089, 0.645352, 0.0752963, 0.687775, 0.434544, 0.492899, -0.167866, 0.19705, 0.426761, 0.556629, 0.527298, 0.542199, 0.309007, 0.19572, 0.493593, 0.506288, 0.827781, 0.966763, 0.621478, 0.500018, 0.56011, 0.653921, 0.404318, 0.202647, 0.659138, 0.898227, 0.660289
0.76, 0.0319375, 0.507537, 0.777706, 0.0758116, -0.349181, 0.356442, 0.352254, 0.051576, 0.305234, 0.751335, 0.305989, 0.792453, 1.09293, 0.698107, 0.257804, 0.197404, 0.571265, 0.481013, 0.58161, 0.699127, 0.404732, 0.65272, 0.449976, 0.522413, 0.563253, 0.664255, 0.456584, 0.728173, 0.353394, 0.6629, 0.64029
0.78, 0.0319375, 0.448491, 0.757798, 0.205391, 0.652569, 0.373554, 0.43913, 0.0315528, 0.311617, 0.419258, 0.677881, 0.277779, 0.97706, 0.559337, 0.761083, 0.854687, 0.578598, 0.706944, 0.314121, 0.186949, 0.480504, 0.794136, 0.749658, 0.781679, 0.439709, 0.319033, 0.382136, 0.713226, 0.598179, 0.512501, 0.762773
0.8, 0.0319375, 0.758168, 0.0106125, 0.456027, 0.867126, 0.122383, 0.335905, 0.830574, -0.0516495, 0.387141, 0.454834, 0.0421281, 0.570562, 0.685569, 0.695037, 0.977552, 0.828259, 0.613709, 0.887448, 0.171687, 0.49789, 0.00935681, 0.343466, 0.579628, 0.29252, 0.587701, 0.510082, 0.540872, 0.561853, 0.345349, 0.646773
0.82, 0.0319375, 0.526788, 0.975632, 0.0903116, 0.346871, 0.930639, 0.690255, 0.693597, 0.578262, 0.70832, 0.441432, 0.214586, 0.52666, 0.503142, 0.226044, 0.702798, 0.464404, 0.577897, 0.776372, 0.51078, 0.341532, 0.730125, 0.711911, 0.378537, 0.268087, 0.475277, 0.694866, 0.669595, 0.603693, 0.739242, 0.499342
0.84, 0.0319375, 1.06759, 0.550101, 1.16552, 1.07995, 0.721881, 0.53801, 0.367812, -0.0831422, 0.0967259, -0.0113471, 0.348035, 0.743606, 0.767567, 0.545762, 0.353588, 0.464767, 0.427635, 0.235428, 0.712415, 0.725195, 0.297803, 0.398913, 0.160288, 0.356927, 0.422303, 0.787088, 0.349625, 0.517186, 0.510179, 0.61933
0.86, 0.0319375, -0.201198, 0.566801, 0.408078, 0.673719, 0.473056, 0.229988, 0.266825, 0.218356, 0.767706, 0.731696, 0.918644, 0.722049, 0.772514, 0.0614247, 0.533024, 0.749617, 0.602332, 0.506508, 0.738539, 0.49496, 0.843405, 0.674936, 0.367974, 0.533599, 0.528684, 0.660329, 0.650434, 0.773336, 0.535529, 0.562812
0.88, 0.0319375, 1.15105, 0.900967, 0.254096, 0.065714, 0.121954, -0.459815, 0.0407903, 0.60438, 0.0341489, 0.560282, 0.81084, 0.56488, 0.832911, 0.726464, 0.525681, 0.932549, 0.907122, 0.760494, 1.05384, 0.684087, 0.75044, 0.645524, 0.695601, 0.717334, 0.709059, 0.729053, 0.682806, 0.828589, 0.88383, 0.861431
0.9, 0.0319375, 1.0147, 0.516902, 0.15043, 0.606549, 0.535383, 0.726326, -0.427201, 0.15146, 0.684265, 0.720382, 0.255464, 0.35904, 1.05234, 0.644942, 0.685356, 0.0303228, 0.963667, 0.978411, 0.936819, 0.959921, 0.80516, 0.695623, 0.720312, 0.456286, 0.723002, 0.268585, 0.632581, 0.495754, 0.788005, 0.970977
0.92, 0.0319375, 0.932364, 0.963105, 0.564188, 0.110155, -0.223232, 0.46297, 0.349126, -0.0278156, 0.577899, 0.533895, 0.170685, 0.630641, 0.394045, 0.90847, 0.684405, 0.328813, 0.798537, 0.99116, 0.640555, 0.775533, 0.614379, 0.37391, 0.645876, 0.397014, 0.203738, 0.501441, 0.462547, 0.447133, 0.521402, 0.64029
0.94, 0.0319375, 1.00317, 0.46915, 0.515547, 0.517267, 0.906471, 0.871737, 0.109078, 0.374287, 0.777072, 0.638613, 0.143746, 0.979259, 0.891161, 0.699383, 0.332301, 0.449994, 0.245036, 0.741955, 0.168454, 0.400446, 0.545615, 0.0944376, 0.295252, 0.641513, 0.402889, 0.438877, 0.928939, 0.926778, 0.583376, 0.772704
0.96, 0.0319375, 1.06452, 0.734844, 0.568808, 0.445059, 1.10906, 1.27176, 1.0256, 0.334387, 0.366575, 0.510126, 0.60753, 0.772129, 0.36433, 0.644395, 0.612371, 0.596311, 0.410365, 0.897197, 0.851677, 0.483606, 0.480586, 0.415985, 0.414162, 0.411038, 0.759624, 0.48917, 0.424677, 0.380308, 0.500012, 0.414216
0.98, 0.0319375, 1.22082, 0.462067, 0.132364, 0.397344, 0.320625, 0.0507793, 0.225132, 0.248557, 0.0503558, -0.0211676, 0.346302, 0.536223, 0.278317, 0.641473, 0.60415, 0.546802, 0.797377, 0.591534, 0.636358, 0.729809, 0.396406, 0.62174, 0.663336, 0.659983, 0.704719, 0.531182, 0.764627, 0.683617, 0.354974, 0.763578
1, 0.0319375, 0.632754, 0.496995, 0.230812, -0.0109465, 0.299902, 0.0431808, 0.272596, 0.270842, 0.765072, 0.427982, 0.290471, 0.678985, 1.01581, 0.19073, 0.632429, 0.475908, 0.469821, 0.538635, 0.493663, 0.571459, 0.786698, 0.784398, 0.58301, 0.480899, 0.853954, 0.868982, 0.933902, 0.567111, 0.543332, 0.613696
1.02, 0.0319375, 0.419156, 0.845347, 0.511257, 0.662005, 0.389676, 0.169774, 0.187551, -0.104711, 0.571105, 0.205446, 0.395072, 0.439277, 0.201928, 0.165227, 0.452991, 0.692357, 0.62882, 0.849964, 1.16488, 0.49664, 0.345081, 0.233389, 0.744896, 0.443788, 0.48864, 0.87462, 0.588097, 0.601024, 0.694741, 0.423582
1.04, 0.0319375, 0.62655, 0.410248, 0.446385, 0.521608, 0.625646, -0.0626102, 0.392133, 0.191785, 0.525903, 0.0786258, 0.444014, 0.932592, 0.349154, 0.203229, 0.449101, -0.0791563, 0.515524, 1.11554, 1.14535, 0.749448, 0.734541, 0.345958, 0.429832, 0.756971, 0.69337, 0.394281, 0.584523, 0.797831, 0.830331, 0.771132
1.06, 0.0319376, 0.891965, -0.121253, -0.425984, 0.399424, 1.13605, -0.1748, -0.784963, 0.32846, 0.547042, 0.963871, 1.09391, 0.625742, 0.364378, 0.855098, 0.811438, 0.490353, 0.786416, 1.04938, 1.09964, 0.43852, 0.649689, 0.549068, 0.918356, 0.670644, 0.662445, 0.604216, 0.801286, 0.826958, 0.698054, 0.887548
1.08, 0.0319375, 0.833342, 0.344757, 0.765901, 0.764097, 0.180678, -0.127354, 0.507062, 0.17439, 0.74824, 0.211995, 0.48279, 0.125661, 0.112106, 0.742782, 0.538652, 0.308451, 0.47706, -0.315086, 0.531746, 0.479778, 0.330556, 0.229498, 0.440668, 0.438327, 0.518034, 0.313511, 0.594009, 0.638739, 0.425254, 0.585322
1.1, 0.0319375, 1.27901, 0.715354, 0.637568, 0.551503, 0.822445, 0.49943, 0.226883, 0.301571, 0.286485, 0.343177, 0.586745, 0.465517, 0.393135, 0.349594, 0.616902, 0.117285, 0.577898, 0.194534, 0.589089, 0.551652, 0.429508, 0.116132, 0.345475, 0.875164, 0.795079, 0.408624, 0.696537, 0.81606, 0.779413, 0.628342
1.12, 0.0319375, 0.519554, -0.0764502, -0.0910502, -0.0156155, 0.605464, -0.142421, -0.0238614, 0.00421445, 0.570782, 0.488896, 0.625827, 0.486027, 0.906734, 0.614452, 0.913017, 0.680197, 0.623913, 0.543171, 1.04381, 0.758379, 0.789844, 0.492311, 0.602711, 0.478734, 0.14734, 0.560987, 0.494779, 0.25104, 0.479864, 0.678528
1.14, 0.0319375, 0.54024, 0.750373, 0.014445, 0.863524, 0.682212, -0.0132483, 0.13399, 0.149322, -0.109055, 0.521102, 1.07321, 0.82022, 0.751934, 0.567328, 0.460456, 0.796604, 0.732716, 0.651812, 0.412436, 0.169692, -0.0904966, 0.17319, 0.53865, 0.507472, 0.24905, 0.230323, 0.481624, 0.676434, 0.746515, 0.74317
1.16, 0.0319375, 1.24347, 0.574207, 0.35576, 0.0519961, 0.666345, 0.683123, 0.272576, 0.53601, 0.537662, 0.313403, 1.0264, 1.0782, 0.367963, 1.12759, 0.86585, 0.42393, 0.509349, 0.344736, 0.379382, 0.554978, 0.345856, 0.271151, 0.525397, 0.692143, 0.935483, 0.870426, 0.522257, 0.405576, 0.735246, 0.679471
1.18, 0.0319376, -0.151294, 0.466005, 0.359208, -0.109095, 0.484684, 0.28314, 0.474978, 0.485426, 0.69891, 0.70947, 0.822168, 0.878171, 0.345708, 0.455348, 0.689038, 0.24575, 0.628625, 0.525889, 0.194981, 0.236912, 0.266265, 0.383669, 0.276631, 0.333759, 0.375742, 0.217522, 0.500337, 0.535439, 0.584154, 0.621691
1.2, 0.0319375, 0.65961, 0.567586, 0.437848, 0.710656, 0.381587, 0.156256, 0.611272, 0.0115481, 0.187124, 0.489403, -0.15866, 0.505751, 0.24268, 0.424008, 0.60775, 0.904214, 0.348366, 0.38912, -0.104619, 0.566419, 0.390399, 0.471107, 0.487729, 0.351196, 0.416555, 0.360972, 0.976929, 0.737326, 0.831664, 0.8469
1.22, 0.0319375, 0.378344, 0.411271, 0.746156, 0.703961, 0.337109, 0.721746, 0.698804, 0.600049, 0.774559, 0.452082, 0.512513, 0.70468, 0.419332, 0.582215, 0.883361, 0.577102, 0.696866, 0.67833, 0.345953, 0.452217, 0.0153042, 0.163628, 0.246834, 0.0302004, -0.158958, 0.0935863, 0.389922, 0.450809, 0.375729, 0.60755
1.24, 0.0319375, 0.7428, 0.9151, 0.120531, 0.377664, 0.824936, 0.639233, 0.606503, 0.604413, -0.251051, 0.68052, 0.305445, 1.00534, 0.848665, 0.851047, 0.526583, 0.705349, 0.334518, 0.3464, 0.69365, 0.810601, 0.773109, 0.68077, 1.64796, 1.37498, 0.815929, 0.278389, 0.699926, 1.10481, 1.22817, 1.04996
1.26, 0.0319375, 0.244364, 1.60886, 1.53651, 0.896207, 0.620375, -0.0675071, 0.756778, 0.811742, 0.0689604, 0.409768, 0.285751, 0.522088, 0.194318, -0.0449387, 0.784218, 0.494751, 0.618275, 0.544647, 0.471018, 0.392516, 0.293956, 0.534642, 0.569834, 0.462878, 0.537391, 0.394546, 0.508043, 0.628804, 1.02638, 0.884235
1.28, 0.0319375, 0.581093, 0.732886, 1.05294, 0.353135, 0.617573, 0.322565, 0.486352, 0.0303007, 0.163001, -0.300866, 0.413006, 0.217815, 0.117632, 0.462694, 0.421928, 0.681397, 0.44527, 0.325513, 0.61841, 0.21017, 0.467991, 0.399575, 0.297331, 0.224916, 0.563459, 0.698775, 0.469624, 0.599449, 0.411598, 0.450553
1.3, 0.0319376, 0.361351, 0.514258, 0.599367, 0.342385, 0.821131, 0.970473, 0.498887, 0.733969, 0.994731, 1.32134, 1.12212, 0.675327, 0.76593, 0.236046, 0.433502, 0.580075, 0.655297, 0.94208, 0.921822, 0.667828, 0.308784, 0.64015, 0.641107, 0.542691, 0.336488, 0.547612, 0.461006, 0.968621, 0.870719, 0.772927
1.32, 0.0319375, 0.872791, 0.603224, 0.826197, 0.539993, 0.728837, 0.683267, 0.255279, 0.222713, 0.757301, 0.270052, 0.203853, 0.365008, 0.536872, 0.347785, 0.86944, 0.553676, 0.750084, 1.16465, 1.81952, 1.08372, 0.843595, 0.378732, 0.821551, 0.480559, 0.421406, 0.60223, 0.662193, 0.5203, 0.278057, 0.903111
1.34, 0.0319375, 1.20235, -0.0985506, 0.733614, 0.623774, 0.756759, 0.215522, 1.0312, 0.588285, 0.461847, 0.0500807, 0.472706, 0.522069, 0.2468, 0.47904, 0.610409, 0.440543, 0.303857, 1.08723, 1.34678, 0.73037, 0.255237, 0.052668, 0.193749, 0.28495, 0.261428, 0.440421, 0.363276, 0.321201, 0.220036, 0.60415
1.36, 0.0319375, 0.287447, 0.247181, -0.154875, 0.767949, 0.588393, 0.457581, 0.707835, -0.00293542, 0.346215, 0.769918, 0.00983901, 0.515833, 0.791264, 0.495089, 0.678316, 0.421549, 0.748843, 0.680686, 1.0023, 0.280423, 0.325246, 0.296034, -0.0395638, 0.329871, 0.437676, 0.528632, 0.729735, 0.311332, 0.518429, 0.813949
1.38, 0.0319375, -0.127545, -0.105699, 0.0395457, 0.80283, 0.7641, -0.0260448, 0.495424, -0.291254, -0.0345031, -0.117546, 0.210417, 0.602053, 0.744895, 0.769978, 0.74901, 0.768457, 0.961069, 0.308361, 0.604738, 0.924492, 0.347175, 0.186742, 0.766742, 0.51433, 0.462075, 0.34613, 0.632143, 0.744533, 0.603198, 0.680269
1.4, 0.0319375, 0.647475, 0.467685, 0.473872, -0.0720175, 0.437086, 0.326801, -0.394364, -0.162114, 0.361012, 0.067121, -0.0429518, -0.105153, 0.450844, 0.744423, 0.755139, 0.518137, 0.270036, 0.588236, 0.8759, 0.84321, 0.226382, 0.559266, 0.714255, 0.338135, 0.390309, 0.283862, 0.667007, 0.733099, 0.802199, 0.939641
1.42, 0.0319376, 1.488, 0.627508, 0.0265323, 0.504721, -0.110964, 0.153787, 1.21036, 0.488948, 1.05449, 0.639145, 1.11498, 1.71256, 1.09559, 1.26345, 0.874927, 0.968014, 1.22196, 1.28788, 0.833079, 1.04998, 0.753007, 0.693858, 1.00485, 0.800524, 0.806494, 0.865871, 1.20991, 0.987676, 1.13593, 0.918425
1.44, 0.0319375, 0.314288, 0.798367, 0.619907, 0.118246, 0.212893, 0.566702, 0.258433, 0.261166, 0.103009, 0.752276, -0.158796, 0.384784, 0.518791, 0.303293, 0.233587, 0.17855, 0.489189, 0.999925, 0.16489, 0.732359, 0.617506, 0.742231, 0.314872, 0.49536, 0.0843868, 0.572694, 0.679841, 0.911948, 0.649905, 0.540891
1.46, 0.0319375, 0.0686405, 0.684835, 0.50554, 0.292409, 0.187355, 0.525813, 0.564665, -0.0117047, -0.0440625, -0.349041, 0.305801, 0.377686, 0.194956, 0.407174, 0.486448, 0.60306, 0.944575, 0.982272, 0.898805, 0.943699, 0.716457, 0.270302, 0.410023, 0.463572, 0.166747, 0.358215, 0.592423, 0.66128, 0.870071, 0.831344
1.48, 0.0319375, 0.453697, 0.51087, 0.722259, 0.564121, 0.604602, 0.690812, -0.366744, -0.0461273, 0.465849, 0.286386, 0.327183, 1.12002, 0.459664, 0.407637, 0.3178, 0.493651, 0.998375, 0.832477, 0.703662, 0.739411, 0.524423, 0.749372, 0.592438, 0.482177, 0.514388, 0.647555, 0.661418, 0.806909, 0.809776, 0.868483
1.5, 0.0319375, 0.00126961, 0.695466, -0.709326, -0.00557579, 0.150216, 0.416268, 0.451753, 0.453235, 0.607695, 0.943562, 1.07175, 0.865661, 0.48966, 0.335025, 0.298578, 0.19262, 1.06724, 1.00292, 0.929343, 0.794627, 0.401707, 0.760161, 0.957844, 0.333267, 0.52651, 0.309239, 0.777567, 0.734168, 0.760956, 0.767126
1.52, 0.0319375, -0.381422, 0.464748, 0.369548, -0.254275, 0.548073, 0.263887, 0.77554, 0.748908, 0.794395, 0.515713, 0.573199, 0.890856, 0.321113, 0.47647, 0.243957, 0.677844, 0.215478, 0.642539, 0.409188, 0.397493, 0.501668, 0.639509, 0.439632, 0.332575, 0.629397, 0.69015, 0.644308, 0.742517, 0.525962, 0.886597
1.54, 0.0319375, 0.852597, 0.762586, -0.303081, 0.115087, 0.506441, 0.446398, 0.712892, 0.698089, 0.0649653, -0.0772904, -0.221773, 0.372811, 0.478316, 0.616955, 0.340919, 0.263817, 0.383534, 0.32315, 0.223722, 0.548216, 0.284035, 0.289026, 0.424987, 0.669386, 0.633878, 0.776005, 0.328631, 0.460778, 0.731622, 1.13445
1.56, 0.0319376, 0.246614, 0.405375, 0.379394, 0.271561, 0.863852, 0.621008, 0.391535, -0.0113182, -0.193045, 0.100081, 0.321042, 0.262537, 0.474798, 0.979232, 0.821591, 0.66403, 0.0390173, 0.706504, 0.824617, 0.357551, 0.287342, 0.613593, 0.567062, 0.554277, 0.586367, 0.344159, 0.570438, 0.524638, 0.810299, 0.947554
1.58, 0.0319375, 0.214182, 0.78146, 0.922947, 0.0833286, -0.0618234, 0.248764, -0.147849, -0.0182008, 0.143257, 0.285458, -0.184867, 0.691788, 0.464852, 0.823567, 0.875736, 0.675027, 0.766351, 1.15859, 0.915855, 0.369782, 0.564737, 0.62828, 0.659679, 0.473752, 0.393712, 0.329577, 0.642767, 0.66475, 0.824749, 0.580734
1.6, 0.0319375, 0.91296, 1.23689, 0.362212, 0.293111, 0.102057, -0.00540097, 0.398011, 0.163119, 0.294767, -0.350641, -0.268334, -0.123012, 0.69356, 0.614767, 0.836102, 0.883869, 0.832201, 0.744984, 0.859157, 0.275664, 0.625842, 0.50674, 0.730051, 0.56736, 0.501821, 0.343446, 0.722711, 0.589352, 0.34095, 0.665975
1.62, 0.0319375, 0.0464503, 0.304852, 0.19558, 0.478383, 0.557157, -0.262019, 0.117931, 0.770185, 0.775264, 0.937985, 0.25246, 0.522718, 0.847145, 0.558968, 0.738324, 1.38828, 0.857849, 0.821421, 0.934158, 0.533359, 0.252962, 0.221662, 0.444574, 0.58449, 0.295655, 0.781049, 0.733112, 0.75331, 0.967304, 1.03238
1.64, 0.0319375, 0.267552, 0.637521, 0.0155946, -0.989036, 0.134565, 0.842872, 0.969097, 0.563055, 0.193831, 0.652288, 0.608356, 0.740432, 0.475566, 0.55524, 0.60448, 0.413706, 0.793424, 0.608502, 0.35004, 0.80964, 0.513866, 0.383993, 0.326353, 0.0886268, 0.423651, 0.438473, 0.565922, 0.681487, 0.340749, 0.450709
1.66, 0.0319375, 0.0146262, 0.35701, 0.607169, 0.25945, 0.514987, 0.0398527, 0.274072, 0.276343, 0.0702276, 0.581838, 0.334464, 0.201351, 0.913647, 0.909489, 0.23338, 0.623423, 0.839203, 1.16916, 0.809269, 0.877552, 0.546323, 0.502068, 0.603758, 0.416462, 0.728923, 0.584115, 0.538933, 0.49219, 0.871854, 0.453682
1.68, 0.0319376, 0.809467, 0.497164, 0.445998, 0.666614, 0.198881, 0.0262617, 0.545984, 1.02166, 1.14662, 0.939654, 0.623004, 0.324905, 0.476468, 0.738518, 0.676548, 0.71226, 0.779734, 0.856076, 0.888726, 0.762595, 0.565171, 0.166492, 0.369333, 0.530134, 0.749359, 0.527008, 0.605064, 0.624563, 0.614403, 0.786871
1.7, 0.0319375, 0.836713, 0.583201, 0.472428, 0.603204, 0.115843, 0.210966, 0.255367, 0.513912, 0.428114, 0.539269, 0.435031, 0.376478, 0.674025, 0.998345, 0.38193, 0.626472, 0.999934, 0.742907, 0.907808, 0.892323, 0.551064, 0.791377, 0.52321, 0.496909, 0.386026, 0.419179, 0.429694, 0.357258, 0.420591, 0.680513
1.72, 0.0319375, 0.221131, 0.843023, 0.538018, 0.0980957, 0.432019, 0.812382, 0.904207, 0.522912, 0.425583, 0.342833, -0.600317, -0.00534458, -0.126186, 0.834505, 0.769284, 1.09032, 0.806698, 0.552383, 0.44957, 0.251446, 0.348011, 0.755131, 0.448802, 0.326172, 0.847516, 0.46378, 0.659105, 0.797373, 0.752182, 0.542163
1.74, 0.0319375, 1.0322, 0.478703, 0.775354, 0.307162, 0.220943, 0.395752, 0.303148, 0.883806, 0.774575, -0.101971, -0.222995, 0.223678, 0.951772, 0.950622, 0.344375, 0.557739, 0.947957, 0.804995, 0.51241, 0.65134, 0.57942, 0.419442, 0.509472, 0.564382, 0.817742, 0.808432, 0.880268, 0.58413, 0.609383, 0.87979
1.76, 0.0319375, 0.407975, 0.460328, 0.201773, -0.200487, -0.347904, 0.303887, 0.367035, 0.832062, 0.451973, 0.326825, -0.319932, 0.4731, 0.461342, 0.999306, 0.640799, 0.683037, 0.578277, 0.760464, 0.361306, 0.432421, 0.425233, 0.00736474, 0.324582, 0.375137, 0.637894, 0.632457, 0.387696, 0.7618, 1.02846, 0.998809
1.78, 0.0319375, 0.241744, 0.797193, 0.970216, 0.210355, -0.501864, 0.295298, 0.375513, 0.0309894, 0.691795, 0.624898, 0.645682, 0.750821, 0.724956, 1.04777, 0.894801, 0.512796, 0.600614, 0.619453, 0.655497, 0.488398, 0.398544, 0.468253, 0.556893, 0.442352, 0.844344, 0.629317, 0.479179, 0.584333, 0.763065, 0.666432
1.8, 0.0319376, 1.4746, 0.602289, -0.404934, 0.115583, 0.771054, 0.696158, 0.0431873, 0.548039, 0.499938, 0.771834, 0.899545, 0.442332, 0.687736, 1.11191, 0.849653, 0.34107, 0.706118, 0.741498, 0.123699, 0.452481, 0.77051, 0.463976, 0.758168, 0.453279, 0.41969, 0.493911, 0.637683, 0.638642, 0.670398, 0.582078
1.82, 0.0319375, 1.10698, 0.272958, 0.124497, -0.137141, -0.0855276, -0.243949, 0.265544, 0.698536, 0.354414, -0.0197233, 0.503416, 0.716504, 0.592399, 0.801562, 0.700184, 0.485538, 0.605023, 0.935682, 0.769648, 0.315952, 0.154814, 0.326616, 0.416682, 0.409196, 0.83036, 0.436326, 0.429618, 0.927692, 0.80929, 0.901955
1.84, 0.0319375, 1.23765, 0.0758863, 0.623218, -0.308518, -0.376071, 0.659113, 0.433556, 0.399668, 0.235214, 0.398243, 0.985689, 0.609253, 0.353985, 0.931433, 0.745926, 0.640816, 0.7335, 0.710091, 0.955796, 0.545971, 0.2097, 0.485646, 0.410089, 0.11825, 0.206805, 0.510115, 0.483157, 0.803155, 1.07262, 1.05295
1.86, 0.0319375, 0.492041, 0.178737, 1.14643, -0.0996556, -0.0938263, 0.45913, 0.433174, 0.427951, 0.657019, 0.510452, 0.309939, 0.628853, 0.883517, 0.984137, 1.03895, 0.578985, 1.14482, 1.19827, 0.575433, 0.632058, 0.531038, 0.240629, 0.467624, 0.668916, 0.50458, 0.349888, 0.634588, 0.685399, 0.174268, 0.467725
1.88, 0.0319375, 0.981991, 0.326168, 0.738329, 0.671153, -0.167766, 0.132889, -0.0233225, 0.342024, 0.0912753, 0.135694, 0.329241, 0.423919, 0.936595, 0.833339, 0.897427, 0.806098, 0.999899, 0.681951, 0.732774, 0.232187, 0.182642, 0.309587, 0.823781, 0.382744, 0.345272, 0.537318, 0.690663, 0.822178, 0.60625, 0.680649
1.9, 0.0319375, 0.250966, 1.92768, 2.18742, 1.74231, 1.77438, 0.868124, 0.979197, 1.08804, 1.05308, 0.451049, 0.453321, 1.14523, 0.418569, 0.509071, 0.515018, 0.328543, 0.205945, 0.333614, 0.665355, -0.0849989, 0.726707, 0.680248, 0.440769, 0.542939, 0.525531, 0.564664, 0.530656, 0.485364, 0.503465, 0.675411
1.92, 0.0319376, 0.826541, 1.55269, 0.518709, 0.526124, 1.14077, 0.400365, 0.0558829, 0.582603, 0.759938, 0.678311, 0.508066, 0.427591, 0.0437564, 0.435485, 0.705348, 0.585575, 0.545609, 0.568491, 0.747828, 0.570716, 0.84369, 0.589312, 0.349147, 0.597543, 0.513232, 0.500592, 0.717895, 0.512766, 0.731235, 0.759184
1.94, 0.0319375, 0.498268, 1.01657, 0.586351, 0.081201, -0.0695065, -0.491073, 0.0485424, 0.289256, 0.392613, 0.405297, 0.433253, 0.184013, 0.364429, 0.71952, 0.618531, 0.292855, 0.697927, 0.602707, 0.439968, 0.913888, 0.41692, 0.838214, 0.373418, 0.547276, 0.366659, 0.122312, 0.608627, 0.753696, 0.455969, 0.57216
1.96, 0.0319375, 0.39182, 0.866007, 1.02913, -0.122, -0.0132872, 0.026233, 0.401762, 0.738754, 0.148023, 0.456821, 0.677551, 0.918176, 0.253429, 0.635476, 0.573455, 0.433406, 0.637034, 0.540886, 0.66761, 0.392457, 0.537733, 0.450777, 0.389543, 0.634416, 0.540521, 0.420079, 0.184196, 0.876229, 0.780536, 0.631636
1.98, 0.0319376, 0.492313, 0.915185, 0.783147, 0.101764, 0.244908, 0.14763, 0.363612, -0.082266, 0.437502, 0.879762, 0.412712, 0.0938056, 0.654518, 0.529897, 0.421403, 0.122877, 0.367575, 0.717561, 0.65495, 0.410732, 0.305236, 0.435905, 0.519486, 0.498566, 0.766896, 0.634715, 0.334049, 0.565241, 0.628827, 0.806894
2, 0.0319376, 1.31423, 0.552073, 0.675024, 0.616186, 0.554871, 0.207679, 0.102333, -0.379638, 0.365984, -0.326331, 0.0554405, 0.125914, 0.40523, 0.760239, 0.466777, 0.316232, 0.677769, 0.34669, 0.757047, 0.41738, 0.239096, 0.297691, 0.792933, 0.476935, 0.214032, 0.502561, 0.703629, 0.70977, 0.395491, 0.588648
2.02, 0.0319376, 0.862294, 0.621419, 0.193371, -0.0373241, -0.140293, 0.644953, 0.533304, -0.264162, -0.0338777, 0.0234154, 0.512751, 0.388625, 0.765313, 0.733979, 0.303105, 0.488688, 0.643705, 0.774641, 0.362064, 0.510373, 0.344421, 0.300899, 0.696719, 0.562062, 0.461728, 0.527137, 0.445612, 0.6073, 0.566166, 0.676069
2.04, 0.0319376, 1.06709, 0.851735, 1.18596, 0.0993186, 0.0800721, -0.299872, 0.0879159, -0.0888088, -0.382884, -0.068565, 0.704392, 0.498259, 0.40691, 0.964271, 1.36106, 0.80308, 0.565657, 0.697178, 0.626462, 0.319654, 0.310168, 0.539356, 0.447456, 0.976437, 1.2925, 0.645062, 0.845443, 0.639958, 0.548905, 0.894055
2.06, 0.0319376, 1.30101, 0.770084, 0.463732, 0.44909, 0.583409, 0.160294, -0.126027, 0.478445, 0.108037, -0.0250001, 0.680227, 0.571827, 0.367369, 0.700457, 0.668554, 0.755002, 0.360768, -0.00175917, 0.877969, 0.818564, 0.460879, 0.34971, 0.495687, 0.721782, 0.770446, 0.391856, 0.360835, 0.653795, 0.568316, 0.493982
2.08, 0.0319376, 0.797152, 1.0058, 0.455145, -0.329426, 0.810726, 0.0731188, 0.431336, 0.340783, -0.0320229, 0.581152, 0.60632, 0.445645, 0.766655, 0.263345, 0.515988, 0.420858, 0.631648, 0.842857, 0.605594, 0.216858, 0.360865, 0.500006, 0.675949, 0.673184, 0.50762, 0.159295, 0.662186, 0.84141, 0.771276, 0.604864
2.1, 0.0319376, 0.453677, 0.216829, 0.111695, 0.498961, 0.628252, 0.95096, -0.431835, -0.13867, 0.0422042, 0.579132, 0.237802, 0.762251, 1.03191, 0.950658, 0.823716, 0.862555, 0.643127, 0.861493, 0.861412, 0.235417, 0.231481, 0.202376, 0.545832, 0.515996, 0.60006, 0.294635, 0.438168, 0.55158, 0.675293, 0.670965
2.12, 0.0319376, 0.877294, 0.861634, 0.577343, 0.488506, 1.43146, 1.04447, 0.0769628, 0.296139, 0.340902, -0.0689506, 0.0709893, 0.269973, 0.621141, 0.911485, 0.919003, 1.11627, 0.910662, 0.833543, 0.855473, 0.539062, 0.453146, 0.348682, 0.632881, 0.366939, 0.394472, 0.554761, 0.678505, 0.443643, 0.671044, 0.894779
2.14, 0.0319374, 0.622364, 0.988413, 0.898888, 0.967673, 0.687492, -0.158875, 0.385903, -0.0854354, -0.00620312, 0.778441, 0.245563, 0.788457, 0.920393, 0.0609486, 0.297855, 0.579181, 0.444174, 0.733269, 0.603275, 0.758398, 0.659417, 0.464866, 0.759689, 0.86587, 0.773866, 0.529862, 0.534943, 0.520382, 1.06165, 1.02652
2.16, 0.0319374, 0.625622, 0.0618333, 0.459418, 0.433076, 0.436732, 0.1462, -0.00917597, 0.315549, 0.511104, 0.165735, 0.329082, 0.692692, 0.324588, 0.763334, 0.84858, 0.577005, 0.675647, 1.02303, 0.75776, 0.172249, 0.457563, 0.509376, 0.61225, 0.636629, 0.798891, 0.417882, 0.541213, 0.723053, 0.718265, 0.716162
2.18, 0.0319374, 0.849946, 0.963424, 1.0515, 0.932921, 0.515557, -0.165805, 0.017689, 0.523859, 0.274379, 0.459624, 0.794781, 0.907658, 0.659103, 0.816739, 0.693769, 0.597429, 0.811308, 0.449986, 0.476073, 0.571379, 0.570832, 0.630354, 0.434494, 0.479612, 0.598005, 0.639135, 0.714726, 1.04061, 0.589447, 0.774156
2.2, 0.0319374, 0.73408, 0.724075, 0.268335, 0.762605, 1.14964, 0.70645, -0.474946, -0.410083, -0.824107, -0.136138, 0.0391778, 1.00602, 0.604614, 0.319884, 0.642009, 0.74209, 0.674432, 0.48312, 0.310718, 0.440911, 0.398163, 0.140724, 0.502561, 0.379781, 0.590053, 0.604066, 0.608517, 0.322602, 0.628102, 0.784343
2.22, 0.0319374, 1.10705, 0.672101, 0.621765, 0.549844, 0.899995, 0.245005, 0.381127, 0.499829, 0.0723282, 0.764428, 0.34488, 0.328676, 0.269809, 0.410624, 0.0856754, 0.470634, 0.951495, 1.06338, 1.00944, 0.766979, 0.319909, 0.44166, 0.34336, 0.266518, 0.358869, 0.697979, 0.660069, 0.460218, 0.304405, 0.482849
2.24, 0.0319376, 1.17158, 1.32486, 0.616097, 0.243379, -0.0594245, -0.181663, 0.173225, -0.412467, -0.122852, 0.142637, -0.212308, 0.259193, 0.397555, 0.557844, 0.678504, 0.482761, 0.514928, 0.428113, 0.800551, 0.625243, 0.534563, 0.570552, 0.319808, 0.211323, 0.524771, 0.496685, 0.39241, 0.52428, 0.215168, 0.244801
2.26, 0.0319376, 0.761501, 0.443484, 0.474628, 0.398436, 0.687447, 0.645537, 0.408677, 0.594141, 0.37561, -0.0565584, 0.390648, 0.715477, 0.212758, 0.483132, 0.44704, 0.859462, 0.473983, 0.585016, 0.269737, 0.175835, 0.444914, 0.602599, 0.712883, 0.506637, 0.627798, 0.323715, 0.424801, 0.541523, 0.782206, 0.790746
2.28, 0.0319376, 1.20574, 0.408596, 0.482933, 0.299699, 0.24918, -0.0421752, -0.0984269, 0.347057, 0.379114, 0.177329, 0.115732, 0.659716, 0.85499, 1.26922, 0.794994, 0.427434, 0.803418, 0.582514, 0.523773, 0.457173, 0.611397, 0.455107, 0.217725, 0.611229, 1.05224, 0.694952, 0.870237, 0.805395, 1.04661, 0.97904
2.3, 0.0319376, 0.806794, 0.776274, 0.888559, 0.210654, 0.126274, 0.571399, 0.591947, 0.774076, 0.89782, 1.24155, 0.787542, 0.482483, 0.738755, 0.632501, 0.711248, 0.527905, 0.482595, 0.726967, 0.897078, 0.752653, 1.0169, 0.651918, 0.670386, 0.602706, 0.928362, 0.857791, 0.939298, 0.934311, 1.07327, 1.09403
2.32, 0.0319376, -0.422211, 0.453013, 0.523772, -0.0473323, 0.72376, 0.202729, -0.0191298, 0.769596, 0.576314, 0.106228, 0.171596, 0.406038, 0.481591, 0.598929, 0.724409, 0.716588, 0.425601, 0.675639, 0.655921, 0.500355, 0.778717, 0.433735, 0.183519, 0.456911, 0.413523, 0.403113, 0.694335, 0.422368, 0.418171, 0.691766
2.34, 0.0319376, 0.412101, 0.910377, 0.30268, 0.873995, 0.45641, 0.151658, -0.05009, -0.37671, -0.0433587, 0.901182, 0.397673, 0.0676625, 0.829902, 0.715303, 0.550143, 0.551127, 0.527212, 0.738203, 0.475661, 0.55777, 0.600268, 0.543606, 0.0236558, 0.348862, 0.303453, 0.465596, 0.505895, 0.499688, 0.748737, 0.6906
2.36, 0.0319376, 0.624977, 1.39964, 0.910348, -0.674717, 0.295053, 0.444589, -0.124646, 0.618852, 0.695005, 0.442361, 0.44436, 1.01566, 0.870196, 0.550345, 0.614513, 0.794135, 0.716902, 0.907836, 0.705099, 0.433981, 0.516764, 0.502905, 0.348126, 0.387352, 0.467261, 0.583371, 0.649241, 0.627359, 0.535581, 0.502135
2.38, 0.0319374, 0.590846, -0.178423, -0.361403, -0.184589, -0.0468041, 0.369583, 0.389196, 0.193759, 0.136231, 0.617782, 0.490326, 0.445685, 0.111038, 0.33998, 0.398, 0.263863, 0.328047, 0.313463, 0.564448, 0.265534, 1.01372, 0.833814, 0.609804, -0.0960451, 0.0205465, 0.279864, 0.518814, 0.647017, 0.682204, 0.821191
2.4, 0.0319374, 0.456632, 0.990066, 0.392727, 0.0461404, 0.516325, 0.836356, 0.216532, -0.0421086, 0.318601, 0.701247, 0.506369, 0.0143967, 0.528019, 0.896051, 0.651773, 1.04732, 0.822786, 0.95966, 1.13798, 0.763877, 0.951218, 1.03604, 0.603743, 0.607146, 0.897383, 0.749139, 0.524271, 0.655935, 0.836814, 1.03908
2.42, 0.0319374, 0.843744, 0.0418815, 0.190379, 0.307332, 0.250299, -0.442012, -0.330294, 0.205623, 0.367552, -0.11645, 0.349219, 0.249618, 0.64312, 0.155478, 0.454021, 0.598298, 0.522966, 0.784535, 0.873647, 1.03746, 0.745528, 0.562096, 0.645505, 0.498228, 0.286848, 0.534964, 0.500064, 0.687903, 0.788057, 0.619958
2.44, 0.0319374, 0.643859, 0.882169, 0.352405, 0.440958, 0.724196, -0.388234, -0.177604, 0.49309, 0.418711, 0.513707, 0.385997, 0.413834, 0.53964, 0.962258, 0.635694, 1.28261, 1.15732, 0.740167, 0.752862, 0.571464, 0.476318, 0.879506, 0.667281, 0.323797, 0.272524, 0.688729, 0.47626, 0.8332, 0.693065, 0.8451
2.46, 0.0319374, 0.604662, 0.340134, 0.0653885, -0.453034, 0.426512, -0.211925, 0.813221, 0.814978, 0.330574, 0.233567, 0.731672, 0.91505, 0.824523, 1.28977, 1.0345, 1.41874, 1.2959, 0.885164, 1.1219, 1.29166, 0.973487, 1.07666, 1.06287, 1.05468, 0.878735, 1.12427, 1.0719, 1.14106, 0.848056, 0.94196
2.48, 0.0319376, 0.648763, 1.04032, 0.629246, -0.0775633, 0.723266, 0.478652, 0.625275, 0.326573, 0.679452, 0.328004, -0.217195, 0.292665, 1.14136, 1.04822, 1.35664, 1.54207, 0.812719, 1.21701, 1.25498, 1.26403, 0.830416, 0.710349, 0.76673, 0.642385, 0.730306, 0.937269, 0.912482, 0.71291, 0.613006, 0.732122
2.5, 0.0319376, 1.27572, 0.78295, 0.620337, 0.189038, 0.73678, 0.714085, 0.268019, 0.387443, -0.0027818, 0.407263, 0.0497075, 0.21679, 0.440724, 0.331512, 0.520992, 0.650439, 0.558717, 1.11107, 0.644217, 0.494578, 0.474908, 0.643574, 0.512531, 0.713392, 0.632716, 0.592428, 0.502681, 0.548063, 0.530559, 0.538848
2.52, 0.0319376, 0.117473, 0.686246, 0.474088, -0.454791, -0.0308085, 0.875934, 0.104557, -0.111975, 1.14078, 0.69525, 0.201777, 0.56089, 0.218227, 0.958774, 1.2338, 0.87685, 0.416382, 0.688085, 0.394901, 0.599118, 0.681755, 0.257668, 0.468649, 0.473404, 0.389794, 0.360176, 0.697873, 0.638984, 0.579467, 0.488063
2.54, 0.0319376, 1.7159, 1.37805, 0.552354, 0.00222328, 0.660359, 0.495855, 0.247615, 0.232126, 0.652398, 0.477513, 0.835995, 0.387235, 0.30256, 0.671274, 0.738256, 1.02059, 0.960928, 0.691234, 0.828188, 0.475878, 0.619445, 0.627787, 0.129611, 0.725466, 0.636739, 0.339245, 0.633786, 0.963243, 0.850523, 0.604012
2.56, 0.0319376, 0.0931686, 0.557691, 0.0597081, -0.0367614, 0.0963274, 0.177469, 0.0918939, 0.509488, 0.446236, 0.133863, 0.358334, 0.668239, 0.318546, 0.87948, 1.01027, 0.824271, 0.705505, 0.862422, 0.524651, 0.900865, 0.55768, 0.618237, 0.775485, 1.01757, 0.546594, 0.818941, 0.714406, 0.472623, 0.497258, 0.705865
2.58, 0.0319376, 0.905441, 0.741627, 0.146665, -0.136719, 0.0978693, 0.608036, 0.314363, -0.00254167, 0.431305, 0.282384, 0.122524, 0.33811, 0.0854444, 1.20355, 1.45592, 1.46742, 1.29056, 0.788155, 0.668024, 0.771078, 0.67845, 0.379876, 0.698014, 0.608598, 0.452424, 0.362591, 0.47837, 0.817507, 0.927563, 1.16345
2.6, 0.0319376, 0.95843, 0.250091, 0.0132051, 0.356962, 0.353138, -0.317947, 0.283223, 0.698573, 0.928982, 0.371625, 0.0308547, 0.805252, 0.849793, 0.34708, 0.44712, 0.994816, 0.8112, 0.549724, 0.732013, 0.194292, 0.358615, 0.515078, 0.318033, 0.617493, 0.55935, 0.649476, 0.733845, 0.800393, 0.459546, 0.437392
2.62, 0.0319376, 1.18588, 1.16905, 0.745331, -0.116254, -0.181322, 0.263347, 0.0292146, 0.466189, 0.728884, 0.788141, 0.795224, 0.606255, 0.775695, 0.74324, 0.735029, 0.5168, 0.282383, 0.404819, 0.462348, 0.312636, 0.254139, 0.043261, -0.0852056, 0.182523, 0.762654, 0.559405, 0.378755, 0.44439, 0.502474, 0.616205
2.64, 0.0319374, -0.601849, 0.00857611, -0.0858833, 0.267985, 0.773504, 0.709916, 0.302268, -0.68148, 0.242779, 0.431602, 0.226097, 0.161341, 0.0821894, 0.585341, 0.569381, 0.122568, 0.286365, 0.606043, 0.538776, 0.395731, 0.653171, 0.141751, 0.231089, 0.375556, 0.321525, 0.577502, 1.0121, 0.690547, 0.4928, 0.549288
2.66, 0.0319374, 0.190188, 0.714815, 0.162524, 0.193527, 0.240515, 0.244046, 0.493627, 0.451391, 0.429537, 0.571728, 0.56789, 0.744115, -0.0313684, 0.420363, 0.30212, 0.836681, 0.814869, 0.657139, 0.461362, 0.526843, 0.0729293, 0.268993, 0.764647, 0.215691, 0.381446, 0.195171, 0.446406, 0.656819, 0.425374, 0.732595
2.68, 0.0319374, 0.905393, 0.305864, -1.14386, -0.402031, 0.216395, 0.240612, 0.677024, 0.674734, 0.465691, 0.16624, 0.179869, 0.613561, 0.990726, 1.05194, 0.428813, 0.0891715, 0.379095, 0.635008, 0.591911, 0.342557, 0.18929, -0.076199, 0.308223, 0.562253, 0.466557, 0.280361, 0.676536, 0.668036, 0.531614, 0.548172
2.7, 0.0319374, 0.632278, 1.05745, 0.609672, 0.452711, -0.411939, -0.411408, -0.0302222, -0.188986, 0.104158, 0.503478, 0.30807, 0.230363, 0.224157, -0.552151, -0.000446956, 0.400675, 0.458578, 0.543939, 0.243227, 0.648199, 0.576942, 0.355208, 0.47195, 0.489618, 0.665274, 0.711423, 0.745227, 0.488583, 0.603542, 0.861715
2.72, 0.0319374, 1.27111, 1.12083, 0.481823, -0.23675, 0.414561, -0.00737003, -0.165552, -0.0225153, 0.250724, 0.275643, 0.0401725, 0.631596, 0.730284, 0.543503, 0.338401, 0.889863, 0.688329, 0.325435, 0.209053, 0.361226, 0.409899, 0.333521, 0.596648, 0.461802, 0.540465, 0.234417, 0.446574, 0.433449, 0.519988, 0.760201
2.74, 0.0319376, 0.272565, 0.619652, 0.349382, 0.188507, 0.391162, 0.38846, 0.0905445, 0.222008, 0.233384, 0.776083, 0.0821174, 0.208065, 0.909059, 1.1747, 0.703617, 0.0938778, 0.199051, 0.361613, 0.565308, 0.33733, 0.215107, 0.5013, 0.588359, 0.0684688, 0.332314, 0.528315, 0.742676, 0.472208, 0.546961, 0.684762
2.76, 0.0319376, 0.314297, 0.64921, 0.789614, 0.168919, 0.392617, 0.0119676, 0.0495393, -0.320615, 0.0335165, 0.228303, 0.0459663, 0.527528, 0.470328, 0.864953, 0.243555, 0.559045, 0.592141, 0.288311, 0.202719, 0.298791, 0.6586, 0.701572, 0.702394, 0.436233, 0.486622, 0.465456, 0.46991, 0.549236, 0.508164, 0.863569
2.78, 0.0319376, 0.942231, -0.0766726, 0.310233, 0.77359, 0.512952, -0.0154524, 0.045739, 0.330457, 0.418375, 0.0735604, -0.225955, 0.431859, 1.10818, 1.08345, 0.676747, 0.525201, 0.562901, 0.447023, 0.529424, 0.618923, 0.64556, 0.545179, 0.463325, 0.513872, 0.645835, 0.531905, 0.488149, 0.474079, 0.369089, 0.604518
2.8, 0.0319376, 1.08998, 0.721976, 0.856073, 0.189071, 0.164809, 0.0179348, 0.195041, 0.0202074, 0.369076, 0.458679, 0.248955, 0.534065, 0.745435, 0.999415, 1.07599, 0.711263, 0.635767, 0.71513, 0.300221, 0.434153, 0.087467, -0.0336278, 0.392701, 0.658117, 0.638239, 0.385717, 0.464259, 0.765492, 0.359485, 0.588502
2.82, 0.0319376, 0.200402, 0.413034, 0.470598, -0.152612, 0.387645, 0.42196, 0.353723, 0.34652, 0.308793, 0.253581, 0.63707, 0.465669, 0.118435, 0.567544, 0.526196, 0.340902, 0.909171, 0.868932, 0.510742, 0.269364, 0.366195, 0.149323, 0.359451, 0.617523, 0.556074, 0.174706, 0.851706, 0.732634, 0.564355, 0.579692
2.84, 0.0319376, 0.148858, 0.569919, 0.982066, 0.128887, 0.146275, 0.848961, 0.605719, 0.526416, 0.479053, 0.460914, 0.329085, 0.437044, 0.787959, 1.02353, 0.635826, -0.049503, 0.269131, 0.961715, 1.02029, 0.735547, 0.392321, 0.520491, 0.566081, 0.421696, 0.51052, 0.739367, 0.954449, 1.27541, 1.02458, 1.23715
2.86, 0.0319376, 0.710092, 0.423366, -0.364356, 0.471635, 0.154449, 0.683171, 0.461211, 0.551045, 1.134, 0.103302, 0.050099, 0.85771, 1.05493, 0.467857, 0.88618, 0.734646, 1.20734, 0.31002, 0.706347, 0.539335, 0.565811, 0.125846, 0.255509, 0.642136, 0.824697, 0.614645, 0.819294, 0.745169, 0.96333, 0.76715
2.88, 0.0319374, 0.249626, 0.315476, 0.0561412, 0.446059, -0.164967, 0.453748, 0.742898, 0.35841, 0.448979, 0.710822, 0.88006, 0.502424, 0.120891, 0.588757, 0.593419, 0.594976, 0.954212, 0.584557, 0.651023, 0.706013, 0.384901, 0.585538, 0.473853, 0.408067, 0.774488, 0.473877, 0.631319, 0.65206, 0.617736, 0.722014
2.9, 0.0319374, 0.939946, 0.856456, 0.687738, 0.761614, 0.379031, 0.474869, 0.386169, 0.305694, 0.236005, 0.773346, 0.442815, 0.0224945, 0.822387, 0.928431, 0.314956, 0.525867, 0.186736, 0.355561, 0.369236, 0.159468, 0.279315, 0.487792, 0.0371561, 0.687013, 0.459286, 0.464195, 0.371769, 0.609583, 0.371532, 0.555378
2.92, 0.0319374, 0.952955, 0.150156, 0.324458, -0.0460498, 0.241458, 0.202864, 0.195306, 0.429708, 0.0490455, 0.592277, 0.57643, 0.487228, 0.597918, 0.472105, 0.163107, 0.792179, 0.642715, 0.771683, 0.736065, 0.0794577, 0.117094, 0.280874, 0.255282, 0.462055, 0.0522503, 0.281561, 0.38714, 0.395852, 0.630595, 0.758634
2.94, 0.0319374, 1.12616, 0.657846, 0.460628, 0.657626, 0.334319, 0.600226, 0.296027, 0.827727, 0.779713, 0.366322, 0.328378, 0.185876, 0.718251, 0.897531, 0.832265, 0.987318, 0.451786, 0.459453, 1.037, 0.721374, 0.445893, 0.424797, 0.359293, 0.0870055, 0.400223, 0.156653, 0.635227, 0.797824, 0.629849, 0.677263
2.96, 0.0319374, 0.170889, 0.162469, 0.316513, 0.838458, 0.40869, 0.809938, 0.376033, 0.525896, 0.429197, 0.132503, 0.0187458, 0.133688, 1.06296, 0.70553, -0.0702282, 0.744709, 0.652445, 0.372566, 0.11946, 0.290115, 0.059035, 0.472125, 0.463511, 0.588779, 0.225028, 0.368735, 0.520757, 0.477492, 0.5811, 0.474081
2.98, 0.0319376, 1.29423, 0.609027, 0.424135, -0.0358234, -0.162776, 0.85915, 0.314061, -0.0404802, 0.262347, 0.267936, 0.235606, 0.161234, -0.0214529, 0.764937, 0.813934, 0.406861, 0.385935, 0.662724, 0.664961, 0.714464, 0.498288, 0.430156, 0.472686, 0.643269, 0.614221, 0.448621, 0.449988, 0.574425, 0.616294, 0.531338
3, 0.0319376, 1.15963, 0.0851729, 0.146459, 0.301832, 0.261398, 0.517062, 0.356588, 0.353019, -0.168853, 0.046885, 0.254524, 0.930984, 0.717374, 0.582439, 0.48167, 0.666583, 0.654361, 0.714059, 0.314607, 0.309226, 0.409178, 0.58197, 0.421204, 0.524276, 0.82458, 0.548617, 0.331527, 0.181412, 0.262394, 0.648128
3.02, 0.0319376, 1.08584, 0.178092, 0.044797, 0.0599762, 0.270706, 0.240541, -0.0314995, -0.123858, 0.301848, 0.339009, 0.34166, 0.538551, 0.704448, 0.879618, 1.37542, 1.5106, 1.78757, 1.20568, 0.68371, 0.791981, 0.681027, 0.232298, 0.339741, 0.428699, 0.515634, 0.771929, 0.828248, 1.29033, 1.01399, 1.22492
3.04, 0.0319376, 0.558395, 0.092149, -0.28556, -0.208854, 0.44053, 0.105804, 0.276979, -0.0570768, -0.0856447, 0.450352, 0.271801, 0.885436, 1.03528, 1.08269, 1.54894, 1.50227, 1.07919, 1.21221, 0.996966, 1.52577, 1.08094, 0.750368, 0.580769, 0.696007, 0.811956, 1.24127, 1.44317, 1.33722, 1.10305, 1.08635
3.06, 0.0319376, 0.874772, 0.807628, 0.892489, 0.420694, -0.244815, -0.291574, -0.33712, 0.657938, 0.36981, 0.477898, 0.444635, 0.6497, 0.766846, 0.466936, 0.705554, 0.962335, 1.23607, 1.36832, 0.778409, 0.787293, 0.717647, 0.417299, 0.659018, 0.28113, 0.548227, 0.601133, 0.987884, 0.888812, 0.934699, 0.774515
3.08, 0.0319376, 1.54437, 1.18871, 0.470887, 0.829057, 0.827063, 0.54222, -0.0513673, 0.875188, 0.941945, 0.545853, -0.253979, 0.363998, 0.719709, 0.842731, 0.887253, 1.05629, 0.681406, 0.978743, 0.952793, 1.17642, 0.389176, 0.272082, 0.582418, 0.179678, 0.627581, 0.589017, 0.512438, 0.640866, 0.940939, 0.475841
3.1, 0.0319376, 0.781065, 0.310753, 0.59362, -0.181711, 0.601035, -0.0353176, 0.316478, -0.045743, 0.659717, 0.917712, 0.512704, 0.32927, 0.715039, 0.434226, 0.382785, 0.710697, 1.03505, 0.344456, 0.472218, 0.673048, 0.417488, 0.311804, 0.422221, 0.167195, 0.427667, 0.387448, 0.643013, 0.628665, 0.621809, 0.426645
3.12, 0.0319376, 0.522097, 0.497591, 0.00544067, 0.602706, 0.561527, 0.0682773, 0.0794546, 0.593017, 0.0843084, 0.295719, 0.41777, -0.0269346, 0.689766, 0.685847, 0.820806, 0.692638, 0.536502, 0.389134, 0.738983, 0.294785, 0.456601, 0.584747, -0.138667, -0.00530018, 0.417529, 0.440009, 0.451392, 0.559548, 0.606358, 0.743791
3.14, 0.0319374, -0.108191, -0.349768, 0.116598, 0.478826, 0.659667, 0.32004, 0.83481, 0.300991, 0.338331, 0.468392, 0.167929, 0.4755, 0.830987, 0.476472, 0.718459, 0.364193, 0.580421, 0.535275, 0.400438, 0.933321, 0.359607, 0.110037, 0.219259, 0.40977, 0.417232, 0.470046, 0.700615, 0.706982, 0.599162, 0.665001
3.16, 0.0319374, 0.692285, 0.423151, -0.0880485, -0.187557, 0.568652, 0.551414, 0.314749, 0.559204, 0.50146, 0.449514, 0.244134, -0.397098, -0.0876632, 0.759995, 0.399548, 0.617003, 0.559379, 0.329619, -0.061899, 0.279951, 0.326214, 0.798562, 0.878037, 0.220615, 0.899474, 0.540306, 0.89581, 0.780129, 0.522838, 0.403996
3.18, 0.0319374, 0.993733, 0.775063, -0.824969, -0.0543096, 0.187026, 0.419232, 0.300654, -0.492253, -0.638728, 0.0667439, 0.110209, -0.0362208, 0.397518, 0.341993, 0.008978, 0.280465, 0.731254, 0.577874, 0.721325, 0.594093, 0.192007, -0.125393, 0.383089, 0.40799, 0.405626, 0.510039, 0.289765, 0.417782, 0.355054, 0.399229
3.2, 0.0319374, 0.634053, 1.08137, 0.467007, 0.375738, 0.461505, -0.228118, -0.0369436, 0.321895, 0.886452, 0.439504, -0.0958423, 0.342496, 0.0588491, 0.477076, 1.13471, 0.962007, 0.406794, 0.447427, -0.0235705, 0.460451, 0.992686, 0.490577, 0.607141, 0.182644, 0.65009, 0.630765, 0.619727, 0.590306, 0.537947, 0.446776
3.22, 0.0319374, 0.521159, 0.237509, 0.270324, 0.249326, 0.509714, 0.159127, 0.413292, 0.486999, 0.102724, -0.016538, 0.691641, 1.02711, 0.295524, 0.953263, 0.74393, 1.06288, 0.174588, 0.0467502, 0.534913, 0.32151, -0.147844, 0.303035, 0.254265, 0.533623, 0.616437, 0.569132, 0.401915, 0.642693, 0.654587, 0.389575
3.24, 0.0319376, 0.668563, 0.167665, 0.329443, 0.232776, 0.190686, 0.538014, 0.438132, -0.281657, -0.114685, 0.476435, 0.288896, 0.602259, 1.00124, 0.476002, 0.466861, 0.855949, 1.45965, 1.10279, 0.923677, 0.281683, 0.366023, 0.341654, 0.371201, 0.714614, 0.644332, 0.595088, 0.500409, 0.58169, 0.517876, 0.642556
3.26, 0.0319376, 0.238618, 0.213974, 0.308734, 0.638948, 0.317375, 0.194182, -0.399594, 0.333127, 0.449321, 0.397529, 0.368744, 0.205836, 0.468581, 0.986456, 0.665602, 0.72468, 0.480067, 0.432534, 0.394626, 0.426269, 0.463106, 0.263948, 0.0952638, 0.596931, 0.649148, 0.400546, 0.648816, 0.664462, 0.617746, 0.272331
3.28, 0.0319376, 1.38347, 0.802054, 0.940567, 0.632334, 0.57307, 0.404969, 0.0848014, 0.112935, 0.290725, 0.299315, 0.622742, 1.10858, 0.534894, 0.739851, 0.273716, 0.392209, 0.834643, 0.38968, 0.164334, 0.792972, 0.423299, 0.34843, 0.584499, 0.404686, 0.139371, 0.391812, 0.683367, 0.758754, 0.71559, 0.690541
3.3, 0.0319376, 0.843495, 0.360879, 0.219115, 0.474214, 0.13425, 0.626017, 0.37746, 0.644589, 0.676065, 0.206744, 0.653759, 0.515287, 0.40311, 0.337648, 0.725874, 0.608839, 0.74753, 0.264026, 0.367511, 0.75474, 0.810781, 0.398973, 0.302175, 0.600961, 0.558602, 0.675751, 0.609592, 0.551221, 0.0743908, 0.405287
3.32, 0.0319376, 1.10655, 0.499067, 0.778222, 0.654502, 0.306279, -0.0509569, -0.375107, 0.340435, 1.23282, 0.629429, 0.946715, 0.740775, 0.0721805, 0.533012, 0.558635, 0.808146, 0.229315, 0.652329, 0.4006, 0.667546, 0.528669, 0.481512, 0.512891, 0.336141, 0.2944, 0.420255, 0.476072, 0.616072, 0.86592, 0.729028
3.34, 0.0319376, 0.8591, 0.948884, 0.0942823, -0.616475, -0.199125, 0.383662, -0.0175089, -0.0140683, 0.94481, 0.753916, 0.193495, -0.00967429, 0.00554879, 0.531494, 0.449449, 0.833486, 0.528854, 1.02169, 0.494648, 0.525117, 0.232823, 0.320334, 0.242606, 0.157882, 0.364994, 0.499554, 0.643597, 0.688103, 0.685502, 0.567315
3.36, 0.0319376, 0.978457, 0.701179, 0.43733, 0.136511, 0.448944, 0.337309, -1.13408, -0.636254, 0.572278, 0.582934, 0.40091, 0.709617, 0.823164, 1.23551, 0.598468, 0.752366, 0.887473, 0.716012, 0.786137, 0.951947, 0.411398, 0.439761, 0.378678, 0.206541, 0.477224, 0.686461, 0.473615, 0.439502, 0.597028, 0.694937
3.38, 0.0319374, 0.189495, -0.329565, 0.0596025, 0.632048, 0.75817, 0.270706, 0.923574, 0.288552, 0.370488, -0.398678, 0.302806, 0.574064, 0.728064, 0.471, 0.591749, 0.867458, 1.20895, 1.37333, 1.07413, 1.02993, 0.602925, 0.51693, 0.275597, 0.290578, 0.404216, 0.322264, 0.410194, 0.725307, 0.863173, 0.599598
3.4, 0.0319374, 1.17247, 0.969943, 1.05233, 0.408141, 0.825746, 0.751231, -0.117642, 0.089179, 0.00389876, 0.0921194, 0.44432, 0.794758, 0.327852, 0.848841, 0.952945, 0.857243, 0.999531, 0.794903, 0.746589, 0.33237, 0.21892, 0.272536, 0.501141, 0.37306, 0.430542, 0.33264, 0.169084, 0.481388, 0.761728, 0.770025
3.42, 0.0319374, 1.21727, 1.67463, 1.68596, 1.68036, 1.37765, 0.101707, 0.689127, 0.236349, 0.223314, 0.759695, 0.267818, 0.408031, 0.284852, 0.674913, 0.460477, 0.406675, 0.316961, 0.675472, 0.0561259, 0.494578, 0.342921, 0.454991, 0.06157, 0.448579, 0.528687, 0.582048, 0.596655, 0.442939, 0.427397, 0.751159
3.44, 0.0319374, 1.40763, 0.752397, 0.75644, 0.826992, 0.738808, 0.639071, 0.470375, 0.0536312, 0.208133, 1.01518, 0.48644, 0.532629, 0.843257, 0.666003, 0.657437, 0.871031, 0.954361, 0.680118, 0.484871, 0.920921, 0.866011, 0.49962, 0.389555, 0.706059, 0.678829, 0.52884, 0.314116, 0.83202, 0.471503, 0.63047
3.46, 0.0319374, 1.07566, 1.00606, 0.10304, 0.991073, 0.281929, 0.448044, 0.49956, 0.567514, 0.433534, 0.751113, 0.760508, 0.854248, 0.451068, 0.829005, 0.466132, 0.913291, 0.724809, 0.493146, 0.393892, 0.605389, 0.341563, 0.401842, 0.502989, 0.760298, 0.554705, 0.496761, 0.423341, 0.686433, 0.65836, 0.789982
3.48, 0.0319376, 1.47541, 0.267284, 0.636741, 0.245163, 0.252563, -0.128786, 0.427681, 0.274341, 0.613887, 0.447774, 0.143776, -0.0493371, 0.231563, 0.727657, 1.18256, 0.718651, 0.748399, 0.651017, 0.678283, 0.39637, 0.740468, 0.398151, 0.75119, 0.437041, 0.58532, 0.774962, 0.568434, 0.71567, 0.705033, 0.719492
3.5, 0.0319376, 0.858374, 0.489048, -0.137903, 0.308482, 0.809482, 0.634917, 0.0409573, 0.235604, -0.236179, 0.667766, 0.986785, 0.43061, 0.466608, 0.639655, 0.55706, 0.66663, 0.496203, 0.53236, 0.747749, 0.764905, 0.0821622, 0.595217, 0.673122, 0.569483, 0.622865, 0.487629, 0.641743, 0.925514, 0.791773, 0.80462
3.52, 0.0319376, 1.59399, 1.17168, 0.36798, 0.403445, 0.914304, -0.519135, -0.0465745, 0.387497, -0.154204, 0.139512, 0.776959, 0.156461, 0.374449, 0.669782, 0.665729, 0.825224, 0.783589, 0.873581, 0.421909, 0.10212, 0.246509, 0.263084, 0.454589, 0.273799, 0.729561, 0.563162, 0.677256, 0.623012, 0.485217, 0.643709
3.54, 0.0319376, 1.57822, 0.84253, 0.874609, 0.367829, 0.626343, 0.640027, 0.196527, -0.167604, 0.429022, 0.448855, 0.361364, 0.596287, 0.543926, 0.582787, 0.812191, 0.347159, 0.367586, 0.447637, 0.451397, 0.775058, 0.360621, 0.970972, 0.90242, 0.606231, 0.829959, 0.455223, 0.409157, 0.592755, 0.865184, 0.766332
3.56, 0.0319376, 1.49876, 1.07349, 0.244368, 0.310477, 0.853204, 0.492958, 0.613636, 0.709353, 0.697948, 0.546426, 0.557975, 0.627891, 0.64357, 0.386966, 0.473003, 0.519053, 0.468804, 0.364342, 0.294188, 0.569042, 0.266857, 0.0895168, 0.667301, 0.63718, 0.34636, 0.565012, 0.748305, 0.550167, 0.589037, 0.748397
3.58, 0.0319376, 1.44891, 0.431615, 0.318654, 0.201686, -0.107169, 0.313507, 0.482894, -0.0789885, -0.16043, 0.14305, 0.497688, 0.271166, 0.118692, 0.701089, 0.363259, 0.975871, 0.817514, 0.755001, 0.444077, 0.663459, 0.727392, 0.767056, 0.830227, 0.609233, 0.759554, 0.823352, 0.567984, 0.551733, 0.911859, 1.155
3.6, 0.0319376, 0.276741, 0.769241, 0.745766, 0.64654, 0.496936, 0.509906, -0.0603642, 0.390176, 0.690831, 0.424013, 0.518852, 0.979127, 1.1333, 1.2942, 0.877238, 1.1179, 1.00695, 0.656088, 0.470896, 0.440985, 0.411461, 0.965441, 0.589603, 0.677258, 0.626034, 0.642543, 0.843445, 0.746926, 0.983906, 0.941164
3.62, 0.0319376, 0.911865, 0.661315, 0.633745, 0.0784069, 0.104752, -0.211347, 0.146507, 0.472252, 0.690107, 0.570858, 0.169091, 0.546181, 0.896686, 0.892148, 1.08363, 0.826459, 0.661608, 0.833695, 0.422222, 0.479406, 0.0949237, 0.595574, 0.458767, 0.517936, 0.577824, 0.585187, 0.657246, 0.786058, 0.878135, 0.728543
3.64, 0.0319374, 0.674123, 0.785902, 0.582672, 0.687, 0.0101328, -0.0915316, 0.149505, 0.141049, 0.359207, 0.712619, 0.603522, -0.108765, 0.7529, 0.835829, 0.514022, 0.286049, -0.038211, 0.2991, -0.0124802, 0.0629249, 0.146989, 0.436271, 0.513471, 0.416061, 0.346646, 0.392668, 0.659834, 0.411484, 0.663717, 0.832698
3.66, 0.0319374, 1.24401, 0.882126, 0.172994, 0.367729, 0.693766, 0.0774218, -0.335647, 0.436222, 0.0806338, 0.180962, 0.504096, 0.449883, 0.412515, 0.52013, 0.437934, 0.128153, 0.655979, 0.632877, 0.539386, 0.307793, 0.0860323, 0.405109, 0.422313, 0.378723, 0.502429, 0.467021, 0.245765, 0.543073, 0.519543, 0.829256
3.68, 0.0319374, 0.281698, 0.249011, 0.449256, 0.139635, 0.350831, -0.0338193, 0.0435485, 0.391547, 0.47041, -0.0582054, 0.109008, 0.658114, 0.839808, 0.756707, 0.0602831, 0.0916103, 0.0216006, 0.486508, 0.395186, 0.35467, 0.0927059, 0.505509, 0.409117, 0.247254, 0.486384, 0.351224, 0.338541, 0.466584, 0.639547, 0.725943
3.7, 0.0319374, 1.14058, 0.521948, 1.0225, 0.16373, -0.186542, -0.500925, 0.601803, 0.222706, 0.132484, -0.243115, 0.257275, 0.685026, 0.846722, 0.603947, 0.78413, 0.795954, 0.798448, 0.707765, 0.852281, 0.694979, 0.538252, 0.625791, 0.573614, 0.470873, 0.151057, 0.532934, 0.528679, 0.804042, 0.722928, 0.677092
3.72, 0.0319374, 0.863977, 0.706629, 0.757936, -0.215075, 0.176797, 0.517544, 0.496346, 0.576813, 0.718507, 0.545326, 0.532958, 0.754746, 0.147791, -0.108567, 0.295838, 0.81449, 0.495144, 0.332336, 0.142003, 0.0747409, 0.350433, 0.280391, 0.504114, 0.63962, 0.538272, 0.0824478, 0.158755, 0.488234, 0.358922, 0.694494
3.74, 0.0319376, 1.21453, 0.9192, 0.577698, 0.902444, 0.404919, 0.622354, 0.595262, 0.623437, 0.599454, 0.536367, 0.209202, 0.717973, 0.230615, 0.445989, 0.268626, 0.0714093, 0.558218, 0.60795, 0.473415, 0.429533, 0.387533, 0.405661, 0.290881, 0.305155, 0.483919, 0.265108, 0.635294, 0.600718, 0.515283, 0.650068
3.76, 0.0319376, 1.12758, 0.901904, 0.704937, 0.678043, 0.683614, 0.690683, 0.625533, 0.644991, 0.291784, -0.0233902, 0.090261, 0.695185, 0.484852, 0.461385, 0.302425, 0.330396, 0.392867, 0.764053, 0.246885, 0.0925201, 0.164576, 0.461354, 0.39893, 0.2521, 0.632016, 0.430726, 0.376076, 0.731396, 0.524311, 0.641617
3.78, 0.0319376, -0.0274314, 0.549058, 0.45845, 0.429805, -0.129877, -0.0194758, -0.317095, 0.0888182, 0.199884, 0.196779, 0.249866, 0.0273181, 0.587221, 0.664824, 0.363396, 0.968539, 0.320426, 0.294096, 0.456606, 0.848994, 0.857594, 0.540313, 0.164186, 0.161055, 0.537256, 0.366995, 0.241328, 0.371405, 0.491576, 0.454742
3.8, 0.0319376, 1.57078, 0.481752, 0.173723, 0.639275, 0.488991, 0.457448, 0.0189658, -0.143862, 0.177563, 0.840933, 0.316285, 0.360739, 0.732568, 0.955692, 0.767627, 0.370442, 0.426475, -0.0748808, 0.467202, 0.812885, 0.578091, -0.0241589, 0.340034, 0.193721, 0.394435, 0.423153, 0.32047, 0.569287, 0.693894, 0.614582
3.82, 0.0319376, 1.11944, 0.810317, 1.1448, 0.541, 1.08084, 0.329477, 0.139075, -0.103141, 0.233393, 0.192405, 0.390015, 0.44916, 0.756049, 0.988724, 0.18911, 0.379509, 0.771412, 0.58877, 0.639087, 0.542904, 0.712431, 0.441242, 0.476388, 0.548124, 0.626675, 0.252008, 0.598167, 0.639912, 0.849324, 0.711807
3.84, 0.0319376, 0.304234, 0.409682, 0.505953, 0.0590495, 0.258211, 0.317588, 0.321222, 0.896906, 0.464756, 0.635553, 0.572338, -0.229333, 0.508594, 0.967015, 0.644093, 0.75708, 0.850786, 0.618575, 0.542764, 0.70217, 0.67169, 0.702813, 0.685817, 0.291679, 0.6925, 0.753413, 0.633871, 0.731113, 0.950939, 0.79619
3.86, 0.0319376, 1.04724, 0.95924, 0.728761, -0.804338, 0.212706, -0.121553, 0.0990951, 0.420117, 0.78644, 0.863378, -0.0813619, 0.227138, 0.591529, 0.494268, 0.49302, 0.627772, 0.698832, 0.659676, 0.449021, 0.694934, 0.595582, 0.208262, 0.104431, 0.268552, 0.620355, 0.332452, 0.619072, 0.650709, 0.730887, 0.760701
3.88, 0.0319374, 1.6197, 1.03333, -0.128552, 0.635996, 0.220871, 0.433338, 0.334382, -0.48976, 1.06536, 0.937605, 0.407574, 0.509188, 0.466405, 0.146913, 0.312391, 0.414735, 0.90495, 0.895027, 0.576144, 0.748725, 0.673793, 0.302634, 0.485379, -0.147791, 0.39799, 0.389082, 0.285683, 0.809939, 0.820903, 0.56212
3.9, 0.0319374, 0.768622, 0.577893, -0.480917, 0.266996, 0.125679, 0.211433, 0.024379, 0.5499, 0.363968, 0.0471442, 0.567468, 0.28276, 0.586857, 1.01304, 0.685956, 1.18662, 0.934313, 0.797419, 0.719689, 0.32743, 0.497588, 0.759811, 0.787745, 0.615684, 0.637771, 0.39752, 0.593112, 0.768222, 0.456234, 0.526615
3.92, 0.0319374, 0.694208, 0.912802, 0.38995, 0.167246, 0.344968, -0.674796, -0.0750769, 0.106709, -0.388701, 0.194531, 0.551707, 0.547272, 0.901807, 0.880054, 0.49714, 1.23968, 0.95561, 0.704613, 0.920997, 0.811976, 0.455002, 0.485697, 0.684849, 0.506213, 0.514517, 0.61331, 0.475876, 0.515208, 0.307071, 0.553528
3.94, 0.0319374, 0.860337, 0.986905, 0.573196, 0.616002, 0.636962, 0.464118, 0.424597, -0.0163361, 0.252052, 0.339143, 0.463092, 0.754343, 0.712516, 0.714687, 0.760399, 1.25226, 0.944604, 0.633957, 1.11998, 0.935191, 0.529138, 0.0567411, 0.487145, 0.610474, 0.517169, 0.585269, 0.672137, 0.498079, 0.589965, 0.745728
3.96, 0.0319374, 0.0655078, 0.606021, 0.736499, 0.258436, 0.435381, 0.494746, 0.584118, 0.228618, 0.714891, 0.866794, 0.25491, 1.09636, 0.97732, 0.595672, 1.28704, 1.2942, 1.01564, 1.35856, 0.887885, 0.280029, 0.320762, 0.516249, 0.911662, 0.427567, 0.422111, 0.476759, 0.587733, 0.783989, 0.74956, 0.878565
3.98, 0.0319376, -0.226212, 0.418647, 0.338852, 0.58172, 0.881469, 0.764486, 0.433389, 0.466374, 0.530679, 0.242428, 0.179141, 0.557283, 0.790695, 0.98395, 0.785074, 0.393932, 0.516752, 0.436687, 0.445202, 0.400697, 0.527663, 0.660418, 0.696719, 0.531476, 0.436579, 0.350394, 0.726408, 0.608911, 0.765343, 0.646526
4, 0.0319376, 0.548209, 0.750396, 0.900777, 0.110287, 0.429661, 0.0476014, 0.562004, 0.624834, 0.449422, 0.774611, 0.212928, 0.604266, 0.915763, 0.424463, 0.384682, 0.658831, 0.737017, 1.17432, 0.839263, 0.885601, 0.478358, 0.551953, 0.485065, 0.461056, 0.810145, 0.467497, 0.48787, 0.48975, 0.531468, 0.752221
4.02, 0.0319376, 0.179861, 0.230965, 0.809975, 0.168347, -0.101147, 0.352211, 0.134323, 0.787245, 1.06477, 0.854288, 0.573043, 1.03223, 0.416541, 0.969566, 0.499134, 0.336724, 0.396436, 0.132821, -0.129949, 0.789559, 0.36478, 0.464585, 0.63413, 0.416469, 0.71979, 0.88895, 0.700312, 0.515019, 0.674681, 0.784903
4.04, 0.0319376, 0.421567, 0.863484, 0.0349314, 0.51621, 0.567802, 0.32817, -0.450355, -0.11784, 0.595759, 0.587728, 0.0499361, 0.520802, 0.662017, 0.495347, 0.694295, 0.685783, 0.297479, 0.692682, 1.00548, 0.553323, 0.359169, 0.52044, 0.369378, 0.726051, 0.459205, 0.696964, 0.682322, 0.847452, 0.656753, 0.409743
4.06, 0.0319376, 0.894461, 0.848112, 0.832441, 0.426172, 0.454885, 0.697296, 0.184524, 0.415847, 0.421684, 0.554799, 0.233487, 0.643878, 0.884106, 0.791623, 0.195047, 0.326454, 0.732605, 0.727206, 0.679529, 0.72068, 0.411927, 0.601366, 1.00474, 0.97436, 0.338258, 0.629881, 0.720149, 0.819819, 0.806558, 0.826163
4.08, 0.0319376, 0.669014, 1.09572, 1.07855, 0.652951, 0.305661, 0.432785, 0.331005, 0.258281, 1.2723, 1.68518, 1.94193, 2.65408, 2.17539, 1.93112, 1.65999, 1.40017, 1.9323, 1.493, 0.795589, 1.40695, 1.07881, 1.29721, 1.98727, 1.73503, 1.66027, 1.63756, 2.00624, 1.87453, 1.38469, 1.75054
4.1, 0.0319376, 0.951999, 1.01597, 0.51015, -0.106208, 0.083918, -0.0549026, 0.400096, 0.242425, 0.356831, 0.521001, 1.55075, 1.57386, 1.09821, 0.666604, 0.695211, 0.393789, 0.733704, 0.703635, 0.497312, 0.628205, 0.712314, 0.659621, 0.936049, 1.08764, 0.784915, 0.643522, 0.896864, 0.901158, 1.07416, 1.44827
4.12, 0.0319376, 1.2739, 0.863791, 0.732709, 0.389959, -0.0382596, 0.626559, 0.0963375, 0.0709746, 0.446155, 0.646376, 0.659166, 0.888314, 0.682505, 0.482746, 0.981486, 0.502093, 0.54232, 0.461065, 0.764057, 0.553415, 0.745348, 0.748196, 0.572352, 0.419509, 0.564061, 0.560976, 0.620059, 0.702724, 0.841751, 0.526718
4.14, 0.0319376, 1.32435, 1.11188, 0.341753, 0.406111, 0.404712, 0.323984, 0.361588, 0.372356, 0.147161, 0.495599, 0.227707, 0.778506, 0.0815167, 0.395203, 0.54966, 0.0270155, 0.317502, 0.400764, 0.513612, 0.367386, 0.568407, 0.177798, 0.352207, 0.258258, 0.244003, 0.331074, 0.521146, 0.858511, 0.899575, 0.78271
4.16, 0.0319376, 0.152575, 0.583193, 0.37957, 0.961122, 0.619327, 0.514114, 0.370039, 0.331132, 0.38299, 0.524425, 0.547663, 0.515277, 0.818333, 0.0554988, 0.886337, 0.894331, 0.672162, 0.663114, 0.553042, 0.790355, 0.751574, 0.528692, 0.473392, 0.520808, 0.374904, 0.456046, 0.389932, 0.607068, 0.68332, 0.722863
4.18, 0.0319376, 0.658032, 0.565953, 0.928857, 0.554617, -0.362449, 0.291154, 0.152094, 0.209998, 0.612091, 0.039379, -0.149175, 0.132582, 0.77667, 0.795119, 0.0257822, 0.339737, 0.609691, 0.548122, 0.287834, 0.369279, 0.28309, -0.0523025, 0.444901, 0.717404, 0.457457, 0.400053, 0.453673, 0.440651, 0.296598, 0.409464
4.2, 0.0319376, 0.594532, 1.02358, 0.519162, 0.671317, 0.500068, 0.241252, 0.168132, -0.0321546, 0.347076, 0.206637, 0.149365, 0.456149, 0.825167, 0.832772, 0.183571, 0.325387, 0.638406, 1.39585, 1.06332, 0.266814, 0.668212, 0.0882622, -0.246868, 0.273904, 0.453555, 0.613778, 0.639395, 0.566566, 0.642763, 0.584094
4.22, 0.0319376, 0.763943, 0.723728, 0.882074, 0.646158, 0.390771, -0.341936, 0.00630473, 0.300853, 0.33568, -0.335566, 0.1732, 0.506082, 0.560384, 0.567535, 0.297469, 0.0862006, 0.563983, 0.582968, 0.0419805, -0.164186, 0.462393, 0.800922, 0.698143, 0.472929, 0.345653, 0.535892, 0.716466, 0.689655, 0.485483, 0.751744
4.24, 0.0319376, 0.534096, 0.997995, 0.544926, 0.880331, 0.547202, 0.170647, -0.203103, 0.0923216, 0.314294, 0.569579, 0.411076, 0.299368, 0.0616461, 0.515478, 0.622985, 0.654215, 0.592068, 0.141985, 0.256925, 0.598289, 0.79214, 0.389209, -0.0531577, 0.251338, 0.438108, 0.3286, 0.367905, 0.4497, 0.421673, 0.678937
4.26, 0.0319371, 1.31598, 0.77024, 1.24674, 0.327162, 0.32932, 0.439024, 0.173585, 0.47543, 0.00366445, 0.220193, 0.0966625, 0.540744, 0.314718, 0.0151087, 0.340379, 0.930753, 0.50352, 0.569729, 0.164367, 0.350731, 0.422739, 0.341488, 0.426714, 0.422244, 0.513525, 0.216721, 0.607679, 0.491906, 0.354449, 0.707341
4.28, 0.0319371, 1.10671, 1.09593, 0.195475, 0.149811, 0.600113, 0.382581, -0.295727, -0.079559, 0.510085, -0.120203, 0.19309, 0.500782, 0.245635, 0.366203, 0.281818, 0.947812, 0.90371, 0.725399, 0.66597, 0.533088, 0.322872, 0.25199, 0.459478, 0.457193, 0.25031, 0.715719, 0.609713, 0.668039, 0.448246, 0.778043
4.3, 0.0319371, -0.411815, 0.422699, 0.486494, 0.220126, 0.16456, 0.688802, -0.02062, 0.0902428, 0.313092, -0.012682, 0.230283, 0.559726, 0.581907, 0.445395, 0.16714, 0.375762, 0.475376, 0.711506, 0.561446, 0.292554, 0.261973, 0.400004, 0.62864, 0.301543, -0.104369, 0.404696, 0.453258, 0.23626, 0.693736, 0.809792
4.32, 0.0319371, 0.604225, 0.613189, 0.948861, 1.26937, 0.277397, 0.385139, 0.286944, 0.528518, 0.644428, 0.424516, 0.142058, 0.709062, 0.545505, 0.360337, 0.411052, 0.363212, 0.391482, 0.330792, 0.454931, 0.650695, 0.637393, 0.144989, 0.512089, 0.587626, 0.100295, 0.140848, 0.612727, 0.653279, 0.838602, 0.888233
4.34, 0.0319371, 0.840256, 0.287841, 0.445521, -0.200352, 0.936927, 0.738039, 0.453991, 0.34221, 0.428962, 0.480386, 0.703779, 0.8164, 0.462122, 0.453851, 0.174633, 0.256738, 0.78468, 0.591866, 0.429566, 0.328794, 0.349061, 0.0427897, 0.211701, 0.169912, 0.402619, 0.28302, 0.697512, 0.513783, 0.624134, 0.508489
4.36, 0.0319376, 0.575338, 0.853398, 1.01656, 0.749106, 0.400486, 0.512149, -0.132852, 0.10846, 0.198285, 0.258388, 0.115138, 0.818472, 0.683797, 0.61925, 0.394372, 1.12737, 0.835598, 0.74551, 0.401998, 0.48922, 0.217886, 0.470993, 0.589522, 0.343578, 0.450898, 0.626945, 0.125402, 0.238495, 0.810943, 0.674692
4.38, 0.0319376, 0.0543442, 0.651748, 0.612982, 0.606022, 0.443913, 0.4603, 0.811186, 0.215959, 0.539555, 0.237438, 0.535629, 0.312272, 1.02104, 0.548387, 0.602716, 0.543465, 1.01625, 0.913051, 0.548441, 0.577121, 0.344953, 0.572672, 0.385622, 0.395838, 0.299796, 0.353906, 0.562202, 0.357897, 0.424665, 0.884368
4.4, 0.0319376, 0.819778, 0.776987, 0.20471, 0.69386, 0.777904, 0.864503, 0.060137, 0.0959451, -0.0185554, 0.254355, 0.647946, 0.26761, 0.0224494, 0.681833, 0.562382, 0.683145, 0.632853, 0.248095, 0.35444, 0.530363, 0.468761, 0.192266, 0.563092, 0.168332, 0.313144, 0.545664, 0.793465, 0.660653, 0.5904, 0.664026
4.42, 0.0319376, 1.14243, 0.851502, 0.400528, 0.220658, 0.247506, 0.570283, 0.572985, 0.628644, 0.0859414, 0.533146, 0.529187, -0.225871, 0.365987, 0.852797, 0.408148, 0.16471, 0.776502, 0.754339, 0.176149, 0.55225, 0.166193, 0.423128, 0.47989, 0.376359, 0.521031, 0.165462, 0.663251, 0.705577, 0.788481, 0.781285
4.44, 0.0319376, 1.02905, -0.243674, 0.228863, 0.477391, 0.376193, 0.286791, 0.478958, 0.465426, -0.115763, -0.268779, 0.0815416, 0.514398, 0.693296, 0.322382, 0.428944, 0.797593, 0.662337, 0.415452, 0.62973, 0.21814, 0.308794, 0.581716, 0.564372, 0.668311, 0.346957, -0.0141837, 0.131207, 0.467759, 0.387214, 0.240558
4.46, 0.0319376, 1.08096, 0.946027, 0.594576, 0.720197, 0.49033, 0.69043, 0.363325, 0.0456733, -0.216476, 0.233024, -0.0964274, 0.460233, 0.99725, 0.777598, 0.436242, 0.737178, 0.940576, 0.914805, 0.129731, 0.137235, 0.473036, 0.190336, 0.754145, 0.286484, 0.233954, 0.474293, 0.452917, 0.520437, 0.567684, 0.69737
4.48, 0.0319376, 0.516894, 0.288973, 0.89604, 0.706047, 0.445413, 0.31576, -0.138438, -0.152389, 0.384575, 0.492293, -0.260338, 0.966008, 1.02545, 0.715777, 0.592569, 0.617527, 0.585403, 0.662594, 0.561755, 0.526963, 0.302934, 0.805761, 0.736574, 0.464989, 0.574707, 0.784151, 0.684573, 0.477133, 0.335081, 0.4014
4.5, 0.0319376, -1.11331, -0.368961, 0.226945, 0.0659473, 0.428223, 0.315442, 0.264199, 0.236063, 0.226785, 0.460133, 0.455692, 0.166378, 0.078308, 0.204587, 0.360252, 0.881646, 0.910264, 0.878626, 0.271071, 0.577268, 0.408968, 0.336087, 0.185278, 0.289242, 0.487108, 0.784773, 0.714992, 0.706608, 0.860967, 0.640607
4.52, 0.0319376, 0.556335, 0.961853, 0.622906, 0.844812, 0.800577, 0.903459, 0.364808, 0.206271, 0.429181, 0.54385, 0.798507, 1.13822, 0.796297, 0.67136, 0.828758, 0.953379, 1.25197, 1.27389, 0.6959, 0.778441, 0.562249, 0.890454, 1.26227, 0.77843, 1.04233, 1.20508, 0.915844, 1.46352, 1.38375, 1.09891
4.54, 0.0319376, 0.805566, 0.0892662, -0.0145231, 0.638672, 0.740545, 0.104289, 0.109702, 0.389298, 0.379526, 0.56927, 0.208377, 0.997747, 0.477704, 0.461727, 0.355436, 0.157457, 0.726272, 0.643344, 0.504765, 0.198813, 0.713802, 0.847254, 0.548028, 0.456386, 0.640594, 0.946277, 0.765434, 1.11089, 1.08633, 0.975478
4.56, 0.0319376, 0.663185, 0.27388, 0.382967, 0.467308, 0.570658, 0.426909, 0.138128, 0.241081, -0.247853, 0.328125, 0.453969, 0.127628, 0.654029, 0.41408, 0.44793, 0.241644, 0.326082, 0.327047, 0.453957, 0.0493162, 0.419384, 0.593554, 0.279123, 0.629756, 0.601752, 0.626543, 0.338089, 0.796241, 0.864237, 0.89306
4.58, 0.0319376, 0.866255, 0.856473, -0.27684, 0.26962, 0.445105, 0.934348, 0.263573, -0.119525, 0.367148, 0.0947343, -0.148582, -0.00119137, 0.353718, 0.429478, 0.169011, -0.0124881, 0.483617, 0.700898, 0.502877, 0.289589, 0.478416, 0.607777, 0.473151, 0.345273, 0.119944, 0.0149494, 0.490057, 0.709379, 0.293458, 0.313896
4.6, 0.0319376, 0.689465, 0.271386, 0.377015, 0.265561, 0.320167, 0.0258269, 0.0356567, 0.165465, 0.428468, 0.0869055, -0.0447648, 0.368404, 0.560001, 0.468043, 0.495732, 0.299982, 0.515439, 0.851363, 0.779919, 0.71485, 0.176609, 0.54935, 0.517217, 0.469816, 0.446607, 0.455689, 0.404045, 0.281325, 0.605919, 0.803398
4.62, 0.0319376, 0.776924, 0.648025, 0.8461, 0.294752, 0.30437, 0.56243, -0.527315, -0.421391, -0.023807, 0.642692, 0.172155, 0.67359, 0.187471, 0.417564, 0.728268, 0.537489, 0.467797, 0.464931, 0.271545, 0.450336, 0.559844, 0.388931, 0.565458, 0.325787, 0.379573, 0.667816, 0.380764, 0.272678, 0.945348, 0.736508
4.64, 0.0319376, 0.545632, 0.305845, 0.835892, 0.230506, 0.32055, 0.377574, -0.247114, 0.403907, 0.196424, 0.301805, -0.119926, 0.265865, 0.185253, 0.764705, 0.394917, 0.694402, 0.118064, 0.546355, 0.568696, 0.266379, 0.701979, 0.659724, 0.478284, 0.614155, 0.593856, 0.396922, 0.580705, 0.658708, 0.524992, 0.630089
4.66, 0.0319376, 1.31603, 0.6703, 0.477594, 0.477792, 0.661714, 0.0572958, -0.675428, 0.464658, 0.679877, 0.119378, 0.383757, 0.0732239, 0.137963, 0.518065, 0.259349, 0.590135, 0.673659, 0.570713, 0.870142, 0.480692, 0.398032, 0.345628, 0.354066, 0.208939, 0.450283, 0.186481, 0.648761, 0.784467, 0.749954, 0.537443
4.68, 0.0319376, 1.03834, 0.788001, 0.779852, 0.335349, 0.587755, 0.492256, 0.712138, 0.371029, -0.110402, -0.131135, 0.22142, 0.086307, 0.402909, 0.116304, 0.134815, 1.09497, 0.588136, 0.879115, 0.605759, 0.14126, 0.570423, 0.51428, 0.219701, 0.355121, 0.538845, 0.519707, 0.341877, 0.6325, 0.64429, 0.572962
4.7, 0.0319376, 0.727158, 0.538106, 0.452656, 0.392218, -0.0769076, -0.163992, 0.585936, 0.710024, 0.179848, 0.0654545, -0.0920215, 0.0855998, 0.533332, 0.815262, -0.0299288, 0.443366, 0.898, 0.594574, 0.540785, 0.189492, 0.085769, 0.174405, 0.423603, 0.332981, 0.502362, 0.624874, 0.579869, 0.572339, 0.613883, 0.574638
4.72, 0.0319376, 1.30811, 0.449172, 0.363618, 0.141485, 0.463722, -0.309327, 0.473704, 0.148814, 0.0378605, 0.309687, 0.382643, 0.524726, 0.384461, 0.397714, 0.114829, 0.420421, 0.371228, 0.317489, 0.457967, 0.0189757, 0.181812, 0.190076, 0.137773, 0.289173, 0.281615, 0.283715, 0.568354, 0.777262, 0.440657, 0.581416
4.74, 0.0319376, 1.10551, 0.962338, 0.78904, -0.131732, 0.982423, -0.104236, -0.468807, 0.047176, 0.368648, 0.114416, 0.454406, 0.358495, 0.560234, 0.266907, 0.25084, 0.466287, 0.294924, 0.362952, 0.438349, 0.322564, 0.544752, 0.436618, 0.0834313, 0.127001, 0.394801, 0.403946, 0.577929, 0.4907, 0.55092, 0.570335
4.76, 0.0319371, 0.083219, 1.14647, 0.788267, 0.496982, 0.158462, 0.666802, -0.233802, 0.00944361, 0.400866, 0.24266, 0.237875, 1.10304, 0.8892, 0.51471, 0.791218, 0.548777, 0.556168, 0.469684, 0.223028, 0.0532232, 0.136054, 0.661622, 0.283367, 0.233801, 0.310401, 0.731362, 0.703575, 0.567798, 0.604442, 0.753695
4.78, 0.0319371, 0.573419, 0.299067, -0.0177626, 0.419114, 0.698267, -0.0242377, 0.620028, 0.200963, 0.461232, 0.440438, 0.552273, 0.820691, 0.711843, 0.134305, 0.179217, 0.48679, 0.556746, 0.677393, 0.365795, 0.508519, 0.275405, 0.454492, 0.338171, -0.0586335, 0.394074, 0.364827, 0.446067, 0.394627, 0.660195, 0.623312
4.8, 0.0319371, 0.582506, -0.0514677, -0.0855931, 0.248915, 0.822575, 0.511615, -0.188704, 0.0304366, 0.631848, 0.0979836, 0.290785, 0.908991, 0.627351, 0.560256, 0.157019, -0.338275, 0.548167, 0.842652, 0.650252, 0.296949, 0.331884, 0.33642, 0.618486, 0.715345, 0.432666, 0.562884, 0.545307, 0.68419, 0.164757, 0.481606
4.82, 0.0319371, -0.585521, 0.0267085, 0.268936, 0.284932, 0.790062, 0.0975245, 0.235924, 0.506018, 0.280449, 0.529042, 0.27851, 0.744445, 0.108608, 0.180198, 0.627133, 0.586135, 0.584366, 0.537849, 0.892308, 0.332513, 0.18989, 0.433288, 0.353924, 0.547526, 0.597758, 0.293024, 0.547482, 0.850868, 0.548085, 0.277829
4.84, 0.0319371, 0.817694, 1.25673, 0.499727, -0.274332, 0.113405, -0.0429211, -0.157657, 0.0332215, 0.365837, 0.275193, 0.75808, 1.07287, 0.875739, 0.977701, 0.789062, 0.979638, 1.33606, 1.09071, 1.05486, 0.780437, 0.382943, 0.240208, 0.631732, 0.395034, 0.670963, 0.665138, 0.753819, 0.919207, 0.668851, 0.310728
4.86, 0.0319376, 0.858485, 0.343569, 0.731357, 0.656954, 0.748165, -0.164961, 0.264781, 0.854339, 0.481399, 0.372306, 0.267266, -0.0926523, 0.691663, 0.894977, 0.81032, 0.713872, 0.383973, 0.541772, 0.700499, 0.559035, 0.373875, 0.407276, 0.743788, 0.656354, 0.289126, 0.587496, 0.775155, 0.727289, 0.645687, 1.06401
4.88, 0.0319376, 0.338557, 0.982993, 1.08414, 0.248266, 0.341187, 0.0386359, -0.0148345, 0.517507, 0.0104762, 0.329655, 0.640081, 1.04733, 0.841883, 0.733764, 0.779091, 0.709251, 0.698901, 0.760312, 0.569621, 0.666323, 0.706789, 0.0483781, 0.684909, 0.790154, 0.6872, 0.199364, 0.558073, 0.922656, 0.776088, 0.703214
4.9, 0.0319376, 0.903005, 1.18857, 0.886816, 0.0759054, 0.306009, 0.611461, 0.234013, 0.994434, 0.547577, 0.226338, 0.41437, 0.35598, 0.610581, 0.347375, 1.302, 1.0412, 0.561487, 1.11619, 0.55381, 1.13656, 0.618766, 0.488437, 0.171963, 0.224772, 0.704498, 0.641436, 0.440539, 0.398576, 0.343, 0.685876
4.92, 0.0319376, 0.345313, 0.49685, 0.444617, -0.0118029, 0.600781, 0.3362, -0.0880584, 0.572774, 0.556886, 0.221699, 0.242314, 1.03928, 0.396844, 0.0738012, 0.316116, 0.51984, 0.665821, 0.887499, 0.686625, 0.240119, 0.287444, 0.451073, 0.00592689, 0.428895, 0.193136, 0.383496, 0.629987, 0.606283, 0.551248, 0.542755
4.94, 0.0319376, 1.08227, 1.11932, 0.0565736, 0.0236614, 0.812562, 0.942574, 0.620223, 0.792463, 0.268406, 0.234874, 0.523098, 0.727039, 0.706262, 0.371587, 0.706875, 0.609216, 0.8649, 0.60623, -0.026998, 0.16088, 0.0632437, 0.373185, 0.575228, 0.107599, 0.218869, 0.552244, 0.663546, 0.55459, 0.662639, 0.518619
4.96, 0.0319376, -0.0848975, -0.36606, -0.674956, 0.197527, 0.904948, 0.460412, 0.0470793, 0.100966, -0.318797, -0.083341, 0.35484, 0.436952, 0.560674, -0.0232635, 0.791487, 0.711793, 0.570276, 0.318608, 0.495423, 0.376179, 0.448951, 0.366323, 0.457453, 0.36315, 0.0172978, 0.268213, 0.599244, 0.437406, 0.521262, 0.729318
