# Time (seconds), Duration (seconds), f0, f1, f2, f3, f4, f5, f6, f7, f8, f9, f10, f11, f12, f13, f14, f15, f16, f17, f18, f19, f20, f21, f22, f23, f24, f25, f26, f27, f28, f29
0, 0.0319375, 0.319537, 2.56045, 3.66688, 2.06315, 2.05666, 0.173778, 1.36331, 1.73005, 1.16201, 1.13534, 0.301593, -0.324, 0.172192, -0.118773, 0.114157, 1.08491, 1.2744, 1.22427, 0.615001, 0.532667, -0.0452464, 0.22195, 0.45572, 0.331382, 0.095005, -0.387971, 0.0203743, -0.0309591, -0.345804, -0.371396
0.02, 0.0319375, 0.136432, 2.7116, 3.47895, 1.74483, 1.06555, 1.27512, 1.65213, 1.47639, 0.226966, 0.915389, 0.349428, -0.0246603, 0.295588, 0.218217, -0.347468, 0.302649, 0.788424, 1.74048, 0.966875, 0.302638, 0.334751, 0.171171, 0.0712746, 0.107679, -0.194602, -0.0951991, -0.234879, -0.283436, -0.149008, -0.393541
0.04, 0.0319375, -0.189057, 2.92109, 3.92462, 2.02303, 1.27841, 0.211014, 1.56162, 1.55655, 1.07875, 0.738948, -0.0521899, 0.0565175, 0.187665, 0.507991, -0.330629, 0.233234, 0.574337, 1.24681, 0.959676, 0.193612, 0.129827, 0.188213, 0.158891, 0.120193, -0.120269, -0.11152, -0.2781, 0.129434, -0.0166591, -0.596396
0.06, 0.0319375, 0.221612, 2.90562, 3.68226, 2.13277, 1.6924, 0.660797, 1.58052, 1.47547, 0.735056, 0.906575, -0.163115, 0.179633, 0.292594, 0.285468, 0.0101866, 0.621637, 1.24768, 1.10495, 0.813528, 0.512605, 0.327178, -0.111706, 0.309223, 0.237421, -0.173127, -0.146715, -0.0417814, -0.0628372, -0.527002, -0.654224
0.08, 0.0319375, 0.73536, 3.064, 4.0238, 1.90631, 1.41454, 1.32086, 1.94607, 1.72029, 0.730275, 0.873574, 0.0672006, -0.157608, 0.0783228, 0.239843, 0.301621, 0.390622, 0.540221, 1.47327, 1.13669, 0.141723, -0.10953, -0.151776, 0.0914505, 0.334103, 0.178895, 0.050662, -0.369849, -0.648762, -0.192777, -0.5207
0.1, 0.0319375, -0.157041, 2.97664, 3.83405, 1.5379, 1.62583, 0.778134, 1.55598, 1.64227, 0.91062, 0.391096, 0.303995, -0.243498, 0.151517, 0.168508, 0.416046, 1.35869, 1.22657, 1.44032, 1.15161, 0.277132, 0.148607, -0.13677, -0.155592, -0.0896579, -0.149068, -0.16223, -0.368592, -0.400985, -0.403505, -0.595748
0.12, 0.0319375, -0.328647, 3.08021, 4.02954, 1.70953, 0.87069, 0.868935, 1.551, 1.56205, 1.45132, 0.402124, 0.159447, 0.0575547, 0.580888, 0.58215, 0.138297, 0.902216, 1.36484, 1.27498, 1.16903, 0.524447, 0.237506, 0.219921, 0.293703, 0.025782, -0.069044, -0.207675, -0.293164, -0.286342, -0.784148, -0.548239
0.14, 0.0319375, 0.654016, 3.0724, 3.86516, 2.38332, 1.92339, 0.806657, 0.924761, 1.49206, 0.627962, 0.460748, 0.363652, 0.317779, 0.582289, 0.52293, -0.376271, 0.430116, 0.608087, 1.10964, 0.693661, 0.0620361, -0.0885225, -0.0750162, -0.00861278, 0.0712751, -0.162174, -0.211928, -0.214988, -0.25461, -0.478883, -0.485894
0.16, 0.0319375, 0.292582, 2.91268, 3.7623, 2.20891, 1.08226, 0.350183, 1.10525, 1.81783, 1.05078, 0.552786, 0.755272, 0.0951668, 0.513779, 0.399327, -0.160824, 0.483336, 0.827864, 1.00008, 0.632237, 0.368025, -0.157293, -0.00585311, -0.0352064, 0.138995, 0.247487, -0.0844133, -0.373742, -0.788671, -0.344979, -0.820494
0.18, 0.0319375, 0.668961, 2.86688, 3.80054, 2.03948, 1.27692, 1.20598, 1.75486, 1.21604, 1.28497, 0.700874, 0.192914, -0.249183, 0.232227, 0.488516, -0.225697, 0.482851, 1.00621, 1.06511, 0.547775, 0.276978, -0.233428, -0.00258834, 0.0699659, 0.167019, -0.026863, -0.313125, -0.182377, -0.415169, -0.445608, -0.435408
0.2, 0.0319375, 0.171148, 2.60517, 3.38462, 2.259, 1.24793, 0.823236, 2.08582, 1.80204, 1.19384, 0.863989, 0.628861, 0.252129, -0.324325, 0.141408, -0.169324, 0.665175, 1.01554, 1.17573, 0.79724, 0.385522, -0.0796433, -0.408028, -0.178624, 0.406612, 0.191012, -0.299153, -0.651891, -0.693905, -0.33467, -0.538546
0.22, 0.0319375, 0.0471388, 2.26804, 3.21622, 2.07029, 1.73448, 0.556569, 1.83345, 1.4187, 1.04763, 1.30169, 0.198482, -0.0596731, 0.212601, 0.0927856, -0.205728, 0.23947, 0.709063, 1.23406, 1.21717, 0.474734, 0.164407, -0.352545, -0.000915648, -0.226881, -0.110758, -0.38263, -0.25859, -0.233417, -0.614282, -0.633454
0.24, 0.0319375, -0.700805, 1.85349, 2.43948, 2.16895, 1.3276, 1.00603, 1.33171, 1.15955, 1.02435, 1.24115, 0.461351, -0.0656761, 0.44491, 0.946824, 0.0430418, 0.587949, 1.26495, 1.28254, 0.559799, 0.197566, -0.114907, 0.00384544, -0.0145845, -0.00354369, -0.373238, -0.465254, -0.408498, -0.557073, -0.655911, -0.61838
0.26, 0.0319375, 0.0277987, 1.85503, 2.85802, 2.10902, 1.38031, 0.0947408, 1.40425, 1.56745, 1.08285, 0.972916, 0.515406, 0.280685, 0.123794, 0.301676, 0.165237, 0.723573, 0.859947, 1.04585, 0.806081, 0.277794, 0.159806, -0.0376936, -0.0454286, 0.173179, -0.176959, -0.151299, -0.203881, -0.401576, -0.635433, -0.592671
0.28, 0.0319375, -0.398311, 2.07544, 2.28285, 2.29654, 1.92149, 0.559898, 0.338747, 1.03895, 1.25109, 1.14037, -0.591445, 0.0934209, 0.19853, 0.24185, 0.241274, 1.0487, 1.13786, 1.17226, 0.530758, 0.390367, -0.425789, -0.36624, 0.172389, 0.136975, -0.0366885, -0.443369, -0.273287, -0.632102, -0.512648, -0.725701
0.3, 0.0319375, -0.141768, 1.60819, 2.65619, 2.25583, 1.70667, 0.84363, 1.36104, 1.43358, 1.28886, 1.25451, -0.295171, 0.139446, 0.702605, -0.0579297, -0.154661, 0.434427, 0.669582, 1.67599, 0.883194, 0.218254, -0.0925516, -0.215759, 0.106819, 0.18826, 0.089836, 0.0664235, 0.418532, -0.276991, -0.39879, -0.534091
0.32, 0.0319375, 0.290339, 1.24616, 2.16964, 2.18314, 1.6374, 0.105708, 1.00392, 1.08312, 1.21862, 0.921091, 0.268268, 0.175687, -0.0900183, -0.347644, -0.120274, 0.739817, 1.10371, 1.51375, 0.901622, 0.317392, 0.240961, -0.0268306, -0.168528, -0.230881, -0.0408822, -0.422543, -0.702107, -0.620847, -0.844014, -0.92744
0.34, 0.0319375, 0.364158, 2.05275, 2.90224, 2.18319, 2.06659, 0.868594, 1.65072, 1.21919, 1.06546, 1.00172, 0.770673, 0.0292217, -0.303448, 0.197952, -0.159278, 0.179857, 0.573422, 0.77573, 0.646111, 0.096072, -0.0337709, 0.0283422, -0.308927, -0.221535, -0.210908, -0.262282, -0.443844, -0.585786, -0.664635, -0.800929
0.36, 0.0319375, 0.0955082, 1.87879, 2.76857, 1.98476, 1.97419, 0.391094, 1.54132, 1.09191, 0.372863, 0.663692, 0.736988, -0.186911, 0.243611, -0.380115, -0.39162, 0.261428, 0.79637, 0.598083, 0.170523, 0.367077, 0.0298099, 0.0357333, 0.221073, 7.74857e-06, -0.268443, -0.368117, -0.701748, -0.690996, -0.92766, -0.782277
0.38, 0.0319375, 0.219336, 1.98911, 2.12893, 1.82907, 2.0103, 0.464668, 0.793574, 0.958339, 1.3166, 0.618037, 0.331373, 0.24239, -0.374003, -0.219927, 0.0367663, 0.3804, 0.619661, 1.38789, 0.787816, 0.16862, -0.0428802, -0.209504, -0.446484, -0.325158, -0.478587, -0.230445, -0.712579, -0.682653, -0.60114, -0.693925
0.4, 0.0319375, 0.548591, 2.57605, 3.46732, 2.23125, 2.06871, 0.647757, 1.51292, 0.701981, 0.736085, 0.631, 0.720271, 0.403082, 0.151461, -0.277705, -0.295519, 0.481477, 0.889801, 1.13908, 0.962861, -0.208257, -0.244892, -0.247738, -0.135885, 0.150616, -0.12524, -0.19368, -0.753173, -0.819541, -0.651621, -0.700151
0.42, 0.0319375, -0.440031, 2.65703, 3.24803, 1.23013, 1.21298, 0.449935, 1.85485, 1.34548, 0.736148, 0.1428, -0.233587, -0.405849, -0.241618, 0.146338, -0.323863, 0.094923, 0.763096, 1.04523, 0.466169, 0.43121, 0.104219, 0.121809, -0.336433, -0.659817, -0.490708, -0.834274, -0.111489, -0.573335, -0.458577, -0.866848
0.44, 0.0319375, -0.725336, 2.72807, 3.82964, 2.16454, 1.78755, 0.571036, 2.07103, 1.18005, 0.910615, 0.709477, -0.416541, -0.407536, 0.162275, 0.380575, -0.00601008, 0.266156, 0.629006, 0.928033, 0.391186, 0.119226, -0.20788, -0.171247, 0.0027572, -0.5227, -0.427508, -0.528834, -0.57544, -0.886599, -0.890914, -0.861869
0.46, 0.0319375, 0.55297, 2.73058, 3.38162, 1.91792, 1.25286, 0.684506, 2.01132, 1.10421, 0.705509, 0.985447, 0.29351, 0.197635, 0.187116, -0.251712, 0.0102853, -0.0829446, 0.296436, 1.16458, 0.799173, 0.0990105, -0.0456779, -0.528064, -0.381995, -0.216844, -0.237986, -0.37265, -0.875712, -1.18582, -1.06279, -0.992861
0.48, 0.0319375, 0.480447, 2.70285, 3.64875, 1.60008, 0.608195, 0.719394, 1.73136, 0.525801, 0.226546, 0.417263, 0.631743, 0.399882, 0.117266, 0.448975, 0.22523, 0.190076, 0.434757, 1.36733, 0.68931, 0.455518, -0.193792, 0.155329, -0.120005, -0.239975, -0.310215, -0.541585, -0.407112, -0.594165, -0.524657, -0.500507
0.5, 0.0319375, -0.0605342, 2.23264, 2.71121, 1.69582, 1.94574, 0.658935, 0.793798, 0.944093, 1.02881, 0.835, 0.316075, -0.266473, 0.204632, 0.0119311, -0.0263568, 0.314769, 0.284243, 1.00942, 0.746098, 0.100717, -0.216647, -0.564896, -0.397119, -0.186494, -0.412818, -0.56965, -0.598593, -0.693467, -0.729327, -0.695675
0.52, 0.0319375, 0.0202328, 1.9115, 2.70476, 1.74194, 1.38531, 0.0236745, 0.329256, 0.549914, 0.109397, 0.00600723, 0.236742, 0.330056, 0.281519, 0.225978, -0.447927, -0.0639662, 0.416782, 0.610175, 0.573751, -0.0518247, -0.418222, -0.186373, -0.1947, 0.237684, -0.113029, -0.513079, -0.723073, -0.728119, -0.584605, -0.692674
0.54, 0.0319375, -0.144368, 1.88827, 2.92407, 1.5771, 1.66631, 0.895141, 1.43009, 1.05122, 0.781238, 0.596575, 0.675021, -0.280798, -0.0871985, 0.155278, -0.0347641, 0.541586, 0.422894, 0.73927, 0.448891, 0.0694709, -0.396103, -0.210895, 0.0991342, -0.153614, -0.410592, -0.694692, -0.37337, -0.890199, -1.10843, -1.24163
0.56, 0.0319375, 0.289212, 2.37694, 2.97556, 1.96295, 1.55072, 0.614788, 1.001, 1.45192, 0.937045, 0.531213, 0.0644904, -1.03541, -0.0566994, -0.304015, -0.494238, -0.28572, 0.125405, 1.03618, 0.664868, -0.285947, -0.333368, -0.028198, -0.119201, -0.0626143, -0.182939, -0.632269, -0.56331, -0.76392, -1.13511, -0.918974
0.58, 0.0319375, 0.51694, 2.75353, 3.59929, 1.9435, 1.06804, 0.0297459, 1.21917, 1.63081, 1.50969, 0.359007, 0.481953, -0.0645375, 0.169168, 0.256293, -0.272118, -0.253788, -0.0223083, 0.788151, 0.533273, 0.352778, 0.161221, 0.0659411, -0.237148, -0.449479, -0.565301, -0.685903, -0.503646, -0.5323, -0.841632, -0.977354
0.6, 0.0319375, -0.812424, 2.61352, 3.25652, 1.93772, 1.30267, 1.0003, 1.70288, 1.58164, 0.47264, 0.488784, 0.647282, 0.148246, 0.00916122, 0.237257, -0.0707174, -0.221737, 0.241358, 0.462933, 0.475226, 0.0956836, -0.112807, -0.224754, -0.371295, -0.553933, -0.470448, -0.49989, -0.34344, -0.616716, -0.992972, -1.07304
0.62, 0.0319375, -0.572445, 2.71712, 3.597, 1.85005, 1.24076, 0.903991, 1.86057, 1.64297, 0.620906, 0.650751, -0.0581332, 0.0266804, -0.327188, -0.148413, -0.113112, -0.115209, 0.908184, 0.975691, 0.823896, -0.0928503, -0.5631, -0.444146, -0.182441, -0.0368828, -0.395915, -0.661691, -0.900503, -1.03163, -1.11347, -0.811501
0.64, 0.0319375, 0.296029, 2.39394, 3.14249, 1.96248, 1.80402, 0.755706, 2.10674, 1.7317, 0.574342, 0.294153, -0.00151164, -0.329897, -0.324417, -0.152288, -0.23049, 0.0143026, 0.573393, 0.782418, 0.474359, -0.168326, -0.0824851, -0.460343, -0.694336, -0.723036, -0.636871, -0.693022, -0.574803, -0.856568, -1.07957, -0.91073
0.66, 0.0319375, 0.653703, 2.32578, 3.00677, 1.71424, 1.60368, 0.339314, 1.89545, 1.79955, 0.505857, 0.0532876, -0.196328, 0.0671635, -0.148752, 0.258733, 0.0436217, -0.0769732, 0.452092, 0.917069, 0.96509, 0.164675, -0.523092, -0.179003, -0.374615, -0.429576, -0.691096, -0.430582, -0.355389, -0.846763, -1.07753, -1.17553
0.68, 0.0319375, -0.361468, 2.16443, 2.95791, 1.8634, 1.78456, 0.48393, 2.2188, 1.52761, 0.951852, 0.611658, 0.288706, 0.306122, 0.0169651, -0.244406, -0.0738427, 0.321125, 0.668347, 0.986728, 0.559108, 0.0129578, -0.089584, 0.0824045, -0.387239, -0.320441, -0.67139, -0.883997, -0.743433, -0.899565, -1.04246, -0.834678
0.7, 0.0319375, 0.154429, 1.82892, 2.55692, 1.7776, 1.55114, 0.690226, 1.59629, 1.41385, 0.822919, 0.702101, 0.411727, 0.0107132, -0.200522, -0.0883246, 0.0739719, 0.345139, 0.510655, 0.673023, 0.246434, 0.0786435, -0.94182, -0.688645, -0.676012, -0.24305, -0.628132, -0.666217, -0.688, -0.70819, -1.00263, -1.01378
0.72, 0.0319375, 0.180439, 2.30609, 3.08853, 1.46729, 1.8545, 0.70714, 1.51541, 1.31476, 0.564585, 0.694631, 0.718181, 0.103299, 0.133574, 0.106061, -0.19893, 0.125315, 0.269142, 0.869515, 0.466132, 0.0476951, -0.137288, -0.615536, -0.66811, -0.397635, -0.384986, -0.348574, -0.480192, -0.983296, -0.912101, -1.18566
0.74, 0.0319375, 0.760521, 2.12497, 2.66664, 2.0472, 1.78926, 0.0784265, 1.28938, 1.40276, 0.819519, 0.242191, 0.0814544, -0.214613, -0.485173, -0.90055, -0.217194, 0.38831, 0.545155, 0.961895, 0.672793, -0.315131, -0.450765, -0.419893, -0.811835, -0.724981, -0.320465, -0.479054, -0.457427, -0.916422, -1.08672, -0.99465
0.76, 0.0319375, 0.43146, 2.28486, 3.07123, 1.83576, 0.867232, -0.0919866, 0.538224, 0.674788, 0.33648, 0.0365044, 0.116661, -0.170492, 0.204567, 0.385954, 0.218894, -0.0254259, 0.244118, 1.15285, 0.702176, -0.485353, -0.68415, -0.637822, -0.415885, -0.0528771, -0.488363, -0.924436, -0.594878, -0.762398, -0.763384, -1.03426
0.78, 0.0319375, 0.473353, 1.9217, 2.64178, 2.17101, 1.77209, 0.323663, 1.06982, 1.29745, 0.462462, 0.100751, 0.0849093, -0.852514, -0.281067, -0.157902, -0.202905, -0.236139, 0.345238, 0.742041, 0.652757, -0.379772, -0.419201, -0.368269, -0.726098, -0.332154, -0.520825, -0.944629, -0.796034, -0.745833, -1.39343, -1.21252
0.8, 0.0319375, 0.108071, 2.24787, 2.72549, 1.27864, 1.20085, 0.162239, 1.44173, 1.26533, 0.560804, 0.301345, 0.298952, -0.26313, -0.146258, -0.133494, 0.202667, -0.0809433, 0.945063, 1.13394, 0.719464, -0.00286985, -0.54067, -0.32034, -0.304319, -0.123471, -0.59468, -0.555045, -0.61428, -0.831722, -1.44965, -1.21673
0.82, 0.0319375, -0.168883, 1.32206, 1.47707, 1.51637, 1.71133, 0.751077, 0.990507, 1.03583, 0.724925, -0.181434, 0.0457553, -0.519439, 0.245213, 0.441192, -0.461534, -0.269618, 0.673475, 1.06086, 0.728243, -0.220691, -0.361853, -0.504876, -0.122377, -0.821435, -0.634747, -0.823185, -0.837562, -1.03751, -0.575124, -0.944653
0.84, 0.0319375, -0.0412916, 1.52444, 2.2274, 2.10341, 1.5075, 0.464608, 1.13317, 1.1048, 0.726557, 0.457974, -0.0174233, -0.0264062, -0.304638, 0.162507, -0.283396, -0.0400189, 0.384501, 0.808892, 0.59257, 0.159506, 0.0309856, -0.300745, -0.416071, -0.686165, -0.693299, -0.563417, -0.528918, -0.6282, -0.802564, -1.22557
0.86, 0.0319375, 0.739941, 1.6559, 1.98415, 2.15304, 1.62044, -0.0997202, 1.39652, 1.41771, -0.0404275, 0.266236, -0.400339, 0.223527, -0.171046, 0.147781, 0.0228314, -0.307144, 0.463425, 0.979817, 0.68902, -0.177222, -0.375965, -0.451854, -0.639143, -0.631186, -0.978556, -1.03087, -0.66265, -0.82732, -0.982228, -1.28889
0.88, 0.0319375, 0.404152, 1.39403, 1.61843, 2.33309, 1.96003, 0.685665, 1.3278, 1.19218, 0.820814, 0.618491, 0.0952421, -0.109975, -0.323416, -0.124393, -0.127481, 0.288412, 0.527599, 0.820915, 0.682381, 0.0370368, -0.0403388, -0.259895, -0.350976, -0.522922, -0.634858, -0.678787, -0.71821, -0.948147, -1.05985, -1.30239
0.9, 0.0319375, 0.380849, 1.70524, 2.45716, 2.05605, 1.86038, 0.4841, 0.353093, 1.54205, 0.872487, 0.329175, -0.14406, -0.0140183, 0.206556, 0.0751991, 0.13731, -0.188462, -0.127744, 0.815458, 0.666816, 0.13075, -0.0372414, -0.537964, -0.292226, -0.357224, -0.825692, -0.814911, -1.12274, -1.26866, -0.987196, -1.12888
0.92, 0.0319375, 0.967706, 2.25688, 2.77138, 2.31441, 1.78931, 0.0690063, 1.59758, 1.10323, 0.303346, 0.526235, 0.0617372, -0.268615, -0.102986, -0.114559, -0.174676, -0.340539, 0.112744, 0.738632, 0.339736, -0.150266, -0.726081, -0.334926, -0.559968, -0.525297, -1.08261, -0.917311, -0.610738, -0.628909, -0.835988, -1.16116
0.94, 0.0319375, -0.134043, 1.95904, 1.95406, 2.34138, 1.77345, 0.89816, 1.54223, 0.934291, 0.801057, -0.326547, -1.07197, -0.574184, 0.0740065, -0.202659, -0.469246, -0.129779, 0.640163, 0.758642, 0.456622, 0.0399248, -0.298616, -0.577065, -0.557591, -0.496102, -0.80282, -0.543027, -0.740472, -0.979048, -0.839268, -1.23931
0.96, 0.0319375, 0.47986, 2.1922, 2.47773, 1.9849, 1.61218, 0.0558342, 0.387931, 0.712346, 0.734321, 0.269354, -0.435652, -0.50709, 0.0366575, -0.157661, -0.318751, -0.298393, 0.363052, 0.825321, 0.383666, 0.258852, -0.290314, -0.266605, -0.594929, -0.802699, -0.773869, -0.878625, -1.11372, -1.00635, -0.95093, -0.977949
0.98, 0.0319375, -0.148357, 2.21587, 2.73987, 2.07057, 1.48615, 0.618805, 1.25422, 1.33503, 0.656571, -0.0759532, -0.320484, -0.336428, -0.0733931, -0.52991, -0.673843, -0.181769, -0.0998119, 0.534925, 0.520285, 0.0875583, -0.290556, -0.341981, -0.510041, -0.582724, -0.695668, -0.586126, -0.937504, -0.788821, -1.10285, -1.09305
1, 0.0319375, 0.740393, 1.61465, 2.18357, 1.55877, 1.4701, 0.0451409, 1.2016, 0.233876, 0.201889, 0.141183, 0.11023, 0.043432, -0.295265, -0.142055, -0.41989, -0.155542, 0.398044, 1.19526, 0.260613, -0.017224, -0.471826, -0.62937, -0.243538, -0.36394, -0.626965, -0.733518, -0.676147, -0.961055, -0.922967, -1.13978
1.02, 0.0319375, -0.185553, 0.260181, 0.936997, 1.43208, 0.99521, 0.300992, 0.858666, 0.65613, 0.42715, 0.208397, 0.267613, -0.243677, -0.0559262, -0.406932, -0.25226, 0.0926822, 0.639819, 1.00255, 0.577198, 0.291103, -0.184713, -0.309045, -0.743957, -0.606295, -0.950186, -0.784268, -0.872751, -0.959496, -1.17071, -0.963332
1.04, 0.0319375, 0.569301, 1.24439, 1.67783, 1.51949, 1.54531, -0.0360438, 0.677871, 1.09314, 0.556079, -0.238113, 0.682247, 0.0600473, -0.417989, -0.262756, -0.175732, -0.157341, 0.226724, 0.574002, 0.413242, -0.0395319, -0.264221, -0.542378, -0.238402, -0.323111, -0.756057, -0.743304, -0.837986, -1.111, -0.919294, -1.20625
1.06, 0.0319376, 0.219465, 1.62091, 2.22123, 2.15033, 1.70977, 0.00787452, 1.3112, 0.701333, 0.286515, 0.378167, 0.281504, -0.0920229, -0.309025, -0.744578, -0.796307, -0.603747, 0.336446, 0.693234, 0.436778, -0.217442, -0.621362, -0.575811, -0.728956, -0.746212, -1.06727, -1.15719, -1.03936, -0.627608, -0.89717, -1.06158
1.08, 0.0319375, 0.0738698, 2.15807, 2.74489, 1.36019, 1.3349, 0.565184, 0.946264, 1.35553, 0.96996, 0.542307, 0.22852, -0.245559, -0.372114, -0.368312, -0.727046, -0.295037, 0.263108, 0.56469, 0.0653042, -0.266949, -0.769587, -0.78374, -0.651627, -0.428167, -0.691301, -0.918807, -1.02364, -0.933008, -1.01963, -1.19761
1.1, 0.0319375, 0.234872, 1.68797, 2.18394, 1.66966, 1.59587, 0.462155, 0.951655, 1.69472, 0.962725, 0.0516534, 0.387134, 0.144247, -0.0258522, 0.136761, -0.236965, -0.195844, -0.128359, 0.718838, 0.147888, -0.475585, -0.536317, -0.81148, -0.648, -0.751052, -0.834428, -1.04586, -0.998845, -1.00269, -0.989604, -1.25996
1.12, 0.0319375, 0.607154, 1.80073, 2.73704, 2.29572, 0.949111, 0.246072, 0.914953, 1.51589, 0.785112, -0.204495, -0.421994, -0.207816, 0.134765, -0.303971, -0.402849, -0.557213, 0.0507187, 0.591406, -0.0961463, -0.252964, -0.269387, -0.742595, -0.41339, -0.948971, -0.964938, -0.956454, -0.709216, -0.958258, -1.05414, -1.19178
1.14, 0.0319375, 0.377747, 1.89534, 2.6469, 2.23277, 1.90947, -0.456075, 0.137486, 0.832809, 0.424031, 0.279383, 0.22368, -0.000800871, -0.161898, -0.402859, -0.593906, 0.085869, 0.17445, 0.372122, 0.430643, -0.0561944, -0.573216, -0.347154, -0.51041, -0.583721, -0.664341, -0.887429, -1.01599, -1.22773, -1.09655, -1.20498
1.16, 0.0319375, 0.798558, 1.7329, 2.54562, 1.93524, 1.59971, -0.158745, 0.370339, 1.33393, 0.380679, 0.486085, -0.0670651, -0.705407, -0.679678, -0.217009, 0.0913653, -0.722058, 0.338376, 0.294027, 0.223498, -0.0616809, -0.587697, -0.638726, -0.541041, -0.434333, -0.779799, -1.14928, -1.13238, -1.33074, -1.33045, -1.38847
1.18, 0.0319376, -0.147003, 1.86843, 2.46197, 1.77118, 1.53008, -0.253284, 0.490528, 1.09259, 0.599549, -0.0497441, -0.282839, -0.131082, -0.340801, -0.202913, -0.695917, -0.103572, 0.338909, 0.61172, 0.100725, -0.24178, -0.501519, -0.606387, -0.854829, -0.881787, -0.956077, -1.17609, -0.88863, -1.21716, -1.44331, -1.74002
1.2, 0.0319375, 0.672058, 1.99317, 2.49442, 2.13149, 1.84544, 0.33865, -0.081784, 0.563199, 0.456547, -0.259352, 0.107706, -0.111388, -0.276587, -0.236982, -0.308722, -0.724062, -0.126333, 0.633616, 0.226518, -0.536605, -0.575778, -0.465679, -0.30525, -0.714401, -0.903452, -0.868943, -1.04954, -1.16266, -1.20638, -1.38777
1.22, 0.0319375, 0.706689, 1.93467, 2.32507, 2.17999, 1.50556, -0.115189, 0.75518, 1.25967, 0.419815, 0.170183, -0.0975752, -0.309237, -0.168825, -0.783513, -0.309416, -0.384202, 0.40453, 0.508984, 0.125547, -0.873862, -0.774463, -0.445912, -0.580632, -0.83792, -0.550821, -0.757825, -1.27949, -1.26375, -1.25598, -1.15839
1.24, 0.0319375, 0.172073, 1.08785, 1.94913, 1.74098, 1.03817, -0.156614, 0.22993, 0.929904, 0.759042, 0.163468, 0.131476, -0.180151, -0.49562, -0.823184, -0.467555, -0.340439, -0.19629, 0.418683, 0.345137, -0.159618, -0.698306, -0.542816, -0.672396, -1.00504, -1.1849, -1.17044, -0.892323, -1.03156, -1.51815, -1.65526
1.26, 0.0319375, -0.384425, 1.53437, 1.88486, 1.58517, 1.3619, -0.00948376, -0.318822, 0.852272, 0.350321, -0.203055, -0.103841, -0.236118, -0.655856, -0.482486, -0.993721, -0.172392, 0.193207, 0.580269, 0.286985, -0.502176, -0.631962, -0.694265, -0.147978, -0.276378, -0.784023, -0.837668, -1.10118, -1.38867, -1.52581, -1.42471
1.28, 0.0319375, 0.143051, 0.790979, 1.77434, 0.813406, 0.0903462, -0.393674, 0.328437, 1.56959, -0.320642, 0.26234, 0.082117, -0.0824728, -0.519858, -0.760453, -0.924969, -0.562336, 0.29077, 0.329736, 0.409586, -0.461979, -0.268256, -0.921917, -0.792689, -0.416106, -0.821877, -1.12571, -0.993621, -1.13237, -1.28373, -1.61738
1.3, 0.0319376, 0.0409717, 0.502056, 1.36896, 2.00812, 0.427385, 0.427649, 0.516565, 0.742856, 0.248125, 0.29005, 0.078608, -0.228914, -0.567808, -0.300392, -0.418546, -1.00472, 0.406497, 0.813155, 0.426722, -0.318415, -0.711865, -0.63529, -0.73485, -0.888647, -0.929814, -1.08703, -1.13392, -1.39128, -1.47806, -1.42164
1.32, 0.0319375, -0.259484, 0.827565, 2.32329, 2.2409, 0.486728, 0.170393, 0.961479, 1.57399, 0.593486, -0.100623, 0.32131, 0.000753834, -0.394277, -0.412215, -1.11055, -0.278017, -0.0535274, 0.275408, 0.3547, -0.184514, -0.556093, -0.676031, -0.780054, -0.866488, -1.10238, -1.29389, -1.26335, -1.73913, -1.29199, -1.35131
1.34, 0.0319375, 0.366253, 1.40119, 2.25034, 1.73779, 0.910644, -0.157469, -0.306116, 0.734303, 0.0685933, -0.179659, -0.0568144, -0.324912, -0.927725, -0.503881, -0.453881, -0.808188, 0.328645, 0.77335, 0.148407, -0.23606, -0.504646, -0.964028, -0.63844, -0.667185, -1.25453, -1.26039, -1.18913, -1.17477, -1.55253, -1.48754
1.36, 0.0319375, -0.230884, 1.6411, 2.43246, 0.92588, 0.887303, 0.243414, 0.486281, 0.600935, 0.702244, -0.376709, -0.11461, -0.078314, -0.0643268, 0.109938, -0.893029, -0.179831, 0.0952015, -0.0365769, -0.332079, -0.909317, -0.520154, -0.46768, -0.916939, -0.714589, -0.901587, -1.00675, -1.14845, -1.32813, -1.20397, -1.4189
1.38, 0.0319375, -0.0739915, 1.22265, 2.34079, 1.49873, 0.696935, 0.536385, 0.848597, 1.29973, 0.151789, -0.177098, -0.237687, -0.0150281, -0.577639, -0.50413, -0.594162, -0.795815, -0.170596, 0.441792, 0.107652, -0.598904, -0.690079, -0.845405, -0.61226, -0.690537, -1.27206, -1.19466, -1.38727, -1.20591, -1.12975, -1.30976
1.4, 0.0319375, 0.48023, 0.315671, 1.0002, 1.04912, 0.240948, -0.131653, 0.047607, 1.24263, 0.660705, -0.0356203, -0.472978, -0.285019, -0.390391, -0.536368, -0.928987, -0.481105, -0.00557699, 0.433222, 0.302139, -0.448672, -0.541123, -0.573985, -0.44774, -0.584033, -0.910893, -1.21575, -1.1218, -1.19134, -1.22487, -1.65656
1.42, 0.0319376, 0.175457, 1.32151, 2.32857, 2.03386, 0.486034, 0.231989, -0.498047, 0.00969724, 0.624722, -0.274689, -0.215212, -0.409116, -0.888117, -0.819357, -0.397064, -0.152782, -0.0804949, 0.00520743, 0.0967498, -0.226704, -0.359932, -0.45302, -0.764596, -0.680516, -1.04826, -1.41142, -1.45, -1.43957, -1.51701, -1.51784
1.44, 0.0319375, -0.334731, 1.13271, 1.96495, 1.37118, 0.606082, -0.296601, 0.676641, 0.59467, 0.585828, -0.308922, -0.35465, -0.249433, -0.520224, -0.032129, -0.500339, -0.472135, -0.358549, 0.584023, 0.117513, -0.520215, -1.18977, -1.34427, -1.15533, -0.926722, -0.906412, -1.59514, -1.22253, -1.35532, -1.5186, -1.72648
1.46, 0.0319375, -0.238081, 0.848108, 1.63357, 1.81329, 0.662654, -0.229382, 0.355306, 1.06893, 0.385339, -0.163051, -0.454993, -0.0712924, -0.287564, -0.480675, -0.338682, -0.606688, -0.417568, 0.485244, 0.196722, -0.508272, -0.956399, -0.670197, -1.12675, -1.15328, -1.16949, -1.01354, -1.3285, -1.48745, -1.35957, -1.47931
1.48, 0.0319375, 0.383699, 0.452534, 1.90869, 1.81647, 1.32501, 0.748154, 0.792514, 0.693908, 0.779336, 0.73376, 0.601695, -0.395127, -0.123208, 0.118715, -0.295812, -0.233769, 0.138027, 0.656685, -0.170682, -0.175211, -0.431104, -0.740994, -0.266243, -0.837645, -0.868194, -1.03147, -1.14298, -1.3743, -1.4234, -1.67165
1.5, 0.0319375, -0.106741, 0.724216, 1.63208, 1.15241, 0.664936, -1.07886, -0.037931, 0.930123, 0.603151, -0.0693845, -0.276788, 0.120991, -0.650644, -0.443688, -0.599823, -0.563656, 0.324968, 0.328929, -0.0206061, -0.206104, -0.106707, -0.274553, -0.627639, -0.942487, -1.26436, -0.893499, -1.1874, -1.19076, -1.27392, -1.60565
1.52, 0.0319375, 0.18937, 1.40683, 1.64977, 1.79798, 1.08013, 0.247355, 0.815677, 1.24919, 0.566956, -0.533361, -0.675017, -0.580383, -0.717716, -0.342592, -0.777069, -0.530199, -0.170298, -0.170937, 0.0519086, -0.533318, -0.833935, -1.2776, -0.800166, -0.973136, -1.04153, -1.14307, -1.389, -1.30987, -1.5314, -1.57756
1.54, 0.0319375, 0.340827, 0.862861, 1.47342, 1.91418, 1.10186, 0.208059, 0.332532, 0.673122, 0.432013, 0.0924055, 0.259921, -0.193284, -0.214896, -0.253608, -0.241554, -0.126917, -0.120454, -0.22316, -0.054685, -0.533634, -0.947595, -1.27145, -1.05771, -1.06531, -1.323, -1.19373, -1.46511, -1.40937, -1.37811, -1.74596
1.56, 0.0319376, 0.119224, 0.763384, 2.02559, 1.84368, 1.19091, 0.276317, 0.599525, 0.530416, -0.000717122, 0.278713, -0.0319671, -0.179114, -0.230487, -0.889542, -0.809971, -0.684371, -0.0542304, 0.216855, 0.223933, -0.507157, -0.821176, -0.856388, -1.00426, -0.825584, -1.16907, -1.05152, -1.05683, -1.35537, -1.36339, -1.61502
1.58, 0.0319375, 0.39879, 1.04099, 1.98714, 1.6967, 0.500675, -0.509829, 0.334795, 0.305765, -0.261774, -0.278883, 0.322398, -0.161017, -1.15808, -0.273541, -0.426677, -0.254899, 0.108859, 0.343006, 0.00426099, -0.211272, -0.483053, -0.672287, -0.644233, -0.743312, -1.62861, -1.38342, -1.41712, -1.73694, -1.41187, -1.6157
1.6, 0.0319375, -0.0628654, 1.47988, 2.10693, 1.82707, 0.954613, 0.178808, 0.855452, 1.49181, 1.06855, -0.167599, 0.046011, 0.00349732, -0.0738139, -0.589873, -0.276089, -0.350882, 0.115197, 0.264631, 0.291824, -0.35196, -0.845131, -1.23772, -1.10885, -1.20772, -1.5435, -1.17268, -1.08113, -1.44777, -1.61266, -1.60692
1.62, 0.0319375, 0.111195, 1.70056, 2.4454, 1.16978, 0.583193, -0.230732, 0.283275, 0.846403, 0.470266, -0.224319, 0.429689, -0.350686, -0.781039, -1.21183, -0.797082, -0.371295, -0.0939266, 0.462204, -0.0204114, -0.783578, -0.511524, -0.612866, -0.842543, -0.77552, -1.184, -1.27959, -1.35318, -1.21183, -1.38909, -1.5591
1.64, 0.0319375, 0.0279791, 1.08877, 2.29761, 1.2925, 0.582007, 0.137526, 0.193511, 0.742837, 0.930357, 0.0502054, -0.259764, -0.685343, -0.767512, -0.894669, -0.823088, -0.521059, 0.384465, 0.54168, 0.191527, -0.166831, -0.403812, -0.628245, -1.03537, -1.10963, -1.36737, -1.40753, -1.21557, -1.00116, -1.0724, -1.50917
1.66, 0.0319375, -0.188442, 1.47248, 2.06005, 1.48089, 0.615766, -0.316604, 0.619077, 0.889793, 1.10621, 0.447505, 0.225424, -0.608702, -0.391038, -0.754471, -0.459802, -0.114222, 0.296497, 0.546078, 0.103852, -0.575944, -0.900279, -0.947286, -0.884949, -0.970813, -1.10338, -1.19081, -1.14139, -1.42464, -1.47543, -1.70163
1.68, 0.0319376, -0.152737, 1.08266, 1.47892, 1.07903, 0.662472, 0.580901, 1.07701, 0.985753, 0.414398, -0.422822, -0.298291, -0.138651, -0.767985, -0.331918, -0.391188, -0.376536, 0.0738759, 0.609243, 0.0859864, -0.391322, -0.670184, -0.486452, -1.07662, -0.935136, -1.06421, -1.36669, -1.12276, -1.8407, -1.38743, -1.5629
1.7, 0.0319375, 0.0535134, 1.00404, 2.22777, 2.25588, 1.26277, 0.870206, 0.472374, 0.601354, 0.478778, -0.0728838, -0.393136, -0.067653, -0.489419, 0.0462686, -0.0617297, -0.498356, -0.170286, 0.102398, 0.230479, -0.331688, -1.01761, -0.810693, -0.896343, -1.14042, -1.14136, -1.00393, -1.10846, -1.07208, -1.22867, -1.43353
1.72, 0.0319375, 0.250046, 1.02421, 2.06958, 1.47736, 0.906786, 0.0669197, 0.30362, 1.17894, 1.12079, -0.193562, 0.10934, -0.130695, -0.159885, -0.304292, -0.166959, -0.381702, 0.403527, 0.370882, 0.0986808, -0.436612, -0.795688, -0.587981, -0.608026, -1.0428, -1.19017, -1.23296, -1.24866, -1.35995, -1.80397, -1.56551
1.74, 0.0319375, 0.0922965, 1.74388, 2.22054, 0.61974, 0.763819, 0.333914, 0.216583, 1.32969, 0.578775, 0.22693, 0.110289, -0.263323, -0.220809, -0.617529, -0.740053, -0.565489, -0.0325243, 0.109264, 0.0353944, -0.342718, -0.610626, -0.626785, -1.05057, -0.920396, -1.10847, -1.27307, -1.35502, -1.29269, -1.36922, -1.29977
1.76, 0.0319375, 0.0237281, 1.2485, 2.17872, 1.67539, 0.989777, 0.232818, -0.252473, 0.740196, 0.843434, -0.319881, -0.0143108, -0.127265, -0.112435, -0.828509, -0.928286, -0.195238, 0.330133, 0.47834, 0.250571, -0.412682, -0.73887, -1.28448, -0.825729, -0.870079, -0.896695, -1.28304, -1.20918, -1.38082, -1.39997, -1.47244
1.78, 0.0319375, 0.570202, 1.34398, 2.12679, 1.59368, 1.12134, -0.00309893, 0.942, 0.917454, 0.344042, -0.108102, -0.480257, -0.321609, -0.738722, -0.946799, -0.276267, -0.100737, -0.316475, 0.364484, 0.246438, -0.528023, -0.795749, -0.78812, -0.719993, -0.755603, -1.31489, -1.44286, -1.5351, -1.51567, -1.6928, -1.42818
1.8, 0.0319376, 0.389352, 1.38534, 1.85761, 1.40702, 0.0785223, 0.290271, 0.296834, 0.750901, 0.104356, 0.0171217, -0.422555, -0.587466, -0.234046, -0.423171, -0.448162, -0.44001, -0.335341, 0.490017, 0.0532478, -0.904709, -0.751246, -0.744095, -1.13521, -1.07142, -1.105, -1.23944, -1.16917, -1.36046, -1.56867, -1.47789
1.82, 0.0319375, 0.14406, 0.653001, 1.62895, 1.83145, 1.22025, 0.268911, 0.189852, 0.912607, 0.647475, 0.158708, -1.21969, -0.874728, -0.650283, -0.494054, -0.588926, -0.479507, 0.0694643, 0.588556, 0.130063, -0.308787, -0.714355, -0.71091, -0.710925, -0.95882, -0.986227, -1.49819, -1.28163, -1.36205, -1.45392, -1.53949
1.84, 0.0319375, 1.02986, 1.43416, 2.36729, 1.09137, 0.287811, -0.11408, 0.470434, 1.1899, 0.729841, 0.401532, -0.0543061, -0.681299, -0.66337, -0.304594, -0.397909, -0.403835, -0.22865, -0.0489978, 0.214191, -0.218927, -0.563827, -0.561626, -0.716522, -0.845056, -0.728587, -1.01089, -1.53811, -1.48754, -1.21853, -1.66211
1.86, 0.0319375, 0.0554598, 1.30772, 1.72119, 1.58277, 0.815571, -0.0312755, 0.491922, 0.587232, 0.168639, -0.282715, -0.219997, -0.612513, -0.719145, -0.599539, -0.738379, -0.626364, 0.152174, 0.378534, 0.389445, -0.156134, -0.908129, -0.883947, -0.735863, -0.891621, -1.2913, -1.14736, -1.33302, -1.31089, -1.40374, -1.76986
1.88, 0.0319375, 0.83019, 1.35198, 1.92062, 2.01594, 1.45888, -0.102104, 0.647689, 0.903564, 0.589405, -0.241759, 0.11524, -0.529024, -0.220509, -0.817475, -0.824451, -0.546145, -0.0829481, 0.636175, 0.157578, -0.300875, -0.5805, -0.791925, -0.895571, -1.34933, -1.20838, -1.19323, -1.26899, -1.1365, -1.37348, -1.74081
1.9, 0.0319375, -0.00318629, 1.5488, 2.60565, 1.56189, 1.26332, 0.207526, 0.982957, 0.535391, 0.368792, 0.323241, 0.0205612, -0.0808284, -0.441871, -0.247951, -0.94713, -0.402746, 0.301998, 0.358851, -0.436302, -0.412598, -0.756186, -0.985441, -0.832662, -1.01768, -1.32391, -0.942599, -1.24273, -1.47821, -1.65003, -1.53288
1.92, 0.0319376, 0.534734, 1.87125, 2.7971, 1.93448, 1.07574, -0.184094, 0.717011, 1.46335, 0.153373, -0.453194, -0.306201, -1.0581, -0.427859, -0.396864, -0.769546, -0.534561, -0.0250539, 0.0263981, -0.221174, -0.540186, -0.303066, -0.432593, -0.954522, -0.897025, -1.23598, -1.13554, -1.43523, -1.51668, -1.34329, -1.35532
1.94, 0.0319375, 0.077077, 0.975235, 2.14497, 1.66893, 1.22511, -0.124479, 0.136928, 1.01722, -0.080051, -0.0339225, -0.181331, 0.00974434, -0.144898, 0.0283419, -0.697476, -0.265788, 0.126634, 0.523735, 0.263684, -0.812126, -1.16618, -0.674493, -1.11491, -1.17775, -1.22024, -1.09046, -1.40495, -1.63557, -1.28405, -1.36946
1.96, 0.0319375, 0.491719, 0.856234, 1.28613, 1.42361, 0.884874, 0.0544505, 0.434248, 1.31747, 0.478145, 0.0344446, -0.637565, -0.658711, -1.13466, -0.579379, -0.703343, -0.693684, -0.0177957, 0.364457, -0.0595583, -0.95068, -0.769813, -1.10513, -0.900917, -0.991343, -1.44841, -1.25855, -1.23733, -1.29312, -1.46647, -1.6212
1.98, 0.0319376, 0.0760539, 0.736475, 2.28829, 1.7649, 1.2661, -0.12456, 0.442836, 0.830998, 0.03131, -0.829322, -0.0130888, -0.255183, -0.721291, -0.478975, -0.470265, -0.265199, 0.13409, 0.216167, 0.00351882, -0.204456, -0.991969, -1.00344, -0.541303, -1.02809, -1.20602, -1.49013, -1.39854, -1.58295, -1.57524, -1.69931
2, 0.0319376, 0.191464, 0.252392, 1.84056, 1.39392, 0.485765, -0.0335007, -0.381519, 0.925828, 0.101276, -0.37117, -0.165648, -0.533848, -0.506999, -0.793674, -0.549169, -0.200266, -0.087393, 0.61819, 0.35789, -0.535618, -0.911144, -0.633834, -0.816332, -0.702729, -0.631778, -0.991772, -1.184, -1.44909, -1.61988, -1.37231
2.02, 0.0319376, -0.726289, 1.0857, 1.94811, 0.989561, 0.262284, -0.238849, -0.665226, 0.607001, 0.557162, -0.212258, -0.436393, -0.600741, -1.00479, -0.531169, -0.890018, -0.752769, 0.034463, 0.539425, -0.0258654, -0.459184, -0.720624, -0.803827, -1.00032, -1.36767, -1.30101, -1.39606, -1.19213, -1.40263, -1.7533, -1.50492
2.04, 0.0319376, -0.00729761, 1.34322, 2.19119, 1.64842, 0.925971, -0.143371, 0.328535, 0.77549, 0.601515, 0.0476452, 0.0901299, -0.153454, -0.434653, -0.5837, -0.581686, -0.745943, -0.36007, 0.779491, 0.0557636, -0.386382, -0.858712, -0.253728, -1.02607, -1.35422, -1.37935, -1.55812, -1.57828, -1.34345, -1.36213, -1.7097
2.06, 0.0319376, 0.613391, 0.780894, 2.11342, 1.61257, 0.0810803, -0.318754, 0.270896, 0.762086, -0.0547321, 0.207793, 0.481851, -0.146019, -0.4121, -0.49762, -0.777295, -0.409604, -0.324624, 0.458547, -0.275032, -0.500979, -0.667438, -1.12551, -0.873744, -0.932413, -1.39927, -1.05195, -1.02601, -1.52512, -1.34727, -1.65876
2.08, 0.0319376, -0.127063, 0.827281, 1.2382, 1.21595, 0.477671, -0.183996, 0.545996, 0.401299, 0.319716, 0.339638, 0.406903, -0.0700376, -0.630485, -0.959886, -0.561671, -0.106467, 0.0428902, 0.601869, -0.191599, -0.432875, -0.563751, -0.533593, -0.849897, -0.909893, -0.765659, -1.22492, -1.35344, -1.06797, -1.39771, -1.74474
2.1, 0.0319376, 0.0311631, 0.698064, 1.51011, 1.18827, 0.650914, 0.167065, 0.476712, 0.821844, 0.317271, 0.133934, -0.601384, -0.176124, 0.051426, -0.166722, -0.746704, -0.219026, 0.221249, 0.970581, 0.0904338, -0.19591, -0.701692, -0.959031, -0.737394, -0.957247, -1.14796, -1.25121, -1.26981, -1.47811, -1.74128, -1.73512
2.12, 0.0319376, 0.0431625, 0.827838, 1.37495, 0.911713, 0.259412, -0.698047, 0.426604, 0.97253, 0.570569, -0.192699, 0.331271, -0.456578, -0.175647, -0.0845699, -0.521696, -0.23911, -0.0934913, 0.513038, 0.187584, -0.30836, -0.67141, -0.747216, -0.568103, -0.986395, -0.847569, -1.05594, -1.03552, -1.39677, -1.40973, -1.84516
2.14, 0.0319374, 0.195511, 1.50368, 2.32737, 1.76439, 0.556981, -0.503716, 0.531097, 1.32295, 0.914782, 0.0324284, -0.0974795, -0.386406, -0.185257, -0.42182, -0.661079, -0.326407, 0.00545679, 0.655066, 0.345899, -0.220609, -0.822677, -0.625299, -0.740091, -0.797753, -1.07933, -1.03035, -1.11821, -1.18018, -1.34137, -1.52173
2.16, 0.0319374, 0.442081, 1.02704, 1.55024, 1.16385, 1.1392, 0.191522, 0.14789, -0.0518608, 0.912053, 0.181451, -0.573913, -0.51588, -0.917862, -0.837652, -1.03463, -0.884463, -0.602772, 0.462837, 0.0470645, -0.460873, -0.545135, -0.785985, -1.35977, -0.987568, -1.2892, -1.41068, -1.42203, -1.55496, -1.47476, -1.76432
2.18, 0.0319374, 0.166605, 0.867338, 2.33444, 2.48372, 1.05119, -0.29874, -0.0269533, 0.701135, 0.573794, -0.674022, -0.230159, -1.12284, -0.331828, -0.0314784, -1.00344, -0.336056, 0.00120817, 0.411275, 0.0175742, -0.360803, -0.49905, -0.670045, -1.01019, -1.08321, -1.22566, -1.38542, -1.1771, -1.2471, -1.82288, -1.52555
2.2, 0.0319374, -0.563664, 0.868589, 2.34657, 2.11727, 0.840917, 0.45356, 0.123989, 0.564509, 0.818017, 0.178498, -0.193987, 0.0523748, -0.41558, -0.0968283, -0.53081, -0.712553, 0.642396, 0.427066, 0.0796815, -0.583708, -0.610419, -0.492702, -0.492919, -0.861043, -0.931935, -0.794303, -1.28239, -1.1991, -1.51752, -1.58126
2.22, 0.0319374, -0.260158, 1.23577, 2.42239, 2.02081, 0.906279, -0.0774726, 0.254146, 0.846485, 0.0916139, -0.243769, -0.27039, -0.469453, -0.635288, -0.62954, -0.868072, -0.487024, 0.375705, 0.646548, -0.0319492, -0.296191, -0.215003, -0.552948, -0.748698, -0.603372, -1.13129, -1.1923, -0.787622, -1.25317, -1.48187, -1.41975
2.24, 0.0319376, 0.130037, 0.604547, 2.10591, 1.96178, 1.52909, 0.275007, -0.064117, 0.719559, 0.168682, -0.166734, -0.14688, -0.730365, -0.443884, -0.429566, -0.506577, -0.148566, 0.236604, 0.319933, -0.463885, -0.581012, -0.526535, -0.88834, -0.911485, -0.917617, -1.08341, -0.940318, -0.724001, -1.06656, -1.1606, -1.16866
2.26, 0.0319376, 0.283543, 1.10269, 1.57258, 1.26569, 0.79865, 1.06095, 0.527161, 0.865581, 0.584923, 0.553718, -0.00696354, 0.34931, -0.00132911, 0.0457193, -0.237253, 0.0644089, 0.461767, 0.771146, 0.430704, 0.187561, -0.340937, -0.678112, -0.526072, -0.653335, -0.949471, -1.14561, -0.817344, -0.850543, -0.78889, -1.27502
2.28, 0.0319376, 0.0801615, 1.79482, 2.23551, 2.13033, 1.46191, -0.127137, 0.750563, 1.24297, 0.400332, -0.166607, 0.0951943, -0.196961, -0.177865, -0.132815, -0.728407, -0.0337148, 0.143845, 0.782273, 0.447078, -0.157705, -0.694583, -0.777593, -0.782666, -0.775844, -1.11718, -0.939809, -0.838002, -1.1026, -1.30835, -1.60407
2.3, 0.0319376, 0.55413, 1.13155, 1.84168, 2.23923, 1.04734, 0.114434, 0.452061, 0.833748, 0.849296, 0.711174, 0.722807, -0.231391, -0.107176, 0.0478551, -0.627099, -0.340662, 0.211438, 0.644632, 0.10644, -0.306244, -0.122876, -0.442213, -0.595831, -0.58013, -0.641141, -1.16002, -1.01905, -0.87399, -1.09719, -1.30734
2.32, 0.0319376, -0.253452, 1.32146, 2.06899, 1.06662, 0.56798, 0.259572, 0.318403, 1.04814, 0.748307, -0.413655, 0.345859, 0.222314, -0.414773, -0.332679, -0.645874, -0.0498014, 0.0974325, 0.835181, -0.303816, -0.328743, -0.369259, -0.731959, -0.827465, -0.918087, -0.962518, -1.02032, -0.950154, -0.903409, -1.02473, -1.13112
2.34, 0.0319376, -0.736181, 1.39982, 2.52214, 1.6839, 1.5527, 0.230116, 0.762954, 1.33302, 1.04244, 0.185661, 0.218237, -0.0391438, -0.171381, -0.303303, -0.918523, -0.457169, 0.406006, 0.839864, 0.437579, 0.0283186, -0.209435, -0.738166, -0.954213, -0.747266, -0.971484, -0.894566, -0.885842, -1.09952, -1.22851, -1.22887
2.36, 0.0319376, -0.261079, 1.75819, 2.27519, 1.60681, 0.629399, -0.10324, 0.811032, 0.52023, 0.173348, 0.278806, -0.545959, -0.290229, -0.612462, -0.867982, -0.436538, -0.417431, 0.180346, 0.636147, 0.324314, -0.312738, -0.379334, -0.578002, -0.885886, -0.75318, -0.958031, -1.01249, -1.08339, -1.21541, -1.18061, -1.46679
2.38, 0.0319374, -0.355052, 0.908221, 0.400227, 0.722865, 0.782555, 0.270391, 0.557524, 0.806632, 0.901839, -0.0968509, -0.183019, -0.272042, -0.159643, 0.116231, -0.138967, 0.0764592, 0.583024, 0.692512, 0.347807, 0.102148, -0.161285, -0.527466, -0.202495, -0.250594, -0.868171, -0.946924, -0.947603, -1.14651, -1.36586, -1.2587
2.4, 0.0319374, -0.0940937, 1.05107, 2.00693, 1.47831, 0.252014, 0.914114, 0.812852, 0.845488, 0.552295, 0.116614, 0.0496517, -0.231799, -0.420885, -0.403164, -0.208411, -0.159731, 0.567317, 0.973137, 0.633218, -0.0784902, -0.275851, -0.361256, -0.572127, -0.466669, -0.535291, -0.870424, -1.03287, -0.753276, -0.980846, -1.15567
2.42, 0.0319374, -0.333437, 1.44163, 2.41842, 1.54205, 1.13847, -0.22069, -0.43406, 0.245227, 0.486833, -0.219686, -0.0163429, -0.141288, -0.379301, -0.340222, -0.402382, -0.342928, 0.291725, 0.366116, -0.0104946, -0.130792, -0.291696, -0.205189, -0.508692, -0.713926, -0.829307, -0.989268, -1.12083, -0.880029, -1.12975, -1.44748
2.44, 0.0319374, 0.511376, 1.70176, 2.78463, 1.36041, 0.790194, -0.881399, 0.748724, 1.29202, 0.845387, 0.173957, -0.542727, -0.689433, -0.907747, -0.325842, -0.654075, -0.0662426, 0.393887, 0.969038, 0.495756, -0.0537135, -0.872225, -0.749488, -0.689589, -0.793565, -0.8951, -0.995, -0.657883, -0.989, -1.14129, -1.22079
2.46, 0.0319374, -0.0562736, 1.91898, 2.92922, 1.78645, 1.31146, 0.0839661, 1.08645, 1.00985, 0.688813, 0.129999, 0.173168, -0.440083, -0.387641, -0.445042, -0.630098, -0.309954, -0.173431, 0.617312, 0.0540422, 0.16964, -0.183601, -0.386886, -0.826052, -0.541931, -1.00914, -0.912031, -0.863944, -0.795139, -1.23467, -1.56678
2.48, 0.0319376, -0.550901, 1.92579, 2.87967, 1.35939, 1.37565, 0.220972, 0.942964, 1.14536, 0.70661, 0.405213, 0.345525, 0.215713, -0.860868, -0.106443, -0.325613, -0.245603, -0.012992, 0.706091, 0.632536, -0.301429, 0.0340367, -0.139203, -0.201393, -0.46267, -0.744313, -1.03675, -0.520045, -0.639742, -0.876741, -1.09739
2.5, 0.0319376, 0.650217, 2.37172, 3.27326, 0.569546, 0.521503, 0.363928, -0.088538, 0.42481, 0.146744, 0.119774, -0.797357, -0.801132, -0.356344, -0.0957106, -0.0883922, -0.0933212, 0.457055, 0.737444, 0.234085, 0.0189183, -0.191919, -0.0709889, 0.240282, -0.187602, -0.908366, -0.830679, -0.934866, -0.959276, -1.17548, -1.27484
2.52, 0.0319376, 0.406806, 2.61699, 3.44417, 1.2278, 0.358126, 0.0515186, 1.29495, 0.62916, -0.259735, -0.129016, -0.361972, -0.213975, -0.0932495, -0.21252, 0.385404, 0.264089, 0.166888, 0.801624, 0.359228, -0.501477, -0.827098, -0.791176, -0.684781, -0.688146, -0.539932, -0.99367, -0.446, -0.673173, -0.889643, -1.08863
2.54, 0.0319376, 0.667819, 2.28096, 3.28777, 1.86369, 0.876672, 0.267297, 0.700662, 0.33995, 0.616885, 0.528455, 0.0580622, -0.599613, -0.471301, 0.11767, -0.651739, -0.176132, 0.25421, 0.626863, 0.0572833, -0.145815, -0.338279, -0.0796089, 0.0673484, -0.413822, -0.580549, -0.556165, -0.602595, -1.21725, -0.818443, -1.11965
2.56, 0.0319376, 0.421829, 2.23595, 3.06597, 1.39388, 0.869483, -0.0806297, 1.09695, 0.741906, 0.19057, -0.3216, -0.30334, -0.220794, -0.411365, -0.415192, -0.637388, -0.332257, 0.00353165, 0.678732, 0.271299, -0.338025, -0.639181, -0.613522, -0.572143, -0.585953, -0.58791, -0.771748, -0.530113, -0.93319, -1.10158, -1.30914
2.58, 0.0319376, 0.331542, 2.27763, 3.20514, 1.91353, 0.396021, -0.0586863, 0.735072, 0.849172, 0.222218, -0.656677, -0.343309, -0.0577006, -0.195265, -0.128015, -0.690571, -0.365223, 0.607076, 0.86454, 0.404706, 0.10718, -0.622688, -0.429941, -0.360076, -0.141709, -0.665064, -0.730571, -0.832976, -1.02903, -1.04476, -1.27464
2.6, 0.0319376, -0.1948, 2.42331, 3.38294, 1.60852, 0.288954, -0.137593, 0.853951, 0.727634, -0.130416, -0.220964, 0.213874, -0.322861, -0.302172, -0.474579, -0.53449, -0.365703, 0.0970365, 0.519397, 0.227047, -0.234952, -0.207427, -0.358707, -0.216899, -0.292357, -0.684904, -1.02687, -1.01579, -0.918681, -0.925363, -1.41044
2.62, 0.0319376, -0.0618906, 2.4749, 3.40337, 1.27402, 0.246584, 0.389747, 0.721718, 0.484919, -0.164434, 0.25862, 0.288282, 0.100771, -0.0738733, -0.0190083, -0.330265, -0.122036, 0.738063, 1.17824, 0.341385, -0.118512, -0.469431, -0.69901, -0.941938, -0.821379, -0.608975, -0.862457, -0.730135, -0.518452, -0.821949, -1.14193
2.64, 0.0319374, 0.578642, 2.61134, 3.41754, 1.46038, 0.902837, 0.218098, 0.818214, 0.951309, 0.558577, -0.277354, -0.113083, -0.657668, -0.516857, -0.539973, -0.276646, -0.17027, 0.47465, 1.18812, 0.654351, 0.0289337, -0.471805, -0.182999, -0.46866, -0.373096, -0.546237, -0.908567, -1.20832, -1.03567, -1.19941, -1.05714
2.66, 0.0319374, 0.658914, 2.53596, 3.40145, 1.37794, 0.946996, 0.471829, 0.757802, 0.693641, 0.366083, 0.363647, -0.0605788, -0.567423, -0.1697, -0.251619, 0.102619, -0.0292442, 0.443341, 0.729912, 0.172802, -0.223346, -0.672716, -0.385848, -0.403249, -0.710654, -0.96156, -0.907594, -1.02765, -0.675019, -0.814736, -1.10479
2.68, 0.0319374, 0.0198797, 2.25921, 3.04823, 0.86135, 0.844693, 0.184055, 0.935998, 0.74577, 0.108302, 0.226815, 0.245152, -0.389491, 0.36407, 0.0824594, -0.796423, -0.499687, 0.0286343, 1.11957, 0.54049, -0.168925, -0.675653, -0.679143, -0.384973, -0.660815, -0.716196, -0.666747, -0.744496, -0.790549, -1.11104, -1.1869
2.7, 0.0319374, 0.293703, 2.52432, 3.41258, 1.98022, 0.957382, 0.463768, 0.985395, 0.724465, 0.519649, -0.226223, -0.047977, -0.284176, -0.461586, -0.335626, -0.365016, -0.430343, -0.287515, 0.852392, 0.802256, 0.164045, -0.360882, -0.751027, -0.421643, -0.323156, -0.690409, -0.896857, -1.04099, -1.17211, -1.11166, -1.08543
2.72, 0.0319374, -0.382788, 2.29174, 3.28758, 1.35274, 0.438823, 0.563321, 0.253218, 0.887012, 0.5857, -0.0472383, -0.00909302, 0.29241, -0.11222, -0.723923, -0.455275, -0.367773, 0.352324, 0.285269, 0.243636, -0.149313, -0.470582, -0.721328, -0.591552, -0.765468, -0.882163, -0.707362, -0.656987, -1.25771, -1.14879, -1.28529
2.74, 0.0319376, -0.38352, 2.06236, 2.93774, 1.9763, 0.763697, 0.12627, 1.15048, 0.341313, 0.401137, 0.00375424, -0.485489, -0.222196, -0.166218, -0.240985, -0.546092, -0.256599, 0.371391, 1.27798, 0.510926, 0.127446, -0.443209, -0.785197, -0.369771, -0.54892, -0.733354, -1.10361, -0.832582, -1.02735, -1.2719, -1.32119
2.76, 0.0319376, 0.196146, 1.00646, 1.57639, 1.41423, 0.661803, 0.266434, 1.14458, 0.499977, 0.613417, 0.340788, -0.138353, 0.0488343, -0.288068, -0.279228, -0.238309, -0.140101, 0.47214, 1.13004, 0.245766, -0.395777, -0.258821, -0.495865, -0.298057, -0.0446665, -0.504466, -0.871463, -0.805059, -0.813524, -0.826764, -0.989212
2.78, 0.0319376, -0.921658, 1.79253, 2.5862, 1.40798, 0.9609, -0.413468, 0.42128, 0.201325, -0.176676, 0.040579, 0.0377484, -0.518257, -0.195164, -0.281205, -0.605651, -0.37928, 0.20195, 0.414463, 0.617701, -0.076839, -0.460943, -0.497979, -0.55771, -0.482468, -0.51063, -1.23935, -1.01551, -0.789888, -0.906047, -1.04861
2.8, 0.0319376, 0.110895, 1.75867, 2.84361, 1.26745, 0.663076, 0.0307562, 1.31303, 0.798216, 0.177047, -0.261063, -0.550745, -0.751933, -0.289911, -0.0369981, -0.564083, 0.00765533, 0.677469, 0.853211, 0.255233, -0.185437, -0.0666496, -0.22413, -0.479454, -0.423402, -1.05202, -1.12805, -0.759342, -0.573544, -0.681139, -1.00248
2.82, 0.0319376, 0.563911, 1.22806, 1.78834, 1.02063, 0.698746, 0.0245464, 1.06216, 0.988341, 0.553568, 0.320562, -0.136015, -0.175093, -0.338426, -0.0839943, -0.865847, -0.993284, 0.153182, 0.890929, 0.51836, -0.286612, -0.297106, -0.537735, -0.453075, -0.714527, -0.916441, -0.911173, -0.663834, -0.899565, -1.08741, -1.21059
2.84, 0.0319376, -1.34555, 1.18619, 1.71262, 1.39692, 0.562605, -0.521028, 1.61283, 0.736207, -0.0164953, 0.233174, 0.284433, -0.0337569, -0.487871, -0.185136, 0.0875802, 0.0555965, 0.233015, 1.05817, 0.212592, 0.08726, -0.364638, -0.344137, -0.417991, -0.509665, -0.457187, -0.701677, -0.512764, -0.817938, -0.996406, -1.07291
2.86, 0.0319376, -0.348755, 2.08316, 2.61717, 0.927182, 0.128396, 0.0502969, 0.882335, 0.642435, -0.197333, -0.0592246, 0.0549546, -0.01767, -0.655271, -0.747187, 0.00947774, -0.0672524, 0.368115, 0.891993, 0.730201, 0.285249, -0.261396, -0.481311, -0.695296, -0.383814, -0.965766, -0.784759, -0.738098, -0.919969, -1.19138, -1.1376
2.88, 0.0319374, 0.551577, 2.10856, 2.73697, 1.79838, 0.552726, -0.263578, 1.18126, 0.645381, -0.187378, 0.304407, 0.495628, 0.151024, -0.585465, 0.0606909, -0.0243637, -0.174992, 0.0527062, 0.446115, 0.0278515, -0.00355673, -0.346291, -0.63457, -0.503282, -0.448388, -0.907667, -0.893871, -0.694399, -1.12488, -1.28945, -1.27147
2.9, 0.0319374, 0.546238, 1.90615, 2.55116, 1.08695, 0.140674, 0.210585, 1.26403, 0.641799, 0.201511, 0.0293963, -0.589657, 0.141961, 0.330379, -0.126881, -0.575586, -0.0128341, 0.55751, 0.791047, 0.622344, -0.018084, -0.235794, -0.981889, -0.550041, -0.421808, -0.731604, -0.862944, -0.840404, -0.763703, -1.08137, -1.18381
2.92, 0.0319374, 0.187869, 1.66986, 2.15154, 1.79186, 0.687948, -0.0402211, 0.764077, 0.82969, 0.775696, -0.474499, -0.349647, -0.177884, -0.522247, -0.193482, -0.369027, -0.206778, 0.368596, 1.08188, 0.469776, -0.273536, -0.246842, -0.490245, -0.535604, -0.464869, -0.808021, -0.717819, -0.630288, -0.830565, -1.03229, -1.1583
2.94, 0.0319374, -0.00576426, 2.27458, 3.05154, 1.37222, 1.18808, 0.686984, 1.24209, 0.77787, 0.231724, -0.317421, -0.244985, 0.169704, -0.780502, -0.605621, -0.264968, -0.164464, 0.597896, 1.28607, 0.902161, 0.387257, 0.0317056, -0.38416, -0.386656, -0.168761, -0.749846, -0.904349, -0.717726, -0.945816, -0.763011, -0.79709
2.96, 0.0319374, 0.361391, 2.52078, 3.4715, 1.52037, 0.701319, 0.215742, 0.776653, 0.180011, 0.10575, -0.0704648, 0.000465166, -0.0662344, -0.622103, -0.587612, -0.475894, -0.23754, 0.457327, 0.861414, 0.487585, 0.279626, -0.348171, -0.567308, -0.712576, -0.591818, -1.22286, -0.940434, -0.67946, -0.849086, -1.10928, -1.46822
2.98, 0.0319376, 0.249744, 2.51914, 3.40467, 1.44385, 1.16709, 0.291146, 1.07437, 0.704651, 0.019678, 0.417874, 0.0295445, -0.0990436, -0.146283, -0.665573, -0.551949, -0.307351, 0.381606, 0.953213, -0.0363685, -0.173949, -0.193771, -0.533873, -0.604753, -0.733387, -0.480789, -0.87304, -0.528574, -0.458345, -0.856486, -1.18603
3, 0.0319376, 0.131142, 2.31673, 2.99367, 1.39897, 1.04875, -0.167162, 0.549647, 0.744151, 0.645213, -0.202951, 0.0526397, 0.174448, -0.0423619, -0.473946, -0.493552, -0.656895, 0.477154, 1.20426, 0.81594, 0.0772007, -0.518732, -0.723562, -0.337215, -0.42302, -0.735891, -0.616568, -0.794682, -1.07328, -1.05718, -1.2551
3.02, 0.0319376, 0.57222, 2.4398, 3.25952, 1.09717, 0.771064, -0.254572, 0.824331, 1.05971, 0.847529, 0.499727, 0.503957, -0.0255611, -0.131492, -0.911433, -0.340782, 0.205108, 0.233112, 0.727261, 0.805569, -0.426351, -0.304649, -0.85839, -0.554143, -0.685323, -1.06428, -0.7818, -0.861234, -0.801029, -1.33322, -0.984138
3.04, 0.0319376, -0.572581, 2.60339, 3.53, 1.35206, 1.16153, -0.480438, 0.0480154, 0.112563, 0.524742, 0.281924, -0.309881, -0.442754, -0.318344, -0.279512, -0.254421, -0.887789, 0.272044, 0.702309, 0.448603, -0.638415, -0.607617, -0.525333, -0.527636, -0.764403, -0.66851, -0.763751, -0.991715, -0.891694, -0.851781, -1.13137
3.06, 0.0319376, 0.0408131, 2.64922, 3.48832, 1.24424, 1.34024, 0.47244, 0.985963, 0.487985, -0.202004, 0.176082, 0.38217, 0.283574, -0.0861804, 0.298242, -0.0537511, -0.224404, 0.739963, 1.00128, 0.449087, -0.110238, -0.179268, -0.237296, -0.29456, -0.210244, -0.490093, -0.893127, -0.796194, -0.754541, -1.15908, -1.03122
3.08, 0.0319376, 0.000286776, 2.42478, 3.30153, 1.75235, 1.12759, 0.336128, 0.882925, 0.206911, -0.249433, -0.262899, 0.371703, -0.255067, -0.307418, -0.61432, -0.259546, -0.0429156, 0.495182, 0.848267, 0.716869, -0.380492, -0.357309, -0.238304, -0.253942, -0.477879, -0.746337, -0.848623, -0.774942, -0.589202, -0.977531, -1.05402
3.1, 0.0319376, -0.368257, 1.80282, 2.29946, 1.61152, 1.09953, 0.0608807, 1.22447, 0.651662, 0.0786888, -0.302905, -0.538274, -0.0772754, -0.281954, -0.0206742, -0.4116, 0.385833, 0.477777, 0.900914, 0.232934, -0.0570009, -0.646082, -0.369747, -0.139632, -0.316443, -0.632569, -0.516779, -0.484021, -0.774484, -0.594227, -0.952098
3.12, 0.0319376, -0.177455, 2.48034, 3.45324, 1.99395, 0.990028, 0.32092, 0.925029, 0.261982, 0.209531, -0.0394177, 0.0751635, 0.137312, -0.194664, -0.028494, -0.179367, -0.0785784, 0.474164, 0.940152, 0.463462, 0.064517, -0.4291, -0.724231, -0.44602, -0.00400169, -0.336087, -0.336078, -0.641899, -0.597805, -0.726585, -1.05099
3.14, 0.0319374, -0.0599458, 2.51637, 3.57572, 1.29907, 0.537725, 0.114268, 1.43932, 1.11037, 1.0344, 0.0272897, 0.0478517, -0.210243, 0.097785, -0.0608233, -0.407121, -0.658138, 0.953604, 1.08859, 0.391355, 0.106428, -0.41764, -0.379606, -0.181631, -0.341133, -0.699206, -0.324944, -0.751485, -0.800829, -0.756233, -1.14214
3.16, 0.0319374, 0.32394, 2.36976, 3.13617, 1.81033, 1.34837, -0.330872, 0.948264, 0.467672, -0.0456804, -0.347021, -0.291849, -0.281112, -0.386813, -0.856363, -0.546661, -0.642254, 0.542116, 1.28345, 0.41123, -0.199316, -0.308206, -0.271845, -0.368468, -0.289634, -0.511758, -0.836579, -0.715289, -0.812023, -0.931337, -1.11394
3.18, 0.0319374, 0.254669, 2.20569, 2.94013, 1.21568, 0.973061, -0.25537, 1.42196, 0.701248, 0.572081, 0.266867, -0.0954214, 0.359379, -0.0190953, -0.260791, -0.280896, -0.335485, 0.103879, 0.873894, 0.248223, -0.207671, -0.696777, -0.316847, -0.153484, -0.328048, -0.482653, -0.673312, -0.579545, -0.702403, -0.97972, -1.29612
3.2, 0.0319374, -0.678633, 2.27313, 3.22441, 1.42544, 0.650115, 0.668027, 1.48819, 0.410001, 0.461729, 0.525207, -0.0482757, -0.488137, 0.0940108, 0.148228, 0.0407651, 0.0736937, 0.747151, 0.855256, 0.0858652, -0.335163, -0.532834, -0.353598, -0.0433749, -0.260041, -0.792331, -0.853394, -0.665201, -0.579377, -0.903485, -0.79861
3.22, 0.0319374, 0.223224, 2.21506, 2.96854, 1.73368, 1.16425, -0.083773, 0.730987, 0.372243, 0.524559, 0.563882, 0.446961, -0.0287526, 0.0399601, 0.0964426, -0.372463, -0.28761, 0.345155, 0.903064, 0.532521, 0.0685595, 0.0610863, -0.416696, -0.385719, -0.666701, -0.762399, -0.57806, -0.34005, -0.43835, -0.787424, -1.03827
3.24, 0.0319376, 0.680691, 2.19228, 2.71073, 1.795, 1.20437, 0.568509, 1.06148, 0.686398, 0.786416, 0.70625, 0.517309, -0.128618, 0.034023, 0.445577, 0.316168, 0.293598, 0.251043, 0.65557, 0.245928, -0.112261, -0.167165, -0.805346, -0.684533, -0.305829, -0.616965, -0.660202, -0.559438, -0.731833, -0.890204, -1.2521
3.26, 0.0319376, 0.394969, 1.82893, 2.61353, 1.06822, 0.790167, 0.75921, 1.83736, 1.00524, 0.400673, 0.223623, 0.290242, -0.156166, -0.158957, -0.157428, -0.38668, 0.192558, 0.481938, 0.719841, 0.707622, -0.0747834, -0.347482, -0.201012, -0.0864489, -0.150551, -0.409115, -0.590239, -0.685814, -0.788031, -0.874813, -0.916617
3.28, 0.0319376, -0.408916, 2.14156, 3.05305, 1.23568, 1.21462, -0.0714095, 1.47219, 0.967087, 0.182377, -0.378612, 0.823202, 0.169941, 0.0589934, -0.0366012, 0.349857, -0.0591981, 0.777614, 0.820194, 0.411598, -0.09825, -0.679618, -0.432046, -0.336047, -0.327518, -0.621607, -0.569379, -0.483558, -0.553893, -0.920004, -1.28607
3.3, 0.0319376, 0.606098, 2.49979, 2.95401, 2.01342, 1.33004, 0.299761, 0.578202, 1.06193, 0.865564, 0.243337, -0.331075, -0.0433602, -0.277447, 0.118906, 0.0307571, 0.303147, 0.804592, 0.950595, 0.564722, 0.342762, -0.220858, -0.642804, -0.256762, 0.0360139, -0.492802, -0.72587, -0.496507, -0.719295, -0.892989, -1.23335
3.32, 0.0319376, 0.523746, 2.47881, 3.34536, 2.12083, 0.731963, -0.219161, 0.508021, 0.769801, 0.273778, 0.18821, 0.147796, 0.288324, -0.187838, -0.125562, 0.309591, 0.283693, 0.423628, 1.04844, 0.920454, 0.0331886, -0.219046, -0.173392, -0.0526195, -0.0240813, -0.373951, -0.767607, -0.751194, -0.703447, -0.767166, -1.01686
3.34, 0.0319376, 0.590581, 2.67336, 3.58792, 2.17155, 0.849427, 0.0112802, 0.453085, 1.34402, 1.05255, 0.359974, 0.60144, 0.233276, -0.0467054, 0.117029, 0.25276, 0.772648, 0.640575, 0.788809, 0.49574, 0.167166, 0.114718, -0.359369, 0.0666093, -0.00876796, -0.477993, -0.438989, -0.732785, -0.472214, -0.689826, -0.901898
3.36, 0.0319376, -1.74953, 2.19152, 2.91879, 1.68849, 1.32454, -0.144823, 1.36179, 0.930539, 0.599887, 0.0466736, -0.193124, 0.142773, -0.218194, -0.00738948, -0.0557836, 0.0334595, 0.656014, 1.14236, 0.375568, -0.275323, 0.393002, -0.327226, -0.213962, -0.410212, -0.259131, -0.423634, -0.49026, -0.372975, -0.555283, -0.761335
3.38, 0.0319374, 0.753447, 1.85423, 2.58683, 2.00007, 1.01736, 0.756141, 1.62928, 0.874197, 0.92483, -0.266026, 0.183383, -0.11126, 0.339197, 0.312454, 0.176704, 0.964028, 0.833712, 1.37524, 0.588047, 0.151768, -0.252703, -0.00629759, -0.226959, -0.457047, -0.0896392, -0.158626, -0.454512, -0.389519, -0.80931, -0.850954
3.4, 0.0319374, -0.597894, 2.0804, 2.94138, 2.34707, 1.32363, 0.474994, 1.08445, 0.414075, 0.688408, 0.522091, 0.620464, 0.000697727, -0.563495, -0.0444613, -0.163013, -0.0394478, 0.211758, 0.723206, 0.441417, 0.0463512, -0.052866, -0.216383, 0.0691082, 0.0972616, -0.173227, -0.516359, -0.217779, -0.118789, -0.337291, -0.703292
3.42, 0.0319374, 0.0828431, 2.22463, 3.08715, 2.41142, 1.54107, 0.396636, 1.70416, 1.20132, 0.608991, -0.206017, 0.745467, 0.427973, -0.0607849, -0.025655, -0.0415019, -0.0584957, 0.694687, 1.07349, 0.761134, 0.202578, -0.154851, -0.2481, 0.0236467, -0.116041, -0.215933, -0.807933, -0.448058, -0.30432, -0.415046, -1.04836
3.44, 0.0319374, 0.940401, 2.383, 2.51294, 1.81467, 0.971592, 0.58536, 1.78635, 1.69156, 0.69808, 0.55272, 0.758388, 0.0328582, 0.102876, 0.328849, 0.186619, 0.396994, 1.04329, 1.47933, 1.01115, 0.184079, -0.0620529, 0.0340715, 0.177107, 0.0667688, -0.288597, -0.323204, -0.302987, -0.368453, -0.51396, -0.793563
3.46, 0.0319374, 0.405297, 1.9536, 2.78045, 1.59478, 1.45316, 0.592673, 1.41735, 0.700179, 0.417484, 0.172825, 0.406511, 0.5025, 0.666221, 0.226742, -0.234418, 0.539477, 1.08017, 0.84805, 1.03952, 0.224974, -0.234775, -0.243193, -0.147484, -0.465307, -0.702082, -0.904921, -0.314843, -0.209823, -0.418988, -0.727869
3.48, 0.0319376, -0.615804, 1.90042, 2.60338, 1.82208, 1.17767, 0.45896, 1.0567, 1.09733, 0.809913, 0.338184, 0.116264, -0.0200983, 0.0239848, 0.0349381, 0.190376, 0.540023, 0.709864, 1.14088, 0.44125, 0.185165, -0.116859, -0.220011, -0.109377, 0.222275, 0.00151757, -0.340774, -0.386018, -0.214058, -0.484036, -0.47664
3.5, 0.0319376, 0.673587, 1.57848, 2.47383, 1.5314, 1.27769, 0.802289, 1.7268, 0.903931, 0.544625, 0.186312, 0.817022, 0.445715, 0.443797, 0.269127, -0.10343, 0.397807, 1.204, 0.897766, 0.875344, 0.296782, -0.208215, -0.351823, 0.26801, 0.0562722, 0.0446385, -0.46784, -0.726202, -0.433421, -0.730337, -0.59611
3.52, 0.0319376, 0.487904, 1.99733, 2.38488, 1.79747, 1.49465, 0.551482, 0.965443, 0.743945, 0.753382, 0.779778, 0.763118, 0.0192222, 0.266925, 0.298446, 0.129421, 0.427491, 0.555797, 0.872138, 0.622032, 0.455131, 0.0188348, -0.211585, 0.0809363, 0.217921, -0.031974, -0.502212, -0.374528, -0.117769, -0.362299, -0.541737
3.54, 0.0319376, 0.833365, 1.56342, 1.23455, 2.23752, 1.65482, 0.908961, 1.3247, 1.20504, 0.976296, 0.778337, 0.185995, -0.270433, -0.0279798, 0.205114, 0.205753, 0.307833, 0.838489, 0.959204, 1.02966, -0.0081588, 0.0178952, 0.0640705, -0.00573051, 0.372708, 0.0775495, -0.224822, -0.259831, -0.278145, -0.758743, -0.510321
3.56, 0.0319376, -0.0163069, 2.10572, 2.71364, 2.23065, 1.55842, 0.0835197, 0.793582, 1.20117, 1.35836, 0.2687, 0.0621628, 0.198471, -0.26893, 0.0864741, 0.436992, 0.630011, 0.852392, 1.11162, 1.15972, 0.241101, -0.0478248, 0.231791, 0.14676, 0.196013, 0.130871, -0.296998, -0.188009, -0.174419, -0.545663, -0.713737
3.58, 0.0319376, 0.225864, 2.71065, 3.55505, 2.5739, 1.81304, 1.13715, 1.43846, 1.66073, 0.791176, 0.593197, 0.300394, 0.274813, -0.113474, 0.0889609, 0.306738, 0.481093, 0.708557, 1.19635, 0.917354, 0.210633, 0.0341984, 0.0224737, 0.232333, 0.18767, 0.260479, -0.0906145, -0.255846, -0.231358, -0.315745, -0.606374
3.6, 0.0319376, 0.167473, 2.83188, 3.70801, 2.33498, 1.93535, 0.345992, 0.65457, 1.44275, 0.617136, 0.701358, 0.264508, 0.411974, 0.318305, 0.360383, -0.428501, 0.351826, 1.00099, 0.821804, 0.612969, -0.0875827, 0.113745, -0.142311, 0.0403759, 0.327117, 0.294794, 0.0797745, 0.126964, -0.26043, -0.243305, -0.418114
3.62, 0.0319376, -0.998917, 2.33886, 3.24228, 2.23647, 1.87681, 0.987587, 0.999895, 1.37573, 0.701563, 0.603919, 0.969238, 1.01545, 0.188984, -0.160074, 0.197601, 0.753888, 1.40033, 1.84205, 1.58443, 0.388514, -0.0312586, -0.0552746, 0.29593, 0.113424, -0.218071, -0.0365355, -0.316545, -0.333379, -0.496607, -0.251117
3.64, 0.0319374, 0.0383147, 2.67822, 3.57922, 1.73026, 1.40222, 0.190346, 1.35743, 1.08729, 1.49728, 0.88151, 0.871546, 0.160727, 0.0722884, 0.376389, 0.403431, 0.22167, 1.2998, 1.80385, 1.26946, 0.334388, -0.324597, 0.292149, 0.407793, 0.352702, -0.184903, -0.287464, -0.0796411, -0.313029, -0.20909, -0.471954
3.66, 0.0319374, 0.191335, 2.60032, 3.48264, 1.9536, 1.41767, 0.160549, 2.11288, 1.2153, 0.74957, 1.0293, 1.24532, 0.589155, 0.030536, 0.29516, 0.359689, 0.533356, 1.27655, 1.68632, 0.82136, 0.360531, 0.0596784, 0.0325645, 0.425562, 0.497, 0.31779, 0.134761, 0.0311167, 0.025046, -0.0996706, -0.262141
3.68, 0.0319374, 0.476407, 2.66749, 3.25297, 2.31519, 1.86285, 0.672868, 1.04892, 0.871756, 0.573185, 0.845165, 0.0591589, 0.72364, -0.00475265, 0.0812628, 0.326955, 0.644998, 0.933533, 1.24778, 1.19631, 0.391526, -0.0135033, -0.0842824, 0.275808, 0.465818, 0.258788, -0.0525423, -0.186986, -0.517134, -0.493431, -0.68106
3.7, 0.0319374, 0.349927, 2.25387, 2.86002, 1.76688, 1.16691, 0.728607, 1.49588, 1.45669, 0.957774, 1.19576, 0.948392, 0.775445, -0.00329512, 0.292244, 0.497792, 0.490923, 1.62679, 1.4066, 1.02146, 0.584295, 0.244171, -0.119635, 0.119529, 0.227853, -0.33405, 0.151583, 0.153292, -0.185169, -0.291776, -0.398475
3.72, 0.0319374, 0.459109, 1.48637, 1.65913, 2.77983, 2.01379, 0.594421, 1.56005, 0.842129, 1.0294, 1.26777, 0.47075, 0.357585, 0.131588, 0.158097, 0.0465713, 0.525823, 1.13147, 1.49087, 0.982363, 0.563584, 0.438853, 0.0670344, -0.0672238, 0.293573, 0.0714237, 0.026408, 0.106204, -0.0680312, -0.152222, -0.304896
3.74, 0.0319376, -0.638822, 1.52751, 2.60375, 2.48478, 2.03564, 0.961243, 2.06376, 1.94615, 0.649218, 1.09186, 0.862407, 0.0785407, -0.0913674, 0.233428, -0.0794633, 0.780536, 0.972698, 1.67525, 1.3161, 0.687119, 0.0342735, 0.14491, 0.154037, 0.429085, 0.272329, 0.174166, 0.148599, -0.435077, -0.386726, -0.565268
3.76, 0.0319376, -0.561973, 1.99476, 2.61703, 2.28796, 1.84689, 0.894701, 2.1507, 1.79643, 1.06043, 0.7267, 0.943461, 0.93214, 0.341284, 0.154491, 0.105968, 0.241635, 0.997317, 1.55731, 1.28523, 0.359177, -0.0111082, -0.312339, -0.0608284, 0.0227171, -0.119805, 0.166964, 0.119322, 0.161663, -0.302628, -0.476761
3.78, 0.0319376, 0.414886, 2.53764, 3.30553, 2.75817, 2.64449, 0.837234, 1.60159, 0.835412, 1.05848, 0.931458, 1.09202, 0.691581, 0.712369, 0.139639, -0.030548, 0.469877, 1.25388, 1.35189, 1.5638, 0.294315, 0.109756, 0.116918, -0.161568, 0.205956, -0.0283088, 0.0491665, 0.133856, 0.259285, -0.00792182, -0.377173
3.8, 0.0319376, 0.922369, 2.40239, 2.94845, 1.168, 1.57169, 1.56914, 1.71307, 1.38718, 1.25068, 0.955834, 0.643568, 0.224662, -0.00224311, 0.217949, 0.392915, 0.909623, 1.55821, 1.4939, 0.755396, 0.719009, 0.357002, 0.0780888, 0.0941021, 0.22182, 0.461268, 0.0505926, 0.0136433, -0.360343, -0.217208, -0.458544
3.82, 0.0319376, 0.368664, 2.55283, 3.46665, 2.1937, 2.21964, 0.327005, 2.00832, 1.12512, 0.791271, 0.823249, 0.821292, 0.46114, 0.509645, 0.351765, -0.150449, 0.416432, 1.05819, 1.38738, 1.20001, 0.511934, 0.276364, -0.0271595, 0.572489, 0.346828, -0.050982, 0.323367, 0.138065, -0.135664, -0.169005, -0.74733
3.84, 0.0319376, 0.706899, 2.31262, 2.78425, 2.14159, 2.2583, 0.678228, 2.50533, 2.08033, 1.12201, 1.01076, 1.26521, 0.700101, 0.293124, 0.651624, 0.586944, 0.555708, 1.26161, 1.3813, 1.3043, 0.500082, 0.384394, 0.170161, 0.273963, 0.322143, 0.447365, 0.0824192, -0.207744, 0.101779, 0.0393889, -0.2023
3.86, 0.0319376, 0.0561269, 2.32229, 3.26303, 1.59917, 1.96151, 2.40583, 2.42413, 1.93197, 2.28678, 2.05099, 1.45136, 1.44052, 0.823742, 0.931491, 1.03353, 0.766052, 0.952431, 1.33376, 1.51861, 0.368822, 0.653989, 0.0612135, 0.332663, 0.286963, 0.425618, 0.293986, 0.0670995, 0.141858, 0.0542862, -0.0969263
3.88, 0.0319374, -0.0898457, 2.58407, 3.49238, 1.65167, 1.919, 0.994889, 2.03052, 2.45788, 1.82004, 1.49315, 1.01288, 0.996572, 1.00015, 0.873798, 0.770922, 0.579705, 1.25661, 1.3834, 1.21511, 0.585369, 0.315788, 0.345516, 0.445764, 0.37158, 0.281673, -0.0973076, 0.00267303, -0.0814198, -0.236345, -0.351943
3.9, 0.0319374, 0.606262, 2.65158, 3.7034, 2.04045, 1.95643, 0.757349, 1.97147, 2.20947, 0.977545, 1.22065, 1.17113, 1.02461, 0.963726, 0.743298, 0.253923, 0.762241, 1.75489, 1.05084, 0.80332, 0.668112, 0.339157, 0.313709, 0.406046, 0.447123, 0.63003, -0.0357737, -0.344084, -0.197729, -0.326655, -0.273677
3.92, 0.0319374, 0.75047, 2.57256, 3.43094, 1.98919, 1.68172, 1.21103, 1.61697, 1.45521, 1.40779, 1.26512, 0.838594, 0.540702, 0.979449, 0.794465, 0.641484, 0.759124, 1.11673, 1.79502, 1.38277, 0.860248, 0.0484069, -0.130902, 0.305097, 0.327802, 0.511306, 0.0589345, 0.387418, 0.256542, 0.0215776, -0.054682
3.94, 0.0319374, 0.178263, 2.51759, 3.45006, 1.85496, 1.92176, 1.62838, 2.19221, 1.93122, 1.78774, 2.14829, 1.62995, 1.37775, 1.23914, 1.0888, 0.644417, 1.52231, 1.76338, 1.56429, 1.16483, 0.389412, 0.414982, 0.863121, 0.828007, 0.79131, 0.545976, 0.00857209, -0.0549898, 0.108306, 0.234584, 0.272587
3.96, 0.0319374, 0.371011, 2.11051, 3.07145, 1.38576, 1.69443, 1.52329, 2.29259, 2.11069, 1.78734, 1.36982, 1.15124, 0.827727, 1.07799, 0.472275, 0.728467, 0.805677, 1.39014, 1.27244, 1.05542, 0.298523, 0.262699, 0.399405, 0.367562, 0.558824, 0.581955, 0.293705, 0.213013, 0.220022, -0.132148, -0.268813
3.98, 0.0319376, -0.0260414, 2.00606, 3.46029, 2.24519, 1.81165, 1.51145, 1.86352, 1.97906, 1.16207, 1.43437, 1.16949, 1.08076, 0.836839, 0.630701, 0.460651, 1.23236, 1.92583, 1.41922, 1.10036, 0.475342, 0.143039, 0.174312, 0.358934, 0.655948, 0.78274, 0.269056, -0.00323801, -0.140457, -0.228647, -0.377803
4, 0.0319376, -0.383424, 2.21751, 2.5615, 2.42981, 1.95396, 1.09516, 1.7997, 1.68723, 1.19978, 1.40387, 1.50542, 0.961398, 0.88493, 0.514277, 0.469665, 0.846196, 1.83446, 1.60189, 1.31617, 0.548176, 0.121081, -0.141114, 0.262091, 0.713461, 0.9364, 0.42137, 0.265185, 0.114895, 0.0987981, -0.401215
4.02, 0.0319376, 0.53634, 2.35089, 3.42472, 1.99789, 0.962499, 0.479069, 2.03301, 1.28594, 1.23363, 0.90505, 0.483982, 0.287605, 0.437266, 0.514793, 0.0807376, 0.847518, 1.81205, 1.44008, 1.40191, 0.525275, 0.351332, 0.601345, 0.514655, 0.810471, 0.480114, 0.235809, -0.0719496, 0.218842, 0.14224, 0.0610528
4.04, 0.0319376, 0.103712, 1.93833, 2.83999, 2.28121, 1.86317, 1.66456, 2.20093, 1.65904, 1.04466, 1.14472, 1.03393, -0.0123692, 0.264179, 0.560854, 0.481063, 0.280605, 1.4099, 1.16115, 0.798747, 0.54944, 0.59023, 0.558852, 0.318032, 0.338232, 0.425976, 0.512178, 0.233682, 0.15544, -0.0890359, -0.472352
4.06, 0.0319376, 0.561857, 2.36392, 3.03351, 2.41681, 2.58061, 1.24247, 2.02938, 1.62618, 1.28657, 0.95415, 1.19414, 0.4133, 0.549077, 0.771023, 0.411818, 1.08976, 2.00674, 1.04098, 1.00605, 0.494502, 0.160931, -0.0949308, 0.18152, 0.333413, 0.447285, 0.0683397, 0.393455, -0.114129, -0.219469, -0.422727
4.08, 0.0319376, -0.109925, 2.14079, 3.00871, 2.30907, 2.31511, 0.47491, 2.1931, 1.4647, 1.3718, 1.42165, 1.41797, 1.06222, 0.641971, 0.901056, -0.0426924, 0.690473, 1.95114, 1.51233, 1.19704, 0.526429, 0.305702, 0.281369, 0.243642, 0.421241, 0.146945, 0.288844, 0.0511569, -0.286792, -0.146082, -0.146008
4.1, 0.0319376, 0.75461, 2.46248, 3.46936, 2.21796, 2.03188, 1.14065, 1.86203, 1.49973, 0.726885, 0.216774, 0.746653, 0.768329, 0.585595, 0.630065, 0.177237, 1.41501, 1.76347, 1.68876, 1.55856, 0.802797, 0.554333, 0.441453, 0.634154, 0.546477, 0.581477, 0.339509, -0.224384, 0.0532921, -0.00257573, -0.197216
4.12, 0.0319376, 0.786896, 2.58305, 3.24111, 2.95919, 2.82083, 0.76137, 1.89598, 1.6937, 1.34378, 0.908589, 1.19735, 0.671286, 0.773541, 0.355095, 0.442821, 0.918545, 1.28248, 1.29575, 1.30435, 0.74453, 0.402454, 0.222904, 0.399992, 0.389696, 0.177779, 0.133087, 0.0165241, -0.0189786, -0.0347249, -0.322784
4.14, 0.0319376, 0.44562, 2.32022, 3.58487, 2.77438, 2.6233, 0.93358, 2.08167, 1.64038, 1.23726, 1.43388, 0.659467, 0.230061, 0.648569, 0.551669, 0.447151, 1.03688, 1.4828, 1.75694, 1.45675, 0.699264, 0.515612, 0.0345496, 0.56157, 0.467718, 0.433219, 0.389256, 0.188863, -0.0576666, -0.000979605, -0.351062
4.16, 0.0319376, -0.466672, 2.33729, 3.37744, 2.30959, 1.10213, 1.11069, 2.29244, 1.68932, 1.10044, 0.781324, 0.719736, 0.615671, 0.126571, 0.44005, 0.434104, 0.802095, 1.34973, 1.35792, 1.36804, 0.557879, 0.316393, 0.196661, 0.429402, 0.755544, 0.582008, 0.152231, 0.438921, -0.0467344, -0.0318888, -0.029001
4.18, 0.0319376, 0.315204, 2.58773, 3.56259, 2.47842, 1.9527, 1.05991, 2.53353, 1.72226, 0.613738, 0.646104, 1.18755, 0.653328, 0.881709, 0.798881, 0.323688, 0.683614, 1.2603, 1.57832, 1.34517, 0.698753, -0.0225473, 0.392512, 0.379977, 0.306029, 0.41763, 0.169052, 0.399132, 0.113671, -0.0556096, -0.372009
4.2, 0.0319376, 0.674179, 2.45924, 3.20146, 2.60505, 2.36058, 1.37638, 2.51693, 2.07198, 1.68059, 0.989158, 0.658973, 0.715863, 0.821437, 0.581292, -0.0799582, 1.04407, 1.58784, 0.951594, 1.14521, 0.347727, 0.330241, 0.633477, 0.378533, 0.048746, 0.339823, 0.441136, 0.383815, 0.149412, -0.148459, -0.330233
4.22, 0.0319376, 0.418737, 2.66545, 3.77475, 2.81238, 2.12336, 2.40759, 2.72663, 2.36946, 1.5535, 1.72969, 1.34841, 1.15902, 1.0148, 1.27255, 0.871449, 1.18433, 1.40917, 1.64109, 1.43293, 0.771938, 0.713645, 0.752264, 0.987517, 1.03866, 1.41155, 0.832427, 0.736043, 0.789089, 0.929258, 0.898354
4.24, 0.0319376, 0.341633, 2.76641, 3.64214, 2.50553, 2.50979, 1.29686, 2.59337, 2.15809, 1.45599, 1.43971, 1.63088, 0.9023, 0.874557, 0.887968, 0.541136, 1.34002, 1.80634, 1.5929, 1.39538, 0.548569, 0.467066, 0.847181, 0.917726, 1.10415, 1.2534, 0.702137, 0.37016, 0.288179, 0.192972, 0.0551505
4.26, 0.0319371, -0.137742, 2.83115, 3.87804, 2.27676, 1.9344, 1.31311, 2.40839, 2.06955, 1.36618, 1.54867, 1.29546, 0.954923, 0.729365, 0.393527, 0.547924, 0.650488, 2.00113, 1.38718, 1.46499, 0.678741, 0.263608, -0.0240814, 0.70929, 1.2483, 1.03235, 0.435248, 0.158058, 0.195518, 0.597198, 0.334211
4.28, 0.0319371, 0.732346, 2.73867, 3.80569, 1.9312, 1.78019, 0.848287, 1.90404, 1.99325, 1.63486, 1.24922, 1.08202, 0.755946, 0.600919, 0.393106, 0.238259, 1.16841, 2.04628, 1.36125, 1.16526, 0.554917, 0.780508, 0.56495, 0.430486, 1.04346, 1.01782, 0.736604, 0.429404, 0.225437, 0.323371, 0.0881914
4.3, 0.0319371, 0.41208, 2.77277, 3.7106, 1.99104, 2.248, 1.42739, 1.70543, 1.58228, 1.23653, 0.8293, 0.686505, 0.392497, 0.696531, 1.25082, 1.02938, 0.987514, 1.76204, 1.67034, 1.33433, 0.710593, 0.452829, 0.617418, 0.533296, 1.16671, 1.0149, 0.667332, 0.576615, 0.642131, 0.64321, -0.0595289
4.32, 0.0319371, 0.792832, 2.23159, 3.35674, 1.73097, 1.83415, 1.76574, 0.895305, 1.72741, 1.35696, 0.949065, 1.31096, 0.682664, 0.386883, 0.382845, 0.682533, 1.13822, 2.13074, 1.73214, 0.910527, 0.599506, 0.332375, 0.499916, 0.384785, 0.341836, 0.51991, 0.351179, 0.549856, 0.315762, 0.143261, -0.0676941
4.34, 0.0319371, 0.386849, 1.83415, 2.96212, 2.20382, 2.05542, 1.44395, 1.5068, 1.3486, 1.39195, 1.39378, 0.380171, 0.401928, 0.366252, 0.275111, 0.449264, 0.636574, 1.88038, 1.74013, 1.36439, 0.74018, 0.767811, 0.456589, 0.493789, 0.615918, 1.1588, 0.599021, 0.518267, -0.0223829, 0.254919, 0.0168336
4.36, 0.0319376, 0.438004, 2.09709, 2.7314, 2.10997, 2.30668, 0.615223, 1.52116, 1.62605, 1.11542, 1.47594, 1.37274, 0.785858, 0.612656, 0.894429, 0.308687, 1.02292, 1.52381, 1.96234, 0.863558, 0.90207, 0.46889, 0.520135, 0.683151, 0.598149, 0.655553, 0.218049, 0.404209, 0.12281, -0.104517, -0.190263
4.38, 0.0319376, 0.199756, 1.63777, 2.56483, 2.56812, 2.66067, 1.21058, 1.97442, 1.65466, 0.956048, 1.30356, 0.747032, 0.695101, 0.579765, 1.03285, 0.551154, 1.04077, 1.55993, 1.93114, 1.31668, 1.00349, 0.508332, 0.623194, 0.719522, 0.689536, 0.313601, 0.30065, 0.355881, 0.40448, -0.179706, 0.0545733
4.4, 0.0319376, 0.550394, 1.73906, 2.45333, 2.2084, 2.4032, 0.386163, 1.92875, 1.51013, 0.906362, 1.39321, 1.13847, 0.486327, 0.766256, 1.07249, 0.482872, 1.07946, 1.50479, 1.67993, 0.998649, 0.552624, 0.592396, 0.239541, 0.155509, 0.799813, 0.526461, 0.30184, 0.467396, 0.363347, -0.109141, 0.0864115
4.42, 0.0319376, 0.859235, 2.29955, 2.79593, 1.78025, 1.65683, 0.660943, 2.35823, 2.2197, 1.35936, 1.43884, 0.761972, 0.819407, 0.584788, 0.853352, 0.490458, 0.961384, 1.62469, 1.30867, 1.25608, 0.600311, 0.459433, 0.0333626, 0.560015, 0.499574, 0.796721, 0.386607, 0.379182, 0.0691968, -0.0174305, -0.324014
4.44, 0.0319376, 0.588673, 2.1908, 3.33731, 2.60908, 2.38566, 0.505818, 2.60129, 2.01647, 1.10587, 1.48113, 1.33473, 0.549054, 0.419046, 0.770054, 0.253433, 0.934287, 1.53608, 1.05974, 1.10747, 0.350197, 0.0977039, 0.313865, 0.481395, 0.163038, 0.768017, 0.747226, 0.669282, 0.00154983, 0.0256147, -0.150051
4.46, 0.0319376, 0.130242, 1.58482, 2.96615, 2.12918, 2.23085, 1.2774, 2.69487, 2.01199, 0.973572, 1.10226, 0.829838, 0.350579, 0.466237, 0.559083, 0.411366, 1.02062, 2.0835, 1.87853, 1.21167, 0.677257, -0.170865, 0.328376, 0.0594962, 0.358462, 0.671808, 0.504736, 0.368942, 0.205185, -0.108976, -0.0134605
4.48, 0.0319376, -0.010549, 1.69313, 2.3584, 1.88084, 1.4439, 0.786103, 2.55411, 1.96688, 1.20253, 1.30631, 1.08677, 0.243018, 0.785405, 1.37135, 0.254028, 0.595966, 1.73231, 1.70052, 1.13219, 0.607166, 0.519224, 0.244784, 0.255501, 0.410133, 0.878058, 0.48808, 0.519758, 0.205614, 0.255957, 0.235233
4.5, 0.0319376, -0.107234, 1.90049, 2.90662, 1.84521, 1.26323, 1.4494, 2.78513, 2.19039, 0.34872, 0.91263, 1.11017, 0.53761, 0.347808, 1.31438, 0.48324, 0.902312, 1.75233, 1.64398, 1.21809, 0.185591, -0.150888, 0.338642, 0.365908, 0.31217, 0.226139, 0.43628, 0.553331, 0.077075, -0.0243045, -0.158202
4.52, 0.0319376, -0.444816, 1.65297, 2.6743, 2.00334, 1.00296, 0.317302, 2.43421, 1.78081, 0.630546, 1.32502, 0.878847, 0.168638, 0.515341, 1.19581, 0.53593, 1.14974, 1.64062, 1.37036, 0.949088, 0.384403, 0.0070678, 0.0026804, 0.758354, 0.518558, 0.223429, 0.151721, 0.324529, 0.32293, -0.0378278, 0.101105
4.54, 0.0319376, 0.0674282, 1.60667, 2.68634, 2.35761, 2.31667, 0.894557, 2.45438, 2.02448, 1.2967, 1.48954, 0.711271, 0.535995, 0.472097, 1.00238, 0.658071, 0.814115, 1.30252, 1.15092, 1.10642, 0.458757, 0.381086, 0.172323, 0.310639, 0.539302, 0.568944, 0.312507, 0.307436, 0.0610858, -0.0579787, -0.247408
4.56, 0.0319376, 0.145939, 2.0705, 2.96762, 2.41028, 2.24115, 0.863453, 2.30594, 1.60727, 1.01226, 1.107, 1.01689, 0.659352, 0.734688, 1.06757, 0.352683, 0.75197, 1.80999, 1.65519, 1.36666, 0.567538, 0.343063, 0.342788, 0.373066, 0.372775, 0.60719, -0.123046, 0.241907, 0.181974, -0.0010441, -0.134484
4.58, 0.0319376, 0.59601, 2.08992, 3.23296, 2.69687, 2.39528, 0.732359, 1.95217, 1.546, 0.948597, 1.05643, 1.23765, 0.546355, 0.254245, 0.821594, 0.291567, 0.872572, 1.26351, 1.93648, 1.24841, 0.386882, -0.0609854, -0.170022, -0.0241995, 0.436193, 0.651815, 0.263966, 0.472855, 0.232783, 0.106572, 0.170482
4.6, 0.0319376, -0.443461, 2.41372, 3.2585, 1.7814, 2.25646, 0.917414, 2.00102, 1.93247, 1.05357, 1.35918, 1.18749, 0.62671, 0.171116, 0.959162, 0.473367, 0.962103, 1.63226, 1.62156, 1.11719, 0.536616, 0.00141318, 0.0580851, 0.548229, 0.487518, 0.572434, 0.366889, 0.3688, 0.118512, 0.059991, -0.349215
4.62, 0.0319376, 0.377581, 2.0443, 2.87156, 2.13273, 2.05986, 1.32315, 1.9297, 1.64559, 1.13984, 1.39393, 0.993997, 0.572756, 0.409125, 0.999481, 0.395291, 1.0482, 1.83214, 1.61023, 1.21124, 0.77004, 0.61148, 0.347911, 0.189104, 0.350358, 0.238973, 0.191176, 0.480637, -0.0858464, -0.189623, -0.0486164
4.64, 0.0319376, 0.168345, 2.12025, 2.86767, 1.64414, 1.44896, 0.742962, 2.08937, 1.68676, 0.405789, 0.851567, 1.25063, 0.612799, 0.206609, 0.438994, 0.369831, 1.11865, 1.63268, 1.56968, 0.922836, 0.24599, 0.639277, 0.311325, 0.269013, 0.683416, 0.625704, 0.311759, 0.0383626, 0.152728, 0.266854, -0.245421
4.66, 0.0319376, -0.476266, 1.50586, 2.44393, 1.89869, 1.49867, 0.83533, 2.43325, 1.94713, 0.724773, 1.43906, 0.963292, 0.236644, 0.265328, 1.02028, 0.585939, 0.720656, 1.95209, 1.42295, 1.57033, 0.425863, 0.708569, 0.20312, 0.192048, 0.701813, 0.516797, 0.215132, -0.00958955, -0.233494, 0.0262408, -0.218966
4.68, 0.0319376, 0.392103, 2.45289, 3.28819, 2.04683, 1.59885, 1.57347, 2.30248, 2.32889, 1.84317, 1.07426, 1.30117, 1.0476, 0.640692, 0.499827, 0.060904, 0.977135, 1.88536, 1.28538, 0.965571, 0.636254, 0.631355, 0.216532, 0.0974732, 0.161321, 0.112189, 0.418384, 0.32886, 0.133329, -0.00081125, -0.0365361
4.7, 0.0319376, 0.250246, 2.18063, 3.13361, 2.15233, 0.957488, 1.11969, 2.47164, 1.71916, 1.29819, 1.5116, 1.56365, 0.727877, 1.02773, 0.843742, -0.0495903, 0.850145, 1.92232, 1.41719, 1.39483, 1.06695, 0.167506, 0.135499, 0.516042, 0.211923, 0.0669154, 0.212483, 0.441895, -0.06291, 0.23657, -0.0428525
4.72, 0.0319376, 0.218622, 2.51489, 3.44479, 1.72957, 1.30314, 1.33295, 2.34407, 2.02412, 0.979423, 1.2474, 1.34307, 0.973448, 0.486984, 0.540949, 0.331937, 1.12744, 1.97832, 1.93354, 1.07407, 0.4878, 0.355965, 0.273488, 0.889724, 0.840809, 0.206692, 0.150257, 0.199592, 0.232004, 0.176814, -0.0196607
4.74, 0.0319376, -0.194518, 1.69236, 2.61176, 1.70888, 1.72801, 1.01813, 2.35785, 1.78617, 0.962973, 0.390698, 0.816721, 0.640529, 0.456132, 0.337411, 0.472014, 1.16425, 2.07358, 1.42779, 1.35398, 0.531522, 0.318913, 0.090842, 0.37448, 0.585732, 0.507724, 0.318092, 0.383084, 0.0275412, 0.0296319, -0.0303471
4.76, 0.0319371, 0.594255, 1.98806, 3.03394, 1.6657, 1.77568, 1.60261, 2.03095, 1.86497, 1.42043, 1.41105, 1.14419, 0.897084, 0.724792, 0.677517, -0.0237682, 0.577808, 1.84237, 1.50948, 1.27, 0.973079, 0.573591, 0.496289, 0.593989, 0.49817, 0.54761, 0.841619, 0.788128, 0.6996, 0.274178, 0.237133
4.78, 0.0319371, 0.948348, 1.97422, 2.20427, 2.13083, 2.04117, 1.56514, 2.41123, 2.1891, 1.23243, 1.3612, 1.61659, 0.824863, 0.731862, 0.667502, 0.220259, 1.19875, 2.24786, 1.83623, 1.14912, 0.753615, 0.272707, 0.569848, 0.886493, 0.861895, 0.523659, 0.0667156, 0.436982, 0.442753, 0.178736, 0.16318
4.8, 0.0319371, 1.08025, 2.24873, 1.94746, 1.75992, 2.0458, 1.41793, 2.14669, 1.95956, 1.12979, 0.581811, 0.985094, 0.277696, 0.600331, 0.860588, 0.401425, 1.23398, 1.8741, 1.80681, 1.40907, 0.397244, 0.467717, 0.526291, 0.657847, 0.817869, 0.494979, 0.352074, 0.413704, 0.58365, 0.130022, -0.194342
4.82, 0.0319371, 0.688407, 2.11383, 2.13711, 1.69547, 2.01833, 0.661266, 2.16711, 1.81201, 0.323792, 0.581953, 1.23972, 0.512107, 0.340344, 0.307943, 0.568036, 0.895112, 2.0408, 1.60909, 1.38256, 0.974938, 0.755093, 0.676834, 0.222669, 0.355334, 0.849119, 0.589488, 0.0620195, 0.407332, 0.0314442, 0.0767102
4.84, 0.0319371, 1.08781, 2.09867, 2.796, 2.09175, 2.13583, 1.09055, 2.12297, 1.91032, 0.91406, 1.23949, 1.23228, 0.22801, -0.0541639, 0.299005, 0.457612, 0.961063, 2.27571, 1.54617, 1.02812, 0.969455, 0.555442, 0.160078, 0.10853, 0.740666, 0.556809, 0.602505, 0.708292, 0.192934, 0.0585078, -0.175541
4.86, 0.0319376, 1.28303, 2.36909, 2.87607, 2.36606, 1.99084, 0.703524, 2.32258, 1.93834, 0.825104, 0.228385, 0.840315, 0.0757661, 0.0848489, 0.700026, 0.201871, 0.894566, 1.86643, 1.50805, 1.2577, 0.526267, 0.349271, 0.568161, -0.0419505, 0.251237, 0.521589, 0.406677, 0.589306, 0.552519, 0.0198922, 0.0765626
4.88, 0.0319376, 0.250512, 2.42152, 3.40277, 2.10627, 1.29399, 1.13316, 2.4826, 2.10236, 1.34184, 0.92882, 0.80741, 0.430936, 0.418944, 0.629696, 0.44757, 0.860883, 1.35716, 1.9284, 1.17396, 0.57126, 0.221092, 0.145594, 0.288679, 0.53765, 0.733992, 0.352756, 0.343816, 0.0839072, -0.188149, -0.343778
4.9, 0.0319376, 0.404065, 2.0971, 2.92704, 1.9258, 2.08371, 0.834688, 2.45696, 1.96232, 0.715939, 0.525173, 0.777938, 0.347741, 0.97669, 0.445312, 0.391823, 0.669147, 1.73207, 2.05169, 1.15643, 0.689602, 0.193597, -0.104942, 0.231314, 0.585713, 0.150563, -0.149176, 0.0879841, -0.0650805, 0.0361467, -0.0768727
4.92, 0.0319376, -0.0997005, 2.11451, 3.43409, 2.83991, 1.95785, 0.516867, 2.11097, 2.02218, 1.41311, 0.571945, 0.786654, 0.625404, 0.865456, 0.829922, 0.773114, 1.15616, 1.32275, 1.78922, 1.3552, 0.629212, 0.0664315, 0.0524958, 0.222315, 0.47379, 0.564408, 0.439801, 0.265487, 0.366124, 0.0552139, -0.24867
4.94, 0.0319376, 0.359114, 2.43002, 3.31762, 2.68327, 2.07972, 0.85634, 2.25625, 1.85972, 1.28333, 0.897088, 0.716554, 0.773964, 0.665746, 0.425091, 0.283463, 1.21203, 1.88613, 1.88696, 1.36122, 0.491764, 0.154093, 0.703736, 0.489637, 0.446533, 0.49487, 0.348672, 0.270511, 0.337381, -0.0788726, -0.561655
4.96, 0.0319376, -0.0457362, 2.43832, 3.67334, 2.72102, 2.0135, 0.54262, 1.87352, 1.63515, 0.529553, 0.589962, 0.650812, 0.475477, 0.551572, 0.808756, 0.169306, 0.731129, 1.47012, 1.90461, 1.49299, 0.762159, 0.450802, 0.443392, 0.352371, 0.273828, 0.228542, 0.107892, -0.181419, -0.394237, -0.300838, -0.338434
