# Time (seconds), Duration (seconds), f0, f1, f2, f3, f4, f5, f6, f7, f8, f9, f10, f11, f12, f13, f14, f15, f16, f17, f18, f19, f20, f21, f22, f23, f24, f25, f26, f27, f28, f29
0, 0.0319375, 3.93323, 4.12457, 3.50835, 2.77839, 2.79408, 2.79785, 2.47826, 2.1317, 2.0181, 1.66563, 1.77171, 1.78092, 2.0016, 2.11781, 1.89378, 1.74004, 1.67933, 0.949441, 1.06614, 0.948229, 1.19004, 1.04797, 1.11883, 1.21242, 1.6899, 2.01117, 1.33087, 1.29882, 1.33955, 1.74842
0.02, 0.0319375, 4.19923, 4.00212, 3.84277, 3.2125, 3.19262, 2.50342, 2.80429, 2.36659, 1.88086, 1.59801, 1.50388, 1.52405, 1.69376, 1.78581, 2.20982, 2.17479, 1.8627, 1.8889, 1.70344, 1.11222, 1.0144, 1.08031, 1.70012, 1.68019, 1.67715, 1.51194, 1.16004, 1.13478, 1.08258, 1.55537
0.04, 0.0319375, 3.85698, 3.38402, 3.7166, 3.66222, 3.00932, 2.68687, 2.31928, 1.70868, 1.67392, 1.32336, 1.08789, 1.33044, 1.76336, 1.66355, 1.7071, 1.75387, 1.85049, 1.46911, 1.38886, 1.36097, 1.25034, 1.18351, 1.62763, 1.57665, 1.61747, 1.53483, 1.23147, 1.24013, 1.34688, 1.18823
0.06, 0.0319375, 3.64295, 4.0249, 3.30843, 3.26211, 3.32739, 2.70321, 1.8802, 1.79905, 1.84869, 2.31383, 1.96085, 1.68436, 2.03655, 2.33735, 1.80846, 1.88195, 1.27735, 1.33444, 1.2583, 1.04022, 1.33607, 1.25693, 1.44533, 1.11759, 0.951058, 0.885432, 0.961581, 1.07014, 0.933465, 1.04197
0.08, 0.0319375, 4.09032, 3.46921, 4.29865, 3.6944, 3.5325, 3.14783, 2.2887, 1.94311, 2.81927, 2.29793, 1.72786, 1.7983, 2.12748, 1.70694, 1.65995, 1.76342, 1.66281, 1.45886, 1.33276, 1.67377, 1.74296, 1.556, 1.17485, 1.40787, 1.46511, 1.55046, 1.66806, 1.50659, 1.26597, 1.38427
0.1, 0.0319375, 4.41246, 3.80173, 3.59802, 3.47956, 3.19528, 2.75004, 2.83161, 3.01369, 2.21796, 2.13016, 1.83448, 1.89053, 2.07135, 1.78823, 2.46556, 1.87084, 1.71262, 1.97838, 1.85309, 1.51304, 1.64333, 1.49284, 1.2813, 1.0949, 1.41151, 1.28211, 1.48369, 1.53536, 1.41901, 1.36732
0.12, 0.0319375, 4.59554, 4.22803, 3.38047, 3.75118, 3.73724, 4.02416, 3.8259, 2.76882, 2.99238, 2.96481, 2.68198, 2.56397, 2.53142, 2.19671, 2.52521, 2.14476, 1.99689, 2.27697, 2.35961, 2.41667, 2.28437, 2.26176, 1.91544, 1.66734, 1.35049, 1.88715, 1.65348, 1.95162, 2.00359, 1.82231
0.14, 0.0319375, 4.33714, 3.94276, 3.70515, 3.93462, 4.19045, 3.55115, 3.28399, 3.76916, 2.37023, 2.73734, 2.91527, 2.72724, 2.33675, 2.445, 2.12222, 1.67648, 2.2809, 2.079, 2.30067, 2.06618, 2.01713, 1.85588, 1.54321, 1.28132, 1.55184, 1.46145, 1.33608, 1.45889, 1.86086, 1.98083
0.16, 0.0319375, 4.10099, 4.84286, 4.67223, 4.23299, 4.1411, 3.27221, 3.3458, 3.00832, 2.72077, 3.05061, 2.7676, 3.0054, 2.40576, 2.34709, 2.62403, 2.80905, 2.19473, 1.84124, 2.04453, 1.95636, 1.94764, 1.32111, 1.46318, 1.1782, 1.40275, 1.74729, 1.50971, 1.31969, 1.7333, 1.72628
0.18, 0.0319375, 4.42723, 4.08823, 3.71526, 2.60686, 2.87837, 2.99512, 2.70781, 2.67968, 2.68266, 2.52509, 2.0212, 2.11119, 1.64944, 1.86608, 1.6169, 1.13554, 1.58832, 1.57843, 1.55373, 0.905998, 1.18194, 1.1726, 1.12348, 0.959345, 1.31238, 1.33601, 1.36288, 1.23415, 1.36624, 1.85147
0.2, 0.0319375, 3.94409, 3.79509, 4.19604, 3.56104, 3.44204, 3.23377, 2.70588, 3.02234, 2.16896, 2.40769, 2.38704, 1.63013, 1.89508, 2.12067, 1.90643, 1.54915, 1.65389, 2.02559, 2.04533, 1.90734, 1.41892, 0.841437, 1.31481, 1.60936, 1.7301, 1.35614, 1.29858, 1.09172, 1.57925, 1.59835
0.22, 0.0319375, 4.16396, 4.11949, 3.482, 3.74087, 3.29408, 2.74189, 2.56224, 2.5555, 2.44434, 1.71158, 1.51336, 1.91223, 2.0053, 1.89092, 2.075, 1.93879, 1.75606, 1.86714, 2.21761, 1.96501, 1.50854, 1.01761, 1.11553, 1.33902, 1.66742, 1.66196, 1.69976, 1.1142, 1.60064, 1.64736
0.24, 0.0319375, 3.90501, 2.99819, 3.82397, 3.56595, 3.02465, 2.67745, 2.45808, 2.50176, 2.00328, 1.42056, 2.12342, 1.95594, 1.79003, 1.42752, 1.52753, 1.8095, 1.93744, 1.98207, 1.74801, 1.20728, 1.26392, 1.1449, 1.15806, 1.03982, 1.41492, 1.25555, 1.23581, 1.29391, 1.22394, 1.42501
0.26, 0.0319375, 4.04319, 3.93065, 3.97305, 3.38637, 2.65895, 2.06161, 2.08948, 2.05127, 1.93032, 1.5185, 1.78016, 2.05807, 1.93949, 1.75183, 2.31959, 2.3173, 1.90268, 1.54192, 1.9157, 1.64656, 1.26492, 1.2724, 1.25634, 1.28843, 1.88927, 1.78689, 1.76593, 1.10229, 1.23066, 1.50556
0.28, 0.0319375, 3.82467, 3.98464, 3.61022, 3.11934, 2.95901, 2.96573, 2.1146, 1.33031, 2.00695, 2.10122, 2.14138, 1.56759, 1.48824, 1.4852, 1.04136, 1.27902, 1.56909, 1.26344, 1.12542, 1.34951, 1.067, 1.16845, 1.25068, 1.29315, 1.22751, 0.899347, 0.814573, 0.853024, 1.1834, 0.968645
0.3, 0.0319375, 3.53013, 3.68898, 2.91718, 2.77374, 2.7089, 1.98182, 1.72709, 1.2115, 1.72156, 1.70587, 0.859681, 1.39188, 1.36732, 1.3533, 1.29976, 1.33757, 1.09989, 1.20598, 1.07382, 1.07222, 1.04013, 0.808775, 0.870322, 0.962248, 0.924163, 1.00827, 0.896164, 0.57469, 0.975407, 1.00747
0.32, 0.0319375, 4.64798, 4.01109, 3.79448, 3.29938, 3.31795, 2.99192, 2.86875, 2.27122, 1.78703, 2.13625, 1.64875, 1.10091, 1.17774, 1.54186, 1.49621, 1.68834, 1.42189, 1.38731, 1.35932, 1.07728, 1.07003, 1.01195, 0.933716, 1.52218, 1.26044, 1.10764, 1.08614, 0.950544, 0.900856, 1.19208
0.34, 0.0319375, 3.23347, 2.9837, 3.38902, 2.1399, 2.70334, 2.24374, 2.29267, 1.25728, 1.03396, 1.34798, 0.709009, 1.28751, 1.54922, 2.13566, 2.12302, 1.7045, 1.7475, 1.34784, 1.55361, 1.34579, 0.883444, 0.940264, 1.43547, 1.39339, 0.984789, 0.974466, 1.14416, 1.08298, 1.0145, 1.36889
0.36, 0.0319375, 4.37774, 4.38006, 3.72762, 2.94546, 2.92086, 2.89709, 2.32157, 2.27506, 1.47684, 1.68819, 1.77148, 1.76486, 1.32887, 1.94953, 1.49529, 1.66762, 1.50095, 1.7365, 1.56125, 1.03699, 1.0734, 0.989119, 0.762997, 0.847574, 1.30492, 1.13507, 1.25704, 1.24096, 1.36657, 1.23361
0.38, 0.0319375, 3.83893, 4.33178, 3.87967, 3.55007, 3.75772, 3.18388, 2.34021, 1.87063, 1.84957, 1.65236, 0.782239, 1.45768, 1.40918, 1.60276, 1.69787, 1.80328, 1.53417, 1.65014, 1.95128, 1.62213, 1.30077, 1.1349, 1.19374, 1.57657, 1.48899, 1.34238, 1.30991, 1.47657, 1.45845, 1.36829
0.4, 0.0319375, 4.61707, 4.28215, 3.17146, 3.4577, 3.85803, 2.41499, 1.96931, 2.17599, 1.99442, 2.0221, 1.10062, 1.33544, 1.49695, 1.8295, 1.89005, 1.56548, 0.910502, 1.04657, 1.21067, 1.22021, 1.43534, 1.51662, 1.27311, 0.931661, 0.929852, 1.0091, 1.00961, 1.54625, 1.11028, 1.17027
0.42, 0.0319375, 3.4151, 3.82469, 3.89166, 3.05861, 3.33276, 2.71362, 3.11188, 2.67558, 1.7927, 2.01818, 1.63384, 1.70642, 1.27432, 1.36887, 1.19855, 0.757446, 0.876229, 0.805208, 0.520361, 1.0017, 0.998232, 1.38067, 1.63467, 1.70946, 1.76625, 1.79482, 1.49629, 1.33339, 1.0354, 1.17467
0.44, 0.0319375, 3.57136, 3.80611, 3.68649, 2.99686, 2.64224, 2.6913, 2.02566, 2.30304, 2.39782, 1.37639, 1.25919, 1.38517, 0.999807, 1.24382, 0.647081, 0.484561, 0.490895, 0.266993, 0.822081, 0.763465, 0.670352, 0.984506, 1.11296, 1.28446, 1.27743, 1.33658, 1.15923, 0.992811, 0.533955, 0.53256
0.46, 0.0319375, 3.69539, 3.17301, 2.35375, 1.99295, 2.32157, 1.83547, 1.88977, 1.64324, 1.5947, 1.18891, 1.20899, 0.980067, 0.882603, 1.04126, 0.754537, 0.87336, 1.09427, 0.860331, 0.124092, 0.353824, 0.166876, 0.817732, 0.818325, 0.904133, 0.912894, 0.270751, 0.866282, 0.753404, 0.70818, 0.784843
0.48, 0.0319375, 3.92894, 3.69376, 2.94352, 2.44801, 2.02343, 1.80488, 1.54602, 1.67388, 1.82812, 1.74231, 1.55987, 1.38723, 0.680329, 1.11838, 0.938524, 1.18685, 1.04516, 0.92751, 0.720596, 0.622088, 0.625325, 0.649683, 1.25506, 1.28017, 0.964953, 1.00375, 0.701455, 0.841646, 0.978594, 0.876754
0.5, 0.0319375, 3.46118, 3.02707, 2.8995, 2.45963, 2.60224, 2.42833, 1.81129, 1.86833, 1.63559, 1.42874, 0.725743, 0.730359, 0.203456, 1.02313, 0.9637, 1.24617, 1.31285, 1.0873, 1.24123, 1.66758, 1.20437, 0.986784, 1.04273, 0.853172, 0.817299, 0.674961, 1.08059, 0.709425, 0.902716, 0.943157
0.52, 0.0319375, 3.91439, 4.01599, 3.34974, 2.53841, 1.57945, 2.39392, 2.85024, 2.20382, 1.98284, 2.2069, 1.50632, 1.82556, 1.04012, 1.1442, 0.95562, 0.781169, 1.21525, 1.17445, 0.901987, 1.35025, 1.60059, 1.27275, 1.34769, 1.1667, 1.40095, 1.01299, 0.917239, 0.832687, 0.766494, 1.03034
0.54, 0.0319375, 3.64446, 3.73722, 3.98988, 3.71195, 3.68549, 3.18016, 2.9942, 3.14771, 2.55861, 2.39586, 1.9214, 2.15111, 2.2809, 1.42093, 1.35294, 1.54029, 1.56251, 1.17892, 0.907646, 1.1736, 1.15889, 0.818416, 1.37174, 1.10983, 1.46518, 1.66133, 1.6327, 1.61088, 1.72793, 1.43186
0.56, 0.0319375, 4.69427, 3.99168, 3.60055, 3.85381, 3.53319, 3.30503, 2.8206, 3.17572, 2.71652, 2.58959, 2.01905, 1.93235, 1.64186, 1.41614, 1.17831, 1.74296, 1.61053, 1.48104, 1.27888, 1.3593, 1.01795, 1.50597, 1.10971, 0.779053, 1.04108, 1.32295, 1.31566, 1.33281, 1.40233, 1.23475
0.58, 0.0319375, 4.32391, 4.29818, 3.80777, 3.62975, 3.14149, 3.27752, 2.80385, 1.79839, 2.17127, 2.42659, 2.2694, 2.24225, 1.5585, 1.76341, 1.9391, 1.8481, 1.56197, 1.1789, 1.24655, 1.11474, 1.03365, 0.69333, 0.710314, 0.699476, 0.908663, 0.982434, 1.04466, 1.2903, 1.23688, 1.53644
0.6, 0.0319375, 3.54021, 3.38377, 3.19966, 3.10743, 2.92454, 2.75443, 2.21119, 2.55637, 2.09962, 2.03888, 1.27282, 1.09547, 1.6874, 1.27282, 1.3783, 1.4567, 1.4462, 1.18321, 1.2072, 1.12291, 0.996593, 0.691915, 0.653081, 0.91597, 1.17891, 1.0303, 1.04717, 1.03147, 0.766561, 1.00883
0.62, 0.0319375, 3.34975, 2.88642, 3.11246, 2.61961, 3.02472, 2.12582, 2.36882, 2.03153, 1.69921, 1.52928, 1.10548, 0.920178, 1.22451, 1.42527, 1.39037, 0.887042, 1.04896, 0.84318, 0.590849, 0.495771, 0.608034, 0.228584, 0.388966, 0.578022, 0.87506, 0.667697, 0.906305, 0.783668, 0.722371, 0.934874
0.64, 0.0319375, 3.63594, 2.66674, 2.34616, 2.21238, 2.23716, 2.07626, 1.98866, 1.54901, 0.857125, 0.990612, 1.0882, 1.16951, 0.932228, 0.47986, 1.12427, 0.459648, 0.508823, 0.891288, 0.980015, 0.917617, 0.632475, 0.668808, 0.689417, 0.269919, 0.232301, 0.353333, 0.423637, 0.743684, 0.634157, 0.539054
0.66, 0.0319375, 1.76219, 2.63055, 2.79265, 2.4256, 2.28916, 2.14858, 1.47255, 1.64958, 1.61399, 1.53754, 1.43301, 1.56956, 1.0704, 0.375964, 0.214453, 0.77994, 1.01634, 1.0091, 0.746554, 0.62048, 0.605682, 0.450995, 0.805218, 0.689189, 0.564139, 0.418569, 0.559113, 0.868381, 0.530834, 0.471462
0.68, 0.0319375, 3.43651, 2.7186, 2.81227, 2.22316, 2.05841, 1.00364, 0.9749, 1.71184, 1.76117, 1.75385, 1.42964, 1.05869, 0.798095, 0.516626, 0.893209, 0.915857, 0.949561, 1.2931, 1.38687, 1.32763, 1.28271, 1.27645, 0.971203, 0.895816, 0.560661, 0.688619, 0.690672, 1.00759, 0.839716, 0.823247
0.7, 0.0319375, 3.59458, 2.20997, 2.13754, 2.3324, 1.79003, 1.33214, 1.34729, 1.66087, 1.10415, 0.626189, 0.235469, 0.110012, 0.251245, 0.518616, 0.419036, 0.732532, 0.847375, 1.21266, 0.952723, 0.712228, 0.512748, 0.548783, 0.671348, 0.592677, 0.331474, 0.266256, 0.18827, 0.679523, 0.613991, 0.905149
0.72, 0.0319375, 2.94568, 2.20109, 2.62347, 2.18518, 2.36689, 1.43132, 1.48868, 0.742373, 1.08041, 1.5547, 0.676737, 0.617746, 0.766808, 0.961116, 0.580105, 0.891485, 0.893424, 0.819736, 0.865011, 0.559459, 0.857054, 0.634578, 0.929715, 0.988915, 0.829894, 0.690141, 0.645675, 0.500878, 0.492454, 0.592274
0.74, 0.0319375, 4.14545, 3.69717, 2.1056, 2.42478, 2.8686, 1.51163, 1.69083, 2.26895, 1.49164, 1.92624, 1.45765, 0.743217, 0.305173, 0.638131, 1.06242, 0.931318, 0.863759, 0.689179, 0.180478, 0.478403, 0.867683, 0.932659, 1.05941, 1.30536, 1.14523, 1.24626, 0.909238, 0.937471, 0.798792, 0.94404
0.76, 0.0319375, 3.91369, 3.39601, 3.06561, 2.86015, 3.01341, 2.16585, 2.10479, 2.27062, 2.27015, 1.52921, 1.04455, 1.49631, 1.65019, 1.40907, 0.62834, 0.866244, 0.544238, 0.290349, 0.916166, 0.356482, 0.32703, 0.571137, 0.461699, 0.884175, 0.866122, 0.778548, 0.931399, 1.3268, 0.380324, 0.996695
0.78, 0.0319375, 3.56772, 3.33654, 2.62606, 2.24603, 2.68102, 2.17751, 2.26754, 2.14748, 1.99914, 1.61211, 1.52604, 0.664894, 0.649373, 0.947574, 0.940487, 0.498614, 0.621396, 0.653462, 0.766257, 0.982238, 0.861171, 0.323163, 0.732532, 1.12052, 1.0832, 0.898316, 0.702349, 0.635979, 0.552076, 0.68336
0.8, 0.0319375, 2.60809, 3.34172, 3.24635, 1.92175, 1.9703, 1.72254, 1.53064, 1.51404, 1.55971, 1.30098, 1.37621, 0.906715, 1.23226, 0.474074, 0.661498, 0.96558, 0.981704, 0.871901, 0.35813, 0.66554, 0.984445, 0.900322, 0.659221, 0.775821, 0.419681, 0.716773, 0.40503, 0.607584, 0.657489, 0.738486
0.82, 0.0319375, 3.38257, 3.15096, 2.30409, 2.54636, 2.47193, 2.04167, 2.14688, 1.81326, 1.69765, 1.47889, 1.30525, 2.02641, 1.06545, 1.33827, 0.947384, 1.29707, 1.37686, 1.15986, 1.37517, 0.896208, 0.940391, 0.64227, 1.19363, 0.993968, 1.20045, 0.765038, 1.10064, 1.19072, 0.626798, 0.959641
0.84, 0.0319375, 3.79757, 2.69348, 2.89158, 2.56811, 2.26455, 2.60917, 2.45793, 1.55913, 1.65764, 1.68656, 1.74084, 0.728203, 0.936956, 1.16132, 0.858877, 1.12808, 0.669364, 0.751927, 0.774541, 0.975132, 1.2095, 1.08096, 0.911757, 1.1303, 1.32936, 0.912244, 1.07119, 0.570431, 0.881811, 0.952806
0.86, 0.0319375, 2.93452, 3.02618, 2.17602, 2.50308, 2.86756, 1.57277, 1.3736, 1.69554, 1.47484, 1.34259, 1.42577, 1.13842, 1.30793, 1.18088, 0.316847, 0.845614, 0.881949, 0.810631, 0.962077, 1.04135, 0.444216, 0.852149, 0.645765, 0.906355, 1.07895, 0.62096, 0.715572, 0.615316, 0.600697, 0.869444
0.88, 0.0319375, 2.87889, 2.75868, 2.70194, 2.6039, 2.14243, 2.32186, 1.86523, 1.75567, 1.30523, 1.35533, 1.23547, 1.18974, 1.11748, 0.969736, 1.29054, 0.998262, 0.506425, 0.514606, 0.2608, 0.281356, 0.333891, 0.382914, -0.0223665, 0.22247, 0.397343, 0.477916, 0.682999, 0.78159, 0.887568, 1.11316
0.9, 0.0319375, 2.74867, 3.43761, 2.84887, 1.67555, 2.14383, 1.8611, 1.58907, 1.89452, 2.02688, 1.59256, 0.838998, 1.41921, 1.17005, 0.798138, 0.686502, 0.798054, 0.447962, 0.838862, 0.433753, 0.228006, 0.739525, 0.900411, 0.392678, 0.43721, 0.642741, 1.04291, 0.763581, 1.03486, 0.809359, 0.733757
0.92, 0.0319375, 3.83069, 3.5649, 2.61919, 2.75871, 2.9061, 2.02518, 1.78079, 1.72427, 1.47262, 1.73484, 1.42088, 0.811964, 1.25128, 1.10122, 0.398875, 1.01852, 0.956228, 1.07373, 1.05524, 1.07905, 1.51916, 0.618386, 0.946647, 0.692628, 0.817827, 0.716355, 0.896559, 0.809835, 0.528406, 0.71143
0.94, 0.0319375, 3.26838, 3.07106, 2.42249, 2.12697, 2.00139, 1.64941, 2.02108, 1.64477, 1.86954, 1.21177, 0.884212, 1.07485, 1.32803, 1.10779, 1.02391, 1.345, 1.16107, 1.04936, 0.886592, 0.952381, 1.02902, 0.927297, 0.545095, 0.4059, 0.519827, 0.586927, 0.753128, 0.798099, 0.286418, 0.684516
0.96, 0.0319375, 3.18873, 3.32476, 3.17076, 2.7345, 2.36187, 1.89935, 1.53989, 1.60724, 1.54141, 1.57331, 1.09084, 0.534209, 1.15446, 1.5232, 0.551515, 1.09282, 1.00416, 0.837204, 0.758104, 1.1952, 0.964862, 0.88151, 1.04108, 0.373531, 0.591766, 0.367724, 0.419107, 0.537871, 0.634443, 0.33963
0.98, 0.0319375, 3.16737, 2.97956, 3.12471, 2.86507, 2.56666, 1.90448, 2.11885, 1.90369, 1.59742, 1.2404, 1.40695, 1.49046, 1.02935, 1.37915, 0.865398, 0.536962, 0.82544, 1.14068, 0.702768, 0.564317, 0.365307, 0.487028, 0.728202, 1.01925, 0.99634, 0.999278, 0.802933, 0.337843, 0.850013, 0.806795
1, 0.0319375, 3.23873, 3.15545, 2.26136, 2.36435, 1.91734, 1.55356, 1.33665, 1.15659, 1.31748, 1.49783, 0.884866, 1.27048, 0.650374, 0.941776, 0.730943, 0.795609, 0.968096, 1.10158, 1.02683, 0.359544, 0.802024, 0.661752, 1.14069, 0.815756, 0.767406, 0.696558, 0.651559, 0.78929, 0.483866, 0.569218
1.02, 0.0319375, 3.19443, 3.32033, 2.6853, 2.25347, 2.1985, 2.12102, 2.24329, 2.26933, 1.50932, 1.20396, 1.14173, 0.712488, 0.599014, 0.971936, 1.04364, 0.799565, 0.546445, 0.729504, 0.784002, 0.781577, 0.709879, 1.16776, 0.733499, 1.02357, 1.01029, 0.840983, 1.00854, 0.835713, 0.782367, 0.90859
1.04, 0.0319375, 3.28935, 3.27935, 2.61907, 2.4832, 2.36477, 1.76615, 1.72096, 1.3596, 1.32394, 1.49985, 1.24376, 0.657471, 0.771734, 0.677148, 0.674521, 0.490126, 0.672241, 0.779488, 0.837698, 0.773808, 0.454436, 0.665819, 0.725543, 0.49917, 0.821176, 0.914653, 0.921864, 0.85425, 0.921276, 0.718901
1.06, 0.0319376, 2.88208, 3.15591, 2.11878, 1.64885, 1.78118, 1.13953, 1.42574, 1.42403, 1.36333, 1.11468, 0.526154, 0.8791, 0.696943, 0.67558, 0.483154, 0.668875, 0.908605, 1.11206, 1.1284, 0.841098, 0.515851, 0.630334, 0.558554, 0.89811, 0.866062, 1.12775, 0.884595, 0.762627, 0.837154, 0.981312
1.08, 0.0319375, 3.03165, 2.61468, 2.49018, 1.73735, 1.48359, 1.25526, 1.3792, 0.908907, 1.26725, 0.906724, 0.588524, -0.136345, 0.403106, 0.616741, 0.868266, 1.0532, 0.917899, 0.838969, 0.55518, 0.715405, 0.408528, 0.525593, 1.23796, 0.639833, 0.762263, 1.23441, 0.919928, 0.415516, 0.409235, 0.562184
1.1, 0.0319375, 3.11623, 2.88063, 2.73059, 1.77394, 1.97855, 1.69697, 1.4221, 0.663969, 1.23563, 1.3438, 1.28933, 0.970349, 0.597322, 1.30154, 1.14289, 0.973894, 1.2693, 0.735218, 0.547725, 0.361896, 0.35737, 0.694509, 1.00932, 0.845369, 0.951483, 0.812478, 0.71599, 0.580129, 0.80346, 0.918144
1.12, 0.0319375, 3.17909, 3.01051, 3.07688, 3.08923, 2.72521, 1.6126, 1.76301, 1.92759, 1.88568, 1.93099, 1.55961, 0.966976, 1.49577, 0.944128, 1.14689, 1.20432, 0.888316, 0.801546, 1.06681, 0.0545803, 0.260077, 0.455962, 0.329865, 0.809784, 0.734844, 1.30605, 1.34679, 1.0965, 0.970136, 1.0829
1.14, 0.0319375, 3.70404, 2.51866, 3.13081, 3.19541, 2.25763, 2.39784, 1.72466, 1.43394, 1.18266, 0.719242, 1.03249, 0.920192, 1.17091, 1.21669, 0.827832, 0.985918, 1.20697, 1.18748, 1.15589, 0.799608, 0.925928, 0.700152, 0.701694, 1.156, 1.30191, 1.39338, 0.924003, 0.754705, 0.861741, 0.961986
1.16, 0.0319375, 3.75837, 3.0994, 2.90177, 2.62548, 2.01799, 2.21524, 1.12914, 1.75222, 1.57497, 0.956439, 0.502925, 0.917144, 0.884586, 0.459559, 0.327197, 0.62824, 0.230556, 0.941238, 1.32604, 1.1906, 0.883226, 0.80778, 0.630413, 0.880099, 0.979276, 0.723011, 1.048, 1.09154, 1.05309, 0.736982
1.18, 0.0319376, 3.3999, 3.07617, 3.14245, 2.18523, 2.47272, 2.13154, 1.64844, 1.26333, 1.94014, 1.28812, 1.39779, 0.888974, 0.553043, 0.273957, 0.0800826, 0.488087, 0.8376, 0.556167, 0.984277, 0.887323, 0.92347, 0.908024, 1.19209, 1.29096, 1.04145, 0.59876, 0.605081, 0.612704, 0.578447, 0.836997
1.2, 0.0319375, 3.62143, 3.49869, 3.52743, 2.92562, 2.65352, 2.59247, 2.06737, 1.96087, 1.80146, 1.6939, 1.11802, 1.02893, 0.972842, 0.726652, 0.512585, 0.990132, 0.796795, 0.997252, 0.770281, 0.775873, 0.844047, 1.48684, 1.02572, 1.07353, 1.10894, 0.550205, 0.74422, 0.675318, 0.825513, 0.986278
1.22, 0.0319375, 3.88944, 3.37051, 2.96959, 1.9475, 2.02926, 2.20067, 1.62469, 1.7346, 1.33536, 1.48759, 1.2931, 1.07193, 1.24042, 0.838384, 1.25939, 1.20988, 0.929794, 0.939999, 0.941115, 0.935166, 0.677335, 0.846817, 0.863859, 0.589812, 0.564983, 0.671792, 0.819146, 0.849162, 0.883973, 0.723698
1.24, 0.0319375, 4.34862, 4.01189, 3.52746, 2.40507, 2.2846, 2.24697, 1.64379, 1.73203, 2.09244, 2.29586, 1.61967, 1.29809, 1.03953, 0.849404, 1.36659, 1.17551, 1.24478, 1.36255, 1.23972, 1.18672, 1.11487, 1.31456, 0.994422, 0.750578, 0.816684, 0.850258, 0.963687, 0.909484, 0.959747, 1.05872
1.26, 0.0319375, 3.85248, 2.52482, 2.74388, 2.17148, 2.54147, 2.01479, 2.10229, 1.89632, 2.08622, 1.43657, 1.11819, 0.727259, 0.69139, 1.34371, 1.12511, 1.2947, 1.34416, 1.21783, 1.22892, 1.33367, 1.05642, 0.79382, 0.797912, 0.814182, 1.06953, 1.06426, 1.32725, 0.764039, 1.11256, 1.23356
1.28, 0.0319375, 3.53392, 2.61406, 3.26965, 3.40096, 2.72292, 2.01042, 2.22281, 1.99187, 1.19166, 1.68422, 1.64849, 1.03801, 0.980646, 1.19563, 1.08665, 1.37057, 1.18605, 0.782526, 1.07209, 0.894477, 0.755212, 0.866313, 0.844539, 0.673281, 0.720794, 0.80379, 0.475747, 0.389676, 0.471673, 0.652743
1.3, 0.0319376, 3.58508, 3.95451, 2.86957, 2.60287, 3.09569, 2.90073, 1.96699, 0.968288, 1.30647, 1.57105, 0.971109, 1.18704, 0.971003, 1.25615, 0.622968, 1.08575, 0.800942, 0.920812, 1.48304, 1.21214, 0.818128, 0.649657, 0.725583, 0.845652, 1.03323, 0.958812, 0.835985, 0.871841, 0.623016, 0.678409
1.32, 0.0319375, 4.22734, 3.27193, 2.98096, 2.56053, 1.78481, 1.67661, 2.2023, 2.56039, 1.81733, 1.54922, 1.45972, 0.904594, 0.942211, 1.33747, 1.29183, 0.954794, 0.591859, 1.14745, 1.52885, 1.38423, 1.40522, 0.947084, 1.03002, 1.04271, 1.18196, 0.932256, 0.635767, 0.923163, 0.815664, 1.23792
1.34, 0.0319375, 3.71872, 3.00904, 2.61146, 3.04569, 2.79631, 1.87734, 1.39018, 1.36294, 1.61072, 1.75139, 1.27189, 1.24498, 1.27945, 1.43997, 1.32464, 1.1829, 1.17615, 0.953631, 1.21012, 0.973818, 0.91329, 1.35641, 1.2342, 1.02122, 0.862649, 0.622974, 0.862577, 0.717264, 0.811041, 0.830722
1.36, 0.0319375, 3.54368, 3.54217, 2.55274, 2.2468, 2.19913, 2.81116, 2.02336, 1.60799, 1.41883, 0.676505, 0.67397, 1.05501, 1.33253, 1.33288, 1.02395, 1.23635, 0.919046, 1.10849, 1.00003, 0.910726, 1.0222, 0.597487, 0.981206, 0.862789, 0.896729, 0.722264, 0.943278, 0.765491, 1.06197, 1.32887
1.38, 0.0319375, 3.18299, 3.42503, 2.51674, 2.21458, 2.23534, 1.11355, 1.49053, 0.855258, 0.358807, 0.979599, 0.89915, 0.577235, 0.878075, 0.837586, 0.986378, 0.978023, 1.2774, 0.766469, 1.20773, 1.16178, 0.550567, 0.324687, 0.659021, 0.413076, 0.853942, 0.631752, 0.639845, 0.900805, 0.82204, 0.873894
1.4, 0.0319375, 2.98826, 3.42459, 3.33069, 2.5637, 1.97089, 2.08622, 1.39927, 1.86124, 1.55254, 1.20362, 0.77746, 0.847628, 0.666931, 0.392421, 0.90603, 0.95365, 0.764432, 0.972886, 1.03855, 1.1082, 0.757413, 0.783922, 0.66423, 0.357444, 0.618318, 0.72998, 0.871685, 0.87354, 1.01981, 0.42659
1.42, 0.0319376, 3.95228, 3.2813, 3.66906, 3.17351, 2.77877, 1.42456, 2.01199, 1.92458, 1.6074, 0.94598, 1.19809, 1.17893, 1.45175, 0.726163, 0.999961, 1.42049, 1.01514, 0.955377, 1.41937, 1.22448, 0.923366, 0.502393, 0.33888, 0.824877, 0.965753, 1.17672, 1.06195, 0.621694, 0.478672, 1.19333
1.44, 0.0319375, 3.18916, 3.39264, 2.88711, 2.57796, 2.30913, 2.25714, 1.81054, 1.14272, 1.22472, 1.1014, 0.419539, 0.653647, 1.34996, 1.12229, 1.24377, 1.21138, 1.30906, 1.11536, 1.21445, 0.775259, 0.877712, 0.770814, 1.08105, 0.901636, 1.13508, 0.994429, 0.743915, 0.725307, 0.879768, 1.185
1.46, 0.0319375, 3.32554, 2.9458, 2.24375, 2.0002, 2.03876, 1.48312, 1.66983, 1.15289, 0.897971, 1.5074, 1.14341, 0.492893, 1.11019, 0.875053, 0.779489, 0.841217, 0.978818, 0.933882, 0.80155, 0.783627, 0.709644, 0.703746, 0.969893, 0.877721, 0.773843, 0.77778, 0.56359, 0.510535, 0.687201, 0.746085
1.48, 0.0319375, 3.59334, 3.16516, 3.52174, 2.27679, 2.48688, 1.815, 1.64464, 1.55149, 1.17599, 0.299969, 0.238055, 0.395202, 0.329607, 0.732863, 1.09553, 1.16894, 1.78619, 1.49014, 0.811613, 0.981888, 1.06287, 1.03205, 0.840316, 0.958812, 0.647742, 0.76432, 0.942216, 0.772032, 0.71638, 0.501665
1.5, 0.0319375, 3.21568, 2.92896, 3.23785, 2.99939, 2.34562, 1.82487, 2.12518, 1.70749, 1.74878, 1.38937, 0.663865, 1.03467, 0.731018, 0.737656, 0.872249, 1.288, 0.599006, 1.18797, 1.1414, 0.942999, 0.741354, 0.952561, 0.395228, 0.452398, 0.58395, 0.466926, 0.650774, 0.732806, 0.999223, 0.844976
1.52, 0.0319375, 3.65038, 3.41742, 3.00703, 2.9872, 2.94759, 2.11101, 1.88739, 1.83108, 1.13729, 0.43707, 0.46728, 0.590831, 0.417202, 0.207434, 0.540268, 0.724253, 0.849077, 1.31945, 1.63653, 1.61017, 1.41802, 1.0354, 0.921293, 0.658078, 0.667394, 0.73459, 1.01547, 1.01274, 0.851451, 0.748211
1.54, 0.0319375, 2.27558, 2.24421, 2.17085, 1.78341, 2.7202, 2.24725, 1.55013, 1.53601, 1.10286, 1.16523, 0.957272, 0.22258, 0.646773, 0.190828, 0.342151, 0.472449, 0.820118, 1.20758, 1.40139, 1.03725, 1.13196, 0.808459, 0.761573, 0.463187, 1.07859, 1.01818, 0.925169, 1.15057, 0.877156, 0.987917
1.56, 0.0319376, 3.06836, 2.86272, 1.97423, 2.04281, 2.18347, 1.50468, 2.09737, 2.11133, 1.37389, 1.07214, 0.492661, 0.248497, 0.827688, 0.277735, 0.531047, 0.968274, 0.556016, 1.17948, 1.56898, 1.11966, 1.42525, 1.34403, 0.885293, 0.66342, 0.650756, 0.736249, 0.755398, 0.672432, 1.04288, 1.22635
1.58, 0.0319375, 3.6199, 3.46047, 3.3293, 2.18179, 2.52728, 1.69647, 1.46431, 1.61102, 1.30758, 1.35333, 1.00442, 1.24555, 0.760071, 0.542378, 0.865514, 1.08587, 0.942694, 1.11147, 1.25138, 0.693741, 0.77301, 1.34072, 1.1157, 0.873378, 0.874433, 0.931237, 0.882785, 0.874361, 0.720001, 0.864427
1.6, 0.0319375, 3.70507, 3.38009, 2.90701, 2.34165, 2.61429, 2.32877, 2.39781, 2.26402, 1.382, 1.24631, 1.37667, 0.915513, 1.28296, 1.44334, 1.03277, 1.0199, 0.846257, 0.61873, 0.718432, 0.95908, 0.82555, 0.883682, 0.78113, 0.780567, 1.15353, 1.07415, 1.06462, 1.17543, 1.02328, 0.871649
1.62, 0.0319375, 2.69241, 3.05277, 2.84605, 2.06134, 2.36773, 1.60286, 1.41361, 1.80987, 1.83929, 1.5358, 1.08008, 1.16889, 0.958497, 0.881601, 0.97252, 0.765488, 0.64647, 0.172275, 1.10035, 0.963823, 0.933185, 0.844015, 0.777119, 0.423976, 0.331316, 0.116199, 0.707784, 0.854291, 0.847903, 0.85671
1.64, 0.0319375, 2.51032, 2.67602, 2.43627, 1.85319, 2.02282, 2.28038, 2.23456, 1.71168, 1.44952, 0.764417, 0.889307, 1.18364, 0.834028, 1.09434, 0.800869, 1.05561, 0.684751, 0.73898, 0.961667, 1.13036, 1.13623, 0.780281, 0.658754, 0.473986, 0.459706, 0.605288, 0.645333, 0.566989, 0.940335, 0.944434
1.66, 0.0319375, 3.71009, 3.15019, 2.69841, 2.80748, 2.47407, 2.10759, 1.65415, 1.19315, 1.46684, 1.26958, 1.22688, 0.795664, 1.23311, 0.934948, -0.199193, -0.0796114, 0.50272, 0.541121, 0.782439, 0.883975, 0.942034, 0.677933, 0.837675, 0.889846, 0.817192, 0.603259, 0.617771, 0.6655, 0.706752, 0.700119
1.68, 0.0319376, 3.31854, 3.18129, 2.17112, 2.06489, 2.53503, 2.51762, 1.73681, 1.76374, 1.61933, 1.10404, 0.948003, 1.31396, 1.1404, 0.802257, 0.276989, 1.00646, 0.121583, -0.166052, 0.290071, 0.632541, 0.70251, 0.963456, 0.889092, 0.524911, 1.00411, 1.25403, 0.983135, 0.755994, 0.479191, 0.669465
1.7, 0.0319375, 3.03081, 3.27551, 2.7198, 2.27479, 2.54078, 1.79514, 1.56962, 1.52233, 1.53545, 1.27553, 1.61202, 1.27835, 0.533943, 0.823941, 0.696428, 0.671561, 0.60585, 0.790586, 0.430863, 0.882392, 0.962256, 0.910984, 0.778045, 0.818829, 0.603146, 0.74871, 0.896138, 0.838299, 0.128437, 0.415706
1.72, 0.0319375, 3.91452, 3.47165, 2.21295, 3.14557, 2.64391, 2.36155, 2.34472, 1.5452, 1.49406, 1.84416, 0.891105, 0.785627, 0.873119, 0.617048, 0.0802083, 0.0777352, 0.10137, 0.749314, 0.7886, 0.599116, 0.858498, 1.14659, 1.05621, 1.04069, 1.12239, 1.01832, 0.559983, 0.848098, 0.869649, 1.02416
1.74, 0.0319375, 3.66423, 3.65583, 3.07664, 2.81108, 2.56986, 2.17227, 1.62857, 2.37822, 1.8226, 1.60187, 1.22651, 1.57692, 1.60573, 0.696774, 0.462603, 0.51896, 0.758718, 1.12602, 1.3718, 1.38434, 0.908236, 1.34105, 1.30021, 0.785516, 0.715127, 0.57891, 0.697327, 0.941332, 0.941543, 1.32465
1.76, 0.0319375, 4.07777, 4.27373, 3.42127, 2.68935, 3.39798, 2.74418, 2.13967, 2.28474, 2.14584, 1.10331, 0.57355, 1.09333, 1.64956, 1.34932, 1.21054, 1.45318, 1.57371, 1.45065, 0.851045, 1.21143, 0.676482, 0.583998, 0.676734, 0.435596, 0.907592, 0.737713, 1.01347, 0.909624, 1.09542, 0.783762
1.78, 0.0319375, 4.04294, 3.35135, 3.31613, 3.16571, 2.71993, 2.61576, 1.25055, 1.66836, 1.68221, 1.2827, 1.04147, 0.62642, 0.997838, 0.513453, 0.516235, 1.10577, 0.869066, 0.928389, 0.737345, 0.603235, 0.828096, 0.561627, 0.64562, 0.467401, 0.458845, 0.509891, 0.827561, 0.979971, 0.929079, 1.00648
1.8, 0.0319376, 3.34806, 3.34671, 3.49218, 2.54091, 2.40904, 1.98409, 1.67405, 1.88772, 1.89739, 1.29139, 0.720634, 1.21206, 0.705507, 0.43331, 0.437964, 0.754809, 0.982813, 0.654609, 1.03494, 1.14011, 0.77351, 1.17574, 1.14833, 1.02264, 0.89598, 0.771248, 0.985809, 0.770641, 0.759418, 1.01602
1.82, 0.0319375, 2.56532, 3.42305, 3.03976, 2.38306, 1.90248, 1.45931, 1.75466, 1.13164, 1.44205, 1.46761, 0.825247, 0.988518, 1.02771, 0.578383, 0.656323, 0.776412, 0.424634, 0.623521, 0.609263, 0.668077, 0.610297, 0.53891, 0.577132, 0.501038, 0.500599, 0.830056, 0.599537, 0.365894, 0.736442, 0.777454
1.84, 0.0319375, 3.28947, 3.4572, 2.67974, 2.05376, 1.65757, 1.95573, 1.42343, 1.34441, 0.781581, 0.975845, 0.840675, 1.21391, 0.822012, 1.04635, 0.858809, 0.533107, 0.651149, 0.74618, 0.825873, 0.232559, 0.447277, 0.313287, 0.138982, -0.154893, 0.467657, 0.765328, 0.765009, 0.988471, 0.845634, 0.830568
1.86, 0.0319375, 3.40013, 3.00959, 3.07332, 2.74222, 2.31992, 1.65296, 1.41343, 1.43874, 1.76062, 1.64111, 1.31486, 0.117889, 0.627191, 0.977969, 0.878231, 0.873402, 1.019, 1.04146, 1.52334, 1.3612, 0.655574, 0.551259, 0.571546, 0.398565, 0.623624, 0.710133, 0.545416, 0.676, 0.797631, 0.829888
1.88, 0.0319375, 3.08715, 2.85936, 2.47503, 2.23887, 1.41847, 0.303895, 1.54796, 0.988793, 1.12978, 1.71896, 0.933626, 0.192854, 0.270606, 0.567037, 0.400484, 0.65554, 0.821122, 0.0221159, 0.696184, 0.698471, 0.923841, 0.785484, 0.865878, 0.598588, 0.339893, 0.188129, 0.0996754, 0.362166, 0.846601, 0.828813
1.9, 0.0319375, 3.1558, 3.0785, 2.76135, 1.71365, 1.85421, 2.39409, 1.60864, 1.59855, 1.59995, 0.811425, 0.640769, 1.35813, 0.929365, 0.663643, 0.529997, 0.699566, 0.996744, 0.646447, 1.05566, 0.645005, 0.583322, 0.712183, 1.37666, 1.16141, 0.698359, 0.70165, 0.585807, 0.6524, 0.456644, 0.659869
1.92, 0.0319376, 2.65455, 2.87282, 2.29527, 1.08915, 1.46378, 1.4171, 1.27613, 1.45694, 1.01556, 0.805156, 0.390832, 0.712446, 0.421378, 0.720957, -0.139085, -0.284986, 0.166056, 0.225571, 0.328811, 0.126585, 0.208963, 0.294787, 0.358119, 0.698777, 0.171387, 0.398454, 0.324439, 0.0871916, 0.192633, 0.377628
1.94, 0.0319375, 3.27326, 2.86035, 2.35265, 1.91175, 1.78312, 1.25065, 2.16751, 1.90491, 1.36459, 1.17601, 1.01597, 0.75091, 0.979004, 0.881538, 0.334195, 0.492025, 0.259465, 0.397915, 0.726379, 0.544573, 0.489467, 0.0959232, 0.620923, 0.353857, 0.379593, 0.385692, 0.739271, 0.357543, 0.247223, 0.339937
1.96, 0.0319375, 2.88088, 2.37592, 2.30022, 2.39713, 1.75068, 1.96168, 1.82174, 2.14885, 1.63209, 1.38437, 1.13544, 0.6882, 0.671322, 1.02994, 1.50887, 0.689047, 0.389449, 0.186668, 0.370956, 0.406227, 0.5485, 0.691234, 0.670414, 0.693765, 0.477704, 0.412784, 0.860105, 0.697992, 0.735825, 0.703381
1.98, 0.0319376, 3.3579, 3.5575, 3.09083, 2.56129, 2.08709, 2.08753, 1.64041, 1.29918, 1.50706, 1.15701, 0.847476, 0.969073, 0.72256, 0.494209, 0.788674, 0.541195, 0.410173, 0.79149, 1.03078, 0.550874, 0.283282, 0.399315, 0.437373, 0.600948, 0.603907, 0.493213, 0.725236, 0.779429, 0.668386, 0.894387
2, 0.0319376, 2.65315, 2.51939, 1.91992, 2.53972, 2.4032, 1.62411, 0.896928, 1.76695, 1.97365, 1.34175, 1.21399, 1.44148, 0.972492, 0.633344, 1.01888, 1.03545, 0.8766, 0.440758, 0.292056, 0.0401725, 0.483982, 0.600551, 0.715366, 0.761254, 0.38143, 0.861957, 1.03529, 0.913533, 0.78835, 0.833781
2.02, 0.0319376, 2.97568, 2.39886, 2.34656, 2.22408, 1.9554, 1.70759, 1.36157, 1.4026, 1.81227, 1.66461, 1.65837, 0.636234, 1.00253, 1.06431, 0.749652, 0.301059, 0.541081, 0.800818, 0.545646, 0.506547, 0.307815, 0.59628, 0.530231, 0.562377, 0.424855, 0.628911, 0.285663, 0.806572, 0.839527, 0.667634
2.04, 0.0319376, 2.4953, 3.08968, 3.45728, 2.64777, 2.6571, 1.46552, 1.82411, 1.48577, 1.40394, 1.21895, 1.64112, 1.35986, 0.992745, 1.16992, 0.67594, 1.25213, 1.10872, 1.26174, 1.13163, 1.03863, 0.528069, 0.522936, 0.436549, 0.751564, 0.993065, 0.514154, 0.272338, 0.400609, 0.656885, 0.633253
2.06, 0.0319376, 3.01785, 3.35752, 2.53039, 2.32085, 2.4988, 1.39253, 1.11824, 1.78234, 2.25977, 1.42966, 0.822434, 1.07979, 1.57093, 1.16378, 0.537059, 0.887764, 1.13081, 0.692199, 0.427604, 0.342031, 0.523924, 0.495097, 0.850544, 0.584642, 0.576357, 0.541491, 0.761258, 0.507076, 0.481006, 0.686504
2.08, 0.0319376, 3.02187, 1.99127, 2.36329, 2.29519, 1.87285, 1.49342, 1.17274, 2.02747, 1.83868, 1.46192, 0.991996, 1.14013, 0.773528, 0.537945, 0.700659, 1.44355, 1.0198, 0.895644, 0.935666, 0.714627, 0.773643, 0.33925, 0.228704, 0.427472, 0.58985, 0.538082, 0.655457, 0.618277, 0.330712, 0.59585
2.1, 0.0319376, 3.00602, 2.5122, 2.71526, 1.7624, 1.795, 1.21552, 1.82183, 1.57367, 1.54011, 1.16435, 1.21541, 1.13116, 0.975656, 1.18237, 1.37921, 0.809996, 0.830365, 1.01206, 0.902915, 0.51842, 0.618966, 0.303707, 0.203386, 0.167821, 0.482569, 0.316876, 0.650493, 0.760666, 0.813194, 0.61266
2.12, 0.0319376, 2.84831, 2.85518, 2.23532, 1.99758, 2.55732, 1.15061, 1.21085, 1.41686, 0.958813, 1.2286, 1.04639, 1.13181, 0.920803, 1.39766, 0.858905, 0.652734, 0.470555, 0.554159, 0.775849, 0.757262, 0.643787, 0.472538, 0.567758, 0.814956, 0.557134, 0.147669, 0.524724, 0.452437, 0.478537, 0.438993
2.14, 0.0319374, 2.90855, 3.13271, 3.01077, 2.43307, 1.69318, 2.04295, 2.07995, 1.61279, 1.31523, 1.24378, 1.09923, 1.3016, 1.43607, 1.22504, 0.824274, 0.374241, 0.578238, 0.749738, 0.873418, 0.696599, 0.592286, 0.586712, 0.717566, 0.447125, 0.695796, 0.698724, 0.866816, 0.929829, 0.646949, 0.410883
2.16, 0.0319374, 2.99704, 3.23717, 2.7703, 2.00948, 2.37892, 1.99447, 1.07402, 1.26695, 1.60045, 1.16624, 1.03414, 1.07563, 0.576651, 0.85035, 0.31334, 0.423851, 0.49092, 0.502176, 0.48355, 0.370454, 0.400455, 0.3104, 0.615126, 0.54358, 0.66316, 0.73885, 0.81346, 0.679911, 0.552733, 0.701244
2.18, 0.0319374, 3.78831, 3.29981, 2.96793, 2.51177, 2.48091, 1.86669, 1.30995, 1.43787, 1.8399, 1.43753, 0.54738, 0.602173, 0.362947, 0.503894, 0.202033, 0.30096, 0.321849, 0.491462, 0.72469, 0.74008, 0.474627, 0.772935, 0.891064, 1.13904, 1.002, 1.0166, 0.610745, 0.80157, 0.654019, 0.80752
2.2, 0.0319374, 3.70324, 3.75134, 2.67166, 1.89467, 2.36541, 1.91196, 2.31347, 1.11495, 1.39982, 1.12743, 0.943081, 0.708299, 0.900992, 0.472609, -0.0775781, 0.308596, 0.401334, 0.741816, 0.749179, 0.780753, 1.09884, 0.758432, 0.940144, 0.754965, 0.604549, 0.332184, 0.0746763, 0.140653, 0.54264, 1.03506
2.22, 0.0319374, 3.52855, 3.28504, 2.50237, 2.86291, 2.76095, 2.1167, 2.08386, 1.87944, 1.22119, 1.26522, 0.565179, 0.586694, 0.684301, 0.740363, 0.416724, 0.450716, 0.548551, 0.693463, 0.765998, 0.596679, 1.08651, 0.980041, 0.829671, 0.660797, 0.807589, 0.614163, 0.355534, 0.724105, 1.02337, 1.06936
2.24, 0.0319376, 3.95502, 2.79015, 3.04853, 3.18141, 2.28731, 2.20711, 2.14655, 2.7258, 1.94734, 1.36549, 1.42667, 1.37046, 1.19497, 0.912499, 0.21439, 0.486888, 0.578435, 0.35379, 0.393201, 0.575273, 0.819491, 1.09017, 1.20476, 1.16875, 1.2093, 0.931526, 1.0687, 0.952181, 1.00596, 1.133
2.26, 0.0319376, 4.16411, 4.06011, 3.29579, 2.47299, 2.34162, 2.16681, 2.59956, 1.95162, 1.99102, 1.95686, 0.88584, 1.05648, 1.14949, 1.03512, 0.453671, 0.0844766, -0.0750934, 0.723126, 0.781041, 0.887159, 1.20415, 1.18201, 1.30448, 0.897815, 1.37081, 1.06193, 1.08026, 1.09087, 1.05891, 0.828282
2.28, 0.0319376, 2.68714, 3.37413, 3.23376, 2.37894, 2.64361, 2.72464, 2.15546, 2.53156, 2.18251, 1.98224, 1.39195, 1.20423, 1.21456, 1.00179, 0.657074, 0.606857, 0.89647, 1.0583, 0.828941, 0.571335, 1.07793, 0.710638, 1.23158, 0.840749, 0.823213, 1.03241, 1.03408, 1.12971, 1.22133, 1.03814
2.3, 0.0319376, 3.87942, 3.3795, 2.79161, 2.74215, 2.56187, 2.55741, 2.0027, 2.28991, 2.21807, 1.4829, 1.29691, 1.41751, 1.45602, 0.893543, 0.252459, -0.158531, 0.046464, 0.263811, 0.19823, 0.232755, 0.25938, 0.578051, 1.05425, 0.860443, 0.97071, 0.990462, 0.866273, 1.03077, 0.742241, 0.813954
2.32, 0.0319376, 3.72411, 2.6914, 2.34063, 1.47642, 1.73337, 1.22157, 1.69041, 1.83413, 1.32014, 1.1183, 0.907637, 0.915537, 1.11828, 0.567711, 0.757369, 0.435522, 0.694633, 0.541647, 0.82825, 0.940229, 1.13378, 1.25863, 1.10371, 0.517756, 0.602546, 0.469811, 0.816534, 1.05541, 0.944565, 1.07235
2.34, 0.0319376, 4.24182, 3.80696, 2.33203, 2.47873, 2.63852, 2.42663, 2.09569, 1.98198, 1.75391, 1.26641, 1.00379, 1.50895, 0.629023, 0.537799, 1.16851, 1.30601, 1.09576, 1.31003, 1.06404, 1.27365, 1.29735, 1.44026, 1.00063, 1.14857, 1.0811, 1.16724, 1.4881, 1.03253, 1.05347, 1.14489
2.36, 0.0319376, 3.83735, 3.80581, 3.43805, 2.834, 2.75914, 2.74457, 2.02545, 2.10946, 2.1669, 1.58735, 0.912857, 1.53627, 1.58173, 1.02735, 0.879696, 1.12518, 1.14822, 1.19757, 1.16852, 1.04944, 1.24534, 1.03333, 1.01436, 0.86848, 1.41241, 1.22458, 1.21893, 1.02521, 0.718524, 0.88742
2.38, 0.0319374, 4.18761, 3.91305, 3.43797, 2.61487, 2.78151, 2.37424, 2.24048, 1.86719, 1.65887, 0.738665, 1.16864, 1.57728, 1.07433, 1.65588, 1.6137, 1.30143, 1.53352, 1.34059, 0.876897, 1.14055, 0.948177, 1.12195, 0.764306, 0.871148, 0.927682, 0.660641, 1.17274, 1.43222, 1.21459, 1.28068
2.4, 0.0319374, 3.57303, 3.63447, 3.52141, 2.94943, 3.31677, 2.53391, 1.79209, 1.74659, 1.44187, 1.46286, 1.8589, 1.70909, 1.84246, 2.06263, 1.43944, 1.38063, 1.13893, 1.28814, 1.16395, 1.12822, 1.20692, 1.12536, 0.336998, 0.875586, 1.07098, 1.22182, 1.14328, 0.683887, 1.13292, 1.05971
2.42, 0.0319374, 4.21286, 3.49616, 2.889, 2.55398, 2.55055, 2.53504, 1.7254, 1.49453, 1.63548, 1.07936, 1.40096, 1.43394, 1.08134, 1.03679, 1.32335, 0.64661, 0.909684, 0.935238, 1.15945, 1.06954, 1.02292, 1.14869, 1.18013, 0.953855, 0.647215, 0.946711, 1.05356, 0.989359, 0.899233, 0.933137
2.44, 0.0319374, 3.82475, 4.05135, 4.05808, 2.73872, 2.87832, 3.06396, 1.96302, 2.02692, 2.11511, 1.3451, 1.1587, 1.79544, 1.7434, 1.462, 0.88342, 1.31277, 0.887912, 0.982159, 0.72988, 0.722895, 0.923651, 1.14768, 1.15066, 0.876723, 0.458282, 1.00862, 1.12865, 0.990693, 0.762827, 0.898023
2.46, 0.0319374, 3.7619, 3.50205, 2.98349, 2.57496, 1.94529, 1.76408, 1.33545, 1.72807, 1.45011, 0.773511, 1.10201, 1.30381, 1.65414, 1.15482, 1.13856, 0.915974, 0.495862, 0.744007, 1.09135, 0.486287, 0.98064, 1.2266, 1.52564, 1.1738, 0.988872, 0.597473, 0.949502, 1.07061, 0.704885, 1.15127
2.48, 0.0319376, 3.49043, 3.46285, 2.79575, 2.58511, 2.65099, 2.34416, 1.78797, 1.69737, 1.63774, 1.15681, 0.797474, 0.790916, 0.445707, 0.443264, 0.253294, 0.515451, 1.08458, 0.894958, 1.04666, 1.11903, 1.28803, 0.974252, 1.15246, 1.34168, 1.2738, 0.969965, 0.960821, 0.668026, 0.597348, 0.952597
2.5, 0.0319376, 2.69818, 2.92969, 2.80527, 2.13452, 2.11531, 1.7013, 1.99006, 1.57241, 1.49824, 0.151029, 0.707207, 0.861044, 1.13666, 1.37078, 0.951019, 0.576609, 1.03156, 0.722267, 0.494381, 1.19136, 1.04314, 0.759128, 0.750449, 0.631424, 0.998331, 0.723386, 0.817367, 0.655791, 0.548772, 0.891054
2.52, 0.0319376, 4.30032, 3.21616, 3.22563, 3.34925, 2.52326, 2.45675, 2.12358, 1.72974, 1.89665, 1.71233, 1.1099, 1.19899, 0.970335, 1.02512, 0.720297, 0.754877, 0.61298, 0.584246, 0.687636, 0.452556, 0.504262, 0.774793, 0.774134, 0.59772, 0.725495, 0.936934, 0.842499, 0.989303, 0.806735, 1.03812
2.54, 0.0319376, 4.01516, 3.99386, 3.103, 2.75534, 2.67185, 1.8434, 1.7619, 2.0521, 2.02485, 1.92253, 0.92387, 1.72151, 1.3556, 1.08237, 0.970256, 0.950048, 0.857795, 0.529548, 0.698192, 0.507171, 0.498626, 0.60798, 0.398928, 0.698313, 0.91465, 0.873078, 0.751896, 0.913497, 0.892568, 1.07262
2.56, 0.0319376, 3.51047, 3.64041, 2.89823, 3.31662, 3.47209, 2.82644, 2.56619, 2.12045, 1.60513, 1.89038, 1.88418, 1.48185, 1.16265, 1.31695, 0.947447, 0.598584, 0.509393, 0.788741, 0.761967, 1.02858, 1.45363, 1.44909, 1.6752, 1.04672, 1.12304, 0.863873, 0.983312, 1.23495, 0.994182, 0.895639
2.58, 0.0319376, 3.80968, 3.56064, 2.9373, 2.42842, 2.33258, 1.96918, 1.64019, 1.59698, 1.59371, 1.38999, 1.49148, 1.23983, 1.1448, 0.879903, 0.768321, 0.986523, 1.01819, 0.975099, 0.712439, 0.741595, 0.724964, 0.628813, 0.412451, 0.677369, 0.821043, 0.67651, 0.854333, 0.791164, 0.597021, 0.76221
2.6, 0.0319376, 2.81729, 2.78657, 2.22551, 2.03362, 2.30343, 1.64858, 0.511678, 1.45655, 1.62715, 1.67799, 1.35968, 1.17892, 0.867676, 1.00137, 0.402576, 1.03803, 0.454026, 0.649502, 0.421783, 0.267236, -0.00849838, 0.192177, 0.436888, 0.390979, 0.622688, 0.667698, 0.748596, 0.719866, 0.70066, 0.839658
2.62, 0.0319376, 4.08262, 3.21792, 2.45252, 2.02361, 2.41776, 1.40596, 1.80917, 2.01794, 1.89439, 1.23898, 1.27509, 1.20195, 1.06366, 0.871894, 0.656568, 0.653472, 0.653068, 0.784535, 0.728724, 0.225631, 0.531435, 0.627476, 0.584284, 0.568853, 0.756879, 0.601958, 0.852753, 0.861988, 0.694467, 0.721036
2.64, 0.0319374, 3.70492, 2.96985, 2.74006, 2.55659, 1.881, 2.01047, 2.16248, 1.71145, 1.63645, 1.67438, 1.14497, 1.34681, 1.50099, 1.11208, 0.94443, 0.892759, 0.770809, 1.04093, 0.754441, 0.369411, 0.464261, 0.349523, 0.70215, 0.657697, 0.463673, 0.24935, 0.525456, 0.777725, 0.702985, 0.902185
2.66, 0.0319374, 3.29743, 3.29423, 2.33146, 2.24589, 2.54506, 2.37322, 1.71606, 1.39719, 1.34481, 1.41884, 1.982, 1.87661, 1.2938, 1.36127, 1.02945, 0.962773, 0.724959, 0.971937, 1.14805, 0.855981, 0.649191, 0.77291, 0.85549, 0.93812, 1.16907, 1.16488, 0.997099, 0.7202, 0.847723, 0.720943
2.68, 0.0319374, 3.61062, 2.92977, 2.83238, 1.49471, 1.5133, 2.5624, 2.02941, 1.86838, 1.44709, 1.26211, 1.63957, 0.956887, 1.37444, 1.12793, 1.17377, 0.895374, 1.18661, 0.996658, 0.756336, 1.08644, 1.19317, 0.927136, 1.01114, 0.774475, 0.713194, 0.85094, 0.655942, 0.751341, 0.791449, 0.778856
2.7, 0.0319374, 3.03562, 2.72861, 2.83945, 1.76012, 2.32761, 1.53932, 1.75778, 1.53327, 1.17169, 1.46407, 1.46152, 1.56787, 1.27708, 1.43878, 1.17138, 1.17586, 0.594006, 0.850775, 1.03286, 0.986458, 1.14697, 0.476484, 0.530001, 0.381724, 0.183265, 0.599347, 0.781199, 0.753338, 0.976347, 1.0956
2.72, 0.0319374, 3.3282, 3.93416, 2.86139, 2.63243, 1.9288, 1.33863, 2.01655, 1.21549, 1.92841, 1.50799, 1.42055, 1.23897, 1.33719, 1.50495, 1.36473, 0.762786, 0.937687, 1.17702, 0.941613, 1.0633, 0.477224, 0.454576, 0.951531, 0.542437, 0.678339, 0.313899, 0.528283, 0.540326, 0.376045, 0.28618
2.74, 0.0319376, 3.02259, 2.62575, 2.46446, 2.42526, 2.50327, 2.06406, 1.61462, 1.61899, 1.38358, 1.41355, 1.0551, 1.40329, 0.803056, 0.967353, 0.869767, 1.02399, 0.369861, 0.824377, 0.650536, 0.976142, 0.871891, 1.02296, 0.580803, 0.545417, 0.562272, 0.735734, 0.531033, 0.603139, 0.187035, 0.491241
2.76, 0.0319376, 3.75696, 3.34605, 2.69607, 2.33567, 2.95186, 2.5664, 0.686735, 2.07363, 2.04946, 2.17383, 1.06681, 1.3069, 1.37243, 0.963418, 0.98051, 0.872158, 1.24005, 1.02148, 1.0766, 1.0538, 1.08555, 1.05714, 0.788167, 0.81217, 0.683246, 0.923325, 0.848184, 0.666011, 0.688307, 0.613233
2.78, 0.0319376, 3.31917, 2.63838, 2.48371, 2.60884, 2.56246, 2.25846, 2.14223, 2.14262, 1.81366, 0.801376, 0.909369, 1.19969, 1.42463, 1.38785, 1.38829, 0.969597, 0.62049, 0.752343, 0.905181, 0.977815, 1.05963, 1.31659, 0.927078, 0.959527, 0.690368, 0.706335, 0.710842, 0.889427, 0.849011, 0.71762
2.8, 0.0319376, 3.61471, 2.98504, 2.31627, 2.51784, 2.55039, 2.70443, 1.64127, 1.85294, 1.77065, 1.56707, 1.55615, 1.38229, 0.935404, 0.837625, 1.03225, 1.11806, 1.45038, 1.40839, 1.1028, 1.12058, 0.936135, 0.944037, 0.608794, 0.761688, 0.806847, 0.796736, 0.888143, 0.563382, 0.558216, 0.892255
2.82, 0.0319376, 3.45928, 3.09988, 2.8807, 2.05517, 2.54289, 2.15116, 2.25218, 1.92017, 1.83919, 1.56404, 1.36312, 1.59465, 1.93275, 1.31374, 1.32527, 1.39516, 1.17343, 1.13927, 1.07855, 0.823898, 1.07852, 0.984636, 0.705558, 0.781905, 0.719326, 0.781918, 1.06978, 0.620377, 0.724385, 0.784683
2.84, 0.0319376, 3.72642, 3.30403, 3.28098, 2.61128, 2.2342, 2.47688, 1.77136, 1.68088, 1.93489, 1.53191, 1.21946, 0.773724, 1.0752, 1.39538, 0.970358, 0.737557, 0.33457, 0.670526, 0.952745, 0.971705, 0.913275, 0.735427, 0.578556, 0.892574, 1.02773, 0.860106, 0.535343, 0.591872, 0.912547, 0.944098
2.86, 0.0319376, 3.80658, 3.17285, 2.225, 2.44521, 2.78041, 1.83048, 1.68892, 1.90073, 1.8435, 1.36079, 1.68282, 1.41761, 1.658, 0.87292, 0.601113, 0.864132, 0.703679, 0.547202, 0.340406, 0.626259, 1.02919, 0.707793, 0.552249, 0.85642, 0.877773, 1.13955, 0.830102, 0.785982, 0.776831, 0.5583
2.88, 0.0319374, 4.62323, 3.19945, 3.36252, 3.09711, 3.3384, 2.55677, 1.76785, 1.94859, 2.27098, 1.56327, 1.49017, 1.20948, 1.18933, 1.46249, 0.671197, 0.853035, 0.885777, 0.627919, 1.03477, 0.614919, 1.28477, 1.16922, 1.51178, 1.02715, 0.777904, 1.18551, 1.1641, 1.00313, 0.694307, 0.866866
2.9, 0.0319374, 3.89373, 2.93517, 2.48119, 2.65687, 3.20171, 2.9233, 2.69475, 2.43612, 1.99372, 1.69196, 1.66756, 1.66046, 1.06984, 0.625471, 0.298233, 0.533218, 0.510384, 0.494972, 1.04414, 0.821401, 1.23089, 1.22607, 0.988531, 1.09299, 1.15423, 0.996889, 1.24745, 1.07649, 0.767262, 0.706564
2.92, 0.0319374, 3.21347, 3.02941, 3.54713, 2.87933, 2.89291, 2.80198, 2.40434, 1.74683, 2.08773, 1.6753, 1.37692, 1.2261, 1.22183, 0.916033, 0.609628, 0.905136, 0.897268, 0.692283, 0.909745, 1.30544, 0.942787, 1.05331, 1.30887, 1.33951, 1.43044, 1.05175, 1.33011, 0.934033, 0.826458, 0.871249
2.94, 0.0319374, 3.7424, 3.74925, 3.19061, 2.99607, 2.92726, 1.80091, 2.48465, 1.82255, 1.75866, 1.62399, 1.59126, 1.70766, 1.33079, 0.691907, 0.754957, 1.0783, 0.927006, 0.947389, 1.01911, 1.24919, 1.38777, 1.38112, 1.36673, 1.32911, 1.65381, 1.61252, 1.25681, 0.869216, 0.906904, 0.879528
2.96, 0.0319374, 3.31099, 4.23069, 3.5232, 3.01313, 3.15689, 2.76865, 2.52123, 2.206, 1.79433, 1.91212, 1.48537, 1.56153, 1.28124, 0.941653, 0.860052, 1.37371, 1.63395, 1.36043, 1.27572, 1.59302, 1.58192, 1.4735, 1.40569, 1.30519, 1.03933, 0.493793, 0.816921, 1.19544, 1.42563, 1.48361
2.98, 0.0319376, 3.8945, 4.25284, 4.01674, 2.8303, 2.78203, 3.28287, 3.29257, 2.24695, 1.86748, 1.59946, 1.93699, 1.24703, 0.825134, 1.40972, 0.978428, 1.53595, 1.94979, 1.47029, 1.42299, 1.40685, 1.77015, 1.62264, 1.85803, 1.06313, 1.12828, 0.476499, 0.430568, 1.1096, 1.31374, 1.50756
3, 0.0319376, 4.59224, 3.98404, 3.6642, 3.85951, 3.03451, 3.1195, 2.72584, 1.74308, 2.50417, 2.47768, 1.23606, 2.16298, 1.71125, 1.51526, 1.44311, 1.14401, 1.31666, 1.76274, 1.59088, 1.70406, 1.65775, 1.14651, 1.58737, 0.975613, 0.916994, 1.04731, 1.11762, 1.48553, 1.50214, 1.47783
3.02, 0.0319376, 3.82536, 4.51542, 3.76966, 3.21937, 2.85565, 3.33831, 3.10899, 2.62261, 2.86978, 2.06143, 2.34363, 1.77687, 1.47965, 1.63595, 1.19245, 1.27105, 0.905874, 1.33177, 1.38504, 1.20529, 1.5847, 1.45838, 1.31735, 1.35849, 1.24038, 0.690638, 0.929293, 1.17077, 1.46524, 1.49706
3.04, 0.0319376, 3.99323, 4.05254, 3.78172, 2.60437, 3.42338, 2.80277, 2.88326, 2.44247, 2.44181, 2.14217, 1.96702, 2.04432, 1.74325, 1.53841, 1.45555, 0.894841, 1.26763, 1.31305, 1.39243, 1.19676, 1.31945, 1.15303, 0.762062, 1.18082, 1.31614, 1.19789, 1.216, 1.2507, 1.28577, 1.32943
3.06, 0.0319376, 4.20382, 3.40319, 3.60063, 2.87233, 2.70794, 2.02654, 2.18026, 1.77095, 1.7235, 1.1899, 0.991411, 0.929159, 0.461152, 0.385061, 0.848049, 1.09423, 0.827999, 1.15931, 1.44384, 1.28474, 0.813793, 1.28879, 0.76785, 0.917727, 0.88066, 0.946404, 0.930737, 1.06287, 0.979043, 0.864521
3.08, 0.0319376, 3.72905, 3.39773, 3.2295, 3.24872, 3.31479, 1.89378, 2.82301, 2.3172, 1.24533, 1.20327, 1.21922, 1.404, 0.864888, 0.97403, 1.17672, 0.71502, 1.23813, 1.19102, 1.1437, 1.15033, 0.857685, 0.974072, 1.40081, 1.20468, 0.768674, 1.03192, 0.896138, 0.873759, 1.01979, 0.792958
3.1, 0.0319376, 3.44992, 3.95366, 3.61411, 3.1915, 2.6126, 1.92168, 2.08429, 1.77539, 2.11452, 1.62207, 1.32316, 1.17845, 1.07676, 0.991367, 0.420914, 0.321378, 0.560945, 0.802117, 0.697128, 0.795796, 0.740127, 1.36124, 1.12149, 1.14147, 1.12253, 1.19172, 1.02618, 0.950987, 0.985022, 1.30201
3.12, 0.0319376, 3.55215, 2.94778, 3.34937, 1.77913, 1.42781, 1.51111, 1.82851, 1.53162, 2.14817, 1.20954, 1.35884, 1.26539, 0.756272, 0.996816, 0.568616, 0.457743, 0.709355, 0.94487, 1.11507, 0.742962, 1.06498, 1.20992, 1.19093, 0.999726, 1.11399, 0.965595, 1.03684, 1.19489, 1.00493, 1.15514
3.14, 0.0319374, 3.84984, 3.6357, 3.54686, 3.56849, 3.33414, 3.10969, 2.45334, 2.67565, 2.20207, 1.6613, 1.12824, 0.869283, 1.3921, 1.15484, 1.01738, 1.20687, 1.25386, 0.886942, 0.832629, 0.922527, 1.22171, 1.11971, 0.852413, 1.08802, 0.958357, 0.916345, 0.756388, 0.943904, 0.970633, 1.14677
3.16, 0.0319374, 5.05462, 4.26493, 3.20196, 2.87126, 2.26985, 2.29736, 3.15762, 3.02764, 2.69979, 1.78643, 1.13866, 1.16925, 1.73354, 1.606, 1.0992, 0.701522, 1.3261, 1.15167, 1.29898, 1.40347, 1.25219, 1.45723, 1.354, 1.47348, 1.04958, 1.24665, 1.14633, 0.988336, 1.03227, 1.04111
3.18, 0.0319374, 3.41536, 3.75142, 4.21612, 3.44424, 2.52035, 2.65877, 2.00996, 1.92105, 2.3591, 2.28101, 1.26631, 0.880821, 0.994231, 1.17725, 1.11185, 1.39639, 1.21753, 1.55508, 1.15386, 1.63927, 1.68514, 1.70294, 1.41764, 1.58706, 1.55692, 1.28514, 0.951126, 1.37616, 1.33634, 1.49982
3.2, 0.0319374, 4.59382, 3.56649, 3.56904, 2.83829, 2.97142, 2.81305, 2.87663, 2.29869, 1.85939, 1.90396, 1.78158, 1.10927, 0.950327, 1.26775, 1.19126, 0.574312, 0.466238, 1.26345, 1.18801, 1.3331, 1.20719, 1.61601, 1.47847, 1.16243, 1.22429, 1.03645, 0.86109, 0.86492, 0.895609, 1.20592
3.22, 0.0319374, 3.34628, 3.99811, 3.31831, 3.38987, 2.91507, 2.81139, 2.45932, 2.12425, 1.88231, 1.01938, 1.43054, 1.15924, 1.26064, 1.45438, 1.17821, 1.43177, 1.15524, 1.06918, 1.10462, 0.722143, 1.29747, 1.453, 1.2544, 1.24651, 1.35183, 1.4639, 0.964366, 1.3623, 1.19498, 0.964397
3.24, 0.0319376, 4.34227, 3.87945, 3.24092, 3.15231, 2.64005, 2.73281, 2.17281, 2.14999, 2.18754, 1.76787, 1.66907, 1.30624, 1.02747, 1.02088, 1.19398, 1.03198, 1.29916, 1.1828, 1.20925, 1.30206, 1.71481, 1.36809, 1.5449, 1.27219, 1.09627, 1.24816, 1.08636, 1.07093, 1.05443, 1.07381
3.26, 0.0319376, 4.20518, 4.31301, 4.22246, 3.54948, 3.51269, 2.84858, 2.84779, 2.96939, 2.7337, 2.67708, 2.09777, 1.87168, 1.80899, 1.41866, 1.44971, 1.33702, 1.29504, 1.29777, 1.25346, 1.1992, 1.54993, 1.34306, 1.60624, 1.66233, 1.40316, 1.33961, 1.41309, 0.775074, 0.787806, 1.00619
3.28, 0.0319376, 4.16531, 4.00233, 3.7812, 2.78349, 2.98558, 3.00344, 2.39594, 2.99503, 2.89365, 2.60941, 2.4812, 1.95287, 1.7537, 1.29965, 0.902338, 0.440491, 0.763491, 1.37506, 1.34314, 1.24203, 1.33256, 1.70727, 1.85311, 1.40061, 1.64353, 1.42493, 1.40316, 1.44802, 1.18703, 1.45827
3.3, 0.0319376, 3.82843, 4.57383, 4.50709, 4.22708, 4.19387, 3.2931, 3.3369, 3.05799, 3.64477, 2.81419, 2.69052, 3.03117, 2.35726, 2.19138, 2.19215, 1.66815, 1.87941, 1.74293, 1.74424, 1.57068, 1.75869, 2.08427, 1.85012, 1.57482, 2.20888, 2.12993, 1.97685, 1.87347, 2.00035, 2.08573
3.32, 0.0319376, 3.83257, 4.08692, 3.68978, 3.42917, 4.1114, 4.51059, 4.21968, 3.10903, 2.94064, 2.93193, 2.87148, 2.79225, 2.24773, 2.21188, 2.43436, 2.07382, 1.85767, 1.32636, 1.66845, 1.62367, 1.83918, 1.88949, 2.01794, 2.16529, 2.12808, 2.16826, 1.79002, 1.80346, 1.74641, 2.07188
3.34, 0.0319376, 3.41095, 4.33207, 4.65603, 4.61657, 3.45272, 3.05524, 3.16714, 3.32045, 3.16821, 3.11773, 3.04067, 2.93712, 2.25232, 2.09692, 1.80911, 1.88047, 1.51781, 1.61411, 1.98885, 2.20633, 2.11013, 2.11259, 1.88568, 2.37958, 1.87298, 1.74753, 1.57805, 1.66356, 1.66673, 1.38211
3.36, 0.0319376, 3.92828, 3.88618, 3.95337, 4.46078, 4.0227, 3.21087, 3.08574, 3.15872, 3.2291, 2.8627, 2.39099, 2.33482, 2.54353, 2.45606, 2.12064, 2.10527, 1.78565, 1.74662, 2.02387, 1.94943, 2.1435, 2.02911, 2.24939, 1.92248, 2.03053, 2.37917, 1.7824, 1.52623, 1.42271, 1.53389
3.38, 0.0319374, 4.15993, 4.46023, 4.06124, 3.83807, 3.68217, 3.02131, 3.08893, 3.40279, 2.58818, 2.78163, 2.4301, 2.00395, 2.30602, 2.06192, 1.96029, 1.89861, 1.72411, 1.9285, 1.62586, 1.93911, 1.83697, 1.9665, 1.95947, 1.83664, 1.52804, 1.41651, 1.68727, 1.55311, 1.58334, 1.89587
3.4, 0.0319374, 4.43882, 4.63998, 3.77534, 3.29561, 3.35182, 2.49635, 2.32638, 2.03096, 2.34789, 2.22113, 1.8827, 1.61603, 1.4063, 1.31104, 0.806933, 0.765544, 1.34708, 1.12144, 1.79751, 1.07002, 1.54189, 1.32151, 1.14306, 1.11639, 1.31863, 1.17493, 1.21439, 1.29908, 1.19284, 1.14453
3.42, 0.0319374, 4.32996, 4.24709, 3.86766, 3.33807, 3.19002, 3.45741, 2.95222, 2.56044, 2.58087, 2.24231, 2.00199, 1.14264, 1.38639, 1.48541, 1.25926, 1.22974, 0.913719, 0.965162, 0.738017, 1.13322, 1.18998, 1.19655, 1.45746, 1.22504, 1.31995, 0.863633, 1.28799, 1.14406, 1.07936, 1.04581
3.44, 0.0319374, 3.77517, 3.24953, 3.01717, 2.92686, 2.69241, 1.79666, 1.95089, 1.49812, 1.48462, 1.41081, 1.00962, 0.889487, 0.869116, 1.42872, 1.23581, 0.71461, 0.634857, 0.521287, 0.458649, 0.89998, 0.709628, 0.937597, 0.903799, 1.15033, 0.832799, 0.6758, 0.821145, 0.803496, 0.790667, 0.577598
3.46, 0.0319374, 2.19409, 3.20568, 2.44152, 1.84059, 2.44993, 1.99515, 1.33815, 1.70487, 1.08549, 0.939886, 0.958177, 0.984218, 0.349626, 0.446437, 0.433735, 0.357018, 0.683558, 0.867527, 0.812662, 0.916808, 1.06127, 0.882305, 0.567765, 0.921458, 0.704553, 1.0341, 0.93781, 0.638306, 0.521549, 0.580443
3.48, 0.0319376, 2.94536, 3.26294, 3.20535, 2.7863, 2.32282, 2.76554, 1.93668, 1.75979, 2.11049, 1.49815, 1.01563, 1.2195, 1.01058, 0.891373, 0.653375, 0.862878, 0.675691, 1.002, 1.1429, 0.795094, 0.927868, 0.711534, 0.703143, 0.710141, 1.03151, 0.930895, 0.866061, 0.610157, 0.31823, 0.377686
3.5, 0.0319376, 3.58172, 3.19667, 3.28477, 2.6407, 2.08358, 2.3108, 2.01776, 1.65737, 1.67822, 1.4393, 0.743495, 1.13398, 0.71425, 0.741056, 0.782836, 1.02532, 1.08089, 1.27086, 1.09183, 1.14543, 1.11587, 0.937309, 0.670132, 0.553466, 0.72009, 0.749724, 0.640462, 0.545423, 0.604151, 0.59685
3.52, 0.0319376, 3.6189, 4.03351, 3.2627, 2.3024, 2.54544, 1.52266, 0.747824, 0.774303, 1.29139, 1.61677, 1.0317, 1.14249, 0.664217, 0.537692, 1.17484, 0.998446, 1.0804, 0.868194, 0.796513, 0.416537, 0.598436, 0.844682, 0.82297, 0.974777, 0.873192, 0.706004, 0.886542, 0.881285, 0.694726, 0.913234
3.54, 0.0319376, 3.42295, 3.49728, 2.53572, 2.25821, 2.79637, 2.38845, 1.73893, 1.54138, 1.36801, 0.912017, 1.1676, 0.675861, 1.17687, 1.11763, 0.880382, 1.15486, 0.945999, 0.515071, 0.654094, 0.937834, 0.814976, 0.881586, 0.717223, 1.04177, 0.785015, 0.694273, 0.48124, 0.26561, 0.639432, 0.84734
3.56, 0.0319376, 2.96445, 2.95768, 2.77242, 2.27151, 2.22697, 1.75695, 1.6171, 1.88654, 2.09717, 1.45922, 1.05882, 0.724223, 0.75929, 0.717469, 0.778454, 1.03626, 0.899111, 0.515748, 0.825144, 0.636465, 0.755573, 0.359524, 0.975923, 0.911158, 0.542382, 0.331672, 0.875005, 0.828079, 0.599652, 0.933524
3.58, 0.0319376, 4.38199, 3.5626, 2.68888, 2.18337, 2.39492, 2.63298, 1.8457, 1.92953, 1.70715, 1.57909, 0.755678, 1.62543, 1.40797, 1.08205, 1.0066, 1.23134, 0.868739, 0.910806, 1.15445, 0.948175, 0.76719, 0.612692, 0.3103, 0.3569, 0.366304, 0.611174, 0.748589, 0.910056, 0.602638, 0.69088
3.6, 0.0319376, 3.69135, 4.02401, 3.84295, 3.03501, 3.43105, 2.84494, 1.64385, 2.673, 2.38863, 1.85504, 1.65471, 1.34057, 1.39437, 1.2917, 1.30119, 1.68009, 1.41526, 0.856021, 0.959762, 1.28328, 1.31059, 0.917905, 0.723671, 0.805924, 0.848949, 1.26818, 1.12275, 1.11981, 0.903955, 1.09053
3.62, 0.0319376, 2.83062, 3.16407, 2.8614, 2.06805, 2.51453, 2.00758, 1.59845, 2.03343, 1.91765, 1.64299, 1.75225, 1.07311, 1.58724, 1.52773, 1.25154, 1.06686, 1.0741, 0.86248, 1.18313, 1.25874, 1.0297, 0.53129, 0.758575, 1.01863, 1.16137, 0.900204, 0.957563, 0.998793, 0.563767, 0.891089
3.64, 0.0319374, 4.00096, 3.56603, 2.61413, 2.36314, 2.67813, 2.54821, 1.68367, 2.05178, 1.69428, 1.01861, 1.13332, 1.13175, 1.12165, 1.54419, 0.800543, 0.797448, 0.930762, 1.15514, 1.17698, 0.886821, 0.896147, 0.666546, 0.841891, 0.875628, 0.674772, 0.67443, 0.485695, 0.561001, 0.704376, 0.860667
3.66, 0.0319374, 3.47137, 3.61713, 3.07082, 2.72767, 2.24659, 2.11545, 2.34076, 2.0759, 1.91899, 1.28987, 1.23916, 1.39227, 1.8993, 1.37267, 1.50447, 0.899335, 1.10431, 0.742458, 1.05678, 0.862232, 0.839028, 0.519051, 0.847064, 0.567997, 0.545136, 0.731812, 0.972323, 0.768863, 0.676841, 0.711762
3.68, 0.0319374, 3.96365, 3.31776, 3.29414, 2.86067, 2.43377, 2.26595, 1.58851, 2.12438, 1.53481, 1.87353, 1.84648, 1.381, 1.789, 1.45447, 1.25345, 1.38965, 1.06828, 1.26001, 1.04843, 0.889926, 0.503608, 0.402934, 0.659638, 0.868239, 0.752077, 0.520151, 0.746831, 0.686822, 0.533045, 0.770475
3.7, 0.0319374, 3.31517, 2.56279, 2.29906, 2.26241, 2.28886, 1.68199, 1.27958, 0.832921, 0.476899, 0.993471, 0.877393, 1.23012, 1.69251, 1.0035, 1.05618, 1.29489, 0.607495, 0.89585, 0.638806, 0.674339, 0.552382, 0.52516, 0.111372, 0.719236, 0.502179, 0.359435, 0.331823, 0.520927, 0.499789, 0.572175
3.72, 0.0319374, 2.51203, 2.10172, 1.933, 1.75551, 2.30439, 2.2072, 1.32608, 1.01819, 1.34665, 1.67497, 1.10488, 0.475377, 0.717485, 0.811315, 0.383392, 0.455307, 0.464874, 0.781155, 0.617569, 0.407519, 0.582331, 0.763311, 0.702952, 0.7148, 0.263335, 0.116276, 0.528109, 0.248264, 0.35864, 0.66113
3.74, 0.0319376, 2.91374, 3.03422, 2.65377, 2.18583, 2.09657, 1.92334, 1.50755, 2.04666, 1.54334, 1.79105, 0.837138, 1.20983, 0.892549, 0.744515, 0.759497, 0.761129, 0.49822, 0.690272, 0.754624, 0.919113, 0.306829, 0.315839, 0.709427, 0.383917, 0.0456631, 0.0651049, 0.300106, 0.346155, 0.45057, 0.257257
3.76, 0.0319376, 2.44473, 2.47333, 1.85101, 2.38483, 2.2767, 1.46027, 0.194244, 0.50693, 1.05927, 1.1663, 1.36488, 0.853355, 0.531059, 0.22256, 0.856299, 0.68805, 0.88075, 0.787499, 0.690228, 0.917488, 0.572429, 0.63115, 0.224581, 0.532025, 0.562443, 0.487672, 0.236337, 0.527966, 0.519205, 0.553968
3.78, 0.0319376, 2.45149, 1.81504, 1.64626, 1.57909, 1.7114, 2.25689, 1.01155, 1.24832, 1.57135, 1.26112, 0.814295, 1.17659, 1.20081, 0.985232, 0.77843, 0.499172, -0.265979, 0.523735, 0.360694, 0.418029, 0.526214, 0.491375, 0.294496, 0.465037, 0.275242, 0.251013, 0.42688, 0.492373, 0.246897, 0.173424
3.8, 0.0319376, 2.74658, 2.66176, 2.13728, 2.02657, 2.26776, 1.67297, 1.43746, 1.99465, 1.52551, 1.67242, 0.961471, 0.985835, 0.907246, 0.659266, 0.543941, 0.563776, 0.912375, 0.288652, 0.0307855, 0.668962, 0.452428, 0.445692, 0.245091, 0.241821, 0.600638, 0.651817, 0.624623, 0.409135, 0.387631, 0.466049
3.82, 0.0319376, 3.13242, 1.85606, 1.82455, 2.08868, 2.05193, 1.95296, 1.24871, 1.6171, 1.57252, 1.06745, 0.828524, 0.872011, 1.05931, 0.854842, 0.416669, 1.03106, 0.857918, 0.98554, 0.431857, 0.521693, 0.551961, 0.503931, 0.689517, 0.87935, 0.50007, 0.518977, 0.46231, 0.408691, 0.243482, 0.439807
3.84, 0.0319376, 2.73758, 2.53583, 1.99072, 1.03302, 1.69972, 1.77784, 1.83902, 1.54057, 1.33726, 1.39449, 1.1928, 0.662164, 1.43358, 1.47013, 0.660381, 0.518558, 0.43002, 0.470397, 0.654408, 0.644207, 0.532782, 0.574635, 0.283883, 0.226671, 0.537539, 0.508498, 0.399037, 0.342277, 0.655209, 0.6469
3.86, 0.0319376, 3.49219, 2.95287, 2.26852, 2.07942, 2.60215, 1.11373, 1.38405, 1.83057, 1.1697, 1.13167, 1.02558, 0.693821, 0.20529, 0.666467, 1.02729, 0.675971, 0.5766, 0.621569, 0.691318, 0.618792, 0.948169, 0.705402, 0.832831, 0.616577, 0.459414, 0.51272, 0.419262, 0.445244, 0.428761, 0.82386
3.88, 0.0319374, 3.15923, 2.39804, 2.36958, 2.71057, 2.64358, 1.64123, 1.40036, 1.34562, 1.55626, 1.27807, 1.28091, 1.10291, 1.40461, 0.870782, 0.0588138, 0.410606, 0.255174, 0.523875, 0.451629, 0.600055, 0.496729, 0.561657, 0.924067, 0.716164, 0.727386, 0.87936, 0.891144, 0.777953, 0.51964, 0.455091
3.9, 0.0319374, 2.99037, 2.59255, 2.24912, 1.8975, 2.19649, 1.97985, 1.3034, 1.31295, 1.52093, 0.874765, 0.73533, 0.77657, 0.956654, 0.914961, 0.629591, 0.092243, 0.44998, 0.48275, 0.326166, 0.721087, 0.556066, 0.338406, 0.466971, 0.667685, 0.583961, 0.53883, 0.631656, 0.63678, 0.574084, 0.681406
3.92, 0.0319374, 2.82333, 2.88877, 2.70199, 1.50901, 1.98585, 1.93472, 1.56262, 2.04264, 1.79942, 1.84413, 1.44747, 1.28727, 1.16156, 0.660553, 0.607541, 0.485741, 0.882815, 0.737996, 0.831519, 0.781568, 0.611782, 0.313465, 0.530229, 0.495284, 0.715383, 0.525552, 0.742665, 0.64996, 0.441916, 0.446146
3.94, 0.0319374, 2.73477, 2.54808, 2.28624, 2.74468, 2.34049, 2.10764, 1.79428, 1.22533, 1.81235, 1.16349, 1.36382, 1.30706, 1.30355, 0.846709, 1.25173, 1.2512, 1.19135, 1.17253, 1.47098, 1.19539, 0.703333, 0.553891, 0.68148, 0.849633, 0.736742, 0.815988, 0.736827, 0.507246, 0.523318, 0.423905
3.96, 0.0319374, 2.51234, 2.09812, 2.65016, 2.54364, 2.52257, 2.6147, 1.88038, 2.03665, 1.8055, 1.64448, 1.07416, 1.25539, 0.98523, 1.26832, 0.295727, 0.781837, 0.658008, 0.82364, 0.920598, 0.978145, 0.703869, 0.504228, 0.924345, 0.654258, 0.777779, 0.792339, 0.867363, 1.06119, 0.965241, 0.439039
3.98, 0.0319376, 4.1408, 3.05571, 2.67694, 2.35768, 2.29811, 1.78503, 1.90777, 1.19795, 1.76083, 1.56842, 1.41967, 0.932754, 1.67426, 1.83462, 0.808756, 1.08381, 0.811418, 1.26917, 1.23263, 1.43496, 0.990715, 0.822185, 0.608064, 0.58052, 0.901223, 1.10379, 0.786961, 0.684667, 0.797458, 0.703833
4, 0.0319376, 3.75543, 3.20476, 3.20499, 1.97032, 2.14297, 2.12699, 2.16751, 1.44148, 1.29529, 1.62378, 1.25203, 1.29963, 1.23171, 0.776814, 0.811464, 0.71024, 0.614281, 0.4345, 0.684147, 0.379162, 0.336105, 0.49716, 0.668198, 0.767192, 0.54871, 0.689512, 0.872904, 0.767217, 0.795341, 0.95466
4.02, 0.0319376, 3.76722, 2.98249, 2.37991, 2.50726, 2.04299, 2.618, 2.4292, 1.67692, 1.41721, 1.89711, 1.63552, 1.06187, 0.964959, 0.432725, 0.425084, 0.071245, -0.00418417, 0.221197, 0.536753, 0.623633, 0.323784, 0.346164, 0.919394, 1.06395, 0.861072, 0.71051, 0.928484, 0.809116, 0.755316, 0.777445
4.04, 0.0319376, 3.53101, 3.2264, 2.4878, 2.98219, 2.18012, 2.60257, 1.75277, 2.07103, 1.78329, 1.17623, 0.631065, 0.982318, 0.976088, 0.90367, 0.0789579, 0.0891124, 0.69256, 0.181846, 0.880202, 0.895376, 0.925603, 0.874136, 0.923598, 1.08128, 1.0039, 1.07315, 0.859335, 1.09085, 0.874601, 0.818163
4.06, 0.0319376, 2.86197, 3.27612, 3.0991, 2.31436, 2.92745, 2.54829, 2.36796, 2.24084, 1.66403, 2.02536, 1.69534, 1.31785, 0.813582, 0.529924, 0.155235, 0.229185, 0.396466, 0.169104, 0.345133, 0.759207, 0.924107, 0.550417, 1.12234, 1.11425, 1.20717, 1.22154, 1.24256, 0.970982, 0.538042, 0.818704
4.08, 0.0319376, 4.45075, 3.56206, 3.01035, 3.36908, 3.29821, 2.96846, 1.88847, 1.94065, 2.12986, 1.96627, 2.10191, 1.64606, 0.82893, 0.858757, 0.520927, 0.554821, 0.503691, 0.576288, 1.24506, 0.99065, 0.70592, 1.11017, 1.54051, 1.46067, 1.34653, 1.40841, 1.30417, 1.06996, 0.675393, 1.03325
4.1, 0.0319376, 4.40352, 3.59926, 3.20751, 3.29238, 2.76913, 2.82835, 1.77282, 2.24632, 2.76184, 2.06247, 1.64534, 1.18976, 1.24335, 1.66905, 1.85992, 1.37834, 1.32148, 1.14985, 0.615592, 0.57051, 0.451691, 0.396745, 0.587601, 0.748816, 0.931495, 1.10437, 1.1635, 1.10872, 1.20038, 1.33419
4.12, 0.0319376, 4.52966, 3.74727, 3.84127, 3.40444, 2.94413, 3.27625, 2.6546, 2.2949, 2.5739, 1.96854, 1.95138, 1.73696, 1.6946, 1.13633, 0.934112, 0.990041, 1.02629, 1.08151, 0.834923, 0.844049, 0.928065, 0.851507, 1.14212, 1.17552, 1.15601, 1.44448, 0.887402, 0.934689, 1.06703, 1.18494
4.14, 0.0319376, 4.30328, 4.13127, 3.97866, 3.10583, 2.76626, 2.71265, 1.10481, 2.27495, 2.37625, 2.36419, 2.02439, 2.01237, 1.72697, 1.40361, 1.39118, 1.14713, 1.23113, 1.1613, 0.867345, 0.622324, 1.1987, 1.08517, 0.8696, 1.05444, 1.09723, 0.713625, 0.809982, 0.828403, 0.972015, 1.30594
4.16, 0.0319376, 4.53194, 4.34899, 3.68641, 3.81007, 3.44633, 3.10651, 2.75342, 2.44494, 2.59263, 2.63089, 2.155, 2.39502, 2.47539, 2.26527, 1.64575, 1.62789, 1.59448, 1.65126, 1.3452, 1.1709, 1.63222, 1.47785, 1.45021, 1.25318, 0.734334, 0.847133, 1.27259, 1.12637, 1.10141, 1.13798
4.18, 0.0319376, 4.15615, 4.09602, 3.9342, 3.61223, 3.48627, 3.63499, 3.54305, 2.68186, 2.57385, 2.72074, 2.89221, 2.46402, 1.67089, 1.74149, 2.27579, 2.02121, 1.77634, 1.73035, 1.17582, 1.07864, 1.20659, 1.09332, 1.29712, 1.18664, 1.23108, 1.02952, 1.30734, 1.19457, 1.36681, 1.44825
4.2, 0.0319376, 4.56709, 4.04351, 3.70515, 3.29283, 3.32822, 3.63042, 2.90611, 2.74844, 2.84658, 2.27965, 2.65572, 2.24186, 2.50419, 2.30661, 2.18735, 1.64734, 1.78653, 1.82553, 1.42474, 1.45078, 1.61413, 1.34248, 1.19273, 1.34203, 1.41167, 1.09771, 1.19107, 1.30244, 1.33926, 1.55501
4.22, 0.0319376, 4.48592, 4.42806, 4.41974, 3.90047, 3.42351, 3.08015, 3.33035, 3.39441, 2.76072, 3.27245, 2.99367, 2.45448, 1.88526, 2.24903, 1.73176, 1.63219, 1.52275, 1.09169, 1.63315, 1.54807, 1.35771, 1.46176, 1.55444, 1.21059, 1.3852, 1.41525, 1.15103, 1.41086, 1.33113, 1.59499
4.24, 0.0319376, 3.93897, 4.22234, 3.72011, 3.687, 3.99701, 3.38473, 2.95855, 3.06321, 3.37348, 3.03922, 2.63987, 2.42153, 2.21294, 2.23521, 2.02955, 1.81952, 1.85222, 1.83903, 1.6131, 1.7773, 1.64202, 1.56535, 1.60299, 1.57203, 1.81719, 1.78034, 1.91958, 1.96505, 1.88515, 1.86042
4.26, 0.0319371, 4.62226, 4.31459, 4.21594, 4.00445, 4.01798, 3.56288, 3.8415, 3.9192, 3.63818, 3.25693, 3.05615, 2.8019, 2.72264, 2.99689, 3.07475, 2.27459, 2.34952, 2.14416, 1.71168, 1.64439, 1.96187, 1.85288, 2.02698, 2.07053, 1.91527, 2.0108, 2.00431, 1.92466, 1.74139, 1.95027
4.28, 0.0319371, 3.44658, 4.30803, 4.67488, 4.08875, 4.93017, 4.16126, 3.50567, 3.83237, 3.51528, 3.42186, 2.99344, 3.34831, 3.5562, 2.69516, 2.85451, 2.49152, 2.62894, 2.61479, 2.37424, 2.39024, 2.23117, 2.02657, 1.71326, 1.82074, 1.93792, 1.94707, 2.03833, 1.79361, 1.97891, 1.90444
4.3, 0.0319371, 4.58538, 4.87173, 3.89243, 3.75577, 3.65599, 4.04655, 3.79546, 3.38655, 3.30653, 2.87296, 3.46307, 3.18765, 3.2139, 3.03121, 3.13545, 2.23445, 2.70068, 2.65586, 2.06215, 2.31685, 2.33305, 2.29636, 2.04174, 2.13696, 1.87971, 1.88791, 1.50784, 1.41506, 1.73317, 1.57152
4.32, 0.0319371, 4.10123, 4.34036, 4.12498, 4.2745, 4.53582, 4.35493, 3.66312, 3.26755, 3.07316, 2.9222, 3.23755, 2.83845, 2.48852, 2.54001, 2.48138, 2.00939, 2.19754, 2.11666, 1.90858, 1.83451, 1.89714, 1.74233, 1.6227, 1.73885, 1.40759, 1.69973, 1.88108, 1.85406, 2.16279, 1.86145
4.34, 0.0319371, 3.99022, 3.9112, 4.20343, 4.60997, 3.85596, 3.78916, 3.34137, 3.48034, 3.4849, 3.30677, 3.15102, 3.07791, 2.88672, 2.84678, 2.60593, 2.39361, 2.51264, 2.37338, 2.05042, 1.675, 1.93479, 1.69831, 1.7053, 1.8116, 1.73016, 1.80054, 1.70227, 1.83108, 1.76577, 1.84548
4.36, 0.0319376, 4.03587, 4.22582, 4.4726, 4.51121, 4.38748, 3.63675, 3.25301, 3.07501, 2.62954, 2.88653, 2.38918, 2.58062, 1.83799, 2.22415, 2.27361, 2.29488, 2.30091, 1.90956, 1.7396, 1.67244, 1.41581, 1.46732, 1.33163, 1.44775, 1.50919, 1.76758, 1.62949, 1.58585, 1.77621, 1.55403
4.38, 0.0319376, 3.78865, 4.28524, 3.98305, 3.95, 3.93468, 3.68505, 3.64233, 3.76802, 3.4434, 2.06755, 2.7106, 2.42711, 2.14596, 2.43773, 2.66897, 2.20746, 1.90857, 1.59002, 1.28462, 1.2861, 1.68855, 1.12962, 1.60804, 1.68319, 1.58256, 1.49923, 1.79058, 1.84726, 1.68551, 1.53586
4.4, 0.0319376, 4.21062, 4.2244, 3.70601, 3.98305, 3.70209, 3.53713, 3.63869, 2.95437, 2.98364, 2.79126, 2.04951, 1.92137, 2.04775, 1.8147, 1.04319, 1.15393, 1.3034, 1.50847, 1.50161, 1.57341, 1.65336, 1.79827, 2.08286, 1.76453, 1.59715, 1.78552, 1.51065, 1.42546, 1.34416, 1.0407
4.42, 0.0319376, 4.29513, 3.67732, 3.60215, 3.51454, 3.18743, 3.06258, 2.56329, 2.69271, 2.48991, 2.12058, 2.0281, 1.3574, 1.10338, 1.66031, 1.60276, 1.1935, 0.997374, 0.588824, 0.839035, 1.00858, 0.936276, 1.28471, 1.35972, 1.51062, 1.46938, 1.04374, 1.22356, 1.15995, 1.0891, 1.02647
4.44, 0.0319376, 4.13752, 4.00636, 4.11138, 3.21504, 3.77148, 3.73738, 3.1016, 2.64107, 2.49051, 2.10344, 1.32287, 2.02967, 2.05782, 1.54085, 1.33231, 1.5526, 1.17318, 0.421758, 0.693575, 1.19407, 0.899297, 1.18159, 1.48247, 1.63643, 1.53261, 1.55406, 1.42235, 1.35697, 0.955828, 0.905756
4.46, 0.0319376, 3.78755, 4.0708, 3.47569, 2.68161, 2.88259, 2.05539, 2.42921, 2.49401, 2.47973, 1.69089, 1.69158, 1.33127, 1.16883, 0.918261, 0.953103, 0.858508, 0.98029, 0.610776, 1.00392, 1.15295, 1.41541, 1.25476, 1.14559, 1.31862, 1.22524, 0.969963, 0.956331, 0.822401, 1.01266, 0.92564
4.48, 0.0319376, 4.2021, 4.37486, 4.1703, 3.53344, 3.52493, 3.53821, 2.95759, 2.09118, 2.31574, 2.36252, 1.51139, 1.67243, 1.37594, 0.820794, 0.659419, 1.09856, 1.41591, 1.27275, 1.22275, 1.70494, 1.96187, 1.92625, 1.99509, 2.17635, 1.65613, 1.26753, 1.31669, 1.17695, 1.45561, 1.66883
4.5, 0.0319376, 4.59078, 3.8497, 4.32899, 3.74598, 3.51937, 3.70309, 3.98503, 3.31087, 3.21927, 3.02024, 2.46527, 2.65981, 1.97437, 2.16349, 2.0021, 1.88686, 2.22289, 1.94845, 1.86798, 2.39687, 1.85698, 1.85055, 2.20575, 2.19435, 1.81205, 2.0168, 1.63813, 1.36338, 1.42109, 1.82921
4.52, 0.0319376, 3.96073, 4.10936, 3.63733, 3.27962, 3.40157, 3.60501, 3.51614, 3.01606, 2.75405, 1.97882, 1.76142, 1.43943, 1.79351, 1.43633, 1.20318, 1.24872, 1.78036, 1.89762, 1.79745, 1.59203, 1.66524, 1.54073, 1.72026, 1.39445, 0.972223, 1.14092, 1.12192, 1.6173, 1.66871, 1.48318
4.54, 0.0319376, 3.98312, 4.61588, 3.56424, 2.26153, 2.88891, 3.08791, 2.91029, 2.43416, 2.53066, 2.40311, 1.70477, 1.71259, 1.19305, 1.35044, 1.46949, 1.57634, 1.94069, 1.51325, 1.49068, 2.18817, 1.62564, 0.866701, 0.800674, 1.11013, 1.02973, 0.970029, 1.42358, 1.7452, 1.39893, 1.19038
4.56, 0.0319376, 3.12426, 4.64237, 4.66886, 4.10572, 3.37333, 3.7487, 2.91198, 2.91727, 2.61202, 2.59915, 2.19533, 1.98327, 2.03764, 1.20183, 1.68451, 1.85426, 2.22697, 2.31799, 1.83871, 1.9985, 1.55605, 1.81848, 1.43019, 1.49251, 1.47707, 1.41926, 1.52158, 1.67486, 1.73, 1.50305
4.58, 0.0319376, 3.32395, 3.86316, 4.39293, 3.54301, 3.59386, 2.57043, 1.87874, 1.79621, 2.24631, 1.64084, 1.55657, 1.5421, 1.2269, 1.42433, 1.35194, 1.64632, 1.94266, 1.68551, 1.68523, 1.68493, 1.66902, 1.6869, 1.59426, 1.19644, 1.04833, 0.92841, 1.30137, 1.20244, 1.35218, 1.65236
4.6, 0.0319376, 3.99084, 4.20912, 4.5472, 4.15816, 3.73399, 3.60022, 2.80938, 2.56775, 2.97291, 2.69125, 2.02884, 1.93696, 1.62309, 1.61143, 1.59574, 1.66938, 1.54707, 1.78684, 1.98629, 2.02459, 2.02232, 1.55521, 1.61633, 1.28866, 1.49057, 1.37853, 1.22492, 1.78506, 1.66435, 1.51853
4.62, 0.0319376, 3.82569, 4.1523, 3.69602, 3.31879, 2.88361, 2.11212, 2.23823, 1.62725, 2.43509, 1.85233, 1.71744, 1.89704, 1.16148, 1.27737, 1.38797, 1.33469, 1.18712, 1.18913, 1.52747, 1.25595, 1.45582, 1.33453, 1.17849, 0.768815, 0.88103, 0.900035, 0.921519, 1.04067, 1.25118, 1.12665
4.64, 0.0319376, 4.34964, 3.74386, 3.30006, 2.99028, 2.37574, 1.60513, 1.9395, 1.69821, 1.36391, 1.24977, 1.54285, 0.987153, 1.14182, 0.655691, 0.291181, 0.448122, 0.604744, 1.04197, 0.712126, 1.28594, 1.28882, 1.02538, 1.08917, 1.2498, 1.25227, 0.673381, 0.725054, 0.715175, 0.663789, 0.693001
4.66, 0.0319376, 4.2731, 3.81526, 3.48006, 2.93564, 2.30434, 2.05109, 2.09697, 2.39055, 2.14245, 1.47432, 1.60232, 1.47197, 1.35205, 0.858817, 0.617965, 0.570477, 0.709483, 1.2352, 1.4914, 1.47845, 1.68873, 1.61216, 1.54323, 1.5322, 1.00391, 1.08146, 0.965864, 0.747954, 0.921349, 1.13484
4.68, 0.0319376, 3.92212, 3.47502, 3.51165, 3.32395, 3.16434, 2.74999, 2.25854, 2.1159, 2.26148, 1.35603, 1.10879, 0.734883, 0.410067, 0.547097, 1.11095, 1.35191, 1.28423, 1.54964, 1.64881, 1.50106, 1.2118, 1.71031, 1.36441, 1.18042, 0.82053, 0.838657, 1.14481, 1.6147, 1.70264, 1.49243
4.7, 0.0319376, 4.09012, 4.58955, 3.94286, 3.61582, 4.07451, 3.23445, 3.11028, 2.89659, 2.30469, 2.59432, 2.54138, 2.48992, 1.74646, 1.41972, 1.06758, 1.19148, 1.3777, 1.55981, 1.67982, 1.41777, 1.69499, 1.60312, 1.83919, 1.50518, 1.83131, 1.10061, 1.17503, 1.45008, 1.45384, 1.25547
4.72, 0.0319376, 4.35698, 4.07616, 3.50945, 3.61014, 3.86086, 3.66353, 3.08644, 2.76316, 2.47013, 2.45297, 2.17073, 2.5473, 2.15377, 1.94554, 1.83749, 1.91679, 1.5471, 1.29283, 1.1708, 1.16604, 1.58843, 1.44062, 1.55944, 1.47617, 1.64474, 1.52298, 1.41513, 1.65755, 1.63441, 1.26241
4.74, 0.0319376, 3.41658, 4.02769, 3.72668, 4.20052, 4.13558, 3.83489, 3.06223, 3.27158, 3.31514, 2.65853, 1.75821, 2.62528, 2.92665, 2.44473, 2.40881, 2.33561, 1.73364, 2.15893, 1.60819, 1.60346, 1.58359, 1.32049, 1.26053, 1.43816, 1.25275, 0.920324, 1.29094, 1.43881, 1.2622, 1.25019
4.76, 0.0319371, 3.94201, 2.99579, 4.47485, 3.93619, 3.57583, 2.82456, 2.43622, 3.04374, 3.03983, 2.5387, 2.36421, 1.73397, 1.83083, 1.9932, 1.87655, 1.61474, 1.22415, 1.364, 1.0728, 1.24641, 1.10588, 1.11026, 1.2471, 1.09376, 1.23611, 1.32007, 1.7044, 1.38909, 1.41576, 1.1458
4.78, 0.0319371, 4.25666, 3.72514, 3.52198, 2.8208, 3.43423, 2.8293, 2.43769, 2.20355, 1.67033, 2.33137, 1.96078, 1.68561, 1.2869, 1.57565, 1.09822, 0.975502, 0.763811, 0.671722, 0.600348, 0.904379, 0.490726, 0.559445, 0.875697, 1.02461, 1.39309, 1.03547, 1.3178, 1.28118, 1.11528, 1.16281
4.8, 0.0319371, 4.40852, 4.58268, 3.53327, 3.43342, 3.26008, 3.28086, 2.61235, 2.86067, 2.34263, 2.25572, 1.96309, 2.33322, 1.86659, 1.96436, 1.79808, 1.6484, 1.44862, 1.09943, 1.22411, 1.20133, 0.936107, 0.924357, 0.277385, 0.655818, 0.406243, 0.861455, 0.953733, 1.10599, 1.20932, 1.14338
4.82, 0.0319371, 4.55529, 4.09648, 3.20184, 2.57841, 2.6075, 2.39017, 2.30244, 2.13682, 2.23022, 2.46718, 1.89923, 1.52358, 0.927569, 1.41639, 1.41985, 1.15018, 1.25865, 1.07035, 0.994582, 0.672661, 0.491012, 0.621121, 0.929758, 0.585749, 0.830203, 0.823317, 0.631446, 0.991568, 1.06814, 1.2577
4.84, 0.0319371, 2.98503, 2.98804, 2.96676, 2.56761, 2.29786, 2.37429, 1.78209, 1.77683, 1.40018, 1.18684, 1.28877, 1.61382, 1.53069, 1.17334, 1.21881, 1.12227, 0.926706, 0.775861, 0.829504, 0.674938, 0.522194, 0.502573, 0.904755, 1.08352, 0.745411, 0.68657, 0.353933, 0.304009, 0.692383, 0.870599
4.86, 0.0319376, 3.21381, 3.51598, 2.92249, 2.24043, 1.94376, 1.67509, 1.90882, 2.00529, 1.87407, 1.55618, 0.642152, 1.33413, 1.26038, 1.17718, 1.02384, 1.0934, 0.997686, 0.881378, 0.816821, 0.566784, 0.934625, 1.05441, 0.864894, 1.19729, 1.25011, 0.925201, 0.680629, 0.580855, 0.618051, 1.03511
4.88, 0.0319376, 3.54644, 3.53631, 2.90694, 1.73032, 2.08967, 1.75223, 0.9144, 1.80978, 2.10584, 1.78547, 1.06883, 0.977353, 1.35215, 0.729198, 0.744549, 1.05778, 0.782803, 0.6003, 0.949998, 1.12305, 0.926035, 0.726574, 0.876313, 1.07004, 0.785163, 0.502957, 0.905013, 0.798411, 0.71937, 0.84999
4.9, 0.0319376, 2.65145, 1.88817, 1.9617, 1.67813, 1.4441, 0.586642, 1.26643, 1.04784, 0.986662, 0.875366, 0.792591, 0.529223, 0.925574, 0.826218, 0.540099, 0.529295, 0.630593, 0.558609, 0.371958, 0.336045, 0.45956, 0.656537, 0.618258, 0.489354, 0.157719, -0.128465, 0.105384, 0.412579, 0.781225, 0.556358
4.92, 0.0319376, 3.07827, 2.53517, 2.51071, 1.43884, 2.2652, 1.4967, 1.47434, 1.07974, 1.28227, 1.12768, 0.858334, 0.863985, 0.523332, 0.734909, 0.832625, 0.864591, 0.791736, 0.36119, 0.205423, 0.505363, 0.35671, 0.396034, 0.893381, 0.956963, 0.793418, 0.786311, 0.496112, 0.217851, 0.550526, 0.64267
4.94, 0.0319376, 3.20836, 1.88858, 2.44786, 1.8723, 2.09319, 1.7734, 1.73305, 1.24025, 1.61772, 1.49853, 1.70321, 1.34015, 0.910246, 1.00283, 0.941776, 1.18143, 0.825284, 0.354117, 0.461419, 0.457055, 0.624043, 0.538405, 0.31602, 0.453955, 0.388487, 0.574167, 0.617315, 0.530444, 0.601943, 0.629546
4.96, 0.0319376, 3.21501, 3.30921, 3.26268, 2.26093, 1.51751, 1.04108, 1.73042, 1.22799, 1.65756, 1.11649, 1.0913, 1.22707, 0.894271, 0.961006, 1.22377, 1.28992, 1.22834, 0.948926, 0.938468, 0.54801, 0.831058, 0.632444, 0.380927, 0.470651, 0.691672, 0.677602, 0.688887, 0.598825, 0.470502, 0.795587
