# Time (seconds), Duration (seconds), f0, f1, f2, f3, f4, f5, f6, f7, f8, f9, f10, f11, f12, f13, f14, f15, f16, f17, f18, f19, f20, f21, f22, f23, f24, f25, f26, f27, f28, f29
0, 0.0319375, -5.89598, -6.36524, -6.592, -6.0303, -6.48792, -6.41956, -6.403, -6.02494, -6.45105, -6.50102, -6.32419, -6.06046, -5.98436, -6.47982, -6.08611, -5.76055, -5.7378, -5.9297, -6.50635, -6.31663, -6.13623, -5.47727, -5.64545, -5.76729, -5.59972, -5.54245, -5.72902, -5.5991, -5.29946, -5.35357
0.02, 0.0319375, -5.90497, -5.73431, -4.99203, -5.54825, -5.51049, -5.35722, -6.07484, -6.21137, -5.6544, -5.73455, -5.95805, -5.02747, -5.84934, -5.81535, -5.62806, -5.22828, -4.78706, -5.50731, -6.01644, -5.92741, -5.50729, -5.62781, -5.63319, -5.32741, -5.10187, -5.16879, -5.31728, -5.53091, -5.21341, -5.28608
0.04, 0.0319375, -5.49956, -4.38721, -4.29942, -4.72062, -5.24906, -5.1932, -5.77601, -5.34583, -5.22259, -5.5044, -5.57071, -4.81234, -5.34209, -5.3114, -5.11541, -4.95282, -4.76364, -5.08161, -5.53798, -5.65126, -5.40639, -5.7196, -5.37187, -5.48542, -5.26936, -4.9664, -5.25785, -5.19874, -4.87386, -4.975
0.06, 0.0319375, -4.38986, -4.81297, -5.03843, -5.20127, -5.50096, -5.57364, -5.46284, -4.73528, -5.28039, -5.16928, -4.82562, -4.72586, -5.4188, -5.48426, -5.26136, -5.017, -5.12642, -4.992, -4.96547, -5.01615, -5.25613, -5.37124, -5.15628, -5.11579, -5.08332, -5.16446, -4.78346, -4.75912, -5.14663, -5.31433
0.08, 0.0319375, -4.42927, -4.07071, -4.13746, -5.29929, -5.93961, -5.53288, -6.04628, -4.70161, -4.78392, -5.39344, -5.21784, -4.68386, -4.85482, -5.12065, -5.33011, -5.04894, -5.17194, -5.13677, -4.8986, -5.13574, -5.00518, -5.22918, -4.85547, -4.91456, -4.61785, -4.72132, -5.10049, -4.90648, -4.67956, -5.01539
0.1, 0.0319375, -3.34387, -4.87491, -3.545, -3.69813, -4.36539, -5.14434, -5.34418, -4.63301, -4.87282, -5.12521, -4.85273, -4.87782, -5.30894, -4.60301, -4.40918, -4.27237, -4.18446, -3.9922, -3.68588, -4.0431, -3.98848, -4.12461, -4.47184, -4.09893, -3.93838, -4.12397, -4.05101, -3.46718, -3.52957, -3.42232
0.12, 0.0319375, -3.81647, -4.1872, -4.08185, -3.74318, -3.82718, -4.42645, -3.92654, -3.87529, -3.78317, -4.60673, -4.63281, -4.07208, -4.12734, -4.0783, -3.81312, -3.45089, -3.6153, -2.94899, -2.31685, -2.5684, -3.25493, -3.27212, -2.941, -2.81582, -2.59329, -2.35194, -2.57599, -2.36898, -2.27367, -2.31721
0.14, 0.0319375, -3.61875, -3.125, -3.32323, -2.67037, -3.02512, -2.79545, -3.02796, -3.27561, -2.95487, -2.5975, -3.30911, -3.12412, -3.42037, -2.03374, -2.60955, -2.56835, -2.52096, -2.27023, -1.42283, -1.61211, -2.60535, -2.33267, -2.2401, -2.17959, -1.66828, -1.68329, -1.73536, -1.01684, -0.645796, -1.31017
0.16, 0.0319375, -3.8252, -3.84109, -3.54558, -4.14029, -4.43043, -4.19437, -4.43216, -4.27122, -3.89616, -4.27705, -4.11509, -3.72341, -3.6739, -3.30369, -3.71073, -4.06714, -3.66125, -2.82122, -2.18192, -2.84124, -3.54151, -3.70846, -3.16815, -2.73877, -2.67815, -2.34491, -2.02761, -1.95291, -0.947873, -2.00061
0.18, 0.0319375, -3.95524, -4.16658, -4.06446, -4.34939, -4.05367, -4.9829, -4.80043, -4.58655, -4.31413, -4.07942, -4.59414, -4.27022, -4.43527, -4.08564, -4.65421, -4.25781, -3.78245, -3.69872, -2.5065, -2.91029, -3.92306, -3.4041, -3.13978, -3.42681, -3.15174, -2.9553, -2.64853, -2.51802, -1.63175, -2.62515
0.2, 0.0319375, -3.47004, -3.95848, -4.18831, -4.96661, -4.96413, -4.35024, -4.67412, -4.92337, -4.38427, -5.20076, -5.22758, -4.89321, -4.69689, -4.49137, -4.95405, -4.64346, -4.39685, -3.9757, -2.14685, -3.27186, -4.13644, -4.07034, -3.85817, -3.97066, -3.50232, -3.93941, -3.61854, -2.90232, -2.09115, -2.76821
0.22, 0.0319375, -4.1195, -3.92946, -3.64615, -4.34267, -4.52947, -4.51744, -4.98169, -4.15786, -4.41679, -4.26233, -5.25462, -5.94401, -4.89734, -4.61286, -5.07392, -4.9259, -4.55953, -4.04574, -3.40701, -3.82593, -4.47697, -4.2308, -3.94775, -4.09327, -3.99817, -4.24514, -3.73197, -3.55646, -2.3846, -3.33745
0.24, 0.0319375, 2.0449, 3.38822, 3.33306, 2.32097, 2.47739, 3.06355, 2.53595, 3.0788, 3.25776, 3.14164, 2.90923, 3.12448, 3.27764, 3.11703, 2.94039, 2.71211, 2.97772, 3.10795, 2.8182, 3.30127, 3.94135, 3.9843, 2.98093, 3.00675, 3.58865, 3.39333, 3.50693, 3.98882, 3.56692, 3.48096
0.26, 0.0319375, 3.39423, 3.59869, 3.34942, 3.22231, 3.25507, 3.35279, 3.78212, 3.66502, 3.24883, 3.05703, 3.61241, 3.312, 2.94622, 3.35152, 3.27517, 3.85907, 4.03528, 3.98392, 3.38783, 3.48509, 3.63104, 3.29151, 3.39035, 3.95993, 3.81683, 4.06285, 3.96309, 3.97682, 4.0498, 4.66375
0.28, 0.0319375, 3.16235, 3.14115, 2.80577, 3.05789, 3.11642, 3.05901, 3.96184, 3.72913, 2.89689, 3.57748, 2.9293, 3.41279, 3.21014, 3.50181, 3.6768, 2.74602, 3.27508, 3.05691, 3.06103, 3.13037, 3.23378, 3.05762, 3.00238, 3.40879, 3.71551, 3.67083, 4.01072, 3.64963, 3.60999, 4.12625
0.3, 0.0319375, 3.04182, 3.5359, 2.8247, 2.31978, 2.58882, 2.93121, 2.63124, 2.61846, 2.50482, 3.07016, 3.03173, 2.29386, 2.09111, 2.27616, 2.98552, 2.80456, 3.01359, 3.21219, 2.95587, 2.74257, 2.80089, 2.83699, 2.78148, 2.80446, 3.28956, 2.9924, 2.94031, 3.34382, 3.43244, 3.7996
0.32, 0.0319375, 2.05208, 2.8521, 2.71993, 2.50806, 2.88379, 2.16288, 2.10263, 2.70171, 2.92963, 2.79392, 2.4592, 2.32296, 2.39539, 2.49369, 2.70504, 2.71867, 2.61256, 2.5475, 2.54596, 2.49412, 2.30463, 2.50442, 2.39034, 2.98632, 2.69642, 2.93222, 3.32872, 2.77567, 3.10121, 3.40963
0.34, 0.0319375, 1.86698, 2.10342, 2.22029, 2.00877, 1.14699, 2.35155, 2.50723, 2.73736, 2.7931, 2.41282, 2.31449, 2.05794, 1.96474, 2.45447, 2.13364, 2.39204, 2.18787, 2.24786, 2.26464, 2.4156, 1.82187, 1.88965, 2.30732, 2.98069, 2.55513, 2.58384, 2.85245, 2.68374, 2.60704, 2.88127
0.36, 0.0319375, 1.67006, 2.36014, 1.84597, 1.38541, 1.65664, 1.67829, 2.20475, 2.21707, 2.1111, 1.70666, 2.01275, 1.96065, 1.96924, 2.03706, 1.74028, 1.64815, 1.45122, 1.33825, 1.5062, 1.49331, 1.6867, 2.22387, 1.91814, 2.12451, 2.38028, 2.24894, 2.30063, 2.174, 2.13456, 2.69481
0.38, 0.0319375, 0.748058, 1.83794, 1.59561, 1.83578, 1.81075, 1.431, 1.42075, 1.46478, 1.46173, 1.22705, 0.906071, 1.34046, 1.71822, 1.09276, 1.43124, 1.4979, 1.86329, 1.88991, 1.46084, 1.30228, 1.79564, 1.67517, 1.44627, 1.68107, 1.7298, 1.93837, 2.032, 2.11673, 1.90079, 2.27896
0.4, 0.0319375, 0.569167, 1.51751, 1.55448, 0.0446854, 0.918974, 2.04148, 1.44586, 1.86451, 1.92657, 1.41314, 1.40815, 1.67558, 1.23553, 1.43126, 0.883018, 1.15128, 1.27264, 1.79334, 1.90125, 1.53497, 1.40638, 1.06531, 1.14304, 1.91965, 1.79999, 1.91173, 1.79078, 1.58717, 1.81775, 2.10665
0.42, 0.0319375, 0.588589, 0.563065, 0.718099, 0.581774, 0.443216, 0.945026, 1.26575, 0.925458, 1.89032, 1.61772, 1.3404, 0.587669, 0.39911, 1.17365, 1.26866, 0.929738, 1.25658, 1.02232, 0.908073, 0.845129, 0.77835, 1.21356, 0.921885, 1.23557, 1.39986, 1.2971, 1.85607, 1.32287, 1.25605, 1.52606
0.44, 0.0319375, -0.586108, 0.942295, 1.47137, 2.15877, 1.75877, 1.36856, 0.888566, 1.8931, 2.2929, 1.95763, 2.49001, 1.51832, 1.13508, 1.50798, 1.04026, 1.4675, 1.00644, 0.788475, 1.31529, 1.10642, 1.14682, 1.38163, 0.802455, 1.83877, 2.39525, 1.59618, 1.45106, 1.28361, 1.42981, 2.16391
0.46, 0.0319375, 0.776926, 1.17502, 0.640373, 0.551489, 0.996928, 1.00677, 1.28551, 1.3733, 1.60333, 1.05409, 1.29172, 0.874573, 1.69193, 1.36684, 0.716628, 0.790274, 0.787036, 0.916126, 0.867471, 0.893369, 0.585962, 1.57119, 1.47262, 0.909212, 2.16205, 2.10872, 1.5208, 1.20994, 1.27656, 1.80157
0.48, 0.0319375, 0.206075, 0.709509, 0.492886, 1.09278, 0.936608, 1.0645, 1.29676, 1.39343, 1.67899, 1.04051, 1.16145, 0.752503, 1.38404, 1.46749, 0.909703, 1.21588, 1.10478, 0.528846, 0.517186, 0.682136, 0.373544, 1.06298, 0.960843, 0.842085, 1.19359, 1.18697, 1.20148, 1.28978, 1.32402, 1.71124
0.5, 0.0319375, 0.918459, 0.570724, 0.878737, 1.32541, 1.6111, 1.29489, 0.48396, 1.67439, 1.71391, 1.23787, 1.40567, 1.6188, 1.89266, 1.53487, 1.18752, 1.3003, 1.62685, 0.925141, 1.21836, 0.868326, 0.729142, 1.06286, 1.14519, 1.02804, 1.12318, 0.912037, 1.29846, 1.18086, 0.917182, 1.81375
0.52, 0.0319375, 2.3507, 2.78843, 2.44955, 1.72151, 1.9101, 0.9539, 0.77092, 1.56129, 1.69334, 1.20217, 0.935351, 0.672652, 1.41337, 1.60668, 1.47978, 1.11183, 1.5078, 1.05656, 0.903868, 1.32297, 0.966604, 1.49532, 1.47418, 1.15486, 1.70178, 1.403, 1.35198, 1.29635, 1.38886, 1.82183
0.54, 0.0319375, 1.90529, 2.28093, 1.29733, 0.698889, 1.25477, 0.629517, 0.748872, 1.04537, 1.60795, 1.44383, 1.53983, 1.33991, 0.745361, 0.477652, 1.07485, 1.52309, 1.10006, 1.19996, 0.828454, 0.968107, 0.816444, 1.09166, 0.825508, 0.635307, 0.918198, 1.09664, 1.06908, 0.659466, 0.847255, 1.47338
0.56, 0.0319375, 1.36916, 0.926887, 0.841775, 0.498211, 0.500013, 0.727651, 0.194696, 0.818593, 1.16215, 0.757471, 0.850103, 0.806036, 0.358458, 0.499434, 0.506156, 0.272413, 0.737722, 0.946306, 0.866618, 0.64204, 0.465733, 0.781564, 0.71838, 0.983763, 1.06406, 1.4072, 1.26901, 0.819393, 0.63096, 1.29476
0.58, 0.0319375, 0.602803, 0.708739, 0.911384, 1.22139, 1.39709, 0.963598, 0.399827, 1.01841, 0.776447, 0.41079, 0.328745, 0.386533, 0.171952, 0.553966, -0.379213, -0.0252362, -0.158334, -0.065925, -0.118377, 0.292263, 0.523837, 0.140223, 0.0648884, 0.36654, 0.52211, 1.00135, 0.876683, 0.630463, 0.75483, 0.851214
0.6, 0.0319375, 0.795653, 0.922932, 1.32088, 1.87575, 1.62669, 1.00054, 0.187368, 0.846537, 1.27078, 1.37545, 0.868358, 0.742312, 0.380789, 0.567231, 0.701778, 0.572964, 0.475652, 0.408251, 0.465289, 0.657337, 0.320513, 0.379886, 0.377314, 0.483341, 1.02654, 1.42596, 1.32078, 1.35721, 1.31876, 1.324
0.62, 0.0319375, 0.206364, 0.846551, 1.06677, 1.0646, 1.0477, 0.00802613, 0.324832, 0.603916, 0.777367, 0.436683, 0.351163, 0.0520346, -0.284344, 0.344771, 0.0495227, -0.659412, -0.0118942, -0.209951, 0.0336901, 0.199183, 0.313442, 0.0625374, -0.0179419, 0.052123, 0.484781, 0.46378, 0.917848, 0.66851, 0.441075, 0.573473
0.64, 0.0319375, -0.298697, -1.63718, -0.062607, 0.607448, 0.236446, -0.0438251, -0.206268, 0.00916725, 0.123593, 0.188084, -0.475977, -0.478574, -1.06428, -0.304053, -0.194587, -0.468707, -0.303058, -0.0906646, -0.305557, -0.21752, -0.0549354, -0.770703, -0.747081, -0.391942, -0.222115, 0.222003, 0.541168, 0.695299, 0.425235, 0.261753
0.66, 0.0319375, -0.328488, -0.295328, 0.385058, 0.825697, 0.59301, -0.371519, -0.341988, 0.0384425, -0.109421, -0.37325, -1.06521, -0.756617, -0.816642, -0.882964, -0.763733, -0.860292, 0.0739142, 0.142796, -0.297155, -0.486176, -0.332396, -0.714197, -0.700942, -0.921228, -0.381873, -0.235763, 0.0763393, -0.162299, 0.050227, -0.0113575
0.68, 0.0319375, 0.137577, 0.71279, 1.31356, 0.347225, 0.0123938, 0.603513, 0.250764, 0.205824, 1.11178, 0.893467, 0.704536, 0.904704, 1.78675, 1.89194, 1.62129, 2.05598, 2.14091, 2.47405, 2.32754, 2.2579, 2.33589, 2.74484, 2.34407, 1.96237, 2.66455, 2.31429, 2.71167, 2.66075, 2.33227, 2.23659
0.7, 0.0319375, 0.295239, 1.26501, 1.22663, 0.157165, 0.200214, 0.267268, -0.286048, 0.350179, 0.855418, 0.731345, 0.89466, 1.23927, 1.68931, 1.70874, 1.29972, 2.107, 1.13734, 2.17703, 1.70767, 0.820266, 1.36673, 1.17404, 1.65401, 1.52601, 2.30857, 2.21813, 3.55205, 3.58247, 2.2703, 2.75177
0.72, 0.0319375, -0.0230556, 0.411554, 0.250954, 0.14812, 0.029908, -0.315825, 0.155714, 0.0769541, 0.254262, 0.213064, 0.262224, 1.20346, 1.83196, 0.732002, 0.599173, 1.42991, 0.826704, 1.41874, 1.06634, 0.786094, 0.572082, 1.14118, 1.19643, 1.14968, 1.88575, 1.51827, 2.5375, 2.34767, 1.24068, 1.83809
0.74, 0.0319375, -1.03319, -0.355126, -0.746593, -0.0525761, 0.127334, -0.371892, -0.888774, -0.0692268, -0.256529, -0.436897, -0.364136, 0.496398, 0.807992, 0.0217389, 0.296369, -0.0793914, -0.000233379, 0.937891, 0.689831, 0.167496, 0.137896, 0.684508, 0.578446, 0.653931, 1.07442, 0.854643, 1.54141, 1.68038, 1.14191, 1.6748
0.76, 0.0319375, 0.338293, 1.30521, 0.474446, 0.476305, 1.18585, 1.23605, 1.53964, 0.967996, 0.958555, 0.577755, 0.917205, 1.04163, 0.837463, 1.07244, 1.29688, 1.26233, 2.38703, 1.92766, 1.62654, 1.47501, 1.28513, 1.99347, 2.16862, 2.10681, 1.88265, 1.8118, 2.82171, 2.50222, 2.37482, 2.78638
0.78, 0.0319375, 0.579269, 1.2533, 0.952031, 1.34206, 1.04441, 0.443016, 1.47987, 2.04869, 1.89386, 2.19764, 1.68411, 1.54285, 2.00367, 1.52477, 1.1915, 2.78637, 2.85619, 2.66526, 2.98626, 3.20366, 2.31935, 3.52182, 3.54016, 2.89198, 3.19289, 2.86072, 3.99693, 4.8864, 4.30669, 3.80415
0.8, 0.0319375, 1.87237, 1.99597, 0.868795, 0.974101, 1.11861, 1.04539, 1.50309, 1.9621, 1.35362, 1.25007, 1.27574, 1.60337, 1.54021, 1.35773, 1.5683, 2.26057, 2.35893, 2.0242, 1.86896, 2.2133, 2.61172, 3.61679, 2.96564, 2.56766, 2.76342, 2.48348, 3.3559, 3.94099, 3.96266, 3.97676
0.82, 0.0319375, 0.862077, 0.870134, 0.976566, 0.641836, 1.17955, 0.385148, 1.29752, 1.73942, 1.09224, 0.744174, 0.756968, 0.41564, 0.917759, 1.19585, 1.45278, 1.24329, 1.17395, 1.0024, 1.63563, 1.67414, 1.61522, 3.32195, 1.97383, 1.61535, 2.41873, 1.9172, 2.61998, 3.48111, 2.9619, 3.02326
0.84, 0.0319375, -0.205971, -0.00458557, -0.188138, -0.131938, 0.661412, 0.108719, 0.526656, 1.06421, 1.15055, 0.233316, -0.331261, 0.357705, 0.420627, 0.120242, 0.857442, 1.20706, 0.878649, 1.15258, 1.43616, 1.23528, 1.39824, 2.74278, 1.91804, 1.59003, 1.92982, 1.5127, 2.27155, 2.71573, 2.83666, 2.60495
0.86, 0.0319375, 0.0735732, 0.51898, -0.556834, 0.115686, 0.0717523, -0.596576, 0.167871, 0.791775, 0.80209, 0.419939, 0.145118, 0.143702, 0.208347, 0.0106796, 0.425567, 0.294018, 0.39812, 0.953278, 1.36192, 0.987204, 1.11354, 2.19526, 1.15214, 1.11902, 0.970201, 0.900749, 2.27665, 2.68395, 2.40238, 1.93232
0.88, 0.0319375, -0.585546, -0.0961227, -0.648806, 0.439257, 0.565265, 0.175399, 0.109038, 0.308821, 0.668721, -0.140565, 0.40108, 0.18922, 0.684634, 0.869272, 1.60883, 2.38188, 2.11296, 1.71411, 1.32745, 0.813299, 1.09847, 2.59884, 1.4992, 1.12654, 1.75865, 1.92963, 2.54498, 2.90928, 2.34423, 2.54405
0.9, 0.0319375, -0.448818, -0.383942, 0.00876106, -0.000198742, 0.0924177, 0.0925152, -0.0194592, 0.438854, 0.929576, 0.406843, 0.366906, -0.0798465, 0.512067, 0.870646, 0.968226, 1.28368, 1.56087, 1.46738, 1.17802, 0.93743, 0.901205, 2.32373, 1.58369, 1.17229, 2.02129, 1.72158, 2.74424, 2.5659, 2.0704, 2.76671
0.92, 0.0319375, -0.70195, -0.162659, -0.31456, -0.221216, 0.253858, -0.457233, 0.345961, 0.552649, 1.14862, 0.832172, 0.43062, 0.245074, 0.581592, 0.541731, 0.629693, 0.704244, 1.18807, 1.21941, 1.06524, 0.685259, 1.03222, 1.67293, 1.1404, 1.10641, 1.44226, 1.39331, 1.93498, 2.37625, 1.94583, 2.15169
0.94, 0.0319375, -0.343322, 0.371851, 0.0157001, 0.982182, 1.0211, 0.648173, 0.562043, 0.866107, 0.782596, 0.294749, 0.411696, 0.248007, 0.414435, 0.658437, 0.972729, 1.00504, 0.556576, 0.701401, 0.731683, 0.573164, 0.879308, 1.62901, 1.48744, 0.842966, 1.40498, 1.55156, 2.1039, 2.6754, 2.57029, 2.1642
0.96, 0.0319375, -1.45032, -0.333224, -0.118577, 0.477823, 0.376195, -0.0643672, -0.00186779, 0.358526, 0.316681, 0.0106831, -0.030516, -0.0750092, -0.149658, -0.249108, 0.0370695, 0.722893, 0.434229, 0.130669, 0.0905473, 0.0437484, 0.540993, 1.36745, 0.999924, 0.596485, 1.05206, 1.16479, 1.61535, 2.38222, 1.98058, 1.51515
0.98, 0.0319375, -2.00052, -1.12491, -0.619854, -0.577099, -0.535294, -0.350332, -0.472339, 0.168698, 0.335249, 0.233965, -0.0864636, 0.0487095, 0.466172, -0.216554, 0.0738308, 0.271757, 1.1466, 1.18208, 1.4789, 0.253325, 1.12117, 2.03318, 1.41054, 0.985023, 2.5578, 2.1785, 1.64396, 1.88963, 1.68929, 2.10084
1, 0.0319375, -0.985645, -0.282103, 0.0207241, 0.479507, 0.627966, -0.351164, -0.399882, 0.398739, 0.388964, 0.325611, 0.41455, -0.187066, -0.381548, 0.345095, 0.238007, 0.196687, 0.191006, -0.0406271, 1.07807, 0.175598, 0.547628, 1.59124, 0.81898, 0.318167, 1.28858, 0.722326, 0.862834, 0.94367, 0.899958, 1.35707
1.02, 0.0319375, -1.21187, -0.519618, -0.863701, -0.419454, 0.0262339, -0.428474, -0.586733, -0.00319634, 0.261314, -0.0220678, -0.836988, -0.107092, -0.177897, 0.0253991, -0.382034, -0.569815, 0.43285, 0.424243, 0.699992, 0.164411, 0.687692, 1.52319, 0.271004, 0.465033, 0.465205, 0.418828, 0.836244, 1.1095, 1.18179, 0.948591
1.04, 0.0319375, -1.70524, -1.27692, -1.74837, -1.31015, -0.416202, -0.934591, -1.4092, -0.368058, -0.134511, -0.887076, -1.59038, -0.86644, -0.482247, -0.613822, -0.843076, -0.310062, 0.586523, 0.556014, 0.64261, -0.166052, 0.672767, 1.60703, 0.187302, -0.132352, 1.64135, 0.787093, 0.202671, 0.42919, 0.558898, 1.37843
1.06, 0.0319376, -1.57725, -1.21774, -1.46176, -1.46339, -1.23046, -1.08217, -1.23782, -0.743026, -0.682545, -1.26967, -1.4343, -1.28357, -1.55396, -0.881528, -0.973073, -1.14796, -0.316455, -0.447346, -0.555436, -0.224416, 0.467173, 1.32606, -0.210739, -0.595145, -0.020767, -0.290648, -0.175352, 0.227821, 0.0254887, 0.187122
1.08, 0.0319375, -2.69758, -1.19421, -1.11961, -0.693091, -0.484795, -1.38206, -1.29445, -0.0594455, 0.0514181, -1.54404, -1.91492, -1.66851, -1.46011, -1.09675, -1.14974, -1.20319, -0.563635, -1.07359, -0.723822, -1.10001, -0.552021, 0.5688, -1.04471, -1.53597, -1.11015, -0.902799, -0.686915, -0.202334, -0.106402, -0.178207
1.1, 0.0319375, -2.51885, -2.17387, -2.50111, -1.32686, -1.82784, -1.74103, -1.8283, -1.65596, -1.6716, -1.81221, -1.75707, -1.89052, -1.86706, -1.4775, -1.00975, -1.28943, -1.5622, -1.1666, -0.806879, -1.31794, -1.18521, -0.0174707, -0.964744, -1.3085, -0.82608, -0.911642, -0.713246, -0.345112, -0.529846, -0.571381
1.12, 0.0319375, -2.19441, -1.72212, -1.95832, -1.7952, -1.77525, -1.71977, -1.73395, -1.06841, -0.897541, -0.936706, -0.886992, -1.18007, -1.72114, -1.34631, -1.28091, -0.897335, -0.939991, -1.22204, -1.1747, -1.19564, -1.36081, -0.569735, -0.561442, -1.22326, -0.178861, -0.724968, -1.023, -0.887468, -0.255503, 0.062843
1.14, 0.0319375, -2.89493, -2.8415, -2.3463, -2.99092, -2.66045, -2.35849, -1.73549, -1.09409, -1.68668, -1.26591, -2.04739, -2.21284, -1.55736, -1.68631, -2.01041, -1.7057, -1.23056, -1.78681, -1.39039, -1.71112, -1.43852, -0.507024, -1.38984, -1.93172, -1.34492, -1.42944, -1.43004, -1.10862, -1.06338, -0.927812
1.16, 0.0319375, -2.97656, -2.90902, -3.13721, -3.29088, -2.92283, -2.32089, -2.63469, -2.33082, -2.31953, -2.42731, -1.64703, -2.33731, -2.09126, -2.2847, -2.07943, -2.02192, -1.8819, -2.22412, -1.99359, -2.2904, -2.34277, -1.03665, -1.92957, -2.37861, -1.74446, -1.66197, -1.71333, -1.43506, -1.23255, -1.02967
1.18, 0.0319376, -3.30004, -3.04816, -3.40882, -2.7565, -2.24182, -2.91768, -2.95329, -1.90499, -2.13793, -2.76704, -2.20729, -2.2758, -2.72741, -3.00264, -2.50996, -2.15876, -2.2946, -2.42366, -2.12281, -2.81721, -2.58648, -1.4101, -2.00184, -2.17685, -1.83807, -1.97676, -1.93302, -1.65631, -1.63096, -1.49409
1.2, 0.0319375, -3.43041, -2.08986, -2.11926, -2.17021, -2.02095, -2.52601, -2.71251, -1.6935, -1.93228, -2.27821, -2.10536, -1.97713, -2.19345, -1.01499, -1.38874, -1.20542, -1.1396, -1.11097, -0.546517, -0.9487, -0.727523, 0.360777, -1.01514, -1.46958, -1.25175, -1.43701, -0.91001, -0.176072, -0.189461, -1.04183
1.22, 0.0319375, -3.55264, -2.52677, -2.59481, -2.00084, -1.82108, -2.54504, -2.84883, -2.11395, -2.84498, -2.51887, -2.36822, -2.36396, -2.42413, -2.53638, -2.80588, -1.72717, -1.83425, -2.36094, -2.20614, -2.11541, -1.91302, 0.146021, -1.20416, -1.76546, -1.81301, -1.73214, -1.84651, -0.880371, -0.99068, -1.53826
1.24, 0.0319375, -3.74123, -2.98308, -2.89805, -3.51672, -2.51549, -3.06481, -2.91065, -2.9613, -3.33943, -2.86521, -2.76651, -2.64939, -3.06139, -2.35696, -2.30589, -2.4243, -2.50826, -2.74147, -2.50107, -2.5898, -2.66095, -0.430033, -1.74136, -2.22579, -2.3785, -2.31997, -1.86176, -1.17645, -1.44427, -1.77887
1.26, 0.0319375, -3.63644, -2.78009, -3.55546, -3.35004, -2.57207, -3.09688, -3.65914, -3.34321, -2.87774, -3.34004, -3.6124, -3.15352, -3.05207, -2.81848, -2.83815, -2.92969, -3.46617, -3.48127, -3.06853, -3.33611, -2.68576, -0.638957, -2.1827, -2.70224, -2.66795, -2.46273, -2.73105, -1.89229, -1.6654, -2.33503
1.28, 0.0319375, -3.14423, -2.91387, -3.71102, -3.3658, -2.68219, -3.0254, -4.18124, -3.2893, -3.33097, -4.29411, -3.83374, -3.67696, -3.41081, -3.43532, -3.73055, -3.04092, -3.10159, -3.30908, -3.82984, -4.12342, -3.39651, -1.28193, -2.55445, -3.32046, -2.97994, -2.73262, -2.69431, -2.07831, -2.07346, -2.58627
1.3, 0.0319376, -3.73333, -3.30845, -4.17676, -3.36575, -3.14421, -3.13592, -3.93224, -3.13651, -3.87507, -4.34523, -3.97276, -3.57942, -3.9238, -3.24449, -3.49254, -3.34076, -3.19285, -3.92617, -3.99082, -4.38457, -3.78206, -1.54734, -2.89546, -3.53346, -3.22173, -3.281, -3.25649, -2.5778, -2.80107, -3.13548
1.32, 0.0319375, -4.29932, -3.55356, -4.12649, -3.93515, -3.99208, -4.023, -4.07856, -3.7974, -3.72972, -4.33444, -4.52418, -3.82985, -4.1175, -3.74661, -3.48824, -4.09325, -3.68113, -4.05295, -4.4581, -4.17102, -3.74429, -2.03807, -3.34928, -3.92997, -3.66519, -3.67741, -3.28852, -2.80928, -3.0423, -3.61066
1.34, 0.0319375, -4.42993, -4.0677, -4.11022, -4.4807, -4.34257, -4.25606, -4.71527, -3.99773, -4.01157, -4.29668, -4.35437, -3.86046, -4.3167, -3.95175, -3.92391, -4.28237, -4.20709, -4.08421, -4.3556, -4.11457, -3.81698, -2.81744, -3.60351, -3.94861, -4.01699, -3.90015, -3.39182, -3.25485, -3.22906, -3.41794
1.36, 0.0319375, -4.80204, -4.10309, -4.24317, -4.82907, -4.57641, -4.6734, -4.92859, -4.75031, -4.54032, -4.65256, -4.98068, -4.78409, -4.60646, -4.5003, -5.28492, -4.98821, -4.67092, -5.3008, -5.02238, -4.81387, -4.7192, -3.42127, -4.24298, -4.04979, -4.60686, -4.43016, -4.33984, -3.55549, -3.77629, -4.21023
1.38, 0.0319375, -4.75788, -4.74795, -4.58703, -5.64106, -4.93125, -4.97088, -5.7556, -4.86636, -5.26524, -4.74125, -4.91752, -5.0754, -4.75473, -4.99897, -5.62013, -5.06849, -4.94196, -4.61514, -4.7321, -4.8387, -4.33554, -4.31117, -4.70104, -4.46274, -3.93426, -4.12833, -4.20515, -3.92174, -4.00889, -3.93902
1.4, 0.0319375, -4.90192, -4.32858, -5.24356, -4.82949, -4.65033, -5.0242, -4.98668, -4.48138, -4.7249, -5.59087, -5.50513, -5.1305, -5.07777, -5.24005, -5.40771, -5.3383, -5.24961, -5.19777, -5.6298, -5.43233, -5.0106, -3.8027, -4.60314, -4.91076, -4.54782, -4.66866, -4.82608, -4.31582, -4.24364, -4.38663
1.42, 0.0319376, -4.47486, -3.99518, -4.61747, -5.45551, -4.95764, -4.88551, -5.03647, -4.91145, -5.54197, -5.07068, -5.32929, -5.12495, -5.36043, -5.41089, -5.317, -5.55274, -5.21196, -5.2967, -5.42842, -5.25844, -5.1081, -4.0537, -4.70262, -5.08367, -4.96947, -4.82082, -4.48402, -4.81824, -4.75985, -4.9613
1.44, 0.0319375, -4.41014, -4.69615, -5.19113, -4.90246, -5.0429, -5.41297, -6.02846, -5.04077, -5.47939, -5.93208, -6.40472, -6.28218, -5.84186, -5.41899, -5.41343, -5.66122, -5.59712, -5.60232, -5.40499, -5.19433, -4.91767, -4.2546, -5.16624, -5.13971, -5.21238, -5.25744, -5.03763, -4.7953, -4.73705, -4.97347
1.46, 0.0319375, -4.42952, -5.12509, -5.14209, -5.33385, -5.46331, -5.87794, -5.88103, -4.8396, -5.77592, -5.92928, -6.09409, -5.48638, -6.16306, -5.74284, -5.45235, -5.80948, -5.60383, -5.64473, -5.82674, -5.23611, -5.69551, -4.54081, -5.18798, -5.37568, -5.26403, -5.04845, -5.25935, -5.43566, -5.30216, -5.04509
1.48, 0.0319375, -4.80312, -4.25795, -4.47789, -5.89297, -5.34544, -5.35875, -6.81292, -5.62692, -5.24332, -5.80556, -5.85195, -5.30775, -5.706, -6.06988, -6.3784, -5.75713, -5.75883, -5.51328, -5.50995, -5.78307, -5.43758, -4.9553, -5.19994, -5.57417, -5.26757, -5.06613, -5.14517, -4.90008, -5.04788, -5.08915
1.5, 0.0319375, -4.12202, -4.66214, -4.64405, -5.3741, -5.47691, -5.75719, -6.54251, -5.603, -5.5931, -5.8782, -6.19123, -5.96686, -6.12799, -6.04205, -5.84488, -5.81441, -6.07342, -6.02472, -6.24364, -5.72834, -5.78723, -5.42468, -5.19695, -5.36617, -5.41812, -5.45968, -5.33312, -5.08867, -5.06317, -5.31418
1.52, 0.0319375, -5.5098, -4.95865, -5.03301, -5.23966, -5.16578, -5.48356, -5.60057, -5.63091, -5.76278, -6.04953, -6.17329, -5.94794, -5.75065, -5.81533, -5.88883, -5.98124, -5.53345, -5.99794, -6.06375, -5.51423, -5.38816, -5.73648, -5.53964, -5.30279, -5.20932, -5.04864, -5.0214, -5.10001, -5.10383, -5.25159
1.54, 0.0319375, -4.86054, -5.04912, -5.20421, -6.43927, -5.91937, -6.02979, -6.27492, -5.81601, -5.32128, -5.3657, -5.7784, -5.63926, -5.63748, -6.00971, -6.228, -6.22614, -6.09104, -5.79891, -5.50774, -5.52707, -5.28422, -5.49692, -5.29355, -5.53438, -5.65321, -5.51038, -5.39669, -5.2993, -5.59088, -4.99367
1.56, 0.0319376, -4.5157, -4.53691, -5.0852, -5.07461, -5.37237, -5.20723, -5.9276, -5.41479, -5.76681, -6.37996, -6.57708, -5.88714, -5.98844, -5.63754, -6.26895, -5.85263, -5.53155, -5.61751, -5.80804, -5.54392, -5.50735, -5.23359, -5.32873, -5.18177, -5.01648, -5.19897, -5.18075, -5.22638, -4.94321, -5.00396
1.58, 0.0319375, -4.61026, -3.94327, -4.93077, -6.11472, -5.98586, -5.73688, -6.17074, -4.99798, -5.13617, -5.67645, -5.73056, -5.4863, -5.09043, -5.21092, -5.82688, -5.01614, -4.78593, -4.95056, -5.50288, -5.34731, -5.50281, -5.65941, -5.40755, -5.33753, -4.06273, -4.51359, -5.08935, -5.00104, -5.09024, -4.87053
1.6, 0.0319375, -4.87676, -4.72525, -5.20377, -5.85525, -5.47266, -6.02694, -5.99639, -5.07684, -5.37138, -5.86895, -5.91709, -5.70736, -5.62682, -5.9968, -5.90671, -5.69828, -5.88737, -5.82545, -5.78346, -5.73068, -5.80512, -5.52277, -5.54928, -5.35817, -5.14146, -5.6031, -5.27063, -5.27311, -5.07182, -5.09377
1.62, 0.0319375, -5.3557, -4.80174, -4.96374, -6.55533, -5.5719, -5.89295, -6.32455, -5.59461, -5.38705, -6.18035, -5.9711, -6.06762, -6.0275, -6.03267, -5.86921, -6.47445, -6.65102, -6.06458, -5.76398, -5.98966, -5.89477, -5.19406, -5.27267, -5.54363, -5.1382, -5.24147, -5.41383, -5.65169, -5.39706, -5.17153
1.64, 0.0319375, -5.11504, -5.084, -5.27829, -6.11667, -5.96557, -5.94354, -6.35079, -6.54003, -6.5171, -6.43455, -6.28606, -6.3221, -6.14343, -6.06006, -6.38651, -6.12058, -5.98177, -5.78928, -5.55736, -5.94631, -6.29157, -5.73657, -5.61763, -5.79315, -5.58136, -5.50375, -5.41387, -5.31755, -5.43326, -5.52889
1.66, 0.0319375, -5.03887, -5.83157, -5.53107, -6.0335, -5.73364, -6.1351, -6.37228, -6.05286, -5.60607, -6.06652, -6.22551, -6.03158, -6.53838, -6.05345, -6.34135, -6.4119, -6.29478, -5.80548, -5.61675, -5.9568, -6.03713, -5.8085, -5.79025, -5.56061, -5.42043, -5.45095, -5.62445, -5.33654, -5.2287, -5.22043
1.68, 0.0319376, -5.30781, -4.87915, -5.04973, -6.20609, -5.76682, -5.5746, -6.06254, -5.80959, -5.73997, -6.16916, -5.99134, -5.802, -6.00116, -6.14186, -5.95957, -5.83902, -6.09896, -6.25648, -6.25919, -5.91236, -5.97644, -6.34063, -5.8369, -5.63616, -5.37203, -5.41847, -5.16483, -5.16735, -5.20383, -5.00683
1.7, 0.0319375, -5.4694, -4.53715, -4.78466, -5.85995, -5.43961, -5.61443, -6.30469, -6.09009, -6.49727, -6.61713, -6.25736, -5.91897, -5.66317, -6.21633, -6.35267, -6.44567, -6.37387, -6.34185, -6.19459, -5.9318, -5.43972, -5.90588, -5.59244, -5.39938, -5.59544, -5.56289, -5.55171, -5.44753, -5.39836, -5.33521
1.72, 0.0319375, -5.74793, -4.7159, -4.41601, -5.52327, -5.63246, -6.87237, -7.85007, -5.48031, -6.03653, -6.48671, -6.8615, -6.23833, -6.43601, -6.01365, -6.33587, -6.08965, -6.27959, -6.47052, -5.76968, -5.90992, -5.91529, -6.03936, -5.60905, -5.51458, -5.42308, -5.58202, -5.71103, -5.63876, -5.3701, -5.22929
1.74, 0.0319375, -5.42206, -4.51521, -4.97447, -5.95455, -5.65436, -5.97133, -6.09518, -6.15129, -6.49822, -6.46426, -6.69688, -6.35598, -6.46062, -6.24514, -6.60514, -6.65889, -6.1955, -5.90338, -6.14378, -6.24265, -6.16763, -5.72591, -5.93914, -5.60518, -5.24638, -5.51193, -5.34983, -5.60952, -5.39876, -5.50668
1.76, 0.0319375, -5.49113, -5.05881, -6.03531, -6.63935, -6.26326, -6.58769, -6.65899, -5.7135, -6.71499, -6.60631, -6.03558, -6.24773, -6.04696, -5.97225, -5.811, -6.06543, -5.96287, -5.77202, -5.62732, -6.0739, -6.09676, -5.97994, -5.58409, -5.37046, -5.45937, -5.54981, -5.39395, -5.49225, -5.3365, -5.11533
1.78, 0.0319375, -5.72779, -5.02596, -5.49948, -6.23792, -6.06196, -6.13176, -6.99837, -7.1281, -6.36137, -6.18343, -6.37403, -6.2589, -6.08521, -5.87769, -5.80849, -6.19124, -6.03516, -5.66584, -5.40428, -6.13663, -6.23109, -5.99872, -5.74072, -5.81618, -5.67708, -5.40157, -5.48405, -5.34263, -5.39491, -5.33336
1.8, 0.0319376, -5.61033, -5.46118, -5.41658, -6.11112, -6.58501, -6.60538, -7.0874, -6.10637, -6.34841, -6.76684, -6.24604, -5.90114, -5.9716, -6.07144, -6.45384, -6.08189, -6.6434, -6.1008, -5.8518, -6.18028, -5.80548, -5.96212, -6.06556, -5.85054, -5.44854, -5.48142, -5.22677, -5.52329, -5.35474, -5.2087
1.82, 0.0319375, -5.39185, -5.19424, -5.43414, -6.34814, -6.18353, -6.60999, -6.11826, -6.3005, -6.20284, -6.14114, -6.03542, -5.91363, -6.52729, -6.44718, -6.18663, -6.14372, -5.83401, -6.40176, -6.24998, -5.98316, -5.65983, -5.85916, -5.6115, -5.44814, -5.56273, -5.51727, -5.43762, -5.5381, -5.25453, -5.05807
1.84, 0.0319375, -5.80978, -5.61998, -5.31122, -5.83189, -6.14956, -6.15164, -6.60454, -6.38327, -6.27107, -6.3803, -6.20439, -6.51687, -6.19324, -6.27513, -6.66794, -6.60476, -6.09933, -6.24024, -5.9323, -6.11572, -6.08324, -5.93165, -5.81078, -5.52472, -5.58773, -5.59388, -5.46155, -5.43918, -5.46696, -5.0536
1.86, 0.0319375, -6.05628, -5.32357, -5.68348, -6.0841, -6.61194, -6.39609, -6.62926, -6.86598, -6.74524, -6.48585, -6.7391, -6.93726, -6.91147, -6.47045, -6.27421, -6.06143, -6.23025, -6.15847, -6.14919, -5.83016, -6.20931, -5.89479, -5.79336, -5.58956, -5.54931, -5.58781, -5.68142, -5.49892, -5.39828, -5.47975
1.88, 0.0319375, -6.14124, -5.53503, -5.26275, -6.7569, -6.23651, -6.58173, -7.02192, -6.049, -6.18394, -6.63569, -6.56025, -6.57176, -6.69252, -6.61421, -6.72612, -6.48417, -5.88623, -6.00511, -6.09754, -6.047, -5.93276, -5.81332, -5.7564, -6.06804, -5.93207, -5.48433, -5.7229, -5.59125, -5.51346, -5.28023
1.9, 0.0319375, -6.60319, -5.91874, -5.71974, -6.8278, -6.36173, -7.12775, -6.58373, -6.51813, -6.87578, -6.49409, -6.41728, -6.69881, -6.7224, -6.51703, -6.69628, -6.46375, -6.16809, -5.92959, -5.96776, -5.98631, -6.1689, -6.36098, -5.83787, -5.67842, -5.51033, -5.52318, -5.67208, -5.35886, -5.34305, -5.38267
1.92, 0.0319376, -6.49441, -6.13048, -6.45201, -7.32723, -6.93914, -7.17396, -7.45251, -6.83528, -6.83335, -6.7966, -7.47443, -7.20085, -7.06721, -6.45576, -6.26733, -6.47829, -6.56617, -6.46139, -6.42218, -6.7923, -6.22331, -6.35721, -6.07565, -6.1468, -6.12876, -5.91011, -5.71809, -5.83713, -5.76134, -5.63378
1.94, 0.0319375, -6.36872, -6.46489, -5.91716, -7.17395, -7.30377, -7.26601, -6.99265, -6.83497, -6.58883, -6.67616, -6.89129, -7.29968, -6.57986, -6.62397, -6.68667, -6.7407, -6.73395, -6.65097, -6.21748, -6.08817, -5.7576, -5.75786, -5.81842, -5.92634, -5.83183, -5.64375, -5.71904, -5.66521, -5.77305, -5.61094
1.96, 0.0319375, -7.42948, -6.92987, -7.10536, -7.39344, -7.30655, -7.12377, -6.91775, -6.97076, -6.66872, -6.81722, -7.15271, -6.70554, -6.85912, -6.8011, -6.83397, -6.99425, -6.45993, -6.21781, -6.27188, -6.27401, -6.49828, -6.10821, -6.245, -5.8639, -5.89427, -5.94242, -5.79091, -5.8469, -5.80165, -5.55571
1.98, 0.0319376, -7.26888, -7.57073, -7.54987, -7.26667, -7.24966, -6.89769, -7.65798, -7.28921, -7.38974, -7.61719, -7.38145, -7.24153, -7.02509, -6.76949, -6.77915, -6.65168, -6.37774, -6.54397, -6.71067, -6.29641, -6.11387, -6.16384, -5.999, -5.99171, -5.95589, -5.83111, -5.78983, -5.72962, -5.64767, -5.58241
2, 0.0319376, -8.26663, -8.32215, -7.47706, -8.41904, -7.30406, -7.03641, -7.23246, -7.41112, -7.94362, -7.1391, -7.57297, -7.56993, -7.40823, -6.92446, -6.96819, -7.08519, -7.2231, -7.66934, -7.139, -6.80011, -6.40485, -6.16448, -6.3888, -6.53099, -6.52078, -6.50334, -6.04285, -6.16883, -5.88206, -6.0923
2.02, 0.0319376, -10.0805, -9.99693, -9.40745, -9.07906, -9.06075, -8.49718, -8.77011, -9.03938, -9.64249, -9.06349, -8.83706, -8.17255, -8.18379, -8.49553, -9.00889, -8.05226, -7.66745, -8.05113, -8.24599, -7.97983, -8.85496, -8.14434, -7.69087, -8.03738, -7.44488, -7.51622, -7.87316, -7.72139, -7.47275, -7.46906
2.04, 0.0319376, -inf, -inf, -inf, -inf, -inf, -inf, -inf, -inf, -inf, -inf, -inf, -inf, -inf, -inf, -inf, -inf, -inf, -inf, -inf, -inf, -inf, -inf, -inf, -inf, -inf, -inf, -inf, -inf, -inf, -inf
2.06, 0.0319376, -inf, -inf, -inf, -inf, -inf, -inf, -inf, -inf, -inf, -inf, -inf, -inf, -inf, -inf, -inf, -inf, -inf, -inf, -inf, -inf, -inf, -inf, -inf, -inf, -inf, -inf, -inf, -inf, -inf, -inf
2.08, 0.0319376, -inf, -inf, -inf, -inf, -inf, -inf, -inf, -inf, -inf, -inf, -inf, -inf, -inf, -inf, -inf, -inf, -inf, -inf, -inf, -inf, -inf, -inf, -inf, -inf, -inf, -inf, -inf, -inf, -inf, -inf
2.1, 0.0319376, -inf, -inf, -inf, -inf, -inf, -inf, -inf, -inf, -inf, -inf, -inf, -inf, -inf, -inf, -inf, -inf, -inf, -inf, -inf, -inf, -inf, -inf, -inf, -inf, -inf, -inf, -inf, -inf, -inf, -inf
2.12, 0.0319376, -inf, -inf, -inf, -inf, -inf, -inf, -inf, -inf, -inf, -inf, -inf, -inf, -inf, -inf, -inf, -inf, -inf, -inf, -inf, -inf, -inf, -inf, -inf, -inf, -inf, -inf, -inf, -inf, -inf, -inf
2.14, 0.0319374, -inf, -inf, -inf, -inf, -inf, -inf, -inf, -inf, -inf, -inf, -inf, -inf, -inf, -inf, -inf, -inf, -inf, -inf, -inf, -inf, -inf, -inf, -inf, -inf, -inf, -inf, -inf, -inf, -inf, -inf
2.16, 0.0319374, -inf, -inf, -inf, -inf, -inf, -inf, -inf, -inf, -inf, -inf, -inf, -inf, -inf, -inf, -inf, -inf, -inf, -inf, -inf, -inf, -inf, -inf, -inf, -inf, -inf, -inf, -inf, -inf, -inf, -inf
2.18, 0.0319374, -inf, -inf, -inf, -inf, -inf, -inf, -inf, -inf, -inf, -inf, -inf, -inf, -inf, -inf, -inf, -inf, -inf, -inf, -inf, -inf, -inf, -inf, -inf, -inf, -inf, -inf, -inf, -inf, -inf, -inf
2.2, 0.0319374, -inf, -inf, -inf, -inf, -inf, -inf, -inf, -inf, -inf, -inf, -inf, -inf, -inf, -inf, -inf, -inf, -inf, -inf, -inf, -inf, -inf, -inf, -inf, -inf, -inf, -inf, -inf, -inf, -inf, -inf
2.22, 0.0319374, -inf, -inf, -inf, -inf, -inf, -inf, -inf, -inf, -inf, -inf, -inf, -inf, -inf, -inf, -inf, -inf, -inf, -inf, -inf, -inf, -inf, -inf, -inf, -inf, -inf, -inf, -inf, -inf, -inf, -inf
2.24, 0.0319376, -inf, -inf, -inf, -inf, -inf, -inf, -inf, -inf, -inf, -inf, -inf, -inf, -inf, -inf, -inf, -inf, -inf, -inf, -inf, -inf, -inf, -inf, -inf, -inf, -inf, -inf, -inf, -inf, -inf, -inf
2.26, 0.0319376, -inf, -inf, -inf, -inf, -inf, -inf, -inf, -inf, -inf, -inf, -inf, -inf, -inf, -inf, -inf, -inf, -inf, -inf, -inf, -inf, -inf, -inf, -inf, -inf, -inf, -inf, -inf, -inf, -inf, -inf
2.28, 0.0319376, -inf, -inf, -inf, -inf, -inf, -inf, -inf, -inf, -inf, -inf, -inf, -inf, -inf, -inf, -inf, -inf, -inf, -inf, -inf, -inf, -inf, -inf, -inf, -inf, -inf, -inf, -inf, -inf, -inf, -inf
2.3, 0.0319376, -inf, -inf, -inf, -inf, -inf, -inf, -inf, -inf, -inf, -inf, -inf, -inf, -inf, -inf, -inf, -inf, -inf, -inf, -inf, -inf, -inf, -inf, -inf, -inf, -inf, -inf, -inf, -inf, -inf, -inf
2.32, 0.0319376, -inf, -inf, -inf, -inf, -inf, -inf, -inf, -inf, -inf, -inf, -inf, -inf, -inf, -inf, -inf, -inf, -inf, -inf, -inf, -inf, -inf, -inf, -inf, -inf, -inf, -inf, -inf, -inf, -inf, -inf
2.34, 0.0319376, -inf, -inf, -inf, -inf, -inf, -inf, -inf, -inf, -inf, -inf, -inf, -inf, -inf, -inf, -inf, -inf, -inf, -inf, -inf, -inf, -inf, -inf, -inf, -inf, -inf, -inf, -inf, -inf, -inf, -inf
2.36, 0.0319376, -inf, -inf, -inf, -inf, -inf, -inf, -inf, -inf, -inf, -inf, -inf, -inf, -inf, -inf, -inf, -inf, -inf, -inf, -inf, -inf, -inf, -inf, -inf, -inf, -inf, -inf, -inf, -inf, -inf, -inf
2.38, 0.0319374, -inf, -inf, -inf, -inf, -inf, -inf, -inf, -inf, -inf, -inf, -inf, -inf, -inf, -inf, -inf, -inf, -inf, -inf, -inf, -inf, -inf, -inf, -inf, -inf, -inf, -inf, -inf, -inf, -inf, -inf
2.4, 0.0319374, -inf, -inf, -inf, -inf, -inf, -inf, -inf, -inf, -inf, -inf, -inf, -inf, -inf, -inf, -inf, -inf, -inf, -inf, -inf, -inf, -inf, -inf, -inf, -inf, -inf, -inf, -inf, -inf, -inf, -inf
2.42, 0.0319374, -inf, -inf, -inf, -inf, -inf, -inf, -inf, -inf, -inf, -inf, -inf, -inf, -inf, -inf, -inf, -inf, -inf, -inf, -inf, -inf, -inf, -inf, -inf, -inf, -inf, -inf, -inf, -inf, -inf, -inf
2.44, 0.0319374, -inf, -inf, -inf, -inf, -inf, -inf, -inf, -inf, -inf, -inf, -inf, -inf, -inf, -inf, -inf, -inf, -inf, -inf, -inf, -inf, -inf, -inf, -inf, -inf, -inf, -inf, -inf, -inf, -inf, -inf
2.46, 0.0319374, -inf, -inf, -inf, -inf, -inf, -inf, -inf, -inf, -inf, -inf, -inf, -inf, -inf, -inf, -inf, -inf, -inf, -inf, -inf, -inf, -inf, -inf, -inf, -inf, -inf, -inf, -inf, -inf, -inf, -inf
2.48, 0.0319376, -inf, -inf, -inf, -inf, -inf, -inf, -inf, -inf, -inf, -inf, -inf, -inf, -inf, -inf, -inf, -inf, -inf, -inf, -inf, -inf, -inf, -inf, -inf, -inf, -inf, -inf, -inf, -inf, -inf, -inf
2.5, 0.0319376, -inf, -inf, -inf, -inf, -inf, -inf, -inf, -inf, -inf, -inf, -inf, -inf, -inf, -inf, -inf, -inf, -inf, -inf, -inf, -inf, -inf, -inf, -inf, -inf, -inf, -inf, -inf, -inf, -inf, -inf
2.52, 0.0319376, -inf, -inf, -inf, -inf, -inf, -inf, -inf, -inf, -inf, -inf, -inf, -inf, -inf, -inf, -inf, -inf, -inf, -inf, -inf, -inf, -inf, -inf, -inf, -inf, -inf, -inf, -inf, -inf, -inf, -inf
2.54, 0.0319376, -inf, -inf, -inf, -inf, -inf, -inf, -inf, -inf, -inf, -inf, -inf, -inf, -inf, -inf, -inf, -inf, -inf, -inf, -inf, -inf, -inf, -inf, -inf, -inf, -inf, -inf, -inf, -inf, -inf, -inf
2.56, 0.0319376, -inf, -inf, -inf, -inf, -inf, -inf, -inf, -inf, -inf, -inf, -inf, -inf, -inf, -inf, -inf, -inf, -inf, -inf, -inf, -inf, -inf, -inf, -inf, -inf, -inf, -inf, -inf, -inf, -inf, -inf
2.58, 0.0319376, -inf, -inf, -inf, -inf, -inf, -inf, -inf, -inf, -inf, -inf, -inf, -inf, -inf, -inf, -inf, -inf, -inf, -inf, -inf, -inf, -inf, -inf, -inf, -inf, -inf, -inf, -inf, -inf, -inf, -inf
2.6, 0.0319376, -inf, -inf, -inf, -inf, -inf, -inf, -inf, -inf, -inf, -inf, -inf, -inf, -inf, -inf, -inf, -inf, -inf, -inf, -inf, -inf, -inf, -inf, -inf, -inf, -inf, -inf, -inf, -inf, -inf, -inf
2.62, 0.0319376, -inf, -inf, -inf, -inf, -inf, -inf, -inf, -inf, -inf, -inf, -inf, -inf, -inf, -inf, -inf, -inf, -inf, -inf, -inf, -inf, -inf, -inf, -inf, -inf, -inf, -inf, -inf, -inf, -inf, -inf
2.64, 0.0319374, -inf, -inf, -inf, -inf, -inf, -inf, -inf, -inf, -inf, -inf, -inf, -inf, -inf, -inf, -inf, -inf, -inf, -inf, -inf, -inf, -inf, -inf, -inf, -inf, -inf, -inf, -inf, -inf, -inf, -inf
2.66, 0.0319374, -inf, -inf, -inf, -inf, -inf, -inf, -inf, -inf, -inf, -inf, -inf, -inf, -inf, -inf, -inf, -inf, -inf, -inf, -inf, -inf, -inf, -inf, -inf, -inf, -inf, -inf, -inf, -inf, -inf, -inf
2.68, 0.0319374, -inf, -inf, -inf, -inf, -inf, -inf, -inf, -inf, -inf, -inf, -inf, -inf, -inf, -inf, -inf, -inf, -inf, -inf, -inf, -inf, -inf, -inf, -inf, -inf, -inf, -inf, -inf, -inf, -inf, -inf
2.7, 0.0319374, -inf, -inf, -inf, -inf, -inf, -inf, -inf, -inf, -inf, -inf, -inf, -inf, -inf, -inf, -inf, -inf, -inf, -inf, -inf, -inf, -inf, -inf, -inf, -inf, -inf, -inf, -inf, -inf, -inf, -inf
2.72, 0.0319374, -inf, -inf, -inf, -inf, -inf, -inf, -inf, -inf, -inf, -inf, -inf, -inf, -inf, -inf, -inf, -inf, -inf, -inf, -inf, -inf, -inf, -inf, -inf, -inf, -inf, -inf, -inf, -inf, -inf, -inf
2.74, 0.0319376, -inf, -inf, -inf, -inf, -inf, -inf, -inf, -inf, -inf, -inf, -inf, -inf, -inf, -inf, -inf, -inf, -inf, -inf, -inf, -inf, -inf, -inf, -inf, -inf, -inf, -inf, -inf, -inf, -inf, -inf
2.76, 0.0319376, -inf, -inf, -inf, -inf, -inf, -inf, -inf, -inf, -inf, -inf, -inf, -inf, -inf, -inf, -inf, -inf, -inf, -inf, -inf, -inf, -inf, -inf, -inf, -inf, -inf, -inf, -inf, -inf, -inf, -inf
2.78, 0.0319376, -inf, -inf, -inf, -inf, -inf, -inf, -inf, -inf, -inf, -inf, -inf, -inf, -inf, -inf, -inf, -inf, -inf, -inf, -inf, -inf, -inf, -inf, -inf, -inf, -inf, -inf, -inf, -inf, -inf, -inf
2.8, 0.0319376, -inf, -inf, -inf, -inf, -inf, -inf, -inf, -inf, -inf, -inf, -inf, -inf, -inf, -inf, -inf, -inf, -inf, -inf, -inf, -inf, -inf, -inf, -inf, -inf, -inf, -inf, -inf, -inf, -inf, -inf
2.82, 0.0319376, -inf, -inf, -inf, -inf, -inf, -inf, -inf, -inf, -inf, -inf, -inf, -inf, -inf, -inf, -inf, -inf, -inf, -inf, -inf, -inf, -inf, -inf, -inf, -inf, -inf, -inf, -inf, -inf, -inf, -inf
2.84, 0.0319376, -inf, -inf, -inf, -inf, -inf, -inf, -inf, -inf, -inf, -inf, -inf, -inf, -inf, -inf, -inf, -inf, -inf, -inf, -inf, -inf, -inf, -inf, -inf, -inf, -inf, -inf, -inf, -inf, -inf, -inf
2.86, 0.0319376, -inf, -inf, -inf, -inf, -inf, -inf, -inf, -inf, -inf, -inf, -inf, -inf, -inf, -inf, -inf, -inf, -inf, -inf, -inf, -inf, -inf, -inf, -inf, -inf, -inf, -inf, -inf, -inf, -inf, -inf
2.88, 0.0319374, -inf, -inf, -inf, -inf, -inf, -inf, -inf, -inf, -inf, -inf, -inf, -inf, -inf, -inf, -inf, -inf, -inf, -inf, -inf, -inf, -inf, -inf, -inf, -inf, -inf, -inf, -inf, -inf, -inf, -inf
2.9, 0.0319374, -inf, -inf, -inf, -inf, -inf, -inf, -inf, -inf, -inf, -inf, -inf, -inf, -inf, -inf, -inf, -inf, -inf, -inf, -inf, -inf, -inf, -inf, -inf, -inf, -inf, -inf, -inf, -inf, -inf, -inf
2.92, 0.0319374, -inf, -inf, -inf, -inf, -inf, -inf, -inf, -inf, -inf, -inf, -inf, -inf, -inf, -inf, -inf, -inf, -inf, -inf, -inf, -inf, -inf, -inf, -inf, -inf, -inf, -inf, -inf, -inf, -inf, -inf
2.94, 0.0319374, -inf, -inf, -inf, -inf, -inf, -inf, -inf, -inf, -inf, -inf, -inf, -inf, -inf, -inf, -inf, -inf, -inf, -inf, -inf, -inf, -inf, -inf, -inf, -inf, -inf, -inf, -inf, -inf, -inf, -inf
2.96, 0.0319374, -inf, -inf, -inf, -inf, -inf, -inf, -inf, -inf, -inf, -inf, -inf, -inf, -inf, -inf, -inf, -inf, -inf, -inf, -inf, -inf, -inf, -inf, -inf, -inf, -inf, -inf, -inf, -inf, -inf, -inf
2.98, 0.0319376, -inf, -inf, -inf, -inf, -inf, -inf, -inf, -inf, -inf, -inf, -inf, -inf, -inf, -inf, -inf, -inf, -inf, -inf, -inf, -inf, -inf, -inf, -inf, -inf, -inf, -inf, -inf, -inf, -inf, -inf
3, 0.0319376, -inf, -inf, -inf, -inf, -inf, -inf, -inf, -inf, -inf, -inf, -inf, -inf, -inf, -inf, -inf, -inf, -inf, -inf, -inf, -inf, -inf, -inf, -inf, -inf, -inf, -inf, -inf, -inf, -inf, -inf
3.02, 0.0319376, -inf, -inf, -inf, -inf, -inf, -inf, -inf, -inf, -inf, -inf, -inf, -inf, -inf, -inf, -inf, -inf, -inf, -inf, -inf, -inf, -inf, -inf, -inf, -inf, -inf, -inf, -inf, -inf, -inf, -inf
3.04, 0.0319376, -inf, -inf, -inf, -inf, -inf, -inf, -inf, -inf, -inf, -inf, -inf, -inf, -inf, -inf, -inf, -inf, -inf, -inf, -inf, -inf, -inf, -inf, -inf, -inf, -inf, -inf, -inf, -inf, -inf, -inf
3.06, 0.0319376, -inf, -inf, -inf, -inf, -inf, -inf, -inf, -inf, -inf, -inf, -inf, -inf, -inf, -inf, -inf, -inf, -inf, -inf, -inf, -inf, -inf, -inf, -inf, -inf, -inf, -inf, -inf, -inf, -inf, -inf
3.08, 0.0319376, -inf, -inf, -inf, -inf, -inf, -inf, -inf, -inf, -inf, -inf, -inf, -inf, -inf, -inf, -inf, -inf, -inf, -inf, -inf, -inf, -inf, -inf, -inf, -inf, -inf, -inf, -inf, -inf, -inf, -inf
3.1, 0.0319376, -inf, -inf, -inf, -inf, -inf, -inf, -inf, -inf, -inf, -inf, -inf, -inf, -inf, -inf, -inf, -inf, -inf, -inf, -inf, -inf, -inf, -inf, -inf, -inf, -inf, -inf, -inf, -inf, -inf, -inf
3.12, 0.0319376, -inf, -inf, -inf, -inf, -inf, -inf, -inf, -inf, -inf, -inf, -inf, -inf, -inf, -inf, -inf, -inf, -inf, -inf, -inf, -inf, -inf, -inf, -inf, -inf, -inf, -inf, -inf, -inf, -inf, -inf
3.14, 0.0319374, -inf, -inf, -inf, -inf, -inf, -inf, -inf, -inf, -inf, -inf, -inf, -inf, -inf, -inf, -inf, -inf, -inf, -inf, -inf, -inf, -inf, -inf, -inf, -inf, -inf, -inf, -inf, -inf, -inf, -inf
3.16, 0.0319374, -inf, -inf, -inf, -inf, -inf, -inf, -inf, -inf, -inf, -inf, -inf, -inf, -inf, -inf, -inf, -inf, -inf, -inf, -inf, -inf, -inf, -inf, -inf, -inf, -inf, -inf, -inf, -inf, -inf, -inf
3.18, 0.0319374, -inf, -inf, -inf, -inf, -inf, -inf, -inf, -inf, -inf, -inf, -inf, -inf, -inf, -inf, -inf, -inf, -inf, -inf, -inf, -inf, -inf, -inf, -inf, -inf, -inf, -inf, -inf, -inf, -inf, -inf
3.2, 0.0319374, -inf, -inf, -inf, -inf, -inf, -inf, -inf, -inf, -inf, -inf, -inf, -inf, -inf, -inf, -inf, -inf, -inf, -inf, -inf, -inf, -inf, -inf, -inf, -inf, -inf, -inf, -inf, -inf, -inf, -inf
3.22, 0.0319374, -inf, -inf, -inf, -inf, -inf, -inf, -inf, -inf, -inf, -inf, -inf, -inf, -inf, -inf, -inf, -inf, -inf, -inf, -inf, -inf, -inf, -inf, -inf, -inf, -inf, -inf, -inf, -inf, -inf, -inf
3.24, 0.0319376, -inf, -inf, -inf, -inf, -inf, -inf, -inf, -inf, -inf, -inf, -inf, -inf, -inf, -inf, -inf, -inf, -inf, -inf, -inf, -inf, -inf, -inf, -inf, -inf, -inf, -inf, -inf, -inf, -inf, -inf
3.26, 0.0319376, -inf, -inf, -inf, -inf, -inf, -inf, -inf, -inf, -inf, -inf, -inf, -inf, -inf, -inf, -inf, -inf, -inf, -inf, -inf, -inf, -inf, -inf, -inf, -inf, -inf, -inf, -inf, -inf, -inf, -inf
3.28, 0.0319376, -inf, -inf, -inf, -inf, -inf, -inf, -inf, -inf, -inf, -inf, -inf, -inf, -inf, -inf, -inf, -inf, -inf, -inf, -inf, -inf, -inf, -inf, -inf, -inf, -inf, -inf, -inf, -inf, -inf, -inf
3.3, 0.0319376, -inf, -inf, -inf, -inf, -inf, -inf, -inf, -inf, -inf, -inf, -inf, -inf, -inf, -inf, -inf, -inf, -inf, -inf, -inf, -inf, -inf, -inf, -inf, -inf, -inf, -inf, -inf, -inf, -inf, -inf
3.32, 0.0319376, -inf, -inf, -inf, -inf, -inf, -inf, -inf, -inf, -inf, -inf, -inf, -inf, -inf, -inf, -inf, -inf, -inf, -inf, -inf, -inf, -inf, -inf, -inf, -inf, -inf, -inf, -inf, -inf, -inf, -inf
3.34, 0.0319376, -inf, -inf, -inf, -inf, -inf, -inf, -inf, -inf, -inf, -inf, -inf, -inf, -inf, -inf, -inf, -inf, -inf, -inf, -inf, -inf, -inf, -inf, -inf, -inf, -inf, -inf, -inf, -inf, -inf, -inf
3.36, 0.0319376, -inf, -inf, -inf, -inf, -inf, -inf, -inf, -inf, -inf, -inf, -inf, -inf, -inf, -inf, -inf, -inf, -inf, -inf, -inf, -inf, -inf, -inf, -inf, -inf, -inf, -inf, -inf, -inf, -inf, -inf
3.38, 0.0319374, -inf, -inf, -inf, -inf, -inf, -inf, -inf, -inf, -inf, -inf, -inf, -inf, -inf, -inf, -inf, -inf, -inf, -inf, -inf, -inf, -inf, -inf, -inf, -inf, -inf, -inf, -inf, -inf, -inf, -inf
3.4, 0.0319374, -inf, -inf, -inf, -inf, -inf, -inf, -inf, -inf, -inf, -inf, -inf, -inf, -inf, -inf, -inf, -inf, -inf, -inf, -inf, -inf, -inf, -inf, -inf, -inf, -inf, -inf, -inf, -inf, -inf, -inf
3.42, 0.0319374, -inf, -inf, -inf, -inf, -inf, -inf, -inf, -inf, -inf, -inf, -inf, -inf, -inf, -inf, -inf, -inf, -inf, -inf, -inf, -inf, -inf, -inf, -inf, -inf, -inf, -inf, -inf, -inf, -inf, -inf
3.44, 0.0319374, -inf, -inf, -inf, -inf, -inf, -inf, -inf, -inf, -inf, -inf, -inf, -inf, -inf, -inf, -inf, -inf, -inf, -inf, -inf, -inf, -inf, -inf, -inf, -inf, -inf, -inf, -inf, -inf, -inf, -inf
3.46, 0.0319374, -inf, -inf, -inf, -inf, -inf, -inf, -inf, -inf, -inf, -inf, -inf, -inf, -inf, -inf, -inf, -inf, -inf, -inf, -inf, -inf, -inf, -inf, -inf, -inf, -inf, -inf, -inf, -inf, -inf, -inf
3.48, 0.0319376, -inf, -inf, -inf, -inf, -inf, -inf, -inf, -inf, -inf, -inf, -inf, -inf, -inf, -inf, -inf, -inf, -inf, -inf, -inf, -inf, -inf, -inf, -inf, -inf, -inf, -inf, -inf, -inf, -inf, -inf
3.5, 0.0319376, -inf, -inf, -inf, -inf, -inf, -inf, -inf, -inf, -inf, -inf, -inf, -inf, -inf, -inf, -inf, -inf, -inf, -inf, -inf, -inf, -inf, -inf, -inf, -inf, -inf, -inf, -inf, -inf, -inf, -inf
3.52, 0.0319376, -inf, -inf, -inf, -inf, -inf, -inf, -inf, -inf, -inf, -inf, -inf, -inf, -inf, -inf, -inf, -inf, -inf, -inf, -inf, -inf, -inf, -inf, -inf, -inf, -inf, -inf, -inf, -inf, -inf, -inf
3.54, 0.0319376, -inf, -inf, -inf, -inf, -inf, -inf, -inf, -inf, -inf, -inf, -inf, -inf, -inf, -inf, -inf, -inf, -inf, -inf, -inf, -inf, -inf, -inf, -inf, -inf, -inf, -inf, -inf, -inf, -inf, -inf
3.56, 0.0319376, -inf, -inf, -inf, -inf, -inf, -inf, -inf, -inf, -inf, -inf, -inf, -inf, -inf, -inf, -inf, -inf, -inf, -inf, -inf, -inf, -inf, -inf, -inf, -inf, -inf, -inf, -inf, -inf, -inf, -inf
3.58, 0.0319376, -inf, -inf, -inf, -inf, -inf, -inf, -inf, -inf, -inf, -inf, -inf, -inf, -inf, -inf, -inf, -inf, -inf, -inf, -inf, -inf, -inf, -inf, -inf, -inf, -inf, -inf, -inf, -inf, -inf, -inf
3.6, 0.0319376, -inf, -inf, -inf, -inf, -inf, -inf, -inf, -inf, -inf, -inf, -inf, -inf, -inf, -inf, -inf, -inf, -inf, -inf, -inf, -inf, -inf, -inf, -inf, -inf, -inf, -inf, -inf, -inf, -inf, -inf
3.62, 0.0319376, -inf, -inf, -inf, -inf, -inf, -inf, -inf, -inf, -inf, -inf, -inf, -inf, -inf, -inf, -inf, -inf, -inf, -inf, -inf, -inf, -inf, -inf, -inf, -inf, -inf, -inf, -inf, -inf, -inf, -inf
3.64, 0.0319374, -inf, -inf, -inf, -inf, -inf, -inf, -inf, -inf, -inf, -inf, -inf, -inf, -inf, -inf, -inf, -inf, -inf, -inf, -inf, -inf, -inf, -inf, -inf, -inf, -inf, -inf, -inf, -inf, -inf, -inf
3.66, 0.0319374, -inf, -inf, -inf, -inf, -inf, -inf, -inf, -inf, -inf, -inf, -inf, -inf, -inf, -inf, -inf, -inf, -inf, -inf, -inf, -inf, -inf, -inf, -inf, -inf, -inf, -inf, -inf, -inf, -inf, -inf
3.68, 0.0319374, -inf, -inf, -inf, -inf, -inf, -inf, -inf, -inf, -inf, -inf, -inf, -inf, -inf, -inf, -inf, -inf, -inf, -inf, -inf, -inf, -inf, -inf, -inf, -inf, -inf, -inf, -inf, -inf, -inf, -inf
3.7, 0.0319374, -inf, -inf, -inf, -inf, -inf, -inf, -inf, -inf, -inf, -inf, -inf, -inf, -inf, -inf, -inf, -inf, -inf, -inf, -inf, -inf, -inf, -inf, -inf, -inf, -inf, -inf, -inf, -inf, -inf, -inf
3.72, 0.0319374, -inf, -inf, -inf, -inf, -inf, -inf, -inf, -inf, -inf, -inf, -inf, -inf, -inf, -inf, -inf, -inf, -inf, -inf, -inf, -inf, -inf, -inf, -inf, -inf, -inf, -inf, -inf, -inf, -inf, -inf
3.74, 0.0319376, -inf, -inf, -inf, -inf, -inf, -inf, -inf, -inf, -inf, -inf, -inf, -inf, -inf, -inf, -inf, -inf, -inf, -inf, -inf, -inf, -inf, -inf, -inf, -inf, -inf, -inf, -inf, -inf, -inf, -inf
3.76, 0.0319376, -inf, -inf, -inf, -inf, -inf, -inf, -inf, -inf, -inf, -inf, -inf, -inf, -inf, -inf, -inf, -inf, -inf, -inf, -inf, -inf, -inf, -inf, -inf, -inf, -inf, -inf, -inf, -inf, -inf, -inf
3.78, 0.0319376, -inf, -inf, -inf, -inf, -inf, -inf, -inf, -inf, -inf, -inf, -inf, -inf, -inf, -inf, -inf, -inf, -inf, -inf, -inf, -inf, -inf, -inf, -inf, -inf, -inf, -inf, -inf, -inf, -inf, -inf
3.8, 0.0319376, -inf, -inf, -inf, -inf, -inf, -inf, -inf, -inf, -inf, -inf, -inf, -inf, -inf, -inf, -inf, -inf, -inf, -inf, -inf, -inf, -inf, -inf, -inf, -inf, -inf, -inf, -inf, -inf, -inf, -inf
3.82, 0.0319376, -inf, -inf, -inf, -inf, -inf, -inf, -inf, -inf, -inf, -inf, -inf, -inf, -inf, -inf, -inf, -inf, -inf, -inf, -inf, -inf, -inf, -inf, -inf, -inf, -inf, -inf, -inf, -inf, -inf, -inf
3.84, 0.0319376, -inf, -inf, -inf, -inf, -inf, -inf, -inf, -inf, -inf, -inf, -inf, -inf, -inf, -inf, -inf, -inf, -inf, -inf, -inf, -inf, -inf, -inf, -inf, -inf, -inf, -inf, -inf, -inf, -inf, -inf
3.86, 0.0319376, -inf, -inf, -inf, -inf, -inf, -inf, -inf, -inf, -inf, -inf, -inf, -inf, -inf, -inf, -inf, -inf, -inf, -inf, -inf, -inf, -inf, -inf, -inf, -inf, -inf, -inf, -inf, -inf, -inf, -inf
3.88, 0.0319374, -inf, -inf, -inf, -inf, -inf, -inf, -inf, -inf, -inf, -inf, -inf, -inf, -inf, -inf, -inf, -inf, -inf, -inf, -inf, -inf, -inf, -inf, -inf, -inf, -inf, -inf, -inf, -inf, -inf, -inf
3.9, 0.0319374, -inf, -inf, -inf, -inf, -inf, -inf, -inf, -inf, -inf, -inf, -inf, -inf, -inf, -inf, -inf, -inf, -inf, -inf, -inf, -inf, -inf, -inf, -inf, -inf, -inf, -inf, -inf, -inf, -inf, -inf
3.92, 0.0319374, -inf, -inf, -inf, -inf, -inf, -inf, -inf, -inf, -inf, -inf, -inf, -inf, -inf, -inf, -inf, -inf, -inf, -inf, -inf, -inf, -inf, -inf, -inf, -inf, -inf, -inf, -inf, -inf, -inf, -inf
3.94, 0.0319374, -inf, -inf, -inf, -inf, -inf, -inf, -inf, -inf, -inf, -inf, -inf, -inf, -inf, -inf, -inf, -inf, -inf, -inf, -inf, -inf, -inf, -inf, -inf, -inf, -inf, -inf, -inf, -inf, -inf, -inf
3.96, 0.0319374, -inf, -inf, -inf, -inf, -inf, -inf, -inf, -inf, -inf, -inf, -inf, -inf, -inf, -inf, -inf, -inf, -inf, -inf, -inf, -inf, -inf, -inf, -inf, -inf, -inf, -inf, -inf, -inf, -inf, -inf
3.98, 0.0319376, -inf, -inf, -inf, -inf, -inf, -inf, -inf, -inf, -inf, -inf, -inf, -inf, -inf, -inf, -inf, -inf, -inf, -inf, -inf, -inf, -inf, -inf, -inf, -inf, -inf, -inf, -inf, -inf, -inf, -inf
4, 0.0319376, -inf, -inf, -inf, -inf, -inf, -inf, -inf, -inf, -inf, -inf, -inf, -inf, -inf, -inf, -inf, -inf, -inf, -inf, -inf, -inf, -inf, -inf, -inf, -inf, -inf, -inf, -inf, -inf, -inf, -inf
4.02, 0.0319376, -inf, -inf, -inf, -inf, -inf, -inf, -inf, -inf, -inf, -inf, -inf, -inf, -inf, -inf, -inf, -inf, -inf, -inf, -inf, -inf, -inf, -inf, -inf, -inf, -inf, -inf, -inf, -inf, -inf, -inf
4.04, 0.0319376, -inf, -inf, -inf, -inf, -inf, -inf, -inf, -inf, -inf, -inf, -inf, -inf, -inf, -inf, -inf, -inf, -inf, -inf, -inf, -inf, -inf, -inf, -inf, -inf, -inf, -inf, -inf, -inf, -inf, -inf
4.06, 0.0319376, -inf, -inf, -inf, -inf, -inf, -inf, -inf, -inf, -inf, -inf, -inf, -inf, -inf, -inf, -inf, -inf, -inf, -inf, -inf, -inf, -inf, -inf, -inf, -inf, -inf, -inf, -inf, -inf, -inf, -inf
4.08, 0.0319376, -inf, -inf, -inf, -inf, -inf, -inf, -inf, -inf, -inf, -inf, -inf, -inf, -inf, -inf, -inf, -inf, -inf, -inf, -inf, -inf, -inf, -inf, -inf, -inf, -inf, -inf, -inf, -inf, -inf, -inf
4.1, 0.0319376, -inf, -inf, -inf, -inf, -inf, -inf, -inf, -inf, -inf, -inf, -inf, -inf, -inf, -inf, -inf, -inf, -inf, -inf, -inf, -inf, -inf, -inf, -inf, -inf, -inf, -inf, -inf, -inf, -inf, -inf
4.12, 0.0319376, -inf, -inf, -inf, -inf, -inf, -inf, -inf, -inf, -inf, -inf, -inf, -inf, -inf, -inf, -inf, -inf, -inf, -inf, -inf, -inf, -inf, -inf, -inf, -inf, -inf, -inf, -inf, -inf, -inf, -inf
4.14, 0.0319376, -inf, -inf, -inf, -inf, -inf, -inf, -inf, -inf, -inf, -inf, -inf, -inf, -inf, -inf, -inf, -inf, -inf, -inf, -inf, -inf, -inf, -inf, -inf, -inf, -inf, -inf, -inf, -inf, -inf, -inf
4.16, 0.0319376, -inf, -inf, -inf, -inf, -inf, -inf, -inf, -inf, -inf, -inf, -inf, -inf, -inf, -inf, -inf, -inf, -inf, -inf, -inf, -inf, -inf, -inf, -inf, -inf, -inf, -inf, -inf, -inf, -inf, -inf
4.18, 0.0319376, -inf, -inf, -inf, -inf, -inf, -inf, -inf, -inf, -inf, -inf, -inf, -inf, -inf, -inf, -inf, -inf, -inf, -inf, -inf, -inf, -inf, -inf, -inf, -inf, -inf, -inf, -inf, -inf, -inf, -inf
4.2, 0.0319376, -inf, -inf, -inf, -inf, -inf, -inf, -inf, -inf, -inf, -inf, -inf, -inf, -inf, -inf, -inf, -inf, -inf, -inf, -inf, -inf, -inf, -inf, -inf, -inf, -inf, -inf, -inf, -inf, -inf, -inf
4.22, 0.0319376, -inf, -inf, -inf, -inf, -inf, -inf, -inf, -inf, -inf, -inf, -inf, -inf, -inf, -inf, -inf, -inf, -inf, -inf, -inf, -inf, -inf, -inf, -inf, -inf, -inf, -inf, -inf, -inf, -inf, -inf
4.24, 0.0319376, -inf, -inf, -inf, -inf, -inf, -inf, -inf, -inf, -inf, -inf, -inf, -inf, -inf, -inf, -inf, -inf, -inf, -inf, -inf, -inf, -inf, -inf, -inf, -inf, -inf, -inf, -inf, -inf, -inf, -inf
4.26, 0.0319371, -inf, -inf, -inf, -inf, -inf, -inf, -inf, -inf, -inf, -inf, -inf, -inf, -inf, -inf, -inf, -inf, -inf, -inf, -inf, -inf, -inf, -inf, -inf, -inf, -inf, -inf, -inf, -inf, -inf, -inf
4.28, 0.0319371, -inf, -inf, -inf, -inf, -inf, -inf, -inf, -inf, -inf, -inf, -inf, -inf, -inf, -inf, -inf, -inf, -inf, -inf, -inf, -inf, -inf, -inf, -inf, -inf, -inf, -inf, -inf, -inf, -inf, -inf
4.3, 0.0319371, -inf, -inf, -inf, -inf, -inf, -inf, -inf, -inf, -inf, -inf, -inf, -inf, -inf, -inf, -inf, -inf, -inf, -inf, -inf, -inf, -inf, -inf, -inf, -inf, -inf, -inf, -inf, -inf, -inf, -inf
4.32, 0.0319371, -inf, -inf, -inf, -inf, -inf, -inf, -inf, -inf, -inf, -inf, -inf, -inf, -inf, -inf, -inf, -inf, -inf, -inf, -inf, -inf, -inf, -inf, -inf, -inf, -inf, -inf, -inf, -inf, -inf, -inf
4.34, 0.0319371, -inf, -inf, -inf, -inf, -inf, -inf, -inf, -inf, -inf, -inf, -inf, -inf, -inf, -inf, -inf, -inf, -inf, -inf, -inf, -inf, -inf, -inf, -inf, -inf, -inf, -inf, -inf, -inf, -inf, -inf
4.36, 0.0319376, -inf, -inf, -inf, -inf, -inf, -inf, -inf, -inf, -inf, -inf, -inf, -inf, -inf, -inf, -inf, -inf, -inf, -inf, -inf, -inf, -inf, -inf, -inf, -inf, -inf, -inf, -inf, -inf, -inf, -inf
4.38, 0.0319376, -inf, -inf, -inf, -inf, -inf, -inf, -inf, -inf, -inf, -inf, -inf, -inf, -inf, -inf, -inf, -inf, -inf, -inf, -inf, -inf, -inf, -inf, -inf, -inf, -inf, -inf, -inf, -inf, -inf, -inf
4.4, 0.0319376, -inf, -inf, -inf, -inf, -inf, -inf, -inf, -inf, -inf, -inf, -inf, -inf, -inf, -inf, -inf, -inf, -inf, -inf, -inf, -inf, -inf, -inf, -inf, -inf, -inf, -inf, -inf, -inf, -inf, -inf
4.42, 0.0319376, -inf, -inf, -inf, -inf, -inf, -inf, -inf, -inf, -inf, -inf, -inf, -inf, -inf, -inf, -inf, -inf, -inf, -inf, -inf, -inf, -inf, -inf, -inf, -inf, -inf, -inf, -inf, -inf, -inf, -inf
4.44, 0.0319376, -inf, -inf, -inf, -inf, -inf, -inf, -inf, -inf, -inf, -inf, -inf, -inf, -inf, -inf, -inf, -inf, -inf, -inf, -inf, -inf, -inf, -inf, -inf, -inf, -inf, -inf, -inf, -inf, -inf, -inf
4.46, 0.0319376, -inf, -inf, -inf, -inf, -inf, -inf, -inf, -inf, -inf, -inf, -inf, -inf, -inf, -inf, -inf, -inf, -inf, -inf, -inf, -inf, -inf, -inf, -inf, -inf, -inf, -inf, -inf, -inf, -inf, -inf
4.48, 0.0319376, -inf, -inf, -inf, -inf, -inf, -inf, -inf, -inf, -inf, -inf, -inf, -inf, -inf, -inf, -inf, -inf, -inf, -inf, -inf, -inf, -inf, -inf, -inf, -inf, -inf, -inf, -inf, -inf, -inf, -inf
4.5, 0.0319376, -inf, -inf, -inf, -inf, -inf, -inf, -inf, -inf, -inf, -inf, -inf, -inf, -inf, -inf, -inf, -inf, -inf, -inf, -inf, -inf, -inf, -inf, -inf, -inf, -inf, -inf, -inf, -inf, -inf, -inf
4.52, 0.0319376, -inf, -inf, -inf, -inf, -inf, -inf, -inf, -inf, -inf, -inf, -inf, -inf, -inf, -inf, -inf, -inf, -inf, -inf, -inf, -inf, -inf, -inf, -inf, -inf, -inf, -inf, -inf, -inf, -inf, -inf
4.54, 0.0319376, -inf, -inf, -inf, -inf, -inf, -inf, -inf, -inf, -inf, -inf, -inf, -inf, -inf, -inf, -inf, -inf, -inf, -inf, -inf, -inf, -inf, -inf, -inf, -inf, -inf, -inf, -inf, -inf, -inf, -inf
4.56, 0.0319376, -inf, -inf, -inf, -inf, -inf, -inf, -inf, -inf, -inf, -inf, -inf, -inf, -inf, -inf, -inf, -inf, -inf, -inf, -inf, -inf, -inf, -inf, -inf, -inf, -inf, -inf, -inf, -inf, -inf, -inf
4.58, 0.0319376, -inf, -inf, -inf, -inf, -inf, -inf, -inf, -inf, -inf, -inf, -inf, -inf, -inf, -inf, -inf, -inf, -inf, -inf, -inf, -inf, -inf, -inf, -inf, -inf, -inf, -inf, -inf, -inf, -inf, -inf
4.6, 0.0319376, -inf, -inf, -inf, -inf, -inf, -inf, -inf, -inf, -inf, -inf, -inf, -inf, -inf, -inf, -inf, -inf, -inf, -inf, -inf, -inf, -inf, -inf, -inf, -inf, -inf, -inf, -inf, -inf, -inf, -inf
4.62, 0.0319376, -inf, -inf, -inf, -inf, -inf, -inf, -inf, -inf, -inf, -inf, -inf, -inf, -inf, -inf, -inf, -inf, -inf, -inf, -inf, -inf, -inf, -inf, -inf, -inf, -inf, -inf, -inf, -inf, -inf, -inf
4.64, 0.0319376, -inf, -inf, -inf, -inf, -inf, -inf, -inf, -inf, -inf, -inf, -inf, -inf, -inf, -inf, -inf, -inf, -inf, -inf, -inf, -inf, -inf, -inf, -inf, -inf, -inf, -inf, -inf, -inf, -inf, -inf
4.66, 0.0319376, -inf, -inf, -inf, -inf, -inf, -inf, -inf, -inf, -inf, -inf, -inf, -inf, -inf, -inf, -inf, -inf, -inf, -inf, -inf, -inf, -inf, -inf, -inf, -inf, -inf, -inf, -inf, -inf, -inf, -inf
4.68, 0.0319376, -inf, -inf, -inf, -inf, -inf, -inf, -inf, -inf, -inf, -inf, -inf, -inf, -inf, -inf, -inf, -inf, -inf, -inf, -inf, -inf, -inf, -inf, -inf, -inf, -inf, -inf, -inf, -inf, -inf, -inf
4.7, 0.0319376, -inf, -inf, -inf, -inf, -inf, -inf, -inf, -inf, -inf, -inf, -inf, -inf, -inf, -inf, -inf, -inf, -inf, -inf, -inf, -inf, -inf, -inf, -inf, -inf, -inf, -inf, -inf, -inf, -inf, -inf
4.72, 0.0319376, -inf, -inf, -inf, -inf, -inf, -inf, -inf, -inf, -inf, -inf, -inf, -inf, -inf, -inf, -inf, -inf, -inf, -inf, -inf, -inf, -inf, -inf, -inf, -inf, -inf, -inf, -inf, -inf, -inf, -inf
4.74, 0.0319376, -inf, -inf, -inf, -inf, -inf, -inf, -inf, -inf, -inf, -inf, -inf, -inf, -inf, -inf, -inf, -inf, -inf, -inf, -inf, -inf, -inf, -inf, -inf, -inf, -inf, -inf, -inf, -inf, -inf, -inf
4.76, 0.0319371, -inf, -inf, -inf, -inf, -inf, -inf, -inf, -inf, -inf, -inf, -inf, -inf, -inf, -inf, -inf, -inf, -inf, -inf, -inf, -inf, -inf, -inf, -inf, -inf, -inf, -inf, -inf, -inf, -inf, -inf
4.78, 0.0319371, -inf, -inf, -inf, -inf, -inf, -inf, -inf, -inf, -inf, -inf, -inf, -inf, -inf, -inf, -inf, -inf, -inf, -inf, -inf, -inf, -inf, -inf, -inf, -inf, -inf, -inf, -inf, -inf, -inf, -inf
4.8, 0.0319371, -inf, -inf, -inf, -inf, -inf, -inf, -inf, -inf, -inf, -inf, -inf, -inf, -inf, -inf, -inf, -inf, -inf, -inf, -inf, -inf, -inf, -inf, -inf, -inf, -inf, -inf, -inf, -inf, -inf, -inf
4.82, 0.0319371, -inf, -inf, -inf, -inf, -inf, -inf, -inf, -inf, -inf, -inf, -inf, -inf, -inf, -inf, -inf, -inf, -inf, -inf, -inf, -inf, -inf, -inf, -inf, -inf, -inf, -inf, -inf, -inf, -inf, -inf
4.84, 0.0319371, -inf, -inf, -inf, -inf, -inf, -inf, -inf, -inf, -inf, -inf, -inf, -inf, -inf, -inf, -inf, -inf, -inf, -inf, -inf, -inf, -inf, -inf, -inf, -inf, -inf, -inf, -inf, -inf, -inf, -inf
4.86, 0.0319376, -inf, -inf, -inf, -inf, -inf, -inf, -inf, -inf, -inf, -inf, -inf, -inf, -inf, -inf, -inf, -inf, -inf, -inf, -inf, -inf, -inf, -inf, -inf, -inf, -inf, -inf, -inf, -inf, -inf, -inf
4.88, 0.0319376, -inf, -inf, -inf, -inf, -inf, -inf, -inf, -inf, -inf, -inf, -inf, -inf, -inf, -inf, -inf, -inf, -inf, -inf, -inf, -inf, -inf, -inf, -inf, -inf, -inf, -inf, -inf, -inf, -inf, -inf
4.9, 0.0319376, -inf, -inf, -inf, -inf, -inf, -inf, -inf, -inf, -inf, -inf, -inf, -inf, -inf, -inf, -inf, -inf, -inf, -inf, -inf, -inf, -inf, -inf, -inf, -inf, -inf, -inf, -inf, -inf, -inf, -inf
4.92, 0.0319376, -inf, -inf, -inf, -inf, -inf, -inf, -inf, -inf, -inf, -inf, -inf, -inf, -inf, -inf, -inf, -inf, -inf, -inf, -inf, -inf, -inf, -inf, -inf, -inf, -inf, -inf, -inf, -inf, -inf, -inf
4.94, 0.0319376, -inf, -inf, -inf, -inf, -inf, -inf, -inf, -inf, -inf, -inf, -inf, -inf, -inf, -inf, -inf, -inf, -inf, -inf, -inf, -inf, -inf, -inf, -inf, -inf, -inf, -inf, -inf, -inf, -inf, -inf
4.96, 0.0319376, -inf, -inf, -inf, -inf, -inf, -inf, -inf, -inf, -inf, -inf, -inf, -inf, -inf, -inf, -inf, -inf, -inf, -inf, -inf, -inf, -inf, -inf, -inf, -inf, -inf, -inf, -inf, -inf, -inf, -inf
