# Time (seconds), Duration (seconds), f0, f1, f2, f3, f4, f5, f6, f7, f8, f9, f10, f11, f12, f13, f14, f15, f16, f17, f18, f19, f20, f21, f22, f23, f24, f25, f26, f27, f28, f29
0, 0.0319375, -1.78293, -1.98859, -1.55823, -1.6295, -1.99076, -0.976389, -0.8576, -0.438892, 0.0493723, 0.23458, 0.36639, 0.340283, 0.0927472, -0.044629, -0.25996, -1.08317, -1.2101, -1.19292, -1.41416, -0.81346, -0.664719, -1.05653, -0.826462, -1.01422, -0.641667, -0.585111, -0.874681, -0.560546, -0.732052, -0.848503
0.02, 0.0319375, -1.77425, -1.91425, -1.37165, -1.23631, -2.40357, -2.02701, -1.36196, -1.47691, -1.27542, -0.888511, -0.910254, -0.85229, -0.631876, -0.391177, -0.0309555, 0.218344, -0.148389, -0.316224, -0.051172, 0.100704, 0.351217, 0.373394, 0.269491, 0.312801, 0.300411, 0.0922199, -0.397657, -0.462855, -0.633401, -0.776944
0.04, 0.0319375, -1.67454, -2.33564, -2.90562, -2.15111, -2.02011, -1.75932, -1.70064, -1.32605, -1.32335, -1.49188, -1.97745, -1.51239, -1.11096, -0.891687, -1.32852, -1.09572, -0.916673, -1.19931, -1.19718, -0.804938, -0.554856, -0.608856, -0.676592, -1.06904, -1.1939, -0.838764, -0.935819, -0.725873, -0.572637, -0.70819
0.06, 0.0319375, -2.04127, -1.55809, -0.835931, -0.908385, -1.05123, -1.33073, -0.986153, -0.902578, -1.28648, -1.48273, -1.48885, -1.36073, -1.90962, -1.52871, -1.93357, -2.26879, -2.19519, -1.87889, -2.13494, -2.15238, -2.10072, -2.03035, -1.89306, -1.97539, -1.88099, -1.94186, -1.82144, -1.99205, -2.11216, -2.09701
0.08, 0.0319375, -1.98389, -1.8227, -1.54191, -1.6363, -2.50039, -2.99834, -2.72162, -1.84636, -2.70307, -2.55543, -2.64805, -2.17207, -2.14414, -1.75387, -2.05304, -2.01626, -2.00622, -2.48665, -2.13258, -2.05594, -2.13421, -2.7595, -2.07425, -2.1408, -1.91881, -2.21822, -2.03614, -2.02028, -2.50593, -1.99423
0.1, 0.0319375, -1.73268, -1.43904, -1.09328, -1.37564, -1.87689, -2.35538, -2.68396, -2.2123, -2.1708, -2.13528, -2.37086, -2.38016, -2.1251, -1.71634, -2.27653, -2.43169, -1.98445, -1.97975, -2.03477, -2.18977, -2.46741, -2.28239, -2.40409, -2.54046, -2.22522, -2.60324, -2.62849, -2.46541, -2.0647, -1.83173
0.12, 0.0319375, -1.93507, -2.35432, -2.69139, -2.452, -2.85253, -2.84188, -2.4831, -2.70872, -2.55665, -2.65878, -2.67588, -2.31285, -2.5551, -2.22878, -2.39037, -2.19344, -2.208, -2.54619, -2.81488, -2.98928, -2.8183, -2.90109, -2.62475, -2.89676, -2.68301, -2.67703, -2.84759, -2.85566, -3.02656, -2.80533
0.14, 0.0319375, -2.17969, -1.95875, -2.07848, -1.33568, -1.28306, -2.04984, -2.24891, -2.04682, -2.34675, -2.69644, -3.49594, -3.3586, -2.51817, -2.53136, -2.91781, -3.01923, -2.37084, -2.26879, -2.54482, -3.09035, -3.1213, -2.50409, -2.17342, -2.33839, -2.3057, -2.39567, -2.22442, -1.97079, -2.1844, -2.00608
0.16, 0.0319375, -2.36543, -2.59218, -2.27093, -2.41818, -2.58738, -2.84773, -2.46989, -2.67257, -2.31311, -2.44304, -2.05074, -3.19182, -2.7731, -2.67684, -2.91256, -2.71357, -2.12321, -1.94422, -1.87504, -1.85258, -2.41616, -2.34207, -2.51599, -2.27387, -2.44907, -3.00023, -2.4371, -2.05369, -1.947, -2.24769
0.18, 0.0319375, -2.27765, -2.31284, -2.26431, -2.30045, -2.81036, -2.88947, -3.19667, -2.18217, -2.87138, -3.50115, -3.0045, -2.36979, -2.80928, -3.23011, -2.93398, -2.94199, -2.22906, -2.35866, -2.4259, -2.49051, -2.42805, -2.36843, -2.38125, -2.47393, -2.67387, -2.5975, -2.3781, -2.54005, -2.89939, -2.68002
0.2, 0.0319375, -2.88163, -2.27763, -2.47577, -2.19931, -2.53701, -2.65643, -2.40877, -2.0556, -2.33072, -2.19576, -2.30537, -2.22917, -2.3374, -1.93465, -2.03346, -1.39573, -1.87546, -2.25828, -2.38757, -1.60273, -1.07591, -1.05735, -1.44337, -1.36859, -1.27045, -1.83795, -1.5006, -1.70635, -1.85993, -1.40383
0.22, 0.0319375, -1.86848, -2.33614, -2.49837, -1.95096, -2.76555, -2.29174, -1.7948, -1.94963, -2.06121, -2.70521, -2.69235, -2.75432, -2.23501, -2.7591, -2.67273, -2.49678, -2.8888, -3.0838, -3.10142, -2.81893, -2.81225, -2.57293, -2.76295, -2.97768, -2.57663, -2.69093, -2.9508, -2.86041, -2.94898, -2.91316
0.24, 0.0319375, -2.18133, -2.41917, -2.61753, -1.47693, -1.38192, -2.49734, -1.84217, -1.37441, -1.76095, -1.98597, -2.29945, -1.83243, -2.21218, -2.55636, -2.24782, -3.12411, -2.83139, -2.67132, -2.58684, -2.64895, -2.61993, -2.84719, -3.10089, -2.72623, -2.85064, -3.25799, -3.20912, -3.31046, -3.35288, -3.28438
0.26, 0.0319375, -1.77812, -2.38658, -2.55153, -2.28083, -2.95648, -2.83222, -3.643, -2.96883, -2.83638, -2.73982, -3.45186, -3.46422, -3.57135, -3.64792, -3.58124, -3.51694, -3.40138, -3.20952, -2.81001, -3.33143, -3.27219, -3.24736, -3.28256, -3.0785, -3.10198, -3.18973, -3.10711, -3.4024, -3.19405, -3.10028
0.28, 0.0319375, -3.16923, -2.63194, -2.60759, -2.47736, -3.53643, -4.5044, -3.42505, -3.04513, -3.21594, -3.45006, -3.54687, -3.37858, -3.8117, -3.87529, -3.5818, -4.07297, -3.74616, -3.78572, -3.40854, -3.77511, -3.24623, -3.21011, -2.92938, -2.84134, -2.97572, -3.37535, -3.08477, -3.00881, -2.94352, -3.1239
0.3, 0.0319375, -2.5553, -2.52149, -2.99693, -3.35939, -3.12236, -3.23804, -3.54154, -3.08356, -3.47536, -4.00761, -3.65727, -3.44099, -3.84007, -3.66542, -4.28644, -3.57059, -3.7183, -3.70368, -3.43563, -3.19385, -3.12443, -3.23194, -3.10103, -2.84277, -2.98912, -3.41973, -3.30731, -3.15795, -3.26484, -3.48426
0.32, 0.0319375, -3.16041, -3.23735, -3.48175, -3.12886, -3.31681, -4.03977, -3.38943, -2.91772, -3.03734, -3.21735, -3.58185, -4.17239, -3.60164, -3.16746, -2.63288, -2.85648, -2.9127, -2.5011, -2.37179, -1.93827, -2.90432, -3.14602, -2.53305, -2.61713, -2.48641, -2.10042, -1.83817, -2.33941, -2.78178, -2.24525
0.34, 0.0319375, -2.98739, -3.17335, -2.4455, -3.14859, -3.35103, -3.67681, -2.89088, -2.94148, -3.18853, -3.58063, -4.08195, -3.94518, -4.20034, -3.5208, -3.84481, -3.51105, -3.80085, -3.51603, -3.13969, -3.21183, -3.26684, -2.89809, -2.71275, -3.41196, -3.0421, -2.74334, -2.81852, -2.85006, -3.15739, -3.13326
0.36, 0.0319375, -2.98185, -2.81254, -2.0974, -2.36532, -2.81176, -3.42641, -3.27647, -3.73388, -3.93552, -4.34182, -4.19854, -3.86142, -3.70489, -3.74377, -4.10175, -3.55088, -3.32509, -2.91767, -3.2283, -3.1141, -3.30819, -3.08036, -2.96164, -3.04112, -3.00138, -2.76923, -2.97848, -2.97512, -2.93211, -2.72105
0.38, 0.0319375, -3.79024, -2.48413, -2.46392, -2.62559, -2.09016, -2.61489, -2.9276, -4.14603, -3.59792, -4.18025, -3.68622, -3.68881, -3.8037, -3.92669, -3.65423, -3.64819, -4.04007, -3.69708, -3.76142, -3.04724, -2.85736, -3.20494, -3.09459, -3.103, -2.94477, -2.97053, -2.72923, -2.90195, -3.15093, -2.95415
0.4, 0.0319375, -3.54347, -3.22124, -3.50439, -3.36527, -3.3007, -3.80862, -3.99095, -4.11271, -4.10601, -4.03016, -4.26123, -4.37109, -3.90931, -3.87972, -4.3268, -3.94171, -3.64035, -4.01638, -3.51737, -3.14899, -3.17345, -2.95301, -2.84783, -2.73779, -2.95816, -3.14711, -2.91192, -3.34804, -3.12788, -3.02603
0.42, 0.0319375, -3.14216, -3.28657, -3.30558, -2.92308, -2.7853, -3.77254, -4.03821, -3.91451, -3.54449, -3.78143, -4.1841, -4.15299, -4.14851, -4.15996, -4.36477, -3.65961, -4.26151, -3.62223, -4.10534, -3.25248, -2.95276, -2.7312, -2.82101, -2.95556, -2.91817, -2.6708, -2.30565, -2.71238, -3.09757, -3.00757
0.44, 0.0319375, -3.07669, -3.40627, -3.04082, -3.65073, -3.25952, -4.10807, -3.22268, -3.44097, -4.0129, -3.98801, -4.01882, -3.87028, -4.24504, -3.89221, -4.0711, -3.4698, -4.05864, -3.67879, -3.64693, -3.44516, -2.6964, -2.35034, -2.71767, -2.92246, -3.04037, -3.07042, -3.206, -3.0744, -2.75904, -2.94158
0.46, 0.0319375, -3.52234, -2.90397, -3.32722, -3.21666, -3.70901, -3.37565, -3.95705, -3.86606, -4.20764, -4.27328, -4.31246, -4.02722, -3.15114, -2.68248, -2.96471, -2.63717, -2.10424, -2.25856, -1.41762, -0.983059, -0.727857, -0.586228, -0.382409, -0.104177, -0.155573, -0.855498, -0.991645, -0.855675, -1.32225, -0.988496
0.48, 0.0319375, -2.61036, -2.61213, -2.68838, -2.85707, -2.77274, -3.12393, -3.47254, -4.15439, -4.12806, -4.10698, -4.30053, -3.76365, -4.22689, -3.84506, -4.60853, -3.82748, -3.49756, -2.92509, -2.81383, -2.59761, -2.11205, -2.59555, -2.75131, -2.54635, -2.42744, -2.96094, -2.85954, -2.5849, -2.64424, -2.81418
0.5, 0.0319375, -1.46941, -1.45045, -1.28439, -1.49243, -1.75681, -2.99635, -3.16132, -3.68681, -3.69045, -4.07951, -4.18204, -4.06346, -3.93997, -4.18439, -3.90261, -3.35445, -3.28265, -2.96629, -2.54651, -2.61358, -2.25836, -2.3601, -2.48711, -2.50703, -2.44813, -2.47701, -2.51331, -2.79397, -2.62578, -2.30095
0.52, 0.0319375, -2.31578, -1.57707, -0.818043, -0.656924, -0.956161, -1.43995, -1.63075, -1.51132, -0.976869, -0.989198, -0.842848, -1.07266, -0.895647, -0.822607, -0.848141, -1.27863, -1.33188, -1.32337, -0.877535, -0.947667, -1.18844, -0.993406, -1.2635, -1.02986, -0.994244, -1.07673, -1.35205, -1.35464, -1.24567, -0.858997
0.54, 0.0319375, -0.577615, -0.682036, 0.100731, -0.0525996, -0.0947054, -0.378107, 0.0795522, 0.577154, 0.971993, 0.948989, 0.709893, 0.830374, 1.15983, 0.813866, 0.436736, 0.310106, 0.504928, 0.34633, 0.408526, 0.312294, 0.186422, -0.15566, -0.0513977, 0.257339, 0.235661, 0.794872, 0.565414, -0.147026, -0.452246, -0.0413126
0.56, 0.0319375, 0.432106, 0.0653923, -0.491166, 0.199999, 0.652876, 0.510705, 0.45785, 0.66024, 1.11044, 1.23082, 1.224, 1.3258, 1.57345, 1.63122, 0.925499, 0.546183, 0.616216, 0.997354, 1.36491, 1.33744, 1.19177, 0.943794, 1.10674, 0.749474, 0.611744, 0.656035, 0.390277, 0.547957, 0.572922, 0.10496
0.58, 0.0319375, 0.523837, 0.876953, 0.978045, 1.15068, 1.63432, 0.974478, 0.938224, 0.744166, 1.24393, 1.0562, 1.54501, 1.44476, 1.51596, 1.1815, 0.679277, 0.815582, 0.398489, 0.886502, 0.751949, 0.807881, 0.964885, 0.878652, 0.698295, 0.508993, 0.632551, 0.859177, 0.569354, 0.20279, 0.246244, 0.287812
0.6, 0.0319375, -0.411702, 0.818348, 1.50091, 1.42235, 1.56101, 1.68825, 1.6357, 1.86995, 1.35962, 1.93933, 1.98184, 2.38263, 2.0827, 1.52818, 1.21019, 0.674706, 0.468248, 0.345303, 0.260551, 0.58615, 0.787232, 0.701875, 0.476761, 0.63361, 0.536106, 0.906145, 0.578247, 0.527018, 0.664396, 0.606362
0.62, 0.0319375, -0.520655, -0.197731, -0.0394996, -0.676147, -0.152295, -0.283787, 0.024297, 0.532174, 1.23092, 1.44161, 1.39191, 1.21586, 0.861557, 0.544957, 0.48003, 0.0662952, 0.230277, 0.775625, 0.911903, 0.522212, -0.00824726, -0.125526, 0.462459, 0.721114, 0.77171, 0.747569, 0.673662, 0.476481, 0.394645, 0.424054
0.64, 0.0319375, -1.34688, -0.851742, -0.399522, 0.0799515, 0.406721, 0.814625, 0.959013, 1.3701, 1.87114, 2.01158, 1.98762, 1.5463, 1.10522, 0.968897, 0.96683, 0.698491, 0.898313, 0.987013, 0.758393, 0.357959, 0.516175, 0.0257738, 0.0115199, -0.097413, -0.0206816, -0.195051, 0.117078, 0.465924, 0.249744, 0.157452
0.66, 0.0319375, -0.76399, -1.02757, -1.1466, -1.21383, -0.240092, 0.16423, -0.134428, 0.415198, 0.447457, 0.737463, 0.80309, 0.436888, 0.415306, 0.526624, 0.162126, 0.10848, -0.0190778, 0.146581, 0.190391, 0.305289, 0.077595, -0.386922, -0.319229, -0.183507, -0.204616, -0.241807, -0.0945507, 0.235893, 0.334811, -0.0444487
0.68, 0.0319375, -1.34877, -1.20506, -0.498643, 0.218372, 0.475866, 1.03315, 1.29424, 1.20576, 0.989518, 0.501381, 0.37584, 0.487343, 0.497252, 0.368717, 0.0625524, -0.0497753, -0.144715, 0.164282, -0.550242, -0.231233, -0.350366, -0.855393, -0.494802, -1.31202, -0.835091, -0.576812, -0.656697, -0.435951, -0.383164, -0.325654
0.7, 0.0319375, -1.25406, -1.46305, -1.20282, -0.949909, -0.230865, -0.452718, 0.0293175, 0.0532394, -0.0455178, 0.148121, 0.114967, 0.265251, 0.0797883, 0.283045, 0.454645, 0.0558122, -0.257251, -0.329284, -0.244778, -0.293142, -0.600335, -0.442803, -0.39876, -0.554296, -0.481777, -0.27913, -0.192222, -0.31147, -0.292523, -0.402647
0.72, 0.0319375, -1.6434, -2.31867, -1.52884, -1.55263, -1.34083, -0.272645, -0.467157, 0.0876283, 0.0769773, 0.10893, 0.0690407, 0.342727, 0.317937, -0.37409, -0.150291, 0.037687, -0.140511, 0.069989, -0.129851, -0.427521, -0.601394, -0.596349, -0.357068, -0.743045, -0.73623, -0.692051, -0.695793, -0.599735, -0.64012, -0.354013
0.74, 0.0319375, -2.35242, -1.93247, -2.02534, -2.1972, -1.88911, -1.06893, -0.988564, -0.32154, -0.301454, -0.0375741, -0.062703, -0.123812, -0.0335313, -0.104063, 0.0235299, 0.0986677, -0.0815943, -0.316279, -0.390976, -0.387748, -0.334316, -0.435218, -0.464556, -0.597802, -0.5304, -0.889728, -0.724862, -0.826831, -0.760595, -0.77427
0.76, 0.0319375, -1.93819, -1.50086, -1.71812, -1.00134, -0.524675, -0.627651, -0.459331, -0.063095, 0.359225, 0.589236, 0.60629, 0.46218, 0.203859, -0.245237, -0.412147, -0.392913, -0.660638, -0.720471, -0.725101, -0.746996, -0.730177, -0.897914, -0.806331, -0.978223, -1.22889, -1.10245, -1.29446, -1.23067, -1.31522, -1.20736
0.78, 0.0319375, -2.1615, -1.9137, -1.74021, -2.19938, -1.2791, -1.42688, -1.34916, -0.894284, -0.64003, -0.277561, -0.0476124, -0.298208, -0.57965, -0.753206, -1.16063, -1.11954, -1.46278, -1.62995, -1.29402, -1.37537, -1.10176, -1.00288, -1.25153, -1.4205, -0.826002, -1.13095, -1.05896, -0.811176, -1.50777, -1.06641
0.8, 0.0319375, -2.02926, -2.7424, -2.53986, -2.62378, -2.13115, -2.35433, -2.10857, -2.01432, -1.62209, -1.08632, -1.81391, -0.951052, -0.873806, -0.835576, -1.18883, -1.80312, -1.44433, -1.28888, -1.22303, -0.767425, -0.590046, -0.583571, -0.715191, -1.06151, -1.12749, -1.46346, -1.21304, -1.2178, -1.63712, -1.23584
0.82, 0.0319375, -1.29324, -1.53735, -1.02848, -0.809089, -1.87179, -1.90046, -1.69812, -1.57211, -1.55414, -1.85349, -2.14122, -1.75388, -1.46595, -1.61848, -2.03674, -2.14666, -1.97948, -1.80556, -1.68839, -1.95181, -1.71903, -1.73063, -1.31735, -1.34524, -0.825131, -0.531483, -0.574856, -0.699948, -1.08756, -1.35241
0.84, 0.0319375, -1.77965, -1.29556, -0.883451, -1.72539, -2.52596, -2.3785, -1.4523, -1.23538, -1.3439, -0.876263, -0.837586, -0.876554, -0.749522, -0.61342, -1.60282, -0.578668, -0.923606, -0.435899, -1.00575, -0.853595, -1.18329, -1.66864, -2.04379, -1.94302, -0.733895, -0.521072, -0.917262, -1.9013, -2.02525, -1.57444
0.86, 0.0319375, -2.01616, -1.65356, -1.65611, -1.6616, -1.40507, -1.57487, -1.64761, -1.67147, -1.62217, -1.94748, -1.47092, -1.95863, -2.18857, -1.94334, -1.62516, -1.31566, -1.19706, -1.63382, -2.26387, -1.86783, -2.01386, -2.03819, -1.93623, -1.50498, -1.61977, -1.21647, -1.6207, -1.76833, -1.70012, -1.3721
0.88, 0.0319375, -2.31322, -2.30719, -2.75931, -3.02627, -2.91797, -2.45146, -2.84226, -2.99998, -2.84376, -2.15275, -2.61132, -2.1731, -2.09489, -1.75702, -2.89713, -2.15052, -2.30871, -2.18241, -2.10551, -1.85552, -2.18016, -2.74235, -2.40226, -2.50397, -2.61018, -2.30396, -1.97253, -2.06231, -2.44596, -2.36728
0.9, 0.0319375, -3.33574, -2.56365, -2.03441, -1.95902, -1.69045, -2.05949, -2.72161, -2.22974, -2.17234, -1.76403, -1.36966, -1.68471, -1.7692, -1.64315, -2.42024, -2.51044, -1.89704, -2.49694, -2.32099, -2.85369, -1.92882, -2.05665, -1.89094, -2.16579, -2.31244, -2.23629, -1.52085, -1.48374, -1.85679, -2.01187
0.92, 0.0319375, -3.08031, -3.1696, -3.41271, -3.28907, -2.51379, -2.29302, -3.37089, -3.36286, -2.56622, -2.70889, -3.18252, -2.66715, -2.8313, -2.61066, -3.21081, -3.00808, -3.42384, -2.92923, -3.16932, -2.91526, -2.39251, -2.5916, -2.54085, -2.41374, -2.40138, -2.34963, -2.58861, -2.54056, -2.45732, -2.46998
0.94, 0.0319375, -2.12576, -2.69064, -2.26433, -2.40058, -2.56006, -2.49865, -2.91013, -2.55377, -2.64451, -2.8478, -2.41871, -2.23695, -2.55043, -2.56285, -2.42815, -2.64214, -2.57622, -2.7406, -2.48022, -2.43356, -2.34213, -2.2094, -2.6172, -2.61647, -2.00914, -1.56909, -1.99283, -2.08627, -1.66136, -1.79722
0.96, 0.0319375, -3.28362, -2.78311, -3.21419, -3.36308, -2.29722, -2.67778, -2.40807, -2.75413, -2.44892, -2.48431, -2.71722, -3.15421, -3.03827, -3.27405, -2.98158, -3.64106, -3.40792, -2.84834, -2.72716, -2.69585, -2.85353, -2.92506, -2.85042, -3.09748, -2.81516, -2.60832, -2.47701, -2.77512, -2.59534, -2.54831
0.98, 0.0319375, -2.85345, -2.95617, -2.47907, -2.8653, -2.8092, -2.63733, -2.22318, -3.0959, -2.84965, -2.55205, -2.28109, -2.57088, -2.88385, -2.899, -3.03588, -2.81589, -3.08038, -2.87023, -1.96846, -2.21354, -2.36669, -2.89572, -2.87354, -2.71848, -2.88051, -2.78702, -3.16074, -3.01559, -3.03863, -2.80645
1, 0.0319375, -3.06807, -2.94318, -2.64445, -3.09154, -2.24931, -2.91591, -3.30482, -3.21073, -3.25678, -3.08273, -3.35114, -3.09465, -3.18694, -3.19682, -3.51151, -3.6262, -3.50911, -3.19881, -2.39256, -2.75663, -3.30942, -3.38582, -3.00922, -2.73107, -3.01243, -2.94668, -3.02254, -3.20606, -3.01656, -2.88788
1.02, 0.0319375, -2.62591, -3.21366, -2.50181, -3.087, -3.35517, -2.77441, -3.09708, -3.42093, -2.57608, -3.16537, -3.49786, -3.07677, -3.1011, -3.55868, -3.33646, -3.42885, -3.14627, -3.48351, -2.29545, -2.46325, -2.57087, -2.65636, -3.11375, -2.84273, -2.57751, -2.07913, -2.08558, -2.48103, -2.55456, -2.30422
1.04, 0.0319375, -3.90893, -3.94498, -2.8938, -2.62397, -3.41817, -3.5101, -4.05424, -3.72154, -2.98566, -3.07762, -3.46916, -3.62775, -3.50214, -3.52073, -3.61723, -3.80025, -3.42361, -3.34684, -2.58039, -2.77877, -2.35021, -2.71085, -3.00255, -3.07078, -2.82435, -3.31631, -2.93754, -3.0745, -2.93871, -2.98096
1.06, 0.0319376, -3.17091, -3.11659, -2.46884, -2.51452, -3.04307, -2.9026, -3.24948, -3.70623, -3.34514, -3.5945, -3.9882, -3.36111, -3.29598, -4.13524, -4.3702, -4.4995, -4.46502, -4.14765, -3.50055, -3.21973, -2.7931, -3.30843, -3.002, -2.79462, -3.14716, -3.16802, -2.74545, -3.08657, -3.30774, -3.13221
1.08, 0.0319375, -2.84459, -2.74787, -2.85748, -2.95936, -3.49672, -3.3932, -3.28044, -3.37603, -3.21236, -3.96509, -4.00944, -3.72074, -3.8227, -4.29196, -4.12871, -3.95572, -3.57091, -4.02627, -3.31681, -2.53796, -1.99863, -3.33431, -3.312, -3.19194, -2.87081, -3.09917, -3.43947, -3.5375, -3.08722, -3.2257
1.1, 0.0319375, -2.67979, -3.16675, -2.94553, -3.75593, -3.79692, -3.05534, -3.56658, -2.9434, -3.45948, -3.82733, -3.94116, -3.75833, -4.10352, -3.75889, -3.60819, -4.10202, -3.71508, -3.75271, -3.92615, -2.37412, -2.04519, -3.38644, -3.07449, -3.00667, -2.74049, -2.88603, -3.1979, -3.25715, -3.23737, -3.07077
1.12, 0.0319375, -2.44088, -2.13482, -1.98278, -1.93254, -2.18913, -2.22965, -2.24282, -2.39095, -3.27844, -3.97678, -4.63958, -3.90519, -3.99089, -4.58465, -4.27188, -3.48576, -3.93855, -4.33897, -3.81457, -3.05461, -2.8937, -3.54913, -3.34903, -3.0523, -3.51614, -2.93333, -3.05553, -3.32626, -3.32574, -3.24637
1.14, 0.0319375, -3.18565, -3.59751, -2.64175, -3.08216, -2.43235, -3.30144, -3.75335, -3.41805, -3.67355, -3.79257, -4.38623, -3.97979, -3.89457, -3.78513, -3.6723, -3.90103, -3.11266, -3.17409, -3.59556, -2.99752, -3.14363, -2.948, -2.70304, -3.085, -2.64017, -2.86076, -3.1072, -3.21575, -3.19365, -2.96214
1.16, 0.0319375, -3.68287, -3.29594, -3.42982, -2.65037, -2.66594, -3.28525, -2.97531, -3.761, -3.86851, -3.88793, -3.96235, -4.14054, -4.3745, -3.89216, -4.39108, -4.10099, -3.93337, -3.41972, -3.66274, -3.39068, -3.02314, -3.08393, -3.16846, -3.07803, -3.3042, -3.02021, -2.71385, -2.79268, -3.04713, -3.1695
1.18, 0.0319376, -3.26651, -2.98786, -4.17794, -3.30736, -3.21884, -4.4647, -3.54175, -3.22987, -3.34364, -3.91424, -3.89651, -3.98143, -3.77378, -4.13387, -4.07917, -4.08956, -3.55106, -3.28712, -3.94819, -3.29127, -3.45963, -3.44766, -3.43173, -3.6022, -3.28941, -3.00568, -3.4222, -3.26836, -3.08612, -3.15814
1.2, 0.0319375, -3.19049, -4.47482, -4.83281, -4.19358, -4.39771, -4.24935, -4.00782, -3.90089, -3.28322, -3.24551, -3.65027, -4.25958, -3.64211, -3.57295, -3.55104, -3.3049, -3.04957, -2.86741, -3.072, -2.83753, -2.50564, -3.05102, -3.20387, -3.37256, -3.31695, -3.37675, -3.42464, -3.67151, -3.36825, -3.34828
1.22, 0.0319375, -2.94182, -3.32173, -3.40582, -3.28166, -3.05005, -3.62575, -3.43237, -3.25119, -2.6637, -2.25701, -2.56111, -2.72779, -2.24113, -2.23815, -1.86097, -1.60107, -1.23201, -1.11214, -1.64175, -1.86572, -1.97297, -1.81275, -1.82216, -2.55967, -1.90755, -1.9478, -1.64282, -1.88067, -2.20541, -2.23605
1.24, 0.0319375, -0.431759, -0.315894, 0.346164, -0.1204, -0.497466, 0.431569, 0.37141, 0.514768, 1.19619, 1.19338, 1.10624, 1.21083, 1.42501, 1.33071, 0.963403, 0.528183, 0.571976, 0.604527, 0.538592, 0.629426, 0.592696, 0.575232, 0.517718, 0.563854, 0.704048, 0.0880702, 0.247173, 0.311634, 0.00707881, -0.0811564
1.26, 0.0319375, -1.58723, -0.708872, -0.670507, -0.642289, -0.476447, -0.00108635, -0.393352, -0.38456, -0.155367, 0.00328204, 0.0742138, -0.237356, 0.410602, 0.501628, -0.255939, -0.133516, 0.0122817, 0.0925019, -0.479325, -0.120282, -0.00189985, -0.258267, -0.649711, -0.31629, -0.492184, -0.867158, -1.10768, -0.815494, -1.3229, -1.2426
1.28, 0.0319375, -1.05725, -0.40249, -0.153715, 0.066908, 0.156248, 0.579069, 0.800187, 0.908761, 0.932383, 1.00738, 1.07615, 0.781902, 1.01227, 1.23283, 0.771359, 0.609147, 0.382386, 0.104494, 0.072326, -0.22507, -0.324295, -0.559554, -0.679846, -0.628122, -0.51513, -0.829597, -0.799116, -0.921589, -0.704502, -0.55265
1.3, 0.0319376, -1.79855, -1.26869, -0.448775, -0.477687, -0.272557, -0.0925661, 0.127562, -0.0512724, 0.467709, 0.645897, 0.900838, 0.7442, 0.620646, 0.951316, 0.771272, 0.482647, 0.591745, 0.302563, 0.242564, -0.0841872, -0.511799, -0.564117, -0.216756, -0.68736, -0.601628, -0.589093, -0.63217, -0.213958, -0.220948, -0.173536
1.32, 0.0319375, -1.36672, -0.592794, -0.474913, -0.574507, 0.234545, 0.886125, 0.875781, 0.988316, 1.2564, 0.637512, 0.670491, 0.620477, 0.547276, 0.34043, 0.123067, -0.0578432, 0.0633695, -0.1057, 0.145673, 0.267108, 0.0350289, -0.185863, 0.55401, 0.352411, 0.0562488, 0.159346, -0.0953863, -0.0377202, 0.0527864, -0.0901541
1.34, 0.0319375, -1.43414, -0.756103, -0.0743496, -0.109482, 0.470998, -0.0707421, 0.132349, 0.832211, 0.690782, 0.0965765, -0.0452753, 0.468026, 0.425101, 0.674125, 0.44124, 0.148422, 0.28382, 0.853472, 0.809598, 0.957293, 0.392381, 0.370096, 0.674861, 0.733496, 0.536535, 1.15384, 0.648145, 0.266367, 0.415, 0.447287
1.36, 0.0319375, -2.81939, -1.00087, -0.185852, -0.106266, -0.500008, 0.0243434, -0.0697024, 0.26124, 0.272247, 0.363333, 0.341392, 0.744811, 1.0004, 0.0764306, -0.513275, -0.145646, 0.0514007, -0.109483, -0.0148668, 0.270081, 0.422602, 0.672523, 0.586178, 0.895327, 1.01125, 1.09404, 1.07087, 0.768479, 0.623438, 0.462574
1.38, 0.0319375, -1.29628, -2.31476, -2.3272, -1.84956, -0.757388, -1.05997, -0.96593, -0.555128, -0.18422, -0.357878, -0.075398, -0.199967, 0.0250742, -0.166462, -0.523604, -0.280905, 0.0553843, 0.0590902, -0.271368, -0.533309, 0.0173898, -0.198378, -0.106864, -0.0322846, 0.175951, 0.187746, 0.456599, 0.466776, 0.373282, 0.255863
1.4, 0.0319375, -2.56199, -2.48453, -1.7538, -1.64966, -1.97841, -1.95616, -1.59825, -1.76415, -1.13325, -1.41495, -1.23186, -1.3209, -1.16718, -1.43729, -1.66629, -1.4708, -1.33897, -1.29146, -0.952532, -0.954993, -0.997731, -0.907331, -0.853394, -1.25748, -1.37498, -1.00459, -0.672232, -0.789902, -0.515002, -0.440991
1.42, 0.0319376, -2.29812, -2.5651, -2.47848, -2.71832, -2.34627, -1.87417, -1.78388, -1.74567, -1.76721, -1.71919, -1.77129, -1.30359, -1.83873, -1.75983, -1.97495, -1.51228, -1.32012, -1.00759, -1.46221, -1.58076, -1.63046, -1.45154, -1.43915, -1.73204, -1.2664, -1.10526, -1.17704, -0.685782, -0.361294, -0.627023
1.44, 0.0319375, -2.99994, -2.59872, -1.88153, -1.91578, -1.43604, -1.67442, -1.44898, -1.19999, -1.16276, -1.28021, -1.41105, -1.64141, -1.09723, -1.43377, -1.19229, -1.51151, -1.68382, -1.82848, -1.52871, -1.4401, -1.70196, -1.65734, -1.88818, -1.72364, -1.85318, -1.65246, -1.49588, -1.3836, -1.75924, -1.6315
1.46, 0.0319375, -3.05222, -2.25824, -1.57067, -1.6875, -2.43704, -1.98237, -1.52328, -1.9751, -1.30318, -1.41711, -1.52222, -1.77083, -1.83464, -0.847637, -1.82688, -2.2413, -1.74761, -1.4823, -1.92786, -1.36138, -1.38148, -1.31693, -1.14302, -1.8839, -1.6796, -1.7819, -1.80509, -1.77863, -1.92746, -1.67424
1.48, 0.0319375, -2.28706, -2.04183, -2.3758, -1.91735, -1.72589, -1.15399, -1.03542, -0.840232, -0.586542, -0.300087, -0.178567, -0.00440026, 0.0365173, -0.432885, -0.945749, -0.804925, -0.58811, -0.531309, -0.553003, -0.731754, -0.625538, -0.681945, -0.932456, -1.33326, -1.22379, -1.06635, -0.608216, -0.817176, -1.07826, -1.23237
1.5, 0.0319375, -2.50935, -2.86817, -2.22415, -2.32957, -2.45205, -2.14035, -2.18966, -2.18191, -2.16211, -1.63813, -1.89472, -2.03595, -1.92334, -2.05693, -1.88978, -1.86071, -1.91985, -1.92562, -1.39606, -1.42387, -1.44119, -2.01255, -1.9298, -2.27006, -2.08803, -2.22454, -2.1175, -2.05518, -2.19895, -2.07046
1.52, 0.0319375, -2.40099, -2.51277, -2.44604, -2.85521, -2.3918, -1.8769, -2.10034, -2.41724, -1.91688, -2.1351, -2.32761, -1.70323, -2.03514, -1.84263, -1.90539, -2.11063, -2.2723, -1.96925, -1.71485, -1.79605, -1.67458, -1.93317, -1.79623, -1.94876, -1.97384, -2.11732, -2.04691, -2.16158, -2.30363, -2.30077
1.54, 0.0319375, -2.71181, -2.40196, -2.48621, -2.60195, -2.51966, -2.95811, -2.3971, -1.42085, -1.5528, -2.13034, -1.39859, -1.37687, -1.50463, -1.6072, -1.82543, -2.31827, -2.26868, -2.25816, -2.44414, -2.36526, -2.62472, -2.61799, -2.12586, -2.33537, -2.32625, -2.61614, -2.48638, -2.45807, -2.34303, -2.11123
1.56, 0.0319376, -2.33046, -2.87036, -2.64661, -2.03094, -1.87522, -1.26145, -1.3172, -1.85113, -1.462, -1.38543, -0.888748, -1.11112, -1.58122, -1.66646, -2.05658, -2.19365, -2.43548, -2.7777, -2.73999, -2.28591, -2.28542, -2.20953, -2.3308, -2.38851, -2.17116, -2.36433, -2.0403, -2.23511, -2.21727, -2.27061
1.58, 0.0319375, -2.91692, -2.50861, -2.07514, -2.47167, -1.91446, -2.12634, -2.65516, -2.62843, -2.46026, -2.63522, -2.51415, -2.36366, -2.64556, -2.04548, -2.26673, -2.10367, -2.34238, -2.44056, -2.39039, -2.87048, -2.6145, -2.0611, -2.0386, -2.06451, -2.09323, -2.35411, -2.12226, -1.87289, -2.2855, -2.09636
1.6, 0.0319375, -3.39895, -2.40882, -2.33363, -3.239, -2.81728, -2.36316, -2.69771, -3.03304, -2.6221, -2.85361, -3.05796, -2.83507, -2.19617, -2.24483, -2.29555, -1.94544, -2.05922, -2.46334, -2.16361, -2.0231, -1.88207, -2.09355, -1.96404, -1.90463, -2.14096, -2.4315, -2.30106, -2.0843, -2.44281, -2.26414
1.62, 0.0319375, -3.4335, -2.19403, -2.63107, -2.75254, -1.9593, -1.88269, -2.43803, -2.4131, -1.95277, -1.9182, -2.32416, -2.02426, -1.83837, -1.45305, -1.14377, -0.931686, -1.12252, -1.26947, -1.0759, -1.02206, -1.12522, -1.08545, -1.30438, -1.39922, -0.942737, -1.07777, -1.35173, -1.16537, -1.37874, -0.974214
1.64, 0.0319375, -2.74932, -2.80776, -3.23023, -3.17633, -3.55561, -3.20459, -2.51945, -2.44532, -2.72984, -2.65796, -2.75582, -2.71111, -2.60175, -2.66393, -2.05643, -2.20572, -2.04065, -1.93366, -1.87879, -1.92956, -2.07214, -1.98493, -1.97809, -1.3825, -1.35412, -1.50156, -1.50308, -1.47557, -1.55627, -1.22274
1.66, 0.0319375, -3.34885, -2.97337, -3.24766, -3.33622, -3.15361, -2.56783, -3.44201, -3.15904, -2.80206, -3.09504, -3.75953, -4.06291, -2.95808, -3.00328, -2.41523, -2.28086, -2.21746, -2.33395, -2.2225, -2.2762, -2.0367, -2.04771, -2.12012, -2.1814, -2.04683, -1.92985, -1.65213, -1.6806, -1.66734, -1.45598
1.68, 0.0319376, -3.63438, -3.62352, -2.19194, -1.94612, -2.82489, -2.48117, -2.7567, -2.88251, -2.99772, -3.141, -3.38564, -3.27618, -2.85656, -3.00635, -3.73285, -3.27043, -3.16445, -3.59551, -3.59349, -3.07466, -2.68502, -2.57811, -2.85953, -2.99645, -2.8134, -3.12105, -2.91038, -2.76056, -2.69433, -2.68621
1.7, 0.0319375, -3.00319, -2.91264, -2.573, -2.08121, -1.73407, -2.27079, -3.32295, -2.78446, -2.60318, -3.72922, -3.91935, -3.602, -3.26004, -3.36009, -3.27485, -3.63267, -3.46614, -2.78081, -3.03302, -3.32088, -2.9542, -3.03429, -2.58108, -2.65027, -2.67928, -2.30904, -2.40359, -2.50429, -2.63561, -2.746
1.72, 0.0319375, -3.0938, -2.9861, -2.55786, -2.75124, -3.1478, -3.31518, -3.32719, -3.39711, -2.86991, -3.49712, -3.2356, -3.28803, -3.85465, -3.45388, -2.85753, -2.98301, -2.86179, -2.84762, -2.98559, -2.52598, -2.59445, -2.38853, -2.14627, -2.03917, -1.86968, -1.90175, -1.8471, -2.28256, -2.24829, -2.07601
1.74, 0.0319375, -2.99579, -2.80967, -2.63679, -2.92374, -2.79229, -2.78384, -2.88927, -3.41604, -2.82441, -3.84278, -4.288, -3.40034, -3.65641, -3.40957, -3.62272, -3.10379, -3.15574, -2.65757, -3.15642, -3.13158, -2.96566, -2.85089, -2.41415, -2.38743, -2.36831, -2.55064, -1.94041, -2.098, -2.44511, -2.26231
1.76, 0.0319375, -3.24585, -3.77965, -4.02417, -2.89113, -2.77435, -3.34145, -3.27598, -3.43392, -3.64401, -3.8552, -3.75342, -3.57891, -3.88261, -3.90335, -3.95626, -3.37913, -3.13578, -3.37022, -3.22115, -3.01612, -2.70337, -2.85991, -3.35314, -2.66977, -2.48813, -2.39021, -2.3422, -2.58391, -2.48643, -2.239
1.78, 0.0319375, -3.07075, -2.63589, -3.4307, -2.5841, -2.13959, -3.05379, -3.21674, -3.71823, -3.20975, -3.83011, -3.99756, -4.10184, -3.63349, -3.18792, -3.57393, -3.57842, -3.63573, -3.45625, -3.35998, -3.24931, -3.13443, -3.01907, -2.8056, -2.81231, -2.75886, -2.83599, -2.65977, -2.69357, -2.71382, -2.75219
1.8, 0.0319376, -2.60637, -3.5443, -3.56546, -3.72132, -3.3624, -3.48432, -3.33997, -3.34398, -3.4522, -3.88182, -3.66142, -3.63198, -3.60431, -3.55435, -3.65675, -3.83905, -3.59571, -3.62988, -3.91449, -3.83171, -3.70724, -3.09727, -2.71605, -2.77101, -2.71888, -2.47048, -2.57963, -2.70435, -2.79034, -2.92733
1.82, 0.0319375, -3.02462, -4.29522, -3.59553, -3.0976, -3.75173, -3.46688, -4.02469, -3.93231, -3.57954, -4.17765, -3.89608, -3.93247, -3.94366, -3.7532, -4.15098, -3.71193, -3.76202, -3.80443, -3.34109, -3.24627, -3.38271, -2.99114, -3.00206, -2.43888, -2.56899, -2.8998, -2.94905, -2.78677, -2.97121, -3.10078
1.84, 0.0319375, -3.1609, -3.54018, -3.83767, -3.17732, -3.23888, -3.68521, -3.79269, -3.76376, -3.59106, -3.56837, -3.77011, -3.67881, -3.54032, -3.59173, -4.13146, -3.24451, -2.56833, -2.6074, -2.39861, -2.20527, -2.28741, -2.45606, -2.47283, -2.32367, -2.23681, -2.42266, -2.34604, -2.38363, -2.51829, -2.59131
1.86, 0.0319375, -3.3126, -3.72053, -3.17925, -3.80918, -4.10375, -4.08983, -4.29905, -3.64121, -3.35426, -3.78328, -3.65679, -3.88363, -3.47894, -3.51699, -3.54326, -3.23912, -2.69131, -2.61046, -2.83482, -2.36498, -2.45361, -2.4428, -2.82664, -2.33879, -2.51745, -2.37733, -2.34355, -2.45115, -2.54408, -2.39705
1.88, 0.0319375, -3.1908, -3.41612, -3.73089, -3.09171, -3.33036, -3.69424, -4.00522, -3.55869, -3.34171, -3.64784, -4.13592, -3.88158, -4.08974, -3.61091, -3.57751, -3.48939, -3.28292, -2.92619, -2.70015, -2.79858, -2.36228, -2.35888, -2.11372, -2.30857, -2.48545, -2.64285, -2.7726, -2.6471, -2.57618, -2.51023
1.9, 0.0319375, -3.08933, -3.15426, -3.11597, -2.88046, -3.52445, -3.41891, -3.53872, -3.19176, -3.73831, -3.23053, -3.57922, -3.4603, -3.11551, -3.05472, -3.29712, -3.41734, -2.68657, -2.53415, -2.15993, -2.10605, -2.06153, -1.80542, -1.72836, -2.11126, -1.89774, -2.37671, -1.92276, -1.71077, -1.59553, -1.99398
1.92, 0.0319376, -2.13804, -2.99152, -3.31167, -1.95505, -1.7413, -1.41087, -1.98941, -2.32981, -1.89748, -2.11777, -2.55424, -1.98755, -2.46576, -2.3556, -1.58402, -1.92875, -1.71711, -1.50952, -1.53075, -1.39563, -1.58286, -1.41728, -1.50465, -1.50054, -1.54323, -1.60067, -1.60464, -1.30114, -1.40122, -1.42263
1.94, 0.0319375, -2.8231, -2.34533, -2.46308, -1.53625, -1.79381, -2.09986, -2.38418, -1.79715, -1.36703, -1.59792, -2.17586, -1.90755, -1.64099, -1.71348, -1.63804, -1.2631, -1.13844, -1.42393, -0.941696, -0.895075, -1.21602, -1.18402, -1.63263, -1.84883, -1.14017, -0.93976, -1.00369, -1.14459, -1.27529, -1.11801
1.96, 0.0319375, -2.05899, -1.78711, -1.78723, -1.41128, -1.05125, -1.23216, -1.17573, -0.470753, -0.340874, -0.965363, -1.25046, -1.16823, -0.885312, -0.6535, -1.13289, -0.706482, -0.680014, -0.86206, -0.86336, -0.983147, -0.608434, -0.876426, -1.13633, -0.950093, -0.846306, -1.02917, -0.776992, -0.750192, -0.976705, -0.947698
1.98, 0.0319376, -0.917733, -0.450699, -0.177711, -0.130516, 0.38959, 0.33341, 0.33625, 0.424619, 0.888253, 1.24976, 1.18363, 1.2015, 1.29842, 1.50098, 1.47499, 1.39033, 1.24238, 1.14051, 1.29383, 1.34989, 1.07821, 0.142105, 0.966756, 1.40873, 1.26958, 1.29442, 1.04453, 0.928434, 0.644758, 0.376612
2, 0.0319376, -2.41188, -1.04556, -0.750161, -0.832693, -0.136652, -0.161484, -0.254631, 0.412231, 0.917907, 1.13201, 1.42055, 1.5759, 1.24526, 0.760266, 0.200163, 0.0814388, 0.27805, 0.632069, 0.614066, -0.155127, -0.226436, 0.271473, 0.383983, 0.0723256, 0.166252, 0.308452, -0.0744296, 0.600834, 0.348819, 0.806984
2.02, 0.0319376, -1.61605, -2.01701, -1.65333, -0.705638, -0.258166, -0.274722, -0.347138, -0.0713734, -0.262963, 0.141027, -0.0513677, 0.199199, 0.393065, 0.311676, -0.294095, -0.164876, -0.474318, -0.388384, -0.459864, -0.716751, -0.118853, -0.208911, -0.176801, -0.106945, -0.171073, -0.102546, 0.0141486, 0.0783269, -0.071738, -0.237762
2.04, 0.0319376, -2.06409, -1.42675, -1.7452, -0.855042, -0.71199, -0.347533, -0.390205, -0.851222, -0.257255, 0.164167, 0.20489, 0.474239, 0.622121, 0.778569, 0.482472, 0.22117, 0.14799, 0.0188396, -0.017982, 0.444858, 0.400702, 0.0475816, -0.183743, -0.36152, -0.260197, -0.060539, 0.0527128, -0.0816539, -0.338205, -0.280607
2.06, 0.0319376, -1.84351, -1.11442, -1.02098, -1.63709, -1.07305, -0.570716, -0.995525, -0.365081, -0.071114, 0.166068, -0.373166, 0.250912, 0.596053, 0.0243769, -0.652242, -0.385341, -0.570828, -0.529832, -0.148505, -0.638191, 0.101617, -0.195853, -0.731967, -0.406695, -0.507264, -0.411916, -0.335861, -0.407032, -0.819509, -0.525609
2.08, 0.0319376, -2.18678, -1.67459, -2.00917, -2.18389, -2.3573, -1.93437, -1.37033, -1.39157, -0.918356, -0.698024, -1.17121, -1.23465, -1.04296, -1.06321, -1.36536, -1.26777, -1.49944, -1.14991, -1.49508, -1.38433, -1.33899, -1.07048, -1.25195, -1.46754, -1.57622, -1.09382, -1.05104, -1.09814, -1.1434, -1.17246
2.1, 0.0319376, -1.45886, -1.47248, -1.08902, -1.1529, -1.181, -1.96739, -1.23507, -1.07352, -1.35838, -1.42852, -1.47625, -1.20116, -1.17311, -1.15427, -1.17962, -1.10328, -1.62149, -1.5315, -1.48058, -1.32375, -1.01439, -1.06429, -1.40998, -1.2642, -1.26463, -0.932996, -1.07112, -0.865628, -0.69158, -0.696604
2.12, 0.0319376, -1.2236, -2.23116, -1.62147, -1.68354, -1.77744, -1.82498, -1.70487, -1.9807, -1.03355, -1.28183, -1.47712, -1.33411, -1.49711, -1.28699, -1.53244, -1.46056, -1.36379, -1.22422, -1.06895, -0.952186, -0.672723, -1.07093, -1.10765, -0.751645, -0.6132, -0.5279, -0.564028, -0.869265, -0.945359, -1.00465
2.14, 0.0319374, -2.65308, -2.27602, -1.43824, -1.95129, -1.80415, -1.49776, -1.27334, -1.22544, -1.73073, -1.68437, -1.12345, -1.1924, -1.41462, -0.986166, -1.14659, -1.27946, -1.21241, -1.30266, -1.52731, -1.40126, -1.78961, -1.69995, -1.17223, -0.73388, -0.686469, -0.8918, -1.04847, -1.35495, -1.65233, -1.47073
2.16, 0.0319374, -2.30947, -2.73244, -2.94213, -2.12336, -2.40752, -2.26537, -2.12055, -2.20868, -2.21639, -2.11153, -2.27489, -1.71679, -2.05731, -2.34689, -1.81381, -1.71675, -1.4895, -1.43591, -1.40467, -1.20316, -1.12089, -1.04608, -1.32458, -1.13087, -1.08569, -1.11401, -1.01185, -0.867901, -0.931179, -0.975666
2.18, 0.0319374, -1.22685, -0.789247, -0.402506, -0.226491, -0.445351, -0.951204, -0.606486, -0.263079, -0.71964, -2.08499, -2.04519, -1.60081, -1.84588, -1.67607, -1.8363, -1.85201, -2.09279, -1.71971, -2.13433, -1.82902, -1.66735, -1.66492, -1.88555, -1.93375, -1.87055, -2.05178, -1.95314, -1.66446, -1.82786, -2.04248
2.2, 0.0319374, -1.94662, -2.55419, -2.68283, -2.60029, -2.93443, -2.95946, -2.51939, -1.26063, -1.73897, -2.31381, -1.89215, -2.18771, -1.78739, -1.45205, -1.37656, -1.35244, -1.47829, -1.61064, -1.75935, -2.13535, -2.07105, -1.68219, -1.57289, -1.77283, -1.44957, -1.28318, -1.55278, -1.69167, -1.54102, -1.37436
2.22, 0.0319374, -2.69943, -2.66748, -1.97888, -1.7389, -1.90093, -1.85528, -1.46341, -1.08218, -1.2309, -1.60139, -1.91575, -1.65856, -1.73817, -1.83564, -1.91784, -2.49728, -2.12972, -1.99206, -1.88419, -1.59685, -1.56498, -1.47119, -1.29877, -1.5407, -1.7456, -1.92318, -1.59758, -1.50841, -1.85344, -1.45615
2.24, 0.0319376, -2.12931, -1.04288, -1.20856, -1.28948, -1.54449, -0.975616, -1.3469, -2.33095, -1.31142, -1.47986, -1.33187, -1.53489, -0.973621, -0.583384, -0.552415, -1.10522, -0.841177, 0.153462, 0.462637, 0.558292, 0.372301, 0.370459, 0.485895, 0.284241, 0.349601, -0.0516471, -0.128321, -0.17992, -0.177318, -0.302897
2.26, 0.0319376, -1.60761, -1.025, -1.41255, -1.19365, -0.936647, -0.984092, -0.991807, -0.922042, -0.94835, -1.86949, -1.77404, -1.2859, -1.20667, -1.1999, -0.517279, -0.792786, -0.91908, -0.712117, -0.93345, -0.623678, -0.500474, -0.251858, 0.12476, -0.174609, -0.487441, -0.571368, -0.704974, -0.574853, -0.855915, -0.759086
2.28, 0.0319376, -2.02491, -2.15663, -2.36292, -2.23316, -1.99988, -1.56581, -1.52661, -1.56169, -1.81699, -1.35695, -2.32383, -2.01358, -1.49497, -0.928109, -0.776839, -0.61327, -0.501091, -0.882853, -0.852492, -0.998242, -0.534122, -0.351664, -0.965613, -1.37844, -0.648327, -0.0826981, 0.688014, 0.0514487, -0.284678, 0.170742
2.3, 0.0319376, -2.53235, -1.73562, -2.18694, -2.27194, -1.67328, -1.22199, -2.06294, -1.88629, -1.95905, -1.97997, -1.62207, -2.29681, -2.20689, -1.87077, -1.76431, -1.64464, -1.89507, -2.08292, -1.69413, -1.34703, -1.00726, -1.02865, -1.00867, -1.34656, -0.483076, -0.361425, -0.584594, -0.103531, 0.0307092, -0.0266883
2.32, 0.0319376, -2.69696, -2.76379, -2.66031, -2.07884, -2.59058, -2.35732, -2.26134, -2.61072, -2.57122, -2.66144, -3.08251, -2.90621, -2.42372, -2.40469, -2.65402, -2.516, -2.5709, -2.63104, -2.82285, -2.22884, -1.98707, -2.38858, -2.03606, -2.09006, -1.8729, -1.58446, -1.40178, -1.6934, -1.41169, -1.49178
2.34, 0.0319376, -2.53936, -3.41052, -2.92228, -3.02319, -2.64465, -2.28699, -1.78047, -2.17632, -2.62524, -2.85196, -3.17817, -3.08776, -3.45918, -3.07035, -2.45449, -2.48867, -2.40017, -2.71743, -2.64994, -2.48049, -2.28928, -2.37959, -2.41516, -2.49484, -2.43128, -2.43022, -2.33072, -2.3957, -2.40439, -2.11036
2.36, 0.0319376, -2.77672, -2.95873, -3.16728, -2.50251, -2.12915, -2.57513, -1.96863, -2.04722, -2.45854, -3.21096, -3.11229, -2.84762, -2.66738, -2.70834, -2.58711, -2.24389, -2.20563, -2.07728, -2.02096, -1.48906, -1.49625, -1.86037, -2.34558, -2.84307, -2.37082, -2.00329, -2.17037, -2.6372, -2.21765, -2.37461
2.38, 0.0319374, -3.28301, -3.00851, -2.99298, -3.19126, -3.67498, -3.31633, -3.31561, -3.40867, -2.77011, -2.90181, -3.26461, -3.16599, -2.88234, -2.79225, -2.88141, -2.78741, -2.8309, -2.86888, -2.53292, -3.28159, -3.29587, -3.30192, -2.81741, -2.50777, -2.2565, -2.19571, -2.19339, -2.56915, -2.57985, -2.39481
2.4, 0.0319374, -4.02541, -2.77615, -3.08991, -2.75283, -2.26383, -2.11349, -2.79866, -2.64789, -3.07857, -3.09296, -2.83993, -3.41649, -2.89917, -3.31082, -3.37693, -3.1755, -2.88175, -3.02771, -2.448, -2.63323, -2.80069, -2.54149, -2.39883, -2.33493, -2.20445, -2.56777, -2.42048, -2.21006, -2.2151, -2.42591
2.42, 0.0319374, -2.50992, -3.25596, -2.67069, -2.52653, -3.4482, -3.55666, -3.03252, -3.42663, -3.16758, -3.60633, -3.93492, -3.89566, -3.4519, -3.4254, -3.31314, -3.2852, -3.52156, -3.18651, -3.02522, -2.9375, -2.64898, -2.51569, -2.35064, -2.49894, -2.97352, -2.98333, -2.48733, -2.65943, -2.9998, -2.62088
2.44, 0.0319374, -2.18882, -2.80441, -3.80488, -2.73416, -2.7569, -3.43202, -3.49189, -3.14294, -3.29423, -3.62473, -3.89916, -4.2753, -3.56609, -3.41479, -3.12146, -3.4084, -3.68821, -2.97183, -2.95942, -3.13296, -3.09106, -2.91018, -2.82379, -3.05968, -2.91081, -2.89555, -3.05272, -2.83385, -2.64292, -3.17581
2.46, 0.0319374, -3.03416, -3.76306, -3.09169, -2.66916, -2.63907, -3.0642, -3.26565, -3.5095, -3.54139, -4.0695, -4.32843, -4.06146, -3.70339, -4.39556, -3.59012, -3.57385, -3.94105, -3.49766, -3.24363, -2.93797, -2.90045, -2.86689, -2.99882, -2.86622, -3.10328, -2.94943, -2.74812, -2.95377, -2.8696, -2.58254
2.48, 0.0319376, -1.67332, -1.70817, -2.32971, -1.58778, -2.01802, -3.7566, -3.60346, -2.81142, -3.10359, -3.62755, -4.28287, -4.06692, -3.7625, -3.52158, -3.5139, -3.73023, -3.71116, -3.45479, -3.37419, -3.04658, -3.12559, -3.35237, -3.37975, -3.67473, -3.48561, -3.06922, -2.98324, -3.24979, -3.28258, -3.06629
2.5, 0.0319376, -2.01386, -2.49488, -2.90793, -2.92237, -2.91303, -3.16963, -3.43394, -3.08811, -3.52509, -4.14904, -4.13008, -3.986, -4.07782, -4.01164, -3.83808, -3.90928, -3.77702, -3.65422, -3.57888, -3.61752, -3.28578, -3.17172, -2.89675, -3.02816, -2.85414, -3.37555, -3.13571, -3.15831, -3.11852, -3.07901
2.52, 0.0319376, -1.39011, -2.75371, -2.60405, -1.92683, -2.12094, -2.54177, -3.04037, -2.63772, -3.37172, -3.59763, -3.26366, -3.64693, -3.46265, -3.82645, -3.81122, -3.5187, -3.59079, -3.83166, -3.49665, -3.25106, -3.11811, -2.83921, -2.83508, -3.07076, -2.81481, -2.58105, -2.31524, -2.72832, -3.00367, -2.87545
2.54, 0.0319376, -1.45555, -2.43561, -2.30517, -2.1993, -2.08724, -2.87399, -2.40112, -3.30072, -4.14136, -3.64809, -3.91362, -3.97752, -3.55669, -3.63614, -3.91739, -3.44402, -3.74988, -3.37211, -3.07398, -2.92439, -2.65767, -2.29403, -2.97824, -2.93845, -2.84453, -2.78789, -2.69451, -2.79093, -2.76809, -2.74781
2.56, 0.0319376, -1.47886, -1.62292, -2.48311, -3.17573, -3.62703, -3.22851, -3.30072, -3.07348, -3.22922, -3.61151, -3.42411, -3.61266, -3.56244, -3.53623, -3.57185, -3.71452, -3.96126, -4.09755, -3.91944, -3.42388, -3.23961, -3.19563, -3.14998, -3.20607, -3.33134, -3.27647, -3.11304, -3.36196, -3.54963, -3.48965
2.58, 0.0319376, -1.74799, -1.65676, -2.44001, -3.0633, -3.21578, -3.03187, -3.16151, -2.55135, -2.87303, -3.31725, -3.51791, -3.36645, -3.66107, -3.63133, -3.76792, -3.6941, -3.70986, -3.92025, -3.80773, -3.28954, -2.984, -2.66248, -2.58128, -2.93998, -2.90338, -2.86918, -3.03946, -2.77844, -2.98017, -3.04661
2.6, 0.0319376, -1.71819, -2.68886, -2.59461, -2.1906, -1.29799, -1.77464, -1.74477, -2.53009, -2.04644, -1.9377, -1.93491, -1.34457, -1.25059, -1.3148, -2.22259, -1.82942, -2.23163, -2.64192, -2.64973, -2.79237, -2.56258, -2.53642, -2.47002, -2.27273, -2.10727, -2.18494, -2.01877, -2.40696, -2.33123, -2.61394
2.62, 0.0319376, -0.752351, -0.234567, 0.0574004, -0.303866, -0.345771, -0.709035, -1.2755, -0.525283, 0.0785758, 0.349068, -0.158409, 0.538884, 0.581535, 0.389627, 0.869105, 0.603075, -0.206083, 0.0244743, -0.417062, 0.080098, -0.10672, -0.533652, -0.818543, -0.874215, -0.328185, -0.386506, -0.661663, -0.785726, -0.89237, -0.685453
2.64, 0.0319374, -1.20281, -1.17869, -1.22132, -1.5617, -0.920319, -0.920122, -1.20901, -0.854459, 0.117203, 0.167665, -0.166319, -0.700408, -0.168169, -0.0599312, -0.124239, 0.278282, 0.361903, 0.421074, 0.00422442, -0.446448, 0.00723161, 0.216807, -0.387414, -0.780954, -0.777127, -1.14262, -1.18732, -0.702236, -1.02629, -0.706445
2.66, 0.0319374, -0.152021, -0.95547, -0.556543, -0.00356486, 0.365918, 0.748366, 0.792132, 0.831327, 0.964225, 0.506745, 0.0976297, 0.157374, 0.466456, 1.02381, 0.797493, 0.657559, 0.238727, 0.414951, 0.219676, -0.0629692, -0.0875169, -0.339591, 0.0465319, -0.052719, -0.160543, -0.00945109, -0.0284013, -0.104602, -0.259815, -0.403953
2.68, 0.0319374, -1.50448, -0.706609, -0.20699, -0.371387, 0.647119, 0.832895, 1.16971, 1.63702, 1.69389, 2.02919, 2.28666, 2.44891, 2.32265, 1.97431, 1.4266, 1.44306, 1.51702, 1.17012, 0.844724, 0.50995, 0.507685, 0.419205, 0.73854, 0.345687, -0.0720814, 0.18068, 0.127987, -0.367739, -0.334372, -0.519901
2.7, 0.0319374, -1.34625, -0.3784, -0.263686, 0.0414789, 0.913351, 1.24108, 1.13195, 1.09451, 1.57042, 1.45756, 1.86336, 1.59083, 1.19963, 1.36628, 1.44985, 1.48599, 1.02002, 0.283444, 0.312457, 0.280176, 0.221713, 0.503183, 0.233181, -0.0125642, -0.183616, 0.0767025, 0.263443, 0.312245, -0.0759842, 0.343931
2.72, 0.0319374, -0.896601, -0.654932, 0.000707138, -0.178306, 0.271853, 0.225077, 0.488234, 1.04475, 1.3678, 1.54218, 1.74036, 1.93242, 2.10149, 2.08853, 1.83344, 1.62505, 1.43771, 0.996322, 1.06451, 0.837198, 0.972384, 0.746063, 0.58476, 0.161992, -0.0617599, -0.153716, 0.0954576, -0.108277, 0.290526, 0.289988
2.74, 0.0319376, -1.77665, -1.46045, -1.24257, -1.52236, -0.765388, -0.84266, -0.424638, -0.0296312, 0.181477, 0.248363, 0.229375, 0.690433, 0.780285, 0.736103, 0.38737, 0.414433, 0.0251346, -0.433899, -0.382098, -0.444459, 0.0498021, -0.446248, -0.497061, -0.494879, -0.611532, -0.926734, -0.226881, -0.392682, -0.710411, -0.481367
2.76, 0.0319376, -2.39223, -2.04284, -1.90698, -1.29832, -1.42869, -1.77398, -1.57546, -1.0586, -0.455165, -0.944481, -0.482802, -0.133527, 0.0470711, -0.00645097, -0.29453, -0.0209228, -0.234232, -0.344635, -0.186792, -0.151924, -0.799161, -0.671681, -0.665591, -0.870214, -0.797895, -0.901951, -0.944021, -0.861214, -1.18862, -1.0906
2.78, 0.0319376, -2.25053, -2.19399, -2.33318, -2.23583, -2.05272, -2.30106, -3.01309, -2.30437, -1.49819, -1.47598, -1.55327, -1.35281, -1.44284, -0.936106, -1.32066, -0.708768, -0.815409, -0.415301, -0.373075, -0.704399, -0.577175, -0.522369, -0.366285, -0.716725, -0.74025, -1.02131, -1.19858, -1.17148, -1.09344, -0.91921
2.8, 0.0319376, -1.6364, -1.56809, -1.42522, -1.40325, -1.13114, -1.48069, -1.48382, -1.03949, -0.891433, -0.784544, -0.736716, -0.576188, -0.985856, -0.296162, -0.159322, 0.0810857, 0.0956485, -0.0427727, -0.0451993, 0.00686667, -0.203836, -0.722302, -0.838982, -0.748959, -0.703204, -0.839624, -1.11744, -1.21863, -1.18831, -1.13139
2.82, 0.0319376, -2.00855, -2.08319, -2.10813, -2.55364, -1.8877, -2.42628, -2.19546, -2.0346, -1.82761, -2.54293, -2.09749, -2.316, -2.13784, -1.67525, -1.61581, -1.78576, -1.95537, -2.10493, -2.01245, -1.95968, -1.93045, -1.66204, -1.65048, -1.77651, -1.51932, -1.6794, -1.84696, -1.57302, -1.99425, -2.03347
2.84, 0.0319376, -2.4615, -3.02364, -1.9312, -1.31113, -1.82038, -1.16411, -0.90623, -0.842991, -0.335417, -0.346576, -0.417672, -0.507441, -0.382919, -0.251271, -0.403522, -0.631095, -0.800435, -1.30322, -1.59602, -1.67162, -1.36744, -1.05852, -0.743186, -0.855625, -0.93927, -0.871302, -0.672771, -0.629073, -1.15332, -1.45202
2.86, 0.0319376, -0.881661, -0.486842, -0.224627, -0.0801923, -0.00118737, -0.451355, -0.529813, -0.0520848, -0.438347, -1.46581, -1.00967, -0.438205, -0.944783, -1.10522, -0.615541, -1.52802, -1.4956, -2.05007, -1.98104, -1.76636, -1.65043, -2.10143, -1.80621, -1.82293, -1.68372, -1.58011, -1.80469, -1.79287, -1.78423, -1.72999
2.88, 0.0319374, -2.58857, -2.08206, -1.89098, -1.55192, -1.43625, -1.66606, -1.41317, -1.16302, -0.639378, -0.846886, -1.21132, -1.18174, -0.625032, -0.954751, -0.71903, -0.351446, -0.253759, -0.0238084, 0.19955, 0.452818, 0.340923, 0.267709, 0.0700974, -0.143458, -0.257872, -0.518707, -0.624725, -0.558199, -0.724622, -0.725212
2.9, 0.0319374, -1.39021, -1.63538, -1.39892, -1.1116, -0.892816, -1.3113, -1.66745, -1.55709, -1.15068, -1.11689, -0.973438, -0.501919, -0.655824, -0.946968, -1.18212, -1.03967, -0.881432, -0.290411, -0.0857397, -0.0761338, -0.487053, -0.648639, -0.426212, -0.325736, -0.206183, -0.337664, -0.693562, -0.684085, -0.995291, -1.52739
2.92, 0.0319374, -2.93101, -2.26644, -1.98096, -1.85058, -2.11932, -2.82422, -1.96799, -1.76672, -2.21748, -2.68661, -2.46637, -1.5349, -1.42278, -1.22104, -1.07517, -1.14571, -1.70276, -2.09198, -2.07192, -2.25746, -2.28918, -2.21681, -2.28582, -2.14712, -2.23941, -2.24981, -2.37907, -2.1048, -2.13982, -2.10042
2.94, 0.0319374, -2.80306, -2.5694, -2.18891, -1.79697, -1.64732, -2.56884, -2.053, -1.80936, -1.95415, -2.00184, -1.93775, -1.52804, -1.2708, -0.909947, -1.21693, -1.22139, -1.40611, -1.8914, -2.23688, -1.99735, -1.78264, -1.93364, -2.24628, -1.73675, -1.95273, -2.23717, -1.97792, -2.54362, -2.30108, -2.20363
2.96, 0.0319374, -1.94542, -2.23931, -2.50037, -2.02672, -2.20203, -2.63966, -2.27144, -1.5626, -1.89915, -1.68589, -2.15542, -1.69906, -1.32322, -1.16955, -2.24554, -2.48402, -2.17829, -2.30116, -2.16123, -2.02531, -2.04548, -2.34489, -2.28118, -2.41954, -2.14514, -1.91683, -2.12131, -1.96972, -1.70212, -1.96199
2.98, 0.0319376, -2.70397, -3.02813, -2.69776, -2.60541, -2.08892, -2.48565, -1.93258, -1.74549, -1.83445, -2.59484, -2.65472, -2.27505, -2.06855, -1.78109, -2.49719, -2.01143, -2.13411, -2.41419, -2.444, -2.36245, -2.22103, -2.04322, -2.08368, -1.88182, -1.99294, -1.86186, -1.73148, -1.95595, -1.73323, -1.72113
3, 0.0319376, -1.92442, -2.32498, -2.56076, -1.88624, -1.74398, -2.785, -2.52647, -1.74305, -1.87932, -2.09948, -1.96894, -2.27111, -1.97953, -2.07948, -1.936, -2.21983, -2.28721, -2.08479, -2.34446, -2.2871, -2.31609, -2.11301, -1.8929, -1.6851, -1.88039, -2.11425, -2.18519, -2.16992, -2.31766, -2.14049
3.02, 0.0319376, -0.508219, -0.364449, -0.709859, -0.533589, -0.389576, -0.875593, -2.34071, -1.15408, -1.06583, -1.33757, -1.53153, -2.07659, -1.75071, -2.2197, -1.88702, -2.20814, -2.79184, -2.85134, -2.89797, -2.76006, -2.40876, -2.13616, -2.39898, -2.49024, -2.12638, -2.44156, -2.07094, -2.3961, -2.45049, -2.64434
3.04, 0.0319376, -1.78052, -2.18534, -2.80735, -3.40849, -3.41383, -3.11982, -3.06548, -2.58327, -2.37963, -2.81459, -2.80786, -2.32894, -2.59481, -2.87742, -2.46955, -2.66416, -2.81318, -2.85354, -2.66088, -3.06772, -2.74873, -2.59948, -2.55933, -2.8552, -2.69339, -2.59349, -2.7391, -2.73624, -2.74351, -3.04767
3.06, 0.0319376, -2.01228, -2.07086, -2.53069, -2.42352, -2.58095, -2.33972, -2.75835, -3.12037, -2.79624, -2.64557, -2.93141, -2.54903, -2.3702, -2.49846, -3.24114, -3.22554, -2.6926, -2.29834, -2.65987, -2.41548, -2.27353, -2.74784, -2.44956, -2.5521, -2.31202, -2.4292, -2.5788, -2.55839, -2.94571, -2.76508
3.08, 0.0319376, -2.72244, -1.9259, -2.66452, -2.54556, -2.28385, -3.08926, -2.55575, -2.67156, -3.07648, -3.62209, -3.494, -2.91827, -3.18538, -3.10023, -3.21298, -3.15266, -3.21036, -2.78019, -2.62124, -2.57914, -2.77303, -2.45776, -2.30168, -2.2748, -2.61775, -2.82335, -2.60868, -2.77342, -2.76184, -2.78334
3.1, 0.0319376, -0.69681, -1.50778, -1.64075, -2.08072, -2.61627, -1.97332, -2.82597, -2.56117, -3.47654, -3.57744, -3.35035, -3.3838, -3.41251, -3.18167, -3.1352, -3.4083, -3.475, -3.55525, -3.41385, -2.79963, -2.99486, -2.74832, -2.75132, -2.79606, -2.55993, -3.09989, -2.97054, -2.7748, -3.16563, -2.79193
3.12, 0.0319376, -1.41564, -1.39517, -1.89576, -2.58479, -2.32843, -2.42015, -2.42992, -2.63619, -2.44269, -2.60155, -3.20654, -3.35224, -3.31176, -3.06593, -2.99244, -2.99986, -3.47498, -3.12979, -2.70495, -2.73856, -2.36502, -2.44054, -2.23968, -2.31035, -2.53235, -2.28738, -2.61724, -2.62746, -2.56033, -2.48159
3.14, 0.0319374, -0.692233, -0.873882, -1.31759, -1.40817, -2.2097, -2.0094, -2.41266, -2.30397, -2.62519, -2.60778, -2.93319, -2.75768, -3.31277, -3.06508, -3.07841, -3.48758, -3.29253, -3.24384, -3.24099, -3.24857, -3.1467, -2.83458, -2.67835, -2.41173, -2.67459, -2.49905, -2.44777, -2.49072, -2.63061, -2.45686
3.16, 0.0319374, -1.30549, -0.805698, -1.57378, -1.8652, -1.42162, -2.41709, -2.75555, -3.16968, -3.21402, -3.1796, -3.59776, -3.23062, -3.16399, -3.63292, -3.52876, -3.43603, -3.2255, -3.50753, -3.36681, -2.96287, -2.50238, -2.85407, -2.28814, -2.18886, -2.43748, -2.35508, -2.41226, -2.18439, -2.74403, -2.76803
3.18, 0.0319374, -1.58886, -2.4097, -2.86179, -3.33894, -3.06207, -2.07062, -2.5452, -3.98006, -3.44021, -3.53839, -3.25515, -3.65913, -3.72811, -3.62264, -3.76675, -3.66539, -3.63724, -3.58861, -3.30432, -3.96942, -2.81834, -2.82687, -3.07337, -2.91137, -2.66172, -2.67286, -2.5307, -2.57805, -2.66689, -2.58033
3.2, 0.0319374, -1.8148, -2.05995, -3.02952, -2.99118, -2.51456, -3.07411, -2.98924, -3.21399, -3.4364, -3.50026, -3.4216, -3.75737, -3.46353, -3.81147, -3.53905, -3.89544, -3.81847, -3.48544, -3.36115, -3.11996, -3.27051, -2.92427, -2.56689, -3.00519, -2.88222, -2.73163, -2.58347, -2.92124, -2.96541, -2.83304
3.22, 0.0319374, -1.18386, -2.86381, -3.14233, -3.38785, -3.01159, -3.24387, -2.82456, -3.50216, -3.19812, -3.86846, -3.98619, -4.14981, -3.6615, -3.31378, -3.61552, -3.76551, -3.45536, -3.70522, -3.72996, -3.39439, -3.06199, -2.87422, -2.82804, -2.84359, -2.4206, -2.55453, -2.43747, -2.5764, -2.69189, -2.769
3.24, 0.0319376, -0.340107, -1.12052, -1.76661, -1.47541, -1.42485, -1.87795, -2.62573, -2.94528, -2.86184, -3.60159, -3.07455, -3.71692, -3.48993, -3.42467, -3.49341, -3.2568, -3.41894, -3.34733, -3.07755, -3.26511, -2.45555, -2.3583, -2.29317, -2.16622, -2.15376, -2.28212, -2.28876, -2.18302, -2.55477, -2.47975
3.26, 0.0319376, -2.33549, -1.79148, -2.24869, -2.45021, -2.31703, -3.19231, -2.98132, -3.19524, -2.86977, -3.42691, -3.37842, -3.77716, -3.947, -3.82163, -3.59397, -3.63765, -3.73334, -3.72563, -3.15595, -3.02019, -2.58471, -2.40255, -2.651, -2.75102, -3.13479, -2.6165, -2.70371, -2.64784, -2.46193, -2.25089
3.28, 0.0319376, -1.33167, -1.49567, -1.82966, -2.30786, -1.75873, -2.39667, -2.39035, -2.06071, -2.34007, -2.5012, -2.15341, -2.56055, -2.28407, -2.16065, -2.53241, -2.51444, -2.86424, -1.84328, -1.78086, -1.53925, -1.33197, -1.55678, -0.920442, -0.649913, -0.847027, -1.06799, -1.26186, -1.13975, -1.42814, -1.71746
3.3, 0.0319376, -1.05818, -0.792439, -1.45634, -1.0778, -0.578207, -1.30753, -2.0702, -1.82397, -1.43794, -1.09305, -1.28694, -1.6089, -0.812346, -0.662441, -0.502325, -0.719031, -1.37046, -0.981476, -0.747612, -1.07121, -0.768012, -0.696861, -0.83437, -0.852178, -0.288811, -0.635154, -0.659865, -0.901626, -0.930614, -1.13725
3.32, 0.0319376, -0.883898, -0.996709, -1.23161, -0.758233, -0.947629, -1.01096, -0.433835, -0.330914, 0.272778, 0.190006, -0.615791, -0.510269, -0.409389, -0.359137, -0.850465, -0.664546, -1.21746, -1.00574, -0.871408, -0.873008, -0.330684, -0.519068, -0.44688, -0.580693, -0.603012, -0.510591, -0.924937, -0.509633, -0.991705, -0.813327
3.34, 0.0319376, -1.06423, -0.562835, -0.827913, -0.547905, -0.331284, 0.234469, 0.506687, 0.710491, 0.993592, 0.0509488, 0.466861, 0.920756, 0.585878, 0.141381, 0.670949, 0.296041, 0.274525, 0.014813, -0.323802, -0.181098, 0.149751, 0.349091, 0.272168, 0.219136, 0.266281, 0.111016, 0.490331, 0.30753, 0.145133, -0.138952
3.36, 0.0319376, -1.24281, -1.09036, -1.24083, -0.735442, -0.262243, -0.336275, -0.235796, 0.540368, 0.564097, 0.657851, 0.0452805, 0.334448, 0.290413, 0.198314, -0.568345, -0.551681, -0.0787759, -0.387052, -0.400354, 0.0666025, 0.276535, 0.514213, 0.652316, 0.140733, -0.0131241, -0.0943817, -0.0991734, -0.315388, -0.215871, -0.297628
3.38, 0.0319374, -1.4865, -2.07903, -0.660175, -0.728083, -1.43281, -0.411758, 0.071949, -0.270895, 0.344589, -0.284587, -0.444112, -0.23173, 0.485205, 0.249935, -0.128844, 0.437407, 0.615827, 0.241757, -0.068006, 0.390529, 0.350353, 0.0773568, -0.264142, -0.266168, -0.165595, -0.230554, -0.524924, -0.223846, -0.237309, -0.223285
3.4, 0.0319374, -1.64001, -1.19573, -1.53967, -1.94615, -0.917373, -1.15213, -1.28125, -0.352913, -0.968808, -0.652765, -0.0323152, 0.0431165, 0.127282, -0.102835, 0.0500356, -0.322833, -0.452462, -0.35527, -0.0456085, -0.169903, -0.360377, -0.442763, -0.489496, -0.5979, -0.847595, -0.573496, -0.295761, -0.589974, -0.662743, -0.237426
3.42, 0.0319374, -1.55401, -1.33121, -0.843321, -1.11872, -0.714318, -1.04427, -0.493823, -0.831861, -0.463163, -0.716846, -0.804005, -0.236625, -0.198766, 0.0363428, 0.0146189, -0.533777, -0.534523, -0.686605, -0.970751, -0.759448, -0.407306, -0.38213, -0.600985, -0.588747, -0.812149, -0.606772, -0.57091, -0.708931, -0.735591, -0.450229
3.44, 0.0319374, -1.92779, -1.99275, -1.28389, -1.56132, -1.34715, -1.31553, -1.45151, -0.839217, -1.00889, -1.33407, -1.517, -1.62784, -1.25316, -0.911605, -1.32602, -1.07622, -1.15277, -1.23746, -1.26109, -0.953429, -0.911866, -1.12978, -0.978369, -0.885313, -1.07332, -0.731243, -1.09211, -0.560007, -0.720755, -0.777862
3.46, 0.0319374, -1.97355, -1.60049, -1.95274, -1.77731, -1.29318, -1.91949, -1.3841, -1.0287, -0.855047, -1.15379, -0.861343, -1.23391, -0.953708, -0.716119, -1.2861, -0.930034, -1.13975, -1.36037, -1.70357, -1.40587, -1.09046, -1.16605, -1.22009, -1.3962, -1.18844, -1.01214, -0.908482, -0.853944, -1.33386, -1.1959
3.48, 0.0319376, -1.43274, -1.86256, -2.3856, -2.12436, -1.81171, -2.50048, -2.66075, -1.76731, -2.05481, -1.71343, -2.34527, -2.29073, -1.72085, -1.73179, -1.69836, -1.9726, -1.91127, -2.18342, -1.75601, -1.63718, -1.25291, -1.27701, -1.33504, -1.68869, -1.72501, -1.691, -1.35835, -1.00472, -1.06016, -1.4142
3.5, 0.0319376, -0.795059, -1.49261, -1.49206, -1.72061, -1.51414, -1.38422, -2.45819, -2.20384, -1.78305, -2.22875, -1.72388, -1.45194, -2.18988, -2.16628, -2.1125, -1.84978, -1.83056, -1.81939, -2.19367, -2.11166, -1.73687, -1.77126, -1.95633, -1.67527, -1.42232, -1.57412, -1.34583, -1.42756, -1.71194, -1.53633
3.52, 0.0319376, -1.72619, -2.59791, -2.61486, -2.31229, -2.27963, -2.79762, -2.74333, -2.21493, -2.12456, -2.04047, -2.46366, -2.23965, -1.73859, -2.03427, -1.83018, -1.83522, -1.94332, -2.0027, -1.89825, -1.8013, -2.23397, -1.98688, -1.70335, -2.21645, -2.25719, -2.13523, -1.89814, -2.17302, -2.13693, -2.23839
3.54, 0.0319376, -0.852176, -0.281715, 0.0913718, 0.10414, -0.136255, -1.1131, -0.874042, -0.302286, -0.54914, -1.83252, -2.01539, -1.50736, -2.06333, -1.96224, -1.80105, -2.18657, -1.95383, -2.00295, -1.84659, -1.88841, -2.18011, -1.99443, -2.17185, -2.40039, -2.37728, -2.24957, -2.11897, -2.15395, -2.33396, -1.88014
3.56, 0.0319376, -1.67835, -2.66592, -2.05638, -1.76012, -2.15544, -2.92873, -2.71963, -2.15708, -2.18312, -2.36915, -2.49936, -2.1859, -2.30633, -2.08565, -2.02264, -2.47135, -2.68913, -2.73543, -2.36389, -2.38846, -2.12995, -2.22583, -2.39839, -2.4077, -2.8042, -2.50692, -2.64752, -2.86926, -2.42468, -2.32272
3.58, 0.0319376, -1.81059, -1.42939, -1.33331, -1.40736, -1.6329, -1.76305, -2.46837, -2.40259, -1.98065, -1.94987, -2.02855, -2.79942, -2.52914, -2.08695, -1.91109, -2.2668, -1.35067, -0.553102, 0.336088, -0.576389, -0.251937, -0.743124, -0.979577, -1.04791, -1.22231, -0.73465, -0.577335, -0.771218, -1.46383, -1.00931
3.6, 0.0319376, -2.3797, -1.58492, -1.80039, -2.1748, -1.77997, -2.2033, -2.69492, -2.41912, -2.2705, -2.57367, -3.11188, -3.00385, -3.14246, -2.77386, -2.77605, -2.8599, -2.81853, -2.0833, -1.38679, -1.5522, -1.35816, -1.78681, -1.90737, -2.85343, -2.53493, -2.38359, -2.82317, -2.79186, -2.93399, -2.9421
3.62, 0.0319376, -2.03011, -2.0523, -1.69486, -1.95664, -1.78288, -2.28029, -2.80648, -1.99493, -2.48895, -2.39768, -2.86778, -3.1297, -3.43715, -3.12503, -2.71111, -3.02181, -2.75348, -2.51358, -2.57448, -3.05447, -2.7479, -2.84788, -3.26847, -3.05337, -2.89265, -2.87632, -2.94574, -3.13721, -2.93013, -2.93317
3.64, 0.0319374, -1.30581, -1.27348, -2.22983, -2.48027, -1.51744, -2.42324, -3.03149, -3.17004, -2.95046, -3.60957, -3.47293, -3.24759, -3.20578, -3.30478, -2.99923, -2.984, -2.85, -2.33592, -1.87516, -2.7702, -2.83779, -3.12886, -2.84804, -2.96614, -2.86684, -2.70983, -2.84714, -2.70512, -3.1229, -3.3344
3.66, 0.0319374, -2.39691, -3.14044, -3.20224, -1.81879, -1.60766, -2.46424, -3.06764, -3.21071, -2.46932, -3.13034, -3.58721, -3.748, -3.75685, -3.34552, -3.20807, -2.97229, -2.72357, -2.46429, -2.90808, -2.3906, -2.45853, -2.62231, -2.95685, -3.03239, -3.0429, -3.10688, -2.96492, -3.03324, -2.84098, -2.9577
3.68, 0.0319374, -1.66496, -2.94792, -2.43107, -2.7603, -2.83814, -2.57705, -2.69024, -2.84, -2.788, -3.15922, -3.47281, -3.29268, -3.64192, -3.61321, -3.3759, -3.63035, -3.13218, -2.94947, -3.01432, -3.03163, -3.06002, -3.00969, -3.06945, -3.0522, -3.07545, -2.60258, -2.61143, -2.7204, -2.48527, -2.60111
3.7, 0.0319374, -1.86933, -2.54831, -3.15821, -2.71434, -2.20595, -2.43024, -2.72674, -3.16054, -3.21598, -3.5426, -3.85158, -3.46136, -3.35341, -3.89123, -3.68767, -3.2475, -3.32383, -3.19318, -3.37494, -2.87569, -3.27672, -2.85524, -2.57996, -3.00229, -2.82331, -2.87003, -2.90524, -2.82574, -2.85517, -2.7551
3.72, 0.0319374, -2.3756, -3.15706, -3.55191, -3.03324, -2.17942, -2.69044, -2.60548, -3.12753, -3.08759, -3.56198, -3.76291, -3.83309, -3.64206, -3.04332, -3.41828, -3.77249, -3.44921, -3.29202, -2.82753, -3.2221, -2.78938, -2.67676, -2.53185, -2.61122, -2.89813, -2.95899, -2.87925, -3.17751, -3.17963, -3.10556
3.74, 0.0319376, -2.28521, -2.83895, -3.7728, -3.12361, -2.52818, -2.93462, -3.8029, -2.82693, -3.11209, -3.90611, -3.82844, -3.85577, -3.28539, -3.90122, -4.10705, -4.29628, -3.23853, -2.90202, -2.59543, -2.69157, -2.99413, -2.79824, -2.61345, -2.90324, -2.48348, -2.44042, -2.30243, -2.52854, -2.90059, -2.85026
3.76, 0.0319376, -2.58772, -2.75293, -2.05676, -1.55707, -2.01572, -2.08012, -2.40862, -2.39741, -2.98, -2.89986, -2.97406, -3.60889, -3.43657, -3.17545, -3.38912, -3.04604, -3.02716, -2.53371, -2.5824, -2.61958, -2.36653, -2.25157, -2.4084, -2.25829, -2.33531, -2.29738, -2.23456, -2.60545, -2.29162, -2.08131
3.78, 0.0319376, -3.19968, -3.04306, -2.98687, -2.30766, -1.69697, -2.63471, -1.87231, -1.75823, -2.30942, -2.71076, -2.32366, -2.16033, -2.66074, -3.1912, -2.73325, -2.79433, -2.0061, -2.18075, -2.23039, -1.69944, -2.15905, -2.11068, -2.32189, -2.2382, -2.74948, -2.29097, -1.98435, -2.32318, -2.25852, -1.98685
3.8, 0.0319376, -2.29088, -2.63178, -2.51773, -2.2179, -2.06758, -1.87283, -1.65167, -2.28534, -1.83868, -2.33482, -2.02983, -2.31706, -2.26212, -2.78047, -3.19149, -2.82313, -2.29807, -1.72471, -2.01776, -1.84911, -2.3363, -2.08754, -1.99489, -2.04112, -2.05682, -2.18611, -1.60994, -2.01789, -1.94087, -2.04966
3.82, 0.0319376, -2.52047, -2.37336, -2.03258, -2.46714, -2.13268, -2.01111, -2.11287, -2.95571, -2.53214, -2.82646, -3.01301, -3.0734, -3.47008, -3.20716, -3.35154, -3.65873, -3.21046, -2.74833, -2.77959, -2.55903, -2.46092, -2.31959, -2.37474, -2.70249, -2.46003, -2.36605, -2.50198, -2.43178, -2.40966, -2.58118
3.84, 0.0319376, -2.501, -2.63136, -2.78112, -1.81847, -2.08748, -2.42066, -2.98485, -3.08657, -3.23313, -3.23718, -2.66858, -2.97848, -3.26921, -3.53625, -3.45981, -3.09116, -3.1443, -3.21684, -2.87922, -2.6462, -3.14315, -2.82998, -2.67831, -3.07025, -2.66984, -2.7692, -2.50441, -2.29613, -2.73209, -2.6075
3.86, 0.0319376, -3.64465, -2.64647, -2.14689, -1.88132, -1.94698, -2.54481, -2.65852, -2.55877, -3.8505, -3.46715, -4.09226, -3.37766, -3.67893, -3.67898, -3.64821, -3.52007, -3.84219, -3.61248, -3.56387, -3.30435, -3.37345, -3.34251, -3.05241, -2.88348, -2.87473, -2.81839, -2.96443, -3.07165, -2.93338, -2.85511
3.88, 0.0319374, -2.67206, -1.93835, -1.30183, -0.985587, -0.900319, -1.60628, -2.18048, -1.97572, -2.64843, -4.03323, -3.85437, -3.59902, -4.00196, -4.13679, -4.30622, -3.76174, -3.7327, -3.51137, -3.6598, -3.43473, -3.1985, -3.23485, -2.80456, -3.00118, -2.90398, -3.06237, -2.82827, -2.88812, -3.23378, -3.07806
3.9, 0.0319374, -2.56514, -2.51717, -3.04015, -3.08113, -2.69228, -2.80369, -2.89901, -3.23808, -3.36688, -3.48991, -3.90725, -4.38042, -3.90077, -3.88539, -3.83149, -3.69083, -3.9095, -4.05663, -3.68403, -3.20624, -3.00276, -2.84934, -2.72445, -2.82888, -2.93287, -3.06083, -2.71519, -2.74167, -2.92735, -2.81753
3.92, 0.0319374, -2.65364, -3.00249, -2.60401, -2.79326, -2.32295, -2.85876, -3.1246, -3.15397, -3.37348, -3.42145, -3.35492, -3.35042, -3.60605, -3.36815, -3.2573, -3.40938, -3.39838, -3.56272, -3.13938, -2.90012, -2.97702, -2.84756, -2.65847, -2.53282, -2.47389, -2.60319, -2.24012, -2.46507, -2.41108, -2.40703
3.94, 0.0319374, -2.62047, -2.94719, -2.78801, -2.1243, -2.4824, -2.73968, -3.52775, -3.22014, -3.24472, -3.69475, -3.98453, -3.44451, -3.30257, -3.13711, -3.38431, -3.19723, -3.64426, -3.86114, -3.23636, -3.15676, -2.95669, -3.05191, -2.86251, -2.9618, -3.04156, -3.14671, -3.00455, -2.92279, -3.09575, -2.90381
3.96, 0.0319374, -2.81611, -2.92922, -2.39932, -2.59621, -2.23373, -2.24073, -2.33678, -2.21186, -1.63027, -1.97434, -2.15795, -1.89924, -1.04474, -1.40986, -2.17464, -1.84219, -2.59818, -2.75432, -3.02657, -2.88284, -2.6772, -2.63887, -2.42566, -2.2514, -2.31584, -2.63596, -2.35448, -2.46329, -2.29598, -2.43164
3.98, 0.0319376, -0.684308, -0.652091, -0.398281, -0.798385, -0.771854, -0.972396, -0.592141, 0.141516, 0.170039, -0.0220066, -0.781757, -0.229771, 0.0292979, 0.0041139, -0.352361, -0.223669, -0.406777, -0.728219, -0.493723, -0.783975, -1.37871, -0.592886, -0.347868, -0.328799, -0.463993, -0.5931, -0.613586, -0.841799, -0.833131, -0.936342
4, 0.0319376, -0.973944, -0.999946, -1.18649, -2.04455, -1.15936, -0.999705, -1.04802, -1.00364, -0.35582, -0.510919, -0.696635, -0.528692, -0.180499, -0.4031, -0.759229, -0.747553, -0.872051, -0.514346, -0.529245, -0.608863, -0.809754, -0.388809, -0.514941, -0.890166, -1.37895, -1.28705, -0.883369, -0.946401, -1.08582, -0.613935
4.02, 0.0319376, -1.06695, -0.763581, -1.19669, -2.03359, -1.37406, -1.24993, -0.119403, -0.133872, 0.484881, 0.680761, 0.460375, 0.0748076, 0.0728895, 0.27286, 0.249103, -0.265732, -0.760688, -0.601145, -0.731961, -0.565819, -0.74837, -0.529099, -0.33728, -0.930282, -0.783095, -0.488704, -0.759693, -0.877553, -0.83612, -0.840566
4.04, 0.0319376, -1.53241, -0.932169, -0.336647, -0.516045, -0.666346, -0.829964, -1.04557, -0.203795, 0.232344, -0.410767, 0.227037, 0.674365, 0.508906, 0.0911039, -0.0526564, -0.227858, -0.101871, -0.271673, -0.338232, -0.299579, -0.426506, -0.35665, -0.0948237, 0.299124, 0.193536, 0.131518, 0.0800749, -0.319514, -0.382146, -0.316283
4.06, 0.0319376, -1.42318, -0.518176, -0.716069, -0.496683, -0.668865, -0.180322, -0.4418, -0.624693, 0.158843, -0.275756, 0.185008, -0.0178625, 0.605881, 0.587939, 0.105589, 0.281902, -0.481868, -0.313582, -0.2055, -0.138047, -0.404064, -0.435157, -0.243577, -0.14704, -0.368366, -0.384299, -0.36901, -0.355591, -0.37755, -0.142017
4.08, 0.0319376, -1.88871, -1.25179, -0.675285, -0.544207, -0.46734, -0.0694084, -0.584404, 0.40746, 0.595045, 0.952106, 0.649192, 0.669537, 0.905665, 0.174101, 0.113625, 0.418643, 0.639812, 0.307835, 0.0498066, -0.0225527, -0.0639129, 0.277597, -0.0097243, 0.0355552, 0.00145544, -0.435082, -0.259705, -0.17812, -0.145519, -0.273113
4.1, 0.0319376, -1.52296, -1.20399, -0.976312, -1.23763, -0.717303, -0.512596, -0.444299, -0.208545, -0.507084, -0.761864, -0.4799, 0.0375159, 0.277801, 0.174699, -0.477349, -0.424337, -0.335076, -0.162969, -0.327436, -0.932795, -0.730107, -0.521365, -0.481748, -0.790699, -0.988195, -1.03497, -0.636887, -0.571243, -0.687608, -0.650668
4.12, 0.0319376, -2.38445, -2.00172, -1.82677, -2.01202, -1.64714, -1.50023, -1.54445, -1.80505, -1.61072, -2.13259, -1.21728, -1.46041, -0.855391, -1.12596, -1.29797, -1.21383, -1.33698, -1.3975, -1.06294, -0.861005, -1.14784, -1.42673, -1.23173, -1.38239, -1.44227, -1.33257, -1.26169, -1.25945, -1.36799, -1.44024
4.14, 0.0319376, -2.46594, -2.59536, -2.03042, -1.46413, -0.963162, -0.913496, -1.05509, -0.877159, -0.453495, -0.504432, -0.567781, -0.537147, -0.64774, -0.149536, -0.270151, -0.17246, -0.223336, -0.427777, -0.885791, -1.38399, -0.757002, -0.454433, -0.349675, -0.510031, -0.496038, -0.556246, -0.646253, -0.986288, -1.16187, -0.832103
4.16, 0.0319376, -1.72317, -1.46375, -1.13675, -0.889245, -1.29004, -1.15706, -2.19202, -1.29058, -1.16726, -0.941175, -0.917288, -0.617557, -0.310675, -0.604692, -1.29856, -1.18927, -1.11927, -0.862013, -1.14739, -1.66039, -1.82909, -1.81231, -2.17313, -2.04013, -1.37538, -1.31008, -0.794545, -0.991806, -1.43168, -1.6586
4.18, 0.0319376, -1.55176, -1.74505, -1.41553, -1.54082, -1.60569, -1.43604, -1.53625, -1.04417, -0.71175, -0.787399, -1.49099, -1.4494, -1.54326, -2.20284, -1.9346, -1.57032, -1.87345, -1.77158, -1.7171, -1.86428, -1.83119, -1.83385, -1.35896, -1.94945, -1.56845, -1.32427, -1.39443, -1.54075, -1.67176, -1.4777
4.2, 0.0319376, -3.06977, -2.25662, -2.02016, -2.06352, -1.84186, -1.9217, -1.99129, -1.72386, -1.82977, -1.98824, -2.23159, -2.36214, -2.24468, -2.19561, -2.50163, -2.81517, -2.52351, -2.6511, -2.15228, -2.60757, -2.60446, -2.11648, -2.20741, -2.62373, -2.17653, -2.39047, -1.93338, -2.10612, -2.46239, -2.17529
4.22, 0.0319376, -1.82473, -1.08734, -1.01744, -1.00076, -1.22918, -1.34768, -2.23237, -2.24727, -2.5016, -2.49094, -2.71891, -2.58984, -2.4206, -1.87625, -2.17382, -2.21631, -2.09778, -2.36845, -2.63975, -2.39127, -2.31154, -2.22468, -2.19575, -2.34424, -2.08981, -2.24012, -2.17093, -2.31843, -2.33621, -2.31213
4.24, 0.0319376, -2.45518, -2.06841, -2.49347, -2.41325, -1.73949, -1.84994, -2.0227, -2.12575, -2.52077, -2.16255, -2.90944, -3.12234, -2.42308, -1.96223, -2.24537, -2.66393, -2.57472, -2.59376, -2.26155, -2.51575, -2.25766, -2.2746, -2.43488, -2.63697, -2.24093, -2.26942, -2.44106, -2.1982, -2.35482, -2.04856
4.26, 0.0319371, -2.14114, -1.48886, -1.79747, -1.57826, -1.33666, -1.60259, -2.50875, -1.99763, -1.71382, -1.91618, -2.09703, -2.07661, -1.85981, -2.44697, -2.38141, -2.16238, -2.19511, -2.04758, -2.25035, -1.95897, -2.23759, -1.97799, -2.01637, -1.97441, -1.88011, -1.58924, -1.84812, -2.25618, -2.1546, -1.95605
4.28, 0.0319371, -2.38784, -1.51546, -1.4564, -1.78161, -1.20167, -1.62942, -2.97287, -2.74733, -2.33991, -2.50292, -2.68905, -2.56294, -2.26886, -2.54249, -2.5905, -2.56499, -2.63778, -2.88502, -2.6111, -2.47711, -2.36306, -2.28242, -2.58232, -2.61871, -2.68683, -2.30628, -2.47049, -2.77914, -2.46638, -2.25913
4.3, 0.0319371, -2.51195, -2.39917, -2.77797, -2.97125, -2.65869, -2.55755, -3.29773, -3.30548, -2.3522, -2.77404, -3.15044, -2.89743, -2.83909, -2.83079, -3.00446, -2.83351, -2.42207, -2.43182, -2.67566, -2.59843, -2.56741, -2.39978, -2.65963, -2.5929, -2.61988, -2.40856, -2.2585, -2.71549, -2.33438, -2.42678
4.32, 0.0319371, -2.13346, -2.06251, -2.32713, -3.31341, -2.55935, -2.6365, -3.00556, -2.85352, -2.88924, -3.07754, -2.86649, -2.75165, -2.74218, -2.94974, -2.89295, -2.58912, -2.40391, -2.2765, -2.43637, -2.23475, -2.23585, -2.0387, -1.77234, -1.62342, -1.98803, -1.71798, -2.09588, -2.14273, -2.25141, -2.31529
4.34, 0.0319371, -2.8738, -2.23284, -2.9306, -3.01285, -2.90274, -3.1161, -2.86468, -2.69507, -2.6567, -3.2242, -2.7767, -2.83448, -3.14293, -3.01661, -2.77107, -2.27747, -2.05344, -2.26608, -2.25892, -1.91239, -1.6654, -1.48009, -1.19822, -1.18327, -1.30627, -1.13662, -1.48975, -1.71334, -2.28617, -2.01569
4.36, 0.0319376, -3.1075, -3.21815, -2.18313, -2.44093, -2.54736, -3.22866, -3.97422, -3.0356, -2.96051, -2.69001, -2.84377, -3.3154, -2.86469, -3.12537, -3.10952, -2.69642, -2.66004, -2.52744, -2.04546, -2.17038, -2.27769, -2.24589, -1.97376, -2.08417, -2.3388, -2.23459, -1.95621, -1.85518, -1.58529, -2.13353
4.38, 0.0319376, -0.839083, -0.943527, -1.00623, -0.862009, -0.234378, -0.468763, -1.6174, -1.25567, -0.96463, -1.7252, -2.45861, -2.64018, -2.88193, -3.52757, -2.86972, -2.95455, -2.6422, -3.24496, -2.64365, -2.47516, -2.22532, -2.5244, -2.60132, -2.88626, -2.54459, -2.5278, -2.68591, -2.61198, -2.32865, -2.43465
4.4, 0.0319376, -2.77907, -2.59557, -2.19789, -2.67758, -2.56751, -2.24313, -2.96954, -3.04738, -3.08918, -2.8232, -3.63352, -3.42392, -3.6555, -3.32103, -3.11732, -3.45234, -3.47505, -3.01463, -3.1957, -2.87452, -2.64814, -2.44202, -2.33544, -2.63621, -2.98642, -2.74871, -2.31368, -2.29279, -2.6236, -2.42281
4.42, 0.0319376, -3.08936, -3.01209, -2.90097, -2.55499, -3.26317, -3.13753, -2.68322, -2.49511, -3.12698, -3.42477, -3.78779, -4.22153, -3.70215, -3.75391, -3.78577, -3.88483, -3.24379, -3.51751, -3.47243, -3.08135, -2.36964, -2.8812, -2.8237, -2.79735, -3.16254, -2.79606, -2.78997, -3.02699, -2.98344, -2.71178
4.44, 0.0319376, -3.67668, -3.00749, -2.81395, -3.04085, -2.22389, -3.14345, -3.18939, -3.05715, -2.79686, -3.53544, -4.0988, -3.30167, -3.16975, -3.55537, -3.31187, -3.77563, -3.59979, -3.18699, -3.31903, -2.86029, -2.44172, -2.43102, -2.50582, -2.26805, -2.76304, -2.38348, -2.2668, -2.62703, -2.67647, -2.80211
4.46, 0.0319376, -2.80341, -2.66239, -2.46892, -2.29008, -2.12784, -2.50829, -2.71402, -3.12247, -2.85014, -3.40945, -3.17622, -3.36651, -3.29002, -3.58969, -4.07674, -3.7434, -3.32295, -3.13571, -3.3189, -3.25351, -2.59038, -2.76058, -2.35161, -2.63719, -2.97022, -3.149, -2.85452, -2.70878, -2.95044, -2.98655
4.48, 0.0319376, -2.98929, -2.84602, -3.20229, -2.47364, -1.82422, -2.3588, -3.32702, -3.0877, -3.06968, -3.51466, -3.87274, -4.28176, -4.1484, -3.62798, -3.7442, -3.49407, -3.76625, -3.62923, -3.44785, -2.20365, -2.33674, -2.46029, -2.4734, -2.34004, -2.38734, -2.40508, -2.46909, -2.78383, -3.04989, -2.51919
4.5, 0.0319376, -3.42225, -3.20135, -2.77892, -2.75856, -1.7696, -2.38562, -3.39593, -3.12224, -2.75194, -2.87702, -3.41785, -3.33075, -4.05786, -3.70976, -3.4669, -3.17948, -2.70639, -3.25631, -3.38488, -2.38601, -2.20127, -2.61893, -2.46685, -2.83587, -2.45537, -2.35144, -2.83116, -2.68096, -2.71991, -2.43776
4.52, 0.0319376, -3.14896, -3.33402, -2.76588, -2.39971, -2.29039, -2.15634, -2.30418, -3.1353, -3.04965, -3.6455, -3.43006, -3.37286, -3.42003, -3.54453, -3.84412, -3.63094, -2.99911, -2.77532, -2.70121, -2.37663, -2.23336, -2.20677, -2.08732, -2.23007, -2.43335, -2.43747, -2.08427, -2.21115, -2.33191, -2.29357
4.54, 0.0319376, -3.67927, -3.06372, -3.01456, -2.69564, -2.36342, -2.123, -2.86989, -2.77166, -3.08844, -3.43203, -3.83174, -4.06348, -4.04141, -3.30876, -3.25897, -3.29804, -3.05259, -2.87864, -2.51018, -2.24601, -2.31194, -2.54558, -1.94623, -1.89608, -1.97759, -2.09888, -2.16723, -2.22265, -2.37621, -2.60615
4.56, 0.0319376, -3.01155, -2.19053, -1.89144, -1.99437, -2.00875, -2.53482, -3.82213, -2.98183, -3.0238, -3.1094, -3.42207, -3.73851, -3.80604, -3.63175, -3.86302, -3.62666, -3.54309, -3.91194, -3.58926, -2.75536, -2.32892, -2.5048, -2.9646, -2.78066, -2.6158, -2.56772, -2.50055, -2.42454, -2.17765, -2.17998
4.58, 0.0319376, -2.20993, -2.86207, -2.04724, -2.27317, -1.87102, -3.09602, -3.02315, -2.93955, -3.30135, -3.76055, -3.76224, -3.63607, -3.77167, -3.55531, -3.42268, -3.68547, -3.81889, -3.70736, -3.20993, -2.88453, -2.80103, -2.7035, -2.79743, -2.68284, -2.50531, -2.55462, -2.22045, -2.47107, -2.71203, -2.66215
4.6, 0.0319376, -3.10617, -1.85223, -1.98939, -1.84464, -2.03169, -3.24118, -3.86453, -3.69185, -3.69323, -3.43257, -3.6912, -4.05166, -3.96692, -3.87238, -4.39143, -4.24766, -4.02642, -3.78761, -3.37683, -3.47779, -3.09182, -2.50643, -2.52871, -2.61595, -2.52979, -2.6729, -2.49671, -2.58324, -2.2641, -2.23686
4.62, 0.0319376, -2.65873, -2.65423, -2.44316, -2.45246, -2.11079, -2.96085, -2.76652, -3.31812, -3.39032, -3.49838, -3.65329, -3.6754, -3.66247, -3.64921, -3.23787, -3.53422, -3.39175, -3.58221, -3.23182, -2.88385, -2.4129, -2.26309, -2.23959, -2.00481, -2.57944, -2.79239, -2.37657, -2.4071, -2.51172, -2.70909
4.64, 0.0319376, -3.47368, -2.69611, -3.15988, -2.50943, -2.10868, -2.54282, -2.11077, -1.38004, -2.08171, -2.01095, -2.54376, -2.67227, -1.79017, -1.92539, -2.55112, -1.72514, -1.72216, -1.49594, -1.60018, -2.02584, -2.11024, -1.83876, -1.86831, -1.9823, -1.98828, -1.95223, -2.14779, -2.1447, -1.8188, -1.64414
4.66, 0.0319376, -0.514574, -1.13329, -0.973223, -0.779635, -0.710015, -1.63878, -1.09281, -0.846968, -1.36635, -0.986696, -0.672879, -0.68113, -0.805399, -1.0951, -1.19326, -1.17769, -0.942695, -1.01463, -1.00984, -1.05538, -1.08689, -0.781657, -0.816084, -0.788225, -0.966464, -0.954776, -0.708571, -0.793681, -0.650517, -0.892709
4.68, 0.0319376, -1.11147, -0.348941, -0.365143, -1.22997, -0.775653, -1.22178, -1.13197, -0.394481, -0.56669, -0.582051, -0.433274, -0.576022, -0.668842, -0.570561, -1.21528, -0.76885, -0.901269, -1.39982, -0.827033, -0.833492, -1.10787, -0.721059, -1.02569, -1.02727, -1.17359, -1.07616, -1.03906, -0.888284, -0.935489, -0.784421
4.7, 0.0319376, -1.87891, -1.53701, -1.72037, -1.59034, -1.34929, -1.82905, -1.32623, -1.03213, -0.655313, -0.798086, -1.47945, -0.956034, -0.760216, -0.872787, -0.909011, -1.23765, -1.26325, -1.04344, -0.963852, -1.14707, -1.52767, -0.949127, -0.819453, -1.18925, -1.31995, -1.11616, -1.11453, -1.14345, -0.88275, -0.934493
4.72, 0.0319376, -1.19527, -1.08527, -1.37845, -1.14752, -0.916524, -0.0246821, 0.0172582, 0.4423, 0.825928, 0.673856, 0.654917, 0.709247, 0.716217, 0.879873, 0.407137, 0.0544043, -0.161167, -0.304391, -0.297545, -0.102195, -0.247425, -0.337747, -0.377289, -0.414059, -0.920069, -0.798794, -0.33638, 0.147839, -0.213395, -0.467165
4.74, 0.0319376, -0.868631, -0.402329, -1.03173, -0.954723, -0.432137, -0.280296, -0.10419, -0.0893285, 0.432161, 0.43304, 0.258162, -0.0482363, 0.599995, -0.354877, -0.248167, -0.315558, -0.586296, -0.887834, -0.281358, -0.31252, -0.343599, -0.259189, -0.209289, -0.672167, -0.502791, -0.540171, -0.44803, -0.29588, -0.551179, -0.566866
4.76, 0.0319371, -0.216524, 0.00215108, -0.140073, -0.297415, -0.375994, 0.113708, 0.0671472, 0.87544, 0.856704, 0.618073, -0.129382, -0.180099, 0.762309, 0.479563, 0.0934276, 0.891599, 1.0655, 0.678395, 0.679388, 0.2338, 0.120057, 0.182049, -0.168729, -0.307397, -0.208922, -0.295578, -0.291247, -0.313777, -0.38693, -0.281836
4.78, 0.0319371, -1.73473, -0.411235, -0.982846, -0.673075, -0.448472, 0.151526, -0.317593, -0.773446, -0.263961, -0.166592, -0.269604, -0.452276, 0.0204089, 0.308968, -0.0880511, 0.0174911, 0.0729392, 0.163724, -0.427352, -0.193484, 0.111644, -0.209298, -0.200935, -0.441904, -0.419527, -0.316338, -0.171936, -0.415301, -0.607179, -0.474337
4.8, 0.0319371, -1.16212, -1.58312, -0.814218, -1.64843, -0.356198, -0.920102, -1.07427, -0.552245, -1.24197, -0.529688, -0.594212, -0.432384, -1.23936, -0.637713, -0.900383, -0.566105, -1.13102, -0.804306, -0.499189, -0.334415, -0.398462, -0.525537, -0.200221, -0.466898, -0.798333, -0.669659, -0.0687675, -0.151374, -0.558144, -0.777304
4.82, 0.0319371, -2.268, -1.9251, -1.86181, -1.30944, -1.68431, -1.00186, -1.06637, -1.46233, -1.28049, -1.35174, -1.36077, -1.60105, -1.29681, -1.64374, -1.24744, -1.29199, -1.37246, -1.48221, -1.47404, -1.20356, -1.61346, -1.38099, -1.04264, -0.992164, -1.15405, -1.04478, -0.820555, -0.985484, -0.831832, -0.624376
4.84, 0.0319371, -1.30294, -1.2952, -0.564825, -0.729772, -0.366534, -0.430827, -0.835897, -1.20875, -1.42796, -2.00401, -2.02535, -1.30441, -1.55653, -2.02022, -1.56679, -1.88711, -1.88217, -1.78159, -1.64456, -1.76434, -1.69331, -1.65361, -1.30122, -1.13724, -1.2636, -1.48701, -1.02083, -1.04034, -1.01717, -1.19262
4.86, 0.0319376, -1.84451, -2.22959, -2.32213, -1.85647, -2.18607, -1.95475, -2.01319, -2.08, -2.37229, -1.74279, -1.76616, -1.42546, -1.87493, -2.54128, -2.07405, -1.81548, -1.51514, -1.2296, -1.21089, -1.45858, -1.63082, -1.48055, -1.35549, -1.37017, -1.31138, -1.17057, -0.966044, -0.823785, -1.02037, -0.821188
4.88, 0.0319376, -2.41161, -2.06223, -1.16214, -1.31094, -1.66341, -2.43948, -2.34018, -0.819331, -0.92763, -2.10966, -2.85161, -2.24957, -2.07903, -2.28567, -2.04911, -1.54746, -1.68086, -1.56875, -1.52297, -1.48627, -1.75853, -1.34471, -1.75206, -1.72725, -1.24373, -1.56198, -1.20849, -1.36395, -1.35532, -1.28646
4.9, 0.0319376, -2.40616, -2.60813, -2.56652, -2.01274, -2.57149, -2.52188, -2.72764, -2.13841, -1.8633, -2.27055, -2.16478, -1.90786, -2.10537, -1.8411, -2.33913, -2.4976, -2.23335, -2.0382, -2.11302, -1.84346, -1.6495, -1.9492, -2.20566, -1.91691, -2.01604, -1.89593, -1.7865, -1.80468, -1.90659, -1.87105
4.92, 0.0319376, -1.83195, -1.28219, -0.779833, -0.787616, -1.01185, -2.02644, -2.20591, -1.73521, -2.00534, -2.33862, -2.14603, -1.83142, -1.77734, -1.82057, -2.45375, -1.66249, -1.62074, -1.5601, -1.59031, -2.41285, -1.88093, -1.82895, -1.63925, -1.80899, -2.03051, -1.61953, -1.74278, -1.64478, -1.57868, -1.49944
4.94, 0.0319376, -2.49513, -2.63117, -3.02192, -2.15355, -1.8532, -2.03239, -2.87137, -2.63008, -2.28132, -2.23542, -2.36522, -2.3412, -2.19294, -2.37288, -2.22795, -2.28757, -2.23231, -2.72912, -1.76638, -2.40246, -2.51525, -2.10819, -2.33992, -2.47814, -2.31211, -2.10637, -1.97221, -1.74346, -2.01851, -1.98111
4.96, 0.0319376, -3.54575, -3.36701, -3.324, -2.83197, -1.99239, -2.94596, -3.04102, -2.31511, -2.4042, -2.57675, -2.58325, -2.43884, -2.45158, -2.39227, -2.62556, -3.02661, -2.57883, -2.12944, -2.41728, -1.90116, -1.6385, -1.89988, -2.31785, -2.43367, -2.16683, -2.16682, -2.04307, -1.81726, -1.70921, -1.6797
