# Time (seconds), Duration (seconds), f0, f1, f2, f3, f4, f5, f6, f7, f8, f9, f10, f11, f12, f13, f14, f15, f16, f17, f18, f19, f20, f21, f22, f23, f24, f25, f26, f27, f28, f29
0, 0.0319375, -0.458717, -0.43027, -0.324726, -0.815431, -0.311274, 0.584634, 0.154684, -0.0131401, -0.158964, -0.388295, -0.304014, 0.518072, 0.881532, 0.146363, 0.79238, 0.475798, 0.31117, -0.0370302, -0.65379, -1.2, -0.802288, -0.550494, 0.0500723, 0.255458, -1.10879, -1.00516, -0.620225, -0.335732, -0.750701, -0.290495
0.02, 0.0319375, -1.14517, -0.658647, -0.752811, -0.402914, -0.425809, -0.203516, -1.21314, -0.26453, 0.347416, -0.977834, -0.609903, 0.5736, -0.0189247, 0.369883, 0.441314, 0.500114, 0.20673, -0.559951, -0.87039, -1.35647, -1.12915, -0.82086, -0.0890341, -0.254808, -2.03202, -1.69064, -0.862102, -0.818882, -1.09827, -0.90064
0.04, 0.0319375, -0.347814, -0.262974, -0.331934, -0.773609, -0.970249, -0.633091, 0.121791, 0.381832, -0.467067, -0.269838, -0.452156, 0.232247, 0.0564657, -0.209287, 0.407064, 0.562346, -0.00639758, -0.734126, -1.28324, -1.34692, -0.955558, -1.24677, -0.538603, -0.762883, -1.43425, -1.25045, -0.83683, -0.793321, -1.00012, -0.794111
0.06, 0.0319375, -1.33597, -1.05857, -0.365209, -0.862162, -0.702807, 0.118846, 0.346412, 0.186523, 0.0659652, -0.553569, -0.685286, 0.338455, -0.144104, 0.427567, 0.662289, -0.0276841, -0.23028, -0.511538, -0.396727, -1.07001, -0.917473, -0.843212, 0.0134014, 0.207214, -1.03661, -0.860725, -0.772902, -0.493579, -0.469672, -0.65599
0.08, 0.0319375, -0.175441, 0.0887697, -0.507265, -0.541758, -0.0303914, -1.06194, -0.300335, 0.551672, 0.227768, -0.752396, -0.601032, -0.209465, 0.399474, -0.262431, 0.404712, 0.175621, 0.376563, -0.0400025, -0.878074, -1.58923, -1.46681, -1.07268, -0.212765, 0.0256855, -1.16684, -1.0526, -1.04376, -0.712343, -0.877775, -0.426347
0.1, 0.0319375, -0.819502, -0.0746326, -0.0664486, -0.47897, -0.125974, 0.285151, -0.077837, 0.321062, -0.00595036, -0.943095, -0.683379, 0.459874, 0.641614, 0.375563, 0.704481, 0.25132, -0.054096, -0.048359, -1.0672, -1.36366, -1.36714, -1.05633, -0.301721, -0.274226, -0.996202, -1.07975, -1.16715, -0.499113, -0.638652, -0.208229
0.12, 0.0319375, -1.1635, 0.147034, 0.179653, -0.881677, -0.483048, 0.196433, 0.551296, 0.74455, -0.440581, -0.802453, -0.222908, 0.199148, 0.644464, 0.751575, 0.634294, 0.611156, 0.69872, -0.109723, -0.262862, -1.13003, -0.60351, -0.606502, -0.147157, 0.23982, -0.682822, -0.948935, -1.31363, -0.448373, -0.49224, -0.208753
0.14, 0.0319375, -0.570903, 0.3434, 0.245447, -0.900744, -0.368971, 0.531651, -0.0755701, 0.430989, 0.667003, -0.354898, 0.265575, 0.722287, 0.310283, 0.737157, 0.467509, 0.49938, 0.575042, 0.437023, -0.136626, -0.864351, -0.589149, -0.417479, 0.245978, 0.39294, -0.514331, -0.883178, -0.728497, -0.513644, -0.259295, -0.04785
0.16, 0.0319375, -1.15664, 0.165917, -0.377907, -0.711775, -0.653396, 0.309767, -0.639446, 0.2625, 0.504404, -0.342434, -0.222546, 0.860184, 1.13342, 0.138271, 0.694327, 0.643279, 0.770383, 0.333861, -0.737073, -1.1608, -1.07451, -0.61112, 0.158655, 0.158364, -0.802653, -0.605011, -0.456483, -0.149027, -0.163496, -0.00968097
0.18, 0.0319375, -1.24563, -0.642987, -0.371243, -0.991711, -0.195819, 0.427861, -0.526127, 0.263318, 0.479385, -0.425319, -0.426112, 0.606698, 0.955035, 0.328129, 0.556864, 0.242671, 0.119265, -0.0662382, -0.411197, -1.41911, -0.67214, -0.737719, 0.0741127, 0.022018, -0.934111, -0.789392, -0.621309, -0.343481, -0.406479, 0.165341
0.2, 0.0319375, -1.62106, -0.803789, -0.466166, -0.703588, -0.332602, 0.520522, 0.0421509, 0.556643, 0.297115, -0.430333, -0.29686, 0.295978, -0.1212, 0.04472, 0.310981, 0.291549, -0.128833, -0.0625704, -0.619574, -1.54479, -1.44308, -1.12558, -0.565799, -0.150549, -0.795445, -1.07152, -1.23633, -0.556783, -0.796109, -0.29837
0.22, 0.0319375, -1.0677, -0.145736, -0.561652, -0.532658, -0.333999, -0.158305, 0.0535231, 0.406271, -0.14233, -0.847704, -0.543906, 0.0231999, 0.0277297, 0.117107, 0.288377, 0.189322, 0.607577, -0.650413, -0.957768, -1.0472, -1.10395, -1.19688, -0.57561, -0.0678589, -1.24373, -1.16086, -1.09658, -0.830903, -0.786014, -0.371826
0.24, 0.0319375, -1.5297, -0.502546, -0.879699, -0.743877, -0.717786, 0.110912, -0.0481458, 0.0306015, -0.212581, -0.691441, -0.593435, 0.18605, 0.564754, 0.226816, 0.17612, 0.850339, 0.788936, -0.23581, -1.06069, -1.60736, -1.33967, -1.32758, -0.353761, -0.0518241, -1.4824, -1.24438, -1.2239, -0.737961, -0.808235, -0.619084
0.26, 0.0319375, -1.22627, -0.369191, 0.039166, -0.531615, -0.319338, 0.0186198, 0.203602, 0.38817, 0.68158, -0.276311, -0.471921, 0.549764, -0.112931, 0.0161324, 0.242819, 0.67295, -0.0367493, -0.435981, -1.05341, -1.17649, -1.40895, -0.884132, -0.347423, 0.243586, -1.12246, -1.53122, -1.30059, -0.751117, -0.843571, -0.607718
0.28, 0.0319375, -2.39102, -0.352646, 0.137975, -0.883448, -1.02438, -0.675422, -0.438985, 0.614309, 0.624637, -0.288754, -0.640968, 0.310429, 0.968948, 0.139115, 0.510561, 0.621953, 0.36635, -0.297278, -0.553714, -0.888229, -1.28959, -0.82536, -0.159264, -0.486896, -1.21787, -1.24026, -1.09801, -0.618691, -0.639659, -0.645251
0.3, 0.0319375, -0.556341, -0.427262, -0.376357, -0.238598, -0.499764, -0.902792, -0.0881554, 0.760019, 0.603727, -0.277505, -0.457762, -0.200881, 0.566609, 0.161533, 0.756231, 0.988131, 0.682903, -0.34195, -0.692802, -1.20421, -1.37386, -0.847967, -0.147577, -0.0988657, -1.27771, -1.42341, -1.21047, -0.453669, -0.796606, -0.385457
0.32, 0.0319375, -0.849991, -0.139949, -0.221622, -0.350133, -0.182112, -0.224342, 0.0837315, 0.014174, 0.259026, -0.605897, 0.0591274, 0.113475, 0.255468, -0.0247622, 0.466545, 0.765014, 0.230158, -0.205836, -0.445779, -1.42825, -1.01724, -1.26453, -0.683792, -0.473418, -1.36702, -1.43681, -1.06905, -0.445239, -0.819404, -0.646949
0.34, 0.0319375, -0.767223, 0.564323, -0.131416, -0.202171, -0.256476, -0.260565, 0.302149, 0.996635, 0.219106, -0.0924861, -0.692112, -0.379889, 0.184331, 0.12867, 0.569042, 0.877272, 0.426716, -0.499958, -0.764177, -0.917687, -0.928568, -1.17047, -0.0740157, -0.277557, -1.22372, -1.41944, -1.56347, -0.765664, -0.844875, -0.718207
0.36, 0.0319375, -1.74192, -0.0984066, 0.535063, -0.891066, -0.486484, 0.114354, 0.225372, -0.0516092, 0.118101, -0.605468, -0.697963, 0.0188422, 0.366895, 0.505076, 0.443772, 0.202686, -0.364221, -0.530066, -1.02723, -1.32438, -1.26496, -1.07091, -0.264807, -0.121073, -1.15643, -1.47388, -1.52764, -0.652918, -0.731105, -0.670402
0.38, 0.0319375, -1.19942, -0.149809, -0.311269, -1.01, -0.806303, 0.00292457, -0.727474, 0.327164, 0.521757, -0.0332831, -0.542993, 0.123439, 0.589266, 0.149687, 0.375246, 0.355935, 0.141191, -0.633306, -1.24833, -1.18961, -1.64592, -1.58696, -0.133651, -0.371724, -1.46584, -1.52641, -1.2953, -0.835535, -1.1466, -1.34556
0.4, 0.0319375, -1.16774, -0.890018, -0.838383, -0.433912, 0.0622378, 0.278168, -0.742989, 0.323588, -0.239368, -0.830126, -0.577815, 0.30523, 0.402001, -0.173855, -0.440892, -0.313286, -0.0493722, -0.824057, -1.16804, -1.21413, -1.6555, -1.6116, -0.667234, -0.872027, -1.81317, -1.92027, -1.6101, -1.31902, -1.25731, -1.12554
0.42, 0.0319375, -1.15074, -0.663161, -0.36849, -0.757374, -0.977648, -0.453708, -0.117853, 0.0845281, 0.0622345, -0.419525, -1.17827, 0.288512, 0.505092, 0.0170559, 0.162644, -0.49581, -0.852128, -1.09307, -1.41897, -1.15786, -1.69127, -1.26321, -0.948279, -0.835162, -1.74858, -1.71339, -1.96891, -1.38804, -1.25816, -1.45635
0.44, 0.0319375, -0.85835, -0.0787969, -0.96542, -0.292241, -0.189034, 0.0339153, -0.0166452, 0.584454, -0.0252307, -0.613862, -0.786349, -0.180496, 0.0876583, -0.178695, 0.255563, 0.114071, -0.296982, -0.729453, -0.998005, -1.18074, -1.53557, -1.44699, -0.430682, -0.350778, -1.75214, -1.82829, -1.86934, -1.33, -1.2657, -1.31566
0.46, 0.0319375, -1.27322, -0.487061, -0.195389, -0.512376, 0.183833, 0.366005, 0.357105, 0.369634, 0.0631334, -0.456742, -0.566898, 0.342578, 0.426433, 0.131209, -0.178453, 0.294125, -0.171176, -0.519759, -0.686202, -1.31932, -1.71299, -0.929227, -0.35619, -0.370189, -1.55262, -1.77926, -1.49069, -1.19241, -1.22684, -1.06023
0.48, 0.0319375, -1.00415, -0.128953, -0.369141, 0.206321, -0.227181, -0.0517131, -0.293017, 0.291026, 0.548105, -0.266709, -0.558394, -0.248702, 0.302114, 0.549424, 0.641154, 0.170778, 0.186279, -0.65817, -0.89101, -0.906534, -0.976493, -0.723245, 0.0463325, -0.593329, -1.20424, -1.57237, -1.40775, -1.05356, -0.855658, -0.936362
0.5, 0.0319375, -1.19888, 0.20052, 0.43211, -0.245616, -0.455283, -0.122416, -0.627748, -0.294877, -0.323825, -1.69172, -1.25404, -0.251903, 0.529038, -0.591888, -0.107089, 0.027651, -0.755665, -1.686, -1.33311, -1.55007, -1.68843, -1.5497, -1.27863, -1.25114, -1.9247, -2.10722, -1.75928, -1.62633, -1.72078, -1.75823
0.52, 0.0319375, -1.58248, -1.60223, -1.99679, -1.92771, -1.78104, -1.16861, -2.39793, -2.02888, -2.3223, -2.70077, -2.57372, -2.06032, -1.59678, -2.05013, -1.99334, -2.25177, -2.23974, -2.38781, -2.85625, -3.20578, -3.30283, -3.09813, -2.61406, -2.93214, -3.40567, -3.74952, -3.6509, -3.36022, -2.98797, -2.87613
0.54, 0.0319375, -1.23504, -1.81983, -2.44676, -2.47469, -2.43418, -3.1509, -3.37513, -2.33651, -2.52351, -2.78846, -2.90537, -2.57608, -1.6438, -1.67764, -1.80368, -2.34332, -2.22731, -2.54828, -3.04457, -3.58195, -3.36358, -2.88143, -2.46094, -2.88454, -3.59003, -3.75497, -3.68795, -3.26641, -2.89224, -3.00874
0.56, 0.0319375, -1.83464, -2.05355, -1.25344, -2.29305, -1.84865, -2.04187, -1.68961, -1.03895, -0.438628, -1.37029, -0.912902, -0.763892, -0.117747, -0.102191, -0.284824, -0.959686, -0.384995, -0.507071, -1.44534, -1.94517, -1.21485, -0.999683, -0.37002, -0.885582, -1.98756, -2.04745, -1.80975, -1.55274, -1.46886, -1.33423
0.58, 0.0319375, -0.866259, -0.900346, -0.924076, -0.915394, -1.83239, -1.18093, -0.593738, -0.688952, -0.251353, -0.83539, -1.01203, -0.543291, -0.146852, 0.0899101, 0.474915, 0.148757, 0.456779, -0.250038, -0.940448, -0.833256, -0.480795, -0.250244, 0.162971, -0.197181, -1.10841, -1.14864, -0.594608, -0.761134, -0.45948, -0.0617458
0.6, 0.0319375, -1.30801, -0.243833, -0.961063, -1.04956, -1.66286, -1.52074, -0.654515, -0.409287, -1.13072, -1.74546, -1.16962, -0.563286, 0.132737, 0.21143, 0.117107, -0.0803058, -0.0224722, -0.0739617, -0.445822, -0.215758, 0.251084, -0.0467276, 0.103077, 0.0134242, -0.558442, -0.80383, -0.238906, 0.184896, -0.0798764, 0.0112234
0.62, 0.0319375, -1.80522, -1.5167, -1.08109, -0.97832, -1.4516, -0.81282, -1.76788, -0.38504, -0.154769, -0.802501, -1.3998, -0.864705, -0.316782, 0.487035, 0.311995, -0.0464524, 0.116994, -0.486388, -0.587318, -0.138685, 0.168144, 0.251198, 0.787158, 0.529676, -0.459386, -0.843832, -0.355945, 0.00399613, -0.214681, 0.273615
0.64, 0.0319375, -1.44715, -0.517206, -0.651694, -1.02322, -0.848306, -0.676164, -0.709744, -0.293227, 0.1727, -0.49378, -0.578644, -0.153466, -0.154908, 0.502976, 0.970078, 0.204899, 0.737891, 0.331734, -0.467642, -0.384895, 0.298604, 0.473845, 1.0128, 0.532242, -0.256641, -0.512452, 0.316204, 0.716715, 0.245474, 0.237256
0.66, 0.0319375, -1.00912, -1.19261, -1.14504, -1.24353, -0.75817, -0.241737, -0.332366, 0.2349, -0.000595747, -0.729465, -1.19455, -0.736842, -0.285882, 0.132047, 0.026704, 0.216939, 0.515199, 0.502916, -0.214248, -0.115367, 0.819561, 0.700668, 0.938606, 0.846694, 0.188783, -0.0847734, 0.392626, 0.777644, 0.460951, 0.810828
0.68, 0.0319375, -0.674092, -0.811992, -0.189981, -1.22574, -1.19727, -0.515286, -0.445388, 0.189194, 0.155946, -0.0113964, -0.620494, -0.709707, -0.447241, 0.455455, 0.772951, 0.869105, 0.690727, 0.150482, -0.0596845, 0.0796596, 0.73441, 0.864449, 1.27727, 0.678657, -0.0906302, -0.340183, 0.265758, 0.600288, 0.185918, 0.279221
0.7, 0.0319375, -1.77693, -0.329835, -0.922422, -1.23402, -1.51328, -0.613816, -0.638891, -0.714272, -0.0246493, -0.205654, -0.555191, -0.22032, 0.0535595, 0.607617, 0.68909, 0.402743, 0.393482, 0.519715, -0.323584, 0.0313869, 0.641251, 1.12925, 1.28335, 0.460929, -0.242641, -0.199684, 0.231509, 0.629798, 0.154317, 0.467176
0.72, 0.0319375, -1.19765, -1.60078, -0.765703, -0.735597, -0.652038, -0.844921, -0.12189, -0.33184, -0.141903, -0.963681, -0.44821, -0.648031, 0.330328, 0.82124, 0.374493, 0.294505, 0.438279, 0.209239, -0.125158, -0.0455796, 0.592359, 0.600703, 0.669564, 0.377281, 0.029938, -0.0324009, 0.642838, 0.753439, -0.022261, 0.835162
0.74, 0.0319375, -1.47606, -1.48458, -1.77066, -1.64431, -1.59744, -1.11184, -0.707509, -0.364172, -0.366566, -0.179356, -0.751975, -0.329002, 0.168359, -0.170178, 0.267167, 0.372713, 0.217215, 0.490003, -0.642588, 0.240912, 0.749554, 1.05406, 1.28429, 0.990367, 0.187789, 0.0848324, 0.404136, 0.885916, 0.390592, 0.611831
0.76, 0.0319375, -1.19729, -1.1744, -0.587913, -1.29558, -1.24708, -0.633449, -0.200401, 0.0723325, 0.0473927, -0.442227, -1.05811, 0.00619788, -0.0103974, 0.578634, 0.770568, 0.10621, 0.384027, 0.451433, -0.705184, 0.327763, 0.335748, 0.721085, 1.1521, 0.757714, 0.0644289, -0.255764, 0.275151, 0.970948, 0.422982, 0.796573
0.78, 0.0319375, -1.60042, -0.885394, -1.02908, -0.947037, -1.22908, -1.76644, -0.590459, -0.0734511, -0.342054, -0.323826, -0.542958, -0.609657, 0.516798, 0.18763, 0.173372, 0.176331, 0.329983, -0.0230568, -0.776837, 0.403852, 0.757564, 1.2613, 1.34654, 0.968023, -0.153435, -0.0199513, 0.310101, 0.997244, 0.509825, 0.981608
0.8, 0.0319375, -1.48598, -1.16062, -0.440285, -0.885586, -1.51067, -0.403294, -0.542193, 0.065791, -0.285674, -0.376141, -0.518843, -0.656137, 0.349815, 0.928288, 0.286305, 0.421709, 0.672362, 0.368415, -0.243879, 0.401314, 1.03748, 1.14995, 1.46824, 0.876098, 0.264346, 0.121911, 0.60313, 1.10644, 0.729452, 1.08734
0.82, 0.0319375, -1.34646, -1.2379, -1.24213, -1.39852, -1.86406, -1.5764, -1.16308, -0.38147, -0.182886, -0.240505, -1.07521, -0.824704, 0.0406284, 0.662439, 0.955787, 0.391313, 0.672113, 0.0676685, -0.350764, 0.233119, 0.448451, 0.729184, 1.166, 0.741398, 0.0443032, 0.397727, 0.5409, 0.928008, 0.68323, 1.2056
0.84, 0.0319375, -1.52924, -0.856953, -0.938745, -1.3379, -1.53396, -1.582, -0.897982, -0.283855, -0.134966, -0.148224, -0.863568, -0.263222, 0.0310276, 0.836817, 0.877347, -0.0332825, 0.346941, 0.0782704, -0.590986, 0.167783, 0.592038, 0.357013, 0.961807, 0.704643, 0.0281036, 0.395589, 0.665478, 0.835121, 0.358548, 1.02237
0.86, 0.0319375, -0.515256, -0.215086, -1.25717, -1.07012, -1.53468, -0.378785, -0.280325, -0.00615412, 0.343692, -0.28114, -0.443821, 0.373914, 0.00640222, 0.224863, 0.731388, 0.455907, 0.790141, 0.356527, -0.392796, 0.321392, 0.505077, 0.596735, 1.1452, 0.517316, -0.218186, -0.119858, 0.472523, 0.695085, -0.0459044, 0.448315
0.88, 0.0319375, -1.88111, -1.32587, -1.58033, -1.0858, -0.89086, 0.0783702, -0.494196, 0.0606116, -0.296705, -0.517194, -1.02606, -0.45243, -0.25932, 0.356419, 0.572291, 0.466626, 0.438173, 0.085863, -0.556474, 0.0197737, 0.542679, 0.257213, 0.719407, 0.477072, -0.407591, -0.28317, 0.0274741, 0.030792, -0.53306, -0.201355
0.9, 0.0319375, -1.45604, -1.06846, -1.14356, -1.63814, -1.59505, -1.12129, -0.975544, -0.732812, -0.642532, -0.683641, -1.29056, -0.366129, 0.248309, -0.202499, -0.0159726, 0.165526, 0.21219, -0.581505, -1.08233, -0.248214, -0.141993, 0.199098, 0.528123, -0.305358, -1.00902, -0.752811, -0.389896, -0.12322, -0.683409, -0.486355
0.92, 0.0319375, -1.74842, -1.72169, -1.89748, -2.62222, -1.85249, -1.31399, -0.520886, -0.400456, -0.952567, -0.799208, -1.35053, -1.29977, -1.09386, 0.111094, 0.329817, -0.226377, -0.692642, -0.877823, -1.78809, -0.703975, -0.11493, -0.0809174, -0.259824, -0.507678, -1.15516, -1.25889, -0.710662, -0.711092, -1.10551, -0.760484
0.94, 0.0319375, -1.56345, -1.90009, -1.85799, -2.67555, -2.43894, -1.91444, -1.623, -1.15566, -1.17789, -1.912, -1.4198, -0.895123, -0.52005, -0.494076, -0.803197, -0.744325, -1.02221, -1.19312, -1.97365, -1.19081, -1.00864, -0.45223, -0.133206, -0.997083, -1.91742, -1.61986, -0.95705, -1.00601, -1.14961, -1.49207
0.96, 0.0319375, -1.78116, -2.14842, -1.51015, -2.81092, -3.16876, -2.93347, -2.26789, -1.4112, -1.36618, -1.33817, -1.53972, -1.31292, -0.812962, -0.76594, -0.392485, -1.04205, -1.27861, -1.62088, -2.41106, -1.30229, -1.22224, -1.05778, -0.897529, -1.30988, -2.38747, -2.63288, -1.90921, -1.95177, -2.03615, -2.13818
0.98, 0.0319375, -1.78767, -2.57992, -2.60852, -2.76707, -2.67557, -2.28696, -2.04929, -1.66559, -1.53877, -1.87057, -1.89864, -2.14661, -1.65294, -1.36853, -1.79057, -1.84405, -1.90487, -2.2922, -3.46322, -2.70559, -2.13072, -2.10576, -1.83009, -2.51613, -3.61906, -3.46269, -2.81425, -2.87042, -3.19603, -3.09902
1, 0.0319375, -2.07439, -2.30623, -2.85481, -4.18005, -3.25877, -3.25878, -3.60736, -2.8795, -3.06649, -3.37878, -3.4712, -2.25105, -2.41263, -2.88015, -2.50309, -2.93883, -3.02753, -2.92009, -3.72079, -3.61886, -3.16028, -3.32676, -3.21335, -3.60447, -4.04156, -4.24381, -3.66658, -3.32638, -4.19352, -3.74511
1.02, 0.0319375, -1.5991, -2.20031, -2.58222, -2.8934, -3.14988, -3.0596, -3.25255, -2.994, -3.4217, -3.5474, -3.51298, -3.02464, -2.94769, -2.93279, -3.56439, -3.25075, -3.21401, -3.21029, -3.77264, -3.36986, -3.51615, -3.26477, -3.56617, -3.4892, -4.00627, -4.21851, -3.72274, -3.99226, -3.97036, -3.98561
1.04, 0.0319375, -1.23759, -1.23992, -0.868484, -1.49367, -1.29195, -1.16738, -0.433594, -0.321438, -0.691592, -0.874983, -0.633837, -0.448576, -0.772441, -1.05653, -1.21128, -0.942352, -0.900444, -1.64258, -2.14202, -1.22357, -1.18484, -0.941354, -1.13277, -2.06456, -2.55057, -2.58944, -2.27975, -1.6492, -1.75839, -2.04444
1.06, 0.0319376, -0.676949, -0.281656, -0.68917, -0.776525, -0.383048, 0.254832, 0.00522367, 0.45096, 0.109716, 0.19969, 0.404736, 0.234806, 0.275783, 0.40979, 0.690845, 0.466704, 0.667076, -0.448059, -1.16795, -0.640143, -0.166733, -0.215208, -0.137002, -0.260901, -1.40797, -1.49357, -0.990538, -0.835228, -1.05736, -1.06977
1.08, 0.0319375, -2.09831, -0.302127, 0.404697, -0.751432, -0.716849, -0.308269, -0.0754726, 0.141234, 0.27826, 0.38907, 0.127468, 0.960136, 0.639528, 0.876511, 1.21979, 1.07413, 0.733237, -0.085281, -0.984858, -0.0189302, 0.573245, 0.613157, 1.01378, 0.688696, -0.797933, -1.08161, -0.557691, -0.214599, -0.404851, -0.898104
1.1, 0.0319375, -1.23778, 0.164524, 0.382328, -0.608829, -0.120259, -0.116505, 0.406104, 1.01285, 0.582925, -0.0720993, 0.539378, 1.50661, 1.49355, 1.13218, 1.21561, 1.38863, 0.971303, 0.586599, -0.23574, 0.195313, 0.806719, 0.724369, 1.38728, 1.00857, -0.526451, -0.591306, -0.140069, 0.250784, -0.0622708, -0.335529
1.12, 0.0319375, -0.0594745, -0.196341, 0.144018, -0.37232, -0.54293, 0.418906, 1.14577, 1.1366, 0.731637, 0.628069, 0.973322, 1.36971, 1.57028, 0.82131, 1.28978, 1.59864, 1.13333, 0.423999, 0.112252, 0.288149, 1.08469, 1.12157, 1.20552, 1.1335, -0.0571634, -0.0802376, 0.0854078, 0.114282, 0.327305, 0.327611
1.14, 0.0319375, -1.44416, -0.04201, 0.350702, 0.485353, -0.879448, 0.332924, 1.15984, 1.1231, 0.594128, 0.297809, 1.3387, 1.79589, 1.20635, 1.41987, 1.79395, 1.78103, 1.08572, 0.139376, -0.506097, 0.416944, 1.25578, 0.730782, 1.28857, 0.4318, -0.261336, -0.210047, -0.270703, 0.425366, 0.387872, 0.172575
1.16, 0.0319375, -0.509415, -0.143578, 0.206738, 0.155908, 0.166571, 0.290805, 1.23093, 1.11294, 0.390891, 0.195888, 0.782218, 1.57565, 0.971603, 1.34758, 1.13512, 0.880026, 0.741601, 0.609488, -0.357095, 0.109664, 0.728604, 0.700448, 0.905249, 0.538718, -0.488301, -0.835205, -0.207986, 0.250641, -0.00524739, 0.0897531
1.18, 0.0319376, -1.19759, 0.0297167, 0.0768561, 0.0449376, -0.409476, 0.0886093, 0.724308, 1.31048, 0.676385, 0.233446, 0.8837, 1.35034, 0.696319, 0.961433, 1.53748, 1.55772, 0.912965, -0.189537, -0.567504, -0.0261256, 0.472797, 0.493675, 0.84395, 0.947727, -0.422472, -0.846215, -0.544713, -0.0143366, 0.0707531, -0.000662248
1.2, 0.0319375, -0.817889, 0.0988906, 0.345266, -0.174271, -0.449236, 0.503645, 1.14496, 1.6967, 0.660408, 0.620945, 0.872231, 2.13656, 1.57142, 1.46626, 1.42427, 1.15754, 0.602745, 0.813971, 0.039562, -0.236984, 0.552742, 0.622957, 1.66888, 1.32299, -0.562298, -0.545247, -0.179928, 0.146079, 0.173429, -0.0719298
1.22, 0.0319375, -0.597297, -0.717803, -1.04593, -1.18223, -0.552788, 0.75086, 0.706398, 1.12904, 0.745284, 0.750253, 1.30177, 1.2874, 1.03223, 1.28521, 1.24644, 1.15329, 1.00898, 0.927631, 0.331021, 0.162336, 0.739122, 0.852022, 1.08374, 0.567692, -0.756262, -0.442107, -0.249171, 0.508029, 0.148165, 0.0930425
1.24, 0.0319375, -0.873193, 0.315627, 0.167998, -0.714306, -0.522246, 0.787418, 0.585123, 0.604261, 0.935606, 0.445623, 0.154317, 0.909074, 1.47277, 1.20327, 1.82116, 1.61598, 1.46032, 0.647999, -0.184889, 0.0879314, 0.823781, 0.859536, 1.28533, 0.97416, -0.363282, -0.545363, -0.687546, 0.0123009, -0.131701, -0.00134105
1.26, 0.0319375, -1.07653, -0.712554, -0.359152, 0.000573947, 0.0112724, -0.094422, 0.949964, 0.920446, 0.929452, 0.206351, 0.804075, 2.30787, 1.19815, 1.24845, 0.677431, 1.65112, 1.48298, 0.596652, -0.218066, -0.0142897, 0.848996, 1.05519, 0.930117, 0.83863, -0.530177, -0.716112, -0.489361, -0.0770635, -0.216877, -0.139289
1.28, 0.0319375, -0.52369, 0.145811, -0.387279, 0.449084, 0.139965, 0.763336, 1.29415, 1.02075, 0.642243, 0.312305, 0.805584, 1.80961, 1.16544, 1.44055, 1.45059, 1.40702, 1.01683, 0.721779, -0.272116, -0.346916, 0.566516, 0.627251, 1.07098, 1.18958, -0.813091, -0.952745, -0.504508, 0.650721, 0.116757, -0.488634
1.3, 0.0319376, -1.21838, -0.226071, -0.290806, -0.589961, -0.413113, 0.32348, 0.867332, 1.15852, 0.579135, 0.0308174, 0.955865, 1.90979, 1.66016, 1.33275, 1.1994, 1.11738, 1.36838, 0.103067, -0.349582, -0.496238, 0.625276, 0.641339, 1.21448, 1.18074, -0.228849, -0.315001, -0.504347, 0.108627, 0.0384161, 0.0729236
1.32, 0.0319375, -0.980105, -0.379396, -0.144602, -0.465952, -0.501545, 1.09258, 0.78845, 0.120773, 0.472328, -0.0366428, 0.937912, 1.82776, 0.831714, 1.23413, 1.8569, 1.60949, 1.09629, 0.279233, -0.373581, -0.174346, 0.750154, 0.703647, 1.05933, 0.863033, -0.535668, -0.691994, -0.0317475, 0.681908, 0.299195, 0.00532909
1.34, 0.0319375, -0.321389, 0.198197, 0.18112, 0.159023, 0.312176, 0.98358, 0.827946, 1.54382, 1.62773, 0.839955, 0.532748, 2.01665, 1.53811, 1.08121, 0.77978, 1.42292, 1.11934, 0.456017, -0.293457, -0.622647, 0.554548, 0.258842, 1.3557, 1.11261, -0.3722, -0.583396, -0.387013, 0.148802, -0.062571, -0.119167
1.36, 0.0319375, -1.43998, -0.630666, -0.123723, -0.468383, -0.327317, 0.298614, 1.04385, 0.865252, 0.770857, 0.132177, 0.785588, 1.05693, 1.53775, 1.19567, 1.72005, 1.42208, 1.18688, 0.228902, 0.00753986, -0.229439, 0.835018, 0.516897, 1.27377, 1.04447, -0.810765, -0.845817, -0.179024, 0.11838, -0.193901, -0.0940363
1.38, 0.0319375, -0.520651, -0.249956, -0.0327241, 0.517702, 0.215646, 0.385399, 0.636648, 1.17584, 0.836039, 0.586533, 0.222964, 0.989315, 1.29365, 0.741003, 1.16206, 1.25172, 0.981657, 0.269555, -0.0781744, -0.512433, 0.292436, 0.266505, 0.850344, 0.390887, -0.684942, -1.13423, -0.606493, 0.202612, -0.142529, -0.295728
1.4, 0.0319375, -0.809864, -0.147347, -0.226172, -0.529929, 0.108398, 0.756063, 0.364373, 0.575799, 0.508381, 0.37925, 0.574691, 1.62114, 1.66571, 0.603386, 1.09785, 1.65562, 0.881594, 0.248963, -0.169367, -0.644181, 0.0554654, 0.122796, 0.6686, 0.622551, -1.00535, -1.23379, -0.88885, -0.0668147, -0.210556, -0.190379
1.42, 0.0319376, -1.64164, -0.174969, 0.276814, -0.610055, -0.461229, 0.329305, 0.150578, 0.522588, 0.684763, -0.0424389, 0.741395, 0.779355, 1.39615, 0.404435, 0.672161, 1.75095, 0.660456, -0.309078, -0.460911, -0.619944, 0.045493, -0.17599, 0.21815, 0.264105, -0.451242, -0.871786, -0.805175, -0.437041, -0.302823, -0.292439
1.44, 0.0319375, -1.04751, -0.095382, 0.11248, -0.354062, -1.17858, 0.146202, 0.907097, 0.894549, 0.447621, 0.301355, 0.392052, 0.737877, 0.550542, 0.693018, 0.59429, 1.1412, 0.632345, 0.285621, -0.524881, -0.753982, -0.467325, 0.0975534, 0.429187, 0.570316, -0.724151, -1.01445, -1.01169, -0.363412, -0.500664, -0.216051
1.46, 0.0319375, -0.813335, -0.173375, -0.0413864, -0.20229, -0.659704, 0.568318, 0.680622, 1.02871, 0.295334, 0.147924, 0.328929, 1.7967, 1.56209, 0.845613, 1.13264, 1.34536, 1.01213, 0.461874, 0.0498125, -0.844036, -0.498854, 0.00368179, 0.413027, 0.332061, -0.791918, -0.464019, -0.796801, -0.129007, -0.176549, -0.0678302
1.48, 0.0319375, -1.0369, -0.116508, -0.161066, -0.340905, -0.684146, -0.124232, 0.276601, 0.542184, 0.589375, 0.526288, 0.461173, 1.45114, 0.885106, 0.620959, 0.828729, 1.25978, 1.12103, 0.080074, -0.585739, -0.738297, -0.194836, -0.469565, 0.437979, 0.500185, -0.959753, -0.93805, -0.722243, -0.152208, -0.456223, -0.439297
1.5, 0.0319375, -1.53493, -0.227833, 0.00674424, -0.902412, -0.181249, 0.214301, 1.02578, 0.301761, 0.156547, 0.249382, 0.039761, 1.14876, 1.07546, 0.92709, 1.14659, 0.588058, 0.813371, -0.18036, -0.412004, -0.940677, -0.641287, -0.0972446, 0.356266, 0.24471, -1.34689, -1.26687, -1.07207, -0.637534, -0.646381, -0.729074
1.52, 0.0319375, -1.99999, -0.2741, 0.178612, -0.806339, -0.494003, -0.677925, 0.669188, 1.10732, 0.572325, 0.256425, 0.0911435, 0.948463, 0.850327, 0.162222, 0.679341, 1.0573, 0.434703, -0.258028, -0.590019, -1.16879, -0.736307, -0.611297, 0.13428, -0.0308798, -1.44293, -1.34784, -1.31817, -0.320788, -0.835304, -1.01156
1.54, 0.0319375, -1.0871, -0.117268, 0.0333329, -0.706127, -0.762884, -0.0400864, 0.709688, 0.655073, 0.275013, -0.00303843, -0.295862, 0.495965, 0.817933, 0.763939, 0.738098, 0.304424, 0.16874, -0.0855837, -0.361475, -0.953035, -1.12775, -0.576114, -0.0281706, -0.207027, -1.51847, -1.443, -1.28323, -0.900406, -0.855744, -0.789375
1.56, 0.0319376, -0.819651, -0.136727, -0.334117, -0.374229, -0.481329, 0.0740518, 0.0933215, 0.671727, 0.761371, -0.552224, 0.125285, 0.681457, 0.602984, 0.0727236, 0.277616, 0.257692, -0.0800326, -0.709738, -0.648491, -1.28126, -1.21806, -0.740684, -0.119766, -0.359091, -1.34098, -1.65461, -1.49192, -0.919273, -1.01712, -1.11083
1.58, 0.0319375, -1.69439, -0.526535, -0.512354, -1.37054, -1.40326, -0.79611, 0.0731312, 0.444586, -0.239885, -1.71767, -0.777067, 0.304809, 0.0366552, -0.163423, -0.279644, -0.271845, -0.79071, -1.41595, -1.73657, -2.19311, -1.82162, -1.6926, -0.893061, -1.09648, -2.15616, -2.28808, -2.40591, -1.80853, -1.98447, -2.16607
1.6, 0.0319375, -2.06421, -1.75184, -1.76796, -3.55079, -2.97884, -2.13032, -2.13477, -2.21443, -2.87714, -2.66019, -2.63108, -1.79053, -1.68459, -2.00074, -1.84919, -1.80791, -2.33599, -2.59805, -3.22543, -3.85228, -2.93163, -3.2277, -2.91562, -3.02083, -3.71423, -3.91612, -3.72111, -3.47851, -3.61967, -3.64854
1.62, 0.0319375, -2.53077, -2.47117, -2.3296, -2.98462, -3.11116, -2.95209, -2.57772, -2.04196, -2.13212, -2.30383, -2.39454, -1.93978, -2.17785, -1.91522, -1.80692, -2.29213, -2.27264, -2.63099, -3.42804, -3.67929, -3.32605, -3.21766, -2.71207, -2.93046, -3.99582, -3.88497, -3.779, -3.8861, -3.76144, -3.50909
1.64, 0.0319375, -2.02478, -1.54659, -2.46294, -1.53853, -1.68856, -1.34024, -1.83521, -1.28831, -0.960636, -1.62985, -2.51416, -1.1262, -1.06782, -0.70192, -0.150518, -1.01307, -1.56274, -1.65234, -1.93221, -2.51446, -2.16793, -1.76116, -1.62979, -1.59475, -2.54455, -2.81697, -2.07668, -2.18537, -2.30209, -2.16865
1.66, 0.0319375, -1.22419, -0.700133, -0.938144, -1.27471, -2.55268, -1.99382, -1.21074, -0.783801, -0.872753, -1.37924, -1.75226, -1.30912, -1.08708, -0.300291, -0.389048, -0.519969, -0.605992, -1.17775, -1.28997, -1.42726, -1.27835, -1.32913, -1.04681, -0.446257, -1.66047, -1.5375, -1.37838, -1.26861, -1.80268, -1.71728
1.68, 0.0319376, -1.44071, -0.990649, -1.12591, -2.33679, -2.23126, -1.63665, -1.50348, -1.07633, -0.853022, -1.27825, -1.93892, -1.20546, -0.368845, -0.523453, -0.463331, -0.964275, -0.480307, -0.320551, -1.28643, -1.26441, -1.40571, -0.971952, -0.795986, -1.12963, -1.45781, -1.49435, -1.3512, -1.39254, -1.41333, -1.32843
1.7, 0.0319375, -1.53425, -1.01355, -0.92939, -1.32421, -2.25464, -1.97509, -1.17252, -1.50837, -0.848761, -1.44145, -1.44133, -1.13084, -0.841009, -0.409694, -0.431642, -0.394701, -0.353624, -1.01656, -1.1958, -0.827349, -0.794598, -0.687615, -0.743639, -0.989794, -1.3368, -1.21075, -1.12349, -0.925127, -1.05686, -0.845466
1.72, 0.0319375, -1.65832, -0.755982, -0.767358, -1.92658, -1.40048, -0.773623, -0.865203, -0.249148, -0.377906, -0.83256, -1.48274, -0.741609, -0.735973, -0.537262, 0.454778, -0.2505, 0.111258, -0.249365, -0.696475, -1.08804, -0.969696, -0.543089, 0.00534996, -0.354064, -1.02706, -0.977185, -1.08745, -0.814911, -0.830135, -0.547737
1.74, 0.0319375, -1.13522, -0.515106, -0.492051, -1.43356, -1.07552, -1.78083, -1.22388, -0.438422, -0.249162, -0.484612, -1.20463, -1.17281, -0.753361, -0.516739, 0.340107, 0.468065, 0.13744, 0.413883, -0.102501, -0.103247, -0.221907, -0.296472, 0.00823755, 0.0103472, -0.685001, -0.542937, -0.471003, -0.238041, -0.402549, -0.0989362
1.76, 0.0319375, -1.12993, -0.33219, -0.300948, -0.576892, -0.913828, -0.813037, -0.648788, 0.110847, -0.917751, -1.28699, -1.01946, -0.166567, -0.185577, 0.0377835, 0.339303, -0.235313, -0.0756954, 0.313315, -0.571186, -0.109855, 0.145565, 0.465877, 0.422194, 0.482916, -0.157432, -0.325246, -0.0643123, 0.127279, -0.0444696, 0.167238
1.78, 0.0319375, -0.972399, -0.0536607, -0.418017, -0.207711, -0.643291, -1.16699, -1.1631, 0.0866886, 0.039117, -0.284808, -0.710336, -0.116712, -0.325816, 0.551229, 0.910032, 0.396797, 0.84803, 0.709049, -0.398349, -0.0450127, 0.415565, 0.645347, 0.851004, 0.959209, 0.338843, 0.468142, 0.400624, 0.215117, 0.437651, 0.577348
1.8, 0.0319376, -1.7397, -0.41693, -0.234852, 0.124318, -0.792356, -0.701779, -0.828868, 0.150794, -0.074105, -0.891398, -1.20703, -0.530468, 0.0283779, 0.613282, 0.896067, 0.50566, 0.622621, 0.653216, 0.0786701, 0.130127, 0.516288, 0.430701, 0.790461, 0.735727, 0.213087, 0.213069, 0.554005, 0.459987, 0.519965, 0.696493
1.82, 0.0319375, -1.12639, -0.520596, -0.640037, -0.859276, -0.84069, -0.552922, -0.581911, -0.203023, 0.21716, -0.632605, -0.423349, 0.203617, 0.123068, 0.346723, 1.30044, 0.828134, 0.0441655, 0.38017, -0.259654, 0.288014, 0.291424, 0.462595, 1.0493, 0.877624, 0.116984, 0.31748, 0.645501, 0.855207, 0.587356, 0.948799
1.84, 0.0319375, -0.74902, -0.393134, -0.608213, -0.740678, -0.66198, -0.527656, -1.40236, 0.0364293, -0.297671, -0.611209, -0.53081, -0.72938, -0.777435, 0.246314, 0.737591, 0.544353, 0.793757, 0.792609, -0.235842, 0.281756, 0.579181, 0.923141, 1.11231, 0.900172, 0.446122, 0.303054, 0.569121, 0.553826, 0.681959, 0.727729
1.86, 0.0319375, -1.06448, -1.28716, -1.51427, -0.743771, -0.484941, -0.389041, -0.63263, -0.186548, -0.188191, -0.652976, -0.803312, -0.276589, -0.367264, -0.335648, 0.390606, 0.716434, 0.689087, 0.348837, -0.53419, -0.256628, 0.273576, 0.637528, 1.11707, 0.574681, 0.2854, 0.255978, 0.361506, 0.556756, 0.573075, 0.762601
1.88, 0.0319375, -1.26077, -0.938753, -0.980843, -0.843008, -1.0968, -1.53741, -1.3473, -0.0754361, -0.116309, -0.584649, -1.07431, -0.333902, -0.450073, -0.550548, 0.10405, 0.4886, 0.491335, 0.123054, -0.245166, 0.0566276, 0.581698, 0.62155, 0.819186, 0.497313, -0.108834, 0.334251, 0.21047, 0.0759219, 0.243257, 0.541179
1.9, 0.0319375, -1.94549, -1.06958, -1.58463, -1.15, -1.23373, -0.740029, -0.480983, -0.943953, -0.252987, -0.721601, -1.04309, -0.908232, -0.782512, -0.235475, 0.654855, 0.526353, -0.00608768, 0.159662, -0.444971, -0.207752, 0.0200918, 0.117414, 0.472515, -0.168829, -0.186106, -0.273071, 0.0168414, 0.214691, -0.106196, 0.106104
1.92, 0.0319376, -1.12556, -0.805717, -0.87035, -1.3278, -2.24053, -1.86593, -1.05649, -0.19574, -0.222214, -0.672875, -1.19933, -0.426902, -0.372013, -0.178071, 0.286034, 0.525176, 0.205308, -0.0455568, -0.785161, -0.140103, -0.0705851, 0.166276, 0.681324, -0.132019, -0.260008, 0.0300116, -0.404288, -0.181834, -0.0858034, 0.123061
1.94, 0.0319375, -1.18311, -1.24263, -1.36291, -1.64506, -1.74736, -1.24609, -1.08456, -0.503283, -0.606843, -1.45666, -1.54803, -1.24705, -0.5562, -0.110947, 0.601931, 0.130764, 0.183797, -0.258053, -1.10485, -0.317932, -0.0248554, 0.221438, 0.312579, 0.34197, -0.919268, -0.185128, 0.0731881, -0.376099, -0.253148, 0.068416
1.96, 0.0319375, -1.43797, -1.17981, -1.36173, -1.53272, -1.08005, -1.32507, -1.21791, -0.603541, -0.647886, -1.22608, -1.34347, -1.02917, -0.158215, -0.19493, 0.335643, 0.0413098, -0.214597, -0.663815, -1.02677, -0.653281, 0.168681, 0.465204, 0.48499, 0.151238, -0.858141, -0.455944, -0.357803, -0.480172, -0.454291, -0.387567
1.98, 0.0319376, -1.36073, -1.83175, -1.71534, -2.26312, -1.77694, -1.14522, -0.891008, -1.54316, -0.907392, -1.17371, -1.57966, -0.656201, -0.397862, -0.500773, -0.108471, -0.20382, 0.22817, -0.553327, -1.38785, -0.628698, -0.543805, -0.329677, 0.213921, -0.17161, -1.12082, -0.789581, -0.861115, -1.23477, -1.18568, -0.473767
2, 0.0319376, -1.75912, -1.77634, -1.9176, -1.7098, -2.4421, -1.90226, -1.4127, -1.81539, -1.3733, -1.13723, -2.11068, -0.779569, -0.75471, -0.423926, -0.456596, -0.693189, -0.547588, -1.03433, -1.63669, -1.34554, -1.23867, -0.945424, -0.532195, -0.88726, -1.96998, -1.72838, -1.54487, -1.48443, -1.4844, -1.16792
2.02, 0.0319376, -1.44234, -1.77947, -1.71592, -2.04076, -2.65632, -2.85724, -1.99474, -0.705277, -1.17215, -2.05981, -2.3819, -1.62146, -1.10226, -0.731748, -0.848335, -1.47153, -1.47242, -2.29751, -2.7168, -2.18406, -1.91275, -1.61627, -1.35478, -1.53526, -2.57961, -2.75277, -2.04515, -2.32357, -2.39589, -2.06791
2.04, 0.0319376, -1.73731, -2.06469, -2.94005, -2.60668, -3.17252, -3.89538, -2.43509, -1.83555, -1.90914, -2.4774, -2.73834, -2.73569, -2.2813, -2.13869, -1.90618, -2.39621, -2.39345, -2.82978, -3.53389, -2.65296, -2.63482, -2.92203, -2.34976, -2.7377, -3.78996, -3.4523, -3.24999, -3.04658, -3.46254, -3.29288
2.06, 0.0319376, -2.10179, -2.36669, -2.39319, -2.51422, -3.41113, -3.48286, -3.17814, -2.80507, -2.67048, -2.8936, -3.45863, -3.58512, -2.89335, -2.82756, -2.75432, -3.11565, -2.70808, -3.81492, -3.7366, -3.28605, -3.91832, -3.82118, -3.16681, -3.41504, -4.00886, -4.0037, -3.571, -3.73392, -3.74983, -3.75481
2.08, 0.0319376, -1.33993, -2.45083, -2.88956, -2.88415, -3.64948, -3.12813, -3.52874, -3.04744, -2.85545, -3.50958, -3.27486, -3.10585, -3.32551, -3.40572, -3.17475, -3.07514, -2.80333, -3.48537, -4.39587, -3.80801, -3.75889, -3.59596, -3.84884, -4.15943, -4.3644, -4.11276, -3.70859, -4.05256, -4.28877, -4.23233
2.1, 0.0319376, -2.41374, -3.08964, -2.2759, -2.6001, -3.55118, -3.41353, -3.49496, -3.2561, -3.49034, -3.6164, -4.13915, -3.24, -3.24393, -3.5186, -3.76856, -3.36775, -3.41911, -3.90764, -4.24957, -4.09, -4.08, -3.99862, -3.90031, -3.99478, -4.29865, -4.38762, -4.08426, -4.16335, -4.10089, -4.25736
2.12, 0.0319376, -1.61316, -3.40715, -2.69398, -2.87837, -2.90604, -3.72143, -4.29183, -3.88515, -2.87342, -3.19649, -3.25966, -2.77495, -3.19002, -3.53939, -3.57957, -3.82913, -3.80742, -4.0087, -4.12657, -4.20875, -4.1133, -4.56816, -4.22922, -3.88783, -4.30288, -4.14182, -4.15131, -4.2662, -4.53896, -4.55804
2.14, 0.0319374, -1.68037, -2.16558, -2.34663, -3.33172, -3.18109, -3.47945, -3.55951, -3.27811, -3.44401, -4.16893, -3.56278, -3.15703, -3.24301, -3.3341, -3.8055, -3.7419, -3.6918, -4.31066, -4.14527, -4.20696, -4.20667, -4.45917, -4.31199, -4.32297, -4.39309, -4.60042, -4.33616, -4.45361, -4.68015, -4.77223
2.16, 0.0319374, -1.44588, -2.76067, -2.66524, -3.17665, -3.17259, -2.30487, -2.91943, -2.92817, -2.44237, -3.50745, -3.54546, -3.30079, -3.10456, -3.04515, -3.58561, -3.13314, -3.08097, -4.02308, -4.59884, -3.97366, -3.69064, -4.00125, -3.75137, -4.07649, -4.58508, -5.1215, -4.38586, -4.14738, -4.25636, -4.68501
2.18, 0.0319374, -1.40021, -1.55747, -1.55246, -2.15539, -2.34529, -1.43063, -1.22929, -1.97478, -2.53605, -2.74292, -2.28627, -2.38861, -2.06592, -2.10649, -2.48143, -2.42736, -2.69073, -3.52333, -4.02707, -3.4312, -3.35683, -3.24533, -2.6053, -3.1653, -4.33042, -4.30333, -4.0814, -3.93354, -4.1033, -4.68924
2.2, 0.0319374, -1.93617, -1.29733, -1.3861, -1.66301, -1.71244, -1.21049, -0.798874, -0.700402, -1.02545, -1.36563, -1.22577, -1.20591, -1.21552, -0.913544, -0.892898, -0.938859, -1.38876, -2.22708, -3.36915, -2.6019, -1.82961, -1.87123, -1.71426, -2.55525, -3.48359, -3.70383, -3.23992, -2.6343, -2.88055, -3.29909
2.22, 0.0319374, -0.993348, -0.614556, -0.874422, -1.53698, -0.932002, -0.398691, -0.461609, 0.0271739, -0.758995, -0.961277, -1.15458, 0.15042, -0.415726, -0.458448, 0.0909516, -0.115616, -0.286795, -1.24015, -2.00867, -1.86499, -1.22697, -1.4051, -0.989077, -1.52552, -2.43121, -2.98105, -2.36836, -1.66824, -1.66407, -2.07375
2.24, 0.0319376, -2.19429, -0.325971, -0.135838, -1.11272, -1.16175, 0.143611, 0.106756, -0.458506, -0.626968, -0.369584, -0.0674793, 0.874723, 0.482239, -0.0348994, 0.0925599, 0.0366589, -0.177318, -0.708993, -1.14033, -1.08764, -0.663689, -0.388218, -0.252543, -0.948272, -1.65265, -2.01898, -1.66715, -0.799114, -1.36874, -1.54531
2.26, 0.0319376, -0.948197, 0.254112, 0.340595, -0.0921831, -0.245062, -0.640662, 0.304561, 0.0458071, 0.188663, -0.317003, 0.227176, -0.338404, 0.301525, 0.490895, 0.974633, 0.578301, 0.296934, -0.183289, -0.514425, -0.709881, -0.1495, -0.0788153, 0.502707, -0.286691, -0.998289, -1.04388, -1.03696, -0.536229, -0.70702, -0.91803
2.28, 0.0319376, -0.591432, 0.317209, -0.349196, 0.244103, 0.13075, -0.00796021, 0.51823, 0.827128, -0.164761, -0.414249, -0.159037, 0.0304894, 0.691784, 0.954691, 1.00211, 0.693154, 0.327286, 0.177129, 0.155246, -0.757354, -0.225816, 0.0826301, 0.554007, 0.40737, -0.669098, -0.878035, -0.972347, -0.369036, -0.609531, -0.822875
2.3, 0.0319376, -0.58137, 0.244302, 0.590343, -0.156891, -0.586419, 0.441871, 0.644858, 0.279545, -0.108822, -0.13573, 0.0835773, 0.704034, 0.750988, 0.895139, 0.92412, 0.580929, 0.207028, 0.350155, -0.291959, -0.541498, -0.0649008, 0.0879955, 0.587855, 0.100485, -1.22969, -1.18618, -0.932136, -0.38519, -0.605162, -0.805966
2.32, 0.0319376, -0.211506, -0.066689, -0.282633, -0.31949, -0.0197394, 0.156668, 0.236958, 0.860947, 0.775562, 0.293561, 0.646599, 0.936142, 0.894391, 1.11818, 1.49006, 1.26793, 0.470105, 0.15802, -0.244797, -0.325092, -0.263853, 0.156522, 0.645016, 0.374284, -1.45506, -1.03577, -1.04472, -0.689387, -0.254307, -0.519395
2.34, 0.0319376, -0.512234, 0.153705, -0.188121, -0.483386, 0.351323, 0.905092, 0.463515, 0.886231, 1.16958, 0.441895, 0.25658, 1.64014, 1.1524, 0.728195, 1.36079, 1.81383, 1.13936, 0.272755, -0.150541, -0.400623, 0.0389216, 0.622902, 0.627165, 0.238694, -1.04223, -0.785698, -0.273954, -0.0486286, -0.0626579, -0.137987
2.36, 0.0319376, -1.10965, -0.939215, -0.573696, 0.142612, 0.476043, 0.326981, 0.437105, 0.907682, 0.145265, 0.293655, 0.37274, 0.726616, 1.01031, 0.801414, 1.05499, 1.25806, 0.836768, 0.424015, -0.101561, -0.250679, -0.151059, 0.507221, 1.06292, 0.513066, -0.650119, -0.704009, -0.815667, -0.257041, -0.554645, -0.319673
2.38, 0.0319374, -0.944662, -0.136065, 0.53081, 0.0187586, -0.451963, 0.102683, 0.437738, 1.11432, 0.716101, -0.215315, 0.129824, 1.10565, 0.579347, 0.18847, 0.605251, 0.65936, 1.03644, 0.46629, -0.209089, -0.482961, -0.297233, -0.210729, 0.675939, 0.313692, -0.835301, -1.16222, -0.802797, -0.383608, -0.387739, -0.604657
2.4, 0.0319374, -1.17521, -0.00186444, 0.280623, -0.990989, -0.659571, 0.404774, 0.703061, 0.0147319, 0.789245, 0.29131, 0.0915087, 1.20403, 1.25363, 0.579863, 1.10242, 1.04037, 0.860989, -0.0586832, -0.186849, -0.898456, -0.639204, -0.14533, 0.339586, 0.235889, -1.20817, -1.23569, -1.1204, -0.173558, -0.30269, -0.706286
2.42, 0.0319374, -0.505734, 0.0581567, -0.556438, -0.757936, -0.19681, -0.212437, 0.910261, 0.454122, 0.895839, 0.012495, 0.611067, 0.994704, 0.508819, 0.899514, 0.933475, 0.967292, 0.876085, 0.150237, -0.639365, -0.643756, -0.475463, -0.240748, 0.639292, 0.222806, -1.12633, -1.44022, -1.16543, -0.230429, -0.374868, -0.533438
2.44, 0.0319374, -1.46151, 0.0792329, -0.00531288, 0.177484, -0.647498, -0.327862, 0.358346, 0.932023, 1.02453, -0.189037, 0.272694, 0.7042, 0.451497, 0.896288, 1.54445, 1.05757, 0.370484, 0.100685, -0.485653, -0.881366, -0.730167, -0.110567, 0.531795, 0.200105, -0.747815, -1.35155, -0.976407, -0.323015, -0.568237, -0.802031
2.46, 0.0319374, -1.11762, 0.0609619, 0.17213, -0.649636, -0.56736, 0.0126631, 0.837205, 0.913241, 0.682594, 0.0945337, 0.532826, 0.646615, 1.0137, 0.87249, 0.472043, 1.08222, 0.373514, -0.035717, -0.10435, -0.807853, -0.61039, -0.698699, 0.136854, -0.0555882, -1.07413, -1.37522, -1.05128, -0.706939, -0.816777, -0.521382
2.48, 0.0319376, -1.20235, -0.745874, -0.152944, -1.26503, -0.523836, 0.609984, 0.414812, 0.637706, 0.750006, 0.191319, 0.515727, 0.345563, 0.631817, 0.559656, 0.898677, 0.854118, 0.755643, -0.0726259, -0.742767, -0.815357, -0.689162, -0.388773, -0.358727, -0.553323, -1.29076, -1.57639, -1.31843, -0.511013, -0.822348, -0.890661
2.5, 0.0319376, -1.60672, -0.143265, -0.0165256, 0.00676105, -0.45109, -0.013727, 0.16351, 0.361349, 0.449142, -0.312216, -0.130066, 0.832824, 0.998701, 0.161108, 0.560532, 1.17778, 0.45641, -0.0713398, -0.686425, -1.30388, -1.1193, -0.652516, -0.0586777, -0.105232, -1.53732, -1.97505, -1.28323, -0.820429, -0.995877, -1.11307
2.52, 0.0319376, -1.21893, -0.230776, 0.459491, -0.238063, -0.287214, -0.134075, 0.482619, 0.227453, -0.101458, -1.08734, -0.375403, 0.543322, 0.506975, 0.0592312, 0.759546, 0.237398, 0.165743, -1.04742, -1.17014, -1.2888, -1.23028, -0.814469, -0.17314, -0.214777, -1.29682, -1.86085, -1.3915, -0.970098, -1.36568, -1.24001
2.54, 0.0319376, -1.01499, -0.214053, -0.181404, -0.914159, -1.17701, -0.0748858, 0.418365, 0.618785, -0.037261, -0.566045, 0.149684, 0.964652, 0.876762, 0.548413, 0.199913, 0.693671, 0.388496, -0.108588, -0.674819, -0.933527, -1.09275, -0.651734, 0.0639106, -0.0951148, -1.43673, -1.55167, -1.63039, -1.07758, -0.786143, -1.11379
2.56, 0.0319376, -1.29363, -0.119093, 0.301337, -0.887675, -0.351623, 0.0374128, -0.504738, 0.255637, -0.0449096, -0.584215, -0.332332, -0.100287, 0.438321, 0.434063, 0.459722, 0.782218, 0.496519, -0.498954, -1.28614, -1.83439, -1.50186, -0.910208, -0.323871, -0.146879, -1.101, -1.77515, -1.46653, -1.11101, -0.895059, -1.36364
2.58, 0.0319376, -1.35018, -0.944902, -0.318114, 0.0596715, -0.50101, -0.0304401, 0.432153, 0.824706, 0.203208, 0.0529091, -0.0121232, 1.11629, 1.03075, 0.457148, 0.484474, 0.765764, -0.0569916, -0.110447, -0.607823, -1.41819, -1.32359, -1.13068, -0.355463, -0.48014, -1.20441, -1.51329, -1.45789, -0.970047, -1.15966, -0.993516
2.6, 0.0319376, -1.17943, 0.0971818, -0.127412, -0.783046, -0.217961, 0.127962, 0.142777, 0.648478, 0.0917709, -0.461457, -0.20266, 0.280231, 0.445171, 0.520926, 0.850702, 0.50056, 0.258658, -0.278618, -0.728358, -0.976414, -1.35639, -1.04938, -0.0371062, -0.0173642, -1.21447, -1.75568, -1.57551, -0.915365, -1.40541, -1.11253
2.62, 0.0319376, -0.738823, -0.748078, -0.74799, -1.10503, -1.07016, -0.150093, -0.190496, 0.656611, 0.412217, -0.627108, -0.600443, 0.303638, 0.6341, 0.489093, 0.785865, 0.919261, -0.0893337, -0.581495, -0.619889, -1.09917, -1.25033, -0.660744, 0.0530452, -0.456859, -1.18552, -1.59431, -1.59421, -1.08183, -0.999537, -1.02708
2.64, 0.0319374, -0.932173, -0.33001, -0.736372, -1.64783, -0.826046, 0.495994, -0.188075, 0.918597, -0.53947, -0.602512, -0.491381, 0.025934, 0.486568, 0.358326, 1.24468, 0.924331, 0.331019, -0.312721, -0.584212, -0.883079, -1.0398, -1.41351, -0.119961, 0.0828266, -1.23825, -1.849, -1.41381, -1.08744, -0.777285, -0.935528
2.66, 0.0319374, -2.13653, -0.414608, -0.0863481, -0.0204486, -0.528794, -0.176476, 0.0738654, 0.746005, 0.191807, -0.213525, -0.668081, 0.332133, 0.336664, -0.125699, 0.496698, 0.656431, 0.0425604, -0.756586, -0.86893, -1.31824, -1.11481, -1.05919, -0.550358, -0.426325, -1.58901, -1.80749, -1.78333, -1.31524, -1.02767, -1.1803
2.68, 0.0319374, -1.00409, -0.870126, -0.0707575, -0.261929, -0.564976, -0.43003, 0.191235, 0.494874, 0.639538, -0.39979, -0.433521, 0.579448, 0.344757, -0.125668, 0.174007, 0.303335, -0.158179, -0.561282, -0.92795, -1.4862, -1.34956, -1.37777, -0.771374, -0.623568, -1.80415, -2.32956, -1.9201, -1.19044, -1.04273, -1.17946
2.7, 0.0319374, -2.33467, -0.146338, 0.239325, -1.32901, -0.878628, 0.0442882, -0.264663, 0.559686, 0.0732433, -0.759614, -0.934528, 0.0394769, 0.397908, 0.351152, 0.943082, 0.360025, -0.0217952, -0.884284, -1.12097, -1.41577, -1.29739, -1.43853, -0.573637, -0.674016, -1.86415, -1.87194, -1.73736, -1.19697, -1.01755, -1.3175
2.72, 0.0319374, -1.12923, -0.778436, -0.667814, -0.884562, -1.11586, -0.067332, 0.142874, 0.312537, 0.201202, -1.04787, -0.717762, 0.156618, -0.166783, -0.15642, 0.431399, 0.243591, -0.620644, -0.68639, -0.529156, -0.915373, -1.4677, -1.52962, -0.775638, -0.750298, -1.65612, -2.22632, -1.60536, -1.26161, -1.38401, -1.25051
2.74, 0.0319376, -2.11014, -0.797579, -0.229474, -0.478768, -0.262003, 0.329571, -0.169237, 0.501884, 0.0479846, -0.305245, -0.641251, 0.957124, 0.485994, 0.521985, 1.58376, 0.740747, -0.0390176, -0.0948726, -0.536332, -0.998205, -1.44498, -1.15689, -0.348954, -0.53712, -1.44798, -1.61849, -1.45981, -0.928928, -0.886425, -1.01245
2.76, 0.0319376, -1.35284, -0.715053, -0.279293, -0.621075, -0.76367, -0.00527771, 0.341357, 0.593959, 0.077137, -0.944162, -0.260004, 1.10945, 0.795154, 0.100074, 0.406294, 0.8917, 0.910607, -0.203303, -0.876203, -0.981227, -0.921394, -0.850423, -0.877169, -0.429528, -1.1066, -1.7328, -1.64463, -0.811376, -0.98048, -1.3813
2.78, 0.0319376, -1.34063, -0.54245, -0.458575, -0.977702, -0.972896, -0.227884, 0.0132984, 0.482037, -0.0260547, -0.69976, -0.391399, -0.225468, 0.34393, 0.544186, 0.747164, 0.878732, 0.266138, -0.234555, -0.721941, -1.20684, -1.38029, -1.42102, -1.22211, -0.833659, -1.77972, -2.09719, -1.99797, -1.47077, -0.952681, -1.20717
2.8, 0.0319376, -1.39585, -0.602894, -0.253689, -0.938982, -0.79207, -0.807276, -0.172676, 0.601606, -0.181953, -0.935892, -0.435131, 0.264402, 0.36795, 0.102605, 0.71327, 0.771342, 0.31028, -0.657428, -0.870899, -1.33673, -1.51484, -1.52226, -1.13316, -0.629601, -1.76494, -2.04667, -1.97754, -1.60905, -1.24229, -1.37676
2.82, 0.0319376, -2.35709, -0.995435, -0.378062, -0.769796, -0.88603, -0.217706, 0.0200088, 0.473946, -0.696117, -0.71734, -0.809287, -0.178368, 0.0159731, -0.194238, 0.383336, 0.531779, 0.0566535, -0.62439, -1.03783, -1.48316, -1.68398, -1.55623, -0.653812, -0.858676, -2.14483, -2.24866, -1.87823, -1.17417, -1.44492, -1.22929
2.84, 0.0319376, -0.960175, -0.47937, -0.471884, -1.11891, -0.741496, -0.67974, -0.243354, 0.263752, -0.432206, -1.04868, -0.482173, 0.333578, 0.101324, -0.328885, 0.340199, 0.179255, -0.426999, -1.21505, -0.993516, -1.61219, -1.5857, -1.66459, -1.0664, -0.824781, -1.86245, -2.13059, -2.12475, -1.39676, -1.16538, -1.48452
2.86, 0.0319376, -1.32847, -0.815156, -0.77841, -0.936091, -0.691041, -0.354022, 0.283623, 0.479319, 0.229099, -0.40859, -0.613711, 0.446857, 0.288875, 0.250061, 0.436886, 0.278502, -0.0836625, -0.499127, -0.72725, -1.40006, -1.67719, -1.33817, -0.715874, -0.481558, -1.54679, -1.86705, -1.69032, -1.50776, -1.4461, -1.28015
2.88, 0.0319374, -1.70938, -0.476438, -1.01814, -1.01635, -0.338418, -0.121269, -0.404846, 0.796878, 0.834654, -0.118946, -0.332531, 0.224824, -0.190087, 0.483867, 0.892117, 0.694809, 0.414839, -0.258045, -1.20789, -1.38147, -1.76927, -1.77512, -0.952192, -0.708804, -1.72143, -2.18274, -1.89786, -1.55855, -1.40424, -1.2985
2.9, 0.0319374, -1.05802, -0.834474, -0.73756, -1.31534, -1.87172, -0.232152, 0.0635433, 1.16575, 0.724749, -0.884697, -0.779376, 0.490437, 0.531411, 0.171145, 1.01403, 0.474713, 0.143909, -0.934115, -0.565441, -0.946125, -1.56409, -1.7171, -1.08213, -0.715896, -1.79602, -2.0967, -1.42189, -0.862404, -1.04075, -1.06177
2.92, 0.0319374, -0.595937, -0.801033, -1.1173, -1.29207, -0.977789, -0.371339, -0.383222, 0.275179, -0.0192452, -0.729685, -0.24417, -0.0834682, -0.054511, 0.107698, 0.93183, 1.00319, 0.0164252, -0.595717, -0.892302, -1.14265, -1.45693, -1.83314, -1.09645, -1.0403, -1.78309, -1.91511, -1.52216, -1.11201, -1.09458, -1.29855
2.94, 0.0319374, -0.586024, -1.06736, -0.334094, -0.55816, -1.31109, -0.101536, 0.0148153, 0.00939779, 0.322412, -0.902678, -1.1492, 0.15721, -0.199326, -0.298641, 0.532032, 0.463128, 0.0546646, -0.276784, -0.693747, -1.79472, -1.83185, -2.12643, -1.03246, -0.842213, -1.77556, -1.87888, -1.89309, -1.03003, -1.39713, -1.20564
2.96, 0.0319374, -0.925057, -0.388779, -0.798319, -1.75321, -0.989574, -0.649754, -0.0572081, 0.238616, -0.319444, -1.60634, -1.72577, -0.269406, -0.368744, -0.0445472, 0.0604057, 0.089165, -0.391157, -0.971083, -1.40696, -2.0717, -2.11925, -2.09385, -1.28431, -1.38652, -1.95258, -1.95011, -2.30483, -1.73311, -1.68409, -2.22463
2.98, 0.0319376, -2.15471, -0.716482, -1.02917, -1.58535, -2.11677, -1.901, -2.03619, -1.52525, -1.71592, -2.48092, -2.65107, -2.17877, -2.12096, -1.20615, -0.92212, -1.86978, -2.30484, -2.73808, -3.21473, -3.40676, -3.47855, -3.38337, -2.81919, -2.82044, -3.3853, -3.68693, -3.42994, -3.15142, -3.36788, -3.4011
3, 0.0319376, -1.43102, -2.16089, -2.52858, -2.87959, -2.73928, -2.32252, -3.11744, -2.61758, -3.28623, -2.91195, -2.87414, -2.22317, -2.53121, -2.572, -2.05856, -2.50059, -2.88665, -2.64874, -3.30534, -3.35704, -3.46291, -3.27184, -2.76534, -3.22744, -3.55368, -3.64425, -3.83838, -3.61394, -3.73524, -3.63439
3.02, 0.0319376, -1.66895, -1.58042, -2.31423, -2.31268, -1.57955, -0.984894, -1.74705, -1.66062, -1.5876, -1.93036, -2.05111, -1.50222, -0.902655, -0.903747, -0.457331, -1.13985, -0.586961, -0.215989, -1.12189, -1.80694, -1.25282, -0.957542, -0.610057, -1.18427, -1.52978, -1.60772, -1.31264, -1.55385, -1.68381, -1.34153
3.04, 0.0319376, -1.6347, -1.41525, -1.95799, -2.1081, -1.29856, -0.908696, -0.375479, -0.458265, -1.15351, -0.943055, -1.26331, -0.934269, -0.253453, 0.14049, 0.261635, -0.408456, 0.0708019, 0.372387, -0.695513, -0.592342, -0.0755351, -0.452257, -0.127539, -0.580239, -0.538094, -0.674389, -0.261314, -0.356201, -0.548989, -0.329918
3.06, 0.0319376, -1.77452, -0.875105, -0.855514, -1.67364, -0.615799, -0.275853, -0.849172, -0.226617, -0.809928, -0.985185, -1.16333, -1.36903, -0.698951, 0.414122, 0.385499, -0.637195, -0.202168, -0.179666, -0.804459, -0.407103, 0.148993, -0.0463308, 0.35732, 0.311861, -0.276485, -0.213127, -0.261772, -0.160079, -0.0203877, 0.318642
3.08, 0.0319376, -0.767018, -0.498955, -0.686257, -1.1871, -1.09203, -0.701746, -0.944312, -0.293084, -0.077624, -1.03119, -0.912009, -0.364681, -0.294039, 0.106083, 0.332775, -0.302381, -0.0519428, 0.227611, -1.09333, 0.0500097, 0.293724, 0.393008, 0.556595, 0.40051, -0.32778, -0.442474, -0.0902939, -0.122373, 0.0932098, 0.405756
3.1, 0.0319376, -1.11076, -1.65312, -1.16534, -1.17756, -1.00642, -0.738402, -0.511249, 0.208388, -0.443418, -0.753027, -0.815416, -0.143054, 0.147029, 0.393267, 0.76326, 0.602652, 0.135049, -0.051553, -0.547082, 0.0336246, 0.508996, 0.614338, 0.871245, 0.152255, -0.553285, -0.433338, 0.221516, 0.359896, 0.441096, 0.833848
3.12, 0.0319376, -1.0605, -0.983716, -0.752018, -1.72103, -1.594, -0.877014, -0.465908, -0.682344, -0.151828, -0.768828, -1.55774, -0.774846, 0.195732, 0.267473, 0.368382, 0.340523, 0.705061, 0.567993, -0.657339, 0.160793, 0.552836, 0.45491, 1.07192, 0.522319, -0.272642, -0.0612947, 0.108893, 0.355937, 0.405371, 0.883685
3.14, 0.0319374, -1.37096, -0.963259, -1.32642, -1.68125, -1.4152, -0.601212, -0.462717, -0.207665, 0.104265, -0.184508, -1.11736, -0.46594, 0.101973, 0.285043, 0.361998, 0.051566, 0.203118, 0.407129, -0.304014, 0.215712, 0.340321, 0.653767, 0.686747, 0.601368, -0.164839, -0.500914, 0.409196, 0.430762, 0.375234, 0.727916
3.16, 0.0319374, -2.13789, -1.42936, -2.3265, -2.02191, -1.54943, -0.708893, -0.948138, -0.0212576, 0.0762199, -0.180318, -0.475715, -0.155371, -0.070861, 0.453398, 0.267891, -0.361714, 0.444056, 0.0826804, -0.455279, 0.15741, 1.11184, 0.724281, 0.72975, 0.516371, -0.239157, -0.159876, 0.340149, 0.541865, 0.181668, 0.710216
3.18, 0.0319374, -1.59167, -1.35257, -1.24193, -0.447953, -0.71306, -0.452385, -0.332661, -0.672257, -0.392528, -0.758717, -0.794501, -0.695687, -0.0900241, 0.664015, 0.485195, 0.117199, 0.264635, -0.168452, -0.621293, 0.18862, 0.837423, 0.304901, 0.657612, 0.411375, -0.333359, 0.119443, 0.175015, 0.436415, -0.249093, 0.159918
3.2, 0.0319374, -1.24005, -1.13566, -1.47746, -1.98734, -1.53474, -1.46346, -0.97393, -0.321947, -0.0156333, -0.518397, -0.873213, -0.290024, 0.453812, 0.636863, 0.630893, 0.500028, 0.25395, -0.0646823, -0.737929, 0.0849338, 0.715812, 0.840206, 1.08599, 0.513245, -0.428788, -0.0696398, 0.0971728, 0.145401, 0.195628, 0.703408
3.22, 0.0319374, -1.38427, -0.94205, -0.702992, -1.41561, -1.19672, -0.398459, -0.2294, -0.356665, -0.273246, -0.835919, -0.981591, -0.289158, 0.263718, 0.668, 0.59851, 0.643594, 0.332652, -0.370179, -0.645026, 0.251596, 0.815887, 0.815014, 0.907938, 0.906914, -0.311778, 0.252386, 0.258836, 0.248332, 0.243463, 0.937927
3.24, 0.0319376, -1.87564, -1.5554, -1.27621, -1.11197, -1.28667, -0.7238, -0.0711785, 0.220682, 0.021575, -0.0703104, -1.15124, -0.373989, 0.434535, 0.576508, 0.509073, -0.0155886, 0.277536, 0.0793073, -0.591315, 0.04544, 0.920412, 0.676209, 0.775764, 0.461585, -0.304352, -0.219876, 0.12691, 0.392926, -0.0988771, 0.661275
3.26, 0.0319376, -1.48653, -1.01817, -0.35776, -0.511874, -1.29705, -0.970634, -0.651041, -0.361348, -0.366473, -1.04967, -0.923285, -0.199627, -0.0782219, 0.369302, 0.358986, 0.28542, 0.440959, -0.0526083, -0.858622, -0.0178113, 0.61892, 0.406203, 0.771535, 0.439018, -0.472278, -0.39776, 0.167843, -0.0360696, -0.303222, 0.237184
3.28, 0.0319376, -1.22582, -0.985913, -1.58655, -1.47168, -1.179, -0.375841, -0.67906, -0.63872, -0.287953, -0.77123, -0.910369, -0.327282, 0.104722, 0.756516, 0.637879, 0.113972, -0.154758, -0.276559, -1.21828, -0.361905, 0.516428, 0.845029, 0.556719, 0.319873, -0.407055, -0.421877, -0.0809534, 0.386405, -0.492523, 0.0205814
3.3, 0.0319376, -2.04604, -1.89322, -1.01376, -1.20644, -1.22004, -1.65228, -0.728749, -0.402236, -0.39449, -1.06314, -0.703895, -0.51644, 0.398553, 0.313711, 0.538182, -0.290181, 0.123345, -0.380624, -0.944202, -0.268397, 0.0653574, 0.581605, 0.811994, 0.680988, -0.449138, -0.471376, -0.0853748, 0.224538, -0.164938, 0.168819
3.32, 0.0319376, -1.40508, -0.672327, -1.05395, -1.57603, -1.68928, -0.964483, -0.829261, -0.850934, -0.290427, -0.681112, -0.611261, -0.258539, -0.220751, 0.209102, 0.172725, 0.112048, 0.0563136, -0.0988321, -1.28213, -0.302015, 0.65619, 0.691009, 0.694056, 0.502585, -0.304232, -0.652462, -0.140843, 0.272944, -0.299818, -0.113491
3.34, 0.0319376, -1.07067, -1.16991, -1.1533, -1.31581, -1.38086, -0.42609, -0.539791, -0.780482, -0.187851, -0.324672, -0.993474, -0.0738299, 0.454661, 0.301439, 0.0407622, -0.0311378, 0.197964, -0.578235, -1.40447, -0.310404, 0.429663, 0.482372, 0.524022, 0.313545, -0.436993, -0.543242, -0.188775, -0.0126138, -0.425372, 0.223079
3.36, 0.0319376, -1.56569, -1.48194, -2.5683, -2.42276, -1.90429, -0.663254, -0.680407, 0.0267719, -0.44904, -0.063157, -1.05578, -0.515335, 0.436959, 0.649815, 0.153045, -0.16344, 0.260845, -0.383898, -1.58044, -1.08162, -0.159522, 0.319691, 0.699526, 0.0797651, -0.982137, -0.706437, -0.414868, -0.206542, -0.0620511, 0.258934
3.38, 0.0319374, -1.11907, -0.81179, -1.33535, -1.59518, -1.61601, -0.803087, -0.978386, -0.684834, -0.568321, -0.697668, -1.01988, -1.298, -0.262971, 0.42077, -0.216715, -0.38423, -0.487259, -0.659007, -1.6442, -0.927023, -0.0544889, 0.0702038, 0.351963, -0.184594, -0.974504, -1.11412, -0.371613, -0.161558, -0.70936, -0.451661
3.4, 0.0319374, -1.4881, -1.17457, -2.02844, -1.82778, -1.83693, -1.35354, -1.00439, -0.284365, -0.370642, -0.551445, -1.1097, -0.338303, 0.334525, -0.474178, -0.742911, -0.469537, -0.450979, -0.798001, -1.75007, -0.692375, -0.199855, 0.120187, 0.160662, -0.123931, -0.950625, -1.33576, -0.900868, -0.643101, -0.733031, -0.242207
3.42, 0.0319374, -1.45056, -1.73886, -1.2474, -2.05377, -2.36419, -2.10947, -1.4768, -0.891075, -1.08872, -1.00499, -0.893552, -0.0975065, 0.222681, 0.0729411, -0.233805, -0.453851, -0.0454382, -0.284093, -2.22596, -0.959582, -0.203632, 0.0749758, 0.0287421, 0.0513538, -1.31982, -1.62163, -1.22286, -0.852174, -0.662591, -0.766461
3.44, 0.0319374, -1.22568, -2.07071, -2.66384, -2.87147, -1.85535, -0.788974, -1.16017, -0.866271, -0.610092, -0.853026, -1.36712, -0.927267, -0.975635, -0.506659, -0.569439, -0.806439, -0.669144, -1.01062, -2.28833, -1.86852, -1.27846, -0.67012, -0.783953, -0.417792, -1.51517, -1.79163, -1.75938, -1.5331, -1.50352, -0.961076
3.46, 0.0319374, -1.49233, -2.47455, -3.20738, -2.64923, -2.26183, -1.71133, -2.09996, -2.21134, -2.03118, -1.54662, -1.66905, -1.7016, -1.79318, -1.61656, -1.30795, -1.7338, -1.4409, -2.6101, -3.55562, -2.94813, -2.3919, -2.11939, -1.75038, -1.77874, -2.74873, -3.39344, -3.01811, -2.91613, -2.91547, -2.56181
3.48, 0.0319376, -1.94726, -2.74948, -2.68545, -2.92893, -2.82323, -3.19563, -2.97366, -3.04454, -3.10521, -2.87217, -3.05692, -2.50323, -2.51199, -2.82932, -2.99455, -2.86749, -3.15831, -3.4952, -4.12429, -4.08769, -3.20113, -3.20551, -3.09432, -2.97817, -3.8692, -3.79415, -3.83265, -3.58751, -3.48834, -3.63336
3.5, 0.0319376, -0.981888, -1.28056, -1.18058, -2.04784, -1.7989, -1.55151, -1.12025, -1.39602, -1.8175, -1.78951, -1.54643, -0.724798, -1.15437, -1.86965, -2.17251, -2.01727, -1.79653, -2.86519, -3.81771, -3.04178, -2.68396, -2.47877, -2.25711, -2.85659, -3.39573, -3.7224, -3.21064, -3.17852, -2.97269, -3.12929
3.52, 0.0319376, -0.634849, -0.688397, -0.366776, -0.0537737, -0.795208, -0.732031, -0.287456, 0.452062, 0.0994799, -0.463458, -0.151558, 0.426076, 0.733332, 0.163794, 0.0175695, -0.134849, -0.325325, -0.849399, -1.50094, -2.05056, -1.31622, -0.848223, -0.711679, -0.956417, -1.56153, -2.09104, -1.67752, -0.936556, -1.24934, -1.13358
3.54, 0.0319376, -1.40147, 0.514266, -0.00465078, -0.114897, -0.39651, 0.250881, 0.612363, 0.52227, 0.434713, 0.326813, 0.347678, 1.08663, 0.393882, -0.163262, -0.17762, 0.0823563, -0.135576, -0.229389, -0.549253, -0.786695, -0.132501, -0.437538, 0.434471, 0.607024, -0.591509, -1.0232, -1.25441, -0.886377, -0.614941, -0.734903
3.56, 0.0319376, -0.701013, 0.036576, 0.0498773, -0.889549, -1.40785, -0.0942567, 0.411817, 0.390286, 0.643335, 0.533279, 0.246458, 0.803965, 0.928268, 0.509591, 0.648999, 0.619278, 0.291599, -0.24613, -0.367442, -0.838891, -0.690775, -0.610776, 0.14905, -0.0889196, -0.87446, -1.33151, -1.35605, -0.602048, -0.69227, -0.387374
3.58, 0.0319376, -0.948499, -1.30708, -0.689708, -0.400559, -0.795179, -0.54975, 0.180137, 0.379616, 0.293078, 0.0344984, 0.0788883, 0.645366, 1.04037, 0.449702, 0.341516, 0.393407, 0.274103, -0.423784, -0.943962, -0.941263, -0.781224, -0.279614, 0.0517673, 0.00575102, -1.17793, -1.3653, -1.52497, -1.01745, -0.950185, -0.596831
3.6, 0.0319376, -0.713045, -0.87845, -0.394126, -0.405864, -0.529407, -0.443531, 0.0123258, 0.436097, 0.688417, 0.27606, 0.00665129, -0.530011, 0.179197, 0.601206, 0.585391, 0.348548, 0.0207837, -0.519466, -0.473247, -1.04885, -0.616795, -0.638002, -0.527396, -0.393157, -1.23205, -1.30953, -1.18686, -0.863475, -1.0026, -0.851635
3.62, 0.0319376, -1.23025, -0.149042, -0.54573, -0.812492, -0.330247, -0.240712, 0.307317, -0.216309, -0.0841101, -0.37851, -0.0663718, 0.987609, 1.08919, 0.124769, 0.180493, 0.516553, 0.241842, -0.164318, -0.543644, -0.882028, -0.989215, -0.669064, -0.206454, -0.0690729, -1.17409, -1.33518, -1.23767, -0.541813, -0.437964, -0.490098
3.64, 0.0319374, -1.92341, -0.539232, -0.664231, -0.607757, -1.06824, -0.167144, -0.433354, -0.435004, -0.281678, 0.104666, -0.310558, 0.748103, 0.481976, 0.0572859, 0.295638, -0.00113456, -0.201313, -0.409526, -0.534663, -1.32115, -1.12441, -0.900305, -0.188926, -0.0883849, -1.40117, -1.57601, -1.27809, -0.902287, -0.862449, -0.670611
3.66, 0.0319374, -1.26563, 0.135228, -0.171796, -0.529639, -0.928984, -0.587772, 0.161853, 0.104184, 0.316709, -0.603508, -0.28839, 0.458216, 0.26427, 0.364806, -0.101773, 0.109969, -0.315362, -0.945107, -0.940066, -1.17895, -1.40528, -1.02722, -0.676304, -0.873449, -1.3942, -1.56389, -1.45877, -1.13902, -1.47626, -1.0268
3.68, 0.0319374, -0.726169, -1.06949, -0.937296, -0.415827, -0.245405, -0.473534, -0.195518, 0.363546, 0.564561, -0.463671, -0.112054, 0.596004, 0.470328, 0.00230214, -0.492077, 0.248947, -0.189825, -0.414318, -0.69114, -1.30065, -1.20478, -1.07341, -0.843565, -0.510226, -1.39097, -1.58141, -1.7864, -1.29038, -1.3989, -1.18177
3.7, 0.0319374, -1.30226, -0.316473, 0.232523, -0.491025, -0.582709, -0.00945729, 0.250764, -0.0867843, 0.663402, 0.14545, -0.588888, -0.0492369, 0.105489, 0.0606273, 0.122782, -0.127977, -0.488325, -0.677535, -0.787747, -1.17667, -1.57026, -1.13141, -0.383894, -0.23311, -1.155, -1.33007, -1.19929, -0.950711, -0.780129, -0.843657
3.72, 0.0319374, -1.26049, -0.01743, 0.311842, -0.140516, -0.784726, -1.12968, -0.0573092, 0.843665, 0.187427, 0.00124996, 0.165173, 0.85105, 0.76967, -0.232821, 0.245153, 0.452313, -0.0426546, -0.638745, -0.878841, -1.18795, -1.06081, -0.975467, -0.239608, -0.107094, -1.14262, -1.535, -1.37479, -0.614279, -0.785465, -0.802603
3.74, 0.0319376, -1.15793, 0.0852494, 0.290157, 0.274178, -0.374361, -0.461751, 0.091226, 0.222895, 0.303744, 0.423685, -0.0304481, 0.823544, 1.00405, 0.475255, 0.495036, 0.686114, -0.21241, -0.730493, -0.469335, -1.00163, -1.2929, -0.732, -0.104076, 0.0605491, -0.83475, -1.21869, -1.01295, -0.999219, -1.05936, -0.51392
3.76, 0.0319376, -1.14099, -1.12062, -0.0716495, -0.225555, -0.82957, -0.00985594, -0.0953844, 0.894104, 0.464735, -0.239288, -0.232899, 0.750499, 0.920443, 0.257135, 0.244344, 0.130175, -0.257074, -0.614604, -0.794737, -0.678838, -0.684649, -0.427373, -0.358658, 0.0841518, -0.905448, -1.54807, -1.28126, -1.04252, -1.02755, -0.621193
3.78, 0.0319376, -0.819476, -0.285239, -0.325484, 0.0519425, -0.441942, -0.734763, 0.0999527, 1.10813, 0.228224, -0.230944, -0.345033, 0.721416, 0.884785, 0.472319, 0.143233, -0.272539, 0.0633018, -0.541097, -0.768623, -0.861028, -0.855386, -0.729537, -0.447489, -0.284849, -0.933238, -1.81045, -1.42144, -1.08177, -1.06237, -0.822941
3.8, 0.0319376, -1.05697, -0.359315, -0.130873, 0.708548, 0.0557778, 0.0793169, -0.339861, 0.316749, 0.609135, 0.21628, -0.231677, 0.764071, 1.12862, 0.489825, 0.411589, 0.57063, 0.212811, -0.801549, -0.823301, -0.834682, -0.90083, -0.487016, -0.0675563, -0.276841, -1.12592, -1.44762, -1.54411, -1.13966, -0.900794, -0.887608
3.82, 0.0319376, -0.903326, 0.486674, 0.347389, -0.216238, -0.070702, 0.133863, 0.484369, 0.635796, 0.0689517, 0.0162014, 0.111234, 0.537148, 0.831291, 0.518609, 0.267036, -0.489797, -0.2508, -0.61274, -0.620001, -0.706723, -0.688665, -0.81055, -0.294391, -0.134763, -0.976951, -1.52801, -1.50581, -0.794516, -0.995261, -0.994543
3.84, 0.0319376, -0.73305, 0.016354, 0.068809, -0.0715653, -0.323867, -0.15468, 0.117553, 0.364693, 0.984111, -0.433421, -0.256256, 0.548028, 0.848802, 0.185663, 0.296934, 0.234025, 0.0823074, -0.637991, -0.416874, -0.986777, -1.15903, -0.895723, -0.297755, -0.227403, -1.37143, -1.45138, -1.38756, -0.953461, -0.896473, -0.83923
3.86, 0.0319376, -0.739774, -0.419665, 0.0352487, 0.324279, -0.12919, 0.124846, -0.0710744, 0.549292, 0.48537, 0.0676274, -0.33441, 1.02189, 1.15205, 0.456675, 0.292518, 0.19416, -0.387125, -1.07982, -1.19766, -1.25691, -1.08324, -0.745315, -0.317926, -0.0267223, -1.21083, -1.5276, -1.39274, -1.212, -1.13862, -0.914547
3.88, 0.0319374, -1.59313, -1.2203, -1.15794, -1.06248, -0.696577, -0.033484, 0.285412, 0.513843, 0.293501, -0.262008, -0.273556, 0.586257, 0.559811, 0.150933, -0.0136226, 0.156168, -0.0795739, -0.547644, -0.667279, -0.957306, -1.07143, -0.947651, -0.663836, -0.337708, -1.50712, -1.72588, -1.50229, -1.27103, -1.30329, -0.853428
3.9, 0.0319374, -0.841505, -0.674545, -0.8325, -0.509145, -0.795509, -0.0821889, -0.509889, 0.418773, 0.0391303, -0.572604, -0.271712, 0.349288, 0.627233, -0.206925, -0.480559, -0.0102047, -0.255306, -0.621559, -1.2529, -1.71752, -1.54765, -1.50148, -0.677955, -0.673238, -1.62224, -2.30582, -2.07403, -1.87359, -1.4442, -1.09651
3.92, 0.0319374, -1.76124, -0.363233, -0.44156, -1.63164, -1.03125, -0.323411, -0.252112, 0.18159, -0.514291, -0.765196, -1.11894, 0.111359, -0.128744, -0.338982, -0.452819, -0.820828, -0.741769, -1.36912, -1.83107, -2.5412, -2.4342, -1.88629, -1.66002, -1.36294, -1.96778, -2.68619, -2.16244, -2.03896, -2.11192, -2.20012
3.94, 0.0319374, -1.39344, -0.635761, -1.15217, -1.64433, -1.4001, -0.35892, -0.032707, -0.621634, -0.858407, -1.29693, -1.24074, -0.508781, -0.748319, -1.271, -0.917556, -1.07087, -1.3, -1.98814, -2.15671, -3.17329, -3.27628, -2.71619, -1.63015, -1.63439, -2.80251, -3.12089, -2.82727, -2.20152, -2.73331, -2.47936
3.96, 0.0319374, -1.93678, -1.4211, -1.66849, -2.05596, -1.28007, -0.531302, -1.15607, -0.696855, -1.40738, -2.44858, -1.93061, -1.0591, -1.49098, -1.71131, -1.55868, -2.55799, -2.76801, -3.23686, -3.56157, -3.67047, -3.60394, -3.45009, -3.20244, -2.92652, -3.84808, -3.94626, -3.80979, -3.98605, -3.9848, -3.75422
3.98, 0.0319376, -2.04836, -2.81144, -2.63697, -3.20313, -2.84805, -2.39011, -3.02197, -2.83569, -2.85835, -3.45003, -3.40694, -2.42794, -2.5974, -2.93203, -3.0351, -2.75783, -2.97926, -3.82584, -3.92782, -3.86233, -4.00189, -4.04886, -4.16802, -3.94435, -4.30138, -4.41281, -4.39004, -4.50211, -4.58973, -4.339
4, 0.0319376, -2.70746, -1.57173, -1.16523, -2.0197, -2.70957, -2.42219, -2.6024, -1.89966, -1.1534, -1.56339, -1.97618, -1.61236, -1.3834, -1.51467, -0.917294, -1.54126, -1.84432, -1.67751, -2.22465, -2.50648, -2.69532, -2.38579, -2.08395, -2.40248, -3.17817, -3.10099, -3.34294, -2.63191, -2.63184, -2.61623
4.02, 0.0319376, -1.50042, -1.25358, -0.936315, -1.27157, -1.27869, -1.64795, -1.36244, -1.09665, -1.25266, -1.27274, -1.38526, -0.927666, -0.937398, -0.767123, -0.630211, -0.897429, -0.745391, -0.493108, -1.26027, -1.33039, -1.5471, -1.75377, -1.16872, -0.672068, -1.12527, -1.77016, -1.64262, -1.24017, -1.21354, -1.32165
4.04, 0.0319376, -1.93749, -0.62011, -0.835747, -1.39204, -1.75178, -1.21968, -1.45645, -1.21208, -1.46101, -1.17281, -1.05378, -0.923872, -0.605562, -0.363619, -0.338243, -0.849485, -0.403909, -0.406911, -0.670095, -0.789942, -1.08824, -1.15538, -0.939882, -0.533327, -0.663889, -0.917909, -0.892479, -0.788182, -0.784513, -0.836067
4.06, 0.0319376, -1.07923, -0.515445, -0.911559, -1.39325, -1.41825, -2.02932, -1.43968, -0.454986, -0.756891, -0.908896, -1.18689, -0.998304, -0.651443, -0.129484, -0.0316074, -0.850679, -0.0963129, -0.55497, -0.675207, -0.467936, -0.621478, -0.671387, -0.25878, -0.330142, -0.640757, -1.00818, -0.283491, -0.0812633, -0.195633, 0.0938715
4.08, 0.0319376, -2.25486, -0.856627, -0.746132, -1.21602, -0.98952, -0.923052, -1.35948, -1.10792, -0.837288, -0.965949, -1.22956, -0.482506, -0.888875, -0.231489, -0.125852, -0.418232, 0.137543, -0.100187, -0.409723, -0.514687, -0.238814, -0.637924, 0.04585, 0.323805, -0.478746, -0.908145, -0.405795, -0.227901, 0.0494981, -0.261692
4.1, 0.0319376, -1.01931, -0.388616, -0.835992, -1.43369, -1.60037, -0.689817, -0.994766, -0.552502, -0.667846, -1.14449, -1.31933, -0.42384, -0.75917, -0.116335, 0.0127039, -0.473179, -0.136959, 0.0934484, -0.275233, -0.698971, -0.510027, -0.489433, 0.206913, 0.420854, -0.701208, -0.713189, -0.49095, -0.149717, -0.0700135, 0.0300805
4.12, 0.0319376, -1.40573, -0.26181, 0.085615, -1.19868, -0.918197, -0.75434, -1.23042, -0.121954, -0.731277, -0.965289, -1.29993, -0.447715, -0.241155, 0.0874738, 0.367375, -0.187485, 0.014637, 0.294944, -0.0919554, -0.528364, -0.731757, -0.0562255, -0.0419335, 0.0471475, -0.734282, -0.487857, -0.192559, -0.0717557, -0.315532, -0.305037
4.14, 0.0319376, -0.527716, -1.4304, -1.26863, -1.67735, -1.47664, -1.12647, -1.23061, -0.74486, -0.50473, -0.852807, -1.26877, -0.40838, -0.619566, 0.277046, 0.545107, -0.00202826, 0.0112214, -0.122735, -0.533775, -0.895446, -0.288633, -0.634998, -0.124217, 0.199815, -0.50834, -0.50967, -0.596347, -0.219757, -0.0921352, -0.0981144
4.16, 0.0319376, -1.86227, -0.881374, -1.19977, -0.850901, -1.19649, -0.874093, -0.845614, -0.870825, -0.68177, -0.332616, -0.858217, -0.802984, -0.392937, -0.0406337, 0.417641, 0.290008, 0.339581, 0.164782, 0.0478162, -0.567064, -0.114886, -0.0215013, 0.49493, 0.367951, -0.482142, -0.742361, -0.00549003, 0.18887, -0.370056, -0.0514209
4.18, 0.0319376, -1.51754, -0.710802, -1.148, -1.22272, -1.07075, -0.7594, -0.698177, -0.680299, -0.760303, -1.22541, -1.84407, 0.0126305, 0.218501, 0.509474, 0.714493, 0.36153, 0.449453, 0.388141, -0.00400049, -0.483133, -0.0546938, -0.103881, 0.0600987, 0.255343, -0.226817, -0.382036, -0.0104517, 0.262744, -0.306061, -0.363439
4.2, 0.0319376, -1.72838, -0.422007, -0.431015, -2.23496, -1.55324, -0.955629, -0.619091, -0.257287, -0.0902916, -1.08476, -1.27581, -0.552935, -0.305543, 0.245952, 0.527958, 0.0719579, 0.233415, 0.210388, -0.344893, -1.09291, -0.374204, -0.291942, 0.410014, -0.0922235, -0.450917, -0.416898, -0.119973, -0.00100114, -0.253721, -0.0818321
4.22, 0.0319376, -2.35384, -0.894854, -1.48126, -1.251, -1.28479, -1.1332, -1.14848, -0.295537, -0.952106, -0.92954, -1.04282, -0.382199, -0.0428508, -0.0401233, 0.425121, -0.26056, 0.229962, -0.172887, -0.861023, -1.08107, -0.586147, -0.183741, 0.442612, 0.107312, -0.858737, -0.390961, -0.330487, -0.259212, -0.223401, -0.372724
4.24, 0.0319376, -2.18141, -1.59892, -1.16916, -1.34399, -1.08186, -0.69631, -0.675019, -1.23164, -1.46776, -1.20483, -0.81909, -0.748946, -0.40489, -0.0870192, 0.00430514, -0.0799052, -0.181977, -0.115733, -0.510082, -0.811662, -0.165499, 0.208065, 0.218471, 0.3569, -0.885661, -0.398928, -0.226191, 0.0280863, -0.575876, -0.386262
4.26, 0.0319371, -1.80695, -0.994389, -1.23184, -1.80327, -1.51542, -0.51071, -1.02065, -0.779673, -1.27807, -1.24756, -0.670334, -0.418425, -0.376253, -0.244018, -0.269737, -0.133082, 0.311948, -0.131452, -0.924937, -0.661007, -0.357233, -0.243057, 0.506334, 0.398951, -0.549049, -0.601322, -0.398942, -0.056232, -0.149763, 0.0792409
4.28, 0.0319371, -1.07769, -1.1367, -1.15167, -1.40096, -2.08429, -1.99849, -0.811647, -0.518018, -1.07373, -1.18712, -1.78144, -0.486324, -0.247579, -0.696231, -0.281829, -0.0673934, -0.257871, -0.257867, -0.916103, -0.933497, -0.464826, -0.0874987, 0.227511, -0.0306157, -0.702022, -1.17419, -0.555423, -0.423544, -0.744579, -0.480225
4.3, 0.0319371, -2.00605, -1.38492, -1.95254, -1.54082, -1.60645, -1.92273, -1.50542, -0.836163, -0.663774, -0.705023, -1.53379, -0.729674, -0.644682, -0.366827, -0.247139, -0.757377, -0.529936, -0.598319, -1.32208, -1.55458, -0.885577, -0.317879, -0.131034, -0.373783, -1.69269, -1.66326, -0.90367, -0.742082, -1.02721, -0.828186
4.32, 0.0319371, -1.59435, -2.15022, -1.43167, -2.50289, -2.2617, -1.90068, -2.0016, -1.31547, -1.23715, -1.40667, -2.019, -2.06317, -1.22965, -0.562761, -0.698841, -1.35997, -1.42539, -1.47134, -1.99331, -2.34227, -1.86553, -1.3684, -1.41271, -1.22716, -1.96406, -2.27419, -2.10054, -1.90757, -2.43162, -2.17266
4.34, 0.0319371, -2.12679, -2.10536, -1.92674, -2.44177, -2.99094, -3.54257, -3.74148, -3.45417, -2.276, -2.13809, -3.35465, -2.7828, -2.96409, -2.54992, -1.85579, -2.49521, -2.50202, -2.85298, -3.60486, -3.52345, -3.25744, -3.25302, -2.89873, -2.72893, -3.62999, -3.79657, -3.40844, -3.24357, -3.32693, -3.60975
4.36, 0.0319376, -1.42188, -2.05384, -2.47056, -2.78661, -3.18663, -2.82246, -2.45004, -2.37144, -2.37794, -2.55348, -2.82383, -1.98635, -1.51802, -1.48996, -2.00553, -2.23944, -2.90868, -3.38077, -3.78258, -3.65239, -3.48527, -3.3803, -3.04181, -2.87606, -3.74181, -3.62316, -3.43459, -3.2012, -3.18661, -3.28558
4.38, 0.0319376, -1.91918, -1.26758, -0.618725, -1.28344, -1.30561, -0.391001, -0.535034, 0.0402196, -0.354467, -0.986089, -0.768131, -0.175949, -0.424614, -0.222012, 0.00434692, 0.197592, -0.344205, -1.12387, -1.82552, -2.19598, -1.54319, -1.33234, -0.994215, -1.20294, -2.27065, -2.37967, -1.76573, -1.47822, -2.03971, -1.82854
4.4, 0.0319376, -1.11789, -0.198601, -0.191341, -0.802032, -0.12798, -0.557396, -0.226175, 0.592628, 0.131131, -0.505733, -0.701409, 0.748601, 0.256707, -0.263559, 0.467039, 0.286611, -0.23897, -0.679773, -1.2229, -1.87143, -1.35241, -1.08281, -0.326839, -0.246544, -1.37829, -1.42365, -1.08886, -0.668111, -0.985144, -1.00822
4.42, 0.0319376, -1.09094, -0.00864964, -0.0251762, -0.81661, -0.393075, 0.249276, 0.191892, 0.262545, 0.102858, -0.385127, -0.00811505, 0.210102, -0.0750974, -0.0142889, 0.359798, 0.65302, 0.394735, -0.434768, -0.740665, -1.029, -0.947937, -0.843566, -0.295015, -0.326479, -1.09944, -1.3929, -1.13054, -0.558553, -0.854507, -0.536119
4.44, 0.0319376, -1.31607, 0.458956, -0.027372, -0.126336, -0.225149, 0.724096, 0.656604, 0.333949, 0.206899, 0.0807259, 0.0843839, 1.31957, 0.889706, 0.465023, 0.696561, 0.785043, 0.757181, -0.557191, -0.589099, -1.27933, -0.963527, -0.40775, -0.116442, -0.0452549, -0.970851, -1.14858, -1.14761, -0.683508, -0.430588, -0.310021
4.46, 0.0319376, -1.15954, 0.182546, 0.0142411, -1.14322, -0.2023, 0.314623, -0.346632, -0.0683059, -0.0383089, -0.236862, 0.0521023, 0.0251994, 0.584933, 0.686364, 0.987149, 0.406792, 0.405548, -0.441547, -0.627659, -1.12505, -1.10335, -0.80044, -0.372734, 0.00663352, -1.09818, -1.18226, -1.03517, -0.289911, -0.509249, -0.589862
4.48, 0.0319376, -1.09059, -0.328026, -0.429206, -1.46193, -1.03548, -0.533827, -0.206577, 0.180259, -0.29075, 0.182092, -0.306978, 0.581915, 0.873071, 0.49575, 0.429912, 0.729108, 0.0533252, -0.313733, -0.500711, -0.941292, -0.905104, -1.14455, -0.370142, -0.444241, -1.24795, -1.29128, -1.16006, -1.00895, -1.14353, -0.986903
4.5, 0.0319376, -1.54045, 0.000727985, 0.526227, -0.18015, -0.448338, -0.102041, -0.6501, 0.18131, -0.76904, -0.320325, -0.267016, 0.871366, 0.516047, -0.196108, 0.106019, 0.528439, 0.411319, -0.419105, -0.926645, -1.53806, -1.2874, -0.989912, -0.340681, -0.189177, -1.60879, -1.71064, -1.78547, -1.06459, -1.39187, -1.00188
4.52, 0.0319376, -0.952811, -0.176465, -0.0485398, -1.08498, -0.463406, 0.297416, -0.140778, -0.105233, 0.194371, -0.684199, -0.812957, -0.542185, -0.128867, -0.229701, 0.135736, 0.332055, 0.18181, -0.868396, -1.13168, -1.62366, -1.58675, -1.30061, -0.456873, -0.757407, -1.63107, -1.86732, -1.60547, -1.44181, -1.32343, -0.806227
4.54, 0.0319376, -0.911367, 0.324163, -0.00267506, 0.116878, 0.130355, 0.489906, -0.642784, 0.354352, 0.478226, -0.319368, 0.0953447, 1.13642, 0.90053, 0.0871233, 0.0637771, 0.255429, 0.0514333, -0.787311, -1.50289, -1.5594, -1.38703, -1.15605, -0.481867, -0.306414, -1.24841, -1.70298, -1.52259, -1.17958, -1.11673, -1.25481
4.56, 0.0319376, -1.35208, 0.291232, 0.537819, -0.14982, 0.140913, 0.658588, 0.3334, 0.257988, 0.563313, 0.124762, -0.0339289, 1.21727, 0.542109, 0.227797, 0.71642, 1.05445, 0.281767, -0.570691, -0.714361, -1.09078, -0.978719, -0.709011, -0.243566, -0.361778, -1.16699, -1.4288, -1.20233, -0.832796, -1.1142, -0.995657
4.58, 0.0319376, -0.662123, -0.248388, -0.0288132, -0.540352, -0.494074, -0.123654, 0.364234, 0.748767, 0.305898, -0.477155, -0.407153, 0.637037, 1.0619, -0.251457, 0.599448, 0.488528, 0.535131, -0.153432, -0.46582, -0.827118, -0.771975, -0.898645, -0.102611, -0.355385, -1.37341, -1.59215, -1.34329, -0.922604, -1.02679, -0.903468
4.6, 0.0319376, -0.544841, -0.630765, -0.167192, 0.16651, -0.78288, 0.328922, 0.622383, 0.247147, 0.528637, 0.123457, 0.0760441, 0.536117, 0.9157, -0.0116602, 0.583093, 0.752134, 0.0224959, -0.230356, -0.665342, -1.06342, -0.728983, -0.511466, 0.00450703, -0.078854, -1.11115, -1.38388, -1.25903, -0.796217, -0.87725, -0.513137
4.62, 0.0319376, -0.856517, -0.942738, -0.653016, -0.357187, -0.111162, -0.0986298, -0.484558, 0.188339, 0.325289, -0.626806, -0.230671, 0.393852, 0.305433, 0.449412, 0.162582, 0.300127, -0.146702, -0.440074, -0.773917, -0.993065, -1.40007, -1.05527, -0.640176, -0.229301, -1.21863, -1.72321, -1.35694, -1.02497, -1.01226, -0.903691
4.64, 0.0319376, -1.49096, -0.583222, -0.325948, -0.58764, -0.68543, -0.423138, -0.213493, 0.610326, 0.514805, -0.0979398, -0.320515, 0.392008, 0.86101, 0.274076, 0.166148, 0.330284, -0.293231, -0.545942, -1.00516, -1.56666, -1.50789, -1.07988, -0.415863, -0.349742, -1.60687, -1.79774, -1.54008, -1.0248, -1.11027, -1.11063
4.66, 0.0319376, -1.65372, -0.756154, -1.24086, -0.921324, -0.187585, -0.0575508, -0.0311096, 0.840999, 0.0238447, -0.640278, -0.596681, 0.91086, 0.780995, 0.0369978, 0.382666, 0.686132, -0.211796, -0.772572, -1.45671, -1.91053, -1.41329, -1.34518, -0.399977, -0.31067, -1.30808, -1.87715, -1.55695, -1.16118, -1.22087, -1.05179
4.68, 0.0319376, -0.565161, -0.0689311, -0.829314, -0.698476, -0.33506, -0.0759474, -0.447127, 0.508065, 0.543184, -0.400494, -0.485643, 0.79489, 0.568691, 0.152715, 0.449029, 0.199883, -0.0442597, -0.259707, -0.864186, -1.28774, -1.73014, -1.41508, -0.382207, -0.420387, -1.26554, -1.46345, -1.39386, -0.965928, -0.747379, -0.949937
4.7, 0.0319376, -1.53079, 0.191705, 0.37535, -0.389096, -1.0958, -0.2894, 0.236453, 0.565129, 0.621459, 0.00675727, -0.506243, 0.51184, 0.716262, 0.425941, 0.550482, 0.899387, 0.283646, -0.488704, -0.680079, -1.24043, -1.32294, -0.748777, -0.202396, -0.100545, -1.50179, -1.17217, -1.44981, -0.932594, -0.878278, -0.553486
4.72, 0.0319376, -1.66244, -0.0352089, 0.0762941, 0.626787, 0.363892, 0.482201, -0.00465587, 0.684824, -0.0181333, -0.596934, 0.0805652, 0.963242, 0.995001, 0.638718, 0.16566, 0.642951, 0.242395, -0.674575, -0.515747, -0.66016, -1.42934, -1.16959, 0.100708, -0.411089, -1.17688, -1.07198, -0.86439, -0.496581, -0.833477, -0.719147
4.74, 0.0319376, -1.11153, -0.647133, -0.184226, -0.265477, -0.578679, 0.0653177, -0.605412, 0.383989, 0.664476, -0.182775, 0.0544495, 1.25764, 0.824797, -0.0914173, 0.588604, 0.478074, 0.0442597, -0.519858, -0.607911, -1.18314, -1.37844, -1.14865, -0.335271, -0.257692, -1.15296, -1.31557, -1.35608, -0.732408, -0.539833, -0.421951
4.76, 0.0319371, -0.983955, -0.130513, -0.100631, -0.0371286, -0.175354, -0.00740299, 0.120851, 0.434059, -0.314969, -0.839604, -0.754974, 0.543409, 0.518298, 0.149725, 0.431092, -0.00719135, 0.199734, -0.693965, -1.27713, -1.55755, -1.33011, -1.67397, -0.799227, -0.701965, -1.64505, -1.84441, -1.39002, -1.19986, -1.18299, -0.90177
4.78, 0.0319371, -0.578408, -0.107214, -0.409979, -0.688887, -0.751361, -0.0988238, -0.657208, 0.0381317, 0.0574562, -0.120083, -0.52693, 0.261702, 0.012626, -0.118543, 0.138176, -0.210097, -0.220121, -0.848923, -1.22759, -1.41461, -1.40777, -1.70074, -1.18728, -0.7632, -1.72431, -2.11583, -1.91709, -1.46463, -1.32904, -1.433
4.8, 0.0319371, -1.05273, -0.0393743, -0.125176, -1.23614, -0.917042, -0.404567, -0.600704, 0.395675, -0.232574, -1.06136, -1.11318, -0.192254, -0.215233, -0.740771, -0.504149, 0.016603, -0.36261, -1.16529, -1.90923, -1.59763, -2.34113, -2.02622, -1.17763, -0.878218, -2.02707, -2.32901, -1.9073, -1.56709, -1.64701, -1.57326
4.82, 0.0319371, -1.0077, -0.781414, -0.657482, -0.869931, -0.717634, -0.175282, -0.131675, -0.119645, -0.379741, -1.31863, -1.18669, -0.666832, -0.0600014, -0.337754, -0.410422, -0.00230076, -0.632985, -1.43579, -1.99804, -1.78308, -2.25549, -2.28265, -1.88121, -0.883715, -1.79105, -2.32564, -2.35981, -1.87255, -1.44373, -1.42502
4.84, 0.0319371, -1.46405, -0.226187, -0.0458588, -1.24651, -0.480726, -0.409778, -0.320186, -0.791539, -0.407038, -1.2624, -1.74329, -0.176309, -0.179617, -0.410674, -0.421376, -0.381801, -1.0263, -1.3692, -1.55315, -2.20099, -2.24561, -1.81399, -1.25587, -1.50231, -2.26959, -2.31707, -1.88308, -1.32464, -1.35405, -1.56423
4.86, 0.0319376, -1.09347, -0.745697, -0.535869, -0.349207, -0.611336, 0.253136, 0.00209874, 0.615816, -0.174113, -0.582224, -0.684204, -0.178892, 0.130188, -0.234874, -0.0443249, -0.416254, -0.76193, -0.795864, -1.1267, -1.69263, -1.78565, -1.89521, -1.42026, -1.20314, -1.92287, -1.88429, -2.04344, -1.62915, -1.43275, -1.59673
4.88, 0.0319376, -1.21912, -0.229453, -0.361914, -0.506354, -0.631456, -0.409167, 0.0635178, -0.185614, -0.176669, -1.10884, -0.451553, 0.56409, -0.0301293, 0.0928628, 0.33675, 0.206227, -0.399362, -1.15272, -1.1943, -1.91709, -2.078, -1.88661, -1.21661, -0.89411, -1.58703, -1.92329, -2.04995, -1.63775, -1.24316, -1.26926
4.9, 0.0319376, -1.47075, -0.787434, -0.815975, -0.477208, -0.30982, -0.0884185, -0.147302, -0.157611, -0.246001, -0.91243, -1.14337, -0.302147, 0.00309596, -0.196358, 0.169557, -0.145796, -0.661321, -1.18672, -1.36965, -1.42742, -2.05351, -1.82938, -1.29863, -0.949817, -1.44212, -1.77672, -1.88079, -1.65276, -1.31587, -1.26116
4.92, 0.0319376, -1.49073, -0.521379, -0.807262, -1.29843, -0.728139, -0.646079, 0.216706, -0.0880053, -0.350759, -1.59973, -0.990624, -0.295671, 0.279664, -0.300992, -0.549751, -0.36939, -0.616529, -1.11767, -1.05789, -1.55367, -1.52327, -2.3059, -1.94961, -1.37641, -1.82962, -1.70712, -2.05364, -1.37245, -1.30697, -1.58314
4.94, 0.0319376, -2.05932, -1.05007, -0.701828, -1.04501, -1.21883, -1.78436, -0.593924, 0.228109, -0.578812, -0.907611, -1.27037, -0.59915, -0.38126, -0.434131, -0.707727, -0.473541, -0.833123, -1.35366, -1.46964, -2.12177, -1.8785, -1.86224, -1.33539, -1.18902, -2.21943, -2.51983, -2.20126, -1.60694, -1.8833, -1.68127
4.96, 0.0319376, -1.02571, -1.80493, -1.2826, -1.45416, -1.69435, -1.06207, -0.963818, -0.741815, -1.69561, -2.59761, -2.03961, -1.14578, -0.885058, -1.26025, -1.39463, -1.73685, -2.03155, -2.44493, -3.11288, -3.21124, -2.96224, -3.24929, -3.01423, -2.38628, -2.97847, -3.68055, -3.13828, -2.7659, -3.10664, -2.9558
