# Time (seconds), Duration (seconds), f0, f1, f2, f3, f4, f5, f6, f7, f8, f9, f10, f11, f12, f13, f14, f15, f16, f17, f18, f19, f20, f21, f22, f23, f24, f25, f26, f27, f28, f29
0, 0.0319375, -2.08345, -2.7913, -2.66683, -2.45299, -1.63793, -1.95132, -2.19161, -2.03514, -1.83323, -2.20368, -2.47524, -2.23638, -2.39364, -2.19554, -1.98343, -2.27989, -2.25763, -2.06011, -1.96463, -2.06478, -1.97874, -2.24251, -2.55446, -2.36264, -1.85888, -2.26926, -2.3948, -1.93994, -1.90162, -1.92104
0.02, 0.0319375, -3.01571, -2.79243, -3.16974, -2.52527, -2.44247, -2.38116, -2.08397, -2.21016, -2.04345, -2.35387, -2.56989, -2.15377, -2.50959, -2.5467, -2.59193, -2.21014, -2.1761, -2.42863, -2.46063, -2.16804, -2.25257, -2.215, -2.01308, -2.26695, -2.24872, -2.02881, -2.08539, -2.02711, -2.10042, -1.99283
0.04, 0.0319375, -3.09134, -3.09727, -1.53423, -1.2521, -1.51007, -2.12309, -2.50305, -1.96821, -2.18603, -2.56582, -2.06895, -2.42162, -2.28259, -1.84302, -2.3193, -2.52319, -2.33218, -2.21477, -2.02115, -2.22292, -2.22121, -2.32066, -2.52933, -1.85373, -2.05336, -2.47892, -2.49242, -2.02852, -2.04076, -2.02505
0.06, 0.0319375, -2.23892, -2.00832, -2.57943, -2.38039, -2.7632, -2.99363, -2.43114, -1.58651, -2.15847, -2.56692, -2.52778, -2.65162, -1.89146, -2.14926, -2.13777, -2.6658, -2.36221, -2.2435, -2.14661, -2.35773, -2.45868, -2.0493, -2.19716, -2.20222, -2.3015, -2.17247, -1.91372, -2.24513, -1.99803, -1.66269
0.08, 0.0319375, -2.76531, -2.29028, -2.21157, -2.78792, -2.82172, -2.23891, -2.20026, -2.80219, -1.76242, -2.67934, -2.41168, -2.31637, -1.89882, -2.20694, -2.46728, -2.15412, -2.22434, -3.06148, -2.46085, -2.26532, -2.05455, -2.06285, -2.2757, -2.31237, -1.95495, -2.07679, -2.41737, -1.86144, -1.87709, -1.84868
0.1, 0.0319375, -2.68283, -2.69901, -2.24273, -1.73738, -1.94446, -2.04946, -1.9134, -2.40957, -2.75683, -2.3944, -2.36455, -2.36488, -2.16385, -2.33233, -2.40955, -2.39989, -2.2977, -2.27315, -2.37247, -2.97985, -2.42991, -2.20847, -2.35814, -1.95334, -1.97726, -2.24021, -2.05693, -1.77598, -1.80465, -1.81542
0.12, 0.0319375, -3.14714, -2.98228, -2.74787, -2.27298, -2.40158, -2.1244, -2.29853, -2.4466, -2.20042, -2.47163, -2.39084, -2.15049, -1.86149, -2.38698, -2.54694, -2.36408, -2.00801, -1.98907, -2.17679, -2.27141, -2.58236, -2.57413, -2.30835, -2.17636, -1.98468, -2.0724, -2.23107, -2.19443, -1.59007, -1.75004
0.14, 0.0319375, -3.21349, -2.54615, -2.2043, -2.73151, -2.99517, -2.74469, -2.15868, -2.21725, -3.26575, -3.01668, -2.28259, -2.23073, -2.29235, -1.69043, -2.38672, -2.11316, -2.33675, -2.45589, -2.65685, -2.29291, -2.15527, -2.64158, -2.52883, -2.52759, -2.54123, -2.58922, -2.5703, -2.14, -2.55758, -1.98158
0.16, 0.0319375, -3.26283, -3.03379, -2.5852, -2.0358, -2.21109, -2.61408, -2.86608, -2.30112, -1.72696, -2.40199, -2.67578, -2.34788, -2.17235, -2.58535, -2.74614, -2.56078, -2.97284, -2.73068, -2.50621, -2.23819, -2.51326, -2.83683, -2.46672, -2.46619, -2.25065, -2.3453, -2.64008, -2.27859, -2.39863, -2.2728
0.18, 0.0319375, -2.78471, -3.18045, -2.89228, -2.5627, -2.62281, -2.75329, -2.37875, -2.66911, -2.1233, -2.25282, -2.24279, -2.22598, -2.1848, -2.45919, -2.58384, -2.39617, -2.39946, -2.25322, -2.295, -2.35481, -1.91726, -1.95586, -1.78542, -2.09409, -1.76904, -1.71785, -1.44829, -1.08432, -1.19759, -1.14043
0.2, 0.0319375, 0.422165, 0.463344, 0.704399, 0.825992, 0.565291, 0.743374, 0.410447, 0.918776, 2.12618, 2.4752, 2.5486, 2.59675, 2.51834, 2.42696, 2.17731, 1.83115, 1.60169, 1.64265, 1.31303, 1.13478, 1.26549, 0.66405, 0.0848565, -0.266225, -0.924439, -0.659279, -0.451864, -0.502822, -0.241728, -0.416564
0.22, 0.0319375, -1.61992, -1.38404, -1.23918, -1.25471, -1.72401, -1.81082, -2.32598, -1.06209, -1.00516, -0.394547, -0.28794, -0.126996, -0.556014, -0.0656194, -0.240813, -1.16974, -1.22175, -1.11136, -1.29511, -1.30609, -1.28178, -1.10729, -1.56759, -1.40952, -1.17971, -1.20526, -0.969024, -0.998166, -0.425066, -0.269849
0.24, 0.0319375, -1.63482, -1.10675, -1.01217, -1.14881, -1.03266, -2.09756, -1.26231, -1.32544, -1.03501, -0.709429, -0.589061, -0.522177, -0.415042, -0.797765, -1.19039, -1.92637, -1.87544, -1.84163, -1.16955, -1.40775, -1.57153, -1.57818, -1.2842, -1.58984, -1.53329, -1.71481, -1.54909, -1.34826, -1.4982, -1.49815
0.26, 0.0319375, -0.491143, -0.559215, -0.904921, -1.22653, -0.76, -1.2701, -0.91425, -1.48763, -0.658779, -0.443282, -0.804289, -0.949616, -1.26543, -1.09967, -1.61317, -1.67276, -1.4439, -1.47277, -1.43347, -1.64528, -1.6159, -1.78617, -1.75945, -1.89514, -1.50463, -1.47447, -1.55298, -1.66486, -1.80761, -1.30665
0.28, 0.0319375, -0.382471, 0.0769631, 0.202106, 0.430411, 0.522747, 0.168329, -0.110996, 0.0270331, 0.112312, 0.15808, 0.310962, 0.479202, 0.882526, 1.11538, 0.982691, 0.889731, 0.696437, 0.614146, 0.490005, -0.393774, -0.558357, -0.850594, -0.920006, -0.504676, 0.01901, 0.0759315, -0.0780906, -0.150744, -0.660954, -1.05786
0.3, 0.0319375, -0.624108, -0.535881, -0.285022, -0.376285, 0.0488748, -0.744663, -1.06243, -1.05143, -0.612694, -0.654447, -0.941983, -0.493399, -0.0498192, 0.177414, -0.196599, -0.139937, -0.356613, -0.475892, -0.179388, -0.458493, -0.252602, -1.04349, -1.21609, -1.30588, -1.05271, -1.03047, -1.22451, -1.06647, -1.47688, -1.47317
0.32, 0.0319375, -1.22132, -1.5241, -1.75986, -1.03167, -1.19945, -0.764259, -0.645095, -0.67465, -0.628939, -0.611633, -0.65436, -0.598962, -0.511895, -0.541059, -1.16405, -1.53681, -1.08218, -0.951538, -0.906162, -1.10848, -1.20478, -1.56407, -1.93409, -1.72309, -1.86788, -1.52503, -1.76602, -1.79671, -1.82049, -1.60696
0.34, 0.0319375, -2.26216, -2.1987, -2.26281, -1.99741, -1.56183, -1.92822, -2.50341, -2.20206, -1.62083, -1.49933, -1.45298, -1.27609, -1.26145, -1.58432, -1.98178, -1.88579, -1.58135, -2.10257, -1.97829, -1.84664, -1.78835, -2.04835, -2.35523, -2.31437, -2.22729, -2.1873, -2.38094, -2.20455, -2.25292, -2.15975
0.36, 0.0319375, -2.24039, -2.15103, -1.77704, -1.18253, -0.747912, -1.31915, -1.33899, -1.46736, -1.14232, -1.54625, -1.59287, -1.09346, -1.16792, -1.42308, -1.34951, -1.8182, -1.72722, -1.92842, -1.9815, -1.85409, -2.12779, -2.41736, -1.95205, -2.24412, -2.3502, -2.27586, -2.40169, -2.04935, -2.19732, -2.31623
0.38, 0.0319375, -1.30029, -1.58823, -1.65232, -1.83623, -1.47284, -1.04225, -1.32191, -1.28853, -0.916695, -1.72104, -1.56719, -1.56571, -1.73574, -1.09742, -1.81372, -1.92405, -1.82148, -1.37602, -1.58442, -1.88506, -2.13287, -2.27543, -2.06844, -1.94215, -2.27808, -2.59727, -2.15392, -2.0488, -2.25816, -1.92875
0.4, 0.0319375, -2.39943, -2.35629, -2.42487, -2.24821, -1.57246, -1.90487, -2.21202, -2.01009, -1.40327, -1.29673, -1.2099, -1.30089, -1.57736, -1.3961, -1.45354, -1.80664, -1.57782, -1.94333, -1.92002, -1.81462, -2.03633, -2.36868, -2.15627, -2.1036, -2.40846, -2.56736, -2.50499, -2.63662, -2.41597, -2.31032
0.42, 0.0319375, -2.46354, -1.82511, -2.75897, -2.18811, -1.97882, -1.86054, -1.75367, -1.82724, -1.55174, -1.41696, -1.908, -1.48775, -1.42851, -1.7077, -1.96822, -1.98587, -1.86781, -1.99675, -2.13506, -1.87113, -2.41379, -2.78334, -2.67259, -2.38233, -2.59227, -2.65501, -2.57346, -2.45394, -2.60121, -2.46272
0.44, 0.0319375, -2.76673, -2.32142, -2.21664, -1.76931, -2.26291, -2.07667, -2.03724, -1.64152, -1.61823, -1.10918, -1.27304, -1.39279, -1.16442, -1.59885, -1.72187, -2.00882, -2.01847, -1.9412, -2.1715, -2.2064, -2.10475, -2.5931, -2.46989, -2.44257, -2.61228, -2.33483, -2.54768, -2.3984, -2.4274, -2.26454
0.46, 0.0319375, -2.57688, -2.88351, -2.14473, -1.79244, -1.68883, -1.8656, -2.132, -2.00776, -1.60964, -1.23476, -1.44237, -1.59479, -1.9824, -1.64888, -1.95859, -2.7024, -1.93723, -1.7257, -1.68175, -1.96915, -1.86812, -2.34047, -2.27444, -2.16642, -2.23305, -2.37952, -2.20686, -2.35729, -2.37231, -2.19688
0.48, 0.0319375, -1.44236, -2.15804, -2.06604, -2.43576, -1.67688, -1.46819, -1.8141, -1.82161, -2.01195, -2.08572, -1.47713, -2.00945, -1.35526, -1.72112, -1.99891, -2.43021, -2.76524, -2.28052, -2.48712, -1.99468, -2.04438, -2.30832, -2.65845, -2.36167, -2.6217, -2.46938, -2.34256, -2.31114, -2.26824, -2.14577
0.5, 0.0319375, -2.59242, -1.95497, -2.7351, -2.55007, -1.94932, -2.08874, -2.51379, -2.10699, -1.20767, -1.08326, -1.6306, -1.99038, -2.09427, -1.46168, -1.92659, -2.25598, -2.33747, -1.93889, -2.31141, -2.11525, -2.16997, -2.54706, -2.31627, -2.32595, -1.99425, -2.2176, -2.07811, -1.76132, -1.88384, -1.86993
0.52, 0.0319375, -2.29854, -2.07084, -1.75798, -2.31371, -2.29804, -1.94345, -2.15476, -2.2819, -1.5766, -2.03492, -1.65073, -1.17946, -1.41158, -1.92206, -1.86025, -2.07769, -2.28733, -1.7887, -2.143, -1.95001, -2.45846, -2.69954, -2.60305, -2.43385, -2.57284, -2.47746, -2.39298, -2.16176, -2.03988, -1.89108
0.54, 0.0319375, -2.88188, -2.39657, -1.4658, -1.23884, -1.68583, -1.62907, -2.16122, -2.48212, -1.29113, -1.25195, -1.52665, -1.57123, -2.07378, -2.51999, -2.18664, -2.06911, -2.421, -1.82269, -2.02061, -1.87561, -2.15372, -2.42947, -2.25709, -2.10616, -2.36259, -2.23512, -2.07071, -2.0684, -1.94129, -2.05663
0.56, 0.0319375, -2.42846, -2.33207, -2.38737, -2.2771, -1.82503, -2.35508, -1.95024, -2.12834, -2.34437, -1.54548, -2.34128, -2.1264, -1.88735, -2.0077, -1.64042, -1.43635, -2.45799, -1.9464, -1.56927, -2.04821, -2.24614, -1.73475, -1.17885, -1.82826, -1.47481, -0.936342, -1.25873, -1.30028, -1.92089, -1.64153
0.58, 0.0319375, -2.59043, -2.1437, -2.1539, -1.87047, -1.68613, -2.16128, -2.567, -1.77928, -2.01965, -2.0743, -1.79267, -2.08111, -2.09745, -1.56517, -1.7913, -2.03798, -1.93181, -1.63014, -1.97606, -2.05857, -2.10879, -1.93484, -2.0176, -1.90712, -2.20674, -2.10324, -1.95109, -1.7834, -1.86563, -1.92462
0.6, 0.0319375, -2.42417, -1.88022, -1.52236, -2.07172, -1.80426, -2.03259, -1.1683, -1.29399, -1.66349, -1.33897, -1.34287, -1.92679, -1.93122, -1.77155, -2.2235, -2.45666, -2.6857, -2.50966, -2.48284, -2.69784, -2.39424, -2.63186, -2.63642, -2.42252, -2.43998, -1.95015, -2.43495, -2.4165, -2.16653, -2.12386
0.62, 0.0319375, -3.18878, -2.54213, -3.14691, -2.83961, -2.34015, -2.46363, -2.14859, -2.27549, -1.90963, -1.61074, -1.78713, -1.73471, -1.76344, -2.12693, -2.36644, -2.42173, -2.46716, -2.3236, -2.49381, -2.43816, -2.87366, -2.62177, -2.22316, -2.81585, -2.61162, -2.40871, -2.40033, -2.16756, -2.0689, -1.92756
0.64, 0.0319375, -2.69609, -3.57211, -2.69056, -2.1851, -2.71137, -2.41526, -2.30042, -2.28349, -2.01972, -2.36948, -2.11849, -2.18943, -2.26276, -2.01385, -2.24734, -2.54593, -2.23944, -2.30502, -2.08634, -2.18884, -2.00018, -2.50229, -2.41276, -2.33245, -2.38348, -2.21161, -2.11393, -2.32699, -2.49718, -1.96916
0.66, 0.0319375, -2.77423, -2.15313, -2.10701, -2.41952, -2.42475, -2.91421, -2.61616, -2.56146, -2.21344, -2.03424, -1.97313, -1.73338, -2.07465, -1.9459, -2.29559, -2.17887, -2.28708, -2.40993, -2.45456, -2.40629, -2.6211, -2.25566, -2.15752, -2.38807, -2.30511, -2.2444, -2.15252, -2.08876, -1.95656, -2.0567
0.68, 0.0319375, -2.8611, -2.92481, -3.02447, -2.77453, -2.14717, -2.16699, -2.56756, -1.91594, -1.89801, -2.11864, -2.23913, -2.56418, -2.35192, -2.2125, -2.72581, -2.4408, -2.46034, -2.3942, -2.12409, -2.01791, -2.26667, -2.15416, -2.14104, -2.2767, -1.93912, -2.14211, -1.99809, -1.71038, -1.79035, -1.77965
0.7, 0.0319375, -2.85486, -2.31706, -1.93599, -1.90064, -1.62494, -2.702, -3.10474, -2.26479, -1.71277, -1.94703, -2.11143, -3.10724, -2.33203, -2.2351, -1.88263, -2.31258, -2.7373, -2.46166, -2.42473, -2.16894, -2.29597, -2.18822, -2.28312, -2.67195, -2.12694, -2.36127, -2.43251, -2.13937, -1.91419, -2.09148
0.72, 0.0319375, -2.84126, -2.84452, -2.19342, -2.0689, -1.74117, -1.85806, -1.95863, -1.60825, -1.51592, -1.62896, -2.21161, -1.88169, -1.52284, -1.70704, -1.59352, -2.31925, -2.64, -2.19946, -2.47984, -2.61311, -2.35258, -2.22723, -1.87597, -2.03082, -2.22807, -2.18917, -1.89665, -1.8766, -2.00072, -1.7047
0.74, 0.0319375, -2.8615, -2.93523, -2.62889, -2.88945, -2.41497, -2.11088, -1.94761, -2.46876, -1.67596, -1.8492, -1.57915, -2.11242, -2.55597, -3.061, -2.43694, -1.99927, -2.23697, -2.74069, -2.62048, -2.5586, -2.4422, -2.19161, -2.32746, -2.25531, -2.18585, -2.1739, -2.15546, -2.01658, -1.98051, -2.03747
0.76, 0.0319375, -0.814252, -0.478428, -0.815722, -1.02901, 0.199039, 0.63724, 0.605787, 0.430001, 0.422338, 0.739796, 0.992719, 1.20365, 1.17906, 0.988779, 0.653321, 0.488713, 0.137535, -0.269932, -0.171503, 0.0734606, 0.22746, -0.0943317, -0.578476, -0.463736, -0.619718, -1.03217, -1.36938, -1.67096, -1.02816, -0.84331
0.78, 0.0319375, 0.450134, -0.528099, 0.256171, 0.94554, 0.959772, 0.942929, 0.792748, -0.161565, 0.0132997, 0.244855, 0.84127, 0.988264, 0.895693, 0.639229, 0.164158, 0.176946, -0.257894, -0.914185, -0.597533, -0.268942, 0.0225459, -0.365576, -0.781592, -0.741943, -0.880065, -1.00348, -1.18738, -1.36092, -0.973919, -0.593965
0.8, 0.0319375, -1.39059, -1.35164, -1.63055, -1.61364, -1.54797, -1.04965, -1.46397, -1.01232, -0.88246, -1.68034, -1.34193, -1.37505, -1.22021, -1.32353, -1.42546, -1.19207, -1.14247, -1.06486, -1.72543, -1.42784, -1.07835, -1.28541, -1.07787, -1.05933, -0.938062, -0.922131, -0.637839, -1.21708, -1.21783, -0.978326
0.82, 0.0319375, -0.687877, -0.670221, -1.06114, -1.04328, -0.572382, -1.23744, -1.80238, -1.14574, -1.43868, -1.31282, -1.44694, -1.79997, -1.56256, -1.75998, -1.91231, -1.95689, -1.94379, -1.82824, -1.4503, -1.29373, -1.6581, -1.6919, -1.62278, -1.49512, -1.314, -1.39517, -1.44651, -1.1744, -1.0476, -1.12458
0.84, 0.0319375, -1.70692, -1.18001, -1.37398, -1.413, -0.834141, -0.56964, -0.356295, -0.229095, -0.190769, -0.480304, -0.74544, -1.27791, -0.699453, -0.849983, -1.36612, -1.64533, -1.50416, -1.59111, -1.50821, -1.73895, -1.58828, -0.996827, -1.00161, -1.34056, -1.61979, -1.57119, -1.20351, -1.03575, -0.96908, -1.14067
0.86, 0.0319375, 0.144241, 0.650788, 0.152428, 0.386078, 0.381624, 0.687771, -0.120035, 0.794822, 0.727027, 0.17032, -0.122519, 0.111834, 1.10344, 1.18072, 0.611067, 0.666738, 1.21804, 0.797583, -0.097914, -0.527503, -0.184365, 0.166584, 0.33676, 0.556714, -0.0214024, -0.077182, -0.083725, -0.570722, -0.604568, -0.542423
0.88, 0.0319375, -1.72953, -1.14923, -1.44068, -0.974902, -0.809917, -1.03853, -0.999205, -1.53161, -1.65054, -1.95126, -1.56715, -1.79219, -1.34384, -1.67393, -2.01129, -1.87405, -1.28071, -1.89153, -1.63888, -1.60156, -1.42215, -1.59084, -1.64648, -1.12085, -1.4318, -1.36513, -1.4973, -1.44614, -1.36441, -1.29503
0.9, 0.0319375, -0.890213, -1.40333, -1.46487, -1.4364, -0.505752, -0.672658, -1.24059, -0.682924, -0.694903, -0.660829, -0.731664, -1.36693, -0.6174, -0.0178581, -0.0137667, -0.0805362, -0.275927, -0.00588458, 0.564755, 0.598532, 0.645504, 0.846241, 0.543439, 0.135424, 0.389403, 0.192291, -0.296344, 0.306423, 0.649384, 1.04432
0.92, 0.0319375, -2.2866, -1.41854, -0.374078, -0.638722, -0.64819, -0.542852, -0.0031372, 0.237712, 0.326038, 0.621208, 0.768091, 0.938649, 0.855982, 0.045427, -0.580882, -0.775854, -1.04426, -0.304419, -0.653514, -0.903111, -1.36224, -0.520863, -0.0897572, 0.233599, 0.0856187, 0.23697, 0.00514457, -0.124618, 0.330306, 0.622202
0.94, 0.0319375, -1.96725, -2.07629, -2.11888, -2.50778, -1.20539, -1.14646, -0.944375, -1.3291, -1.55336, -1.37572, -1.20418, -1.11056, -0.541381, -0.883242, -2.30753, -1.84607, -2.03436, -2.12057, -1.67913, -1.64477, -1.74675, -1.72539, -1.7941, -1.65942, -1.76398, -1.93761, -1.97149, -1.95414, -1.51462, -1.53433
0.96, 0.0319375, -2.45625, -2.3383, -1.98449, -1.93937, -1.11807, -1.36152, -1.74078, -2.14644, -1.83857, -1.63966, -1.65238, -1.55754, -1.91981, -1.823, -1.98598, -2.2293, -2.49271, -2.82302, -2.4276, -2.31462, -2.20223, -2.46667, -2.23695, -2.05765, -2.0172, -2.05232, -2.08502, -2.4013, -2.17004, -2.18146
0.98, 0.0319375, -2.72019, -2.42238, -2.47363, -2.25896, -1.51013, -1.62773, -1.69701, -1.45588, -1.44284, -1.8107, -1.76833, -2.0405, -1.95308, -1.80466, -1.8457, -1.84563, -1.92926, -1.90779, -1.8533, -1.89721, -2.25586, -2.1674, -2.13529, -2.28104, -1.83709, -1.72847, -1.78071, -1.8548, -1.99909, -1.8138
1, 0.0319375, -2.3046, -1.57783, -2.5137, -1.78601, -1.77995, -1.96169, -1.79936, -2.17991, -2.90731, -2.01617, -2.15186, -2.06999, -1.51617, -1.79979, -2.30893, -1.96566, -2.47891, -2.25219, -2.11884, -1.88687, -2.1073, -1.89078, -2.08569, -2.36332, -2.15372, -2.07866, -2.27201, -2.36077, -2.24387, -2.23671
1.02, 0.0319375, -2.12688, -1.58979, -1.7027, -2.20803, -1.52287, -0.914097, -1.30228, -1.91195, -1.68988, -2.10315, -1.90299, -1.8068, -1.60776, -2.27294, -2.30168, -2.46913, -1.82162, -2.28537, -1.96342, -1.89198, -1.99059, -2.31918, -1.92724, -1.84752, -2.26881, -2.1325, -2.07431, -2.19879, -2.13645, -2.01675
1.04, 0.0319375, -3.01272, -2.28821, -2.40628, -2.37891, -1.43691, -1.10606, -1.87019, -1.73286, -1.56017, -2.53017, -2.26698, -1.92579, -1.4802, -2.19825, -2.24405, -2.22022, -2.19042, -2.34396, -3.06583, -2.61429, -1.58802, -2.04958, -2.22987, -2.13016, -2.23769, -2.25012, -2.4612, -2.149, -2.24982, -2.17265
1.06, 0.0319376, -2.33328, -2.64562, -2.32763, -2.76924, -2.32461, -2.44602, -2.65673, -1.69954, -1.62163, -2.2398, -2.40767, -1.4964, -1.5665, -2.01218, -2.34956, -2.08783, -2.02335, -2.51857, -1.7838, -1.95062, -1.95494, -2.00905, -2.20627, -2.35096, -2.68218, -2.28361, -2.24999, -2.05889, -2.18542, -2.4016
1.08, 0.0319375, -2.05377, -1.6935, -2.00663, -2.12125, -1.86396, -2.35398, -1.84586, -1.33075, -1.60369, -1.80616, -2.30557, -1.40429, -1.00293, -1.14785, -1.57431, -1.27453, -1.10586, -1.09243, -1.55677, -1.45577, -1.3458, -1.67857, -2.12805, -2.23686, -2.00389, -1.23444, -1.59812, -1.6534, -1.77223, -1.55939
1.1, 0.0319375, -2.42356, -2.13584, -2.331, -2.66756, -2.4357, -2.55587, -2.30819, -2.13413, -1.80935, -1.67969, -1.78326, -1.67733, -2.06443, -1.90313, -2.18868, -1.69488, -1.40168, -1.51491, -1.26875, -1.88731, -1.94522, -2.17497, -2.66908, -2.17662, -1.75043, -2.25857, -2.1379, -2.20222, -2.12706, -1.95562
1.12, 0.0319375, -3.58668, -2.28071, -2.09026, -2.15497, -1.50121, -1.0746, -1.29764, -1.99377, -1.69258, -2.15314, -2.0173, -1.62391, -1.58966, -1.87147, -1.77162, -2.48793, -2.05301, -2.66096, -1.99676, -2.13025, -2.55531, -2.2903, -1.79764, -2.20642, -2.12933, -2.21188, -2.05131, -2.3631, -2.18489, -1.92293
1.14, 0.0319375, -1.98535, -2.06253, -2.04724, -2.61501, -2.62131, -2.6783, -2.10756, -2.28252, -2.18401, -2.22685, -2.71235, -2.31926, -2.12639, -2.12297, -2.27768, -2.5246, -2.5027, -2.66643, -2.7455, -2.53742, -2.27786, -2.52402, -2.39772, -2.3016, -2.20135, -2.32752, -2.18655, -2.2565, -2.07999, -2.47366
1.16, 0.0319375, -2.42625, -2.62931, -2.28129, -2.34552, -1.62533, -1.61706, -1.97177, -2.09581, -2.10061, -2.59254, -2.70446, -2.18897, -1.99647, -1.95982, -2.31941, -2.65197, -2.82183, -2.56709, -2.63959, -2.57969, -2.57031, -2.49702, -2.536, -2.43151, -1.99744, -2.00695, -2.17964, -2.22366, -2.15505, -2.14891
1.18, 0.0319376, -2.34913, -2.36706, -2.28641, -2.15236, -1.86255, -1.58624, -2.11576, -2.80642, -2.05893, -2.12702, -2.61029, -2.67567, -1.99556, -2.40845, -2.24154, -2.73213, -2.62275, -2.695, -2.87603, -2.42243, -2.35865, -2.3021, -2.26919, -2.20374, -2.1898, -2.20322, -2.29975, -1.97562, -1.95018, -2.23231
1.2, 0.0319375, -3.06461, -2.44061, -3.17834, -2.88558, -2.24888, -2.00348, -2.21657, -2.28923, -2.96967, -2.56866, -2.60406, -2.27322, -2.67539, -2.2634, -2.34244, -2.36966, -2.32587, -2.49683, -2.55991, -2.46855, -2.0688, -2.39775, -2.29233, -2.2539, -2.49384, -2.28825, -2.02585, -2.05413, -1.91864, -1.99752
1.22, 0.0319375, -2.51166, -2.0645, -2.78031, -2.92634, -1.46513, -2.13789, -2.35221, -1.82474, -2.19218, -2.39425, -2.43929, -1.99156, -1.74849, -2.06, -2.67039, -2.67005, -2.39572, -2.67835, -2.23248, -2.50665, -2.40766, -2.4079, -2.51843, -2.14651, -1.99721, -1.55725, -1.83402, -1.88237, -1.86147, -1.75872
1.24, 0.0319375, -3.97611, -3.49743, -2.93881, -2.81107, -2.69373, -2.40639, -2.16674, -1.99401, -2.47817, -3.03204, -2.33624, -2.45949, -2.31197, -2.23881, -2.24601, -2.46371, -2.67131, -2.51762, -2.39252, -2.75614, -2.46354, -2.6497, -2.31263, -2.01559, -2.01004, -2.33035, -2.43705, -2.09812, -1.94133, -2.00393
1.26, 0.0319375, -3.2129, -2.83559, -2.06039, -1.68068, -2.05607, -2.48284, -1.9407, -2.14997, -2.10764, -2.46939, -2.57937, -2.91361, -2.36622, -2.60025, -2.84736, -2.47897, -2.71567, -2.70417, -2.65998, -2.58874, -2.72967, -2.48631, -2.28734, -2.61293, -2.52975, -2.40347, -2.27441, -2.4572, -2.03639, -2.01141
1.28, 0.0319375, -3.37651, -2.99682, -2.77289, -2.67373, -2.84463, -2.16766, -2.3603, -2.14169, -2.00124, -2.02926, -2.76303, -2.26305, -2.29931, -2.68259, -2.23676, -2.5863, -2.55809, -2.31072, -2.44905, -2.2673, -2.75542, -2.26325, -2.27233, -2.526, -2.49743, -2.48872, -2.10894, -2.25141, -2.23292, -1.97498
1.3, 0.0319376, -2.11776, -2.62179, -2.78816, -2.72494, -1.49769, -2.88612, -2.80436, -2.86135, -2.52806, -2.71315, -2.55745, -2.16935, -1.93532, -2.14872, -2.36319, -2.48338, -2.94804, -3.34359, -2.94407, -2.98478, -2.98391, -2.78245, -2.64125, -2.479, -2.38737, -2.17109, -2.13073, -2.22033, -2.25804, -2.39516
1.32, 0.0319375, 1.01425, 0.863655, 1.21339, 1.45615, 1.22267, 0.107417, -0.175858, 0.630728, 1.53214, 2.08669, 2.39813, 2.71819, 2.59694, 2.34719, 2.08858, 1.9461, 1.82404, 1.83265, 1.69852, 1.20071, 0.605026, -0.0813229, -0.444385, -0.500499, -0.749726, -0.868575, -0.638609, -0.676247, -0.595801, -0.974139
1.34, 0.0319375, 1.08758, 1.36678, 1.47749, 1.68862, 2.00111, 1.86936, 1.62468, 1.20349, 1.40665, 1.40643, 0.67061, 0.60199, 0.312137, -0.378952, -0.1906, -0.20827, -0.0319645, -0.279989, 0.392746, 0.229925, -0.0426081, -0.557769, -1.00682, -1.3135, -1.07356, -1.04913, -1.52985, -1.27363, -1.38935, -1.34314
1.36, 0.0319375, 0.176082, -0.412758, -0.728213, 0.0186162, 0.216199, 0.0399933, -0.377587, -0.1812, -0.114036, 0.361431, 0.472334, 0.655416, 0.474398, 0.218234, 0.0457056, -0.101246, -0.635271, -0.839843, -0.949468, -0.971496, -0.911878, -1.16281, -0.710252, -1.03177, -1.10774, -1.43268, -1.22841, -0.951244, -0.921004, -1.15213
1.38, 0.0319375, 0.329797, 0.716679, 0.600418, 0.595045, 0.662173, -0.0101707, 0.101198, 0.394712, 0.495647, 1.09039, 1.27106, 1.47522, 1.36158, 1.22315, 0.868707, 0.835053, 0.66285, 0.0972758, -0.249766, -1.02357, -0.648613, -0.696744, -0.863623, -0.658027, -0.37588, -0.549047, -0.641637, -0.701901, -0.990214, -0.869848
1.4, 0.0319375, -0.869015, -1.7058, -1.5172, -1.0319, -1.26744, -0.903269, -0.745032, -0.874354, -0.586577, -0.348298, -0.800283, -0.905395, -0.82056, -1.02359, -0.673975, -1.15307, -0.829753, -1.1965, -0.95732, -1.10244, -0.96094, -1.27901, -1.30447, -1.01182, -0.736735, -0.423442, -0.202324, -0.156605, -0.577374, -0.937587
1.42, 0.0319376, -1.11706, -1.53353, -1.02749, -0.70803, -0.442501, -0.176742, -0.0789557, -0.116001, -0.29622, -0.396593, -0.230468, -0.718255, -1.3638, -1.02295, -1.05697, -1.17114, -1.10099, -0.831223, -0.685951, -1.48245, -1.14227, -1.11752, -1.22311, -1.30479, -1.4967, -1.33158, -1.3531, -1.39569, -1.01059, -1.16156
1.44, 0.0319375, -2.00121, -1.60535, -1.22149, -1.4972, -1.74113, -1.2747, -0.829513, -1.66974, -1.62149, -0.807401, -1.23964, -1.42385, -1.52728, -1.18687, -1.92897, -1.80455, -1.12981, -1.56202, -1.93719, -1.74865, -1.76299, -1.74426, -1.62228, -1.5446, -1.42548, -1.64708, -1.29333, -1.20625, -1.07792, -1.25549
1.46, 0.0319375, -1.55646, -1.62656, -2.16739, -1.87887, -1.05579, -0.919156, -0.609048, -0.75907, -0.69545, -0.926122, -1.35339, -1.21877, -1.24742, -1.29629, -1.8358, -1.77514, -1.80451, -1.55684, -2.02712, -1.74748, -2.17124, -2.22276, -2.12908, -2.41816, -2.28673, -1.95, -2.28475, -1.95862, -1.87699, -1.92651
1.48, 0.0319375, -1.8434, -1.31105, -1.57816, -1.32475, -1.49623, -0.715766, -1.11784, -0.813995, -0.999054, -1.31064, -1.02526, -1.05286, -1.22374, -1.41439, -1.68679, -1.93957, -2.05703, -1.7507, -1.43974, -1.89491, -1.80404, -2.21681, -2.23963, -2.11352, -2.04884, -2.00973, -2.18421, -2.08996, -2.25576, -2.01737
1.5, 0.0319375, -2.34693, -2.53539, -2.26751, -1.17827, -1.54953, -1.20504, -1.8692, -1.58396, -0.957072, -1.53757, -1.49757, -0.944508, -0.852259, -1.15654, -1.63198, -1.5082, -1.56428, -1.72576, -2.0038, -2.11112, -2.21438, -2.67646, -2.29097, -2.37518, -2.35663, -2.12566, -2.22779, -2.34193, -2.13454, -2.0474
1.52, 0.0319375, -1.9075, -1.98051, -2.06271, -1.00015, -1.23512, -1.62849, -1.64802, -1.32418, -1.05974, -1.15076, -1.14486, -1.701, -1.43009, -1.59468, -1.43466, -1.72473, -1.51314, -1.52758, -1.89658, -2.10201, -2.23613, -2.53681, -2.79367, -2.35089, -2.44862, -2.52792, -2.32226, -2.27713, -2.29013, -2.15817
1.54, 0.0319375, -2.07933, -1.93679, -1.81268, -1.64981, -2.05559, -1.78603, -1.82286, -1.94934, -1.86787, -1.62867, -1.4875, -1.35572, -1.58515, -1.66, -1.87625, -1.97176, -1.80469, -1.55076, -1.87609, -2.15025, -2.84359, -2.49658, -2.37676, -2.86361, -2.76954, -2.64889, -2.35182, -2.73686, -2.39033, -2.31215
1.56, 0.0319376, -1.56829, -2.09555, -1.70897, -1.90616, -1.43172, -2.05947, -2.32301, -1.13229, -1.36308, -1.40161, -1.39825, -1.4745, -0.772812, -1.14267, -1.75068, -1.53419, -1.46919, -1.82528, -2.3924, -1.87206, -2.01439, -2.09592, -2.00978, -2.26781, -2.39502, -2.80107, -2.53988, -1.98463, -2.13844, -2.04757
1.58, 0.0319375, -0.840179, -0.288785, -0.0355194, 0.0110793, 0.141081, -0.257669, -0.595493, -0.911423, -1.25278, -1.15647, -1.31423, -1.21695, -1.3829, -1.23639, -1.40228, -1.7749, -1.29567, -1.87005, -1.65295, -1.97924, -1.92004, -1.6823, -1.98848, -1.8443, -1.83489, -1.84464, -1.95626, -1.96315, -1.95236, -1.86859
1.6, 0.0319375, -0.87238, -0.600435, -0.554932, -0.279449, -0.012445, -0.790333, -0.646738, -1.00911, -1.80873, -1.38883, -1.68333, -2.06195, -1.56961, -1.46512, -2.23971, -1.44792, -1.78347, -1.90395, -2.26649, -2.43456, -2.17946, -2.15321, -1.88463, -1.69537, -1.74521, -1.96784, -1.95567, -1.67503, -1.92216, -1.78423
1.62, 0.0319375, -1.43795, -1.65209, -1.62312, -1.61926, -1.02564, -1.55225, -2.51917, -1.58271, -1.32455, -2.14707, -1.53247, -1.24019, -1.40577, -1.38509, -1.78804, -1.79501, -2.10439, -2.39267, -2.43106, -1.90097, -2.11378, -2.20207, -1.81809, -2.15891, -2.2873, -2.18451, -1.98794, -2.10851, -1.84353, -1.41828
1.64, 0.0319375, -2.08306, -1.4916, -1.62922, -2.09509, -1.79936, -2.08284, -2.071, -1.83754, -1.69045, -1.44743, -1.87978, -1.69311, -1.93879, -1.68012, -1.92323, -1.91665, -2.0506, -1.99525, -1.797, -1.77607, -1.94495, -1.86664, -2.00711, -1.92473, -2.11806, -2.09596, -1.75216, -1.7688, -2.06222, -1.83329
1.66, 0.0319375, -2.37582, -2.00263, -1.52408, -1.97844, -1.97609, -1.77939, -1.38743, -1.79804, -1.94342, -1.82422, -2.01255, -2.48675, -1.50882, -1.59056, -2.36755, -1.87283, -2.26291, -1.97488, -1.95673, -2.04235, -1.78588, -2.18944, -2.53018, -2.42968, -2.05553, -2.38792, -1.92189, -2.04234, -2.32902, -1.96981
1.68, 0.0319376, -2.01782, -2.38785, -1.91716, -2.60583, -2.5737, -1.73619, -1.81282, -1.79384, -1.70659, -1.75592, -1.7803, -1.89407, -1.64047, -2.23365, -2.32034, -2.40327, -2.16114, -1.92096, -2.11087, -2.01698, -2.56176, -2.9025, -2.47127, -2.51764, -2.34865, -2.06291, -1.78591, -1.90387, -2.05392, -2.02317
1.7, 0.0319375, -3.64191, -1.79797, -1.88058, -2.59003, -1.67079, -2.00447, -1.99187, -2.35725, -2.16994, -1.80165, -1.57969, -1.72226, -1.84342, -2.13518, -1.95233, -2.2018, -2.29899, -2.14895, -2.07999, -2.04918, -2.60231, -2.76684, -2.5695, -2.7388, -2.38746, -2.10943, -2.29981, -2.29029, -2.29464, -2.10776
1.72, 0.0319375, -2.19312, -1.98076, -1.82255, -2.61405, -2.36202, -1.47851, -2.00065, -1.54561, -1.30325, -1.89176, -1.40038, -0.996437, -1.81319, -2.25946, -2.42777, -2.13674, -2.44622, -1.86154, -2.14134, -2.50237, -2.71568, -2.75758, -2.64102, -2.53212, -2.57787, -2.20548, -2.32272, -2.31105, -2.44182, -1.99035
1.74, 0.0319375, -2.13045, -2.92861, -2.26376, -2.42412, -2.53792, -2.32577, -2.4132, -2.19564, -2.03549, -1.61606, -2.14229, -2.81626, -2.18745, -2.23791, -2.64086, -2.55928, -2.23854, -2.1776, -1.96951, -2.66235, -2.82101, -2.80524, -2.6617, -2.41494, -2.44653, -2.54072, -2.26828, -2.57666, -2.6051, -2.23064
1.76, 0.0319375, -2.55808, -2.1393, -1.88591, -2.23001, -1.89139, -2.34965, -2.64319, -2.8165, -1.937, -2.21363, -1.7082, -2.05793, -1.97016, -1.63761, -1.78979, -1.92715, -2.06188, -2.2863, -2.15326, -2.23601, -2.63238, -2.7916, -2.36523, -2.34394, -2.1448, -2.25245, -2.20709, -1.99555, -2.03414, -2.0029
1.78, 0.0319375, 0.0279523, 0.479663, 0.673054, 0.205162, 0.585644, 1.08519, 1.066, 0.953521, 1.16458, 1.30226, 1.46954, 1.5008, 1.49598, 1.37248, 0.810404, 0.134597, 0.666982, 0.840077, 1.0338, 1.08532, 0.87236, 1.45297, 1.46229, 1.34559, 0.903621, 0.522553, 0.815595, 0.865456, 0.717482, 0.698743
1.8, 0.0319376, -1.61148, -0.79538, -0.599163, -0.828995, -1.01391, -0.613287, -0.712796, -0.783671, -0.78101, -0.456964, -0.201855, -0.28376, -0.441475, -0.44488, 0.00855235, 0.0307121, 0.347315, 0.447814, 0.482441, 0.423464, 0.309588, 0.617397, 0.76259, 0.0316152, -0.121582, -0.460381, -0.669453, -0.165028, -0.0168886, 0.32393
1.82, 0.0319375, -2.49905, -1.96744, -1.96505, -1.63281, -1.30749, -1.91169, -2.48874, -2.50788, -2.03215, -1.47131, -1.80674, -1.68423, -1.99043, -1.57387, -1.84509, -2.45487, -2.41585, -2.44445, -2.17665, -2.49192, -1.87272, -2.0539, -2.00497, -2.24051, -2.2846, -2.32689, -2.21122, -2.47846, -2.31029, -2.15857
1.84, 0.0319375, 0.528033, -0.573313, 0.41422, 0.573569, 0.647007, 0.752765, 0.714245, 0.411079, 0.0593645, 0.554618, 0.582031, 1.08095, 0.72513, 0.275094, 0.299914, -0.176639, 0.0347842, 0.27372, 0.0548682, 0.263212, 0.427677, 0.199384, 0.235195, -0.0759245, -0.594006, -0.519915, -0.597259, -0.247898, 0.552261, 0.463226
1.86, 0.0319375, -0.634259, -0.922677, -0.382403, -0.521735, -0.363704, -0.568297, -0.62879, -0.916543, -0.754858, -0.747481, -0.664661, -0.376787, -0.227255, -0.712934, -0.546885, -0.640678, -1.20292, -0.808228, -0.615005, -0.654431, -0.4825, -0.447321, -0.339968, -0.670731, -0.908541, -1.2263, -0.941756, -0.850718, -0.407673, -0.340432
1.88, 0.0319375, -1.22924, -1.63549, -1.62129, -1.35366, -1.29987, -1.61972, -1.66105, -1.21068, -1.555, -1.49807, -1.33418, -0.871694, -1.01795, -0.978064, -1.49284, -1.44595, -1.50863, -1.15619, -1.28697, -0.936684, -1.09844, -1.24484, -1.26365, -1.16547, -1.36647, -1.32041, -1.00511, -1.3901, -0.96559, -0.545729
1.9, 0.0319375, -0.746321, -0.882926, -0.64345, -1.0791, -0.92093, -0.457875, -0.492777, -0.405346, -0.342628, -0.300404, -0.258472, -0.107393, -0.171035, -0.585983, -0.795186, -0.932359, -0.999672, -0.507798, -0.359159, -0.24812, -0.388977, -0.117434, -0.0607938, -0.590462, -0.527029, -0.354915, -0.578358, -0.608657, -0.414323, -0.287302
1.92, 0.0319376, 0.16042, 0.0825902, 0.129337, 0.00121829, -0.00887999, 0.492477, 0.773056, 0.0442931, 0.374739, 0.400488, 0.441281, 0.709458, 0.73838, 0.52774, -0.310435, -0.434711, -0.0430093, 0.12627, 0.3367, 0.516693, 0.287041, 0.0730544, -0.155948, -0.226009, 0.112326, 0.224496, 0.0636663, -0.455527, -0.239633, -0.126995
1.94, 0.0319375, -1.92571, -1.08274, -0.7666, -0.920346, -1.04367, -1.60814, -1.21699, -1.63229, -1.34021, -1.50468, -1.15409, -1.06984, -1.13699, -1.32659, -1.5889, -1.62501, -1.68673, -1.63952, -1.22933, -0.996649, -1.67713, -1.39161, -1.14307, -1.33725, -1.38986, -1.6148, -1.36986, -1.13918, -1.30151, -1.54167
1.96, 0.0319375, -1.85058, -1.63465, -1.2171, -1.23868, -0.988273, -1.01917, -1.11219, -1.08344, -1.2818, -1.53246, -1.17202, -0.666486, -0.545434, -0.0674844, -0.0202501, -0.256616, -0.274073, 0.138779, 0.431455, 0.511633, 0.587913, 0.460656, 0.146095, -0.292872, -0.185133, -0.27822, -0.392764, -0.439182, 0.112897, 0.186308
1.98, 0.0319376, -2.10018, -0.994146, -0.344365, -0.327129, -0.513273, -0.458304, -1.17687, -1.33109, -1.16071, -1.36263, -1.17873, -1.29189, -1.54977, -1.49002, -1.54988, -1.7743, -1.6124, -1.64419, -1.55811, -1.03963, -1.18281, -1.35682, -0.834099, -1.14275, -1.09129, -1.10078, -1.02149, -0.929394, -0.918551, -0.72181
2, 0.0319376, -2.03729, -1.86104, -2.6482, -2.11508, -1.86953, -1.74789, -1.95091, -1.81022, -1.88791, -1.45117, -1.23804, -1.41554, -1.20969, -1.4151, -1.37458, -1.38007, -1.15784, -0.97561, -1.00119, -1.17066, -1.01158, -1.25472, -1.45018, -1.51778, -1.22939, -1.27226, -1.34468, -1.14444, -1.14568, -1.12107
2.02, 0.0319376, -1.98321, -1.65706, -1.82737, -1.51156, -1.21913, -1.24007, -1.48248, -1.06039, -1.21707, -1.23653, -1.35351, -1.25414, -1.24193, -1.44586, -1.4377, -1.26065, -1.16398, -0.793741, -1.06501, -1.13233, -1.00312, -1.21909, -1.36886, -1.50383, -1.21178, -1.33097, -1.53273, -1.38418, -1.14354, -1.1663
2.04, 0.0319376, -2.73086, -2.146, -1.99315, -1.65845, -1.79113, -1.66897, -1.55898, -1.71685, -1.83081, -1.80367, -2.26871, -1.95698, -2.20936, -2.05172, -1.95829, -1.71583, -1.63511, -2.28912, -2.39926, -2.22778, -2.44839, -2.13853, -1.75332, -1.93826, -2.04846, -1.83708, -1.83763, -1.87424, -2.10745, -2.01847
2.06, 0.0319376, -1.93736, -2.14703, -1.6229, -1.78429, -1.83829, -1.56084, -1.77799, -1.91431, -2.06846, -1.99788, -2.11474, -2.31084, -2.12389, -1.90702, -2.21157, -2.39407, -2.13533, -2.109, -1.89703, -2.06912, -1.84399, -2.07213, -2.10748, -1.96741, -1.91749, -1.95207, -1.863, -1.74837, -1.92089, -1.75665
2.08, 0.0319376, -1.5863, -2.22219, -2.271, -2.21534, -2.57404, -1.87658, -1.69612, -1.75698, -1.53959, -1.76173, -1.64513, -1.68447, -2.05569, -1.71777, -1.7591, -1.98806, -1.7003, -1.65228, -1.75105, -1.69943, -1.25543, -1.6299, -1.61259, -1.54745, -1.24134, -1.44089, -1.62065, -1.68086, -1.72317, -1.58312
2.1, 0.0319376, -2.86556, -2.45488, -1.93432, -1.64694, -1.80099, -1.50196, -1.61015, -1.33666, -1.43222, -1.88768, -1.73955, -1.57114, -1.60084, -1.63539, -1.64349, -1.91192, -1.75972, -1.46532, -1.37378, -1.55353, -1.5407, -1.66, -2.04278, -1.65823, -1.93241, -1.87181, -1.85042, -2.06345, -2.05885, -1.79662
2.12, 0.0319376, -2.2039, -1.82964, -1.5554, -2.05722, -2.06936, -2.21254, -1.98057, -1.78553, -1.55981, -2.00923, -1.74105, -1.91363, -1.6036, -1.66941, -2.08119, -1.41834, -1.52579, -2.03212, -1.69612, -1.76568, -1.6359, -1.72136, -1.66555, -1.20901, -1.38189, -1.66799, -1.95693, -1.73985, -1.72682, -1.59355
2.14, 0.0319374, -2.74661, -2.58402, -1.97133, -1.71755, -1.82202, -2.16628, -2.34257, -1.63395, -1.71439, -1.92417, -2.12614, -2.43333, -2.60514, -2.42027, -2.44974, -2.66246, -2.66496, -2.64843, -2.47233, -2.26315, -2.45942, -2.5868, -2.666, -2.36104, -2.31962, -2.42761, -2.36238, -2.02926, -2.08438, -2.0138
2.16, 0.0319374, -1.89409, -1.94667, -1.85125, -1.63895, -2.19496, -1.70244, -2.17166, -2.09579, -2.0014, -1.92748, -2.48498, -2.40703, -2.59248, -2.38916, -2.19725, -1.93074, -1.8111, -2.26717, -2.72232, -2.78515, -2.45012, -2.42806, -2.42919, -2.64706, -2.3117, -2.40979, -2.17293, -2.21572, -2.08839, -2.17012
2.18, 0.0319374, -2.54759, -2.76958, -1.99076, -1.68624, -2.22063, -1.58746, -2.37017, -2.06096, -2.11577, -2.32405, -2.71575, -2.11077, -2.52686, -2.21957, -2.50955, -2.61708, -2.26635, -1.94385, -2.26803, -2.24992, -2.18461, -2.32012, -2.25868, -2.3683, -2.47994, -2.17783, -2.08254, -1.84962, -1.8138, -1.60943
2.2, 0.0319374, -2.96621, -3.21432, -2.59078, -2.17688, -1.74156, -2.02483, -2.39567, -2.05285, -2.15753, -2.23885, -1.80752, -2.14854, -2.45849, -2.23658, -2.32597, -2.52709, -2.7404, -2.37948, -2.50754, -2.49649, -2.42527, -2.29839, -2.29543, -2.58912, -2.278, -1.9838, -1.88523, -1.72069, -2.04878, -1.9228
2.22, 0.0319374, -2.41684, -2.21661, -2.82641, -2.01676, -2.21209, -2.08132, -2.07983, -2.65605, -2.11896, -2.17221, -2.60914, -2.2747, -2.2601, -2.48792, -2.43098, -2.6781, -2.33609, -2.13423, -2.3172, -2.20567, -2.50192, -2.57083, -2.15748, -2.33855, -2.36777, -2.32914, -2.11449, -2.28898, -1.86535, -1.79358
2.24, 0.0319376, -1.52705, -0.781965, -0.324863, -0.094816, 0.205497, 0.16628, 0.421717, 0.833741, 0.682864, -0.050178, 0.00218463, -0.0256258, -1.00617, -0.536444, -1.04841, -1.24084, -0.916591, -0.99394, -0.853406, -1.32568, -1.30622, -1.53531, -1.60039, -1.62239, -1.37719, -1.77203, -1.84195, -2.07283, -1.97921, -2.05179
2.26, 0.0319376, -2.67267, -2.27458, -3.02568, -1.80539, -2.17903, -2.27997, -2.19717, -1.86374, -2.44909, -2.44857, -2.099, -2.08778, -2.01105, -2.21913, -2.43043, -2.1341, -2.38765, -2.23334, -2.65465, -2.43442, -2.09085, -1.77997, -1.53583, -1.70857, -1.7103, -1.66503, -1.83089, -1.73716, -1.79748, -1.56749
2.28, 0.0319376, -2.258, -2.80853, -2.34646, -1.61424, -1.99962, -1.82413, -1.60215, -1.83591, -2.18285, -2.01145, -1.70887, -2.65324, -2.44097, -2.25819, -2.0289, -2.01129, -2.11961, -2.03874, -2.03048, -1.93639, -1.62828, -1.56459, -1.71902, -1.97407, -1.77323, -1.39838, -1.2176, -1.65462, -1.45168, -1.25656
2.3, 0.0319376, -2.83287, -2.22735, -2.17623, -2.01778, -2.57578, -2.00844, -2.64669, -2.25953, -2.09355, -2.2398, -2.36794, -2.20378, -2.25338, -2.33439, -2.60023, -2.07939, -2.33236, -2.02507, -1.64161, -2.13014, -1.84428, -1.54598, -1.81188, -2.18997, -1.56895, -1.59484, -1.5816, -1.47189, -1.58831, -1.41748
2.32, 0.0319376, -2.63902, -2.06033, -2.60241, -1.65651, -1.679, -1.99724, -2.26679, -1.97358, -1.90969, -2.04411, -2.52204, -2.09313, -2.21719, -2.60524, -2.28713, -2.57433, -2.33645, -2.39466, -2.1438, -2.34438, -2.35503, -2.27092, -2.33183, -2.27466, -2.17472, -2.10644, -2.02949, -1.75815, -1.70484, -1.5212
2.34, 0.0319376, -2.39033, -2.22322, -2.42201, -2.56402, -2.56222, -2.59024, -2.12168, -1.89736, -1.63392, -2.88954, -2.73586, -2.32161, -2.18993, -2.35278, -2.45852, -2.20257, -1.95474, -2.22389, -2.30387, -2.0502, -2.17105, -2.20855, -1.97803, -2.22515, -2.27537, -2.1332, -2.12334, -1.72265, -1.71926, -1.85955
2.36, 0.0319376, 0.61503, 0.433013, 1.02883, 1.27686, 1.17109, 0.265533, 0.0556755, 1.18769, 1.98004, 2.37857, 2.52233, 2.65824, 2.58442, 2.30587, 2.26585, 2.20905, 2.01699, 2.01674, 1.71918, 0.855684, -0.0169062, 0.419018, 0.175015, -0.563348, -0.607479, -0.21714, -0.148891, -0.527208, -0.430077, -0.453157
2.38, 0.0319374, -1.04061, -1.05381, -1.36007, -0.908211, -0.923213, -1.39868, -0.955177, -0.658877, -0.917591, -0.713628, -0.501087, -0.288989, -0.779122, -1.11513, -0.575708, -0.571617, -0.952269, -1.16363, -0.990917, -1.29118, -1.05729, -0.997842, -1.15963, -1.1162, -1.57689, -1.39413, -1.23927, -1.21539, -0.925117, -0.914898
2.4, 0.0319374, -0.519399, -0.764382, -0.745436, -1.24859, -0.924825, -1.30453, -1.46648, -1.23134, -1.21844, -0.880902, -1.21104, -0.736329, -0.326826, -0.478398, -0.613523, -0.720717, -1.14339, -1.41559, -1.13622, -1.31606, -1.17429, -1.48996, -1.51292, -1.48722, -1.48877, -1.50411, -1.13886, -0.917144, -0.996912, -1.0232
2.42, 0.0319374, 0.797295, 0.958265, 0.70934, 0.56879, 0.537628, -0.420002, -0.941135, -0.226068, -0.160022, 0.180835, -0.12971, -0.964008, -0.447153, -0.0623233, -0.564844, -0.417622, -0.893145, -0.856742, -1.40333, -1.20383, -0.997972, -0.762871, -0.243337, -0.499435, -1.03494, -0.730014, -0.655513, -0.441582, -0.387462, -0.806719
2.44, 0.0319374, 0.0158045, 0.585112, 0.648769, 0.556081, 0.757622, 0.770118, 0.548609, 0.782289, 0.840083, 1.02265, 1.25566, 1.29883, 1.30199, 1.15599, 0.930494, 0.837403, 0.399848, -0.164874, -0.59524, -0.963726, -1.12307, -1.31871, -1.02717, -0.853731, -0.574154, -1.47556, -1.25601, -1.20045, -1.40672, -1.00469
2.46, 0.0319374, -1.12884, -0.343744, -0.864076, -1.01122, -0.414169, -0.48282, -1.04396, -0.606715, -0.412914, -0.582587, -0.848907, -0.41135, -0.34321, -0.951743, -1.3728, -1.47251, -1.45415, -1.01173, -1.11082, -1.1569, -0.981916, -0.921322, -1.07097, -1.41416, -1.14277, -1.02567, -1.37244, -1.13879, -1.10664, -0.962522
2.48, 0.0319376, -1.89567, -1.12071, -0.953556, -1.25644, -1.00096, -1.33417, -1.695, -1.01432, -1.01966, -0.605633, -0.187966, -0.805857, -0.554836, -0.639267, -0.70106, -1.38382, -1.58302, -1.07399, -1.72122, -1.46149, -1.71981, -1.63377, -1.59337, -1.56897, -1.58117, -1.38132, -1.2518, -1.26045, -1.48163, -0.940575
2.5, 0.0319376, -2.25302, -1.31404, -0.829279, -1.34799, -1.71159, -1.14685, -1.29442, -1.38789, -1.43238, -1.28655, -0.930994, -1.36937, -1.22906, -1.02217, -1.3327, -1.59169, -1.53101, -1.53382, -1.63296, -2.05531, -2.3317, -1.75212, -1.8289, -2.00529, -1.74145, -1.94204, -2.01767, -1.98546, -1.6927, -1.95745
2.52, 0.0319376, -1.02524, -1.56071, -0.975955, -1.90828, -1.50005, -1.04812, -1.26547, -1.13687, -1.59467, -1.00492, -1.11351, -1.17612, -0.482476, -1.07195, -1.28017, -1.34382, -1.40746, -1.21599, -1.1626, -1.37796, -1.69112, -1.80764, -1.95504, -2.07376, -1.8057, -1.72749, -1.1223, -0.850152, -0.779725, -0.907662
2.54, 0.0319376, -2.11706, -1.56615, -1.33358, -1.08097, -1.62505, -2.00413, -1.88722, -2.33538, -0.990593, -1.44369, -1.92925, -1.22735, -0.624582, -1.35288, -1.5203, -1.28429, -2.07493, -2.0173, -1.9434, -1.90759, -1.9531, -2.36918, -2.11578, -2.29358, -1.91287, -2.37635, -2.29688, -2.17746, -2.01192, -1.74751
2.56, 0.0319376, -2.11012, -1.06313, -1.74723, -1.30322, -1.75775, -1.34353, -1.79429, -2.43253, -0.965412, -1.39078, -1.26632, -1.32333, -1.33408, -1.52811, -1.64635, -1.46735, -2.05926, -2.02203, -2.1344, -2.2065, -2.38457, -2.41443, -2.56883, -2.48187, -2.54374, -2.31158, -2.29921, -2.29296, -2.09516, -1.98327
2.58, 0.0319376, -1.46017, -2.09782, -1.33232, -0.933902, -1.29644, -2.25712, -1.80645, -1.86869, -1.80766, -1.50787, -0.71224, -1.37782, -1.1208, -1.38096, -1.61295, -1.71902, -1.89202, -1.59669, -1.62029, -1.36154, -1.72695, -1.64241, -1.71523, -2.09054, -1.69847, -2.24727, -2.28922, -1.99445, -2.12882, -1.87682
2.6, 0.0319376, -2.15025, -1.34467, -2.34489, -1.92266, -1.46931, -1.45555, -1.93302, -1.78469, -1.39534, -1.75002, -0.764643, -0.825977, -1.63758, -1.72729, -1.59963, -1.52323, -0.808789, -0.62031, -0.604636, -0.735651, -0.910904, -0.744722, -1.13913, -1.48309, -1.45564, -2.08212, -1.64993, -1.66572, -1.59105, -1.26589
2.62, 0.0319376, -1.87081, -1.69307, -1.62912, -2.04897, -1.45095, -1.48597, -2.03639, -1.16867, -1.02614, -1.00952, -0.846301, -0.693311, -0.453203, -0.323864, -0.787287, -1.03457, -0.841384, -0.992175, -1.44575, -0.452293, -0.346048, -0.781632, -0.687778, -0.559712, -0.4292, -0.646311, -0.649684, -0.590442, -0.380624, -0.30067
2.64, 0.0319374, -1.77711, -1.91735, -1.81546, -1.50265, -1.05202, -2.09529, -2.2964, -1.90955, -0.505176, -1.01926, -0.715923, -0.12164, -0.357926, -1.00304, -0.335823, -0.751213, -1.1089, -1.18566, -1.00172, -0.822962, -0.877509, -0.800956, -1.04212, -0.627746, -1.09195, -1.09621, -0.824867, -0.923956, -0.920528, -1.16466
2.66, 0.0319374, -2.3684, -2.6775, -2.3535, -2.04679, -1.84771, -1.99106, -1.94374, -1.89905, -1.22544, -1.34602, -1.03603, -1.00741, -1.2952, -1.21795, -1.76391, -2.30112, -2.55366, -2.48499, -2.02041, -1.73826, -1.78749, -2.2535, -2.2906, -2.24502, -2.11404, -1.90515, -1.80827, -1.96102, -1.90189, -1.8248
2.68, 0.0319374, -2.01551, -1.31904, -1.88927, -1.87961, -1.27853, -1.37476, -0.444929, -1.1688, -1.15716, -1.32783, -0.785814, -1.078, -1.16633, -1.51201, -1.75652, -1.16643, -1.15988, -0.850272, -1.05391, -1.50556, -1.42236, -1.54289, -1.79307, -1.14358, -0.695136, -0.582113, -0.418328, -0.444732, -0.591329, -0.636081
2.7, 0.0319374, -1.96098, -1.24668, -0.566288, -1.63613, -1.0208, -0.525761, -0.582212, -0.575963, -0.2476, -0.686001, -0.854068, -0.71064, -1.09095, -0.83483, -1.11888, -0.610773, -0.201111, -0.660926, -0.336228, -0.266852, -0.537205, -0.297391, -0.157694, -0.182531, 0.145608, 0.236492, 0.895773, 0.599262, 0.59714, 0.367566
2.72, 0.0319374, -0.992356, -1.17153, -1.01921, -1.67369, -1.37866, -1.00319, -0.62722, -0.393461, -0.552333, 0.0774144, -0.80412, -1.12168, -0.911461, -0.367379, -1.21685, -0.791219, -0.89511, -1.10224, -0.556362, -0.524676, -0.6188, -0.425594, -0.155213, -0.392635, -0.323539, 0.165653, -0.152696, -0.329478, -0.523331, -0.493808
2.74, 0.0319376, -2.22236, -1.45639, -1.247, -1.81238, -1.71438, -1.58555, -1.3014, -1.47783, -1.75423, -2.0274, -1.7437, -1.78713, -1.70647, -1.74914, -1.76687, -2.29935, -2.19756, -2.18499, -2.23046, -2.21459, -2.28436, -2.6127, -2.3818, -2.73557, -2.37656, -2.02784, -2.19646, -2.16698, -2.19431, -2.13981
2.76, 0.0319376, -2.21656, -2.19148, -2.72525, -2.51188, -1.92739, -1.62667, -1.6166, -1.66924, -1.92514, -2.2136, -1.77388, -1.49717, -1.99499, -1.42228, -1.83858, -2.05467, -1.78583, -2.15583, -2.07402, -2.11785, -2.23735, -2.46223, -2.27546, -2.18819, -2.13122, -2.10104, -2.12557, -2.21194, -2.3, -1.97979
2.78, 0.0319376, -1.87182, -2.8642, -2.49743, -2.48858, -2.52395, -1.95597, -1.92484, -2.8489, -1.69922, -1.37797, -2.35668, -2.23898, -1.69649, -1.59812, -1.85205, -2.4111, -2.59616, -2.42336, -2.3709, -2.54427, -2.89471, -2.62418, -2.48621, -2.32496, -2.26088, -2.17197, -2.17444, -2.14139, -1.78502, -2.30709
2.8, 0.0319376, -2.13768, -2.17483, -1.98767, -2.00831, -2.38303, -2.61445, -2.81984, -2.04363, -1.91507, -1.31913, -1.68166, -2.18449, -2.01056, -1.4057, -2.05911, -2.33258, -2.49331, -2.31509, -2.38689, -2.32372, -2.38342, -2.36549, -2.66387, -2.45392, -2.22268, -2.35504, -2.25454, -1.92978, -1.85411, -2.15368
2.82, 0.0319376, -2.93902, -2.18603, -2.29379, -1.78396, -2.1308, -2.11158, -2.01627, -2.11316, -2.13513, -2.06318, -1.89229, -1.96479, -1.66441, -1.91881, -2.10908, -2.4996, -2.51419, -2.09505, -2.26013, -2.92328, -2.37556, -2.47748, -2.43616, -2.74083, -2.16265, -1.80436, -2.12506, -1.94488, -2.08392, -2.24618
2.84, 0.0319376, -2.20883, -2.53101, -2.2351, -2.14412, -2.43275, -2.00912, -1.73267, -2.4664, -1.95603, -1.7538, -2.01631, -2.1388, -1.95585, -2.32331, -2.01563, -2.16319, -2.72538, -2.28199, -2.35271, -2.24951, -2.31835, -2.65823, -2.60061, -2.31238, -2.21056, -2.04071, -1.74406, -1.85555, -2.16549, -1.73189
2.86, 0.0319376, -2.22185, -1.90455, -1.60471, -1.44344, -1.66713, -2.15697, -2.26632, -1.93797, -1.23025, -1.03951, -1.22507, -1.26779, -1.12613, -1.27581, -1.28413, -1.55541, -1.69624, -2.02493, -1.94609, -1.92914, -1.55043, -1.32224, -1.30023, -1.58635, -1.97121, -1.81986, -1.80342, -1.51529, -1.74609, -1.84605
2.88, 0.0319374, -2.38814, -2.57425, -2.12179, -1.79687, -2.21889, -1.81236, -1.60179, -2.21272, -2.3022, -1.91053, -2.03365, -1.79884, -1.6134, -1.67585, -2.09613, -2.15705, -2.29565, -2.46252, -2.12986, -1.95648, -1.93449, -2.36219, -2.27038, -2.2305, -1.96125, -1.70858, -1.82481, -1.85874, -1.85871, -1.82317
2.9, 0.0319374, -2.54516, -2.45251, -2.59513, -1.91415, -1.73293, -1.7884, -1.76978, -2.19797, -2.16913, -1.72119, -1.45248, -2.03835, -1.89039, -1.76618, -1.78277, -2.10619, -2.94595, -2.76403, -2.41708, -2.25617, -1.9832, -2.12057, -2.29327, -2.13327, -1.96512, -1.85849, -2.34635, -2.01087, -1.85819, -1.78996
2.92, 0.0319374, 0.634707, 0.412806, 0.457004, 0.675031, 1.08859, 1.05182, 0.596365, 0.328736, 0.645827, 1.54714, 1.68384, 1.81528, 1.75857, 1.43716, 0.85368, 0.229316, -0.35534, 0.273208, 0.156927, 0.028058, -0.199204, -0.675176, -1.23328, -1.49381, -1.48549, -1.34857, -0.574542, -0.434439, -0.182627, -0.605799
2.94, 0.0319374, -0.227031, -0.819183, -0.339729, -0.304858, -0.425381, -0.288282, -0.95166, -0.43478, -0.176237, -0.241012, -0.14364, -0.436955, -0.857009, -1.05882, -0.961551, -1.3824, -1.27233, -1.47155, -1.35952, -0.980206, -1.21301, -1.29829, -1.23547, -1.2113, -1.11326, -1.34052, -1.21703, -1.40583, -1.24894, -0.919146
2.96, 0.0319374, -0.393929, -1.05729, -0.627534, -1.49386, -1.41301, -1.44122, -1.26252, -0.804422, -0.798005, -0.909705, -1.06119, -1.2013, -1.26522, -1.09047, -1.47939, -1.3826, -1.41736, -1.29621, -1.21649, -1.49176, -1.63657, -1.33771, -1.11375, -1.41039, -1.02513, -1.18833, -1.13741, -1.04576, -1.25685, -0.810998
2.98, 0.0319376, 1.20533, 1.48871, 1.31271, 0.822898, 0.733897, 0.846679, 0.435672, -0.145075, 0.296722, 0.474312, 0.244203, -0.00366991, -0.283864, 0.523199, 0.444919, -0.164982, -0.804109, -0.927072, -1.16861, -0.812022, -0.811865, -1.11804, -0.92492, -1.00095, -1.2685, -1.15858, -1.3017, -1.03538, -1.11686, -0.482632
3, 0.0319376, 0.914962, 0.73195, 0.742179, 0.427034, 0.921866, 1.03579, 1.20098, 1.3567, 0.973144, 0.551616, -0.264554, 0.59783, 0.809196, 0.965758, 1.21456, 1.3199, 1.16737, 1.15726, 0.760908, -0.234432, -0.383415, -0.296559, 0.424867, 0.875132, 0.765992, 0.118626, -0.777789, -0.634667, -0.256739, -0.24109
3.02, 0.0319376, -0.504325, -0.697381, -1.07359, -0.705283, -0.243357, -0.820326, -0.957113, -1.01705, -1.27917, -1.16615, -0.863695, -0.927649, -0.95034, -0.723576, -1.23467, -1.39937, -1.57168, -1.03037, -0.994599, -0.979667, -1.31852, -1.59359, -1.52118, -1.80231, -1.38257, -1.37908, -1.34182, -1.51734, -1.26989, -1.05966
3.04, 0.0319376, -1.23181, -0.899295, -0.262034, -0.995512, -0.726544, -1.14442, -1.00345, -1.17161, -0.943164, -1.0918, -1.08094, -1.49497, -1.44415, -1.69672, -1.78429, -1.47209, -1.45665, -1.56586, -1.52315, -1.95402, -1.94185, -1.8368, -1.79779, -1.73748, -1.961, -1.87819, -1.6811, -1.56081, -1.69368, -1.24599
3.06, 0.0319376, -1.83452, -1.12275, -1.01932, -0.823525, -0.987702, -1.44452, -0.820555, -0.798128, -1.30284, -1.32109, -1.5982, -1.49836, -0.656269, -0.487508, -0.399189, -0.188485, -0.591172, -0.975074, -1.00056, -1.13304, -1.19107, -0.986332, -1.33462, -0.900722, -0.654306, -0.146136, -0.12317, -0.221255, -0.406691, -0.716669
3.08, 0.0319376, -2.13668, -2.3132, -2.34569, -1.72707, -1.10153, -1.03038, -1.45374, -1.55388, -1.5946, -1.54711, -1.48477, -1.41236, -1.69728, -1.80443, -2.17858, -1.87781, -2.08368, -1.91246, -1.67589, -1.98796, -2.02064, -1.94491, -2.05721, -1.96196, -1.63876, -1.56362, -1.57379, -1.43598, -1.33689, -1.60118
3.1, 0.0319376, -1.81252, -2.01079, -1.75047, -1.4536, -1.15722, -1.03239, -0.859181, -1.04088, -0.910988, -1.2735, -1.30643, -1.27704, -1.33436, -1.63944, -1.26834, -1.52121, -1.97681, -1.8658, -1.40032, -1.39095, -0.858024, -0.385235, -0.469068, -1.27335, -0.652148, -0.354442, 0.0881328, 0.378576, 0.325629, 0.136215
3.12, 0.0319376, -1.27004, -1.27935, -1.87721, -1.56184, -1.1016, -1.73303, -1.73351, -1.63847, -1.71448, -1.38375, -1.50711, -1.63015, -1.90342, -1.85875, -1.94924, -1.74609, -1.65729, -2.14689, -2.25298, -2.39001, -2.20116, -1.96095, -1.9664, -2.26235, -2.01697, -1.95543, -1.96077, -1.74875, -1.6577, -1.63415
3.14, 0.0319374, -0.929298, -1.41996, -2.15224, -1.70007, -1.49338, -2.18978, -2.08613, -1.26902, -1.78632, -1.65528, -1.12485, -1.33749, -1.79299, -2.77985, -2.07185, -2.37958, -2.26809, -1.91409, -1.54942, -2.0754, -2.01337, -2.02308, -2.09008, -1.8156, -2.22519, -2.57492, -2.207, -2.03845, -2.2392, -2.04294
3.16, 0.0319374, -1.90877, -1.98671, -1.69903, -1.30541, -0.715401, -0.892734, -1.70412, -1.02936, -1.23118, -2.11133, -1.4388, -0.837483, -1.00903, -1.79133, -1.8954, -1.67461, -1.68444, -1.73458, -1.92557, -1.95114, -1.76259, -1.49744, -1.52092, -1.56261, -1.53994, -1.64364, -1.52841, -1.4297, -1.38258, -1.56409
3.18, 0.0319374, -1.82431, -1.69872, -1.37094, -1.16641, -1.02039, -0.957638, -2.15073, -1.6782, -1.26872, -0.802806, -0.594171, -1.08313, -1.50367, -1.37533, -1.37853, -1.40033, -1.4418, -0.856136, -0.774633, -0.376232, -0.735683, -0.198211, -0.0615373, -0.0535195, -0.229436, -0.257487, 0.0316168, 0.116593, -0.600116, -0.824921
3.2, 0.0319374, -1.76647, -2.21947, -1.87991, -1.70037, -1.72712, -1.64145, -1.16127, -1.85609, -2.00607, -0.896716, -0.768614, -0.983566, -1.0146, -1.32344, -1.40673, -1.4989, -1.32567, -1.32224, -0.613701, -0.555251, -0.56546, -0.515314, -0.0378358, -0.329283, -0.237691, -0.593199, -0.528357, -0.733851, -1.12409, -1.05799
3.22, 0.0319374, -1.52428, -2.04325, -2.22735, -2.76583, -1.38385, -1.03863, -1.5031, -1.6357, -1.42616, -1.26238, -1.11574, -1.1916, -0.959581, -1.67637, -1.72913, -1.22753, -1.17581, -1.1526, -0.928517, -0.86398, -0.756009, -0.53451, -0.182246, -0.398343, -0.494439, -0.518641, -0.806834, -1.06755, -1.092, -1.24773
3.24, 0.0319376, -2.71296, -2.23115, -1.84101, -1.98502, -1.05597, -1.88506, -1.73681, -1.80185, -2.05486, -1.69833, -1.844, -1.15033, -1.16366, -1.68887, -1.4832, -0.892716, -1.58348, -1.09268, -0.863741, -0.562871, 0.0381004, -0.28842, -1.03409, -0.787191, -1.02076, -1.02996, -0.794864, -1.58831, -1.44481, -1.0693
3.26, 0.0319376, -1.78787, -1.88107, -1.96278, -1.63727, -1.22816, -1.1731, -1.22284, -0.957112, -0.924384, -1.10822, -1.41838, -1.43915, -1.36391, -1.64538, -1.84054, -1.87627, -2.04068, -2.31051, -2.24109, -2.27275, -2.45766, -2.44056, -2.41483, -2.51401, -2.2111, -2.11888, -2.15934, -2.47726, -2.35529, -2.43994
3.28, 0.0319376, -2.51423, -1.26712, -1.18809, -0.534161, -0.265298, -0.630092, -0.607596, -0.459927, -0.226866, -0.562807, -1.30427, -1.08017, -0.636561, -1.29877, -1.32104, -1.33546, -1.83501, -1.78578, -2.04461, -1.93864, -2.02074, -2.02198, -1.95612, -2.0541, -2.18868, -2.22346, -2.3724, -2.22081, -2.39569, -2.03797
3.3, 0.0319376, -1.72432, -1.57262, -1.64534, -1.33041, -1.77737, -1.2817, -1.32479, -1.57577, -1.58048, -2.11055, -1.94083, -1.70854, -1.62789, -2.3955, -2.63173, -2.10156, -2.52691, -2.52246, -2.46178, -1.98435, -2.17856, -2.13018, -2.5202, -2.27525, -2.14803, -1.98722, -2.11318, -2.21958, -2.21716, -2.00258
3.32, 0.0319376, -2.76971, -2.50368, -1.80136, -2.0938, -2.03734, -1.34289, -1.54742, -1.50102, -1.74261, -1.77273, -1.72383, -2.55198, -2.55482, -2.14284, -2.45734, -2.45074, -2.94043, -2.50607, -2.44273, -2.12592, -2.30975, -2.3713, -2.22387, -1.97631, -2.11685, -2.28149, -2.17058, -2.20451, -2.0619, -2.00865
3.34, 0.0319376, -2.25059, -1.9987, -1.42015, -1.79591, -1.57835, -0.848042, -1.67531, -1.7901, -1.7664, -1.89, -2.17906, -2.14584, -2.66327, -2.44809, -2.28533, -2.39398, -2.29657, -2.22102, -2.22127, -2.79746, -2.53753, -2.17501, -2.0484, -1.81416, -1.99275, -1.9059, -1.97729, -1.59684, -1.90066, -2.03069
3.36, 0.0319376, -2.07809, -2.23074, -1.78557, -1.41884, -1.86181, -1.62173, -1.70964, -2.08132, -3.05309, -2.01583, -2.28924, -1.82595, -1.83008, -1.9806, -2.36568, -3.06202, -2.5207, -2.30516, -2.14655, -2.1197, -2.21335, -1.92107, -2.28025, -2.46491, -2.27855, -1.77679, -1.79815, -1.67857, -1.75313, -1.82155
3.38, 0.0319374, -2.20189, -1.96913, -1.88597, -2.50369, -1.94368, -2.57366, -2.40705, -2.40366, -1.96379, -2.06987, -1.9198, -2.00347, -1.82586, -2.10308, -2.22271, -2.62493, -2.8864, -2.04853, -2.25359, -2.22243, -1.94863, -1.88739, -1.61225, -1.75909, -1.80496, -1.73257, -1.55064, -1.57549, -1.29394, -1.28936
3.4, 0.0319374, -1.99025, -2.26522, -2.73412, -2.35082, -1.98739, -2.09586, -2.40447, -1.68744, -1.8474, -2.45831, -3.06308, -2.00074, -2.13791, -2.34235, -2.98476, -2.73357, -2.01477, -2.56564, -2.07043, -1.93017, -2.05658, -2.05548, -2.09092, -1.81796, -1.90221, -1.64576, -1.73816, -1.79224, -1.53336, -1.7494
3.42, 0.0319374, -2.40079, -2.15976, -2.14046, -2.30387, -1.59492, -1.76504, -2.3815, -3.1262, -2.63453, -2.37324, -2.28626, -2.29717, -2.48675, -1.74855, -2.12604, -2.30327, -2.10128, -2.40313, -2.15934, -1.91923, -2.0942, -2.41109, -2.37286, -2.25016, -2.10008, -2.07086, -2.14767, -2.16389, -2.195, -1.84678
3.44, 0.0319374, -2.32835, -2.55909, -2.08644, -2.34888, -1.78252, -1.74743, -1.95577, -2.5867, -2.39768, -1.69338, -2.13446, -2.50583, -2.522, -1.89894, -2.27792, -2.5914, -2.47682, -2.18843, -2.57678, -2.36858, -2.29835, -2.61218, -2.05228, -2.05247, -2.28686, -2.43968, -2.44909, -2.24419, -1.67625, -2.22607
3.46, 0.0319374, -0.216014, -0.0742322, 0.153808, 0.857234, 1.42541, 1.27171, 0.579587, 0.900267, 1.79519, 1.84316, 2.11009, 2.09554, 1.83299, 1.44384, 1.27535, 1.28916, 0.936601, 0.841507, 0.557261, -0.0497942, -0.258113, -0.324489, -0.374352, -1.15654, -0.699956, -0.380262, -0.594522, -1.04427, -0.657236, -0.866476
3.48, 0.0319376, 0.627329, 0.0337624, -0.780066, -0.288669, -0.169709, -0.411133, -1.18704, -1.22753, -0.117149, 0.132354, -0.0380784, -0.118232, -0.533268, -1.25839, -0.93303, -0.885481, -1.23009, -0.834163, -0.886089, -1.06512, -1.21056, -0.969084, -1.21025, -1.09448, -1.20146, -1.36612, -1.21631, -1.3805, -1.06077, -0.895399
3.5, 0.0319376, -0.459765, 0.0793903, -0.115164, -0.970986, -0.183017, -0.404458, -0.340474, -0.469106, -0.645085, -0.663934, -0.384718, -0.59464, -0.729502, -0.833243, -0.806079, -1.39137, -1.8923, -1.60426, -1.1392, -0.995626, -1.44576, -0.673916, -0.958476, -1.32479, -1.30613, -1.34529, -1.17482, -1.09755, -1.14036, -0.908584
3.52, 0.0319376, 0.59935, 0.875581, 0.539573, 0.227844, 0.422735, 0.383315, -0.10623, 0.193668, -0.156492, -0.135028, -0.0681326, -0.0450011, -0.59968, -0.345974, -0.321997, -0.305302, -0.36457, -0.291382, -0.105123, 0.525386, 0.888176, 0.732445, 0.410684, 0.297171, 0.259765, -0.022343, -0.0105694, 0.118746, -0.0124793, 0.237898
3.54, 0.0319376, -0.769029, -0.832496, -1.39504, -0.863591, -0.572362, -1.53657, -1.74576, -1.73432, -0.910738, -0.875749, -0.915537, -0.601886, -0.685999, -0.567511, -0.240254, -0.199169, -0.0674624, -0.149206, -0.0971324, -0.231899, -0.443967, -0.842341, -0.658819, -0.869237, -0.493462, -0.475658, -0.476426, -0.39971, -0.0259344, 0.253355
3.56, 0.0319376, 0.137711, 0.464313, 0.575862, 0.107557, 0.415103, 0.961094, 0.46323, -0.0641942, 0.427997, 0.435092, 0.610019, 0.871634, 0.611051, 0.58109, 0.163958, -0.261509, -0.670921, -0.670035, -0.861777, -1.00317, -0.833095, -0.880707, -0.797341, -0.552977, -0.54556, -0.363558, -0.604015, -1.19126, -0.886973, -0.799989
3.58, 0.0319376, -1.19962, -1.69961, -0.990947, -0.892659, -0.87088, -1.17851, -1.37412, -1.57764, -1.60533, -0.353811, -0.892924, -1.28874, -0.968166, -1.13941, -1.61313, -1.46521, -1.24379, -1.19796, -1.17738, -0.986206, -0.952137, -1.425, -1.48021, -1.83663, -1.59734, -1.27941, -1.39217, -1.30327, -1.47016, -1.33241
3.6, 0.0319376, -1.39946, -1.16173, -0.759773, -1.03929, -0.804841, -1.00355, -1.07398, -0.909199, -0.957761, -1.08334, -1.2376, -1.62244, -1.34397, -1.19129, -1.01658, -1.3008, -1.47521, -1.20571, -1.03289, -1.4304, -1.44783, -1.50394, -1.81136, -1.70072, -1.74586, -1.65611, -1.98413, -1.99293, -1.76284, -1.46871
3.62, 0.0319376, -1.12354, -1.37438, -1.27785, -1.16207, -0.512848, -0.775335, -1.21144, -1.75759, -1.43966, -1.38002, -0.889655, -1.07515, -1.07377, -0.946829, -1.60923, -2.01875, -1.75356, -1.79616, -1.8586, -1.75754, -2.10227, -2.40408, -2.24543, -2.1339, -2.20557, -2.2817, -2.23016, -2.20199, -2.10482, -1.87408
3.64, 0.0319374, -2.24851, -1.72032, -1.63539, -2.17852, -0.908254, -1.16963, -2.3594, -2.01921, -1.58778, -1.93991, -1.94976, -1.34016, -2.16806, -1.90719, -2.04863, -2.15574, -2.32063, -2.46635, -2.3081, -2.63519, -2.04788, -2.14078, -2.26348, -2.81301, -2.42343, -2.31913, -2.36925, -2.37559, -2.39969, -2.36654
3.66, 0.0319374, -2.22158, -2.30881, -2.33927, -2.34418, -1.99111, -1.789, -2.45056, -2.08602, -1.81189, -1.36695, -1.21015, -1.50124, -1.66919, -1.89844, -1.53675, -1.9539, -1.86761, -2.11481, -2.06668, -2.05266, -1.97857, -2.31737, -2.54475, -2.73471, -2.56317, -2.25053, -2.43046, -2.11475, -2.16596, -2.15365
3.68, 0.0319374, -2.06083, -2.37993, -1.32725, -1.73118, -1.28833, -1.24737, -2.2167, -2.08282, -1.79131, -1.51207, -1.34436, -1.77836, -1.36193, -1.73861, -2.31484, -1.90757, -1.7349, -1.85859, -2.3667, -2.82515, -2.69378, -2.3854, -2.08844, -2.19114, -2.34526, -2.7952, -2.49664, -2.232, -2.21086, -2.12113
3.7, 0.0319374, -1.34337, -1.28189, -2.12192, -2.07236, -1.33471, -1.21698, -1.64177, -1.86295, -1.92027, -1.92764, -1.26715, -1.17058, -1.64904, -1.46302, -1.39191, -1.35392, -1.02568, -1.23097, -1.06039, -1.04498, -0.829827, -0.416912, -0.315903, -0.0643817, -0.152936, -1.00037, -1.2481, -1.40763, -1.42911, -1.49622
3.72, 0.0319374, -2.42566, -2.45531, -1.99504, -1.99583, -2.5979, -1.8293, -2.45048, -2.58497, -1.48803, -1.84617, -1.61922, -1.54634, -1.42455, -1.95909, -2.26051, -1.44665, -2.15028, -1.99487, -1.98504, -2.5831, -2.18073, -2.00406, -1.83696, -0.503826, -0.407295, -1.22794, -1.28825, -1.29171, -1.58587, -1.33261
3.74, 0.0319376, -1.29853, -1.3206, -0.921272, -1.8073, -1.4036, -2.21781, -3.12335, -2.36024, -2.00184, -1.91003, -1.90709, -1.51142, -1.86756, -1.71464, -2.18299, -2.26527, -2.38268, -2.11943, -2.33854, -2.18156, -2.36494, -2.16272, -2.28998, -2.60041, -2.57348, -2.30323, -2.30669, -1.99401, -2.05799, -2.14324
3.76, 0.0319376, -1.71189, -1.0166, -0.493197, -0.440794, -0.405758, -0.965561, -0.540973, -0.326352, -0.389521, -0.743729, -1.03364, -0.953648, -1.90635, -2.44159, -2.08562, -2.04159, -2.53219, -2.45205, -2.73664, -2.46639, -2.31739, -2.24555, -2.27609, -2.45889, -2.23884, -2.25026, -2.19897, -2.48054, -2.08063, -2.08007
3.78, 0.0319376, -1.88093, -2.29275, -2.53115, -2.53927, -1.57244, -1.0981, -1.35548, -1.77649, -1.03142, -1.04668, -1.3762, -1.54237, -1.87899, -1.854, -2.4899, -2.65405, -2.41503, -2.6101, -2.41347, -2.65611, -2.59148, -2.66996, -2.60869, -2.39841, -2.55599, -2.61539, -2.32821, -2.25609, -2.28962, -2.40278
3.8, 0.0319376, -1.52226, -1.76668, -2.33012, -2.08205, -1.83644, -1.81378, -1.66602, -2.54375, -2.32327, -1.62682, -2.18716, -1.75805, -1.95572, -1.66849, -2.25736, -2.55576, -2.35854, -2.59954, -2.33938, -2.54163, -2.62259, -2.77192, -2.55522, -2.84059, -2.6069, -2.66275, -2.60211, -2.27686, -2.28597, -2.2048
3.82, 0.0319376, -2.02685, -2.59084, -1.82788, -2.10488, -1.8597, -2.15314, -2.66987, -1.69437, -1.55228, -2.50431, -1.42102, -2.06241, -2.27745, -2.7047, -2.53761, -2.35058, -2.55274, -2.31191, -2.4817, -2.51751, -2.4447, -2.38324, -2.59459, -2.55535, -2.45137, -2.22498, -2.2742, -2.33011, -2.10187, -2.02831
3.84, 0.0319376, -1.98262, -1.79476, -1.95855, -2.14157, -1.70682, -2.11173, -1.80074, -2.35412, -2.02583, -2.37319, -2.81362, -2.22393, -2.11531, -2.69437, -2.6336, -2.23774, -2.97218, -2.59319, -2.73189, -3.03082, -2.79703, -2.86655, -2.38864, -2.42873, -2.39991, -2.32209, -2.22718, -2.07962, -2.28437, -2.02236
3.86, 0.0319376, -2.49016, -2.01803, -1.97878, -2.29104, -2.58667, -1.61163, -1.83072, -2.07682, -3.45381, -2.21513, -1.62905, -1.80552, -2.16893, -1.62758, -1.55521, -1.49989, -2.66885, -2.51834, -2.35591, -2.60179, -2.33084, -2.20717, -2.28489, -2.17676, -2.26817, -2.11233, -2.40723, -1.90057, -2.10324, -1.79688
3.88, 0.0319374, -2.75902, -2.52159, -2.12416, -2.36638, -1.603, -1.23407, -1.80684, -2.54102, -2.29088, -2.06588, -2.26374, -2.13297, -2.33865, -2.3793, -2.85659, -2.53821, -2.25381, -2.54655, -2.42174, -2.4711, -1.99834, -2.22703, -2.20231, -2.73066, -2.51088, -2.41747, -1.96024, -2.13148, -1.97039, -2.00126
3.9, 0.0319374, -1.88279, -2.51114, -2.79576, -2.16329, -2.31862, -2.09736, -2.30408, -2.59117, -2.44171, -2.4373, -1.90044, -1.81949, -2.09497, -2.1807, -2.68445, -2.39677, -2.22246, -2.34114, -2.58535, -2.14752, -2.27839, -2.20771, -2.30405, -2.23886, -2.12169, -1.84907, -1.76222, -1.99847, -2.05763, -1.73404
3.92, 0.0319374, -1.86409, -2.23087, -1.85181, -1.75474, -1.94291, -1.68541, -2.27767, -2.77231, -1.83046, -1.72021, -1.73238, -1.67343, -1.91922, -2.23288, -1.92968, -1.99596, -2.72893, -2.87127, -2.37744, -2.19652, -2.34341, -2.28861, -2.17077, -1.99947, -1.92829, -2.30494, -1.92964, -2.04363, -1.9477, -1.68895
3.94, 0.0319374, -2.57914, -3.18081, -2.5327, -2.03287, -2.62169, -2.28195, -2.23348, -2.6853, -2.33169, -2.85967, -2.63601, -2.5411, -1.85235, -2.25114, -2.20864, -2.44116, -2.61396, -2.67666, -2.48207, -2.25993, -2.72771, -2.42816, -2.11453, -2.02184, -2.19435, -2.30339, -2.12, -1.97175, -2.04536, -2.19326
3.96, 0.0319374, -3.11759, -2.04049, -2.2753, -2.27145, -1.59861, -2.21548, -2.46794, -1.96122, -2.00921, -2.13664, -2.13922, -1.9552, -2.05251, -2.29078, -2.47963, -2.72351, -2.95206, -2.55718, -2.3573, -2.22283, -2.47291, -2.11163, -2.02543, -2.48441, -2.30929, -2.21076, -2.19835, -2.13778, -2.08056, -2.08341
3.98, 0.0319376, -1.25607, -1.00768, -1.2664, -0.728809, 0.189946, 0.620251, 0.534175, 0.295808, 0.290885, 0.709277, 1.04582, 1.20197, 1.18082, 1.00852, 0.642913, 0.300749, -0.361201, -0.838726, -0.681938, -0.804862, -0.637345, -0.701368, -1.19652, -1.81798, -1.92563, -1.85694, -1.90917, -1.73504, -1.16993, -1.09762
4, 0.0319376, 1.07469, 0.194414, 0.712187, 1.18587, 1.79644, 1.88023, 1.36213, 0.584788, 0.444007, 1.25677, 1.55359, 1.7021, 1.59061, 1.28644, 0.869234, 0.577797, -0.126075, -0.6304, -0.415485, -0.796293, -0.354739, -0.338719, -0.855683, -0.940418, -1.34765, -1.04039, -1.21981, -1.07677, -0.830897, -0.740013
4.02, 0.0319376, -1.38852, -0.492696, -0.75733, -0.98121, -0.909029, -0.17019, 0.469757, 0.780205, 0.90565, 0.830386, 0.444365, 0.417813, 0.698124, 0.733183, 0.236605, -0.0226309, -0.0599916, 0.142384, 0.0522594, -0.521847, -0.633208, -1.39571, -0.767996, -0.685438, -0.667286, -0.918984, -1.14835, -0.540728, -0.625928, -0.602438
4.04, 0.0319376, -0.709718, -0.794076, -1.32549, -1.70222, -0.929559, -0.0821294, 0.103153, -0.488227, -0.60348, -1.09021, -0.368259, -0.242804, -0.709719, -0.703682, -0.873969, -1.20826, -1.41713, -1.40092, -1.41807, -1.59241, -1.47472, -1.46782, -1.78279, -1.5514, -1.37715, -1.49108, -1.74007, -1.37837, -1.37129, -1.11601
4.06, 0.0319376, -1.11663, -0.910403, -0.779634, -0.658063, -0.161659, -0.163957, -0.111413, -0.177752, 0.150946, 0.0291388, -0.0278547, -0.268862, -0.308104, -0.502934, -0.510163, -0.578038, -0.685624, -1.09043, -0.991503, -0.716852, -0.924131, -0.71122, -0.694253, -0.779431, -1.17986, -1.02023, -1.31109, -0.794396, -0.698903, -0.656077
4.08, 0.0319376, 0.746193, 0.713601, 0.660501, -0.374314, 0.539193, 0.745476, 0.632698, 0.764489, 0.984874, 1.03349, 0.868255, 1.19634, 0.72119, 0.505963, 0.345497, 0.254502, 6.74702e-05, 0.314042, 0.00387952, 0.489585, 0.441275, 0.0759657, 0.413515, -0.00653982, -0.0634581, -0.166579, -0.0531163, 0.194174, -0.219844, -0.019539
4.1, 0.0319376, -1.1356, -0.813935, -0.759096, -0.935216, -0.562692, -0.317262, -0.891714, -1.03086, -0.998513, -1.19835, -0.992708, -1.08134, -1.29676, -1.13349, -0.969272, -0.989523, -0.612121, -0.925352, -0.645474, -0.833935, -1.04801, -0.837876, -0.734993, -0.499786, -0.698464, -0.958916, -1.02056, -0.898439, -1.01916, -0.956418
4.12, 0.0319376, -1.4377, -1.47524, -1.43984, -1.2965, -0.851376, -1.10997, -0.859387, -0.873805, -1.07838, -0.98973, -0.912205, -1.2269, -1.60549, -1.31622, -1.25342, -1.10665, -1.23558, -1.10738, -1.58324, -1.76208, -1.48873, -1.67538, -1.44462, -0.956246, -0.87228, -0.833016, -0.905636, -0.90807, -0.872616, -1.05696
4.14, 0.0319376, -1.44211, -1.32574, -1.78261, -1.47088, -0.362936, -0.0197272, -0.683667, -0.850217, -0.443353, -0.807106, -0.854898, -0.878037, -1.23085, -1.01823, -1.14712, -0.963088, -0.665659, -0.895178, -1.34293, -1.2541, -1.15211, -1.3692, -1.55622, -1.03068, -0.712337, -0.784742, -0.935729, -0.838192, -0.911278, -0.966798
4.16, 0.0319376, -2.00399, -1.43319, -2.11115, -1.58049, -0.699311, -0.712037, -0.9852, -0.949041, -1.1864, -1.45771, -0.885704, -1.26252, -0.810383, -1.1161, -0.812059, -0.472385, -0.60491, -0.49614, -0.695406, -0.868899, -0.834011, -0.964578, -0.865348, -0.580235, -0.676979, -0.617214, -0.387502, 0.0376614, 0.095334, 0.296054
4.18, 0.0319376, -1.35344, -1.55801, -1.30357, -1.7022, -0.566521, -0.966972, -1.32489, -1.28977, -1.59925, -1.59463, -1.31903, -1.35379, -1.10835, -1.55513, -1.84129, -1.56714, -1.7734, -1.68144, -2.30519, -1.65333, -1.83264, -2.00459, -2.14681, -2.02008, -2.03956, -1.97853, -1.81226, -1.97825, -2.1325, -1.89362
4.2, 0.0319376, -1.56991, -1.42489, -2.34807, -1.59772, -1.25771, -1.2045, -1.87194, -2.2829, -1.22418, -1.81816, -1.43798, -1.24825, -1.22534, -1.4531, -1.99314, -1.69015, -2.04181, -2.06478, -2.00649, -1.53603, -1.6111, -2.02221, -2.02178, -1.92859, -1.82735, -1.69197, -1.85183, -1.95141, -1.8581, -1.77417
4.22, 0.0319376, -1.41731, -1.11676, -1.58166, -1.60388, -0.945606, -0.87315, -1.65184, -1.22334, -1.47066, -1.21889, -1.45486, -1.28898, -1.46019, -1.59982, -1.57322, -1.3647, -1.87138, -2.22561, -1.87705, -1.44644, -1.50324, -1.56641, -1.7925, -1.49047, -1.44868, -1.69992, -1.63393, -1.95344, -1.62016, -1.74487
4.24, 0.0319376, -2.3666, -1.49141, -1.49477, -1.91431, -1.60241, -1.22347, -1.9198, -1.35137, -1.09841, -1.7501, -1.07647, -0.770062, -0.824439, -0.774478, -1.483, -1.71945, -1.14666, -1.14355, -1.39373, -1.20707, -1.06521, -0.826871, -0.811318, -1.07818, -0.841286, -1.03211, -1.27265, -1.26707, -1.11881, -1.27611
4.26, 0.0319371, -1.77576, -1.7731, -1.39461, -1.09502, -0.889164, -1.11482, -1.24714, -1.68564, -1.98309, -1.2718, -0.519069, -0.931697, -1.3829, -1.44087, -1.8509, -1.48705, -1.26484, -1.36014, -0.89587, -1.34268, -1.10071, -0.292676, -0.463564, -1.42345, -1.46017, -1.11772, -1.07758, -1.21623, -1.11215, -1.10102
4.28, 0.0319371, -1.65571, -2.34217, -2.1066, -1.5915, -1.34396, -1.50181, -1.48995, -1.23869, -0.765304, -0.941839, -1.59437, -1.04709, -0.914437, -1.32941, -0.737414, -1.00618, -0.884305, -1.36278, -1.22317, -0.961298, -1.11356, -1.0875, -0.553264, -0.355996, -0.380679, -0.497312, -1.10841, -0.95179, -0.987873, -1.22248
4.3, 0.0319371, -1.56968, -1.64729, -1.83927, -1.97057, -1.55418, -1.46711, -1.71029, -1.97413, -1.77811, -1.87525, -1.69783, -1.44209, -1.28452, -1.50974, -1.13351, -1.1444, -1.31023, -0.803848, -0.817666, -1.16585, -1.19675, -0.752796, -0.691131, -0.822372, -1.22625, -1.72683, -1.70531, -1.1326, -1.40267, -1.74911
4.32, 0.0319371, -2.08674, -0.590495, -0.73022, -0.306908, -0.20045, 0.0793471, 0.505537, 0.515704, 0.398684, -0.0948137, -0.147113, -0.161411, -0.813042, -0.599269, -0.746314, -1.20085, -1.05196, -1.20454, -1.03898, -1.36632, -1.67216, -1.68897, -1.32986, -1.57522, -1.68737, -1.86221, -2.46717, -2.24147, -2.25746, -2.05415
4.34, 0.0319371, -2.43104, -1.64037, -1.25316, -1.75343, -1.26891, -1.0082, -1.72067, -1.33739, -1.65891, -1.91239, -1.5658, -1.83795, -1.84361, -2.32668, -2.27886, -2.2477, -2.49952, -2.4986, -2.19113, -2.48404, -2.83722, -2.46917, -2.28774, -2.71135, -2.44643, -2.45476, -2.13671, -2.11893, -2.21723, -2.1951
4.36, 0.0319376, -2.44327, -1.55074, -1.3619, -1.51906, -1.10235, -1.63396, -1.74656, -2.08308, -1.95479, -1.64491, -1.62981, -1.61536, -1.88946, -1.98309, -2.46027, -2.06027, -1.99954, -2.19868, -2.5257, -2.13098, -2.49296, -2.12487, -2.07977, -2.38511, -2.21189, -2.29968, -2.11466, -2.12424, -2.25647, -2.0979
4.38, 0.0319376, -2.28144, -1.97201, -2.13061, -1.73532, -1.01938, -0.939893, -1.62653, -2.54126, -1.49716, -2.42699, -1.61131, -1.25418, -1.63971, -1.68789, -1.90761, -2.75578, -2.89686, -2.21575, -1.90129, -1.97219, -2.10286, -2.28959, -2.11807, -2.07581, -2.23228, -2.07334, -2.07032, -1.93513, -2.00869, -1.67435
4.4, 0.0319376, -1.98851, -1.83014, -2.61952, -2.15346, -1.98163, -1.30194, -0.964293, -1.62561, -1.75445, -1.87038, -1.99753, -1.672, -1.75531, -1.74792, -2.21187, -2.05434, -2.23398, -2.59034, -2.40053, -2.00069, -2.13012, -2.31792, -1.98269, -2.27757, -2.11865, -1.99637, -2.08097, -1.89904, -1.7981, -1.96109
4.42, 0.0319376, -3.0671, -1.70756, -2.50901, -2.78386, -1.35237, -0.787955, -1.35301, -2.10244, -2.36315, -1.90368, -2.16191, -2.11425, -1.94, -2.01452, -2.17323, -2.03611, -1.81205, -1.6109, -2.04216, -2.00989, -1.64116, -1.82216, -1.8067, -1.53181, -1.62005, -1.5418, -1.64777, -1.55098, -1.66579, -1.4573
4.44, 0.0319376, -2.46568, -2.15343, -1.88395, -2.01909, -1.3431, -0.966174, -1.85167, -1.61959, -1.48465, -2.28683, -2.46377, -2.07656, -1.79982, -1.82912, -2.18558, -2.04899, -2.16182, -2.30949, -2.26054, -2.19298, -2.09883, -2.17142, -2.07628, -1.74834, -1.86107, -1.93442, -1.91217, -1.89187, -1.67218, -1.53595
4.46, 0.0319376, -2.11284, -2.33173, -2.19943, -1.84445, -1.61966, -1.71586, -1.54556, -1.71484, -2.10055, -2.02175, -2.00774, -1.76235, -1.92925, -2.60576, -2.35034, -2.19747, -2.21498, -2.57417, -2.42452, -2.19082, -2.46947, -1.99644, -2.42965, -2.53309, -2.14334, -1.95968, -2.00519, -2.02944, -2.04084, -1.8002
4.48, 0.0319376, -2.47407, -1.98491, -1.88726, -2.22123, -1.43695, -1.99342, -2.76692, -2.0097, -1.58514, -2.20608, -3.13228, -2.517, -1.85653, -1.61519, -2.04749, -2.07561, -2.43863, -2.22679, -1.98508, -2.0561, -2.05596, -2.24892, -2.02409, -1.90632, -2.30445, -2.03871, -1.75644, -1.7298, -1.96918, -1.53057
4.5, 0.0319376, -2.25017, -2.43708, -1.69648, -1.50172, -1.55119, -1.65348, -1.92564, -2.38334, -1.62251, -1.70914, -2.26772, -1.79201, -2.13189, -2.67121, -3.01806, -2.16642, -1.92998, -2.04811, -2.14079, -2.29763, -2.32295, -2.3697, -2.18184, -2.22029, -2.08178, -1.80716, -1.79554, -1.87058, -1.94103, -1.76998
4.52, 0.0319376, -0.0253083, 0.837484, 1.6569, 1.9358, 1.95896, 1.63725, 1.65573, 2.00704, 2.60645, 3.002, 3.18169, 3.3393, 3.23587, 3.16658, 3.18646, 3.2904, 3.29692, 3.10929, 2.9546, 2.0654, 0.786763, 1.17752, 1.09642, 0.316161, 0.303369, 0.471192, 1.14056, 0.568466, 0.317117, 0.172057
4.54, 0.0319376, 0.442146, 0.288609, -0.374066, 0.0635187, -0.591826, -0.719561, -0.327978, -0.566177, -0.0227836, 0.134715, 0.0123877, -0.339314, -0.415201, -0.29499, -0.185246, -0.278083, 0.157395, 0.0450764, -0.586967, -0.739001, -1.33636, -1.28571, -1.31158, -1.05963, -1.24418, -1.14326, -1.12915, -1.09642, -0.845904, -0.813557
4.56, 0.0319376, -0.622152, -0.248427, -0.577041, -0.361765, -0.720451, -0.205309, -0.18197, -0.409987, -0.947888, -0.502226, 0.27995, -0.271456, 0.134134, -0.182693, 0.470275, 0.589863, 0.133828, 0.0289548, -0.16439, -0.84663, -0.986909, -1.14052, -0.944846, -1.00984, -1.46221, -1.21582, -1.33701, -1.11053, -0.950885, -0.794706
4.58, 0.0319376, -1.03667, -0.599489, -0.994169, -0.406173, -0.471311, -0.879142, -0.960709, -0.84718, -0.815138, -0.255114, 0.128601, 0.0438304, 0.307934, -0.490113, -0.0176649, 0.302892, 0.175038, -0.0653623, -0.613007, -1.32737, -1.15509, -1.29071, -1.45498, -1.4948, -1.24945, -0.83126, -0.832706, -0.68479, -0.532318, -0.128632
4.6, 0.0319376, -1.1101, -0.604342, -0.447751, -1.02048, -0.431248, -0.594736, -0.766317, -0.335207, -0.178313, -0.215142, 0.124904, 0.495286, 0.450286, 0.310577, -0.0111709, 0.310976, 0.179422, -0.498866, -0.959964, -1.32289, -1.36159, -1.2315, -1.19271, -1.43703, -1.50949, -1.31328, -1.33138, -1.37434, -1.5422, -1.27074
4.62, 0.0319376, -1.26201, -0.947685, -0.836849, -1.08595, -0.546018, -0.50756, -0.762966, -1.01813, -0.901021, -0.833552, -0.284427, -0.738133, -0.328863, -0.268249, -0.171083, -0.176889, -0.106734, 0.0638799, -0.0761046, -0.804854, -0.901421, -1.17332, -1.02171, -1.45369, -1.26659, -1.13646, -1.23462, -1.23292, -1.30748, -1.10143
4.64, 0.0319376, -1.41867, -1.19868, -0.500113, -0.724421, -0.485257, -1.1056, -1.26455, -0.778012, -0.928832, -0.791053, -0.468255, -0.417617, -0.537239, -0.00722064, -0.545628, -0.218911, -0.341758, -0.397948, -1.14031, -1.47909, -1.16873, -1.29373, -1.33174, -1.49887, -1.2396, -1.38651, -1.30243, -1.28009, -1.24382, -1.00718
4.66, 0.0319376, -1.26719, -1.53996, -0.903838, -0.8372, -1.12917, -1.74853, -1.68321, -1.94746, -1.78084, -1.35162, -0.271754, -0.627474, -0.528352, -0.805669, -0.471291, -0.325965, -0.553557, -0.734114, -1.49517, -1.31177, -1.28051, -1.76575, -1.78589, -1.91355, -1.80848, -1.64954, -1.98568, -2.07422, -1.96772, -1.64516
4.68, 0.0319376, -1.46979, -1.40662, -1.30759, -1.31819, -1.17706, -1.25862, -1.23298, -1.33142, -1.22007, -1.49432, -0.912907, -0.986762, -0.665049, -1.05265, -0.457345, -0.642475, -0.650132, -1.00119, -1.46266, -1.35538, -1.61698, -1.68492, -1.82026, -2.1898, -1.57526, -1.84105, -1.72796, -1.49129, -1.33439, -1.24891
4.7, 0.0319376, -1.41545, -1.53571, -1.74383, -1.5574, -1.58391, -1.30683, -1.42811, -1.58293, -1.23907, -1.02058, -0.40322, -0.611848, -0.998455, -0.840779, -0.955947, -0.988498, -0.962088, -1.28953, -1.37584, -1.64359, -1.82989, -1.62393, -1.64833, -2.2691, -2.24623, -2.20668, -2.29647, -2.19179, -2.27262, -2.1907
4.72, 0.0319376, -2.85283, -1.8861, -1.34577, -1.17746, -0.905663, -1.20678, -1.48935, -1.51524, -1.6856, -1.22422, -0.978847, -1.23977, -1.05484, -1.04685, -1.04139, -0.89871, -1.05891, -1.2112, -1.66222, -1.82335, -1.97059, -2.18157, -2.20011, -2.36118, -2.24608, -2.08789, -2.37926, -2.2746, -2.12434, -2.37179
4.74, 0.0319376, -2.68902, -1.70127, -1.78518, -1.6757, -1.21786, -1.31496, -0.935395, -1.36561, -1.44302, -1.01808, -1.67808, -0.934205, -0.825778, -0.813637, -0.580449, -0.430047, -0.553046, -0.926874, -1.4056, -1.54092, -1.92589, -2.19333, -2.14204, -2.22009, -2.12109, -2.36757, -2.14933, -2.24081, -2.44309, -2.51278
4.76, 0.0319371, -2.57935, -1.90951, -1.66987, -1.50782, -1.10641, -1.70483, -1.64953, -1.38912, -1.32416, -1.09493, -1.27617, -1.21497, -1.00865, -1.05217, -0.965454, -0.685817, -0.805532, -0.927787, -1.28771, -1.44506, -1.93005, -2.05321, -1.89337, -1.84644, -1.49844, -1.15506, -1.57068, -1.95415, -2.23653, -2.15468
4.78, 0.0319371, -1.55325, -1.31332, -0.434177, -0.841314, -0.658963, -0.634107, -0.790271, -1.11053, -0.866019, -1.3309, -0.560236, -0.575657, -1.15693, -0.964562, -0.900015, -0.135148, -0.574636, -1.39776, -1.42546, -1.45013, -1.42635, -1.6899, -1.67035, -1.39098, -0.599376, -0.611934, -1.19769, -1.4665, -1.69433, -2.04067
4.8, 0.0319371, -2.11149, -1.83952, -1.31899, -1.46336, -0.940025, -1.36745, -1.93834, -1.1663, -1.68359, -1.98949, -1.25692, -0.932696, -0.918088, -0.795424, -0.791678, -1.02622, -0.505221, -1.0126, -1.00266, -1.94433, -1.74447, -1.98302, -1.59448, -1.82179, -1.70186, -2.00649, -1.54622, -1.91393, -1.95672, -1.82998
4.82, 0.0319371, -1.82186, -2.03799, -2.13459, -1.61382, -1.52678, -1.07568, -1.50435, -1.7797, -1.39515, -1.16302, -0.778659, -1.05139, -1.27372, -0.978283, -1.26113, -1.27504, -1.20852, -1.62377, -1.75523, -1.78706, -1.9913, -1.89255, -1.7644, -2.04787, -1.94581, -2.18253, -2.18268, -2.12985, -1.94457, -1.95604
4.84, 0.0319371, -2.37664, -1.57079, -1.03821, -1.47382, -1.20153, -1.52138, -0.943229, -0.656244, -0.471709, -0.560118, -0.344213, -0.902902, -0.406762, -0.546718, -0.833306, -0.757078, -0.780969, -1.50076, -1.12529, -1.76944, -1.85095, -1.73588, -1.82308, -1.84589, -1.58101, -1.9559, -2.24229, -2.00357, -2.25903, -2.20819
4.86, 0.0319376, -2.39242, -2.03631, -1.70421, -1.79182, -1.73766, -1.79471, -1.88102, -1.52672, -1.88828, -1.40479, -0.916011, -1.09481, -1.15025, -1.2124, -0.997303, -0.966475, -1.14001, -1.5672, -2.20819, -2.33625, -2.465, -2.49072, -2.33595, -2.3884, -2.00829, -1.99415, -2.22015, -2.28948, -2.40283, -2.32094
4.88, 0.0319376, -2.63901, -1.46281, -1.05093, -1.87455, -1.7813, -1.4235, -1.48006, -1.25175, -1.93917, -1.93919, -1.37578, -1.36051, -1.05952, -0.851333, -0.799059, -0.730845, -1.74543, -1.65936, -1.61235, -2.14486, -1.8555, -2.47469, -2.387, -2.50112, -2.67511, -2.57208, -2.28106, -2.20687, -2.52942, -2.08445
4.9, 0.0319376, -2.07501, -1.86856, -1.5692, -2.24431, -1.71932, -1.56341, -1.87403, -2.56875, -1.92384, -1.70721, -1.02805, -0.706104, -1.35969, -1.0949, -1.32151, -1.0322, -1.31759, -1.73216, -2.37727, -2.33774, -2.10483, -2.28802, -2.59776, -2.09396, -2.52359, -2.36934, -2.09373, -2.26684, -2.3405, -2.08072
4.92, 0.0319376, -2.19345, -1.70734, -1.62386, -2.66899, -2.0242, -1.51888, -1.41608, -2.27029, -2.06579, -1.60208, -1.19281, -0.904096, -1.10224, -1.23894, -1.42186, -0.931025, -1.07727, -1.0873, -2.02791, -1.85301, -2.07373, -2.38385, -2.62813, -2.43591, -2.57172, -2.53643, -2.4156, -2.85433, -2.56876, -2.42975
4.94, 0.0319376, -2.23995, -1.43715, -1.26776, -2.24753, -1.91817, -1.34055, -2.12242, -1.74154, -2.14076, -1.71621, -1.84725, -1.09735, -1.15177, -1.39463, -1.95014, -1.21209, -1.16634, -1.73871, -2.18483, -2.77816, -2.7121, -2.82901, -2.4957, -2.79484, -2.29766, -2.30253, -2.36032, -2.27633, -2.20129, -2.20657
4.96, 0.0319376, -2.48488, -2.03368, -1.27894, -1.79299, -1.57609, -1.59709, -2.78117, -2.35046, -2.07079, -1.7846, -1.48753, -1.39879, -1.39295, -1.58754, -1.52038, -1.54564, -1.33695, -1.62987, -1.87668, -2.2236, -2.32336, -2.26399, -2.16508, -2.0928, -2.33328, -2.04013, -1.94216, -1.99793, -2.00035, -1.91997
