# Time (seconds), Duration (seconds), f0, f1, f2, f3, f4, f5, f6, f7, f8, f9, f10, f11, f12, f13, f14, f15, f16, f17, f18, f19, f20, f21, f22, f23, f24, f25, f26, f27, f28, f29
0, 0.0319375, -0.740116, -1.09252, -0.831092, -1.11483, -1.41699, -1.6012, -1.67808, -1.30443, -0.911006, -1.40249, -0.843145, -1.17591, -1.89795, -1.59042, -0.982085, -1.26584, -1.43818, -0.950889, -0.748451, -1.16943, -1.08773, -1.13761, -0.821231, -0.945758, -0.497783, -0.673662, -0.646553, -0.643957, -1.01431, -1.05209
0.02, 0.0319375, -0.525213, -1.39884, -1.61517, -1.5704, -1.37405, -1.34589, -1.81059, -1.8247, -1.81462, -2.41697, -1.72718, -2.33478, -2.23744, -2.03769, -1.88145, -1.47778, -1.76515, -1.26375, -0.848451, -1.47398, -2.02845, -1.37023, -1.34982, -1.38751, -1.45905, -1.54722, -1.52896, -1.94073, -1.344, -1.48335
0.04, 0.0319375, -0.765434, -1.80337, -1.54884, -1.25521, -1.94088, -1.64313, -1.7493, -1.31312, -1.16675, -1.70039, -1.41045, -2.38357, -1.8813, -1.34196, -1.55223, -1.41845, -1.63393, -1.45419, -1.47329, -1.56338, -1.53658, -1.28697, -1.63749, -1.46097, -1.36467, -1.41711, -0.906001, -1.09811, -1.39705, -1.27454
0.06, 0.0319375, -0.160125, -1.02877, -1.24578, -1.4097, -1.53522, -1.05075, -1.50209, -0.671793, -0.787115, -1.32696, -1.79034, -2.03637, -1.86993, -1.53567, -1.51104, -1.24872, -1.28133, -1.66689, -0.846593, -1.71374, -1.60141, -1.1979, -1.26658, -1.69634, -1.64428, -1.66151, -1.62594, -1.28837, -1.41372, -1.61552
0.08, 0.0319375, -0.424257, -1.11909, -1.5701, -1.95959, -1.51252, -2.00955, -1.42488, -1.71816, -1.31995, -1.95393, -1.56947, -1.52478, -2.05473, -1.53363, -1.20653, -1.60268, -1.35034, -1.13508, -1.09733, -1.75576, -1.80545, -1.2415, -1.49943, -1.74863, -1.75663, -1.88877, -1.73334, -1.59096, -1.81002, -1.81821
0.1, 0.0319375, -0.899233, -2.3944, -1.68841, -1.06642, -1.32391, -2.30437, -2.22402, -2.25619, -2.09121, -2.6233, -2.18638, -2.23904, -2.58795, -1.89632, -1.49917, -1.24686, -1.84641, -2.02236, -1.44669, -1.67469, -1.87876, -1.49239, -1.541, -1.09618, -1.10473, -1.94093, -1.67475, -1.30304, -1.3321, -1.46382
0.12, 0.0319375, -0.923502, -1.2626, -1.64049, -1.75847, -1.31026, -2.13536, -1.5072, -1.59688, -1.66342, -2.1029, -1.83542, -2.18506, -1.37718, -1.53844, -1.56172, -1.57439, -1.33559, -1.95834, -1.21954, -1.65378, -1.50969, -1.03349, -1.36056, -1.65252, -1.10223, -1.23223, -1.82748, -1.67636, -1.58792, -1.6456
0.14, 0.0319375, -1.6166, -0.928095, -0.625089, -0.718078, -1.04914, -1.59553, -1.64878, -0.730442, -0.772834, -1.32887, -1.77833, -1.75969, -1.85548, -1.74539, -1.49507, -1.91296, -1.81163, -1.86414, -1.29937, -1.50089, -1.30071, -1.09403, -1.42916, -1.06882, -1.38557, -1.53317, -1.40078, -1.4558, -1.01958, -0.925392
0.16, 0.0319375, -1.21231, -1.3483, -1.5536, -1.94836, -1.68182, -1.97712, -1.76776, -1.95968, -1.47975, -2.3322, -1.63221, -2.46091, -2.72579, -1.70759, -1.33011, -1.6476, -1.52395, -1.61112, -1.06942, -1.47094, -1.62557, -1.4941, -1.64114, -1.16225, -1.32299, -1.57186, -1.89478, -1.60256, -1.67346, -1.34238
0.18, 0.0319375, -0.45167, -1.25764, -1.12334, -1.38367, -1.51473, -2.03511, -1.48047, -1.35291, -1.52218, -1.81573, -1.5915, -1.61989, -1.85639, -1.50881, -1.85508, -1.52814, -1.20315, -1.79615, -1.22212, -2.27952, -1.81002, -1.55773, -1.38322, -1.65356, -1.61175, -1.64199, -1.58288, -1.17865, -1.38529, -1.33822
0.2, 0.0319375, -1.10586, -1.90257, -1.60986, -1.55718, -1.2201, -1.61448, -1.66602, -1.54923, -1.51638, -1.88907, -1.66831, -2.74544, -2.35775, -1.92958, -1.38143, -1.33866, -1.34939, -1.61618, -1.67677, -1.70351, -1.70161, -1.42012, -1.49025, -1.46118, -1.44763, -1.39609, -1.38702, -1.70462, -1.57155, -1.61508
0.22, 0.0319375, -0.869109, -2.30336, -1.75483, -2.0943, -2.07225, -1.32565, -1.84096, -1.52097, -0.921556, -1.57053, -1.3682, -1.86736, -2.05554, -2.01476, -2.08473, -1.62703, -1.803, -1.46865, -1.62437, -1.88267, -1.50773, -1.2635, -1.78784, -1.6919, -1.66878, -1.50437, -1.47309, -1.50517, -1.57915, -1.3717
0.24, 0.0319375, -1.20863, -1.71672, -2.37629, -2.03844, -1.57518, -1.79506, -1.69476, -2.21628, -1.53375, -1.2754, -2.35258, -2.27129, -1.77056, -1.57253, -1.5226, -1.55373, -1.58513, -1.23179, -1.26846, -2.36924, -2.02632, -2.00234, -1.60454, -1.13929, -1.19635, -1.25554, -1.70918, -1.65093, -1.45979, -1.30877
0.26, 0.0319375, -0.0526292, -1.4588, -1.23695, -1.94649, -1.82563, -2.63976, -1.63585, -1.75766, -1.90093, -2.20245, -1.90479, -2.32248, -2.28668, -1.50658, -0.941786, -1.08329, -1.48544, -1.72453, -1.85383, -2.01156, -1.54954, -1.35477, -1.45721, -1.52134, -1.14351, -1.22714, -1.40687, -1.1334, -1.14401, -1.35599
0.28, 0.0319375, -0.373882, -1.5868, -1.51768, -1.90961, -1.68135, -1.6773, -1.4794, -1.20431, -1.51874, -2.24723, -1.85393, -2.43545, -2.53105, -2.29449, -1.59716, -1.50304, -1.63721, -1.51833, -1.19105, -1.49016, -1.58719, -1.32108, -1.32489, -1.60368, -1.2443, -1.43675, -1.48976, -1.48062, -1.71287, -1.52578
0.3, 0.0319375, -0.744646, -1.75836, -1.98238, -2.04557, -1.65535, -2.18167, -2.13787, -1.52764, -1.79624, -2.37587, -1.80557, -2.5301, -1.81066, -1.75129, -1.1528, -1.5743, -1.67919, -1.54586, -1.53995, -1.91835, -1.65016, -1.8685, -1.88812, -1.45113, -1.72317, -1.26648, -1.69891, -1.59194, -1.19722, -1.32509
0.32, 0.0319375, -0.689493, -1.4032, -1.19518, -0.931493, -0.817816, -1.38376, -1.59067, -1.62573, -1.32374, -1.45121, -1.3516, -2.02994, -2.86244, -1.67383, -1.1023, -1.48228, -1.95355, -1.78291, -1.04741, -1.45112, -1.05778, -1.58067, -1.73671, -1.765, -1.54216, -1.43606, -1.66234, -1.59302, -1.71589, -1.70947
0.34, 0.0319375, -0.432081, -1.81526, -1.36923, -1.50302, -1.36113, -1.34062, -1.53031, -1.48182, -1.08413, -1.57782, -1.415, -2.32382, -2.08155, -1.596, -1.48621, -1.36263, -1.50229, -1.38839, -1.45768, -1.5515, -1.65883, -1.73778, -1.92614, -1.61657, -1.4481, -1.65052, -1.70301, -1.36185, -1.13764, -1.59983
0.36, 0.0319375, -0.29567, -1.18588, -1.76588, -2.19329, -1.97873, -2.18978, -1.60888, -1.7619, -1.74718, -1.97189, -2.05031, -2.29496, -2.21934, -1.57285, -1.40568, -1.24122, -1.44119, -1.35116, -1.32746, -1.50655, -1.37437, -1.50307, -1.81647, -1.33989, -1.51094, -1.25313, -1.50881, -1.09107, -1.14457, -1.24803
0.38, 0.0319375, -1.02824, -1.74664, -1.51336, -1.0612, -1.62273, -2.76752, -1.62669, -1.55651, -1.78814, -2.13082, -1.39182, -2.53094, -2.10033, -1.56004, -1.65336, -1.42943, -1.36635, -1.56098, -1.43895, -1.75077, -1.76465, -1.24057, -1.39578, -1.69374, -1.40725, -1.75379, -1.62721, -1.62506, -1.63655, -1.46089
0.4, 0.0319375, -1.05748, -2.54847, -2.04477, -2.0289, -1.70284, -1.50757, -1.48761, -1.86523, -1.65187, -2.04353, -1.3315, -1.98009, -1.89625, -1.39556, -0.924058, -1.20995, -1.26966, -1.15783, -0.943949, -1.23251, -0.889781, -1.26033, -1.36065, -1.17278, -0.941607, -0.908024, -0.894864, -0.833106, -1.01369, -1.0017
0.42, 0.0319375, 0.0137218, -1.21473, -1.08236, -1.7557, -1.18395, -1.00061, -1.32788, -0.783633, -0.444617, -0.867564, -1.7044, -1.96019, -1.49351, -1.43447, -1.38086, -1.47193, -1.06572, -1.22205, -1.31513, -1.50558, -1.30706, -1.5171, -1.46287, -1.56036, -0.889726, -1.2052, -1.76002, -1.28164, -1.14162, -1.34197
0.44, 0.0319375, -0.313795, -1.63592, -2.47183, -1.29436, -1.20538, -2.36154, -2.11925, -1.84824, -1.72535, -2.27152, -1.69347, -2.38824, -1.2718, -1.34677, -1.69179, -1.26531, -1.79926, -1.60733, -1.94749, -1.7051, -1.38325, -1.55597, -1.81716, -1.40427, -1.36726, -1.34575, -1.68854, -1.30805, -1.54822, -1.44307
0.46, 0.0319375, -1.24297, -1.53881, -2.06393, -2.27389, -2.05576, -1.91222, -1.79552, -1.61756, -1.91819, -1.66134, -1.87694, -1.90515, -2.0375, -2.38507, -1.86811, -1.67459, -0.978955, -1.29757, -1.71212, -1.7762, -1.56382, -1.20447, -1.6017, -1.77047, -1.4081, -1.3001, -1.45335, -1.23088, -1.01437, -1.4733
0.48, 0.0319375, -0.47125, -1.71851, -1.07059, -1.38229, -1.24995, -2.31836, -2.27303, -1.24557, -1.9699, -1.94787, -1.5129, -1.65494, -1.87007, -2.02086, -2.13791, -1.53507, -1.46995, -2.00334, -1.50521, -1.30647, -1.11767, -1.29407, -1.58573, -1.68906, -1.37871, -1.64438, -1.59941, -1.39077, -1.39944, -1.53299
0.5, 0.0319375, -0.430345, -0.983972, -1.52117, -1.74717, -1.25148, -1.60017, -1.77682, -1.60057, -1.8263, -1.81043, -1.08387, -1.6073, -1.83995, -1.55144, -1.24261, -1.48905, -1.07027, -1.25341, -1.39149, -1.69256, -1.55645, -1.40354, -1.17933, -0.858871, -0.968031, -1.25291, -1.33978, -0.999116, -0.84627, -1.21077
0.52, 0.0319375, -0.636891, -1.62607, -1.91247, -1.27385, -1.64089, -2.06954, -1.6158, -1.55893, -1.77586, -1.84371, -1.33842, -1.73215, -1.83825, -1.82439, -1.52882, -1.5715, -1.24165, -1.51569, -1.45974, -1.64257, -2.1265, -1.73326, -1.33252, -1.4744, -1.64099, -1.50443, -1.69363, -1.51058, -1.70572, -1.58297
0.54, 0.0319375, -0.892792, -1.62801, -2.81211, -2.49163, -1.81173, -0.978018, -1.42959, -2.07701, -1.66387, -1.81076, -1.60336, -2.27043, -1.98307, -1.84464, -1.90909, -1.25389, -1.60277, -1.27577, -0.943631, -1.65961, -1.11305, -0.983305, -1.13812, -1.64619, -1.55887, -1.58603, -1.38659, -1.26721, -1.27059, -0.892841
0.56, 0.0319375, -1.23051, -2.08124, -1.60866, -1.38739, -1.72974, -1.70341, -1.7825, -1.7474, -2.01272, -2.1067, -1.56344, -1.99586, -1.50448, -1.33094, -1.52452, -1.47109, -1.2372, -0.74993, -1.09614, -1.12114, -1.07381, -0.822607, -0.973933, -1.29879, -1.10756, -1.00822, -0.580496, -0.776772, -0.634211, -0.478075
0.58, 0.0319375, -1.02971, -1.62744, -1.56667, -1.56169, -2.31393, -2.04543, -1.51061, -1.75762, -1.93501, -2.40024, -2.21102, -2.11114, -2.0738, -1.74751, -1.38844, -1.79457, -1.69544, -1.33121, -1.27488, -1.51109, -1.65789, -1.54619, -1.65053, -1.62561, -1.81346, -1.66379, -1.41316, -1.87566, -1.68187, -1.70825
0.6, 0.0319375, -0.767012, -1.54796, -1.42942, -1.50696, -1.60832, -2.3245, -3.1574, -1.69359, -1.65466, -2.00308, -1.73604, -2.04351, -1.82987, -1.32084, -1.37701, -1.38961, -1.25869, -1.27308, -1.19032, -1.41531, -1.10152, -1.06751, -1.59271, -1.31283, -1.04515, -0.953519, -1.07802, -1.25169, -1.08275, -1.36279
0.62, 0.0319375, -0.588421, -1.15315, -1.40057, -0.737173, -1.5693, -0.84317, -1.82315, -2.43872, -1.73446, -2.00378, -1.6836, -1.87605, -1.77956, -1.25274, -0.242225, -0.927493, -0.586124, -0.688364, -1.28369, -0.746829, -1.05397, -1.07171, -1.11213, -1.23537, -1.08055, -1.21433, -1.35488, -1.40386, -1.45604, -1.37649
0.64, 0.0319375, -0.568046, -1.21083, -1.27034, -2.3603, -1.40197, -1.63095, -1.79207, -2.28661, -2.09393, -2.31477, -2.11881, -2.238, -2.3137, -1.574, -1.27908, -1.87781, -1.51036, -1.18042, -1.03575, -1.66712, -1.82103, -1.85014, -1.71251, -1.15633, -1.28247, -1.52419, -1.43076, -1.30874, -1.40599, -1.3467
0.66, 0.0319375, -1.42382, -1.66409, -2.30332, -1.68799, -1.06523, -1.65469, -1.88947, -1.72936, -1.69982, -1.6897, -1.54171, -1.87901, -1.35078, -1.86075, -1.44998, -1.50515, -2.04362, -1.92588, -1.51485, -1.79015, -1.60555, -1.38524, -1.27104, -1.44363, -1.65237, -1.65143, -1.68643, -1.43134, -1.6467, -1.59253
0.68, 0.0319375, -0.720835, -1.55942, -1.04291, -2.07806, -2.37401, -1.83833, -1.4895, -2.068, -2.52939, -2.70421, -2.21938, -2.26054, -1.89497, -1.94383, -1.77894, -1.41337, -1.03807, -1.41073, -1.40695, -1.05437, -1.50165, -1.4831, -1.74445, -1.43985, -1.21903, -1.21942, -1.72178, -1.25224, -1.3585, -1.62887
0.7, 0.0319375, -1.01947, -1.96581, -1.70165, -2.31137, -1.77153, -2.01987, -2.25826, -1.99885, -1.81192, -1.88309, -1.30771, -2.1458, -1.62118, -1.19082, -1.74115, -1.002, -1.17187, -1.37268, -1.12601, -1.42256, -1.69759, -1.53443, -1.29168, -1.68968, -1.68248, -1.58613, -1.30148, -1.67661, -1.38674, -1.31664
0.72, 0.0319375, -0.545746, -2.17098, -3.05226, -1.99268, -2.20585, -2.45022, -1.69432, -2.20723, -2.03082, -1.78463, -1.18364, -1.79692, -1.74921, -1.93315, -1.20107, -1.63468, -1.56731, -1.8071, -1.58198, -1.53068, -1.50788, -1.56158, -1.85025, -1.77368, -1.22509, -1.77377, -1.81719, -1.3345, -1.37815, -1.45383
0.74, 0.0319375, 0.423954, -1.38343, -1.49815, -1.53848, -1.61856, -1.76228, -1.83867, -2.14298, -1.22558, -1.81057, -1.68886, -2.14896, -2.15389, -1.81659, -1.77791, -2.16851, -1.80489, -1.23108, -1.06088, -1.81584, -1.56688, -1.47921, -1.66342, -1.46958, -1.32618, -1.59403, -1.61209, -1.61995, -1.78634, -1.57391
0.76, 0.0319375, -0.697324, -2.02415, -1.74447, -1.67487, -2.0226, -1.5759, -2.13243, -1.62768, -1.18928, -1.55554, -1.32155, -1.66425, -2.15492, -1.8252, -1.31092, -1.62413, -1.85002, -1.84914, -1.59972, -1.11062, -1.50813, -1.32778, -1.0643, -1.27742, -1.28682, -1.61689, -1.49848, -1.33104, -1.41575, -1.33657
0.78, 0.0319375, -0.924037, -1.88202, -0.876718, -0.973556, -1.44367, -1.7317, -1.53263, -1.55228, -1.49394, -2.07639, -2.0179, -2.03263, -2.25906, -1.65409, -1.5426, -1.09145, -1.31268, -1.29983, -1.22135, -1.67431, -1.57259, -1.32689, -1.50378, -1.51398, -1.36376, -1.46573, -1.78465, -1.41189, -1.53551, -1.60528
0.8, 0.0319375, -0.358556, -1.34735, -1.25308, -2.17511, -2.20567, -2.25508, -1.64411, -1.91805, -2.36171, -2.45229, -1.68765, -2.03469, -2.01266, -1.66662, -1.47002, -1.26057, -1.33003, -1.63089, -1.31476, -1.44318, -1.76016, -1.66238, -1.36673, -1.51197, -1.08671, -1.45996, -1.38784, -1.18876, -1.39029, -1.32463
0.82, 0.0319375, 0.359455, -0.870292, -1.90063, -1.69712, -1.50379, -1.96951, -2.16003, -1.52676, -1.70355, -2.12587, -1.76266, -2.07383, -1.66366, -1.6115, -0.861023, -1.49781, -1.41482, -1.24779, -1.23196, -1.79458, -1.59055, -1.39096, -1.63661, -1.6163, -1.28213, -1.55277, -1.38211, -1.08446, -1.4571, -1.23523
0.84, 0.0319375, -1.17402, -1.85915, -0.916167, -1.3707, -1.63212, -2.15504, -2.46232, -1.98802, -1.72893, -2.02886, -1.68985, -2.46999, -2.16008, -1.31632, -1.55834, -1.22601, -1.33783, -1.91881, -1.36774, -1.53513, -1.78685, -1.60385, -1.6407, -1.66228, -1.33528, -1.49403, -1.49366, -1.20618, -1.37335, -1.31968
0.86, 0.0319375, -0.770775, -1.298, -1.97845, -1.5063, -1.55581, -1.79849, -1.83008, -1.887, -1.69685, -2.2655, -1.58522, -1.95473, -2.36472, -1.71924, -1.57098, -1.43075, -1.5071, -1.63459, -1.52138, -1.91338, -1.65354, -1.56787, -1.48214, -1.62234, -1.36875, -1.65939, -1.54242, -1.5453, -1.48694, -1.41493
0.88, 0.0319375, -0.153742, -1.24531, -1.20105, -2.18921, -1.43014, -1.52548, -1.90999, -1.41723, -1.57631, -1.54583, -1.53399, -2.08412, -1.7044, -1.32757, -1.20241, -1.33661, -1.21206, -1.3906, -1.10681, -1.68272, -1.05871, -0.953875, -1.20438, -1.23762, -1.17957, -1.31316, -0.976078, -1.08618, -0.936136, -1.26703
0.9, 0.0319375, -0.495493, -1.26699, -1.57382, -2.09675, -1.65976, -1.08412, -1.62663, -1.42479, -1.15225, -1.28597, -1.51372, -1.37603, -1.74755, -2.66649, -2.39157, -1.61739, -1.25135, -1.65847, -1.42501, -1.45664, -1.45217, -1.51041, -1.63324, -1.27195, -1.17796, -1.30089, -1.32363, -1.27169, -1.3781, -1.44121
0.92, 0.0319375, -0.0799484, -1.4883, -1.68934, -1.7676, -1.60622, -1.75649, -1.69157, -1.56998, -1.03253, -1.55244, -1.51071, -2.01795, -1.85735, -1.56821, -1.38849, -1.33041, -1.46492, -1.6032, -1.40365, -1.3483, -1.48682, -1.3683, -1.46426, -1.71723, -1.53487, -1.31145, -1.36255, -1.34188, -1.54707, -1.39488
0.94, 0.0319375, -0.87533, -1.53455, -1.5861, -1.62003, -1.32776, -1.63003, -1.75244, -1.0749, -1.38616, -1.7599, -1.50366, -2.26467, -1.88627, -1.46327, -1.75704, -1.37349, -1.26621, -1.41449, -1.32377, -1.84397, -1.4023, -1.39414, -1.32378, -1.26402, -1.33759, -1.77587, -1.60389, -1.31524, -1.25689, -1.28606
0.96, 0.0319375, -0.744001, -1.84658, -1.70376, -0.870595, -1.12592, -0.944424, -1.24471, -1.39211, -0.423027, -1.43292, -1.01336, -1.06587, -1.09569, -0.443314, -0.0973144, -0.56351, -0.348347, -0.455283, -0.490438, -0.490639, -0.387836, -0.0359277, -0.250013, -0.290019, -0.0735154, -0.338148, -0.608754, -0.84566, -0.701526, -0.670747
0.98, 0.0319375, -0.59395, -1.79413, -1.59576, -1.37994, -0.950712, -1.67753, -1.6505, -1.86537, -1.65988, -1.8391, -1.85013, -2.00925, -1.70797, -1.8994, -1.3234, -1.34245, -1.52894, -1.27989, -1.00273, -0.724991, -0.770257, -0.913217, -0.645343, -1.0261, -0.708613, -0.577317, -0.475153, -0.769238, -0.900828, -0.85409
1, 0.0319375, -1.15726, -1.37242, -2.00414, -1.61624, -1.52151, -1.99786, -2.14808, -1.67225, -1.57093, -1.44663, -1.91678, -1.94505, -1.7437, -1.66254, -1.45282, -1.4046, -1.29624, -1.04303, -0.773008, -1.26118, -1.29242, -1.22477, -1.15165, -1.09752, -1.26434, -1.42783, -1.32059, -1.10184, -1.22917, -1.19141
1.02, 0.0319375, -0.384463, -1.41076, -1.76127, -1.31528, -1.32129, -1.52082, -2.1428, -1.88446, -2.01133, -2.23717, -1.85205, -2.13242, -2.01194, -1.83431, -1.2168, -1.35075, -1.12014, -1.55301, -1.257, -1.37925, -1.42902, -1.25186, -1.29255, -1.72657, -1.50248, -1.2915, -1.60725, -1.58304, -1.43357, -1.58572
1.04, 0.0319375, -0.912512, -1.20854, -1.56389, -1.42926, -1.3796, -1.76811, -2.19967, -2.26825, -2.11374, -1.84225, -1.57801, -1.79516, -1.61615, -1.16419, -1.59155, -2.34412, -1.83437, -1.62345, -1.50453, -1.5023, -1.04399, -1.01064, -1.33873, -1.23403, -1.12244, -1.14859, -0.787658, -0.740193, -1.1222, -1.14293
1.06, 0.0319376, -0.282248, -1.4293, -1.75314, -1.68532, -1.25401, -1.98449, -1.83381, -1.82042, -1.71909, -1.70374, -1.43334, -1.68118, -2.15979, -1.65101, -1.22343, -1.58538, -1.80338, -1.39781, -1.12571, -1.51259, -1.2366, -1.52483, -1.25221, -1.16404, -0.865934, -0.911042, -1.21348, -1.29845, -1.32232, -1.40918
1.08, 0.0319375, -0.885516, -1.56385, -0.818991, -1.73959, -1.55155, -1.81781, -1.98412, -1.81207, -1.48593, -1.85497, -1.99678, -1.74417, -1.70421, -1.32842, -0.98399, -1.51458, -1.22022, -1.13888, -1.33214, -1.1397, -0.924892, -1.43144, -1.17937, -1.17996, -0.878428, -0.780344, -1.12368, -1.2894, -1.26065, -1.00556
1.1, 0.0319375, 1.42651, 1.56872, 1.26511, 0.903065, 0.933359, 1.52583, 1.73749, 1.36178, 1.31699, 0.837598, 1.48185, 1.91381, 1.80753, 2.17559, 1.9852, 1.92127, 1.92692, 1.7762, 2.08517, 1.86306, 2.08065, 2.37856, 2.19767, 2.68084, 2.98244, 3.33853, 2.99286, 2.739, 3.23965, 2.89672
1.12, 0.0319375, -1.76852, -1.82159, -0.975544, -0.758994, 0.189467, 0.570673, 0.104581, 0.327144, 0.113015, 0.562659, -0.0486044, 0.3232, 0.684983, 0.167423, 0.203186, 0.763009, 0.907291, 1.21299, 1.18288, 1.59707, 1.70342, 1.9257, 1.52333, 1.05779, 1.12901, 1.56664, 1.89354, 2.26505, 2.7246, 2.54844
1.14, 0.0319375, -0.867263, -1.24705, -1.34124, -0.590136, -0.60827, -0.330474, -0.472962, -0.836999, -0.779379, -0.924951, -1.11189, -0.332258, -0.144464, -0.0628689, 0.0632586, 0.19425, 0.0649599, 0.399485, 0.67616, 0.917423, 0.841239, 0.888272, 1.05997, 0.565748, 0.883068, 1.30059, 1.25306, 1.12021, 1.20807, 1.40212
1.16, 0.0319375, -0.81854, -1.45715, -1.91334, -1.57637, -1.48632, -1.21938, -1.16593, -1.4536, -1.10652, -1.24995, -1.90531, -1.96239, -1.37498, -0.699452, -0.264626, -0.244461, -0.374622, -0.312607, -0.328445, 0.193222, 0.137381, -0.059407, -0.00985407, -0.362563, 0.205103, 0.148628, -0.038952, 0.183504, 0.476785, 0.390679
1.18, 0.0319376, -2.43959, -2.09664, -1.31669, -1.80388, -2.23333, -2.0554, -2.52751, -2.71874, -1.17606, -1.72317, -2.34836, -2.03668, -1.70662, -1.56809, -1.35694, -1.70008, -1.09721, -1.11014, -1.67424, -1.17834, -0.812585, -0.812033, -0.923691, -0.885925, -0.64905, -0.711754, -0.604818, -0.312001, -0.410053, -0.428122
1.2, 0.0319375, -1.3142, -1.34264, -2.09394, -1.81956, -1.97449, -2.17751, -2.42118, -2.37345, -2.09581, -2.45334, -1.89776, -2.23042, -1.99027, -2.02358, -1.4851, -1.45251, -1.93264, -1.76742, -1.43338, -1.3615, -1.34577, -1.48861, -1.48219, -1.18761, -0.847618, -0.768468, -0.990345, -0.990272, -0.857252, -0.81718
1.22, 0.0319375, -1.17981, -1.70168, -2.50148, -2.2212, -2.60542, -2.54132, -1.83591, -1.79909, -2.57397, -2.66205, -2.24255, -2.20944, -2.09258, -1.96647, -1.73277, -1.59429, -1.70785, -1.58186, -1.44602, -1.85925, -1.55906, -1.61042, -1.54229, -1.52528, -0.965375, -1.0132, -1.10657, -0.985595, -1.29312, -1.01487
1.24, 0.0319375, -1.53383, -1.77508, -2.55417, -2.57286, -2.38138, -2.28336, -1.76485, -2.13843, -1.76259, -2.83201, -2.26718, -2.36989, -2.26385, -2.19792, -2.29995, -2.14821, -1.83423, -1.56578, -1.42126, -1.92083, -2.10233, -1.69574, -1.56479, -1.48656, -1.23682, -1.32795, -1.21372, -1.49598, -1.21332, -1.42411
1.26, 0.0319375, -1.21398, -1.99255, -1.88262, -1.52036, -1.7945, -1.85033, -2.11086, -2.655, -2.12791, -2.10954, -1.85633, -2.55308, -2.23142, -1.94259, -1.6961, -1.6323, -1.45448, -1.86499, -1.90681, -1.90563, -1.89651, -1.86899, -1.65285, -1.68588, -1.54726, -1.5448, -1.65394, -1.39096, -1.56329, -1.73118
1.28, 0.0319375, -0.962234, -2.05865, -1.64373, -1.53688, -2.19233, -1.65206, -1.69413, -2.10665, -2.25216, -2.53267, -1.94143, -2.50161, -2.14252, -2.06973, -2.33379, -2.14016, -1.78894, -2.26057, -2.00421, -1.32846, -1.36064, -1.46228, -1.35409, -1.6123, -1.69258, -1.75901, -1.5829, -1.62566, -1.68815, -1.60157
1.3, 0.0319376, -0.91953, -1.6152, -2.1884, -1.99251, -1.95712, -2.21845, -2.1605, -1.87083, -1.69428, -2.3175, -2.1609, -2.52814, -2.48989, -2.0734, -1.74403, -1.34288, -1.53662, -1.82818, -1.6482, -1.65577, -2.35353, -2.33545, -2.12163, -1.71057, -1.42383, -1.78162, -1.89795, -1.72363, -1.56788, -1.6538
1.32, 0.0319375, -0.210118, -2.17694, -2.47595, -2.07587, -2.2114, -1.77833, -1.80306, -2.0632, -2.36857, -2.32872, -2.37338, -2.82091, -2.56663, -2.17438, -2.25519, -2.02912, -1.48057, -2.45257, -1.99994, -1.59893, -1.93027, -1.79668, -1.59808, -1.47808, -1.5454, -1.98887, -1.79391, -1.83179, -1.75086, -1.70901
1.34, 0.0319375, -0.399235, -2.11264, -2.35259, -2.24737, -1.82289, -2.08441, -2.70884, -2.5506, -2.50234, -2.72356, -1.96823, -2.33323, -2.31319, -2.13779, -1.66337, -1.94564, -1.95303, -1.73176, -1.91599, -2.53287, -1.86079, -1.79791, -2.07019, -1.79593, -1.61244, -1.69032, -1.90822, -2.10539, -1.76449, -1.76761
1.36, 0.0319375, -1.09831, -1.44151, -1.36138, -2.34314, -2.75757, -2.00717, -2.47128, -1.80535, -1.78837, -2.08443, -2.00649, -2.24743, -2.48345, -2.44682, -1.60275, -1.58965, -1.63339, -1.89703, -2.001, -2.38121, -2.04347, -1.99869, -2.17822, -1.96535, -1.98481, -2.13293, -1.82133, -1.92599, -1.80635, -1.92155
1.38, 0.0319375, -0.519523, -1.52948, -2.06173, -2.40367, -2.54708, -2.4743, -1.94621, -2.14141, -2.20761, -2.31188, -1.71486, -2.49706, -2.86107, -2.10101, -1.94782, -1.86778, -1.51906, -2.14217, -1.81692, -1.92682, -1.73571, -1.64601, -1.71338, -1.93392, -2.03642, -1.60624, -1.78185, -1.80592, -1.84765, -1.77901
1.4, 0.0319375, -1.43634, -1.63369, -1.28897, -1.94553, -2.84669, -2.43004, -2.93548, -2.90271, -2.88778, -2.77137, -3.31443, -2.60718, -2.78024, -2.26774, -2.09535, -1.66373, -1.7847, -2.56151, -2.02225, -2.3345, -1.98638, -2.04213, -1.99422, -1.86017, -1.72193, -1.91798, -1.89926, -2.06572, -1.89048, -1.79843
1.42, 0.0319376, -0.710113, -1.86048, -1.50317, -1.80953, -2.18869, -1.93526, -1.8738, -1.27651, -1.69204, -1.60355, -2.38318, -2.5878, -2.41577, -1.6794, -2.04273, -2.05543, -1.69699, -1.68512, -1.77772, -2.06839, -2.05456, -1.42796, -1.59286, -1.48373, -1.84483, -1.62074, -1.82323, -1.72916, -2.36934, -1.90674
1.44, 0.0319375, -1.96672, -1.63075, -1.79633, -2.45983, -2.41946, -2.50598, -2.14912, -1.98233, -2.07845, -2.207, -2.06305, -2.39067, -2.60364, -2.08801, -1.59377, -1.86569, -1.56619, -1.0313, -1.02561, -1.30185, -1.49588, -1.46245, -1.50705, -1.08543, -1.04131, -0.869904, -1.42445, -0.847746, -0.510708, -0.46677
1.46, 0.0319375, -1.56109, -1.98565, -2.30917, -1.59539, -2.16099, -2.45597, -2.09281, -2.22686, -2.7258, -2.62382, -2.56843, -2.73715, -2.64132, -1.6425, -1.59142, -2.19507, -1.75111, -1.61268, -1.74761, -1.78871, -1.57743, -1.81093, -1.61161, -1.68617, -1.39305, -1.62691, -1.53496, -1.82083, -1.30438, -1.56302
1.48, 0.0319375, -1.03615, -1.71576, -1.50461, -1.53043, -2.49092, -2.5545, -1.90635, -1.90835, -1.94977, -2.50944, -2.55381, -2.18463, -2.23629, -1.86575, -1.61756, -1.87824, -1.61443, -1.78839, -1.52107, -2.00478, -1.64364, -1.69109, -1.63873, -1.68286, -1.43277, -1.76476, -1.97338, -2.12432, -1.96312, -1.85339
1.5, 0.0319375, -0.403086, -1.69999, -1.05595, -1.96895, -1.79073, -2.50403, -1.9376, -1.83699, -1.9099, -2.56431, -1.92926, -1.6829, -1.89251, -1.68833, -1.47021, -1.48154, -1.19505, -1.04949, -0.668219, -0.520642, -0.977665, -0.708002, -0.16556, 0.133817, 0.0793624, -0.702235, -1.07819, -0.630135, -0.578462, -0.691289
1.52, 0.0319375, -0.793697, -1.63972, -1.73599, -2.06165, -2.27826, -2.12731, -1.76573, -1.86499, -2.78706, -2.51176, -1.87896, -2.59319, -1.96123, -1.79283, -1.45695, -1.87239, -1.8038, -1.98515, -1.98744, -1.50011, -1.57187, -1.41437, -1.27812, -1.23793, -1.34916, -1.21605, -1.89908, -1.45037, -1.17532, -1.43552
1.54, 0.0319375, -0.67248, -1.82542, -2.80891, -1.7375, -1.85609, -2.01867, -1.55848, -1.92378, -2.65155, -2.25917, -2.01824, -2.2505, -2.26393, -2.47974, -1.74951, -1.59046, -1.92403, -1.63605, -1.56941, -1.83892, -1.92378, -1.85891, -1.79948, -1.7978, -1.34941, -1.93647, -1.78184, -1.83238, -1.98035, -2.07319
1.56, 0.0319376, -1.25291, -1.6638, -1.73338, -1.74254, -1.62734, -2.90337, -1.96156, -1.90504, -1.75781, -2.1551, -2.11758, -2.28546, -2.1452, -1.68564, -2.34333, -1.67091, -1.991, -1.82842, -1.76526, -1.84912, -1.72232, -1.82446, -1.71037, -1.71827, -1.63721, -2.06976, -1.98679, -1.73606, -1.76678, -1.75426
1.58, 0.0319375, -1.73963, -1.59468, -1.50723, -2.18026, -2.09965, -1.76878, -2.23022, -1.71311, -2.17816, -2.57723, -1.35632, -1.81441, -2.47755, -2.07054, -1.82811, -2.18925, -2.43462, -1.7069, -1.67128, -2.0004, -1.78717, -1.97039, -2.04836, -1.54913, -1.50543, -2.01689, -2.27031, -1.68804, -1.96396, -2.12847
1.6, 0.0319375, -1.2081, -2.37558, -2.37729, -2.24218, -1.98687, -2.05823, -2.01919, -1.99844, -1.85581, -1.91295, -1.41922, -1.48062, -1.77705, -1.512, -1.05331, -1.58417, -1.63848, -1.54514, -1.17782, -1.75748, -1.84681, -1.27257, -1.76099, -1.80033, -1.99515, -1.82717, -1.94924, -1.7837, -1.69359, -1.67913
1.62, 0.0319375, -1.3249, -1.71216, -1.90106, -1.6343, -1.34978, -1.85499, -2.21623, -2.38205, -2.01578, -2.09241, -1.86671, -1.71048, -1.85867, -1.55507, -1.52532, -2.01543, -1.97508, -1.42303, -1.44999, -1.66435, -1.62743, -1.75258, -2.00691, -1.93728, -1.63435, -1.49737, -1.82354, -1.69734, -1.34309, -1.48702
1.64, 0.0319375, -0.396154, -0.844731, -1.17743, -1.43718, -1.30006, -0.684122, -0.900961, -0.583395, -0.681645, -1.22241, -1.321, -1.02915, -1.18542, -1.38446, -1.09484, -0.881545, -0.526375, -0.275666, -0.409288, -0.781166, -0.863539, -0.953073, -0.88762, -1.27546, -1.67743, -1.69577, -1.25409, -0.914723, -0.474606, -0.351425
1.66, 0.0319375, -0.673298, -1.43064, -1.128, -1.4202, -1.11635, -1.87003, -1.29721, -1.18058, -0.716557, -0.515019, -0.478187, -0.880905, -0.692434, -0.976466, -0.964969, -0.968546, -0.488212, -0.418605, -0.60785, -0.579571, -0.49668, -0.763091, -0.670099, -0.617545, -0.763107, -0.674049, -0.751146, -0.765236, -0.520484, -0.297805
1.68, 0.0319376, -0.431167, -1.35469, -0.944953, -1.45535, -2.25532, -2.15045, -2.21526, -1.53007, -1.54119, -1.90265, -2.23857, -2.64899, -2.39489, -1.74735, -1.36893, -1.32331, -1.68918, -2.1613, -1.35417, -1.56005, -1.89697, -1.76039, -1.6235, -1.72925, -1.35674, -1.58653, -1.6147, -1.67499, -1.43676, -1.84849
1.7, 0.0319375, -1.07029, -1.58511, -1.47093, -1.94605, -1.44589, -2.19029, -2.46153, -1.79165, -1.39314, -2.14953, -1.71159, -2.21617, -1.59398, -1.75163, -1.32719, -1.60845, -1.85115, -1.89992, -1.89232, -2.02591, -1.74295, -1.75199, -2.17392, -1.54904, -1.69374, -1.89594, -1.51034, -1.40978, -1.97387, -1.69244
1.72, 0.0319375, -0.682161, -1.20928, -0.975055, -1.85225, -1.44562, -1.83067, -1.9824, -1.97973, -1.8025, -2.21862, -2.02431, -2.39617, -1.70411, -1.67269, -1.74795, -1.70009, -1.31527, -1.42743, -1.57465, -1.68827, -1.91286, -2.34447, -1.92932, -1.62131, -1.24543, -1.53199, -1.53389, -1.37497, -1.70522, -1.60637
1.74, 0.0319375, -0.158516, -1.30787, -1.72043, -1.70362, -1.95346, -1.81686, -1.87525, -1.96334, -2.17788, -2.5686, -2.75383, -2.33719, -2.01266, -2.18088, -1.86711, -1.59445, -1.48035, -1.50348, -1.53051, -1.74646, -1.63288, -1.50581, -1.62202, -1.62333, -1.33383, -1.68805, -1.40203, -1.40291, -1.35799, -1.41326
1.76, 0.0319375, -0.467609, -1.57839, -1.75184, -1.24082, -1.42791, -2.06546, -1.92819, -1.60212, -1.48757, -1.72157, -2.09522, -2.29532, -2.95436, -2.73518, -2.01127, -1.74539, -1.95356, -1.89558, -1.61916, -1.94079, -1.9417, -1.81561, -1.61882, -2.06159, -1.50802, -1.84711, -1.72992, -1.46664, -1.74909, -1.71929
1.78, 0.0319375, -0.762014, -1.76004, -1.12305, -1.88803, -2.37942, -1.89728, -1.74016, -1.81469, -1.70691, -1.85358, -1.95401, -2.51377, -1.7944, -1.87925, -1.94604, -1.56642, -1.84535, -1.70073, -1.54316, -1.66675, -1.70124, -1.50571, -1.50492, -1.50776, -1.45633, -1.49896, -1.58207, -1.49159, -1.19661, -1.40196
1.8, 0.0319376, -0.78623, -1.94669, -1.95396, -1.92931, -2.05275, -1.65443, -1.79791, -2.56864, -2.24486, -2.42686, -1.92089, -1.96369, -1.86918, -1.65628, -1.44022, -1.06376, -1.75004, -1.63778, -1.06641, -1.67486, -1.5954, -1.60048, -2.13331, -1.57096, -1.57589, -1.39822, -1.04963, -1.22463, -1.40859, -1.25638
1.82, 0.0319375, 0.344271, -1.19591, -2.1181, -1.63863, -1.6939, -1.88356, -1.96813, -2.26259, -1.99012, -2.2587, -2.09992, -2.32967, -1.67784, -1.91417, -1.16063, -1.61459, -1.569, -1.60787, -1.37406, -1.6985, -1.48055, -0.748622, -1.14686, -1.04895, -1.1309, -0.858245, -0.962604, -0.817965, -1.04302, -0.869248
1.84, 0.0319375, -0.332423, -1.40952, -1.71951, -1.21863, -1.26158, -2.28174, -1.85203, -1.28837, -1.95443, -1.95411, -1.34457, -2.19848, -1.91326, -2.22121, -1.59558, -1.58525, -1.89655, -1.7584, -1.41479, -1.99736, -1.34253, -1.47533, -1.80796, -1.84469, -1.52143, -1.72426, -1.66682, -1.82404, -1.37917, -1.42022
1.86, 0.0319375, -0.58416, -2.08818, -1.57618, -1.96358, -1.88025, -2.07076, -2.45245, -1.98397, -1.69391, -2.49497, -2.20215, -1.74642, -2.1289, -1.33397, -1.35635, -1.55649, -1.63321, -2.11048, -1.35107, -1.68698, -1.80551, -1.76711, -1.66202, -1.66103, -1.38837, -1.50638, -1.7338, -1.50068, -1.64329, -1.55643
1.88, 0.0319375, -0.408188, -1.89514, -1.33621, -1.82181, -2.0444, -1.51984, -2.5631, -2.59673, -1.48115, -2.1539, -1.53821, -1.04578, -1.17592, -1.64365, -1.60952, -1.89172, -0.773201, -0.599708, -0.4992, -1.84799, -1.80772, -1.63057, -1.75935, -2.04488, -1.37646, -1.08365, -0.912686, -0.738529, -0.740622, -0.604546
1.9, 0.0319375, -0.557134, -1.89566, -1.69702, -1.84209, -1.54686, -2.11826, -2.57239, -2.02358, -2.6472, -2.13738, -1.96675, -2.49759, -1.50498, -1.82723, -2.1834, -1.65193, -2.12586, -1.78786, -1.50067, -1.71377, -2.0402, -1.8943, -1.83893, -1.91687, -1.51834, -1.53375, -1.34353, -1.40013, -1.67844, -1.42922
1.92, 0.0319376, -0.632552, -1.90152, -1.21635, -1.85806, -2.40776, -1.48947, -1.55119, -2.05442, -1.66208, -1.67175, -1.94172, -2.1114, -1.83341, -1.78507, -1.58499, -1.18928, -1.46932, -1.21745, -1.09878, -1.13926, -1.03522, -0.835961, -1.24517, -0.685589, -0.814615, -1.26023, -1.27079, -0.767351, -0.811764, -0.745671
1.94, 0.0319375, -0.527928, -2.06907, -2.20462, -1.39149, -1.50141, -2.45367, -2.33228, -1.84821, -1.63904, -2.0135, -1.65949, -1.29896, -2.34382, -1.58163, -1.49874, -1.231, -1.18117, -1.09055, -0.878679, -1.23007, -1.52348, -0.939509, -1.43292, -1.19086, -1.10492, -0.958496, -1.05387, -0.969161, -0.79193, -0.817447
1.96, 0.0319375, -1.12634, -1.91832, -1.93496, -1.3839, -1.57457, -2.18598, -2.01528, -1.77144, -1.36932, -1.53334, -1.18222, -0.524116, -1.01832, -1.81824, -1.64202, -0.892323, -1.46672, -1.49336, -1.23918, -1.76135, -1.69087, -1.66331, -1.91232, -1.6463, -1.18299, -1.34319, -1.48608, -1.27898, -1.24676, -1.42629
1.98, 0.0319376, -1.70277, -1.81221, -1.58388, -1.58713, -1.86809, -2.29292, -2.04482, -2.98804, -2.27081, -2.57347, -1.61475, -1.94006, -2.01128, -2.10568, -1.45019, -1.09339, -1.55804, -1.7802, -1.41794, -1.7891, -1.85834, -1.80124, -1.80162, -1.6981, -1.65647, -1.90821, -1.62594, -1.3906, -1.68653, -1.63839
2, 0.0319376, -0.568079, -1.43114, -1.40568, -1.48471, -1.62096, -1.74709, -1.35323, -1.63207, -1.92952, -1.72156, -1.70828, -1.3862, -1.66203, -1.78264, -2.45209, -1.87464, -1.42514, -1.50941, -1.24854, -1.32422, -1.32616, -0.806967, -1.23934, -1.10948, -1.11134, -0.683155, -0.79329, -1.00146, -1.05872, -0.799434
2.02, 0.0319376, -1.17083, -1.66642, -1.5696, -2.13217, -2.08553, -2.31636, -3.12707, -2.15621, -2.47727, -1.97645, -2.08887, -2.6596, -1.98485, -1.74, -1.76437, -1.54947, -1.78111, -1.73437, -1.49358, -1.98559, -1.37662, -1.34131, -1.4816, -1.5315, -1.23289, -1.47895, -1.59842, -1.59533, -1.17887, -1.59548
2.04, 0.0319376, -0.961304, -1.87856, -2.10596, -1.71576, -1.83425, -1.6976, -2.13764, -1.9415, -2.13375, -2.33077, -1.63999, -2.09349, -2.22782, -2.14135, -1.35213, -1.44888, -1.60702, -2.11471, -1.47362, -1.62234, -2.19344, -1.76404, -1.87738, -1.4157, -1.30697, -1.44166, -1.45341, -1.33366, -1.24238, -1.10699
2.06, 0.0319376, -1.23497, -2.28657, -1.86819, -1.16274, -1.79838, -1.6819, -1.79645, -1.44193, -1.40055, -1.99967, -0.933768, -1.29695, -1.92719, -1.47408, -1.62442, -1.20811, -1.28572, -1.33452, -1.37467, -1.29045, -1.52951, -1.40226, -1.05285, -1.02247, -1.3298, -0.722985, -0.894657, -0.955546, -0.509168, -0.513712
2.08, 0.0319376, -1.24316, -1.63484, -2.1035, -2.62474, -2.47312, -2.0896, -2.09533, -2.28165, -1.96829, -2.44503, -1.80228, -2.37039, -2.38069, -1.74801, -1.45029, -1.03043, -1.27079, -1.25568, -1.84461, -2.11886, -1.65278, -1.49399, -1.25151, -1.29631, -1.06293, -1.14285, -1.54593, -1.45402, -1.57022, -1.81547
2.1, 0.0319376, -0.402274, -1.2821, -1.35226, -1.7158, -2.36553, -2.58288, -2.14305, -1.7827, -2.19074, -2.15902, -2.00546, -2.42488, -2.32751, -1.83557, -1.795, -1.43456, -1.59535, -1.52479, -1.65118, -1.79235, -1.52453, -1.56469, -2.0889, -1.72959, -1.49124, -1.72898, -1.62272, -1.30461, -1.61143, -1.89721
2.12, 0.0319376, -0.741037, -1.80173, -2.13198, -1.66041, -1.59162, -2.24404, -2.27463, -1.46936, -1.76536, -2.10606, -1.76193, -1.92678, -1.98524, -1.93082, -1.51322, -1.57736, -1.55675, -1.74185, -1.68881, -1.56354, -1.552, -1.90668, -1.54431, -1.77456, -1.61677, -1.6901, -1.74671, -1.61125, -1.42433, -1.61826
2.14, 0.0319374, -0.593093, -1.97165, -1.59144, -1.12142, -1.51223, -1.68136, -2.19547, -1.1327, -0.833234, -1.07323, -0.891306, -0.447283, -0.752493, -0.554221, -0.898947, -0.568675, -0.567546, -0.345166, -0.434622, -0.239899, -1.01484, -0.339831, 0.00114768, 0.243906, -0.0784084, -0.123072, 0.187769, 0.722453, 0.406338, 0.571557
2.16, 0.0319374, -1.19659, -2.9245, -2.3605, -1.19622, -1.44225, -1.74106, -1.28304, -0.885655, -0.660582, -1.56295, -1.19762, -1.34347, -0.830572, -0.891147, -0.763931, -1.74416, -0.75804, -0.9179, -0.833349, -0.216698, -0.678367, -0.408979, -0.127103, -0.203349, -0.240251, -0.28583, 0.241271, 0.0732622, 0.12036, 0.0884185
2.18, 0.0319374, -0.98519, -1.71606, -1.18811, -1.18418, -1.59197, -1.96061, -1.80765, -1.74738, -1.50638, -1.43182, -1.33579, -2.06327, -1.92565, -1.8124, -1.24333, -1.47402, -1.43836, -1.63511, -1.31404, -1.54228, -1.52934, -1.67469, -1.52073, -1.53748, -1.19101, -1.18978, -1.31552, -1.39198, -1.1661, -1.28424
2.2, 0.0319374, -1.67641, -2.18803, -1.63259, -1.75815, -2.03547, -1.60484, -2.04553, -1.72081, -1.86392, -2.16257, -1.61407, -2.00701, -1.88527, -1.78647, -1.68868, -1.22479, -1.20373, -1.52628, -1.3244, -1.89584, -2.14873, -2.24041, -1.74107, -1.87777, -1.30792, -1.29939, -1.56957, -1.33496, -1.60225, -1.16746
2.22, 0.0319374, -0.967525, -1.96913, -2.72954, -1.75178, -1.54657, -2.25904, -1.84107, -2.48077, -1.72546, -2.47452, -2.05634, -1.86566, -2.24086, -1.95607, -1.34934, -1.94539, -1.39101, -1.70179, -1.75287, -2.29566, -2.28857, -1.8325, -1.83216, -1.83536, -1.28722, -1.21374, -1.69242, -1.43245, -1.77705, -1.43802
2.24, 0.0319376, -2.00351, -2.36979, -2.28426, -2.64358, -2.22538, -2.45377, -2.21739, -1.77094, -1.77852, -2.04408, -1.66949, -1.80154, -2.22054, -1.85228, -1.87334, -1.27357, -1.9763, -1.92936, -1.17784, -1.63595, -1.40796, -1.43234, -1.57109, -1.41098, -1.36047, -1.40469, -2.09612, -1.58748, -1.54253, -1.51757
2.26, 0.0319376, -1.08118, -2.70342, -1.88621, -1.84931, -1.54088, -1.64541, -1.6125, -1.89483, -1.94303, -2.2632, -1.74713, -1.97088, -1.88792, -2.21602, -1.86957, -2.12773, -1.63043, -1.47207, -1.70303, -1.57434, -1.55293, -1.5454, -1.50369, -1.15853, -1.37429, -1.22209, -1.57921, -1.4727, -1.19994, -1.68441
2.28, 0.0319376, -1.43164, -2.04579, -2.37526, -1.52485, -1.65845, -2.00869, -1.88926, -1.80069, -1.54894, -2.30874, -2.07405, -2.37732, -1.78191, -1.40193, -2.10248, -1.60394, -1.08146, -1.17865, -1.32211, -1.75301, -1.39059, -1.3698, -1.62789, -1.53078, -1.5301, -1.73206, -1.75736, -1.55988, -1.59894, -1.45652
2.3, 0.0319376, -0.48073, -2.00271, -2.03408, -2.15459, -1.92566, -1.86792, -1.9934, -1.47514, -1.72009, -2.15015, -2.36608, -2.45652, -2.09256, -1.72889, -1.61933, -1.25171, -1.48837, -2.16589, -1.79141, -1.98572, -1.57134, -1.37671, -1.99424, -1.45277, -1.26363, -1.4453, -1.60771, -1.55171, -1.70574, -1.76092
2.32, 0.0319376, -1.40319, -1.53451, -2.62762, -1.4559, -1.49334, -1.94665, -1.69488, -1.99897, -2.09611, -2.12814, -2.06034, -2.32124, -1.80065, -1.29538, -1.6189, -1.23381, -1.60805, -1.6035, -1.76508, -1.62374, -1.72838, -1.88467, -1.63333, -1.55551, -1.55737, -1.90628, -1.66491, -1.33129, -1.35432, -1.64664
2.34, 0.0319376, -1.13268, -1.77517, -1.90944, -1.92012, -1.6351, -2.01064, -2.44839, -2.03545, -2.02825, -2.46679, -2.55122, -2.29981, -2.65888, -2.05366, -1.59675, -1.36942, -1.73816, -1.7034, -1.83704, -1.73242, -1.76319, -1.51597, -1.75552, -1.92001, -1.36742, -1.55257, -1.53821, -1.34746, -1.51767, -1.73962
2.36, 0.0319376, -0.670436, -1.81571, -1.81872, -1.24589, -1.60581, -1.9825, -1.66701, -1.81465, -2.26991, -2.59024, -1.83444, -2.51003, -1.99331, -1.61255, -1.04456, -1.31712, -1.49741, -1.60081, -1.79231, -1.6365, -1.52976, -1.30719, -1.22833, -1.54348, -1.1314, -1.32115, -1.4545, -1.4316, -1.39413, -1.57275
2.38, 0.0319374, -1.42869, -2.08152, -1.83651, -1.28054, -1.44745, -1.55317, -2.11292, -1.69942, -1.66837, -2.35341, -1.75985, -2.22548, -2.19392, -1.63049, -1.35264, -1.84048, -1.65056, -1.23838, -1.48039, -1.48519, -1.31492, -1.1342, -0.972732, -0.587215, -1.05278, -1.07703, -0.839459, -0.831676, -0.855117, -1.41253
2.4, 0.0319374, -1.01564, -2.05967, -1.63579, -1.96352, -1.25879, -1.93333, -2.28799, -2.0476, -2.07753, -1.66333, -1.02683, -1.41208, -1.31952, -1.24717, -1.54011, -1.05152, -1.39787, -1.36724, -1.47133, -1.22822, -0.866099, -1.24703, -0.872075, -0.875282, -0.953829, -1.08791, -1.46128, -0.837392, -0.598632, -0.818329
2.42, 0.0319374, -1.36688, -2.09361, -2.04441, -2.00253, -1.78199, -1.41718, -1.85691, -1.12272, -1.60376, -1.77248, -1.77933, -2.19386, -1.85198, -1.98372, -1.63934, -1.69542, -1.73003, -1.5267, -1.57766, -1.54799, -1.58794, -1.81995, -1.47507, -1.35614, -1.42981, -1.58317, -1.35496, -1.36142, -1.38426, -1.38169
2.44, 0.0319374, -0.319891, -1.68487, -2.00048, -2.34722, -1.63061, -1.14113, -0.866586, -1.00673, -1.22232, -1.67688, -1.43091, -1.6423, -1.70827, -1.59513, -1.06679, -1.21716, -1.43352, -1.37523, -1.6522, -1.43897, -1.47077, -1.67978, -1.50486, -1.72637, -1.33171, -1.54657, -1.30359, -1.07469, -1.52651, -1.32591
2.46, 0.0319374, -0.382087, -1.47359, -1.21585, -0.983979, -1.74047, -2.11909, -1.62106, -1.37211, -1.59387, -1.78357, -1.51371, -1.99606, -1.98015, -1.6155, -1.2517, -1.88092, -2.06635, -1.75625, -1.11736, -1.5902, -1.55083, -1.02516, -0.90201, -1.07329, -0.578549, -1.23134, -0.95349, -0.929193, -0.80641, -0.578993
2.48, 0.0319376, -1.34447, -1.94082, -1.34372, -2.2284, -1.56959, -2.45062, -2.13846, -1.37284, -1.24935, -1.9605, -1.72826, -2.14119, -2.05806, -1.75672, -1.1017, -1.29193, -1.25739, -1.23415, -0.983844, -1.4628, -1.84744, -1.21301, -1.45119, -1.49319, -1.07912, -1.02537, -1.08081, -1.04742, -1.30244, -1.23172
2.5, 0.0319376, -1.21763, -1.25309, -1.51825, -1.87225, -2.22176, -1.95138, -1.74988, -2.28302, -2.09735, -1.87564, -1.63987, -2.08089, -2.02756, -1.75233, -1.72885, -1.20676, -1.12097, -1.43366, -0.911852, -0.605882, -0.48609, -0.9634, -1.34438, -0.957302, -1.21428, -1.21271, -0.962207, -1.04797, -1.27846, -1.45875
2.52, 0.0319376, -0.884936, -1.86078, -1.55511, -1.69449, -1.6394, -1.28807, -1.81098, -2.05764, -1.23104, -2.66723, -1.41563, -2.19643, -1.9617, -1.46161, -1.3883, -1.48374, -1.67859, -1.74677, -1.41343, -1.69067, -1.41328, -1.243, -1.68458, -1.70072, -1.71459, -1.64953, -1.31811, -1.75012, -1.64714, -1.61312
2.54, 0.0319376, -0.753707, -1.95699, -2.04248, -1.85204, -2.02373, -1.57319, -1.53202, -1.49663, -0.908606, -1.01259, -1.61447, -1.74594, -1.49107, -1.90815, -1.83916, -1.36817, -1.39296, -1.41487, -0.709875, 0.0943486, -0.105722, -0.849124, -0.992307, -1.37575, -1.09935, -0.976101, -0.463245, -0.569576, -0.714455, -0.537505
2.56, 0.0319376, -0.435021, -0.837617, -1.73242, -1.31331, -1.15668, -2.19694, -1.95423, -1.70723, -1.73161, -1.95899, -1.72883, -3.06297, -2.28737, -1.43263, -1.479, -2.02438, -1.74585, -1.7418, -1.41931, -1.46115, -1.54727, -1.74891, -1.61785, -1.44197, -1.41942, -1.56351, -1.47818, -1.27324, -1.45609, -1.66457
2.58, 0.0319376, -0.424853, -1.85724, -1.15416, -1.28368, -1.67909, -2.01337, -2.33982, -2.08529, -1.55559, -2.10474, -1.87369, -2.05611, -1.92568, -2.1723, -1.38268, -1.59242, -0.972934, -0.44223, -0.764656, -0.915695, -0.913856, -1.1613, -0.816418, -0.501257, -0.699949, -1.04186, -1.35949, -1.17578, -1.27371, -1.06042
2.6, 0.0319376, -1.03891, -0.973094, -1.19938, -1.44479, -1.91951, -1.83486, -1.55195, -1.98145, -2.17957, -2.05046, -1.62423, -2.22783, -1.90563, -1.28987, -1.40467, -1.68904, -1.40793, -1.48081, -1.08394, -1.06018, -1.34203, -1.49772, -1.19998, -1.40978, -1.14506, -1.34907, -0.993528, -1.12422, -1.36404, -1.24463
2.62, 0.0319376, -0.783912, -1.88433, -2.16988, -1.42065, -0.938049, -1.58642, -1.64035, -1.67442, -1.30009, -1.65279, -1.65115, -1.50008, -1.44115, -1.74096, -0.969651, -1.05792, -1.21807, -1.32435, -1.13086, -1.25388, -1.24761, -1.03284, -0.919389, -0.921164, -0.823646, -0.809475, -1.01677, -0.963609, -0.88515, -0.859603
2.64, 0.0319374, -0.526086, -1.77972, -2.07071, -1.88785, -1.77165, -1.52912, -1.85664, -1.2833, -1.45245, -1.3694, -1.695, -1.95396, -1.68587, -1.05753, -1.15984, -1.73483, -1.55953, -1.22342, -1.26996, -1.07885, -1.26759, -1.32223, -1.04825, -1.05724, -1.0477, -0.909347, -0.917178, -0.868159, -1.31173, -1.3217
2.66, 0.0319374, -0.895274, -1.82728, -1.51534, -1.67185, -1.43261, -1.98211, -1.68133, -0.983371, -1.03044, -1.97427, -1.3598, -1.24145, -1.26498, -0.944239, -0.972658, -1.27766, -1.07962, -0.887082, -0.578198, -0.725223, -0.926066, -1.35488, -1.06848, -0.999225, -1.01646, -1.01168, -0.906436, -0.605086, -0.665391, -0.709501
2.68, 0.0319374, -1.36508, -1.38236, -1.6584, -2.0458, -1.25641, -0.779954, -1.36001, -1.19601, -1.06761, -1.78529, -1.95575, -2.16678, -2.03407, -1.6275, -1.77002, -1.64296, -1.48257, -1.8013, -1.37017, -1.45735, -1.28566, -1.35948, -1.39941, -1.31144, -1.60942, -1.45052, -1.49347, -1.16887, -1.46204, -1.05983
2.7, 0.0319374, -0.877101, -0.633273, -1.26234, -1.11175, -1.24009, -0.993234, -1.25414, -0.855369, -1.4397, -1.29382, -0.854225, -0.753348, -0.825047, -0.947086, -0.414211, -0.622586, -0.325973, -0.0438646, 0.0915577, -0.0779841, -0.330084, -0.382652, 0.10951, -0.160145, -0.384728, -0.248063, -0.265278, -0.340865, -0.361497, -0.109178
2.72, 0.0319374, -0.218444, -1.51253, -1.0895, -0.896042, -0.630563, -1.52811, -0.90232, -1.4711, -0.88471, -1.20372, -1.72078, -1.86187, -1.7063, -1.52082, -1.53384, -1.41614, -1.08888, -0.861889, -1.16767, -1.5038, -1.02023, -1.11201, -1.14333, -0.916465, -0.959505, -1.2306, -0.876071, -1.2422, -1.3096, -1.35429
2.74, 0.0319376, -0.0747859, -1.33812, -2.11711, -1.07481, -1.79541, -1.69007, -1.64085, -1.62398, -1.42009, -1.9067, -1.77999, -2.28633, -2.11259, -1.8148, -1.50372, -1.51683, -1.16638, -1.19218, -1.42191, -1.37285, -1.7353, -1.38809, -1.55048, -1.34308, -1.14053, -1.33339, -1.48012, -1.55424, -1.6914, -1.73297
2.76, 0.0319376, -0.451386, -1.14436, -1.42047, -0.983331, -1.03911, -1.2934, -1.51986, -0.860092, -0.677123, -0.773612, -0.623819, -0.829193, -0.886059, -0.58687, 0.341804, -0.298147, -0.169666, 0.15572, -0.231615, -0.187315, 0.00330319, -0.117337, -0.358414, -0.171008, -0.0160267, -0.154499, -0.332035, -0.472868, -0.66627, -0.662215
2.78, 0.0319376, -0.480862, -1.32629, -1.10116, -0.600646, -1.19086, -1.39961, -1.4562, -1.1028, -0.974865, -0.900479, -1.07666, -1.92503, -1.67281, -0.975962, -0.665976, -0.855459, -0.681772, -0.647992, -0.923195, -0.829974, -0.711994, -0.787622, -0.810986, -1.34774, -0.909824, -0.966902, -0.986695, -0.968399, -0.741471, -1.38908
2.8, 0.0319376, -0.881908, -2.29891, -2.19195, -1.54852, -1.56659, -1.47857, -2.16634, -1.55661, -1.41352, -1.92705, -1.73949, -2.02279, -1.68606, -1.43621, -1.82479, -1.53801, -1.8228, -1.10844, -1.19713, -1.57452, -1.77263, -1.44486, -1.08359, -0.897411, -0.830055, -0.916746, -1.36385, -1.14669, -0.842488, -1.16933
2.82, 0.0319376, -1.07654, -1.46189, -1.27774, -0.897295, -1.14525, -1.40647, -1.79975, -1.50883, -1.01461, -1.57067, -1.69764, -1.91908, -1.64553, -1.34269, -1.04564, -1.53371, -1.94435, -1.79676, -1.20789, -1.4862, -1.73413, -1.84335, -1.90695, -1.40226, -1.4442, -1.85764, -1.59888, -1.4186, -1.21815, -1.27679
2.84, 0.0319376, -0.209225, -0.950319, -0.977767, -1.06874, -1.85326, -2.29523, -2.08338, -1.74305, -1.33234, -1.45545, -1.60081, -2.00557, -1.84044, -1.56336, -2.21412, -1.67236, -1.46418, -1.80245, -1.49111, -1.86514, -1.89069, -1.73647, -1.28581, -1.88454, -1.49612, -1.53212, -1.56973, -1.66903, -1.38725, -1.41787
2.86, 0.0319376, -1.09927, -1.26923, -2.1352, -2.42137, -1.40289, -0.840927, -1.90388, -1.78486, -1.21034, -2.16347, -2.66252, -2.66512, -1.91595, -2.04853, -1.67848, -1.10896, -0.869636, -1.63973, -1.87676, -1.66652, -1.62983, -1.28989, -1.474, -1.68371, -1.44994, -1.43193, -1.64034, -1.55487, -1.52319, -1.44555
2.88, 0.0319374, -1.35449, -1.24066, -1.87155, -1.24247, -1.66098, -1.83603, -1.31559, -1.38865, -1.05781, -1.96603, -1.73684, -2.12078, -1.94826, -1.42977, -1.18123, -1.34807, -1.49521, -1.66016, -0.99774, -1.5425, -1.84935, -1.5986, -1.66138, -1.56702, -1.38282, -1.46855, -1.63591, -1.62083, -1.52556, -1.69183
2.9, 0.0319374, -0.597293, -1.36485, -1.23419, -1.40724, -2.0215, -1.77962, -1.85203, -2.02494, -2.43247, -2.31422, -1.68869, -2.1899, -2.2695, -2.21528, -1.49158, -1.6056, -1.32024, -1.57752, -1.66933, -2.15708, -1.85823, -1.51999, -1.48644, -1.56588, -1.20551, -1.44209, -1.53847, -1.41331, -1.91441, -1.82831
2.92, 0.0319374, -1.49307, -1.61368, -1.75096, -1.9275, -2.32375, -1.5045, -1.27656, -1.60407, -1.58885, -2.07327, -1.83529, -2.07467, -2.03877, -1.56354, -1.50545, -1.65269, -1.5819, -1.49331, -1.26712, -1.39711, -1.45148, -1.60779, -1.63628, -1.67977, -1.40029, -1.59, -1.55982, -1.24129, -1.59447, -1.45007
2.94, 0.0319374, -0.821213, -2.06404, -1.06996, -1.24045, -1.25561, -1.89196, -2.0467, -1.66441, -1.68194, -1.96716, -1.58048, -1.65542, -1.60113, -1.37222, -1.54353, -1.41184, -1.56886, -1.83706, -1.36238, -1.34753, -1.42884, -1.52059, -1.76471, -1.75317, -1.56094, -1.51697, -1.58915, -1.78452, -1.98441, -1.43095
2.96, 0.0319374, -1.2342, -1.84902, -2.22156, -2.07882, -1.93609, -2.34452, -1.85962, -2.0842, -1.86058, -1.89823, -1.63575, -2.24437, -1.68097, -2.18559, -2.30633, -1.52348, -1.41584, -1.6556, -1.38661, -1.62221, -1.56984, -1.44385, -1.70747, -1.37559, -1.37251, -1.26808, -1.47865, -1.65897, -1.57671, -1.45567
2.98, 0.0319376, -0.872921, -1.77863, -1.3762, -1.57287, -1.58947, -2.07772, -1.88043, -2.04692, -2.19024, -1.75226, -1.39527, -1.82103, -1.97828, -1.54941, -1.51573, -1.80537, -1.45294, -1.82983, -1.70041, -1.89822, -2.01397, -1.77898, -1.53924, -1.5623, -1.69445, -1.6017, -1.68386, -1.69574, -1.71479, -1.37541
3, 0.0319376, -1.31166, -1.74241, -1.00483, -1.70328, -1.90289, -1.42109, -1.50768, -1.61138, -1.48443, -2.30015, -2.24532, -2.41956, -2.21958, -1.68117, -1.51467, -1.98821, -1.41414, -1.12312, -1.24358, -0.99961, -1.24729, -1.05717, -0.997887, -0.765163, -1.0842, -1.36024, -1.50055, -1.13037, -1.06955, -1.19552
3.02, 0.0319376, -1.29608, -2.58288, -2.26691, -1.73279, -1.39407, -1.65892, -2.1465, -1.88321, -2.13889, -1.81302, -1.43737, -1.85059, -2.29692, -1.6215, -1.1051, -1.3056, -1.1, -1.44166, -1.53539, -1.62591, -1.32681, -1.2829, -1.40838, -1.25927, -1.05966, -1.38887, -1.32912, -1.4526, -1.77527, -1.52658
3.04, 0.0319376, -0.227318, -1.17905, -2.07992, -1.88289, -1.56751, -2.16948, -1.28863, -1.7585, -1.95682, -2.37121, -2.04806, -2.00448, -2.13831, -1.82148, -1.59521, -1.6595, -1.81264, -1.68754, -1.48204, -1.944, -1.61584, -1.63661, -1.90376, -1.9358, -1.52873, -1.69945, -1.69127, -1.69336, -1.29018, -1.81416
3.06, 0.0319376, -1.18053, -2.65148, -2.06805, -2.12135, -1.56474, -1.65607, -1.91855, -2.38217, -2.45451, -2.16866, -1.86166, -2.27772, -1.76816, -1.8667, -1.49219, -1.78824, -1.99285, -1.89343, -1.35761, -1.87538, -2.02368, -2.19894, -1.53791, -1.68524, -1.46471, -1.65161, -1.72041, -1.52365, -1.37939, -1.66865
3.08, 0.0319376, -0.888425, -1.91667, -1.2293, -1.31559, -1.18146, -1.67624, -1.87167, -1.59808, -1.80786, -2.01662, -1.6211, -2.40935, -2.18669, -1.96679, -2.1085, -1.57757, -1.59446, -2.04961, -1.56454, -1.41607, -1.88443, -1.92355, -1.44425, -1.46436, -1.70203, -1.87631, -1.76112, -1.67621, -1.81124, -1.51634
3.1, 0.0319376, -1.10957, -2.16286, -1.59806, -1.97509, -1.53635, -1.91761, -1.89571, -2.15491, -2.45148, -2.3467, -2.16042, -2.29616, -2.23208, -1.68887, -1.47709, -1.90043, -1.72894, -2.13278, -1.60606, -1.99245, -1.86727, -1.5776, -1.42154, -1.4511, -1.64264, -1.25151, -1.5262, -1.341, -1.73567, -1.26474
3.12, 0.0319376, -0.63357, -1.9873, -1.95731, -2.30485, -2.08878, -2.26839, -2.6452, -2.16296, -2.14221, -2.64377, -1.99021, -2.15745, -1.8914, -1.98756, -1.1308, -1.11051, -1.2667, -1.74128, -1.42331, -1.87845, -2.01075, -2.01756, -2.28617, -1.46075, -1.06465, -1.50421, -1.40647, -1.18242, -1.43095, -1.32621
3.14, 0.0319374, -0.68646, -1.77035, -2.34108, -1.51253, -1.65435, -1.56629, -1.80183, -2.05509, -1.9695, -2.34408, -1.93429, -1.83118, -2.13598, -1.95813, -2.00958, -1.50608, -1.39117, -1.32331, -1.54835, -1.67453, -1.33408, -1.63289, -1.92534, -1.48823, -1.39901, -1.60892, -1.59336, -1.85426, -1.70944, -1.47704
3.16, 0.0319374, -1.00105, -1.42614, -1.51102, -1.4468, -1.15208, -1.7199, -1.45673, -1.42454, -1.43335, -1.83787, -2.29271, -2.39171, -1.99948, -1.22596, -1.12595, -1.46892, -1.2572, -1.7149, -1.87948, -1.49813, -1.47292, -1.48604, -1.24108, -1.23406, -1.25573, -1.19292, -1.25722, -1.56855, -1.66322, -1.66907
3.18, 0.0319374, -1.27837, -1.36141, -1.40648, -2.37773, -2.60388, -1.87111, -1.81814, -1.72989, -1.50544, -2.21637, -2.04742, -1.88391, -1.80708, -1.36562, -1.14156, -1.60084, -1.5142, -1.64417, -1.73053, -1.57766, -1.58819, -1.54124, -1.53724, -1.52704, -1.29183, -1.52403, -1.33573, -1.23999, -1.48488, -1.53632
3.2, 0.0319374, -1.32003, -1.23502, -1.70201, -0.919469, -1.51592, -1.9048, -2.0466, -1.51031, -1.64643, -2.01817, -1.95353, -1.9086, -2.17311, -1.91164, -1.99078, -1.42226, -1.86177, -2.17765, -1.50249, -1.80796, -1.81411, -1.48675, -1.68583, -1.79766, -1.58279, -1.75014, -1.83938, -1.78566, -1.60988, -1.49922
3.22, 0.0319374, -0.13361, -1.14414, -1.60892, -1.75777, -1.38997, -1.97804, -1.75241, -1.92555, -2.10965, -1.84137, -1.37081, -1.92495, -2.56829, -2.47832, -1.54982, -1.65261, -1.73385, -1.72181, -1.47472, -1.75967, -1.6459, -1.44609, -1.7054, -1.72322, -1.44886, -1.75215, -1.63507, -1.43443, -1.36107, -1.47644
3.24, 0.0319376, -1.18172, -1.59112, -1.41896, -1.2072, -1.67035, -1.97978, -1.51052, -1.4972, -1.39738, -2.04308, -1.17386, -1.59459, -1.43633, -1.78426, -0.974554, -1.42587, -1.67849, -1.20184, -1.08435, -1.14961, -1.01591, -1.03531, -1.12747, -1.1192, -1.12593, -1.31505, -1.15595, -1.34944, -1.18323, -1.04251
3.26, 0.0319376, -1.24236, -2.24741, -0.895708, -1.33763, -1.93187, -2.33704, -2.07254, -1.57031, -1.55684, -1.98525, -2.27181, -1.90992, -1.82331, -1.58019, -1.35236, -1.5064, -1.28089, -1.40097, -1.58998, -1.61438, -1.66259, -1.17761, -1.30203, -1.48663, -1.40316, -1.2735, -1.25202, -1.13271, -1.49585, -1.64883
3.28, 0.0319376, -1.94246, -1.64512, -0.699845, -1.32527, -1.80798, -1.84523, -2.71104, -2.3826, -1.57415, -2.07978, -1.65904, -2.15602, -2.21314, -2.17291, -1.4469, -1.96316, -1.64269, -1.56987, -1.19368, -1.66569, -1.65619, -1.43484, -1.37734, -1.46233, -1.28414, -1.29372, -1.46546, -1.27519, -1.6154, -1.59144
3.3, 0.0319376, -0.611663, -1.5295, -1.69831, -1.69113, -2.18453, -1.92004, -2.58599, -1.95733, -1.63204, -2.21569, -1.8247, -2.16978, -1.52831, -1.30375, -1.76136, -1.65317, -1.88967, -1.64201, -1.55373, -1.35689, -2.15756, -1.54712, -1.72293, -1.55099, -1.32113, -1.69468, -1.67322, -1.71354, -1.5476, -1.57831
3.32, 0.0319376, -1.26471, -1.49918, -1.61747, -2.71955, -2.19994, -1.71858, -1.80067, -2.26283, -1.72897, -1.74717, -1.87505, -2.59794, -1.83409, -1.70433, -1.38815, -1.53477, -1.24587, -1.42831, -0.910512, -1.73155, -1.58706, -1.37214, -1.39157, -1.69199, -1.11726, -1.59619, -1.43248, -1.25103, -1.49673, -1.36779
3.34, 0.0319376, -0.510714, -1.45339, -1.43531, -1.98085, -1.58354, -1.79712, -1.7665, -1.35942, -1.90563, -2.09916, -1.60007, -2.12474, -1.87112, -1.67618, -1.29497, -1.59427, -1.8011, -1.54841, -1.29111, -1.6382, -1.65145, -1.68235, -2.20032, -1.79821, -1.24868, -1.55267, -1.43266, -1.46594, -1.56268, -1.62118
3.36, 0.0319376, -1.80419, -2.84352, -2.5374, -1.41435, -1.48254, -1.80487, -2.10998, -2.67058, -2.25512, -2.03982, -1.73495, -2.20242, -2.20523, -1.85922, -1.59321, -1.31086, -1.55032, -1.7315, -1.37608, -1.91246, -1.60968, -1.68588, -1.75999, -1.69311, -1.48114, -1.50652, -1.53859, -1.32677, -1.55058, -1.80977
3.38, 0.0319374, -1.79199, -1.91916, -1.87122, -1.83319, -1.82598, -1.79143, -2.06684, -1.94617, -2.36952, -2.04485, -1.63775, -1.87133, -2.0414, -1.92643, -1.07889, -1.42638, -1.60964, -1.46471, -1.21094, -1.8153, -1.45251, -1.54152, -1.26148, -1.39368, -1.47344, -1.76977, -1.8904, -1.6709, -1.60725, -1.70481
3.4, 0.0319374, -0.452657, -2.2204, -2.90805, -1.97715, -1.60414, -1.68563, -1.8473, -2.33526, -2.04809, -2.13879, -1.91183, -1.97565, -2.50416, -2.03985, -1.5719, -2.18121, -1.87431, -1.84119, -1.81826, -1.66819, -1.41963, -1.60877, -1.4881, -1.53806, -1.37346, -1.58363, -1.47927, -1.54523, -1.51066, -1.64454
3.42, 0.0319374, -0.343233, -0.852688, -1.83154, -1.60207, -1.28139, -0.912816, -1.013, -1.31836, -1.11465, -0.879627, -0.818209, -0.914312, -0.801187, -0.431862, -0.512057, -0.249316, -0.176141, -0.506658, -0.615109, -0.579324, -0.505653, -0.376332, -0.0157061, 0.0921793, 0.184366, 0.133679, -0.302548, -0.114063, -0.42228, -0.586968
3.44, 0.0319374, -0.615833, -1.12747, -0.396115, -0.584084, -0.662034, -1.1229, -0.71715, -0.915533, -0.290443, -0.497707, -0.694898, -1.31356, -1.13636, -1.21378, -0.793212, -0.450349, -0.560758, -0.523427, -0.279674, -0.728841, -0.380387, -0.702297, -0.745747, -0.485695, -0.208768, -0.340163, -0.528792, -0.679984, -0.529789, -0.544566
3.46, 0.0319374, -0.279416, -1.66441, -1.63489, -1.62607, -1.92712, -1.89107, -1.50143, -2.36172, -1.24901, -1.6183, -1.59895, -2.01084, -1.96624, -1.85186, -1.60194, -1.31844, -1.61245, -1.84168, -1.51951, -1.70426, -2.01068, -1.5839, -1.23303, -1.49597, -1.14439, -1.45108, -1.38489, -1.27839, -1.23849, -1.04761
3.48, 0.0319376, -0.283695, -1.38573, -1.55007, -1.74884, -1.59509, -2.6694, -2.03522, -1.92467, -2.00167, -2.9845, -1.91257, -2.03638, -2.11876, -1.69603, -1.28677, -1.66365, -1.56473, -1.59484, -1.01615, -1.28052, -1.22196, -1.67147, -1.48156, -1.27261, -1.38031, -1.31523, -1.2619, -1.31312, -1.19954, -1.27562
3.5, 0.0319376, -0.957514, -1.73623, -2.30623, -1.61391, -1.24767, -1.8299, -1.84362, -1.94209, -1.71424, -1.65186, -1.68423, -2.07929, -2.39371, -1.68372, -1.0875, -1.62822, -1.63548, -1.44265, -0.978109, -1.25316, -1.56399, -1.58546, -1.46653, -1.24663, -1.44279, -1.40251, -1.56847, -1.41962, -1.62533, -1.71357
3.52, 0.0319376, -1.30121, -2.41153, -2.58076, -1.83921, -1.02846, -1.62457, -1.82741, -1.79863, -1.93905, -1.91639, -1.82741, -2.06662, -1.37988, -1.48991, -1.465, -1.68755, -1.47999, -1.59095, -1.31853, -1.68005, -1.95946, -1.59792, -1.51086, -1.63979, -1.67194, -1.19995, -1.46861, -1.53778, -1.36255, -1.66708
3.54, 0.0319376, 0.327681, -1.15835, -1.97512, -1.91918, -1.71521, -1.8819, -1.75873, -1.20642, -1.68902, -2.33293, -1.96674, -1.42403, -1.30621, -1.61382, -1.6491, -1.36252, -1.02515, -1.43566, -1.43146, -1.20198, -1.04379, -1.36993, -0.739222, -0.918817, -0.864708, -1.06697, -1.10014, -1.11068, -1.29037, -1.443
3.56, 0.0319376, -0.588954, -0.736021, -1.13078, -1.49694, -1.94604, -1.66417, -1.48017, -1.16609, -1.55078, -1.56338, -1.54571, -1.91582, -1.63197, -1.23156, -1.6332, -1.56654, -1.5729, -1.52789, -1.46043, -2.0738, -1.3485, -1.69882, -1.7955, -1.23509, -1.34649, -1.27949, -1.64331, -1.142, -1.32805, -1.32533
3.58, 0.0319376, -0.204484, -1.41192, -1.67248, -1.74733, -1.65658, -2.3004, -2.29016, -2.40118, -1.53714, -1.93846, -1.797, -1.81669, -1.63496, -1.92664, -1.46522, -1.24637, -1.31799, -0.988142, -0.986429, -1.30623, -1.0657, -1.21699, -1.35907, -1.39388, -1.04853, -1.35185, -1.52348, -1.11996, -1.52382, -1.56584
3.6, 0.0319376, -0.298602, -2.15693, -1.73094, -1.35058, -1.70679, -2.16743, -2.23829, -3.03631, -1.7417, -1.78145, -2.0009, -2.57353, -2.09092, -1.33146, -1.06254, -1.43836, -1.58059, -1.71301, -1.51724, -1.76634, -1.79648, -1.81638, -1.67912, -1.28155, -1.46528, -1.50615, -1.77396, -1.55462, -1.33934, -1.3716
3.62, 0.0319376, -0.985511, -1.73589, -1.03027, -1.05596, -1.6581, -2.17506, -2.10116, -1.66685, -1.7617, -2.23528, -2.26815, -2.08204, -1.91227, -1.64859, -1.4873, -1.4571, -1.43083, -1.43208, -1.14974, -1.91113, -1.94375, -1.94444, -1.84147, -1.16844, -1.54845, -1.80619, -1.70952, -1.59002, -1.61166, -1.59216
3.64, 0.0319374, -0.756236, -1.66616, -1.38986, -1.27319, -1.61966, -1.79321, -1.89414, -1.76752, -2.05719, -1.53881, -1.34815, -1.72107, -1.75856, -1.80969, -1.52316, -1.75478, -1.89391, -1.89916, -1.7745, -1.43216, -1.19419, -1.24401, -1.49047, -1.24102, -1.45601, -1.70935, -1.75624, -1.50474, -1.40247, -1.75184
3.66, 0.0319374, -0.587563, -1.78025, -2.47, -2.0197, -1.6619, -1.65721, -2.51266, -2.32691, -1.77153, -2.10533, -1.37201, -1.91744, -1.71009, -1.33415, -1.92313, -1.5824, -1.37846, -1.56995, -1.20977, -1.63365, -1.66617, -1.44703, -1.43658, -1.41475, -1.31554, -2.02061, -1.45636, -1.6046, -1.55985, -1.43
3.68, 0.0319374, -0.766417, -1.70262, -1.52428, -1.70392, -1.38521, -1.79556, -1.46498, -1.8174, -2.28414, -2.39663, -1.93349, -1.96162, -1.43084, -2.04393, -1.92486, -1.33251, -1.67321, -1.63063, -1.40467, -2.43704, -1.70073, -1.45883, -1.42308, -1.65656, -1.36281, -1.45499, -1.3108, -1.55669, -1.22582, -1.46042
3.7, 0.0319374, -1.62955, -1.6172, -1.79146, -1.62248, -1.69887, -1.22672, -1.17644, -1.32413, -1.33314, -1.9289, -1.70093, -2.06529, -1.48045, -1.33421, -1.37219, -1.22402, -1.26099, -1.37415, -1.34379, -1.54744, -1.59757, -1.39463, -1.31027, -1.48997, -1.58967, -1.82326, -1.46301, -1.56386, -1.34565, -1.46952
3.72, 0.0319374, -1.14704, -0.992662, -1.13452, -0.15668, -0.392995, -0.404137, -1.25025, -0.302494, -0.343994, -0.802213, -0.755688, -1.06197, -0.201986, -0.366395, -0.203567, -0.481151, -0.121728, -0.0103321, -0.275592, 0.0823288, -0.113177, 0.207939, 0.435259, 0.333455, 0.499179, 0.146514, 0.359692, -0.211649, -0.378351, -0.474375
3.74, 0.0319376, -0.500213, -1.24753, -2.25887, -2.35537, -1.58611, -1.63099, -2.11558, -1.50232, -2.05932, -2.0561, -1.72917, -1.52914, -1.709, -1.68316, -1.81067, -1.48234, -1.32789, -1.89748, -1.52148, -1.53095, -1.17403, -1.16444, -1.35426, -1.33703, -1.25349, -1.33008, -1.43975, -1.54458, -1.2726, -1.40776
3.76, 0.0319376, -1.28819, -1.84379, -1.5798, -1.89658, -1.55006, -1.86957, -1.22944, -1.12064, -1.9112, -2.13264, -1.87428, -1.83824, -2.24499, -1.84878, -1.88322, -1.23892, -1.61384, -1.41424, -1.16488, -1.55003, -1.62087, -1.50598, -1.48329, -1.79456, -1.40086, -1.406, -1.44528, -1.49912, -1.91132, -1.79592
3.78, 0.0319376, -1.16552, -1.88752, -1.55938, -1.86344, -2.04265, -2.57102, -1.53786, -1.54788, -1.75907, -2.28688, -2.3319, -2.27107, -1.93077, -1.39928, -1.19711, -1.03462, -1.48974, -1.32412, -1.02001, -1.61742, -1.91044, -1.76483, -1.69204, -1.71375, -1.3403, -1.15763, -1.37709, -1.39221, -1.58091, -1.73111
3.8, 0.0319376, -1.10191, -1.27888, -1.80716, -1.99499, -1.57359, -1.68638, -2.3361, -2.399, -1.81655, -1.78379, -1.86637, -2.22576, -2.03383, -1.94051, -1.71806, -1.25492, -1.38701, -1.83241, -1.57383, -2.01487, -1.76802, -1.51069, -1.49721, -1.43294, -1.17633, -1.5044, -1.57135, -1.41981, -1.60645, -1.48636
3.82, 0.0319376, -0.564107, -1.76663, -2.00507, -1.76222, -1.38736, -1.6302, -1.4183, -1.69004, -1.93309, -2.13347, -2.22334, -1.78919, -1.69348, -2.07175, -1.69843, -1.58301, -1.43433, -1.67484, -1.64893, -1.67742, -1.23052, -1.35444, -1.54011, -1.48646, -1.22388, -1.34492, -1.19858, -1.51771, -1.53366, -1.67554
3.84, 0.0319376, -0.753123, -1.47456, -1.56473, -1.42329, -2.23315, -1.78784, -1.62094, -1.09539, -1.60455, -1.94635, -2.08239, -2.28694, -1.5797, -1.4324, -1.4292, -1.7016, -1.77967, -1.70742, -1.24358, -1.46406, -1.64648, -1.60334, -1.32456, -1.40238, -1.25673, -1.40575, -1.62233, -1.30271, -1.39569, -1.63537
3.86, 0.0319376, -0.764678, -1.96174, -2.11622, -2.56111, -1.77267, -1.29647, -1.30778, -1.83935, -1.94385, -1.96519, -1.88174, -1.86497, -1.83212, -1.77108, -1.27656, -1.34958, -1.13299, -1.29814, -1.10539, -1.25488, -1.13281, -1.41393, -1.06617, -1.10716, -0.879739, -0.886899, -1.14849, -1.26448, -0.972515, -1.20026
3.88, 0.0319374, -1.41623, -2.24408, -1.59937, -1.3438, -1.19915, -1.50014, -1.7555, -1.4919, -1.42321, -1.6526, -1.70524, -1.81701, -1.71631, -1.60803, -1.43446, -1.52573, -1.34489, -1.44245, -0.997253, -1.79226, -1.56791, -1.41843, -1.55357, -1.35614, -1.20417, -1.56791, -1.44504, -1.06624, -1.33458, -1.53636
3.9, 0.0319374, -1.16944, -1.99253, -1.62105, -1.75724, -1.8507, -2.41246, -2.06896, -1.78716, -2.07793, -2.37011, -1.87075, -1.67543, -1.5416, -1.57354, -1.49364, -1.48148, -1.39142, -1.95572, -1.25443, -1.56765, -1.72542, -1.59638, -1.73158, -1.77702, -1.16886, -1.38162, -1.35539, -1.15251, -0.839235, -1.27475
3.92, 0.0319374, -0.802102, -1.33664, -1.26576, -2.31838, -1.73688, -1.13237, -1.41766, -1.53038, -1.42566, -2.21745, -2.05104, -2.52875, -1.79828, -1.15923, -1.20481, -1.82421, -1.45014, -1.39662, -1.87171, -1.63303, -1.61891, -1.49353, -1.6144, -1.38734, -1.52766, -1.22311, -1.07316, -1.53962, -1.06623, -1.25708
3.94, 0.0319374, -0.857789, -2.28316, -2.29092, -1.93913, -1.50879, -1.33002, -1.51946, -1.48164, -1.6851, -2.50646, -2.08771, -1.82207, -1.69203, -1.77895, -1.62393, -1.41508, -1.60304, -1.29925, -1.16143, -1.66888, -1.67694, -1.41945, -1.6392, -1.45358, -1.52484, -1.39418, -1.19132, -1.46731, -1.24076, -1.32829
3.96, 0.0319374, -0.464441, -1.16772, -1.54221, -1.56194, -1.62276, -1.91478, -1.70719, -1.43002, -1.22265, -1.72239, -1.41416, -1.97519, -2.35391, -2.07136, -1.38409, -1.16083, -1.13543, -1.27998, -1.3173, -1.56334, -1.8961, -1.36621, -1.69012, -1.44384, -1.17172, -1.27058, -1.42701, -1.25266, -1.30968, -1.60857
3.98, 0.0319376, -1.13097, -1.42072, -1.61176, -2.6755, -1.97468, -1.41454, -2.67624, -1.74267, -2.03131, -2.54106, -1.86212, -2.4107, -2.2607, -1.49213, -1.06341, -1.40904, -1.14329, -1.41579, -1.19227, -1.7516, -1.4809, -1.42771, -1.50921, -1.57294, -1.26575, -1.66485, -1.8063, -1.6229, -1.50007, -1.45215
4, 0.0319376, -0.810788, -1.31533, -2.17229, -1.46817, -1.29666, -1.41946, -1.55899, -2.2559, -2.06238, -2.25799, -2.04703, -2.17348, -1.91971, -2.14525, -1.76529, -1.41239, -1.30775, -1.11085, -1.37141, -1.7988, -1.33324, -1.27199, -1.65414, -1.37819, -1.58511, -1.60009, -1.40621, -1.27215, -1.64289, -1.53968
4.02, 0.0319376, -0.905908, -1.72972, -0.987587, -1.18489, -1.38537, -1.95814, -2.2546, -2.14947, -1.36938, -1.97967, -2.34445, -1.80517, -1.63132, -1.31499, -1.06637, -1.53569, -1.50544, -1.76266, -1.63322, -2.43729, -1.84992, -1.24301, -1.85856, -1.89696, -1.53997, -1.57389, -1.17524, -1.2367, -1.21419, -1.55564
4.04, 0.0319376, -0.747226, -1.09429, -1.38802, -1.47815, -1.951, -2.13858, -2.56728, -1.77151, -1.28944, -1.80531, -1.76483, -2.15248, -1.56112, -1.25065, -1.59527, -1.55273, -1.47799, -1.68926, -1.54243, -1.93455, -1.95896, -1.38283, -1.46857, -1.67302, -1.39556, -1.58116, -1.57376, -1.31113, -1.40554, -1.62483
4.06, 0.0319376, -1.39687, -2.12395, -1.72738, -1.04016, -1.66544, -1.84324, -1.77441, -1.80636, -1.6444, -2.06823, -1.63129, -2.26735, -2.56855, -1.7659, -0.997521, -1.81361, -2.01241, -1.93634, -1.49158, -1.54491, -1.45041, -1.20409, -1.04176, -1.23737, -1.30666, -1.47926, -1.17158, -1.1799, -1.00521, -1.15808
4.08, 0.0319376, -0.674456, -1.50726, -2.06188, -1.62712, -1.76264, -1.86689, -2.1024, -1.66143, -1.88561, -2.35707, -1.90907, -1.82469, -2.39791, -1.16913, -1.46944, -1.3659, -1.45445, -1.76684, -1.70936, -1.97341, -1.55967, -1.35854, -1.59328, -1.44824, -1.24561, -1.19159, -1.59095, -1.76315, -1.5426, -1.6084
4.1, 0.0319376, -1.04202, -2.05739, -1.36804, -1.37131, -1.59809, -1.49272, -1.8919, -1.44143, -1.21595, -1.89369, -2.00848, -2.18401, -2.05149, -1.90828, -1.4593, -1.37615, -1.14117, -1.7605, -1.63716, -1.80239, -1.81111, -1.89812, -1.94378, -1.34046, -1.59285, -1.29625, -1.62356, -1.30305, -1.28344, -1.34344
4.12, 0.0319376, -0.74068, -2.09722, -1.68858, -1.84681, -1.74453, -1.87845, -2.27776, -1.75755, -1.86703, -1.64144, -1.79694, -2.21063, -1.63823, -1.24091, -0.852199, -1.07038, -1.29818, -1.46128, -1.46582, -1.46531, -1.8472, -1.91082, -1.69517, -1.446, -0.986142, -1.46519, -1.41615, -0.972074, -0.966503, -1.41343
4.14, 0.0319376, -0.963102, -0.86251, -1.38261, -1.63592, -1.17783, -0.839057, -1.67136, -0.803866, -0.640614, -1.26804, -1.2901, -1.09825, -0.924097, -0.636195, -0.544777, -0.384048, -0.255072, -1.01439, -1.56885, -1.11876, -1.09239, -0.786985, -0.599815, -0.490162, -0.473519, -0.86567, -0.89808, -0.700381, -0.516893, -0.842611
4.16, 0.0319376, -0.711786, -1.1164, -1.24769, -1.63272, -1.26885, -1.37043, -1.44115, -1.22499, -1.4904, -1.89316, -1.81146, -1.63927, -1.59785, -1.74255, -1.31732, -1.28912, -1.35073, -1.40244, -0.985857, -1.76462, -1.37958, -1.18021, -1.35767, -1.18137, -1.29641, -1.50402, -1.63241, -1.58543, -1.42501, -1.17475
4.18, 0.0319376, -0.938743, -1.27121, -1.6045, -2.30423, -2.13222, -1.81683, -2.21018, -1.67831, -1.62421, -1.72488, -1.71393, -2.64519, -1.78528, -1.63842, -1.8771, -1.66352, -1.37092, -1.66017, -1.1852, -1.5099, -1.65526, -1.41374, -1.77146, -1.51336, -1.18406, -1.48435, -1.60199, -1.43102, -1.32791, -1.55892
4.2, 0.0319376, -0.113346, -1.68645, -1.78092, -2.32741, -1.53597, -1.48239, -1.50593, -1.29349, -1.39296, -1.90313, -1.39452, -1.77826, -1.65109, -1.41366, -1.00972, -1.48391, -1.16084, -1.41139, -1.17292, -1.39314, -1.44158, -1.28057, -1.24539, -1.12737, -1.31843, -1.52287, -1.42124, -1.52239, -1.15139, -1.32455
4.22, 0.0319376, -1.10448, -1.56555, -1.669, -1.38059, -2.10014, -2.56246, -1.62977, -1.97099, -1.89542, -2.15082, -1.37924, -1.76669, -1.76906, -1.38387, -1.26782, -1.46131, -1.11232, -1.36952, -1.70074, -1.80897, -1.7661, -2.03537, -1.32639, -1.23412, -0.969815, -0.994003, -1.23066, -1.39654, -1.56163, -1.48305
4.24, 0.0319376, -0.687191, -1.84734, -1.14143, -1.67638, -1.56577, -1.69103, -1.38697, -1.87102, -1.81082, -2.1488, -1.73411, -1.61421, -1.71545, -1.75262, -1.13443, -1.23525, -1.60003, -1.48582, -0.979744, -1.4147, -1.6165, -1.41977, -1.48838, -1.28101, -1.32351, -1.4304, -1.00854, -1.26716, -1.3901, -1.61261
4.26, 0.0319371, -0.75523, -1.8639, -1.74878, -1.67118, -2.2395, -1.94534, -1.2562, -2.10878, -2.20171, -1.60083, -1.64563, -2.01597, -1.28869, -1.73193, -1.6246, -1.40248, -1.42086, -1.76259, -1.28515, -1.64278, -1.52098, -1.69203, -1.52428, -1.20499, -1.51105, -1.50663, -1.39748, -1.34144, -1.43712, -1.24748
4.28, 0.0319371, -1.06108, -2.04205, -1.78232, -1.65066, -1.00291, -1.32729, -1.93285, -1.84877, -1.66346, -2.11214, -2.02837, -1.95966, -1.93885, -2.31537, -1.39539, -1.35407, -1.99269, -1.75972, -1.14492, -1.87991, -1.86801, -1.82335, -1.81672, -1.51071, -1.93079, -1.65259, -1.61196, -1.60504, -1.56709, -1.53092
4.3, 0.0319371, -0.947535, -1.65245, -2.47183, -1.40933, -0.940684, -2.07498, -2.52085, -2.41351, -1.73505, -1.90492, -1.276, -2.69386, -2.30285, -1.93889, -1.6452, -1.65813, -1.61587, -1.35822, -1.27857, -2.0474, -1.46904, -1.66854, -1.58256, -1.40748, -1.48083, -1.57238, -1.75756, -1.53024, -1.33047, -1.63582
4.32, 0.0319371, -1.51577, -1.87933, -1.63654, -1.89282, -1.29109, -1.85742, -1.67599, -1.37334, -1.53599, -1.93865, -1.10203, -1.65796, -2.20562, -1.63822, -1.70146, -1.73053, -1.31306, -1.83617, -1.38145, -1.46716, -1.21567, -1.18301, -1.21051, -1.49358, -1.04451, -1.00334, -1.2516, -1.29031, -1.14905, -1.28359
4.34, 0.0319371, -1.36964, -2.36542, -1.44716, -1.42048, -1.56513, -1.97888, -1.80779, -2.11802, -1.92607, -2.07797, -2.02218, -1.61418, -1.79557, -1.55594, -1.35396, -1.49457, -1.33226, -1.78863, -1.26169, -1.5035, -1.67277, -1.58623, -1.55109, -1.74376, -1.19521, -1.47524, -1.52276, -1.54889, -1.364, -1.49847
4.36, 0.0319376, -1.35468, -1.78132, -1.55275, -2.01893, -1.91609, -2.61904, -2.48436, -2.42496, -1.65187, -1.77765, -1.23793, -1.73901, -1.99742, -1.76387, -1.8092, -1.43448, -1.55446, -1.95434, -1.23191, -1.67677, -1.41963, -1.45739, -1.53856, -1.19095, -1.27456, -1.02675, -1.14041, -0.899209, -0.938226, -0.755785
4.38, 0.0319376, -1.60737, -1.69905, -1.94688, -1.18222, -1.77541, -2.16151, -2.36204, -1.51707, -1.49752, -1.79767, -2.55538, -2.16001, -2.27054, -1.53057, -1.587, -1.38836, -1.02779, -1.31321, -0.976417, -1.0738, -1.33616, -1.68076, -1.72809, -1.58657, -1.50611, -1.29173, -1.34893, -1.04526, -1.40756, -1.31787
4.4, 0.0319376, -0.644418, -1.61632, -2.4109, -1.64078, -1.77268, -1.06344, -2.0394, -1.79324, -1.90663, -2.04295, -1.44977, -1.49181, -1.92506, -1.61987, -1.08118, -1.59072, -1.15915, -1.87199, -1.30568, -1.52668, -1.67193, -1.34033, -1.19498, -1.48498, -1.63356, -1.50437, -1.56942, -1.18105, -1.43481, -1.7901
4.42, 0.0319376, -1.11342, -1.4678, -1.94444, -1.07748, -1.53841, -1.742, -1.90159, -1.53338, -1.78899, -1.58479, -1.70302, -2.02014, -1.58874, -1.20421, -2.00624, -1.68562, -1.40478, -1.48883, -1.2359, -1.44579, -1.53062, -1.73625, -1.72117, -1.51338, -1.42646, -1.41312, -1.54673, -1.34587, -1.48447, -1.9343
4.44, 0.0319376, -1.14078, -1.31065, -1.8927, -1.56364, -1.47214, -2.15453, -1.6076, -1.56576, -2.01857, -1.80679, -1.29235, -1.52394, -2.00816, -1.32387, -1.27905, -1.74581, -1.56458, -1.8482, -1.4746, -2.0198, -1.77791, -1.44985, -1.56137, -1.54021, -1.4043, -1.63384, -1.44815, -1.50306, -1.45647, -1.52744
4.46, 0.0319376, -0.710864, -1.35994, -1.9406, -1.54855, -1.38224, -1.42246, -1.69569, -1.3826, -1.82351, -2.01314, -0.96758, -1.4, -1.65249, -1.15535, -1.33665, -1.24485, -1.59701, -1.82319, -1.22994, -1.45275, -1.0119, -1.05362, -1.76427, -1.53628, -1.73392, -1.49665, -1.698, -1.57396, -1.79766, -1.5381
4.48, 0.0319376, -0.728864, -0.884588, -0.876314, -1.99309, -1.43317, -2.57822, -1.98837, -1.62626, -1.65543, -1.67679, -0.932227, -1.8649, -1.91784, -1.5453, -1.30514, -1.29876, -1.15671, -1.54728, -1.19888, -1.70879, -1.70549, -1.38834, -1.46816, -1.32353, -1.51007, -1.50391, -1.6933, -1.35089, -1.40058, -1.43001
4.5, 0.0319376, -1.4303, -1.6074, -1.81411, -1.74894, -1.62179, -1.92629, -1.80942, -1.81204, -1.67736, -1.27661, -1.63001, -1.26973, -1.19264, -1.0935, -1.39168, -1.08392, -1.12671, -1.20737, -1.29672, -1.22163, -1.38689, -0.952917, -1.20514, -1.33887, -0.7986, -1.20675, -1.16217, -0.950253, -1.22911, -1.24504
4.52, 0.0319376, -1.19311, -2.05183, -1.37341, -1.73068, -2.16185, -2.03738, -1.38175, -1.93875, -1.85628, -1.95203, -1.51601, -1.88429, -1.92752, -1.34936, -1.43459, -1.06593, -1.38252, -1.1763, -1.01031, -1.22259, -1.34703, -1.40376, -1.72175, -1.31863, -1.20949, -1.25652, -1.3258, -1.15314, -1.08613, -1.46448
4.54, 0.0319376, -1.17193, -2.05315, -1.38054, -1.43318, -2.01364, -2.0527, -1.69581, -1.50667, -1.60384, -2.266, -1.97996, -2.32906, -2.19461, -2.12837, -1.57105, -1.47153, -1.65006, -1.60328, -1.30052, -1.6649, -1.55457, -1.39399, -1.74489, -1.45594, -1.25146, -1.44475, -1.24546, -1.31669, -1.60056, -1.50425
4.56, 0.0319376, -0.93299, -2.27843, -2.24314, -1.6689, -2.22221, -2.30772, -2.01159, -1.2489, -1.78197, -1.81096, -1.98468, -2.27618, -1.55931, -1.86576, -1.65685, -1.26106, -1.49407, -1.49121, -1.21494, -1.73666, -1.5056, -1.668, -1.85123, -1.66876, -1.61211, -1.3675, -1.51112, -1.32098, -1.6795, -1.52597
4.58, 0.0319376, -1.08826, -1.71835, -1.34351, -1.89171, -2.11399, -1.96121, -2.07946, -1.576, -1.53366, -1.95394, -1.38355, -1.71003, -1.71077, -1.70038, -1.67634, -1.28679, -1.91772, -1.88087, -1.46587, -1.61935, -1.60775, -1.51099, -1.50098, -1.61159, -1.39043, -0.939776, -1.08213, -1.07811, -1.07867, -1.1532
4.6, 0.0319376, -0.877055, -1.5972, -2.19794, -1.22749, -1.83089, -2.30145, -1.82083, -1.77875, -1.63028, -1.2987, -1.60801, -1.9607, -2.21085, -1.46401, -1.91172, -1.38382, -1.28416, -1.20832, -1.05268, -1.25853, -1.74997, -1.77025, -1.54866, -1.70825, -1.88934, -1.56966, -1.43287, -1.22343, -1.16705, -1.18132
4.62, 0.0319376, -0.533834, -1.31423, -1.74119, -1.37234, -1.35358, -1.23128, -1.0002, -1.55484, -1.3363, -2.06465, -1.70792, -1.90389, -1.66455, -1.67097, -1.22513, -1.33543, -1.10578, -1.76451, -1.50735, -1.874, -1.55779, -1.53168, -1.59185, -1.66078, -1.66265, -1.47202, -1.40334, -1.24635, -1.39621, -1.52803
4.64, 0.0319376, -2.08619, -1.47937, -1.62315, -2.87902, -2.20469, -1.94096, -1.50298, -1.84356, -1.39407, -2.27991, -1.39605, -1.54825, -1.7416, -1.45642, -1.33207, -1.51664, -1.35381, -1.90305, -1.39988, -1.69333, -1.627, -1.44769, -1.56502, -1.40373, -1.33203, -1.33644, -1.23195, -1.56227, -1.62399, -1.45931
4.66, 0.0319376, -1.1095, -1.92331, -2.15272, -1.73008, -1.3111, -1.58229, -1.27591, -1.30469, -1.85396, -1.85364, -1.86442, -2.41213, -2.27305, -1.94171, -1.94994, -1.22178, -1.56021, -1.50126, -1.27729, -1.44301, -1.72139, -1.73443, -1.56164, -1.80672, -1.31034, -1.28059, -1.71431, -1.2816, -1.31012, -1.39218
4.68, 0.0319376, -1.01385, -1.7236, -2.20126, -1.7355, -1.78737, -1.98706, -1.69718, -2.10646, -2.34219, -2.01744, -1.53906, -2.49253, -2.48557, -2.2665, -1.79456, -2.31918, -2.00103, -1.53139, -1.50137, -1.82829, -1.31188, -1.55217, -1.68141, -2.05985, -1.53821, -1.12315, -1.31937, -1.32877, -1.48129, -1.49552
4.7, 0.0319376, -0.278937, -0.526953, -1.12657, -0.0937294, 0.0254551, -0.466536, -0.484253, -0.502012, -0.852668, -0.704765, -0.86749, -0.674268, -1.0651, -1.32091, -0.517682, -1.03771, -0.971897, -1.23508, -0.961454, -1.08383, -0.68617, -1.08123, -0.691115, -0.812244, -1.21407, -1.34034, -1.36756, -1.59904, -1.26598, -1.45103
4.72, 0.0319376, -0.813377, -1.81883, -2.17456, -1.12763, -1.77416, -1.99952, -1.44929, -1.87315, -2.40448, -1.69537, -1.76727, -1.9013, -1.22402, -1.13725, -1.43047, -1.17482, -1.45307, -1.30818, -1.42723, -1.31298, -1.29351, -1.32875, -1.29939, -1.0603, -1.3252, -1.53726, -1.5646, -1.17436, -1.38258, -1.71792
4.74, 0.0319376, -0.903983, -1.46033, -2.06767, -2.09186, -1.87904, -1.70353, -1.84086, -1.66058, -1.72868, -1.82923, -1.24709, -1.90979, -1.98645, -1.32467, -1.43844, -1.51692, -1.65733, -1.76454, -1.40926, -1.50085, -1.72188, -1.78033, -1.71382, -1.40802, -1.66182, -1.5528, -1.55489, -1.40536, -1.24508, -1.40053
4.76, 0.0319371, -1.21027, -1.30769, -1.44969, -1.85404, -1.31231, -1.45967, -2.02276, -1.54676, -1.54158, -2.26611, -2.53302, -2.37035, -1.6717, -1.60227, -1.39577, -1.43743, -1.14276, -1.5305, -1.36261, -1.68197, -2.03524, -1.92516, -1.31343, -1.16129, -1.59702, -2.09673, -1.4728, -1.30823, -1.56172, -1.40629
4.78, 0.0319371, -1.12102, -1.17492, -2.30806, -1.63345, -1.66695, -1.64723, -1.32905, -1.61114, -1.87837, -2.04137, -1.68039, -1.87477, -1.70827, -1.24015, -0.802701, -1.30132, -1.60726, -1.37671, -1.27831, -1.45864, -1.47632, -1.80883, -1.448, -1.4115, -1.25129, -1.53397, -1.41033, -1.34516, -1.34211, -1.38285
4.8, 0.0319371, -0.746515, -1.9146, -2.02553, -1.69549, -1.71808, -1.66524, -1.82895, -1.50933, -1.20431, -1.43121, -2.09685, -1.74667, -2.04374, -1.5905, -0.974065, -1.41979, -1.45455, -1.90413, -1.51303, -2.05835, -1.66103, -1.68161, -1.56128, -1.23893, -1.07468, -1.29489, -1.59292, -1.72996, -1.63857, -1.7131
4.82, 0.0319371, -0.194893, -1.58172, -1.53959, -1.28687, -1.68272, -1.92645, -1.78651, -1.68775, -1.9427, -2.04813, -2.01311, -1.81478, -1.75317, -1.39867, -1.88644, -1.67025, -1.63294, -1.97037, -1.32412, -1.87912, -1.59056, -1.59289, -1.38905, -1.57088, -1.40207, -1.77929, -1.47877, -1.3017, -1.18094, -1.09411
4.84, 0.0319371, -1.51803, -1.18817, -1.28678, -1.39389, -1.77086, -1.69444, -1.6835, -2.17883, -2.37755, -2.02545, -1.88906, -1.95967, -1.64039, -1.66863, -1.67905, -0.818387, -1.34698, -1.4548, -1.05102, -1.44881, -1.59928, -1.44904, -1.73663, -1.63542, -1.83117, -1.49969, -1.67187, -1.25588, -1.48322, -1.37247
4.86, 0.0319376, -0.617337, -0.866447, -0.535445, -1.22028, -1.09925, -1.23399, -1.33794, -1.22657, -0.686911, -0.95955, -1.26092, -1.89402, -1.68154, -1.7723, -1.19179, -1.20949, -1.14461, -1.49732, -1.37623, -1.46664, -1.50266, -1.53179, -1.82481, -1.60152, -1.51876, -1.51039, -1.36553, -1.07447, -1.51803, -1.45098
4.88, 0.0319376, -1.25645, -1.42897, -1.60192, -1.23124, -1.17877, -1.60916, -1.63215, -1.88587, -1.56158, -1.67435, -1.33757, -1.98285, -2.04742, -1.52589, -1.33646, -1.53605, -1.64916, -1.37885, -1.1021, -1.85165, -1.35083, -1.36594, -1.39167, -1.68362, -1.8923, -1.88836, -1.85397, -1.66567, -1.28143, -1.38071
4.9, 0.0319376, -0.603312, -1.396, -1.69169, -1.26384, -1.29171, -1.81428, -1.93204, -2.32525, -2.08673, -2.32225, -1.68611, -2.12902, -2.30278, -1.73115, -1.46783, -1.598, -1.77246, -1.61417, -1.1059, -1.71807, -1.5102, -1.30892, -1.2963, -1.56148, -1.8238, -1.73863, -1.49396, -1.55884, -1.75181, -1.52331
4.92, 0.0319376, -1.58706, -1.61737, -2.03719, -2.3786, -1.84233, -0.912978, -1.44432, -1.52986, -1.29884, -2.29573, -2.33531, -2.33789, -1.92964, -1.5017, -0.999443, -1.43655, -1.64257, -1.39138, -1.497, -1.62207, -1.6424, -1.63826, -1.78094, -1.58234, -1.24379, -1.52931, -1.55925, -1.71232, -1.6812, -1.75679
4.94, 0.0319376, -0.192944, -1.32353, -1.95335, -1.17849, -1.37979, -1.47277, -1.40074, -1.59488, -1.29742, -1.93733, -1.68607, -2.02512, -1.90328, -1.92922, -1.97965, -1.24313, -1.69917, -1.91989, -1.75034, -2.2589, -2.06395, -1.60394, -1.54664, -1.23178, -1.53306, -1.41032, -1.68063, -1.57653, -1.51689, -1.312
4.96, 0.0319376, -1.00906, -1.88166, -1.62709, -2.12116, -1.6356, -1.64109, -1.95426, -1.88265, -1.85852, -2.25328, -1.84978, -1.81272, -2.39063, -1.88695, -1.29601, -1.1181, -1.39645, -1.53929, -1.29523, -1.7338, -1.79254, -1.53402, -1.44175, -1.59579, -1.67347, -1.78172, -1.44519, -1.34746, -1.28725, -1.73374
