# Time (seconds), Duration (seconds), f0, f1, f2, f3, f4, f5, f6, f7, f8, f9, f10, f11, f12, f13, f14, f15, f16, f17, f18, f19, f20, f21, f22, f23, f24, f25, f26, f27, f28, f29
0, 0.0319375, -1.49489, 0.420987, 0.778291, -0.475411, 0.707172, 0.0944694, 1.381, 1.0966, 1.52243, 1.28316, 1.45977, 1.89112, 2.24647, 3.28274, 1.64764, 1.63761, 1.52464, 1.10776, 1.2487, 1.05789, 0.605744, 1.44247, 2.15486, 1.50339, 0.648321, 0.5414, 0.714768, 0.995183, 1.60722, 2.60597
0.02, 0.0319375, -0.816208, 0.411972, 1.22413, -0.807282, 1.21525, -0.018284, 1.54667, 0.940917, 1.94349, 0.937974, 0.975278, 2.05596, 2.0955, 3.19494, 2.78714, 2.03533, 1.91782, 1.20286, 1.20083, 0.421807, 1.00868, 1.78373, 2.07192, 1.25214, 0.895908, 0.830947, 0.826092, 1.0732, 1.79668, 2.70223
0.04, 0.0319375, -0.725805, 0.297637, 1.13234, -1.17227, 1.25382, -0.0480254, 1.49388, 0.84469, 1.96229, 0.932967, 0.839765, 1.76568, 1.48389, 3.39276, 2.99005, 2.05985, 1.91145, 1.16891, 1.16687, 0.261356, 1.11346, 1.75773, 2.03276, 1.22357, 1.04405, 1.01135, 0.913627, 1.20801, 1.8225, 2.77647
0.06, 0.0319375, -0.871386, 0.405566, 1.13817, -0.671335, 1.18131, -0.100607, 1.47329, 0.889417, 1.68153, 0.735188, 0.772334, 1.55172, 0.933029, 3.64135, 3.01882, 2.03334, 1.98603, 0.933898, 1.18704, 0.565588, 1.28477, 1.85189, 2.00406, 1.45166, 1.12841, 0.999525, 0.853663, 1.18357, 1.77346, 2.7664
0.08, 0.0319375, -0.90027, 0.389825, 1.15799, -0.714399, 1.18787, -0.134194, 1.43731, 0.848032, 1.66791, 0.688568, 0.683418, 1.49838, 1.20396, 3.5499, 3.02124, 2.09652, 1.93591, 0.801161, 1.07249, 0.662616, 1.31642, 1.71802, 1.90264, 1.53243, 1.14024, 0.998777, 0.827322, 1.01285, 1.67601, 2.57073
0.1, 0.0319375, -0.865622, 0.405064, 1.22452, -1.00138, 1.23506, -0.126386, 1.34803, 0.704474, 1.70764, 0.172996, 0.406328, 1.44753, 1.19586, 3.38791, 3.03104, 2.03575, 1.77134, 0.911325, 0.776661, 0.348942, 0.972184, 1.43733, 1.77601, 1.76793, 0.948871, 0.91337, 0.797653, 1.08559, 1.7442, 2.61435
0.12, 0.0319375, -0.435933, 0.249476, 1.17936, -0.988103, 1.23704, -0.0225361, 1.21571, 0.527782, 1.68582, 0.0398531, -0.0613883, 1.33951, 0.767091, 3.14875, 3.00908, 2.19549, 1.73635, 1.14253, 0.614186, 0.61836, 1.01535, 1.71855, 2.02954, 2.02298, 1.27348, 1.10142, 0.881022, 1.00534, 1.75528, 2.65803
0.14, 0.0319375, -0.313897, 0.558943, 1.40785, -0.0805131, 0.2532, 0.346984, 1.22388, 1.00024, 1.37019, 1.19186, 1.41012, 1.69395, 2.215, 2.74842, 2.40892, 2.16459, 2.11623, 1.71658, 1.38663, 1.24448, 1.04012, 1.43412, 2.34783, 2.2005, 1.4856, 1.10823, 1.12252, 1.155, 1.89583, 2.75987
0.16, 0.0319375, -2.02854, 0.290878, 1.43438, -1.10526, -1.69717, -2.29052, 1.10473, 0.646052, -0.822423, 1.001, 1.47896, -0.32177, 2.26877, 2.28506, 2.45427, 2.6669, 1.29798, 1.2508, 1.2548, 0.930993, 1.13562, 1.71247, 2.2245, 2.12325, 1.45583, 1.27876, 1.12727, 1.4597, 2.12776, 2.93233
0.18, 0.0319375, -2.90992, 0.134421, 0.695189, -1.58661, -1.35976, -1.1679, 0.630148, -0.284798, -0.0862817, 1.73641, 0.930253, 0.250114, 2.38673, 1.65641, 3.22501, 2.0385, 1.66953, 0.86275, 1.77606, 0.760676, 1.00431, 1.94868, 2.48773, 2.30165, 1.90861, 1.64947, 1.52143, 1.7794, 2.53131, 3.2752
0.2, 0.0319375, -1.64856, 0.0508134, 0.716025, -2.0167, -1.45917, -1.24445, 0.795835, -0.466355, -0.542768, 1.40293, 1.01688, 0.838202, 1.78143, 1.26725, 3.19233, 2.69571, 1.9657, 1.26602, 1.65797, 1.27511, 1.07128, 2.03738, 2.55543, 2.48174, 2.2329, 1.86927, 1.77834, 1.94867, 2.67413, 3.38814
0.22, 0.0319375, -2.12359, -0.34217, 0.881947, -1.59659, -2.37891, -1.82441, 1.0275, 0.376811, -1.4499, 1.00546, 1.32026, -1.24671, 1.74405, 1.50262, 2.77341, 3.12566, 1.24455, 1.51972, 1.46242, 1.00261, 1.14252, 1.711, 2.42775, 2.56344, 2.04817, 1.68457, 1.73584, 1.85527, 2.36398, 3.06395
0.24, 0.0319375, -1.9329, -0.515587, 0.971739, -1.16002, -1.70047, -1.89385, 1.39239, 1.03031, -2.16615, 0.386518, 1.27086, -1.3449, 1.86888, 1.90609, 2.27114, 3.20086, 0.741486, 1.23174, 1.29335, 1.16552, 1.36453, 1.70622, 2.25485, 2.6063, 2.10065, 1.80362, 1.62644, 1.96072, 2.44387, 3.11829
0.26, 0.0319375, -1.50903, -0.40085, 1.03758, -0.88962, -1.12144, -1.11597, 1.61139, 1.44021, -0.871142, 0.375741, 1.17461, -0.523147, 1.90516, 2.49225, 2.44322, 3.35704, 1.32455, 1.35329, 1.19086, 1.44217, 1.67626, 1.83656, 2.42539, 2.73327, 2.60446, 2.18879, 1.96178, 2.33864, 2.78375, 3.49243
0.28, 0.0319375, -2.59202, -1.08184, 1.29101, 0.518673, -1.63899, -1.38118, 0.91199, 2.11059, 0.165689, -0.54931, 1.29911, 0.96534, 1.10971, 3.19369, 2.15333, 3.17478, 2.49437, 1.47735, 1.54242, 2.04875, 1.57229, 1.98253, 2.78238, 3.01357, 2.8712, 2.48751, 2.35608, 2.65206, 2.97069, 3.48852
0.3, 0.0319375, -1.61821, -1.98637, 1.21326, 1.194, -1.5289, -1.52875, -0.676619, 2.41954, 1.25669, -1.34513, 0.501079, 0.929671, -0.0250033, 3.00815, 2.9066, 2.13258, 2.83696, 0.826584, 1.79123, 1.31408, 1.56109, 2.18023, 2.23413, 2.40274, 2.91422, 2.30425, 2.1309, 2.49511, 2.60746, 3.08925
0.32, 0.0319375, -2.34298, -1.47738, 1.51726, 1.55169, -1.00491, -0.790469, -0.396685, 2.60283, 1.81863, 0.163879, 0.466916, 0.684806, 0.281248, 2.71937, 3.01997, 2.34033, 3.13896, 1.23247, 1.86309, 1.37185, 1.68827, 2.27938, 2.40835, 2.8352, 3.15067, 2.6576, 2.44591, 2.48087, 2.53502, 2.82779
0.34, 0.0319375, -1.66087, -0.995539, -0.289452, 2.27257, 1.69208, -0.207116, -0.0615409, 1.28056, 2.68228, 1.7105, -0.0143951, 0.70941, 2.58296, 1.71924, 2.70152, 4.08276, 2.49616, 2.35481, 1.77807, 2.18293, 2.14392, 2.2495, 2.32565, 2.92244, 3.34202, 2.97052, 2.46888, 2.21675, 2.1263, 2.40702
0.36, 0.0319375, -0.392369, 1.71278, 1.24572, 0.857464, 1.18254, 2.0424, 1.72916, 1.85842, 3.29658, 3.04422, 2.19469, 1.5948, 1.64656, 3.42625, 3.75388, 3.8361, 3.17142, 3.08708, 2.41786, 2.42165, 2.32478, 2.56183, 2.85118, 2.77423, 2.90687, 2.81248, 2.1922, 2.30545, 2.36984, 3.019
0.38, 0.0319375, -0.372771, 1.8597, 1.05295, -0.651168, -0.581285, 1.87214, 1.16409, 0.462024, 3.03661, 2.70945, 0.98077, 2.40076, 1.0504, 3.36567, 3.26135, 4.22711, 2.7787, 2.4278, 1.97585, 1.68561, 1.45178, 2.46981, 2.47124, 2.34779, 2.5236, 2.15941, 1.60114, 1.72605, 1.8153, 2.65103
0.4, 0.0319375, 1.22792, 0.408281, 1.23201, 1.6608, 1.04342, 1.83251, 1.56851, 2.90579, 2.80903, 3.0844, 2.53455, 1.98735, 1.98107, 2.89949, 3.66539, 3.93397, 3.52583, 3.0974, 2.77717, 1.89744, 2.13883, 2.41196, 2.24558, 2.05705, 2.30431, 1.7325, 1.41772, 1.44358, 1.79458, 2.21745
0.42, 0.0319375, 0.928425, 0.761461, 0.74787, 1.37641, 1.21545, 1.58739, 2.15698, 2.78278, 2.65378, 3.19055, 2.70432, 2.07447, 2.06741, 2.62098, 4.06564, 3.70371, 3.11087, 2.76808, 2.63028, 1.81969, 1.88143, 2.55333, 2.03308, 1.7506, 1.9842, 1.6151, 1.29579, 1.21678, 1.66138, 1.74583
0.44, 0.0319375, 0.586174, 0.400784, 1.17864, 1.0826, 0.880897, 1.32682, 2.15359, 2.99264, 2.37102, 2.63618, 2.52121, 1.73148, 1.9605, 3.02907, 3.29782, 3.4082, 2.89652, 2.53859, 2.02583, 2.05551, 1.87842, 2.07562, 1.88358, 1.31552, 1.58998, 1.48054, 0.984521, 1.2266, 1.21826, 1.56835
0.46, 0.0319375, -0.532321, 0.501151, 1.40349, 1.68225, 1.71619, 1.85242, 1.95054, 1.84462, 1.72076, 1.69891, 1.92043, 1.7634, 2.022, 2.01552, 1.94634, 2.28034, 2.21235, 1.78696, 1.46513, 1.31248, 1.45735, 1.67555, 1.50614, 1.13196, 1.43276, 0.746002, 0.400734, 0.601345, 1.01259, 1.24385
0.48, 0.0319375, -0.371039, 0.00876343, 0.400714, 2.41836, 1.69167, 1.0328, 0.941054, 0.817291, 2.10753, 2.00296, 2.146, 1.92476, 2.04927, 1.36498, 2.17178, 2.33178, 1.92283, 1.80259, 1.41958, 1.85766, 1.73847, 2.1455, 1.5775, 1.0031, 1.1046, 0.862051, 0.69375, 0.861376, 1.23359, 1.54605
0.5, 0.0319375, -0.487959, -0.221935, 0.964311, 2.34145, 1.20284, 1.07233, 1.40125, 2.06996, 2.49825, 1.88942, 2.26199, 2.31718, 1.9319, 2.15537, 2.88443, 2.27489, 2.21932, 1.607, 1.36969, 2.04799, 2.17127, 2.20227, 1.64881, 0.99861, 1.34261, 1.07648, 1.24338, 0.981583, 1.24528, 1.79274
0.52, 0.0319375, -1.54495, -0.157677, 0.602518, 2.40716, 1.32221, 0.355515, 0.258141, 1.72135, 2.65062, 1.62599, 2.2047, 2.45723, 2.16558, 1.40393, 2.55781, 2.3891, 1.42889, 1.74637, 1.33115, 2.27411, 1.97112, 2.13684, 1.57864, 1.05564, 1.11133, 1.12389, 0.676482, 0.992364, 1.17083, 1.60008
0.54, 0.0319375, -2.12498, -0.663537, 1.53968, 2.20502, 0.15727, -0.562707, 0.171531, 2.26723, 2.375, 0.24418, 1.11353, 2.47836, 1.22961, 1.48032, 2.58397, 1.15734, 1.66109, 1.13246, 1.65617, 1.67243, 2.10116, 1.58527, 1.78552, 0.888955, 0.907985, 0.927997, 0.884516, 0.97299, 1.31077, 1.47516
0.56, 0.0319375, 0.357496, 1.53557, 1.30688, 0.233239, 0.963247, 1.5163, 1.70287, 1.39351, 2.15135, 2.68853, 2.36642, 1.69897, 1.39157, 1.10085, 1.10767, 1.49266, 1.18578, 1.09124, 1.04346, 1.28853, 1.30989, 1.04836, 0.609127, 0.181677, 0.0412692, 0.13457, 0.0623666, 0.294618, 0.617023, 0.648487
0.58, 0.0319375, -1.38431, -1.40682, -1.17073, -0.611688, -0.516665, -1.22503, -0.607585, 0.22983, 0.605222, 0.299985, 0.0243081, -0.185455, -0.835709, -0.451444, 0.491213, 0.811512, -0.204777, -0.998938, -0.920118, -0.565657, -0.43095, -0.027707, -0.608892, -0.425234, -0.392903, -0.716219, -0.94421, -1.00297, -0.9099, -0.860988
0.6, 0.0319375, -0.506788, -0.424406, 0.0214284, 1.18051, 2.4471, 0.482899, 0.635248, 1.04378, 2.19008, 2.89339, 1.1756, -0.149833, -0.534279, 0.460102, 0.420535, 0.378798, 0.828637, -0.336789, 0.804381, 1.06463, 0.864443, 0.441056, 0.698936, 0.380268, 0.517092, 0.623376, 0.756186, 1.00905, 1.00858, 0.345082
0.62, 0.0319375, 0.874695, 0.441177, -0.816332, 2.08666, 2.97155, 0.0139095, 1.62379, 2.00555, 1.50908, 2.26825, 0.201412, 0.0152867, -0.671377, -0.137758, 0.761818, 0.407488, -0.173023, -0.413959, 0.592689, 0.46053, 0.608869, 0.190668, -0.317865, -0.0278654, 0.204581, 0.585261, 0.81327, 1.042, 0.933356, 0.010116
0.64, 0.0319375, 0.732248, -0.0891007, -0.342774, 2.92739, 3.0175, 0.180991, 1.67953, 1.41368, 2.03815, 1.99287, -0.319204, -0.396149, 0.00177262, -0.375624, -0.09111, 0.566948, 0.0934724, 0.303412, 0.328246, 0.736734, 0.715367, 0.984306, 0.204211, 0.488579, 0.647946, 0.476197, 0.48005, 0.891356, 0.8517, 0.136473
0.66, 0.0319375, -1.38676, -1.85288, 0.889052, 3.30987, 2.21415, -0.826535, 0.0951219, 0.955053, 2.69957, 0.7506, -1.41878, -0.374631, 0.237793, -0.742553, -0.0216666, 0.424661, -0.603953, -0.279978, -0.597258, 0.607367, -0.0312112, 0.189616, -0.0992504, -0.0113382, 0.741833, 1.17614, 0.96392, 0.842231, 0.617099, 0.190967
0.68, 0.0319375, -2.22579, -0.88969, 2.19068, 2.9043, 0.383373, -0.889123, -0.791589, 2.14353, 2.15682, -0.375504, -1.0123, 0.246223, -0.952369, -1.21839, -0.409383, -0.995793, -0.553082, -0.481901, -0.843521, -0.447779, -0.29199, -0.139936, -0.549987, -0.269275, -0.143956, 0.220824, 0.682706, 0.760945, 0.564794, -0.227786
0.7, 0.0319375, -1.64048, -0.525331, 2.57953, 2.26541, 0.773798, -0.561582, 0.693839, 2.69397, 1.39202, -0.336662, -0.686045, -0.219819, -1.44358, -1.20325, -0.51674, -0.682593, -0.873565, -0.680203, -0.976524, -0.76467, -0.431687, -0.577574, -0.84104, -0.487271, -0.415049, -0.242129, 0.473745, 0.642221, 0.517859, -0.119849
0.72, 0.0319375, -1.58193, 0.305763, 2.5124, 1.26884, 0.515733, -0.760698, 1.3866, 2.42654, 0.391033, -1.21466, -0.550508, -1.09337, -1.74653, -1.21753, -0.714895, -1.02203, -0.99714, -0.973044, -0.978673, -0.82762, -0.674713, -0.797928, -0.9075, -1.08312, -0.722661, -0.695178, 0.303558, 0.532057, 0.104292, -0.229182
0.74, 0.0319375, -3.15243, 0.98647, 2.53163, 1.1619, 0.121399, -0.975746, 1.95763, 1.82475, -0.207769, -0.737761, -0.577639, -1.44804, -2.17207, -1.32906, -1.40754, -1.26999, -1.41748, -1.28511, -0.980931, -0.827017, -0.934033, -1.50947, -1.31393, -1.37533, -1.34785, -0.769079, -0.349464, 0.34153, 0.238651, -0.542868
0.76, 0.0319375, -1.95428, 1.4132, 2.03259, -0.0364495, -0.944496, 0.119159, 1.91621, 0.79888, -0.287242, -0.806107, -1.50376, -2.40613, -2.68048, -1.85457, -1.37718, -1.40002, -1.54516, -1.70072, -1.44601, -1.5438, -1.38338, -1.93471, -1.78511, -1.68022, -1.48851, -1.38373, -1.09472, -0.449754, -0.234431, -1.19308
0.78, 0.0319375, -0.967326, 1.00302, 1.0051, -0.0408736, -0.373245, 0.524116, 0.449343, -0.198208, -0.595714, -0.702314, -1.77826, -1.51559, -2.03955, -1.56995, -1.57111, -1.09694, -1.56704, -1.72415, -1.84669, -1.5126, -1.87201, -1.70173, -1.87981, -1.89659, -1.62338, -1.76159, -1.98535, -1.63157, -1.37789, -1.72846
0.8, 0.0319375, -0.67266, 0.129797, 0.0557217, -0.999825, -1.58553, -0.501544, -0.656823, -0.246167, -0.65382, -2.07672, -1.8673, -1.56608, -2.23358, -2.37918, -1.88141, -2.02704, -2.22306, -2.79921, -2.38983, -1.64296, -1.97416, -1.97263, -1.98392, -1.74085, -1.95246, -2.02542, -2.01446, -2.05966, -1.95033, -2.18997
0.82, 0.0319375, -2.11305, -0.753433, 0.274393, 1.05555, 0.421555, -0.8694, -0.0574388, -0.730191, -0.453354, -0.814838, -2.21729, -2.45273, -1.9914, -2.36509, -1.93864, -1.83193, -1.9096, -3.01731, -3.01451, -2.60252, -2.20868, -2.51355, -2.29414, -2.32437, -2.2584, -2.43299, -2.62753, -2.29362, -2.24042, -2.76424
0.84, 0.0319375, -3.41623, -1.28415, -0.423092, -1.31196, -1.39231, -1.99603, -1.27612, -0.440052, -1.1043, -1.72349, -2.53121, -2.62292, -2.97393, -2.64776, -2.04289, -2.2483, -2.51597, -3.51463, -3.32189, -2.8247, -2.46592, -2.80373, -2.97523, -2.74364, -2.59449, -2.55294, -2.66384, -2.49679, -2.67505, -2.9964
0.86, 0.0319375, -3.30429, -2.74358, -1.10065, -1.06794, -2.12097, -2.91076, -1.37821, -0.581142, -1.77994, -2.22681, -3.06188, -2.80428, -2.71725, -3.16895, -2.2953, -2.21381, -2.83623, -3.10036, -3.25551, -2.81779, -2.77224, -2.60005, -3.32961, -3.23287, -2.97737, -3.04439, -2.88507, -2.64866, -2.79199, -3.08528
0.88, 0.0319375, -2.72819, -2.33853, -1.90334, -1.9864, -2.16508, -2.8061, -1.17548, -0.693131, -1.54516, -2.07028, -3.47192, -2.63001, -2.78325, -2.92432, -2.36862, -2.21303, -2.97212, -3.22018, -3.285, -3.40986, -2.71694, -2.80326, -3.64261, -3.49877, -3.28536, -3.09331, -3.03224, -3.04143, -3.27754, -3.18627
0.9, 0.0319375, -3.7813, -2.51922, -1.35236, -1.54564, -2.3171, -3.15951, -1.99048, -1.58252, -2.31425, -2.75704, -3.43466, -3.11115, -3.68225, -3.24565, -2.61549, -2.47295, -3.03693, -3.59746, -3.77083, -3.54402, -3.26778, -3.23143, -3.71662, -3.16834, -3.15777, -3.152, -3.42385, -2.90658, -3.162, -3.61569
0.92, 0.0319375, -3.30839, -2.27442, -2.0206, -1.64952, -1.75878, -3.28485, -2.85161, -1.81061, -1.91435, -2.98453, -3.35705, -2.92727, -3.51443, -2.95511, -2.82356, -2.72468, -3.37407, -4.00495, -3.98403, -3.62548, -3.48142, -3.39991, -3.6244, -3.84482, -3.84397, -3.34185, -3.28852, -3.34381, -3.65741, -3.8469
0.94, 0.0319375, -3.20229, -3.08819, -1.80372, -1.77964, -1.87175, -3.50885, -1.91701, -1.83273, -2.22656, -3.17399, -3.49303, -2.93363, -3.87155, -3.25791, -2.97449, -2.87076, -2.97475, -3.59481, -4.0132, -3.92299, -3.4343, -3.53783, -3.58353, -3.39814, -3.62588, -3.68019, -3.5137, -3.49421, -3.64538, -4.14657
0.96, 0.0319375, -4.42917, -3.53471, -2.98509, -2.91448, -3.75449, -3.9723, -2.54726, -1.97816, -2.70455, -3.12133, -3.41551, -3.96834, -4.04162, -3.7483, -3.43235, -3.54697, -3.6445, -3.56348, -3.80019, -3.46907, -3.52696, -3.44849, -3.91432, -3.77415, -3.68586, -3.86305, -3.7939, -3.75217, -3.90622, -3.9937
0.98, 0.0319375, -3.05504, -2.81944, -2.60258, -2.66396, -3.06793, -3.76096, -3.19837, -2.35869, -2.92483, -2.95041, -3.36922, -3.97997, -3.89273, -3.88882, -3.34135, -2.86548, -2.95095, -3.19748, -3.82257, -3.77558, -3.49038, -3.59454, -4.23645, -3.90922, -3.773, -3.97562, -3.84444, -3.68098, -3.78743, -3.94274
1, 0.0319375, -2.64744, -1.68545, -2.01666, -2.36613, -2.11835, -1.33784, -1.61907, -1.97217, -0.576893, -0.746168, -1.26182, 0.451842, 0.264942, 0.544915, 0.141778, 0.0174217, -0.216212, -0.115248, -0.132111, -0.0111284, 0.262046, 0.982642, 1.18163, 0.479401, 0.77391, 1.04022, 0.949404, 0.383592, -0.138004, 0.542865
1.02, 0.0319375, -3.19787, -1.07679, -0.508923, -2.65808, -2.67331, -0.999433, 0.554419, -1.31812, -1.63693, 1.28008, 0.176184, 1.23272, 2.50223, 0.086027, 1.62469, 0.11451, 1.04785, 0.0894683, 0.604577, 0.595192, 0.501067, 1.09648, 1.55816, 0.65263, 0.344644, 0.406361, 0.617042, 0.715915, 0.662293, 1.41661
1.04, 0.0319375, -3.17976, -0.566747, 0.803539, -1.08331, -2.18433, -1.88048, 1.49838, 1.2462, -1.23062, 1.98814, 2.84594, 0.411922, 2.27253, 1.79551, 0.790281, 1.14218, -0.12856, 0.0068598, -0.0045736, 0.204302, 0.664628, 1.36846, 1.80918, 1.56792, 1.06842, 0.999505, 0.921654, 0.760118, 1.42286, 2.1364
1.06, 0.0319376, -0.821763, -0.552376, 1.51964, -0.101244, -0.0717777, -0.139864, 1.48947, 1.98506, 0.281864, 1.71839, 3.69022, 2.17038, 1.79171, 1.89212, 1.11647, 1.11175, 1.43891, 1.08314, 1.10957, 0.64428, 0.695891, 1.43794, 2.19069, 1.94823, 1.37409, 1.18504, 1.09561, 1.30949, 1.8733, 2.57657
1.08, 0.0319375, -0.372614, -0.278186, 1.78177, -0.05982, 0.463415, 0.311865, 1.34396, 1.88755, 0.781245, 1.2109, 2.98554, 2.77889, 2.64116, 1.96627, 1.90644, 0.787896, 1.7585, 0.907753, 0.957046, 0.824111, 0.917003, 1.44292, 1.72333, 2.05638, 1.30806, 1.01616, 1.14146, 1.37068, 1.85037, 2.55799
1.1, 0.0319375, 0.0154471, -0.281165, 2.02283, 0.897834, 0.193658, 0.746127, 1.09445, 2.26356, 0.363877, 0.692178, 2.92359, 2.76318, 2.87609, 2.06637, 2.16374, 1.57691, 1.94705, 1.46951, 1.32703, 0.863366, 1.30417, 1.58682, 2.29126, 2.17419, 1.56938, 1.28203, 1.12609, 1.32193, 2.00641, 2.46323
1.12, 0.0319375, -0.0544166, 0.0777618, 2.07259, 0.735719, 0.589941, 0.67525, 1.5362, 2.28238, 0.547174, 1.08401, 3.20367, 2.61581, 2.31764, 2.65257, 2.05656, 1.96952, 2.02658, 1.22005, 1.06443, 0.859623, 1.12464, 1.92267, 2.06543, 2.00387, 1.53767, 1.1468, 1.28526, 1.25318, 1.99145, 2.66992
1.14, 0.0319375, -0.634954, 0.642337, 1.81551, -0.777362, 0.580779, -0.0562141, 2.05325, 1.25159, 0.665095, 2.12355, 2.38534, 3.22474, 2.86777, 2.46783, 2.05879, 1.69451, 1.85454, 1.19741, 1.12793, 0.819432, 1.01116, 1.35693, 2.31456, 1.95781, 1.36529, 1.28792, 1.11888, 1.2261, 1.99983, 2.68707
1.16, 0.0319375, -1.56397, 0.668909, 1.76576, -1.16184, -0.975676, -1.00591, 2.35945, 1.53826, 0.0644787, 2.42049, 2.71087, 1.65795, 3.06238, 2.44128, 1.5271, 1.68066, 1.43907, 1.34827, 1.39324, 0.85399, 1.01405, 1.73617, 2.38568, 2.00945, 1.44109, 1.33619, 1.17427, 1.04509, 1.6767, 2.47591
1.18, 0.0319376, -1.19941, 0.707861, 1.71023, -0.166492, 0.659836, -0.224048, 2.2105, 1.61235, 1.08068, 2.12789, 2.57942, 2.47533, 3.03722, 3.15011, 2.02103, 1.96965, 1.77986, 1.36357, 1.47557, 1.06074, 1.31464, 1.89564, 2.47556, 1.98328, 1.5281, 1.38909, 1.02494, 1.18482, 1.85816, 2.62348
1.2, 0.0319375, -1.18638, 0.716633, 1.35386, -1.04324, 0.836388, 0.0789899, 1.86494, 0.809431, 1.34225, 1.84607, 1.96724, 2.65877, 3.21015, 3.40862, 2.13092, 2.15289, 1.92377, 1.48444, 1.62468, 1.21172, 1.16535, 2.04743, 2.29158, 1.9295, 1.37037, 1.2646, 0.864808, 1.02571, 1.82977, 2.82012
1.22, 0.0319375, -0.746844, 0.701935, 1.70471, -0.62037, 1.05592, 0.0730666, 1.8484, 0.978198, 1.45796, 1.45648, 1.87158, 2.9523, 3.13601, 3.36334, 2.73988, 2.01987, 2.08059, 1.51784, 1.56193, 0.831621, 1.24711, 1.93445, 2.40821, 1.97326, 1.46276, 1.30609, 0.95517, 1.20389, 1.69631, 2.47637
1.24, 0.0319375, -0.620723, 0.439719, 1.76068, -0.763243, 0.979452, 0.1356, 1.82832, 1.35405, 1.61014, 1.12347, 1.46636, 3.06629, 2.53345, 2.82319, 2.75053, 1.81377, 1.78569, 1.38494, 0.888414, 0.738496, 1.15117, 1.44847, 2.33051, 1.56862, 1.16788, 0.960025, 0.816828, 0.947754, 1.65366, 2.42777
1.26, 0.0319375, -0.913848, 0.626352, 1.55849, -1.11455, 1.12084, 0.0139595, 1.80694, 0.749994, 1.46804, 1.35334, 1.53293, 2.85988, 2.9341, 3.22304, 2.619, 1.90511, 1.96583, 1.29941, 1.36672, 0.570806, 1.07307, 1.69187, 2.19678, 1.67175, 1.13373, 0.946213, 0.657242, 0.980637, 1.53724, 2.42702
1.28, 0.0319375, -0.930143, 0.755571, 1.62574, -1.01197, 1.00677, 0.0204716, 1.92682, 0.872694, 1.30821, 1.68078, 1.81239, 2.69661, 3.09097, 3.37418, 2.601, 2.07579, 2.10429, 1.5445, 1.52217, 0.645069, 1.14481, 1.8204, 2.19911, 1.59734, 1.16797, 1.09465, 0.84297, 0.955071, 1.45675, 2.35691
1.3, 0.0319376, -1.14942, 0.835477, 1.56976, -0.826865, 0.715, -0.0769911, 1.88079, 0.509596, 0.932018, 1.72297, 1.88734, 2.50308, 3.07792, 3.6347, 2.54346, 2.26244, 2.10132, 1.50579, 1.44598, 0.821915, 1.17155, 1.84341, 2.42955, 1.44798, 1.16377, 1.26317, 0.872545, 0.768206, 1.39141, 2.18068
1.32, 0.0319375, -1.04812, 0.821708, 1.48668, -1.14161, 0.822488, -0.0010225, 1.72671, 0.686221, 0.971335, 1.54215, 1.75654, 2.48653, 2.91043, 3.88319, 2.62565, 2.2126, 2.21277, 1.53637, 1.55523, 1.05542, 1.39671, 2.13021, 2.34365, 1.32472, 1.24204, 1.29945, 1.1068, 0.963788, 1.34723, 2.48627
1.34, 0.0319375, -0.751063, 0.801022, 1.57459, -0.855534, 0.94616, -0.0869885, 1.75834, 0.710153, 1.25151, 1.297, 1.71294, 2.64437, 2.64636, 3.81213, 2.99976, 2.2354, 2.25412, 1.66595, 1.54074, 1.15877, 1.71763, 2.30964, 2.35991, 1.52153, 1.35402, 1.23426, 1.19543, 1.15675, 1.35556, 2.34965
1.36, 0.0319375, -0.800954, 0.82791, 1.56301, -1.20899, 0.645669, -0.0377252, 1.84223, 0.514251, 0.809582, 1.6103, 1.67794, 2.63096, 2.73404, 3.71868, 2.88921, 2.25734, 2.11739, 1.28449, 1.19242, 1.19576, 1.53102, 2.19454, 2.06967, 1.32356, 1.22071, 1.17959, 1.09872, 0.972052, 1.27609, 2.248
1.38, 0.0319375, -1.07651, 0.916138, 1.49715, -1.65185, 0.256407, 0.0186503, 1.76458, 0.335574, 0.748101, 1.70259, 1.74081, 2.34699, 2.70846, 3.76825, 2.63778, 2.37664, 2.18959, 1.69755, 1.33982, 0.827661, 1.67121, 1.89414, 2.04032, 0.757032, 0.72913, 0.797049, 0.760749, 0.902363, 0.895117, 1.81255
1.4, 0.0319375, -1.28786, 0.847831, 1.41791, -1.34813, 0.422061, 0.0219956, 1.72214, 0.472996, 0.875597, 1.69343, 1.76237, 2.27812, 2.61767, 3.76747, 2.68369, 2.40665, 2.3149, 1.75017, 1.45426, 0.741515, 1.73005, 2.00116, 2.06049, 0.856455, 1.14366, 1.11366, 1.06152, 1.04707, 1.09278, 2.04057
1.42, 0.0319376, -0.856443, 0.849935, 1.52083, -1.28583, 0.532217, -0.218109, 1.58943, 0.601129, 1.11503, 1.3407, 1.76476, 2.58269, 2.03178, 3.799, 3.05651, 2.32043, 2.34445, 1.48135, 1.54934, 1.45662, 1.64644, 2.23176, 1.97852, 1.16286, 1.18623, 1.12908, 1.35609, 1.47498, 1.39669, 1.90909
1.44, 0.0319375, -0.785783, 0.831009, 1.68093, -1.55116, 0.617293, -0.300444, 1.7084, 0.629087, 1.31314, 1.02157, 1.5138, 2.81425, 2.07602, 3.60617, 3.14517, 2.30816, 1.94493, 1.36447, 1.18779, 1.57541, 1.55745, 2.29432, 1.81343, 1.06498, 1.07748, 0.948106, 1.09793, 1.38727, 1.21794, 1.67491
1.46, 0.0319375, -0.747501, 0.756614, 1.62868, -1.27951, 0.587634, -0.439857, 1.56027, 0.632172, 1.4385, 0.55286, 1.27927, 2.75963, 2.55138, 3.28792, 3.13524, 2.37747, 1.90172, 1.46549, 0.785363, 1.68854, 1.74187, 2.25569, 1.7904, 0.836444, 0.95561, 1.04786, 1.36243, 1.66867, 1.19604, 1.32265
1.48, 0.0319375, -0.793168, 0.75205, 1.58052, -1.35988, 0.605333, -0.492484, 1.4681, 0.552453, 1.32562, 0.415748, 1.27274, 2.61957, 2.55857, 3.26559, 3.11159, 2.33432, 1.94859, 1.71846, 1.06904, 1.68793, 1.67065, 2.16265, 1.64601, 0.926478, 0.936652, 1.03476, 1.43946, 1.54052, 1.33829, 1.43167
1.5, 0.0319375, -0.791551, 0.748458, 1.5366, -1.15552, 0.677039, -0.426473, 1.40193, 0.514748, 1.37862, 0.554435, 1.26543, 2.53245, 2.44622, 3.1097, 3.08383, 2.50383, 2.13868, 1.63461, 1.12997, 1.64723, 1.81777, 2.1595, 1.6259, 1.14829, 0.961754, 1.06673, 1.49186, 1.61375, 1.36462, 1.5496
1.52, 0.0319375, -0.501535, 0.654144, 1.79155, -0.842461, 0.50699, -0.570791, 1.61169, 1.02745, 1.48601, 0.399634, 0.95853, 2.71214, 2.57748, 2.88896, 2.81087, 2.34156, 1.73557, 1.33101, 1.26376, 1.88493, 2.018, 2.10824, 1.8468, 1.29607, 1.10438, 0.91599, 1.2486, 1.75067, 1.41914, 1.39323
1.54, 0.0319375, -0.613905, 0.524565, 1.71813, -0.88634, 0.403953, -0.480596, 1.71604, 1.04459, 1.65911, 0.303502, 0.373182, 2.44047, 2.68546, 2.67193, 2.50496, 2.23973, 1.56159, 1.06828, 1.41576, 1.7796, 1.95466, 2.15106, 1.72968, 1.07609, 1.03065, 1.09168, 1.37744, 1.73692, 1.54129, 1.29413
1.56, 0.0319376, -0.721366, 0.626362, 1.58328, -1.22428, 0.669025, -0.442527, 1.55607, 0.631762, 1.68722, 0.53149, 0.839681, 2.4116, 2.69655, 2.25979, 2.4164, 2.48289, 1.89132, 1.42105, 1.51287, 1.78507, 1.96353, 1.86688, 1.59986, 1.47421, 1.07919, 1.16226, 1.27034, 1.89858, 1.92515, 1.73655
1.58, 0.0319375, -0.729245, 0.531464, 1.68942, -0.768533, 0.587967, -0.510481, 1.68064, 1.18636, 2.03306, 0.328756, 0.104003, 1.24861, 1.30843, 1.37567, 2.69034, 3.1329, 2.102, 0.821344, 1.34203, 2.06121, 2.09747, 2.34211, 1.49998, 1.60818, 1.14914, 1.37908, 1.65969, 2.05038, 2.26548, 2.00299
1.6, 0.0319375, -0.478695, 0.303691, 1.72102, -0.0421659, 0.544334, -0.129023, 1.39748, 1.34311, 2.20519, 1.18082, 0.343804, 0.689243, 1.72255, 2.12351, 2.5105, 2.97714, 2.15697, 1.98464, 1.92384, 2.23649, 2.27433, 2.43946, 2.17602, 1.70205, 1.43711, 1.45539, 1.79697, 2.28479, 2.41122, 2.15221
1.62, 0.0319375, -0.545962, -0.156334, 1.96287, 0.936047, 0.185641, 0.25329, 0.581756, 2.04365, 1.64392, 1.17694, -0.284238, -0.155915, 0.429515, 1.84372, 2.46708, 2.62772, 2.43801, 2.18135, 1.81734, 1.87277, 1.91813, 2.5372, 2.4745, 1.88128, 1.56045, 1.70624, 2.04684, 2.36316, 2.16013, 1.39808
1.64, 0.0319375, -0.792657, -0.746992, 1.8772, 1.31125, -0.572527, -0.269635, 0.184695, 2.17032, 1.5476, 1.1426, -0.374507, -0.547049, -0.164301, 1.75969, 2.42152, 2.40108, 2.46199, 2.32011, 2.16583, 1.67591, 1.81683, 2.39516, 2.32436, 1.85021, 1.49729, 1.8062, 2.10214, 2.37578, 2.04035, 1.28501
1.66, 0.0319375, -1.27473, -0.644817, 1.85987, 1.29386, -0.124384, -0.158828, -0.201104, 1.95756, 1.16822, 0.604847, 0.596159, 0.148909, 0.431622, 2.0427, 1.77491, 2.51563, 2.72885, 2.22995, 2.16814, 1.70571, 1.97624, 2.71777, 2.63941, 2.13249, 1.8782, 2.04293, 2.21629, 2.51075, 2.01108, 1.36683
1.68, 0.0319376, -1.1661, -1.10918, 1.88501, 1.33275, -0.391416, -0.494419, 0.12265, 1.76223, 0.58512, 0.754565, 0.882353, 0.996344, 0.313874, 2.51444, 2.30321, 2.34748, 2.56894, 1.83666, 2.07462, 2.08754, 2.15089, 2.98236, 2.69268, 2.29731, 2.05186, 2.32016, 2.4458, 2.62516, 2.20946, 1.63693
1.7, 0.0319375, -0.56869, -1.40877, 1.60626, 1.81927, 0.146483, 1.10667, 0.387818, 1.657, 1.11103, 1.75216, 0.789349, 1.29874, 0.64844, 2.24821, 3.11627, 2.86603, 2.32105, 1.81801, 2.65572, 2.51247, 2.65694, 2.70754, 2.99909, 2.6629, 2.11271, 2.22356, 2.57575, 2.75837, 2.48928, 2.02095
1.72, 0.0319375, -0.869951, -0.337767, 1.61464, 2.06753, 0.827753, 1.36655, 1.25559, 2.00482, 1.63398, 0.86545, 1.12171, 1.01658, 1.63086, 2.65561, 3.04561, 3.47246, 2.88474, 1.75981, 2.28658, 2.4547, 2.8149, 3.01604, 2.99085, 2.87212, 2.47039, 2.49851, 2.61859, 2.79663, 2.66754, 2.32879
1.74, 0.0319375, -0.430106, -0.367213, 1.36184, 2.23819, 0.957918, 1.22706, 1.20233, 2.14949, 1.9921, 1.28729, 1.05033, 0.981732, 1.65344, 2.80336, 3.66702, 3.70203, 2.91838, 2.20969, 2.07039, 2.66318, 2.58556, 3.18513, 3.23, 2.85822, 2.71479, 2.89296, 2.76815, 2.77501, 2.45538, 2.28796
1.76, 0.0319375, -1.32166, -0.739896, 1.52283, 2.17914, 1.09194, 1.66789, 1.54158, 2.33116, 2.35202, 1.84939, 0.944399, 0.406778, 1.75516, 2.61179, 3.30321, 3.90316, 2.8816, 2.08751, 2.24412, 2.18452, 2.45192, 2.81483, 3.01264, 2.91721, 2.80185, 2.7239, 2.66648, 2.57618, 2.29631, 2.26034
1.78, 0.0319375, -0.112939, 0.377879, 1.68923, 1.44929, 0.866075, 2.04167, 2.58104, 2.12401, 2.25022, 2.51813, 2.21529, 1.19408, 1.63874, 2.70729, 3.57377, 3.63547, 3.1007, 2.70051, 2.24043, 2.19848, 2.21283, 2.89364, 3.05629, 2.80097, 2.84716, 2.33142, 2.18556, 2.0942, 2.05121, 2.17043
1.8, 0.0319376, -0.318585, 1.12875, 1.58042, 1.20427, 1.56688, 2.02436, 2.17736, 2.00734, 2.73537, 2.81203, 2.03819, 1.43957, 1.83009, 2.60678, 3.46587, 3.27981, 2.92939, 2.74738, 2.32099, 2.36396, 2.51816, 2.36187, 2.97763, 2.73363, 2.75887, 2.55162, 2.35623, 2.14651, 2.27132, 2.51383
1.82, 0.0319375, 0.814831, 0.978855, 1.65332, 0.66418, 0.935378, 1.61968, 2.75735, 1.86045, 1.67285, 2.91569, 2.6399, 1.68122, 2.22409, 2.25835, 3.45161, 3.60983, 3.36403, 2.84025, 2.72691, 2.63333, 2.50823, 2.74889, 3.01269, 2.98754, 3.01897, 2.82347, 2.35849, 2.34842, 2.29816, 2.39717
1.84, 0.0319375, -0.182795, 1.43754, 1.78488, -0.172838, -0.151167, 1.50425, 2.67947, 1.42601, 1.3585, 3.29507, 2.36215, 1.33927, 2.52546, 2.03442, 3.2566, 3.16054, 3.56936, 2.45417, 2.06944, 2.94183, 2.76143, 2.98277, 3.56747, 3.21929, 3.24925, 3.07983, 2.8636, 2.75758, 2.60309, 2.49523
1.86, 0.0319375, -1.01433, 1.617, 1.79691, -0.750112, -0.426556, 1.17187, 2.35051, 1.17813, 1.85372, 3.70253, 2.59379, 1.75461, 2.20338, 2.79231, 4.38251, 3.65102, 3.76752, 2.44573, 2.17417, 2.9886, 2.56609, 2.50817, 2.6751, 2.55232, 2.14089, 1.95307, 1.97036, 2.01202, 2.00241, 2.61538
1.88, 0.0319375, 1.38177, 1.68285, 1.33675, 1.51925, 1.97077, 1.45112, 1.80938, 2.97322, 2.69781, 2.68866, 2.80944, 2.21083, 1.86223, 3.10457, 4.03152, 3.66432, 3.4205, 2.70418, 2.59319, 2.37579, 2.27893, 2.57676, 2.64812, 2.18181, 2.18836, 2.01802, 1.92347, 2.18011, 2.30996, 2.3837
1.9, 0.0319375, 0.541448, 0.599299, 1.85215, 1.0212, 0.136144, 1.53734, 2.75035, 3.00055, 2.4352, 2.55187, 2.66487, 2.21907, 2.34965, 3.44214, 3.69281, 3.37137, 3.04479, 2.83485, 2.59854, 2.1175, 2.52917, 2.8315, 1.78664, 2.21859, 2.12109, 1.83022, 1.92158, 1.80593, 2.25738, 2.25914
1.92, 0.0319376, -0.0660849, -0.0473008, 0.875078, 2.47861, 1.5289, 1.60091, 2.38993, 1.80183, 2.07734, 1.51927, 2.1837, 2.20176, 2.10606, 2.29888, 2.67287, 2.96474, 2.39351, 2.01564, 2.08615, 1.94064, 2.01326, 2.57022, 2.2513, 1.95231, 1.77164, 1.33375, 1.20925, 1.36365, 1.73517, 1.89062
1.94, 0.0319375, -0.663179, 0.0229483, -0.0771625, 2.68061, 1.96454, 0.532093, 0.414309, 1.05378, 2.54437, 2.04428, 1.89215, 1.60804, 2.40671, 1.1488, 2.15463, 3.04625, 1.81935, 1.90592, 1.53605, 2.21552, 2.34314, 2.52939, 1.93834, 1.75168, 1.83958, 1.44229, 1.23965, 1.67448, 1.84049, 1.81653
1.96, 0.0319375, -1.63714, -1.08098, -0.0364463, 2.75159, 1.86975, 0.0597443, 0.143835, 0.743053, 2.81207, 1.60364, 0.599444, 1.19024, 2.34972, 0.982393, 1.65909, 2.5463, 0.795754, 1.81522, 1.38362, 2.51531, 2.13548, 2.47115, 1.66189, 1.63725, 1.59341, 1.1873, 1.34407, 1.74043, 1.85471, 1.54938
1.98, 0.0319376, -0.395995, -0.103511, 1.95776, 2.43178, 0.737447, -0.419657, 0.579501, 2.50119, 2.61733, 0.940923, 1.77941, 2.51103, 1.52614, 1.99497, 2.84631, 1.8867, 1.76343, 1.53677, 2.00399, 2.2056, 2.2164, 2.22783, 1.84367, 1.3816, 1.34068, 1.34881, 1.33365, 1.45832, 1.64533, 1.69516
2, 0.0319376, 0.769034, 1.53298, 0.928771, 0.445575, 1.17836, 1.50696, 1.44131, 1.17176, 2.05733, 2.63314, 2.0439, 1.4442, 1.20963, 1.05432, 0.995649, 1.21672, 1.28894, 0.794265, 0.884132, 1.03259, 1.46289, 1.097, 0.787985, 0.480461, 0.597436, 0.392152, 0.308868, 0.481697, 0.561922, 0.688076
2.02, 0.0319376, -1.19064, -0.407887, -0.559374, -0.298127, -0.744014, -0.917171, -0.634858, 0.00656436, 0.0812342, 0.158314, -0.55472, -1.32932, -0.858779, -0.476956, 0.121461, -0.0165762, -0.382276, -0.672342, -0.807781, -0.25597, -0.212231, -0.224281, -0.367692, -0.603441, -0.365287, -0.770265, -0.988925, -0.920814, -0.879149, -0.963003
2.04, 0.0319376, -0.490661, 0.0857345, -0.399221, 1.60091, 2.3316, 1.15948, 0.724594, 1.73819, 2.10919, 2.38161, 1.0521, -0.350952, -0.232195, 0.198149, 0.683242, 0.563338, 1.00124, 0.330626, 0.333012, 0.802617, 0.541249, 0.687458, 0.493369, 0.647958, 0.886998, 0.998564, 1.18862, 0.96527, 0.754476, 0.617979
2.06, 0.0319376, 0.314801, 0.0338026, -0.323822, 2.6141, 2.63504, 0.335789, 1.59379, 1.58232, 2.11392, 1.98211, 0.0871353, -0.571713, -0.990406, -0.556746, 0.115374, -0.0717485, 0.0104549, -0.00218881, 0.0674554, 0.345552, 0.567071, 0.430434, 0.14749, 0.0831001, 0.357841, 0.879631, 0.876458, 0.483956, 0.383025, 0.305385
2.08, 0.0319376, 0.743206, -0.789257, 0.40298, 3.19138, 2.20403, 0.17691, 1.30184, 0.59971, 2.39037, 1.0449, -0.251915, -0.902045, -0.189434, -0.044078, 0.492543, 0.40609, 0.231279, -0.504325, 0.180733, 0.196974, 0.855683, 0.327223, 0.280745, -0.196541, 0.631027, 1.23807, 1.20791, 0.87992, 1.0531, 1.01268
2.1, 0.0319376, -1.0265, -0.756023, 1.89465, 3.0285, 0.934133, -0.629047, -0.919521, 2.03972, 2.29573, -0.244313, -0.879697, 0.32552, -0.590522, -1.11302, 0.0907089, -0.148996, -0.454842, -0.609487, -0.145642, 0.323722, -0.07577, -0.219793, -0.11785, 0.166914, 0.630946, 1.22309, 1.31938, 0.740471, 0.71879, 0.504212
2.12, 0.0319376, -1.42428, 0.0107815, 2.6585, 2.24855, 0.0848455, -0.731155, 1.0684, 2.81647, 1.18387, -0.771996, -0.0779729, -0.0218435, -1.46264, -1.11031, -0.774866, -0.673661, -0.582866, -1.13009, -0.887679, -0.826088, -0.561557, -0.630734, -0.1577, -0.261175, 0.0387054, 0.48414, 0.932993, 0.687045, 0.403615, 0.415717
2.14, 0.0319374, -1.65761, 1.1394, 2.37993, 0.53706, -0.410662, -0.353364, 2.31059, 2.0493, -0.0314556, -1.1559, -0.690716, -1.36564, -1.762, -1.35421, -1.05819, -0.588281, -0.849645, -0.934427, -0.68092, -0.578472, -0.499154, -1.01285, -0.805139, -0.943734, -0.58499, -0.179433, 0.354495, 0.665461, 0.453243, 0.204289
2.16, 0.0319374, -0.406124, 1.09198, 0.846105, 0.69053, 0.440571, 0.543712, 0.853588, 0.448657, -0.168233, -0.736877, -1.56103, -1.39607, -1.45273, -1.65241, -1.11942, -1.02146, -1.27506, -1.28986, -1.21563, -0.572018, -0.980012, -1.35391, -1.16763, -1.47689, -1.29123, -0.748521, -0.235574, 0.337081, 0.24113, -0.149572
2.18, 0.0319374, -2.50666, -1.38037, -0.226156, 0.0853154, -0.558917, -1.09975, -0.959587, -0.124574, -0.260327, -1.38907, -2.34642, -1.44714, -1.57105, -1.5713, -0.741102, -1.36355, -1.67906, -1.52411, -1.22739, -0.571882, -1.30052, -0.960086, -1.24019, -1.71294, -1.8504, -1.82271, -1.09225, -0.256613, -0.214652, -0.250754
2.2, 0.0319374, -2.28223, -1.71945, 0.230274, 0.0705718, -0.685248, -1.56001, -0.525259, -0.366758, -0.995182, -1.39651, -2.31692, -1.92328, -2.228, -1.89999, -1.61943, -1.69426, -1.73652, -1.9799, -1.95285, -1.59861, -1.8562, -2.07139, -2.05754, -2.25336, -1.63847, -1.74878, -1.58437, -1.21434, -0.81881, -1.17982
2.22, 0.0319374, -2.28981, -0.875725, -0.195969, -1.15597, -0.936283, -2.2743, -0.602816, -0.135808, -0.289814, -1.23723, -1.92516, -1.66135, -2.03762, -2.30372, -1.74447, -1.66233, -1.71288, -1.82105, -1.16159, -1.76104, -2.23521, -1.9989, -2.37585, -1.83418, -1.80234, -1.86831, -1.86497, -1.66964, -1.13325, -1.75309
2.24, 0.0319376, -1.42934, -0.613846, -0.238007, -0.588236, -0.975777, -1.59085, -1.3218, -0.384813, -1.50845, -1.78797, -2.85436, -1.98146, -2.23046, -2.68789, -1.56813, -1.64811, -1.85271, -1.68133, -1.38798, -1.91785, -2.23037, -2.1938, -2.17357, -2.10194, -2.30874, -2.27839, -2.07763, -1.93977, -1.87607, -2.11757
2.26, 0.0319376, -3.20766, -2.64612, -1.68218, -1.83872, -1.42254, -2.23643, -1.74815, -1.15883, -1.00434, -1.52244, -2.27819, -2.47813, -2.80701, -2.74184, -1.75205, -1.76311, -1.9436, -2.34931, -2.60117, -2.78437, -2.71484, -2.37912, -2.78264, -2.77213, -2.62098, -2.67663, -2.71044, -2.59029, -2.78713, -2.89066
2.28, 0.0319376, -4.11031, -2.12656, -1.50506, -1.43613, -2.3257, -2.11475, -1.12678, -1.18102, -1.48841, -1.87104, -2.48998, -2.11244, -2.52931, -2.67971, -2.51789, -1.89523, -2.19068, -2.93906, -3.05196, -2.9305, -3.1204, -2.67478, -2.75535, -3.20898, -2.89582, -2.67198, -2.58209, -2.83139, -3.08141, -3.45754
2.3, 0.0319376, -3.34972, -2.82835, -2.30863, -2.36217, -2.42768, -3.09896, -1.87631, -1.08918, -1.73002, -1.95351, -2.82288, -2.3562, -2.69393, -2.33392, -2.5118, -2.34919, -2.5421, -2.8774, -3.21333, -3.52556, -3.00143, -2.30007, -2.69432, -2.86547, -2.68936, -2.24319, -1.56559, -2.10219, -2.01089, -2.26206
2.32, 0.0319376, -3.07551, -2.41052, -2.13504, -1.81604, -2.56557, -2.79491, -2.3826, -1.76969, -2.27927, -2.37817, -3.17817, -2.87223, -2.68322, -3.10791, -2.38755, -2.51911, -2.20743, -2.85024, -2.98628, -3.10396, -2.77435, -2.78995, -2.90871, -3.30095, -3.23493, -2.66745, -2.59816, -2.82387, -3.01277, -3.11935
2.34, 0.0319376, -2.74759, -3.03895, -2.58973, -2.30645, -2.37255, -2.91794, -2.24469, -1.64857, -2.00287, -2.4581, -3.41676, -3.09867, -3.01532, -3.18237, -2.44152, -2.2287, -2.18754, -2.6196, -3.53042, -3.29724, -2.78141, -2.57661, -3.07209, -3.02057, -3.22403, -3.14141, -3.15118, -3.02732, -2.97742, -3.2082
2.36, 0.0319376, -3.37575, -3.21683, -2.22457, -1.98558, -2.42342, -2.70689, -2.71144, -2.00519, -2.34927, -3.00546, -3.48202, -3.21361, -2.89846, -3.29023, -2.90032, -2.8212, -2.86876, -2.96218, -3.29089, -3.51958, -3.12064, -2.43075, -3.14643, -3.38326, -3.1235, -3.23274, -2.95038, -3.45657, -3.38796, -3.50264
2.38, 0.0319374, -3.59809, -3.38122, -2.41116, -2.81076, -3.67211, -3.77522, -3.05264, -2.32539, -2.69398, -3.25029, -3.58957, -3.85836, -3.3172, -2.72092, -2.51485, -2.1701, -2.69128, -3.19391, -3.80943, -3.87542, -3.67105, -3.52317, -3.77133, -3.21907, -3.25168, -3.27999, -3.36636, -3.66857, -3.54334, -3.52673
2.4, 0.0319374, -4.57345, -3.56732, -2.54916, -2.50151, -2.90948, -3.63501, -2.58973, -2.22649, -2.499, -2.74661, -3.78201, -3.7353, -3.18902, -3.29385, -3.2291, -2.97532, -2.94314, -3.43607, -3.87248, -3.80073, -3.57571, -3.56335, -3.88793, -4.1187, -3.67843, -3.64315, -3.63863, -4.07888, -4.07901, -4.01853
2.42, 0.0319374, -3.60556, -3.33642, -3.10687, -2.13953, -3.01613, -2.98515, -3.64261, -3.29238, -3.0842, -3.28863, -3.81383, -4.09878, -3.70829, -3.87721, -4.21092, -3.81899, -3.84513, -3.69771, -3.89932, -4.70184, -4.20143, -4.79743, -3.79337, -4.29854, -4.0268, -4.2485, -3.79269, -4.05753, -4.31345, -3.66649
2.44, 0.0319374, -1.01273, -0.382988, -2.3118, -1.35038, 0.427975, 0.17959, -0.136645, 0.846359, 0.418866, -0.127639, 0.107042, -0.504592, -0.151861, -0.167284, 0.183414, 0.37992, 0.548629, 0.325303, -0.0233401, -0.533177, -1.12718, -1.64051, -1.78884, -2.01085, -1.9732, -2.09141, -1.8644, -1.63821, -2.15275, -1.49458
2.46, 0.0319374, -2.26789, 0.286339, -0.925899, -3.12822, -0.392399, 1.47007, -0.381553, -1.26475, 1.18311, -0.277207, -0.450743, 0.335243, -0.814964, 0.4371, -0.30798, 0.410929, 0.155735, -0.138784, 0.493522, -0.411457, -1.30203, -1.64782, -0.888496, -0.595568, -0.835501, -1.33106, -0.857157, -0.556728, -0.582172, -0.291918
2.48, 0.0319376, -2.60073, 0.654638, 0.475252, -2.07616, -0.707606, 1.42844, 1.4882, -0.223529, 1.64255, 2.21809, 0.0523736, 0.899523, 0.387051, 0.384954, 0.0711279, 0.075508, 0.0493732, 1.14099, 1.15223, 1.25146, 0.644677, 0.282269, 0.306171, -0.0802131, -0.85754, -1.0714, -0.17297, 0.12756, 0.278921, 1.14774
2.5, 0.0319376, -1.45002, 1.45038, 1.55434, -2.44388, -1.66422, 1.64264, 2.34128, -0.105056, 1.43854, 2.84741, 0.198145, -0.194121, 0.125821, -0.641557, 0.330696, 0.0486486, 1.07562, 1.68259, 1.73926, 1.38509, 0.357466, -0.193717, -0.193252, -0.609905, -0.908888, -1.15274, -0.419728, 0.0170236, 0.423062, 0.786602
2.52, 0.0319376, -1.7398, 1.77212, 1.38203, -2.01952, -1.27361, 2.1913, 2.10906, -0.799663, 1.9241, 2.61428, -0.732506, 0.218951, -0.250343, 0.13245, 0.21554, 0.552345, 0.575015, 1.40172, 1.09836, 1.26, 0.0689819, -0.479324, -0.49183, -0.621933, -0.385516, -0.39747, -0.397067, 0.0876988, 0.456572, 0.755355
2.54, 0.0319376, -1.65953, 1.85798, 0.961338, -1.65672, -0.270299, 2.29111, 0.88318, -0.727626, 2.41757, 1.5467, -0.620188, -0.0884171, -0.852005, -0.0708513, -0.472905, 0.086695, 0.149278, 0.676054, 1.25612, 0.617871, 0.245851, -0.0744845, 0.21299, -0.267097, -0.547194, -0.20996, -0.243701, 0.441688, 0.900815, 1.27793
2.56, 0.0319376, -1.47164, 1.84609, 0.949685, -1.70675, -0.830337, 1.95955, 0.85108, -1.40627, 1.99943, 1.65039, -0.696583, 0.406898, -0.597651, -0.104033, -0.461138, -0.295046, 0.2042, 0.937843, 1.28558, 1.12189, 0.805287, 0.288157, 0.0639158, -0.431, -0.617772, -0.653297, -0.336709, 0.141365, 0.551418, 0.981172
2.58, 0.0319376, -0.731131, 1.65607, 0.291724, -2.00644, 0.156269, 2.14545, -0.0442192, -0.372923, 2.14927, 0.937734, 0.0912661, 0.326624, -0.577525, -0.197565, -1.15623, -0.838926, 0.115274, 0.608153, 1.07838, 0.562974, 0.536991, 0.37536, 0.132821, -0.379235, -0.854992, -0.634206, -0.416638, -0.0962746, 0.356341, 0.712954
2.6, 0.0319376, -0.6652, 1.47974, -0.156425, -2.26691, 0.568431, 2.08016, -0.497189, -0.167807, 2.21262, 0.0537752, 0.274193, 0.315002, -0.94141, -0.416796, -0.666369, -0.50363, -0.404439, 0.28727, 0.791417, 0.701323, -0.325662, -0.739273, -0.803726, -1.31602, -1.23906, -1.20872, -0.539345, -0.368261, 0.189948, 0.512071
2.62, 0.0319376, -0.971747, 1.46232, 0.125019, -2.58513, 0.209133, 2.12596, 0.000295357, -0.172404, 2.69111, 1.04967, -0.179364, 0.708441, -0.986722, 0.123295, -0.656707, 0.219434, 0.585916, 0.67115, 1.26732, 0.719917, 0.47597, 0.23647, -0.162535, -0.514064, -0.493119, -0.540409, -0.218556, 0.0333946, 0.390292, 0.767542
2.64, 0.0319374, -0.903255, 1.21521, -0.379614, -2.52327, 0.203182, 1.7847, -0.594481, 0.55592, 2.88108, 0.763826, 0.684006, 0.907818, -0.641097, 0.244683, -0.377593, -0.0023534, 1.02571, 1.08029, 1.6181, 1.68143, 1.13198, 0.658573, 0.303246, 0.181449, 0.13743, 0.120359, 0.211159, 0.224688, 0.651113, 0.924066
2.66, 0.0319374, -1.29064, 1.10716, -0.316982, -3.14023, -0.071813, 1.7291, -0.573251, 0.285543, 2.90682, 0.79097, 0.349211, 0.928644, -1.04241, 0.172295, -0.79775, -0.214504, 0.885108, 0.844581, 1.43385, 1.50697, 1.21708, 0.792391, 0.308992, 0.457682, 0.486556, 0.304171, 0.165983, 0.193203, 0.406095, 0.267843
2.68, 0.0319374, -1.24272, 1.19784, 0.0498517, -2.93163, -0.3252, 1.86166, 0.00934335, 0.257345, 3.08737, 1.39908, 0.20018, 0.949631, -0.942728, 0.220856, -0.79887, 0.30047, 0.900989, 0.862641, 1.2175, 1.03219, 1.25335, 1.18111, 0.868802, 0.861802, 0.876269, 0.368629, 0.118958, -0.0232025, 0.191565, 0.0682849
2.7, 0.0319374, -1.8683, 1.50173, 0.547202, -2.81674, -0.731757, 2.1287, 0.853167, -1.2357, 2.63377, 1.80377, -1.55829, 0.514728, -1.57448, -0.0435869, -1.36088, 0.465891, -0.0806897, 0.534593, 0.328188, 0.0485919, 0.266736, 0.762472, 0.203839, -0.241918, -0.173918, -0.628413, -0.894588, -0.92151, -0.109726, 0.159984
2.72, 0.0319374, -1.6212, 1.52924, 0.499528, -3.20479, -0.230662, 2.35128, 0.775663, -1.69015, 2.25359, 1.20924, -1.29904, 0.349298, -1.96188, 0.143264, -1.44372, 0.486271, -0.339498, -0.140317, -0.346763, -0.235026, 0.108305, 0.375883, -0.167037, -0.420029, -0.654874, -0.963126, -1.47423, -1.81067, -1.32572, -0.912116
2.74, 0.0319376, -0.589227, 1.6762, 0.343215, -2.31247, 0.80973, 2.51599, 0.403251, -0.553832, 1.97963, 0.379859, -0.410509, 0.117168, -1.35846, -0.0270116, -0.72119, 0.273744, -0.295806, -0.577266, -0.556914, -0.779968, -0.641093, -0.593962, -0.640998, -0.527171, -0.847268, -1.00867, -1.36106, -1.40197, -1.07115, -0.534639
2.76, 0.0319376, -1.16701, 1.59736, 0.603074, -0.564862, 0.72297, 1.90874, 0.466654, -0.0654648, 0.918466, -0.473146, -0.991029, -1.46171, -1.46271, -1.12594, -1.36613, -0.666954, -0.40417, -1.04009, -1.06768, -0.928944, -1.2894, -1.45098, -0.806699, -1.01041, -1.17617, -1.47995, -2.11893, -2.03159, -1.08834, -0.501874
2.78, 0.0319376, -1.45046, 1.35112, 0.726327, -2.2121, -1.21297, 0.914743, 0.0588607, -1.40495, 0.100868, -0.613616, -2.14168, -1.73261, -2.363, -1.73378, -1.68048, -1.11212, -1.13568, -1.03515, -1.38762, -1.5933, -1.86934, -1.36079, -1.01489, -1.11641, -1.00522, -1.52226, -1.73246, -1.86125, -1.29962, -0.914559
2.8, 0.0319376, -2.05797, 0.956807, 0.408344, -2.88667, -2.22512, 0.310608, -0.430643, -1.70204, -1.02428, -1.56303, -2.4142, -1.8523, -2.52074, -1.9375, -1.55981, -1.4865, -1.19378, -1.3729, -1.67455, -1.57797, -1.99342, -1.96537, -1.6823, -1.43841, -1.21817, -1.72894, -1.97079, -2.03439, -1.33728, -1.19019
2.82, 0.0319376, -2.06961, 0.688431, 0.150755, -2.16582, -1.95285, -0.289978, -0.788876, -1.65899, -0.973474, -1.97218, -3.14968, -2.49274, -3.15197, -2.48705, -2.27248, -1.75484, -1.73868, -1.66111, -1.76539, -2.07037, -2.25578, -2.09808, -2.0747, -2.01699, -2.19964, -2.49801, -2.81911, -2.6143, -2.21955, -1.9395
2.84, 0.0319376, -2.91241, -0.741995, -1.47224, -3.59946, -2.43639, -1.94477, -2.47427, -2.40132, -0.82255, -1.83493, -2.70201, -2.57471, -3.37423, -3.02233, -3.30919, -2.40029, -2.79734, -2.53347, -2.34129, -2.03417, -2.65498, -2.52485, -2.64987, -2.46006, -2.37875, -2.18821, -2.48741, -2.93986, -2.7758, -2.22086
2.86, 0.0319376, -4.14742, -1.78323, -2.70618, -4.35337, -2.58025, -0.958452, -2.68058, -3.47081, -2.25974, -3.34278, -3.47167, -2.99021, -3.44908, -2.97722, -3.23794, -2.9331, -3.17567, -3.47592, -3.35649, -2.96738, -2.8487, -2.81129, -2.79274, -2.5785, -2.1775, -1.85633, -1.75483, -1.81168, -1.67686, -1.71325
2.88, 0.0319374, -3.93312, -1.88726, -2.98857, -4.54534, -3.17347, -1.25932, -2.65114, -4.1319, -2.28115, -2.91451, -3.86993, -3.1996, -4.17766, -3.77985, -3.90752, -3.53117, -3.31204, -3.47871, -2.90169, -2.90389, -3.49884, -3.65722, -3.53128, -3.44964, -3.12997, -3.10572, -3.09663, -3.17618, -3.01181, -3.05042
2.9, 0.0319374, -3.67886, -2.53722, -3.24129, -3.57617, -2.92281, -2.21451, -3.36003, -2.89016, -1.603, -3.03368, -3.4999, -3.47056, -3.85473, -3.15129, -3.83822, -2.97031, -2.74685, -3.32531, -3.29907, -2.99495, -3.3513, -3.61497, -3.28541, -3.03723, -3.18254, -3.16837, -3.07463, -3.1059, -3.13412, -2.99989
2.92, 0.0319374, -3.75967, -3.02105, -3.77811, -4.27506, -2.86413, -1.738, -3.4226, -3.37714, -2.75759, -2.58043, -2.75561, -2.78613, -2.75756, -2.79665, -2.61842, -2.65061, -2.70004, -3.32243, -2.67825, -2.82284, -3.01318, -2.89809, -2.93208, -3.27971, -3.19551, -3.12552, -3.12507, -3.17602, -3.26998, -3.02693
2.94, 0.0319374, -3.58403, -2.83735, -3.28171, -3.6747, -3.43568, -3.03999, -3.99122, -2.85825, -2.80988, -3.33653, -3.73245, -3.42918, -3.78267, -3.19424, -3.32681, -2.74338, -2.90023, -2.48459, -2.51392, -2.82055, -3.67009, -3.5198, -3.13773, -2.92416, -2.89195, -3.20411, -3.65672, -3.81413, -3.68396, -3.45713
2.96, 0.0319374, -3.39754, -1.14294, -0.915422, -3.42286, -3.35236, -1.55519, -1.06777, -2.30256, -1.59987, -1.85858, -2.79893, -3.14367, -3.30443, -2.79892, -3.24213, -2.82436, -2.42779, -2.41726, -2.32844, -2.71224, -2.84343, -3.24158, -3.0497, -2.96515, -3.34083, -3.3539, -3.68474, -3.73693, -3.35808, -3.24299
2.98, 0.0319376, -1.16462, -0.528137, -1.42462, -2.18617, -2.25903, -2.02871, -1.43501, -1.65457, -1.71065, -1.88117, -2.34141, -2.90823, -3.73964, -3.59425, -3.35569, -2.71117, -2.65969, -2.54781, -2.71774, -3.02635, -3.83275, -3.70368, -2.92409, -3.10106, -2.99836, -3.70123, -3.82361, -3.41068, -3.48599, -3.11826
3, 0.0319376, -1.97364, -1.65317, -1.8985, -2.55097, -2.95085, -2.15339, -2.25658, -2.04177, -2.25539, -2.64578, -2.6428, -3.31257, -3.47882, -3.77292, -3.32235, -2.46977, -2.56555, -2.44562, -2.4327, -3.05699, -3.47945, -3.46133, -2.608, -2.4485, -2.96145, -2.98944, -2.58325, -2.55237, -2.64027, -2.71641
3.02, 0.0319376, -2.60583, -2.30583, -2.36115, -2.89406, -3.26584, -2.5961, -2.70666, -2.45486, -2.23258, -3.10498, -3.18223, -3.74444, -3.67624, -3.26657, -2.80866, -2.38286, -2.64435, -2.51315, -2.12124, -2.5744, -3.17276, -3.08985, -2.6953, -2.3154, -2.78846, -3.01799, -2.84924, -3.35235, -3.12754, -2.61354
3.04, 0.0319376, -3.72887, -3.17288, -3.64243, -3.41636, -3.66686, -3.3404, -2.96354, -3.02884, -2.73505, -3.12799, -3.62102, -4.03232, -4.00426, -3.86387, -3.66073, -2.36744, -2.50295, -2.699, -2.47229, -3.40865, -3.68843, -3.67577, -3.13451, -3.20463, -3.74758, -3.89683, -3.95011, -4.07279, -3.78928, -3.60824
3.06, 0.0319376, -3.55472, -3.25308, -3.41389, -3.93938, -3.74049, -3.32101, -3.58973, -3.67125, -2.64487, -3.13373, -4.42122, -4.71961, -4.87723, -4.3803, -3.73453, -3.7077, -3.61799, -4.01037, -3.91176, -3.92927, -4.43384, -4.35536, -4.06361, -3.52668, -4.01899, -4.30058, -4.41845, -4.22505, -4.33615, -4.61558
3.08, 0.0319376, -4.88724, -4.15347, -4.29226, -4.76977, -4.31065, -3.25965, -4.42752, -4.24557, -3.51945, -4.88208, -5.03459, -4.80287, -4.61918, -4.42192, -4.5386, -3.37033, -3.81783, -4.18016, -4.12889, -4.17784, -4.29507, -4.62506, -4.27637, -3.96557, -4.17196, -4.16881, -4.39707, -4.63995, -4.58773, -4.58385
3.1, 0.0319376, -4.81958, -3.9441, -4.10116, -4.27074, -4.31558, -3.73208, -3.98317, -4.35803, -3.46989, -4.3127, -4.79744, -4.41236, -4.4805, -4.37907, -3.70561, -3.09139, -2.09469, -1.7973, -2.47549, -3.32075, -2.90873, -2.59212, -2.95191, -2.933, -2.70602, -2.23491, -2.58125, -3.42212, -3.47661, -3.9127
3.12, 0.0319376, -4.73353, -5.13303, -4.65171, -4.78886, -4.24397, -3.45151, -4.54591, -4.82333, -3.59842, -3.96884, -4.01054, -4.42408, -4.8414, -4.89623, -4.70975, -4.45682, -4.1924, -3.66147, -4.18052, -4.11134, -4.48931, -4.48954, -4.38186, -4.64958, -4.09544, -4.42957, -4.57245, -4.65085, -4.98507, -5.03841
3.14, 0.0319374, -4.15026, -4.00454, -5.36134, -4.7748, -4.40248, -3.8825, -4.99974, -4.46735, -3.69484, -4.20129, -4.76725, -4.6503, -4.3465, -4.3088, -4.10511, -4.16784, -4.24452, -4.10806, -4.30186, -4.51464, -4.41698, -4.7122, -4.69569, -4.48237, -4.17179, -4.51592, -4.46586, -4.44811, -4.67777, -4.38687
3.16, 0.0319374, -4.05111, -4.47164, -4.37346, -4.60415, -4.63867, -3.66843, -4.24817, -5.11668, -4.22494, -5.05303, -4.71682, -4.73206, -4.68978, -4.58619, -4.26624, -4.39617, -3.7978, -3.77923, -3.98191, -4.40107, -4.58334, -4.36649, -4.08859, -4.32938, -4.62347, -4.28496, -4.39684, -4.21167, -4.5017, -4.51247
3.18, 0.0319374, -4.8897, -4.6306, -4.76331, -4.39041, -4.5485, -4.10054, -4.56771, -5.03066, -4.62173, -4.7748, -4.53083, -4.48285, -5.28333, -4.77439, -4.74615, -4.5533, -3.83108, -4.37738, -4.46496, -4.37468, -4.48048, -4.50415, -4.64888, -5.02386, -4.62701, -4.62307, -4.55217, -4.85797, -4.78147, -4.52852
3.2, 0.0319374, -3.46358, -3.29342, -3.21272, -3.18434, -2.79328, -2.55474, -2.32279, -2.07112, -1.93328, -2.13478, -2.376, -2.66828, -2.87582, -2.91452, -2.91534, -2.81528, -2.7939, -3.01923, -3.67008, -4.54019, -3.97982, -3.58139, -3.17169, -2.99474, -3.00614, -3.33375, -3.59363, -3.58985, -2.98145, -2.64764
3.22, 0.0319374, -1.06637, 0.425385, -0.667718, -1.40403, 0.331054, 1.28922, 0.491207, 1.42974, 1.90661, 0.91026, 0.871854, 0.603789, -0.110546, 0.187073, 0.195646, 0.293735, 0.252934, -0.111397, -0.394326, -0.352492, -0.318093, -0.232167, 0.0228233, 0.195521, -0.0472637, -0.57052, -0.477534, -0.104682, 0.289324, 0.521203
3.24, 0.0319376, -2.97138, 0.982107, 1.46765, -1.15254, -1.86205, 1.68982, 2.65293, 0.527853, 0.647817, 2.15581, 0.457847, -0.199636, 0.0946134, -0.524046, 0.693328, 0.186163, 1.27678, 1.1606, 1.2079, 0.642727, -0.0548442, -0.248317, -0.00185668, 0.314133, 0.351547, -0.25254, -0.396614, -0.254334, 0.0862882, 0.363513
3.26, 0.0319376, -2.00308, 1.20403, 2.16796, -0.555376, -0.219469, 0.481613, 2.77954, 1.58305, 0.466769, 1.65957, 1.14233, -1.93785, -0.592999, -1.13053, 0.418202, 0.212602, 0.913349, 0.464582, 0.398391, -0.890126, -1.48768, -0.899579, -0.959233, -0.73697, -0.452004, -0.640351, -0.769164, -0.277109, -0.14342, -0.116959
3.28, 0.0319376, -1.81831, 1.50614, 2.21483, -0.642056, 0.357625, 0.930257, 2.57398, 0.885945, 0.473973, 0.993207, 0.00274198, -1.89324, -0.969645, -1.59578, -0.195261, -0.372251, -0.281135, -0.653782, -0.741033, -1.35907, -1.48978, -1.64086, -0.821984, -0.155502, -0.234875, -0.401973, -0.366742, -0.0169764, 0.0206732, 0.0227769
3.3, 0.0319376, -2.58633, 1.62183, 2.02015, -1.26276, -1.00735, 0.68603, 1.94376, -0.337811, -0.56577, 0.711438, -0.96303, -2.08013, -1.46734, -2.20121, -0.661541, -1.17613, -0.326307, -1.09051, -1.12593, -1.095, -1.56964, -1.55371, -1.00781, -0.414071, -0.324582, -0.444055, -0.30509, -0.52971, -0.205539, 0.0576176
3.32, 0.0319376, -2.53981, 1.6955, 1.86989, -1.26197, -1.44751, 1.1204, 2.13466, -0.813133, -0.946678, 0.732964, -1.0214, -1.53041, -0.988573, -1.89046, -0.565427, -1.31193, -0.174964, -1.06006, -1.304, -1.97261, -1.87835, -1.88601, -1.1493, -0.644172, -0.244374, -0.688322, -0.840708, -0.691649, -0.153534, 0.119269
3.34, 0.0319376, -2.18763, 1.60194, 1.85389, -1.965, -2.00301, 1.31674, 2.50697, -0.632945, -0.96679, 1.25746, -0.946748, -1.10953, -0.127879, -1.19966, 0.190583, -1.14227, 0.270654, -0.825945, -0.732944, -1.23562, -1.83094, -1.77203, -1.33438, -0.74972, -0.627848, -0.853255, -0.930495, -0.545134, -0.238104, -0.433722
3.36, 0.0319376, -2.47691, 1.51742, 1.1853, -2.05443, -1.43631, 2.24322, 2.54002, -0.992774, 0.981108, 1.69681, -1.6439, 0.685231, 0.257296, 0.0284795, 0.462211, 0.791231, 0.957299, 0.962466, 0.247161, -0.228961, -1.05248, -1.32381, -0.510844, -0.000735255, -0.138427, -0.836021, -1.10151, -0.409055, -0.0969918, 0.401551
3.38, 0.0319374, -3.79675, 1.44578, 0.859365, -3.4025, -1.99595, 2.29344, 1.83204, -1.02222, 1.81865, 1.73431, -1.09148, 1.30417, -0.126756, 0.898569, 0.0916653, 0.881624, 0.382107, 1.47202, 0.504316, 0.252538, -0.293891, -0.33952, -0.0370712, 0.471381, 0.404031, -0.449021, -1.22318, -0.791242, -0.325455, 0.12388
3.4, 0.0319374, -2.34684, 1.24846, 0.387986, -3.2047, -1.06293, 2.1094, 1.26917, -0.59696, 2.62967, 2.13801, -0.436734, 1.44587, -0.371114, 0.839376, -0.338475, 0.955493, 0.80788, 1.92133, 1.70075, 0.893281, 0.279058, -0.253397, 0.0793205, 0.71089, 0.964176, -0.094255, -0.220061, -0.123362, 0.0501973, 0.638978
3.42, 0.0319374, -1.47302, 1.2642, 0.221241, -1.04761, -0.0913691, 1.97288, 0.769081, 0.713077, 2.84382, 1.7814, 0.460514, 0.957927, -0.215655, 0.20627, 0.271832, 0.661846, 0.991794, 1.49331, 1.49886, 0.751517, -0.107117, -0.559685, -0.327429, 0.0919312, 0.326707, -0.204277, -0.244826, -0.494852, -0.15926, 0.167823
3.44, 0.0319374, -1.28053, 0.895199, -0.485483, 0.29501, 0.309669, 1.63579, 1.05008, 1.59743, 2.49413, 1.66417, 1.03158, 0.566995, 0.332066, 0.605517, 0.50624, 0.435885, 1.41416, 1.58366, 1.66985, 0.750203, -0.440347, -0.301863, 0.0529801, 0.246843, 0.424909, -0.145074, -0.441358, -0.353157, -0.0568003, 0.166315
3.46, 0.0319374, -1.35485, 0.874177, -0.456193, 0.300316, 0.276906, 1.67524, 1.11733, 1.58095, 2.37275, 1.65931, 0.969082, 0.566053, 0.282261, 0.600306, 0.484389, 0.512272, 1.43924, 1.48651, 1.40811, 0.632182, -0.410889, -0.65368, -0.309977, -0.264249, -0.202597, -0.350658, -0.772723, -0.268954, 0.257388, 0.306043
3.48, 0.0319376, -1.43244, 0.71603, -0.674725, 0.320314, 0.356066, 1.38929, 1.34677, 1.48201, 1.81718, 1.3705, 0.516607, 0.187645, 0.107767, 0.323611, 0.132088, 0.34965, 1.15155, 0.725678, 0.586617, -0.145915, -1.33223, -1.14299, -0.405264, -0.266586, -0.769034, -0.912861, -0.790313, -0.951848, -0.530337, -0.476087
3.5, 0.0319376, -1.38598, 0.348553, -0.909382, 0.0674882, 0.557762, 1.36615, 1.31337, 0.977267, 1.08374, 0.779124, -0.086117, -0.510944, -0.327197, -0.209705, -0.212189, -0.306543, 0.2769, -0.00924731, 0.0578654, -0.483502, -0.99375, -0.853991, -0.683083, -1.06803, -1.15588, -0.899715, -1.21744, -0.998695, -1.03835, -0.931005
3.52, 0.0319376, -1.14888, -0.0148749, -1.79669, -2.81824, 0.222203, 0.177202, -0.721276, -0.386923, 0.0472052, -1.02124, -0.17788, -1.61978, -0.499296, -1.08655, -0.0556192, -1.17272, -0.61993, 0.0652148, -0.0725097, -0.690678, -1.40589, -1.80733, -0.86037, -0.706443, -1.20187, -1.02374, -1.03331, -1.36879, -1.25876, -1.23092
3.54, 0.0319376, -1.28534, -0.820015, -3.05473, -3.25096, -0.166764, -0.525298, -0.892935, -0.162749, -0.211924, -0.760283, -0.663988, -2.20106, -1.02938, -1.3483, -0.948334, -0.926458, -0.906738, -0.431177, -0.0142601, -0.465286, -0.875536, -1.21126, -1.00631, -0.83063, -0.74005, -0.957566, -1.48845, -1.27272, -0.833172, -0.557233
3.56, 0.0319376, -1.70828, -1.856, -3.23246, -2.58968, -1.25247, -1.32825, -1.12362, -0.261358, -0.894816, -0.768373, -1.476, -1.52034, -1.97817, -1.64462, -1.56669, -1.19443, -0.987162, -0.906073, -0.813042, -1.16605, -1.80608, -1.84094, -1.48418, -1.10878, -1.07203, -1.58471, -1.63541, -1.51425, -1.15383, -0.662576
3.58, 0.0319376, -2.90036, -1.97685, -2.60806, -3.33167, -2.96874, -2.29875, -1.58084, -1.84851, -1.12735, -1.85104, -2.63271, -2.35895, -2.64497, -2.39446, -2.28184, -2.18637, -1.84382, -1.83677, -1.82078, -2.1274, -2.36637, -2.64201, -2.55156, -2.28534, -2.36208, -2.49962, -2.0299, -1.80105, -1.62658, -1.379
3.6, 0.0319376, -2.87734, -2.3972, -3.48685, -3.22339, -2.84505, -1.71635, -2.01615, -2.00715, -1.55009, -2.11474, -3.56128, -2.98014, -2.57892, -2.29169, -2.58891, -2.43727, -2.56001, -2.31956, -2.48256, -2.95269, -3.10992, -3.2386, -3.38641, -2.99715, -2.9014, -2.86899, -2.93339, -2.83213, -2.71507, -2.4411
3.62, 0.0319376, -4.15247, -2.64575, -3.7852, -3.63483, -3.09261, -2.69762, -2.6831, -2.49108, -1.88513, -2.21786, -3.23005, -3.00327, -3.10327, -2.96927, -3.10529, -3.00331, -2.37326, -2.16458, -2.29281, -3.08131, -3.46434, -3.42553, -3.37699, -3.43887, -3.30717, -2.83538, -2.97368, -3.31978, -3.35027, -3.20109
3.64, 0.0319374, -3.58832, -2.91796, -3.716, -4.5254, -2.88172, -1.6816, -2.25792, -2.52744, -2.27198, -2.90071, -3.6104, -3.42748, -3.52399, -3.34499, -3.26989, -3.15098, -3.05052, -2.63792, -2.98345, -3.87054, -3.46461, -3.31256, -3.40735, -3.55052, -3.3779, -3.09299, -3.05686, -3.45338, -3.6025, -3.36429
3.66, 0.0319374, -4.5401, -4.17331, -4.09911, -4.58728, -3.55984, -2.23016, -2.66004, -3.04924, -2.36764, -3.67018, -4.29646, -3.62417, -3.30878, -3.64619, -3.51699, -3.28845, -3.08825, -2.58218, -2.82863, -3.38092, -3.39616, -3.82683, -3.88414, -3.42909, -3.2448, -3.02135, -3.25095, -3.58093, -3.69127, -3.71782
3.68, 0.0319374, -4.08048, -4.02695, -3.87804, -5.03882, -4.20089, -2.96938, -2.96244, -3.33896, -2.67067, -3.29836, -4.17634, -3.62983, -3.48841, -3.099, -2.95297, -4.01009, -3.33786, -3.1813, -2.90854, -3.54925, -4.25195, -4.28475, -4.0351, -3.69121, -3.47632, -3.26236, -3.73555, -3.94343, -4.02664, -3.74897
3.7, 0.0319374, -5.06172, -3.64602, -3.3741, -4.22796, -3.7486, -2.72728, -2.58992, -2.95642, -2.56252, -3.32652, -4.11607, -3.66509, -3.78032, -3.71849, -3.8571, -3.89138, -3.52445, -3.39148, -3.8227, -4.02185, -4.29063, -4.27574, -3.93604, -3.75189, -3.82736, -3.42473, -3.57024, -4.20452, -3.84584, -3.90985
3.72, 0.0319374, -2.10893, -2.20083, -3.22659, -2.87182, -2.48613, -2.72252, -1.93072, -1.75743, -1.29196, -1.34455, -1.50622, -1.91875, -2.11647, -2.25767, -2.62316, -3.06449, -3.33277, -3.4182, -3.24057, -3.68223, -4.2392, -4.01316, -3.94419, -3.86991, -3.56934, -3.82601, -3.93042, -3.78036, -3.9872, -3.96851
3.74, 0.0319376, -1.47403, 0.226456, -0.548017, -2.17107, -0.81433, 0.602158, -0.140729, 0.244848, 1.45869, 0.356777, -0.179467, 0.076463, -0.158097, -0.0537774, -0.342035, -0.420778, -0.589733, -0.360511, -1.24778, -1.45986, -1.62728, -1.14374, -1.6614, -1.50071, -1.74999, -1.94797, -2.14948, -1.74728, -1.42253, -0.954091
3.76, 0.0319376, -0.110341, 0.328188, 1.44101, 0.683374, 0.379233, 1.05989, 1.14315, 1.51446, 1.99843, 1.63786, 1.08754, 0.816911, 0.778003, 0.457697, 0.961274, 0.253548, 0.978508, 0.143327, 0.533461, 0.200827, -0.571944, -0.154176, -0.156631, -0.200106, -0.87612, -1.5183, -1.38156, -1.19413, -0.991971, -0.30693
3.78, 0.0319376, -0.954202, -0.502245, 1.63088, 1.95853, 0.64823, 0.127743, -0.268317, 2.01055, 1.88266, 0.853512, -0.102422, 0.0972936, -0.723115, -0.352716, -0.00434519, -0.279052, -0.11917, -0.172607, -0.168306, -0.429295, -0.918882, -1.42602, -1.01663, -0.438221, -0.442267, -1.05815, -1.45508, -1.33549, -1.08994, -0.538248
3.8, 0.0319376, 0.0783479, 0.535943, 1.68476, 1.41481, 1.53266, 1.54216, 0.814086, 1.59108, 1.50959, 0.722394, 0.20214, -0.0347222, -0.749186, -1.03437, -0.699827, -0.788207, -0.5502, -0.596721, -0.399633, -0.37133, -0.736561, -0.659624, -0.543205, -0.490054, -0.483226, -0.847329, -1.02939, -0.80315, -0.0401498, -0.385117
3.82, 0.0319376, -0.527146, 0.398154, 2.04375, 1.10031, 1.09129, 0.74646, 1.28218, 2.04191, 1.56639, 0.503504, 0.0102856, -0.525592, -1.07113, -0.908062, -0.666863, -0.857013, -0.233659, -0.810512, -0.874846, -0.75237, -1.16657, -1.11236, -0.732891, -0.599092, -0.890604, -1.20516, -0.969704, -1.01296, -0.395825, -0.213059
3.84, 0.0319376, -1.37898, 1.12741, 1.87669, -0.217757, 0.426987, 0.528436, 2.2001, 1.10295, 0.469016, 0.0628109, -0.562735, -1.4147, -0.992135, -1.44253, -0.990561, -1.03209, -0.878029, -1.16602, -1.25003, -1.87761, -2.22403, -1.71718, -1.40183, -1.12015, -0.929705, -1.26154, -1.22483, -1.24156, -0.801293, -0.687016
3.86, 0.0319376, -0.529527, 1.11893, 0.530685, -0.999994, -1.06134, 0.546258, 0.0296643, -0.89287, -1.23264, -2.06832, -2.54375, -3.14528, -2.92419, -2.291, -1.88966, -2.17549, -1.97576, -1.61631, -1.95895, -2.44213, -3.10973, -2.99717, -2.7219, -2.33179, -2.35241, -2.0117, -2.15248, -2.45035, -1.80493, -1.64256
3.88, 0.0319374, -2.50509, -1.02587, -1.17145, -2.12597, -2.04438, -1.77597, -0.862532, -0.627455, -0.928738, -2.0533, -2.59165, -2.9439, -3.32285, -3.12513, -2.36159, -2.74708, -2.69762, -3.1428, -2.83537, -3.5091, -3.4345, -3.66271, -3.80529, -3.42123, -3.46054, -3.62451, -3.7886, -3.81313, -3.6409, -3.35943
3.9, 0.0319374, -2.38852, -2.65435, -1.98022, -1.71734, -1.76543, -2.87293, -1.42254, -1.31214, -2.0402, -3.10814, -3.59528, -3.56216, -2.86066, -3.58982, -3.36425, -3.19226, -2.54813, -3.64784, -3.16205, -3.23953, -3.81959, -3.78128, -3.57124, -3.71268, -3.28053, -3.41257, -3.79504, -3.78469, -3.4704, -3.1694
3.92, 0.0319374, -2.83043, -1.63263, -1.09749, -2.04397, -2.2181, -2.65559, -1.31751, -1.2437, -1.70633, -2.13353, -2.98664, -2.93771, -3.04567, -3.62861, -3.0769, -3.31149, -3.3728, -3.3371, -3.0116, -3.19335, -3.97559, -3.72518, -3.37211, -3.57417, -3.00175, -3.10251, -2.77187, -2.47323, -2.69907, -2.49913
3.94, 0.0319374, -2.29849, -2.11261, -2.07336, -2.96597, -2.97647, -2.28204, -1.51858, -1.73011, -1.55219, -2.19382, -2.44497, -2.43267, -2.46405, -2.47458, -2.25228, -2.47784, -2.29932, -2.19118, -2.4517, -2.70382, -2.79888, -2.36763, -1.92079, -2.14508, -2.47291, -2.68407, -2.68249, -2.10386, -2.24681, -2.11453
3.96, 0.0319374, -2.95763, -2.58628, -2.11103, -2.97763, -2.84789, -2.33319, -1.64277, -1.82579, -1.67511, -2.37825, -3.05156, -3.72548, -3.44007, -3.38916, -3.27949, -3.09911, -2.68487, -3.28511, -3.32633, -3.16486, -3.60741, -3.55229, -2.85992, -2.73784, -2.48242, -2.82271, -2.78035, -2.08199, -2.56808, -2.51957
3.98, 0.0319376, -3.70799, -0.923579, -0.653482, -1.94347, -2.46895, -2.35217, -0.920315, -1.46954, -1.5793, -1.73878, -2.259, -2.94086, -3.24161, -3.37653, -2.9642, -2.555, -2.33706, -2.44952, -2.62809, -2.87809, -3.63381, -3.50262, -2.89403, -2.49611, -2.31173, -2.77767, -2.77171, -2.98779, -2.17146, -1.95932
4, 0.0319376, -1.54941, -1.05894, -0.700405, -1.60658, -1.77729, -2.763, -1.85838, -1.52185, -1.3491, -2.24584, -2.78711, -3.09007, -2.62257, -2.51622, -2.68056, -2.46853, -2.37803, -2.30605, -2.58337, -2.98227, -2.61646, -2.6116, -2.31967, -2.1642, -2.19017, -2.2161, -1.94232, -1.17664, -0.639532, -0.54057
4.02, 0.0319376, -1.48466, -0.956821, -1.50556, -2.00906, -1.89767, -2.55739, -2.60067, -1.26712, -1.47924, -2.39084, -3.13087, -2.75611, -2.51741, -2.14931, -2.1668, -2.36199, -2.07257, -2.19156, -2.45561, -2.71617, -3.54726, -3.20738, -3.43875, -2.63692, -2.81094, -3.21842, -2.90993, -2.7644, -2.5164, -1.97358
4.04, 0.0319376, -1.56651, -1.44787, 0.32635, 0.906284, -0.551553, -2.63876, -2.00899, -0.400932, -0.263698, -1.97245, -2.69351, -2.83702, -2.41137, -2.60274, -2.98132, -2.24563, -1.83177, -2.28638, -2.64925, -2.88893, -3.30268, -3.09787, -2.62377, -2.43634, -2.69275, -3.03095, -3.36431, -3.03143, -2.54407, -2.22532
4.06, 0.0319376, -2.15481, -2.08097, -1.38697, 1.69793, 1.47751, -1.77792, -1.19955, -1.40017, 0.934904, 0.589934, -2.241, -2.45823, -1.09479, -1.4223, -2.24406, -1.49185, -1.65976, -2.12553, -2.29832, -2.58343, -2.70592, -2.9019, -2.36793, -1.8037, -1.97461, -2.43834, -2.79598, -2.58665, -2.34131, -2.01576
4.08, 0.0319376, -2.89905, -2.94114, -2.4839, 0.386199, 2.14418, 1.12059, -2.56218, -2.41704, -1.2851, 0.928172, 0.834645, -2.29258, -2.10409, 0.265804, 0.164224, -2.16581, -0.688481, -0.82522, -2.78197, -2.07609, -2.637, -2.67362, -2.52323, -2.22765, -2.48798, -2.91939, -2.94137, -2.83335, -2.44784, -1.86974
4.1, 0.0319376, -1.72864, -0.947504, -0.421761, 0.465883, 1.23447, 0.211398, -0.17994, 0.61551, 1.04414, 0.893306, 0.108422, -0.977434, -0.418287, 0.164874, -0.265732, -0.647964, -0.593023, -1.46317, -2.29445, -2.17068, -2.78604, -2.71562, -2.43788, -1.78231, -2.04237, -2.6926, -2.93179, -3.13364, -2.672, -2.25335
4.12, 0.0319376, -3.82153, -3.80522, -3.16622, -1.6839, -1.02391, -1.83654, -2.6233, -2.24022, -2.32562, -2.25316, -2.38461, -3.61217, -3.51291, -2.54999, -2.6517, -3.38506, -3.24633, -3.35809, -4.16741, -3.82214, -3.76271, -3.81, -4.27382, -4.1252, -3.95649, -3.71859, -3.94466, -3.92021, -3.87071, -4.03918
4.14, 0.0319376, -4.58751, -3.65329, -3.60918, -1.56526, -1.01664, -2.93873, -3.434, -2.75963, -2.14441, -2.24016, -2.99425, -4.08635, -3.66618, -3.0851, -3.62767, -3.35094, -3.25276, -3.62129, -4.58842, -4.59686, -4.26991, -4.61007, -4.18555, -4.18552, -3.97496, -4.07957, -4.07048, -3.93651, -4.17433, -4.042
4.16, 0.0319376, -4.11849, -4.20155, -3.36853, -1.6098, -1.5643, -2.88669, -3.64249, -3.61953, -2.52659, -2.19331, -2.84644, -4.09791, -3.69012, -2.86983, -2.49676, -3.89191, -3.64498, -3.9542, -4.21363, -4.29373, -4.4311, -4.56799, -4.69169, -4.32199, -4.55781, -4.15217, -4.0107, -3.40101, -3.33622, -3.35118
4.18, 0.0319376, -4.1738, -4.89811, -3.81733, -2.30139, -1.21952, -2.60519, -4.07703, -3.2621, -2.47245, -2.39271, -2.82696, -4.16013, -3.70402, -3.03816, -3.04346, -4.46758, -4.12072, -4.40134, -4.74103, -4.52427, -4.50669, -4.44797, -4.35406, -4.71893, -4.67868, -4.77939, -4.43217, -4.44891, -4.74886, -4.45649
4.2, 0.0319376, -3.68061, -3.82924, -4.3575, -2.70156, -2.42565, -3.0833, -3.96816, -3.52001, -2.63025, -2.63502, -3.03187, -3.92097, -4.07957, -3.20399, -2.93902, -4.03866, -3.94882, -4.04905, -4.14477, -3.76242, -3.80467, -3.79497, -3.80642, -4.24868, -3.72935, -3.69395, -3.50535, -3.47753, -3.60465, -3.41699
4.22, 0.0319376, -1.63001, -2.78631, -3.54974, -2.98184, -1.56847, -2.7585, -3.20828, -3.24015, -3.37488, -3.29816, -4.06447, -4.39989, -4.62993, -3.44441, -3.56516, -4.21894, -4.03347, -4.11508, -4.2559, -4.12111, -4.42754, -3.88433, -3.70599, -3.90485, -3.66894, -3.50632, -3.87357, -4.05735, -4.13551, -4.08562
4.24, 0.0319376, -2.50359, -2.19828, -2.36689, -1.98845, -2.22569, -2.31072, -2.25251, -2.10028, -2.09125, -2.3912, -2.97664, -3.34225, -3.22214, -3.22031, -3.74345, -3.66805, -3.45072, -3.18405, -3.47604, -3.88729, -4.30928, -4.27079, -4.06038, -4.45657, -4.5268, -4.55288, -4.51605, -4.67332, -4.76152, -4.55023
4.26, 0.0319371, 0.39551, 0.694545, -0.20847, -0.0387753, 1.1902, 0.881136, 0.78112, 1.75912, 1.41798, 0.725776, 0.646797, -0.0140596, 0.0421752, -0.391411, -0.445824, -0.377487, 0.0949253, 0.175755, -0.219278, -0.49325, -0.879227, -1.367, -1.23853, -0.746542, -1.15828, -1.79136, -1.91881, -2.37539, -2.25845, -2.25555
4.28, 0.0319371, -0.922099, 1.37811, 0.152659, -1.42444, 0.108021, 1.99446, 0.539489, 0.185072, 2.07915, 0.616667, 0.0455525, 0.784383, -0.724458, 0.114116, -0.495823, 0.258614, 0.642196, 0.585528, 0.584452, 0.230437, -0.0446808, -0.438808, -0.468531, 0.0476435, -0.377785, -1.43924, -1.98307, -2.05186, -1.57151, -1.08377
4.3, 0.0319371, -1.48709, 1.38366, 1.35555, -1.53867, -1.87804, 1.67969, 2.33739, -0.392955, 0.739681, 1.66424, -0.87954, 0.48158, 0.71895, -0.687871, 0.107053, 0.0635278, 0.535505, 0.826303, 0.518133, 0.469043, -0.117395, -0.532768, -0.441483, 0.0268947, -0.277878, -1.35809, -1.77936, -1.34273, -0.758695, -0.264231
4.32, 0.0319371, -2.08681, 0.882887, 1.81842, -1.10139, -2.12872, 0.418334, 2.64383, 1.20397, -1.02224, 1.30668, 0.769407, -1.28213, 0.938413, -0.490481, -0.165037, -0.725679, 0.385917, 0.187032, 0.825224, -0.422591, -0.5658, -0.654251, -0.603836, -0.580727, -1.11982, -1.71261, -1.99762, -1.81671, -1.46386, -0.83743
4.34, 0.0319371, -2.612, 0.861842, 1.89228, -0.896522, -1.7466, -0.521917, 2.63276, 1.79945, -1.10842, 0.91883, 1.1297, -1.91806, 0.456671, -0.126977, -0.322587, -0.0554657, -0.256168, 0.017779, 0.343247, -0.388183, -0.707685, -0.967477, -1.09527, -1.27159, -1.23063, -1.26208, -1.52924, -1.91454, -1.61752, -0.893949
4.36, 0.0319376, -2.40728, 0.660489, 1.77747, -1.06068, -1.99758, -0.824793, 2.62321, 1.66772, -0.984118, 1.04678, 1.05245, -2.05462, 0.714919, -0.159858, -0.117611, 0.0449778, -0.077699, -0.0481639, 0.520939, -0.278873, -0.393957, -0.735384, -0.861308, -0.705884, -0.543645, -0.479114, -0.765378, -1.49138, -1.62342, -0.931594
4.38, 0.0319376, -2.65934, 0.634786, 1.71944, -1.21316, -1.81509, -0.791648, 2.37032, 1.43336, -1.57285, 0.902452, 1.01678, -2.02437, 0.716424, -0.0471315, -0.506614, -0.149971, -0.15212, -0.101539, 0.66039, 0.0753948, -0.268764, -0.0247344, -0.415632, -0.206567, 0.0988539, -0.41968, -0.974278, -0.985572, -1.33359, -1.2551
4.4, 0.0319376, -0.913601, 0.449523, 1.60631, -0.915777, 0.0157829, -0.520505, 1.86645, 1.15612, 0.67964, 0.784276, 0.841412, 0.403266, 0.406804, -0.171086, -0.78629, -0.306555, 0.0493243, 0.425255, 0.683116, 1.07223, 0.550679, 0.184823, 0.0721563, 0.519982, 0.450612, -0.194174, -0.8033, -1.26786, -0.926565, -0.968423
4.42, 0.0319376, -1.13912, 0.464011, 1.5133, -1.12573, -0.0399918, -0.439297, 1.43103, 0.606989, 1.24379, 0.551434, 0.454351, 0.521959, 0.229487, -0.158312, -0.800737, -0.207442, -0.0776006, 0.269657, 0.0893942, 0.916113, 0.572217, 0.246871, -0.0259488, 0.667454, 0.257598, -0.289593, -0.912972, -0.684467, -0.368371, -0.377723
4.44, 0.0319376, -1.1697, 0.362556, 1.4322, -0.708473, 0.095318, -0.994869, 1.25583, 0.849573, 1.74738, 0.561764, 0.415602, 0.968187, 0.161733, -0.214505, -0.412103, 0.169782, 0.393555, 0.399689, 0.609888, 0.804272, 0.613391, 0.381013, 0.0268422, 0.570722, 0.317055, -0.339626, -0.816841, -0.724568, -0.34827, -0.446769
4.46, 0.0319376, -1.40181, 0.389213, 1.3006, -1.28337, 0.194501, -0.768108, 1.09816, 0.889784, 1.97916, 0.10958, -0.372195, 1.03114, 0.161948, 0.129077, -0.12922, 0.0473401, 0.596719, 0.584192, 0.679611, 0.825374, 0.622276, 0.302519, 0.101277, 0.511782, 0.703869, -0.171142, -0.797054, -0.818417, -0.504815, -0.38486
4.48, 0.0319376, -1.16777, 0.580519, 1.23814, -1.15547, 0.576795, -0.322767, 0.208472, 1.13523, 2.01831, 0.20432, 0.639043, 1.06942, 0.0566936, -0.260942, 0.139989, 0.0970632, 0.707065, 0.236974, 0.462517, 0.8298, 0.873314, 0.380336, 0.192188, 0.540969, 0.562326, 0.11662, -0.652967, -0.581081, -0.26585, 0.0505287
4.5, 0.0319376, -1.17706, 0.731744, 0.99065, -0.456748, 0.663859, -0.329711, -0.00644893, 1.50408, 1.80334, 0.481185, 0.710194, 0.437786, -0.0364447, 0.226832, 0.182015, -0.00483338, 0.551676, 0.225927, 0.492117, 1.3033, 0.950186, 0.829744, 0.487105, 0.536142, 0.881746, 0.316799, -0.504124, -0.552115, -0.0691522, 0.0789708
4.52, 0.0319376, -1.58663, 0.660922, 0.19541, 0.0682783, 0.527403, 0.106094, 0.244379, 1.68851, 1.18301, 0.43078, 0.978697, 0.0259834, 0.218368, 0.353965, -0.14876, -0.112769, -0.143283, 0.458011, 0.19835, 1.08108, 1.1649, 0.595619, 0.277998, 0.822981, 0.831058, 0.17361, -0.259343, -0.241777, 0.114436, 0.168105
4.54, 0.0319376, -1.57376, 0.79154, -0.0669898, 0.233234, 0.0903676, 0.782186, 0.3871, 1.78141, 0.796182, 0.579561, 0.77484, 0.449997, 0.692173, -0.23613, -0.250259, -0.583247, -0.165941, 0.304167, 0.55713, 0.816528, 1.18667, 0.784247, 0.52359, 1.00451, 0.968554, 0.277067, -0.0257604, -0.381674, 0.073932, 0.603481
4.56, 0.0319376, -1.73941, 0.60867, -0.736543, -1.05865, -0.741728, 0.54574, -0.232838, 0.387716, 1.41001, 0.624866, 0.846546, 1.1491, -1.57203, -1.41334, -1.38755, -0.403601, -0.198797, -0.131433, -0.623303, 0.93826, 0.787831, 0.366731, 0.439474, 0.710612, 0.930342, -0.0747198, -0.459896, -0.491661, -0.113505, -0.0698706
4.58, 0.0319376, -1.33897, 0.363234, -1.21437, -2.4343, -0.397692, 0.291545, -1.13058, -0.500542, 0.431642, -1.15948, 0.824876, 0.212394, -0.440737, -0.660793, -1.1997, -1.15465, -0.132231, -0.815663, -0.594146, 0.555384, 0.716435, 0.255311, 0.332681, 0.485817, 0.409486, -0.441432, -0.914843, -0.722435, -0.200587, -0.0938816
4.6, 0.0319376, -0.902552, 0.580149, -1.63295, -2.1732, -0.109414, 0.00272261, -0.941982, -0.182089, 0.169174, -0.403598, 0.707276, -0.493008, -0.516176, -1.09449, -1.27442, -0.812604, -0.338698, -0.554527, -0.320921, 0.319469, 0.378949, -0.288773, -0.00620882, 0.179599, -0.118782, -0.784702, -1.32488, -1.27965, -0.651089, -0.49894
4.62, 0.0319376, -0.964146, 0.89658, -0.849709, -1.85673, -0.324754, 0.349972, -1.21812, -0.269496, 0.544411, -0.559945, 0.766825, 0.141072, -0.843485, -1.24323, -0.911459, -0.995486, 0.143469, -0.264313, -0.233266, -0.0169319, -0.230652, -0.51976, -0.258708, -0.106358, -0.823607, -1.37765, -1.56283, -1.53155, -1.08176, -0.586047
4.64, 0.0319376, -1.66699, 0.907681, 0.099571, -1.08946, -0.703483, 0.930969, 0.240327, -0.247486, 1.09164, 0.466459, 0.451373, 0.984466, -0.487148, -0.768073, -1.35947, 0.0556639, 0.279211, 0.275451, 0.486574, 0.500432, 0.048336, -0.149192, 0.0494502, 0.0830785, -0.527642, -1.00358, -1.25342, -1.3426, -0.759772, -0.398305
4.66, 0.0319376, -2.85946, 1.23285, 0.578945, -2.71671, -2.56005, 0.817177, 0.427112, -0.89472, 0.990397, 0.951428, -1.22198, 0.964589, -0.125347, -1.23867, -1.59468, -0.0623531, -0.498847, 0.553417, 0.127395, 0.312319, 0.405846, -0.0937974, -0.0137243, -0.0338008, -0.675685, -1.57085, -1.32682, -1.59715, -1.13228, -0.601868
4.68, 0.0319376, -2.73046, 1.28492, 0.816378, -3.28353, -2.5916, 1.07941, 0.848862, -1.76502, 0.627417, 1.04292, -1.53702, 0.65691, 0.0896476, -1.40511, -1.57845, -0.471862, -0.635373, 0.324502, 0.00642307, 0.366329, 0.797868, -0.134347, 0.0233889, 0.154486, -0.207268, -1.06509, -1.22869, -1.22278, -0.646877, -0.580612
4.7, 0.0319376, -2.45424, 1.40712, 1.21346, -1.57913, -1.22438, 1.15375, 1.18895, -0.630263, 0.863533, 1.21803, -0.775709, 0.38299, -0.0716108, -1.26235, -0.989537, -0.706199, -0.645214, 0.123246, -0.30963, 0.194748, 0.198759, -0.282046, -0.4637, -0.323463, -0.282125, -0.88792, -1.41799, -1.22735, -0.692583, -0.757745
4.72, 0.0319376, -1.36128, 1.06206, 1.60451, -0.882078, -0.541785, 0.347876, 1.55151, 0.0889424, -0.17483, 0.9188, -0.154012, -0.965611, -0.119854, -1.18391, -0.708231, -1.38484, -0.772639, -1.16857, -0.958861, -0.240604, -0.271871, -0.803463, -0.98421, -0.956571, -1.02189, -1.42032, -1.64827, -1.72195, -1.19545, -0.97939
4.74, 0.0319376, -2.58251, 1.06866, 1.62, -1.39052, -1.24641, -0.249314, 1.15001, -0.56495, -0.639451, 0.630255, -0.271321, -1.36734, -0.61809, -1.74137, -0.971695, -1.48567, -1.1591, -1.4104, -1.20704, -1.29239, -0.694753, -1.28168, -1.42351, -1.52331, -1.2081, -1.22775, -1.64048, -1.66979, -1.54234, -1.33762
4.76, 0.0319371, -2.16732, 1.34688, 0.710439, -1.37011, -1.72011, 0.829711, 0.759084, -0.929621, -0.177255, 0.0127964, -2.29973, -1.05399, -1.91154, -2.10458, -2.18403, -1.19866, -1.42713, -1.20776, -1.74597, -1.35407, -1.4668, -1.77715, -1.84123, -1.37386, -1.34759, -1.35984, -1.69583, -2.23741, -1.84656, -1.49222
4.78, 0.0319371, -0.315455, 1.29679, -0.227917, -2.96367, -0.272807, 0.448674, -1.18963, -0.660516, 0.145906, -1.5669, -1.39194, -2.00909, -2.12961, -2.5211, -1.886, -1.75876, -1.52795, -1.82475, -1.58135, -1.37078, -1.20807, -1.68368, -1.82412, -0.964666, -0.898983, -1.25351, -1.63864, -2.00072, -1.61917, -1.68837
4.8, 0.0319371, 0.0531966, 0.855345, -1.23788, -2.63769, -0.67481, -1.04879, -1.84071, -0.803234, -1.12027, -1.2975, -1.81213, -2.78177, -2.61672, -2.09356, -2.04685, -2.63621, -1.89894, -1.94815, -1.93221, -1.54277, -1.2627, -1.72872, -1.87226, -1.46729, -1.56509, -1.96741, -2.58356, -2.55726, -2.44039, -2.41651
4.82, 0.0319371, -1.29809, -0.0997265, -1.0602, -3.32688, -2.7296, -2.16343, -2.74932, -2.92706, -2.31598, -2.48717, -2.73468, -2.38103, -2.52084, -2.36916, -2.36453, -2.57924, -3.05592, -3.21217, -2.87411, -1.9339, -2.08443, -2.55106, -2.65166, -2.41238, -2.08775, -2.20432, -3.20793, -3.56516, -3.07191, -2.97606
4.84, 0.0319371, -3.23649, -2.97015, -2.71724, -3.67936, -3.33995, -2.22963, -2.28533, -3.06405, -2.48071, -2.3335, -3.12063, -2.63055, -3.09817, -3.2893, -3.27075, -3.18083, -2.87108, -3.26456, -3.41186, -3.30162, -3.12024, -3.35008, -3.42899, -3.25547, -3.06905, -3.00053, -3.38501, -3.9298, -3.74525, -3.90052
4.86, 0.0319376, -3.306, -2.55824, -1.97124, -3.92182, -3.98522, -3.10618, -2.61962, -3.49723, -2.61425, -2.55597, -3.32449, -3.48678, -3.36465, -3.57077, -3.36147, -3.22382, -3.38452, -3.13435, -3.43795, -3.26345, -3.2761, -3.31886, -3.39523, -3.32727, -3.28812, -2.90545, -3.76454, -3.78343, -3.97011, -3.96959
4.88, 0.0319376, -1.6321, -2.55864, -2.27991, -2.58706, -2.38082, -2.23598, -2.47296, -2.42895, -2.22092, -2.87351, -2.79658, -2.19741, -2.39342, -2.8897, -2.67215, -2.65537, -2.80467, -2.85933, -3.35532, -2.95544, -2.39988, -2.74727, -3.25337, -2.91177, -2.77245, -2.42347, -2.74679, -3.00889, -2.82797, -2.91454
4.9, 0.0319376, -3.077, -2.2269, -2.94284, -4.28039, -4.13876, -2.48762, -1.9877, -2.85997, -2.7176, -2.32695, -3.57627, -2.99538, -2.83594, -3.31988, -3.24151, -2.43856, -2.25713, -2.79788, -2.77073, -3.2403, -3.54633, -3.13337, -3.078, -2.65711, -2.40565, -2.71816, -3.37635, -3.49721, -3.18421, -3.2388
4.92, 0.0319376, -1.94318, -1.14028, -1.54914, -2.28477, -2.74578, -2.55529, -2.16008, -1.6295, -1.85156, -1.78299, -2.61767, -2.70882, -2.67046, -3.6086, -2.9743, -2.61228, -2.22223, -2.40598, -2.61201, -3.00935, -3.26651, -3.24337, -2.8265, -2.33847, -2.49317, -2.80524, -3.20709, -3.30315, -2.96191, -2.94195
4.94, 0.0319376, -1.85687, -1.65278, -1.76918, -2.33867, -2.58338, -2.83727, -2.05492, -2.34886, -1.85986, -2.21362, -2.96501, -3.10383, -2.89721, -3.68977, -3.68031, -2.83947, -2.46574, -2.98875, -2.90716, -2.84242, -3.10387, -3.51462, -3.17376, -2.67156, -3.21366, -3.38524, -3.33834, -3.54458, -3.09016, -3.00788
4.96, 0.0319376, -3.47273, -3.2445, -3.50028, -3.59128, -3.27475, -3.49069, -3.08457, -2.95242, -2.78999, -3.6637, -3.65, -3.41871, -3.83369, -3.61562, -3.78481, -3.16921, -2.95223, -3.37693, -3.42736, -3.35091, -3.61918, -3.92, -3.13873, -3.15557, -2.81535, -2.65759, -3.2796, -3.35097, -2.9914, -2.99513
