# Time (seconds), Duration (seconds), f0, f1, f2, f3, f4, f5, f6, f7, f8, f9, f10, f11, f12, f13, f14, f15, f16, f17, f18, f19, f20, f21, f22, f23, f24, f25, f26, f27, f28, f29
0, 0.0319375, 0.241177, 0.962537, 0.750273, -0.315203, 0.504609, 0.66898, 0.599973, 1.39222, 1.94944, 1.54263, 1.51058, 1.38114, 1.4533, 1.33682, 1.10407, 1.88978, 1.74102, 1.02933, 1.29321, 1.46559, 1.24042, 1.72602, 1.90847, 1.62551, 1.4212, 1.70455, 1.62794, 1.72521, 1.7723, 1.68216
0.02, 0.0319375, 0.897915, 0.884722, 0.6155, 0.373517, 1.4723, 1.57529, 0.515847, 1.0669, 1.75757, 1.27976, 0.576259, 0.881624, 1.00768, 1.57646, 1.40302, 1.38558, 1.63687, 1.55719, 1.50641, 1.374, 1.51431, 1.70723, 1.33357, 1.43442, 1.47618, 1.63352, 1.41224, 1.4205, 1.60351, 1.72858
0.04, 0.0319375, -0.57829, 0.534468, 0.862314, 0.605707, 0.107756, -0.133125, 0.219447, 1.03029, 1.82535, 1.08304, 0.439742, 1.13985, 1.16318, 1.4235, 1.37536, 1.54317, 1.61427, 1.75878, 1.21097, 1.66975, 1.42961, 1.00678, 1.63971, 1.5768, 1.68172, 1.55121, 1.21017, 1.58436, 1.60642, 1.34167
0.06, 0.0319375, 0.531734, 0.0455908, 0.432079, 1.0424, 0.979677, 1.04626, 0.400536, 1.37726, 1.28378, 0.926268, 0.592766, 0.575487, 1.22769, 1.04039, 1.58404, 1.47241, 1.4287, 1.7826, 1.4496, 1.54686, 1.57656, 1.56197, 1.72344, 1.43635, 1.36818, 1.50159, 1.47304, 1.38221, 1.40326, 1.7556
0.08, 0.0319375, 0.635572, 0.576626, 0.887334, 0.743817, 1.09666, 0.775834, 2.08973, 2.08271, 1.1404, 0.888531, 0.831516, 0.98816, 1.14213, 1.4367, 0.973758, 1.47579, 1.46854, 1.26872, 1.74606, 1.75136, 1.59339, 1.59549, 1.47742, 1.65176, 1.58814, 1.41672, 1.6506, 1.67286, 1.48363, 1.70203
0.1, 0.0319375, 2.0612, 1.91769, 1.84526, 1.73337, 1.74858, 0.883732, 1.15076, 1.5548, 1.91486, 1.57477, 1.5445, 1.59343, 1.02543, 1.50125, 1.10305, 1.45017, 1.75604, 1.68328, 1.94962, 2.05745, 1.75569, 1.42081, 1.53888, 1.5088, 1.5547, 1.17808, 1.51884, 1.7002, 1.74602, 1.72433
0.12, 0.0319375, 0.319713, 0.733653, 0.806425, 0.360385, 0.641069, 0.458942, 0.328998, 1.2793, 1.10553, 0.859379, 1.22915, 1.44986, 1.28248, 1.39312, 1.12613, 1.69833, 1.55194, 1.41974, 1.52038, 1.64977, 1.93456, 1.62052, 1.31348, 1.15004, 1.58755, 1.63694, 1.18038, 1.32913, 1.69645, 1.95741
0.14, 0.0319375, 0.1184, 0.447106, 0.441267, 1.30179, 0.888528, 0.31824, 0.332547, 0.607961, 1.12358, 0.555771, 0.726992, 1.30411, 1.07168, 1.43559, 1.59325, 1.60608, 1.21549, 1.15417, 1.2871, 1.3714, 1.51519, 2.09757, 1.5801, 1.61176, 1.77785, 1.52438, 1.23284, 1.49079, 1.62424, 1.57734
0.16, 0.0319375, 0.710956, 1.08097, 0.0574423, 0.398569, 0.93036, 0.799498, 0.563272, 0.90735, 1.31018, 0.909764, 0.982648, 0.696533, 0.374722, 0.393943, 1.17662, 1.28138, 1.26478, 1.31227, 1.55322, 1.36697, 1.51564, 1.55651, 1.42772, 1.33414, 1.68103, 1.29536, 1.43078, 1.52758, 1.576, 1.6345
0.18, 0.0319375, 0.243726, 0.511373, 0.700419, 0.892993, 0.781836, 0.741209, 1.07177, 1.11758, 1.21629, 1.23466, 1.3559, 1.18884, 1.47836, 1.53739, 1.46116, 1.53046, 1.14185, 1.20992, 1.47257, 1.85688, 1.66365, 1.64321, 1.39769, 1.95244, 2.07155, 1.73053, 1.46189, 1.57825, 1.09622, 1.38992
0.2, 0.0319375, 0.040722, 0.612781, 0.894759, 0.542096, 0.835681, 0.831215, 1.45614, 1.3869, 1.09237, 0.680989, 1.19266, 1.2467, 1.41989, 1.56569, 1.62666, 1.50715, 1.45973, 1.73726, 1.7049, 1.68276, 1.85502, 1.67394, 1.61256, 1.07245, 1.52738, 1.7102, 1.62216, 1.49844, 1.48562, 2.00669
0.22, 0.0319375, 0.464783, 0.040838, 0.826601, 0.744027, 1.08993, 0.668939, 1.27421, 0.961605, 0.976291, 1.16471, 1.22897, 1.41448, 0.727183, 1.18959, 1.08882, 1.33895, 0.81223, 1.36663, 0.843678, 1.57691, 1.97426, 1.58127, 1.20933, 1.19097, 1.56042, 1.5909, 1.71363, 1.3268, 1.30895, 1.6832
0.24, 0.0319375, 0.37253, 0.84922, 0.423692, 0.879496, 1.24648, 0.716641, 1.09604, 0.697708, 1.08181, 0.884224, 0.964576, 1.74893, 1.45248, 1.79332, 1.56924, 1.15909, 1.74395, 1.25282, 1.43633, 1.79893, 1.73799, 1.45701, 1.06912, 1.19479, 1.20164, 1.3747, 1.67607, 1.2671, 1.5647, 1.73647
0.26, 0.0319375, -0.435762, -0.192665, 0.853007, 1.21924, 0.878787, 0.748796, 1.3791, 1.57201, 1.45459, 0.853628, 1.57387, 1.32529, 1.13233, 1.46626, 1.23662, 1.13213, 1.50621, 1.42028, 1.42705, 1.362, 1.60245, 1.92279, 1.88236, 1.57354, 1.58697, 1.431, 1.55098, 1.46937, 1.37501, 1.26061
0.28, 0.0319375, 0.0496731, 0.931162, 1.14838, 1.43348, 0.919362, 0.170798, 0.578448, 1.22095, 1.24393, 0.880472, 0.911903, 1.10894, 1.65815, 1.20616, 0.918659, 1.45446, 1.58726, 1.67979, 1.77367, 1.86078, 2.20163, 1.51441, 1.56521, 1.66106, 1.67524, 1.88492, 1.46332, 1.67803, 1.34887, 1.51794
0.3, 0.0319375, -0.257658, 0.065436, 0.785416, 0.687921, 0.406272, 0.324694, 0.771521, 1.13121, 1.4436, 0.983601, 0.935829, 1.17307, 0.91256, 0.871129, 0.985824, 1.33187, 1.44612, 1.51659, 1.58881, 1.70684, 1.65196, 1.49424, 1.78692, 1.6275, 1.66235, 1.57481, 1.72485, 1.68638, 1.47543, 1.41117
0.32, 0.0319375, 0.538772, 0.647113, 0.897158, 0.119352, 0.43465, 0.948191, 0.986558, 1.10905, 1.3129, 1.42846, 1.26781, 1.48829, 1.97897, 1.21095, 0.96389, 1.55823, 1.62773, 1.5959, 1.39137, 1.53232, 1.73022, 1.58384, 1.41302, 1.58257, 1.58527, 1.15542, 1.28633, 1.4567, 1.72176, 1.76226
0.34, 0.0319375, -0.031898, 0.539949, 0.497358, 0.108176, 1.10594, 1.1182, 0.767248, 1.11614, 0.476787, 1.01411, 0.810725, 1.17099, 1.39825, 1.46135, 1.02654, 1.44278, 1.25029, 1.65799, 1.36538, 1.64697, 1.7508, 1.2821, 1.09093, 1.44895, 1.47885, 1.53491, 1.66734, 1.50171, 1.58754, 1.83568
0.36, 0.0319375, 0.169883, -0.0767283, 0.770883, 0.688563, 0.842984, 1.35141, 0.818347, 0.248051, 0.645288, 1.17168, 0.869783, 1.18424, 1.32501, 1.54718, 1.51567, 1.47708, 1.81012, 1.59918, 1.09611, 1.27273, 1.8017, 1.7639, 1.53478, 1.40346, 1.59175, 1.63975, 1.64847, 1.63433, 1.50637, 1.67769
0.38, 0.0319375, 0.274962, 0.0371538, 0.809829, 0.100638, -0.209372, 0.843495, 1.0526, 0.956493, 0.522922, 0.885408, 0.522649, 1.41927, 1.18063, 1.05042, 1.44116, 1.04795, 1.30053, 1.32239, 1.17234, 1.63558, 1.46301, 1.45989, 1.44833, 1.52396, 1.58191, 1.28764, 1.4356, 1.39761, 1.22323, 1.25088
0.4, 0.0319375, 0.789777, 0.239641, 0.93314, 0.455423, 0.249597, 0.0783507, 0.619668, 0.446778, 1.11344, 1.46352, 1.14569, 1.04991, 1.10356, 1.43388, 1.02874, 1.69286, 2.02969, 1.47484, 1.60167, 1.93923, 1.73902, 1.95272, 1.74589, 1.63687, 1.54041, 1.3575, 1.51972, 1.41636, 1.54302, 1.50834
0.42, 0.0319375, 0.924063, 0.530933, 0.883174, 0.730523, 1.13083, 0.937255, 0.381702, 0.952764, 1.11214, 1.18953, 1.68197, 1.70812, 0.667322, 0.865251, 1.07019, 1.67774, 1.70973, 1.14146, 1.17217, 1.21966, 1.41163, 1.47683, 1.46098, 1.74908, 1.47245, 1.33505, 1.25177, 1.56056, 1.65706, 1.7165
0.44, 0.0319375, 0.835767, 0.827366, 0.707408, 1.03588, 0.999045, 0.836505, 0.789778, 1.75046, 1.86139, 1.92046, 1.72966, 0.628809, 0.969896, 1.16312, 1.32959, 1.54468, 1.62167, 2.49854, 1.92699, 1.63596, 1.73519, 1.84492, 1.65955, 2.04926, 1.65097, 2.08035, 2.03792, 1.86622, 2.21127, 1.95089
0.46, 0.0319375, 0.555663, -0.123621, 0.799411, 1.11184, 0.784419, 0.897352, 0.558774, 0.644495, 0.954023, 1.0914, 0.878082, 0.682518, 0.900693, 1.56992, 1.17307, 1.33162, 1.63443, 1.61856, 1.06892, 1.35322, 1.12593, 1.79171, 1.39171, 1.5153, 1.58394, 1.34551, 1.56038, 1.72018, 1.57469, 1.60493
0.48, 0.0319375, 0.589075, -0.163967, 0.318234, 0.563314, 0.949784, 0.954762, 1.04423, 0.650148, 0.447519, 0.370152, 0.980242, 1.16789, 0.706917, 1.13859, 1.43148, 1.45089, 1.59035, 1.06346, 1.36013, 1.52397, 1.45495, 1.15315, 1.6957, 1.44407, 1.08887, 1.49181, 1.35258, 1.4907, 1.65316, 1.48943
0.5, 0.0319375, 1.05176, 0.727856, 1.19627, 0.998654, 1.01113, 0.898964, 0.625907, 1.01639, 1.45229, 1.12455, 0.728733, 0.92581, 1.01098, 1.17677, 1.53516, 1.42335, 1.31072, 1.65793, 1.8919, 1.47557, 1.41014, 1.48897, 1.48635, 1.65262, 1.64953, 1.2064, 1.61301, 1.46643, 1.6082, 1.63622
0.52, 0.0319375, -0.474167, 0.362058, 1.31324, 1.29243, 1.0464, 0.767314, 0.58501, 1.07366, 1.8272, 1.13535, 1.4807, 1.7795, 1.76404, 1.18168, 1.22789, 1.41669, 1.45962, 1.07935, 1.30865, 1.6948, 1.56585, 1.34236, 1.76631, 1.81074, 1.56069, 1.37162, 1.25493, 1.44848, 1.49395, 1.66689
0.54, 0.0319375, 0.721405, 0.490062, 0.228853, 0.807405, 0.391473, 0.0479675, 0.856913, 1.11956, 1.04304, 0.924666, 0.997409, 0.851272, 0.957344, 0.715236, 0.869492, 1.12901, 1.40675, 2.00606, 1.64324, 1.7016, 1.30531, 1.66332, 1.81546, 1.78247, 1.69105, 1.54269, 1.43045, 1.29442, 1.03706, 1.68479
0.56, 0.0319375, 1.0534, 0.559342, -0.0905012, 0.773074, 1.61109, 1.14223, 0.44513, 0.845117, 0.734659, 0.893246, 0.914152, 1.1921, 1.19091, 0.857207, 1.01728, 0.998132, 1.65079, 1.3435, 1.75133, 1.38182, 1.58551, 2.01328, 1.71814, 1.64682, 1.66487, 1.51903, 1.34162, 1.71486, 1.63295, 1.70435
0.58, 0.0319375, 0.56656, 1.22852, 1.30977, -0.0847732, 1.12388, 0.984979, 0.354257, 1.25432, 1.18586, 1.26362, 0.782197, 1.18104, 1.15194, 1.21451, 1.01953, 1.19269, 1.4775, 1.61931, 1.7021, 1.66246, 1.71807, 1.24212, 1.36601, 1.44493, 1.51003, 1.68187, 1.25624, 1.60936, 1.52457, 1.87101
0.6, 0.0319375, -0.435805, -0.0227562, 0.672755, 1.00626, 1.23962, 0.59849, 0.899787, 1.4667, 1.63838, 1.17305, 1.09913, 1.04409, 1.77951, 1.43987, 0.789223, 1.25176, 1.68364, 1.65767, 1.63244, 1.48349, 1.60828, 1.9702, 2.25035, 1.77784, 1.95602, 1.72056, 1.99226, 2.11659, 2.26771, 2.03682
0.62, 0.0319375, 0.445687, 0.589069, 0.775657, 0.852165, 1.2057, 1.19229, 0.328312, 1.03045, 1.05254, 0.94356, 1.54672, 1.62221, 1.14196, 1.32351, 1.23232, 1.41332, 1.92617, 1.91324, 1.71865, 1.72883, 1.8133, 1.4435, 1.31727, 1.50905, 1.4039, 1.67258, 1.64261, 1.51418, 1.66314, 1.38184
0.64, 0.0319375, 0.724354, 0.324625, 0.371867, 0.644592, 0.823377, 0.549156, 0.266312, 1.2435, 1.18599, 1.20897, 0.875203, 0.736915, 1.07116, 1.37255, 1.36489, 1.494, 1.85434, 1.75684, 1.52822, 1.55619, 1.7636, 1.4348, 1.50683, 1.67114, 1.66917, 1.53368, 1.52188, 1.69766, 1.68132, 1.40825
0.66, 0.0319375, 0.225089, 0.911341, 1.58714, 1.00415, 0.58308, 1.14725, 0.966957, 1.29597, 1.62294, 1.36384, 0.309182, 1.03686, 1.26396, 1.50005, 1.24865, 1.81816, 1.67098, 1.79843, 1.87522, 1.50956, 1.78443, 1.55974, 1.71459, 1.5652, 1.45557, 1.58661, 1.79576, 1.59127, 1.84194, 1.75827
0.68, 0.0319375, -0.533865, -0.0682279, 1.02656, 0.945225, 0.551394, 0.22718, 0.6375, 1.47561, 1.31958, 1.38648, 1.46174, 1.40249, 1.45884, 1.60873, 0.617121, 0.781784, 1.44936, 1.5144, 1.47007, 1.2384, 1.45996, 1.73479, 1.35772, 1.54832, 1.30988, 1.38412, 1.57355, 1.53465, 1.56218, 1.72673
0.7, 0.0319375, 0.191469, 0.640119, -0.387355, 0.79955, 1.01454, 0.911278, 0.105999, 0.905497, 0.927839, 1.21242, 1.47479, 1.23689, 0.655884, 1.10156, 1.25915, 1.24384, 1.61529, 0.777748, 1.39513, 1.49198, 1.5662, 1.76774, 1.79138, 1.51609, 1.42239, 1.68837, 1.51201, 1.57001, 1.33657, 1.49305
0.72, 0.0319375, 0.455934, 0.320411, 0.709056, 0.872193, 1.60004, 0.938691, 0.654339, 1.36966, 0.992248, 0.543288, 1.42713, 1.25579, 1.24664, 0.477179, 1.00848, 1.2334, 1.33795, 1.80794, 1.50297, 0.94603, 1.4763, 1.57923, 1.51637, 1.70059, 1.52051, 1.66264, 1.43793, 1.52794, 1.51767, 1.36964
0.74, 0.0319375, 0.418827, 0.640154, 1.01454, 0.68479, 1.49735, 0.975011, 1.08528, 1.02496, 0.780319, 1.24941, 1.46572, 1.16621, 1.08812, 1.26855, 1.37792, 2.09412, 1.96005, 1.78548, 1.67947, 1.75091, 1.68503, 1.25237, 1.5015, 1.54015, 1.62716, 1.38686, 1.46707, 1.85846, 1.082, 1.33208
0.76, 0.0319375, 0.828478, 0.346552, 0.326536, 0.809437, 0.741963, 0.119453, 0.715531, 0.785761, 0.847978, 0.914577, 0.833786, 0.748111, 0.83714, 1.0717, 0.985439, 1.54434, 1.85607, 1.84623, 1.33531, 1.70148, 1.81642, 1.5853, 1.53051, 1.2885, 1.54337, 1.47145, 1.58963, 1.45006, 1.54061, 1.60152
0.78, 0.0319375, 0.62387, 0.547758, -0.0433459, 0.402265, 1.36637, 0.824715, 0.528572, 1.43136, 1.66345, 0.562104, 0.31827, 0.764664, 0.910106, 1.26634, 1.10763, 1.39049, 1.41878, 1.46623, 1.56784, 1.90769, 1.89889, 1.62053, 1.68197, 1.44947, 1.47546, 1.43713, 1.50987, 1.49106, 1.73598, 1.61592
0.8, 0.0319375, 0.492532, 0.551114, 0.0996559, 0.183046, 0.687633, 1.06334, 0.717847, 1.4823, 1.12057, 0.675326, 0.770005, 0.848235, 1.17703, 1.24889, 1.05858, 1.53488, 1.84691, 1.4944, 1.2885, 1.63307, 1.76582, 1.71947, 1.71631, 1.39766, 1.31281, 1.6535, 1.46366, 1.37429, 1.79868, 1.65802
0.82, 0.0319375, 1.02818, 0.595459, 0.657721, 0.526731, 1.22676, 1.60593, 1.17098, 1.08575, 1.47217, 1.11023, 0.934251, 0.794814, 0.812707, 1.10914, 1.22616, 0.912664, 1.26184, 1.74443, 1.65558, 1.36912, 1.43225, 1.45142, 1.22551, 1.44011, 1.62069, 1.5476, 1.38244, 1.60945, 1.53259, 1.38205
0.84, 0.0319375, -0.557136, 0.299062, 0.558014, 0.386774, 1.23568, 0.507841, 0.881002, 0.562209, 0.902686, 1.35499, 0.594998, 0.963216, 1.03058, 1.25542, 1.56719, 1.25763, 1.3458, 1.50336, 1.55407, 1.28954, 1.52224, 1.73762, 1.72572, 1.57912, 1.71198, 1.44361, 1.15136, 1.24114, 1.41981, 1.35727
0.86, 0.0319375, -0.370705, 0.213708, 0.678512, 0.0530399, 0.607254, 1.00654, 0.347278, 0.874574, 0.957255, 0.991334, 1.12222, 0.818495, 0.800099, 1.21475, 1.79704, 1.41193, 1.39719, 1.19324, 1.41926, 1.78325, 1.59023, 1.26266, 1.48029, 1.6154, 1.75731, 1.47578, 0.864237, 1.33693, 1.67508, 1.49719
0.88, 0.0319375, 0.0949396, 0.866231, 0.600529, 0.378799, 0.535372, 1.09241, 1.16408, 1.1984, 1.22365, 1.16242, 1.65517, 0.938265, 1.28021, 1.80067, 1.74852, 1.36599, 1.34725, 1.7574, 1.53948, 1.63774, 1.64852, 1.85532, 2.03087, 1.72936, 1.58923, 1.15622, 0.986058, 1.39205, 1.63178, 1.66283
0.9, 0.0319375, 0.944203, 0.439894, 0.758536, 0.714896, 0.869902, 0.733558, 1.19017, 0.967159, 0.679682, 1.08659, 1.23932, 1.18601, 1.1206, 1.55333, 1.53519, 1.69776, 1.77936, 1.52147, 1.87907, 1.10454, 1.48284, 1.61292, 1.60603, 1.7855, 1.55905, 0.885073, 1.37376, 1.34686, 1.7122, 1.68643
0.92, 0.0319375, 0.319969, 0.617574, 1.1785, 0.727812, 0.539382, 0.355986, 0.451129, 1.23871, 1.20022, 0.696756, 0.96711, 1.00611, 0.977962, 1.18563, 1.29156, 1.31033, 1.74648, 1.4652, 1.82102, 1.28596, 1.53818, 1.74845, 1.94195, 1.69577, 1.58898, 1.48506, 1.11757, 0.868366, 0.924102, 1.51287
0.94, 0.0319375, 0.397486, 0.221432, 1.11375, 0.759511, 0.949842, 1.23996, 0.844664, 1.03505, 1.70688, 1.29982, 1.02164, 1.27786, 1.10892, 1.34838, 1.10509, 1.17514, 1.5082, 1.29775, 1.44266, 1.45672, 1.55504, 1.47925, 1.6633, 1.6496, 1.65325, 1.62134, 1.60538, 1.43023, 1.2756, 1.50003
0.96, 0.0319375, 1.09671, 0.285861, 0.560449, 0.947187, 1.18682, 0.840094, 1.08835, 0.975206, 0.790782, 1.77211, 1.28968, 1.12948, 0.661637, 1.28902, 1.37214, 1.70617, 1.76093, 1.26324, 1.74316, 1.53954, 1.84003, 1.75485, 1.88143, 1.56306, 1.45343, 1.33684, 1.08957, 1.52844, 1.32939, 1.51405
0.98, 0.0319375, 0.0247091, 0.541215, 0.0785853, 0.610614, 0.641493, 0.485131, 0.427783, 0.975532, 1.2324, 1.21165, 1.221, 1.36868, 1.10481, 1.60533, 1.44561, 1.22121, 1.57845, 1.00272, 1.25121, 1.3083, 1.76902, 1.58771, 1.62986, 1.86375, 1.51615, 1.30215, 1.65532, 1.46947, 1.86198, 1.97683
1, 0.0319375, 0.268993, -0.201758, -0.518316, -0.0624899, 0.98979, 0.672739, 0.309762, 0.459147, 0.781683, 0.98324, 0.870683, 1.03844, 1.08225, 0.915351, 0.805731, 0.800564, 1.66737, 1.77113, 1.75209, 1.70163, 1.56272, 1.13117, 1.39098, 1.3109, 0.778454, 0.98946, 1.1526, 1.57785, 1.42331, 1.5687
1.02, 0.0319375, 0.166321, -0.215951, 0.222754, 1.56381, 1.46323, 0.654333, 1.08226, 1.80281, 1.00597, 0.750416, 0.471662, 1.61349, 0.98257, 1.03639, 0.840618, 1.03238, 1.19107, 1.0997, 0.902046, 1.63568, 1.38158, 1.6108, 1.21027, 1.45867, 1.41152, 1.69221, 1.45299, 1.27464, 1.61557, 1.54812
1.04, 0.0319375, 0.392171, -0.00582415, 1.11484, 1.10201, 1.05176, 1.51843, 0.800779, 0.478203, 1.26711, 0.943161, 0.917046, 1.29542, 0.49763, 1.07078, 1.15864, 1.33435, 1.48782, 1.4754, 1.49558, 1.57928, 1.70255, 1.93963, 1.85533, 1.67047, 1.57154, 1.58098, 1.57967, 1.73949, 1.64884, 1.73614
1.06, 0.0319376, 0.656388, 0.574874, 1.102, 0.734025, 0.55463, 0.681691, 0.776074, 1.37991, 1.41928, 1.29178, 0.745085, 1.07877, 1.54616, 1.60667, 1.49649, 1.02282, 1.94058, 0.99358, 1.24496, 1.55453, 1.43711, 1.62325, 1.51642, 1.57287, 1.53856, 1.28237, 1.34279, 1.5476, 1.62445, 1.83614
1.08, 0.0319375, 0.546837, 0.145599, 0.177015, -0.00695484, 0.625868, 1.19731, 1.08883, 1.22626, 0.849564, 0.70219, 1.23441, 1.39955, 1.26981, 1.3475, 1.04042, 1.3991, 1.68936, 1.42443, 1.07634, 1.62672, 1.41599, 1.30239, 1.19912, 1.48658, 1.57784, 1.21639, 0.897701, 1.34031, 1.32658, 1.60445
1.1, 0.0319375, 0.199788, 0.725166, 0.341797, 0.659955, 0.670904, 0.386035, 0.123804, 1.00738, 1.20594, 0.755341, 0.749493, 0.864357, 1.24062, 1.08346, 1.05417, 1.31703, 1.65901, 1.52692, 1.56515, 1.42199, 1.50485, 1.37875, 1.75556, 1.40403, 1.60952, 1.62787, 1.39123, 1.57045, 1.71202, 1.50658
1.12, 0.0319375, 0.263009, 0.706072, 1.15288, 0.875575, 0.729706, 0.157383, 1.07217, 1.1921, 0.938877, 1.5444, 1.52262, 0.596767, 1.20412, 0.917926, 0.961246, 1.44736, 1.2463, 1.3134, 1.32202, 1.30202, 1.5455, 1.76228, 1.57745, 1.6127, 1.78966, 1.34744, 1.23873, 1.46938, 1.46378, 1.44184
1.14, 0.0319375, 0.393565, 1.16395, 0.876245, 0.499928, -0.0242445, 0.901189, 0.558304, 1.24649, 1.41963, 1.10102, 0.983728, 1.17849, 1.24581, 1.66661, 1.63515, 1.11106, 1.61192, 1.91178, 1.59556, 1.57643, 1.68406, 1.66495, 1.35151, 1.72623, 1.31651, 1.28863, 1.5434, 1.37048, 1.37212, 1.54248
1.16, 0.0319375, 0.438034, 1.01815, 0.60701, 0.669911, 1.12964, 0.412078, 0.416182, 1.46461, 1.22664, 1.58686, 1.18871, 1.67833, 1.82272, 1.25656, 1.35448, 1.34025, 1.74947, 1.6026, 1.4994, 1.76467, 1.51834, 1.75387, 1.49466, 1.24368, 1.62669, 1.60447, 1.62147, 1.5126, 1.27499, 1.40304
1.18, 0.0319376, -0.0690226, 0.282894, 0.639922, 0.496876, 1.15866, 1.58508, 1.28593, 0.591681, 1.3907, 0.968422, 1.40648, 1.33265, 1.04733, 1.57082, 1.46355, 1.17493, 1.32149, 1.63777, 1.67576, 0.880265, 1.02469, 1.07712, 1.84627, 1.53766, 1.27551, 1.49732, 1.0969, 1.49412, 1.7817, 1.63467
1.2, 0.0319375, 0.643367, 0.663951, 0.621048, 1.18369, 1.2431, 1.02442, 0.450024, 0.516057, 1.04566, 1.03016, 1.0076, 0.687421, 1.26676, 1.8613, 1.33248, 1.23742, 1.21906, 1.53132, 1.34978, 1.94437, 1.82371, 2.28667, 1.70094, 1.82735, 1.69381, 1.79362, 1.5973, 1.63068, 1.81654, 1.84177
1.22, 0.0319375, -0.294765, 0.449745, 0.908075, 0.630344, 0.910972, 0.503049, 0.245625, 0.832842, 1.06311, 0.461059, 0.850437, 1.06289, 1.35401, 1.34317, 1.05036, 1.37469, 1.59488, 1.50545, 1.09288, 1.24113, 1.33511, 1.29895, 1.50724, 1.27359, 1.51592, 1.72761, 1.60952, 1.41442, 1.76609, 1.88664
1.24, 0.0319375, 0.461093, 1.03891, 0.541536, 0.0689273, 0.581337, 1.0552, 0.969952, 0.933212, 1.1211, 0.253638, 0.550622, 0.971335, 0.732903, 0.874141, 1.5697, 1.41647, 1.36079, 1.61657, 1.91054, 1.71037, 1.75168, 1.58205, 1.97322, 1.60078, 1.2503, 1.40854, 1.52902, 1.55052, 1.55721, 1.22748
1.26, 0.0319375, 0.728617, 0.565313, 1.011, 0.646465, 1.14049, 1.26177, 1.16552, 1.1356, 0.676978, 1.10631, 0.562254, 1.26657, 1.39841, 1.2493, 0.874492, 1.28619, 1.47924, 1.05804, 1.57377, 1.88628, 1.47927, 1.2046, 1.13608, 1.10428, 1.56565, 1.52118, 1.59049, 1.46525, 1.33298, 1.20602
1.28, 0.0319375, 0.285095, 0.140494, 0.934936, 0.84777, 0.955815, 0.819895, 1.18599, 0.945916, 0.700452, 0.747839, 0.364136, 1.55593, 1.46745, 1.38954, 1.40295, 1.54434, 1.69834, 1.17881, 0.944792, 1.17241, 1.60457, 1.66856, 1.7836, 1.33433, 1.12245, 1.43328, 1.54655, 1.66089, 1.53425, 1.62638
1.3, 0.0319376, 0.838848, -0.0382586, 0.0242892, 0.57958, 0.928346, 0.797597, -0.124331, 0.723408, 1.10546, 1.20156, 1.16667, 1.18502, 1.13167, 0.980114, 1.73092, 1.46253, 1.23867, 1.31986, 1.35256, 1.00879, 1.8421, 1.62819, 1.73526, 1.92718, 1.83131, 1.41108, 1.09262, 1.43526, 1.48738, 1.5201
1.32, 0.0319375, 0.156614, 0.0873371, -0.102245, 0.947817, 1.34164, 1.02764, 0.510351, 0.492878, 1.65723, 0.942939, 1.35397, 1.19731, 1.13412, 1.17151, 1.23525, 1.35024, 1.40529, 1.08451, 1.33484, 1.49719, 1.23735, 1.29631, 1.50256, 1.61631, 1.726, 1.394, 1.17108, 1.51487, 1.4722, 1.58139
1.34, 0.0319375, 0.582449, 0.369696, 0.102481, 1.0667, 0.718704, 0.107187, 0.881828, 1.02556, 1.23717, 1.30948, 1.01373, 1.28188, 0.968789, 0.935502, 1.06409, 1.21174, 1.29875, 1.3535, 1.31089, 1.51795, 1.56334, 1.6216, 1.72851, 1.47552, 1.13407, 1.58947, 1.7635, 1.48301, 1.29852, 1.64532
1.36, 0.0319375, 0.584024, 0.258979, 0.238637, 0.889709, 1.13137, 0.664204, 0.853619, 1.18652, 0.619358, 1.29389, 1.17181, 1.23249, 1.08735, 0.979305, 1.29051, 1.59614, 1.50397, 1.61401, 1.65053, 1.46721, 1.12158, 1.64969, 1.80909, 1.21179, 1.37289, 1.35873, 1.51408, 1.32897, 1.3607, 1.56772
1.38, 0.0319375, 0.610842, 0.0979576, 0.216862, 0.963481, 1.75449, 1.46222, 0.994306, 1.25917, 0.615302, 1.345, 0.70988, 0.810169, 1.05425, 1.42141, 1.59501, 1.48549, 1.49014, 1.8061, 1.45298, 1.65452, 1.39732, 1.61359, 1.63234, 1.33076, 1.09141, 1.16336, 1.52495, 1.40414, 1.38047, 1.51491
1.4, 0.0319375, 0.938976, 0.537911, 0.302093, 0.951223, 1.68623, 1.23075, 0.539882, 0.494005, 0.48248, 0.634554, 0.553669, 1.28466, 0.660161, 1.32661, 1.41341, 1.59873, 1.76273, 2.11444, 1.25455, 1.55655, 1.66436, 1.36878, 1.215, 1.04884, 1.57596, 1.26609, 1.24366, 1.42611, 1.74402, 1.86629
1.42, 0.0319376, 0.00720297, 0.831252, 0.757574, 0.912136, 1.41668, 1.09413, 1.24356, 1.38132, 0.552842, 1.02375, 0.706696, 0.924059, 0.408055, 1.33283, 1.49225, 1.62938, 1.71157, 1.26872, 1.18028, 1.46394, 1.57702, 1.67238, 1.46555, 1.27641, 1.14161, 1.56222, 1.34284, 1.67698, 1.27117, 1.61397
1.44, 0.0319375, 0.48317, 0.894085, 0.624676, 0.803722, 1.45793, 1.00824, 0.217744, 0.497785, 1.41626, 1.18533, 1.42126, 1.21242, 1.31198, 1.04477, 1.31203, 1.26233, 1.7027, 1.41116, 1.449, 2.01747, 1.71948, 1.70795, 1.49388, 1.45757, 1.18491, 1.26237, 1.43153, 1.39352, 1.13732, 1.67692
1.46, 0.0319375, -0.0544646, 0.428422, 0.983905, 1.05193, 0.434347, 0.238074, 0.721923, 0.828745, 1.56363, 1.22576, 1.64082, 1.25256, 1.39427, 1.47942, 1.37785, 1.2953, 1.51852, 1.52286, 1.89281, 2.07228, 1.69249, 1.83449, 1.57579, 1.34082, 1.31425, 1.58721, 1.57317, 1.44302, 1.32983, 1.65899
1.48, 0.0319375, 0.0625354, 0.312088, 0.751162, 1.33397, 0.766, 1.00457, 0.864283, 1.16694, 1.86059, 1.75838, 0.676512, 1.32647, 0.786303, 0.866835, 1.1518, 1.44014, 1.90205, 1.43241, 1.83773, 1.90041, 1.86593, 1.60139, 1.71131, 1.61332, 1.6895, 1.38696, 1.44228, 1.6314, 1.66202, 2.02786
1.5, 0.0319375, -0.853903, 0.408732, 0.0744772, 0.607107, 0.651233, 0.782421, 1.09884, 1.34494, 0.645764, 0.787449, 1.24148, 1.71563, 1.37281, 1.34568, 1.24228, 1.55897, 1.38013, 0.731902, 1.19102, 1.537, 1.35854, 1.17683, 1.31424, 1.31803, 1.31257, 1.49221, 1.30542, 1.88196, 1.68748, 1.63101
1.52, 0.0319375, 0.485566, 0.132015, 0.548201, 0.943526, 0.510692, 0.831661, 0.482913, 0.627059, 0.768581, 0.829693, 0.483022, 0.828198, 0.612012, 1.33189, 1.02448, 1.42448, 1.51159, 1.62836, 1.68201, 1.65948, 1.53144, 1.53686, 1.35964, 1.6097, 1.5644, 1.59222, 1.6111, 1.48618, 1.61041, 1.64332
1.54, 0.0319375, 0.253444, 0.810302, 0.253114, 0.665523, 0.684177, 0.913458, 0.996266, 1.2183, 1.50479, 1.22273, 1.05088, 1.39162, 1.26838, 1.18415, 1.40172, 1.33099, 1.13122, 1.43718, 1.57241, 1.72687, 1.52738, 1.55951, 1.33122, 1.85104, 1.77083, 1.40188, 1.40265, 1.3913, 1.43813, 1.63836
1.56, 0.0319376, 0.579983, -0.00654402, 0.385134, 0.292842, 0.862559, 0.722014, 0.642917, 0.753077, 0.763408, 1.19221, 0.86366, 0.736963, 1.26578, 1.13517, 0.799454, 1.40178, 1.35717, 0.898598, 1.30691, 1.77558, 1.8383, 1.46577, 1.36589, 1.71709, 1.48111, 1.3181, 1.22213, 1.6345, 1.56611, 1.57156
1.58, 0.0319375, 0.147138, -0.159927, -0.132819, 0.4258, 0.836171, 0.968841, 1.07678, 1.5912, 1.06878, 0.19082, 0.0917322, 0.925212, 0.800389, 1.06102, 1.26106, 1.32169, 1.29992, 1.71636, 1.61346, 1.24969, 1.49319, 1.8298, 1.8768, 1.31044, 1.28012, 1.40887, 1.32299, 1.43539, 1.15695, 1.39552
1.6, 0.0319375, 0.584073, 0.186276, -0.0533974, 0.618487, 1.22385, 1.02369, 0.914229, 1.01541, 0.672175, 0.477433, 1.0559, 1.6344, 1.10708, 1.49711, 1.19241, 1.13249, 1.53727, 1.35806, 1.7866, 1.55427, 1.25056, 1.56621, 1.73398, 1.77522, 1.41944, 1.57861, 1.63146, 1.54366, 1.65966, 1.53326
1.62, 0.0319375, 0.0430175, 0.488747, 0.269431, 0.587217, 0.755365, 0.00816649, 0.653095, 1.32287, 0.39468, 0.566622, 0.911678, 1.16682, 0.357801, 1.01753, 1.28446, 1.18325, 1.46665, 1.31257, 1.60849, 1.08735, 1.25681, 1.59731, 1.72679, 1.39422, 1.66664, 1.50474, 1.27819, 1.56505, 1.57286, 1.6126
1.64, 0.0319375, 0.518153, 0.736373, 0.773584, 0.820189, 1.26459, 0.709716, 0.734283, 1.38702, 1.43488, 1.41388, 1.13892, 1.73289, 1.10534, 0.963124, 1.14207, 0.70741, 1.02357, 1.4047, 1.2552, 1.63732, 1.54981, 1.37054, 1.454, 1.42247, 1.88962, 1.31045, 1.33837, 1.5698, 1.08737, 1.20934
1.66, 0.0319375, 0.681143, 0.354335, 0.693913, 0.757222, 1.19856, 0.430053, 0.920819, 0.864308, 0.917614, 0.879718, 0.668308, 0.635971, 0.881679, 1.549, 1.1191, 1.60029, 1.48439, 1.40097, 1.44843, 1.44806, 1.33271, 1.31621, 1.51259, 1.12045, 1.23743, 1.35636, 1.13346, 1.46216, 1.40306, 1.55667
1.68, 0.0319376, 0.647057, -0.187212, 0.532478, 1.1369, 1.09961, 0.921685, 0.487832, 0.907229, 1.07042, 1.02506, 0.902099, 1.50489, 1.13093, 1.20337, 1.61477, 1.15564, 1.50195, 1.51939, 1.6635, 1.50083, 1.27329, 1.53832, 1.35956, 1.58514, 1.65613, 1.75405, 1.46126, 1.40804, 1.657, 1.9018
1.7, 0.0319375, 0.39912, 0.782133, 0.344206, 1.2221, 1.34272, 1.46384, 1.29741, 0.505237, 1.18874, 1.05112, 1.00449, 0.908867, 0.991171, 1.2386, 1.15327, 0.808756, 1.22738, 1.55606, 1.56986, 1.81093, 1.54314, 1.41636, 1.46128, 1.42895, 1.49036, 1.27104, 1.4165, 1.49123, 1.35485, 1.51464
1.72, 0.0319375, 0.0917987, 0.201202, 0.227247, 0.789475, 0.711649, 0.876332, 1.24402, 1.11428, 1.05483, 0.925444, 0.507593, 0.79622, 0.986398, 1.06421, 1.655, 1.32889, 1.50413, 1.32902, 1.35098, 1.57097, 1.75744, 1.65881, 1.53641, 1.28995, 1.34657, 1.32387, 1.43916, 1.18236, 1.69289, 2.05165
1.74, 0.0319375, 0.10727, 0.284143, 1.03556, 0.33427, 0.731917, 0.445745, 0.514015, 0.439745, 0.552817, 1.05786, 0.504739, 0.299964, 1.28207, 1.73179, 1.55174, 1.49832, 1.29824, 1.31641, 1.93244, 1.69011, 1.65416, 1.48924, 1.81314, 1.90166, 1.77605, 1.60011, 1.31675, 1.43454, 1.17206, 1.51121
1.76, 0.0319375, 0.937697, 0.0571721, 0.576478, 0.282215, 0.749725, 0.207921, 0.539752, 0.749376, 0.54151, 1.17988, 1.44955, 1.38479, 1.43805, 1.55347, 1.42193, 1.21417, 1.1131, 1.51588, 1.64298, 1.2145, 1.21721, 1.22923, 1.57993, 1.74909, 1.44269, 1.57623, 1.42133, 1.48184, 1.59218, 1.80824
1.78, 0.0319375, 1.60848, 0.45488, 0.754149, 0.465779, 0.977192, 0.507631, 1.06509, 0.799562, 0.505737, 0.88398, 1.0776, 1.27673, 1.26345, 1.25411, 1.30129, 1.57264, 1.38677, 1.49737, 1.68895, 1.45237, 1.81247, 1.75007, 1.76415, 1.81092, 1.46528, 1.57654, 1.32485, 1.17987, 1.15075, 1.26108
1.8, 0.0319376, 0.92087, 0.469887, 0.232521, 0.723055, 0.492876, 0.146393, 0.798339, 1.32596, 0.91684, 0.472387, 1.03739, 1.20688, 1.10215, 1.57597, 1.53508, 1.45797, 1.11765, 1.27203, 1.11584, 1.28951, 1.4809, 1.84706, 1.60411, 1.73062, 1.42334, 1.33235, 1.25919, 1.6764, 1.43395, 1.5793
1.82, 0.0319375, 0.57168, 0.867651, 0.374429, -0.11808, 0.375167, 0.588062, 0.574757, 0.766155, 0.607315, 1.08524, 0.905818, 1.17512, 1.40704, 1.42212, 1.57669, 1.80615, 1.4507, 1.55269, 1.21797, 1.77962, 1.58759, 1.62734, 1.52237, 1.55522, 1.49046, 1.43947, 1.88152, 1.41936, 1.566, 1.69713
1.84, 0.0319375, 0.756982, 0.232487, 0.375892, 0.323303, 0.946419, 0.783293, 1.1883, 0.736831, 1.0856, 1.04167, 1.34431, 1.26944, 1.22155, 1.29408, 1.35754, 1.09926, 1.51521, 1.30502, 1.87353, 1.5757, 0.948112, 1.58676, 1.56697, 1.57399, 1.4065, 1.41082, 1.45163, 1.40017, 1.36885, 1.58854
1.86, 0.0319375, 0.351268, 0.906752, 1.10632, 0.493158, 0.639285, 0.825306, 0.520132, 1.40473, 1.35234, 0.696663, 1.15936, 1.44029, 0.864399, 0.879724, 1.35158, 1.19249, 1.07434, 1.44922, 1.62908, 1.90026, 1.5521, 1.68736, 1.78642, 1.94485, 1.99457, 1.43447, 1.48991, 1.40481, 1.58739, 1.88789
1.88, 0.0319375, 0.211085, 0.955353, 0.978355, 0.642191, 1.08745, 1.19868, 0.71913, 1.1828, 0.659821, 0.594741, 0.818235, 0.799446, 0.621954, 1.30253, 1.40982, 1.5753, 1.69835, 1.35671, 1.47051, 1.45114, 1.48693, 1.57848, 1.93709, 1.76644, 1.45762, 1.62825, 1.5802, 1.87404, 1.58017, 1.49619
1.9, 0.0319375, 0.284565, 0.585777, 0.561838, 0.169624, 1.01613, 0.85215, 0.440305, 1.29598, 1.4435, 0.261272, 0.733142, 1.31777, 0.870355, 1.44225, 1.71172, 1.28383, 1.20561, 1.56373, 1.94993, 1.87681, 1.69781, 1.82742, 1.41939, 0.936395, 1.08492, 1.38802, 1.57257, 1.62236, 1.36903, 1.59753
1.92, 0.0319376, 0.846726, 0.903338, 0.976293, 0.166565, 0.899096, 0.87672, 0.33957, 0.650846, 1.44498, 0.970143, 0.984867, 1.56774, 0.905758, 1.46648, 1.36999, 1.12891, 0.938242, 1.53731, 1.7358, 1.94539, 1.5652, 1.56146, 1.52161, 1.53428, 1.52619, 1.63084, 1.38329, 1.55035, 1.77211, 1.52714
1.94, 0.0319375, 0.899534, 0.10846, 0.680286, 0.396737, 0.390791, 0.0981609, 0.390085, 0.876007, 0.910282, 1.2946, 0.834166, 0.834896, 0.852437, 1.31975, 1.09968, 1.51769, 1.7932, 1.36625, 1.64779, 1.52054, 1.583, 1.11485, 1.47676, 1.37301, 1.6267, 1.51122, 1.43388, 1.21628, 1.6406, 1.67301
1.96, 0.0319375, 0.301614, 0.174674, 1.03111, 0.959557, 1.08075, 0.00684666, 0.717339, 1.45515, 1.37265, 0.715079, 1.20335, 0.887304, 1.03279, 1.47585, 1.0119, 1.13433, 1.29302, 1.64679, 1.63321, 1.63135, 1.73617, 1.90418, 2.07946, 1.89479, 1.50665, 1.56164, 1.59618, 1.54402, 1.42773, 1.63212
1.98, 0.0319376, 0.662223, 0.4408, 0.90524, 0.348683, 1.37107, 0.883091, 0.768464, 1.23205, 0.98573, 0.627089, 0.667224, 1.25804, 1.00719, 0.852535, 1.33985, 1.55106, 1.71823, 1.82535, 1.72713, 1.34297, 1.46356, 1.7222, 1.82826, 1.68942, 1.58581, 1.3697, 1.47408, 1.53886, 1.55421, 1.77522
2, 0.0319376, -0.00249082, 0.0436008, 0.781075, 0.478484, 0.539072, 0.617158, 0.819906, 1.2021, 1.57677, 1.31946, 0.675823, 1.21565, 1.03598, 1.10324, 0.944348, 1.40917, 1.6284, 1.83582, 2.04087, 1.74023, 1.3696, 1.60524, 1.77387, 1.70422, 1.69047, 1.19384, 1.5724, 1.46147, 1.46714, 1.5586
2.02, 0.0319376, -0.228469, 0.550596, 0.431875, 0.251683, 0.931483, 0.32313, 0.454314, 0.38675, 1.12337, 1.35444, 1.44408, 0.912316, 0.706461, 1.07638, 1.04438, 1.19591, 1.61567, 1.66791, 1.50838, 1.68877, 1.47152, 1.28319, 1.42467, 1.56211, 1.43723, 1.50253, 1.52525, 1.33636, 1.35759, 1.48092
2.04, 0.0319376, 0.672502, 0.466491, -0.0248925, 0.71432, 1.14113, 1.42215, 0.945804, 1.35409, 0.171221, 1.10237, 1.18924, 1.57003, 1.26183, 1.48902, 1.702, 1.03656, 0.913001, 1.31619, 1.39804, 1.6861, 1.66228, 1.90385, 1.89054, 1.58749, 1.67409, 1.33276, 1.42486, 1.29851, 1.25784, 1.77604
2.06, 0.0319376, -0.319064, 1.20751, 1.02064, 1.14692, 1.2498, 0.456208, 1.15632, 0.926558, 0.755964, 0.973657, 1.21198, 0.67594, 1.47663, 0.894763, 1.20246, 1.49946, 1.74825, 1.42633, 1.60525, 1.56815, 1.82197, 1.23483, 1.61541, 1.62039, 1.31711, 1.44836, 1.56955, 1.39898, 1.55224, 1.67953
2.08, 0.0319376, 0.725299, 1.23089, 0.377833, -0.193035, 0.862648, 0.807085, 0.985331, 1.54431, 0.906203, 1.23028, 1.30034, 1.36331, 0.711461, 1.13878, 1.30404, 0.9331, 1.46565, 1.44429, 1.31118, 1.35715, 1.58172, 1.55861, 1.58651, 1.79658, 1.92242, 1.55558, 1.62586, 1.50795, 1.35612, 1.25065
2.1, 0.0319376, 0.678821, 0.421322, 0.762827, 1.18548, 1.26918, 1.10144, 0.0424977, 0.63146, 1.14937, 1.1689, 1.1639, 1.14631, 0.962428, 1.07941, 1.22832, 1.14034, 1.10775, 1.2866, 1.37728, 1.58255, 1.6112, 1.34972, 1.65443, 1.33588, 1.26265, 1.09711, 1.34949, 1.31976, 1.01607, 1.50046
2.12, 0.0319376, 1.23456, 0.566112, 1.06675, 0.764293, 1.00193, 0.770936, 1.08164, 0.197303, 0.882567, 1.14911, 0.886256, 1.11365, 1.59393, 1.40941, 1.57074, 1.30253, 1.31814, 1.4513, 1.28611, 1.35717, 1.68788, 1.17017, 1.2324, 1.26956, 1.47267, 1.23721, 0.952996, 1.05912, 1.46433, 1.50884
2.14, 0.0319374, 0.641141, 1.21751, 1.18798, 0.879873, 1.09535, 0.73918, 1.0956, 0.852544, 1.42951, 0.97886, 0.950497, 1.22844, 1.07448, 1.50923, 1.32377, 1.46081, 1.75046, 1.41912, 1.23147, 1.78169, 1.77063, 1.54222, 1.651, 1.60514, 1.48625, 1.44078, 1.37189, 1.59671, 1.81581, 1.61411
2.16, 0.0319374, -0.146646, 0.151207, 0.290805, 0.405501, 0.600691, 0.614758, 1.10181, 0.548242, 0.904034, 0.778407, 1.31889, 1.29368, 0.898225, 1.50598, 1.18287, 1.26076, 1.66729, 1.24238, 1.5951, 1.88725, 1.43988, 1.43023, 1.66989, 1.3881, 1.61557, 1.44559, 1.44572, 1.87317, 1.5777, 1.68651
2.18, 0.0319374, 0.283527, 0.422908, 0.294963, 0.090664, 0.987412, 1.43173, 1.01393, 0.333513, -0.00980068, 0.742566, 1.17009, 1.05249, 1.25214, 1.39779, 1.4164, 1.26728, 1.01359, 1.23535, 1.18381, 1.33982, 1.49501, 1.56039, 1.23901, 1.0712, 1.30245, 1.463, 1.74005, 1.7609, 1.44639, 1.72117
2.2, 0.0319374, 0.789182, 0.159432, 0.653626, 0.0750244, 0.935645, 1.38654, 1.19976, 0.665688, 0.822478, 0.980423, 1.04574, 1.00786, 1.39598, 1.92148, 1.97901, 1.77568, 1.75566, 1.39764, 1.96457, 1.94672, 1.88268, 1.27916, 1.24947, 1.5515, 1.57472, 1.34414, 1.45801, 1.38833, 1.62602, 1.54048
2.22, 0.0319374, 0.709597, 0.139947, 0.769264, 0.373159, 0.359859, 1.0339, 1.23945, 1.45888, 0.977657, 1.24068, 0.53007, 0.55576, 0.801383, 1.43545, 1.03824, 1.03622, 1.84933, 1.30356, 1.41763, 1.57492, 1.70943, 1.20029, 1.46169, 1.43538, 1.53888, 1.16699, 1.27493, 1.36146, 1.29818, 1.52195
2.24, 0.0319376, 0.172661, 0.192215, 0.242795, 1.05569, 1.04809, 0.786009, -0.0785803, 0.208471, 1.02867, 0.653594, 1.30466, 1.17125, 1.50522, 1.66093, 1.20995, 1.60464, 1.17353, 0.872716, 1.46037, 1.46502, 1.53654, 1.35201, 1.79359, 1.50042, 1.46496, 1.29589, 1.51834, 1.36342, 1.35411, 1.62353
2.26, 0.0319376, 0.348572, 0.0181462, -0.348119, 0.378556, 0.852598, 0.599672, 0.24126, 1.10699, 1.62229, 1.5645, 0.994155, 1.25439, 1.31708, 1.05951, 1.2463, 1.33808, 1.38466, 1.1354, 1.47716, 1.74769, 1.49587, 1.61209, 1.30879, 1.58948, 1.62374, 1.24425, 1.11743, 1.09185, 1.27205, 1.39016
2.28, 0.0319376, 0.7395, 0.438381, -0.0546444, -0.194556, 0.67401, 0.316508, 0.69227, 0.815123, 1.01091, 0.981991, 1.26195, 1.4092, 1.33546, 1.38997, 1.07072, 1.29797, 1.26711, 1.05736, 1.27921, 1.53641, 1.71551, 1.53244, 1.23794, 1.36475, 1.58644, 1.00995, 1.24913, 1.26248, 1.6994, 1.61676
2.3, 0.0319376, -0.364714, 0.227349, 0.269725, 0.000797311, 1.19317, 0.422322, 1.08681, 1.16018, 1.2032, 0.788674, 0.938627, 1.16362, 1.00307, 0.950806, 1.1771, 1.47132, 1.29908, 1.50523, 1.59246, 1.74545, 1.58457, 1.64303, 1.7718, 1.49189, 1.45915, 1.4531, 1.61011, 0.905352, 1.23769, 1.29343
2.32, 0.0319376, -0.240745, 0.556094, 0.950565, 0.715427, 0.772743, 1.06806, 0.4029, 0.863403, 0.920142, 0.76928, 1.08107, 1.01773, 0.709147, 1.09298, 1.12578, 1.36974, 1.54884, 1.39289, 1.45602, 1.22198, 1.47475, 1.64334, 1.46065, 1.56684, 1.79162, 1.35983, 1.53905, 1.43326, 1.46524, 1.49076
2.34, 0.0319376, -0.653159, 0.939775, 0.94101, 1.50736, 1.21293, 0.699777, 0.295177, 0.84826, 0.860653, 0.972118, 1.21814, 0.924393, 0.833776, 0.839986, 1.19658, 0.909816, 0.878145, 1.44618, 1.70232, 1.47736, 1.17193, 1.27384, 1.67523, 1.63808, 1.35115, 1.09267, 1.55212, 1.34237, 1.41121, 1.50397
2.36, 0.0319376, -0.1024, 0.514866, 0.530476, 0.796985, 0.378985, 0.273108, 1.26816, 1.54197, 1.03218, 0.725235, 1.15338, 1.44307, 1.07863, 1.08825, 1.3676, 1.79563, 1.53596, 1.58305, 1.7396, 1.51725, 1.50367, 1.55417, 1.71061, 1.56806, 1.47431, 1.54855, 1.60674, 1.43237, 1.60244, 1.8255
2.38, 0.0319374, -0.248291, -0.359652, 0.671915, 0.788118, 1.18796, 0.869177, 0.576027, 0.839302, 0.710791, 0.341218, 1.07444, 1.38408, 0.416641, 0.897489, 0.63036, 0.935795, 1.47327, 1.52875, 1.60756, 0.726412, 1.35935, 1.54867, 1.75472, 1.62043, 1.66438, 1.50897, 1.28684, 1.07256, 1.58045, 1.63411
2.4, 0.0319374, 0.44795, -0.280484, 0.18141, 0.656735, 1.15151, 0.657837, 0.911131, 0.642869, 1.18138, 0.915981, 0.656229, 1.24478, 0.75511, 0.591098, 0.957568, 0.993037, 1.31039, 1.2164, 1.49827, 1.29029, 1.85704, 1.61801, 1.7104, 1.50594, 1.30382, 1.28856, 1.86479, 1.5531, 1.60879, 1.84185
2.42, 0.0319374, 0.825964, 0.0274322, 0.706457, 0.426643, 0.689567, 0.346216, 0.745393, 0.56685, 0.954697, 0.564421, 0.53232, 0.841493, 0.827811, 1.22828, 0.638185, 1.85855, 1.49527, 1.69956, 1.87182, 1.63264, 1.62332, 1.80147, 1.87265, 1.53707, 1.38877, 1.16531, 1.08894, 1.40937, 1.57604, 1.64723
2.44, 0.0319374, 0.385623, 0.0787342, 0.0253571, 0.725786, 0.845914, 0.799945, 0.144774, 0.760521, 1.2514, 0.810247, 0.463543, 1.3007, 1.04663, 1.57273, 1.24316, 1.65716, 1.34898, 1.26219, 1.52497, 1.49403, 1.72413, 1.66293, 1.86432, 1.87387, 1.63363, 1.50389, 1.44558, 1.67077, 1.62038, 1.72555
2.46, 0.0319374, 0.474314, 0.638142, 1.06153, 0.741708, 0.889163, 1.18051, 1.02352, 0.858548, 1.74092, 1.06417, 0.308022, 0.924786, 1.06194, 0.833362, 0.999754, 1.0598, 1.17632, 1.46916, 1.42592, 1.80806, 1.58645, 1.40884, 1.63651, 1.41786, 1.27011, 1.52404, 1.4786, 1.60979, 1.46976, 1.59082
2.48, 0.0319376, 0.887533, 0.979372, 0.88026, 0.560364, 1.40888, 1.40383, 0.349028, 1.9046, 1.85389, 1.06126, 1.12001, 1.62323, 1.02463, 1.37134, 1.36638, 1.1813, 1.32339, 1.4742, 1.56341, 1.64143, 2.0803, 1.90824, 1.31539, 1.60817, 1.62597, 1.46126, 1.26094, 1.54747, 1.7832, 1.80339
2.5, 0.0319376, 0.46419, 0.525786, 0.684963, 1.08858, 1.46147, 1.32496, 0.72728, 0.611601, 1.09377, 1.03978, 1.26513, 1.36207, 1.38814, 1.93316, 1.2444, 1.00406, 1.91123, 1.70484, 1.39535, 1.34951, 1.45776, 1.42987, 1.64946, 1.40512, 1.68802, 1.39099, 1.21099, 1.56613, 1.81031, 1.63506
2.52, 0.0319376, 1.50802, 0.635973, 1.18942, 0.908088, 1.0726, 1.03414, 0.169922, 1.27545, 0.906839, 0.55883, 1.0655, 1.07069, 1.02769, 1.17241, 1.3658, 0.627974, 1.72767, 1.71589, 1.64571, 1.51399, 1.73498, 1.55716, 1.57251, 1.4668, 1.67792, 1.33556, 1.40025, 1.59058, 1.68786, 1.87523
2.54, 0.0319376, -0.498424, 0.716987, 0.929537, 0.411491, -0.0468906, 0.660836, -0.107811, 0.62588, 1.36611, 1.02031, 1.44277, 1.10817, 1.37374, 0.972325, 1.08801, 1.52726, 1.85768, 1.21397, 1.43114, 1.58328, 1.47705, 1.87509, 1.64937, 1.56385, 1.38456, 1.41306, 1.50317, 1.52514, 1.47319, 1.54048
2.56, 0.0319376, -0.68575, 0.211104, 0.380522, -0.317995, 0.787006, 0.591742, 1.0342, 0.077485, 0.998772, 1.02263, 1.14118, 1.28447, 1.21843, 1.07046, 1.18366, 1.1029, 1.31292, 1.5948, 1.80436, 1.6777, 1.559, 1.54987, 1.65289, 1.59968, 1.50548, 1.66652, 1.30366, 1.39324, 1.22157, 1.52089
2.58, 0.0319376, 0.233362, 0.744133, -0.0812906, 0.319377, 0.812919, 1.37282, 0.274178, 0.627812, 0.748249, 0.777686, 0.982691, 0.994062, 1.24559, 1.09165, 1.25277, 1.08551, 1.35913, 1.57849, 1.89599, 1.53356, 1.71797, 1.45337, 1.77201, 1.67632, 1.18188, 1.2544, 1.53786, 1.77205, 1.5668, 1.56073
2.6, 0.0319376, 0.855013, 0.603093, -0.0948376, 0.341669, 0.873747, 1.19294, 1.22863, 1.45307, 1.04509, 1.1386, 0.749651, 1.36367, 1.83794, 1.57255, 1.28552, 0.901007, 1.75138, 1.39316, 1.89019, 1.45348, 1.39267, 1.62707, 1.71524, 1.34977, 1.23766, 1.49788, 1.45695, 1.52324, 1.37181, 1.66162
2.62, 0.0319376, 0.651642, 0.532134, 0.568056, 0.935495, 0.799987, 0.731566, 0.00844727, 0.945502, 1.42907, 0.696778, 0.755074, 1.1894, 1.28248, 1.30374, 1.41047, 1.37443, 1.09723, 1.24074, 1.5947, 1.58761, 1.84315, 1.70115, 1.70915, 1.38524, 1.36313, 1.60463, 1.40705, 1.1646, 1.47671, 1.78866
2.64, 0.0319374, 1.09707, 0.770619, 1.08727, 0.978165, 1.06659, 0.792568, 0.983359, 1.15954, 0.830146, 0.99463, 0.442964, 0.631424, 0.925033, 0.80309, 0.91754, 1.40028, 1.23988, 0.92713, 1.60405, 1.78145, 1.50232, 1.83704, 1.33893, 1.75269, 1.51376, 1.13394, 1.28541, 1.34685, 1.74807, 1.59124
2.66, 0.0319374, 0.807771, 0.292106, 0.422287, 0.480276, 0.813635, 1.07983, 0.599732, 0.145289, 0.708696, 0.797095, 0.752934, 0.950805, 1.11099, 1.25298, 1.05438, 1.55013, 1.39206, 1.45967, 1.47607, 1.34509, 1.48198, 1.28836, 1.36068, 1.62876, 1.5222, 1.43132, 1.71334, 1.62107, 1.68149, 1.62083
2.68, 0.0319374, 0.923202, 0.410535, 0.413418, 0.713747, 1.02691, 0.797761, 1.0124, 1.62399, 1.31914, 1.24566, 1.20437, 1.14345, 1.20874, 0.987982, 1.1458, 1.45428, 1.25526, 1.65197, 1.71091, 1.52213, 1.41341, 1.56025, 1.44763, 1.36323, 1.56331, 1.63658, 1.50093, 1.34628, 1.43548, 1.44453
2.7, 0.0319374, -0.432917, 0.513391, 0.744621, 0.140343, 0.78812, 0.913869, 0.768728, 1.25681, 1.11136, 0.0904165, 0.699986, 1.28649, 1.18752, 1.39296, 1.38603, 1.69148, 1.77508, 1.22901, 0.736189, 1.36909, 1.65968, 1.46513, 1.55735, 1.68062, 1.54951, 1.36202, 1.076, 1.09127, 1.52215, 1.3858
2.72, 0.0319374, -0.190145, 1.1192, 0.93568, 0.864087, 0.797805, 0.607698, 0.976268, 1.19768, 1.3682, 1.13416, 1.01784, 1.36814, 1.27007, 1.43589, 1.54669, 1.13226, 1.41988, 1.46666, 1.16289, 1.72708, 1.57926, 1.63315, 1.51313, 1.51372, 1.5847, 1.52858, 1.34227, 1.4411, 1.5006, 1.67211
2.74, 0.0319376, 0.330346, 0.171079, 0.600565, 0.652281, 0.745189, 0.947235, 0.550901, 0.664244, 0.979955, 0.59737, 1.34189, 1.27537, 1.29757, 1.5794, 1.49577, 1.6374, 1.35169, 1.27588, 1.21485, 1.72146, 1.79428, 1.87957, 1.81453, 1.61551, 1.35158, 1.29114, 1.80432, 1.83273, 1.63318, 1.49725
2.76, 0.0319376, 0.883825, 0.381717, 0.457247, -0.05212, 1.23831, 0.915935, 0.40952, 1.12281, 0.977681, 1.25383, 1.1674, 0.794742, 1.58501, 1.31593, 0.876555, 1.66294, 1.6956, 1.4274, 1.17858, 1.71018, 1.56671, 1.62907, 1.69662, 1.72328, 1.66538, 1.586, 1.39347, 1.55479, 1.40979, 1.42489
2.78, 0.0319376, -0.306719, 0.625955, 0.895856, 0.392815, 0.931087, 0.813417, 0.757308, 0.464921, 0.696051, 0.713793, 1.05432, 1.37862, 1.37445, 1.26008, 1.2473, 1.10012, 1.14678, 1.61638, 1.27643, 1.90455, 1.57374, 1.61107, 1.261, 1.31188, 1.49949, 1.33719, 1.37604, 1.32332, 1.21423, 1.62269
2.8, 0.0319376, 0.741741, 1.28878, 1.32237, 0.072637, 0.41794, 0.615681, 0.984444, 0.86689, 1.42772, 1.06899, 0.506919, 1.46766, 1.37987, 1.62121, 1.64948, 1.37336, 1.85963, 1.03295, 1.35183, 1.24335, 1.31517, 1.18704, 1.15123, 1.11807, 1.63242, 1.34534, 1.5102, 1.41799, 1.42469, 1.72208
2.82, 0.0319376, 0.574968, 0.61078, 0.486132, 1.01139, 1.21822, 0.489512, 0.13152, 0.988736, 1.1387, 0.768935, 0.057655, 1.12771, 0.935216, 0.985237, 1.24655, 1.65213, 1.31087, 1.69433, 1.84773, 1.92401, 1.7444, 1.72565, 1.35672, 1.41005, 1.95783, 1.66705, 1.47117, 1.71126, 1.38908, 1.35925
2.84, 0.0319376, 0.256499, 0.267117, -0.0652146, 1.00697, 0.652901, 0.906265, 0.454575, 0.942329, 1.31115, 1.5005, -0.0125687, 0.994215, 1.23949, 1.05637, 1.6367, 1.54034, 2.02532, 1.55328, 1.52495, 1.3206, 1.01457, 1.92494, 1.64246, 1.43697, 1.47277, 1.26711, 1.25648, 1.25541, 1.41608, 1.57891
2.86, 0.0319376, -0.301832, 0.36921, 0.416049, 0.397907, 0.908914, 0.627997, 0.172341, 0.740624, 1.15497, 1.08354, 0.89809, 1.52099, 1.60139, 0.873315, 1.37229, 1.49992, 1.83256, 1.25711, 1.63764, 1.40366, 1.13367, 1.16027, 1.2537, 1.82667, 1.58991, 1.469, 1.55004, 1.47599, 1.43931, 1.61043
2.88, 0.0319374, 0.652897, 0.740808, 0.746927, 1.03763, 1.13536, 0.770728, 0.707944, 1.07643, 1.55977, 1.46483, 1.22753, 1.03489, 1.15551, 1.30173, 1.11003, 0.948111, 1.41241, 1.12867, 1.94018, 1.90825, 1.42409, 1.05368, 1.48487, 1.67162, 1.81684, 1.54741, 1.4838, 1.57341, 1.57427, 1.77571
2.9, 0.0319374, -0.493299, 0.757253, 0.90167, 0.820611, 1.49682, 1.10087, 1.13693, 0.842276, 0.621752, 0.654225, 0.80131, 1.23122, 1.41257, 1.21899, 0.745145, 1.46461, 1.60466, 0.90275, 1.3788, 1.8296, 1.56159, 1.78315, 1.81755, 1.82539, 1.61714, 1.35916, 1.33543, 1.47002, 1.40297, 1.56718
2.92, 0.0319374, 0.673455, 0.869022, 0.718093, 0.745362, 0.91028, 0.803507, 0.411353, 1.26827, 1.25024, 0.944685, 0.599329, 1.33069, 1.25974, 1.49509, 1.21101, 1.66792, 2.07321, 1.78486, 1.72442, 1.29732, 1.59148, 1.72367, 1.34947, 1.4722, 1.29312, 1.12696, 1.49382, 1.50948, 1.65879, 1.79451
2.94, 0.0319374, -0.404801, -0.143083, 0.444806, 0.471968, 0.69645, 1.31617, 0.87987, 0.992293, 0.866688, 0.860022, 0.655919, 1.53353, 1.72294, 1.44811, 1.53684, 1.7685, 1.83025, 1.64843, 1.26996, 1.37935, 1.72727, 1.58633, 1.56614, 1.85038, 1.35741, 1.09122, 1.38817, 1.1276, 1.46414, 1.45461
2.96, 0.0319374, 0.256401, 0.592046, 0.95669, 0.683972, 0.712078, 0.667189, 0.531054, 0.716186, 1.04133, 1.28087, 0.747574, 1.36183, 1.86168, 1.09036, 0.95734, 1.24399, 1.55044, 1.50506, 1.6611, 1.47069, 1.63734, 1.62988, 1.50274, 1.16315, 0.953053, 1.29203, 1.20615, 1.36709, 1.41963, 1.68605
2.98, 0.0319376, 0.342317, 0.84898, 0.626636, 0.702142, 0.932079, 0.704978, 1.02925, 1.21906, 1.26787, 1.48188, 1.50544, 1.06968, 1.2865, 1.04151, 1.20775, 1.48504, 1.54632, 1.55648, 1.59058, 1.24005, 1.79771, 1.74563, 1.71252, 1.4257, 1.3764, 1.49251, 1.2123, 1.65527, 2.08374, 2.21238
3, 0.0319376, 0.577277, 0.65737, 0.311227, 0.747487, 1.35665, 0.72899, 1.00464, 1.54315, 1.10596, 1.08988, 1.18445, 1.10779, 1.10658, 1.51779, 1.19565, 1.60529, 1.74172, 1.16667, 1.56827, 1.63799, 1.58343, 1.60528, 1.78192, 1.85225, 1.69602, 1.44711, 1.42686, 1.66839, 1.58777, 1.61694
3.02, 0.0319376, 1.01376, 0.726932, 0.0113949, 0.15403, 0.611871, 0.278555, 0.615438, 1.32106, 1.48007, 1.44197, 0.786329, 0.685371, 1.30276, 1.36241, 1.29059, 1.30205, 1.34262, 1.68895, 1.48169, 1.41248, 1.50217, 1.55251, 1.40516, 1.03539, 1.27352, 1.28503, 1.15164, 1.32904, 1.36402, 1.60365
3.04, 0.0319376, 0.634687, 0.871819, 0.948749, 0.564706, 1.21228, 0.882317, 0.808763, 0.984427, 0.32716, 0.315089, 0.74736, 1.03892, 1.86914, 1.44825, 1.56405, 1.53792, 1.69954, 1.81504, 1.26625, 1.38555, 1.19626, 1.81501, 1.86167, 1.45835, 1.58472, 1.81822, 1.45049, 1.36671, 1.55228, 1.56278
3.06, 0.0319376, 0.583154, 1.2165, 0.789967, 0.259966, 0.532159, 0.839909, 0.791773, 0.425052, 0.27549, 0.776508, 1.61308, 1.72036, 1.58577, 1.60409, 1.63743, 1.98429, 1.82686, 1.49655, 1.4738, 1.58478, 1.55147, 1.42392, 1.61922, 1.46743, 1.45589, 1.50913, 1.25219, 1.40696, 1.58304, 1.56136
3.08, 0.0319376, 0.468805, 0.19226, -0.480521, 0.498943, 1.13674, 1.69015, 1.55609, 1.32359, 0.783295, 0.87404, 0.513415, 0.913068, 0.98735, 1.28519, 1.56234, 1.40405, 1.59002, 1.94157, 1.43845, 1.5783, 1.93704, 1.91795, 1.56243, 1.37513, 1.54478, 1.02217, 1.45409, 1.5695, 1.70397, 1.63229
3.1, 0.0319376, 0.233516, 0.411836, 0.607521, 0.466224, 0.851753, 0.580242, 0.6377, 0.478361, 0.687367, 0.691031, 1.01211, 1.40204, 1.14889, 1.22475, 0.821009, 0.890704, 1.32772, 1.66221, 1.71035, 1.08977, 1.35403, 1.54154, 1.50901, 1.50895, 1.55365, 1.74939, 1.38208, 1.38203, 1.6305, 1.93977
3.12, 0.0319376, -0.22505, 0.442309, 0.527185, 0.590803, 0.89128, 0.642198, 0.437224, 1.78428, 1.16369, 0.165419, 1.19087, 1.58077, 1.41249, 1.24647, 1.35606, 2.3532, 1.77382, 1.25905, 1.59335, 1.66788, 1.77208, 1.36159, 1.31438, 1.48224, 1.64652, 1.60446, 1.34215, 1.41985, 1.44237, 1.25882
3.14, 0.0319374, -0.154052, 0.70012, 0.978722, 1.16922, 0.556643, 1.04374, 0.759884, 0.831293, 1.09048, 0.958932, 1.2528, 0.722581, 0.686379, 1.50838, 1.64303, 1.53625, 1.47391, 1.56388, 1.18328, 1.49294, 1.47865, 1.41906, 1.34503, 1.14101, 1.09319, 1.11533, 1.42179, 1.67031, 1.52433, 1.19279
3.16, 0.0319374, 0.887654, 0.202068, 0.122673, 0.975829, 1.60416, 1.16588, 2.08002, 2.21257, 1.59077, 1.06839, 1.20281, 1.09226, 1.13107, 1.11654, 1.12024, 1.67676, 1.90279, 1.66541, 1.34573, 1.3611, 1.38272, 1.51687, 1.73653, 1.30303, 1.64494, 1.38217, 1.53241, 1.38371, 1.44318, 1.2314
3.18, 0.0319374, 0.161442, -0.674646, -0.549838, 0.414126, 1.10308, 0.624142, 0.782916, 0.880327, 0.880019, 0.876493, 0.811147, 0.761608, 1.12087, 1.5841, 1.62576, 1.2934, 1.17479, 1.31625, 1.7403, 1.52039, 1.45706, 1.24646, 1.52018, 1.88458, 1.95823, 1.64316, 1.32775, 1.15574, 1.36499, 1.40027
3.2, 0.0319374, -0.442274, 0.43341, 0.534723, 0.472042, 0.493509, 0.149876, 0.597868, 1.41267, 0.725249, 0.954085, 1.40141, 1.37521, 0.801982, 0.855753, 1.03175, 1.28624, 1.11696, 1.48147, 1.4944, 1.78711, 1.65054, 1.52269, 1.4298, 1.33891, 1.70404, 1.45534, 1.57442, 1.31365, 1.31004, 1.53284
3.22, 0.0319374, 0.281429, 0.405418, 0.979706, 1.00206, 1.50234, 0.92872, 1.19266, 0.602036, 0.866885, 0.700804, 0.979455, 1.57891, 1.49767, 1.31984, 1.29625, 1.25359, 1.44888, 1.48313, 1.53785, 1.57812, 1.38993, 1.57699, 1.2436, 1.29536, 1.49072, 1.49739, 1.2642, 0.940411, 1.30017, 1.99143
3.24, 0.0319376, 0.389411, 0.492249, 0.265596, 0.0729508, 1.05032, 0.635357, 0.411537, 0.249927, 0.765173, 0.720885, 1.0244, 1.44229, 1.32749, 1.25028, 1.20721, 1.78573, 1.87473, 1.30959, 1.87735, 1.46498, 1.62614, 1.85052, 1.48198, 1.56859, 1.64566, 1.81664, 1.43433, 1.52772, 1.34912, 1.50554
3.26, 0.0319376, 0.735236, 0.527826, 0.742753, 0.503431, 1.34629, 1.32842, 0.987031, 1.16781, 1.49651, 1.214, 0.874309, 1.06444, 1.47063, 1.70411, 1.66636, 1.57162, 1.33995, 1.32106, 1.2204, 1.37058, 1.55732, 1.61339, 1.35569, 1.02765, 1.04568, 1.478, 1.72985, 1.56123, 1.48045, 1.66684
3.28, 0.0319376, 0.677285, 0.942439, 1.26083, 0.920758, 1.40612, 0.791358, 1.33107, 1.78843, 1.7345, 1.33687, 1.07708, 0.96274, 0.809493, 1.29274, 1.31635, 1.20166, 1.58698, 1.34281, 1.35005, 1.55117, 1.96727, 1.6774, 1.70654, 1.11057, 1.6127, 1.44503, 1.30368, 1.12217, 1.05154, 1.59289
3.3, 0.0319376, -0.0657041, 0.466654, 0.651357, 1.35524, 0.867649, 1.01943, 0.557364, 0.973059, 0.620369, 0.997573, 0.498553, 0.893458, 1.4193, 1.47847, 1.06828, 1.17268, 1.05309, 1.48711, 1.55369, 1.57124, 1.6194, 1.69437, 1.56212, 1.81564, 1.76147, 1.15573, 1.1249, 1.56771, 1.28212, 1.60497
3.32, 0.0319376, 0.0242569, 0.612034, 1.08907, 0.97231, 0.808354, 0.487806, -0.541329, 0.808995, 0.960224, 1.59758, 1.27864, 1.36388, 1.01932, 1.0373, 1.53993, 1.3997, 1.50962, 1.21846, 1.19323, 1.47708, 1.57603, 1.1392, 1.46004, 1.54794, 1.8031, 1.23837, 1.4728, 1.33844, 1.11161, 1.43151
3.34, 0.0319376, 0.301457, 0.389965, 0.640462, 0.223493, 0.972762, 1.14905, 0.631181, 0.87322, 0.771399, 0.714873, 0.781552, 1.30738, 1.0709, 1.18999, 1.11369, 1.08003, 1.79493, 1.87142, 1.77779, 1.74314, 1.36567, 1.36977, 1.81479, 1.43518, 1.0293, 1.19592, 1.40875, 1.39046, 1.39341, 1.30163
3.36, 0.0319376, -0.900202, 0.290123, 0.867557, 0.244164, 0.528811, 0.457018, 0.634536, 0.854183, 0.818913, 1.30746, 1.21384, 1.14809, 1.08531, 1.03604, 0.936866, 1.56582, 0.998184, 1.24439, 1.40868, 1.6595, 1.44393, 1.87769, 1.62621, 1.39007, 1.49009, 1.2646, 1.51677, 1.45641, 1.65829, 1.62101
3.38, 0.0319374, 0.3683, 0.747107, 1.17481, 0.634692, 1.15524, 0.898502, 0.451369, 1.01727, 1.3404, 1.11212, 1.21189, 1.54977, 1.32503, 0.772855, 1.17098, 1.49312, 1.22287, 1.51508, 1.61236, 1.69606, 1.68212, 1.82659, 1.57586, 1.39501, 1.47388, 1.29639, 1.48316, 1.25208, 1.53584, 1.81114
3.4, 0.0319374, -0.392008, 0.262744, 0.355089, 0.370243, 0.839163, 0.514282, 1.21506, 0.752046, 0.576507, 0.90281, 0.62529, 1.03658, 0.896795, 0.721898, 1.02423, 1.40131, 1.54447, 1.23556, 1.21878, 1.48727, 1.71249, 1.50669, 1.52388, 1.571, 1.60369, 1.63994, 1.33787, 1.57409, 1.39381, 1.67908
3.42, 0.0319374, 0.266872, 0.454881, 0.280401, 1.11341, 1.78495, 1.15979, 0.621121, 1.86234, 1.54259, 1.67759, 1.90847, 1.22123, 1.69551, 1.64912, 1.16954, 1.61073, 1.72915, 1.78525, 1.65033, 1.37903, 1.11725, 1.0436, 1.21175, 1.74018, 1.58545, 1.73895, 1.52009, 1.40457, 1.50127, 1.71544
3.44, 0.0319374, 0.892755, 0.0821524, 0.176091, 1.21718, 1.19011, 0.867131, 0.773953, 1.22759, 1.52922, 0.865587, 1.26515, 1.2823, 1.21079, 1.52558, 1.38391, 1.31877, 1.33045, 1.13173, 1.15987, 1.56236, 1.40889, 1.60573, 1.56003, 1.4068, 1.7128, 1.50591, 1.4827, 1.47548, 1.23597, 1.58508
3.46, 0.0319374, -0.179873, 0.256534, 0.600762, 0.746641, 0.783147, 0.256236, 0.670602, 0.644237, 0.805939, 0.890415, 1.08941, 0.880033, 1.49411, 1.02231, 0.577319, 1.30222, 1.595, 1.53747, 1.71395, 1.46535, 1.30563, 1.48942, 1.58955, 1.4928, 1.2076, 1.18974, 1.16405, 1.23875, 1.29242, 1.68311
3.48, 0.0319376, 0.077268, 0.294632, 0.87867, 1.16921, 1.35934, 0.448962, 1.01071, 1.05669, 0.68403, 1.44032, 1.04053, 1.57262, 1.14579, 1.10195, 1.72368, 1.75334, 1.37795, 1.65958, 1.78523, 1.38103, 1.8724, 1.74513, 1.68135, 1.49832, 1.85532, 1.8545, 1.58149, 1.37544, 1.59855, 1.67064
3.5, 0.0319376, -0.0948356, 0.515665, 1.00558, 0.979122, 0.892195, 1.08808, 0.834613, 0.40597, 0.50332, 0.557301, 0.685643, 0.929295, 1.05509, 1.41236, 1.48966, 1.39745, 1.51489, 1.32022, 1.7784, 1.37809, 1.40582, 1.29277, 1.47126, 1.37763, 1.38394, 1.53829, 1.70185, 1.35211, 1.53131, 1.90172
3.52, 0.0319376, -0.101969, 0.56094, 0.366931, 0.443922, 1.27419, 0.733684, 0.1454, 0.53826, 1.35796, 0.843071, 1.38761, 1.29014, 1.09637, 1.24411, 1.5009, 1.03691, 1.47396, 1.14697, 1.57209, 1.63088, 1.53603, 1.28309, 1.72506, 1.46564, 1.29763, 1.24019, 1.32549, 1.49871, 1.2815, 1.43244
3.54, 0.0319376, 0.049024, 0.544051, 0.934725, 0.732592, 0.902655, 0.734966, 0.746908, 1.77827, 1.3194, 0.962519, 0.743401, 0.860438, 1.62872, 1.32662, 1.79269, 1.21654, 1.81402, 1.55795, 1.50512, 1.49818, 1.90146, 1.84929, 1.77456, 1.82526, 1.49797, 1.48146, 1.40498, 1.45054, 1.51742, 1.49532
3.56, 0.0319376, 0.269925, 0.72364, 0.684578, 0.383482, 1.01138, 0.77811, 1.33273, 1.60405, 1.08541, 0.490893, 0.718479, 1.1372, 1.38009, 1.0514, 1.03365, 1.11213, 1.58274, 1.50915, 1.35012, 1.74822, 1.68056, 1.73859, 1.57434, 1.71612, 1.3015, 1.43227, 1.55567, 1.57133, 1.68231, 1.56444
3.58, 0.0319376, 0.379171, -0.0941098, 0.01869, 0.369546, 0.606839, 0.596977, 0.892233, 1.00223, 0.728784, 0.709611, 1.00238, 0.968932, 1.08762, 1.23302, 0.587398, 0.769333, 0.89789, 1.18777, 1.19891, 1.71616, 1.50601, 1.44236, 1.85659, 1.7113, 1.51941, 1.28248, 1.30758, 1.32919, 1.61343, 1.61343
3.6, 0.0319376, 0.153612, 0.655828, 0.613208, 0.0723487, 0.297874, 0.630167, 0.554783, 1.26636, 0.83687, 0.943827, 1.37035, 1.11678, 0.691429, 0.867513, 0.295035, 1.45094, 1.41775, 1.47836, 1.214, 1.09575, 1.6105, 1.89021, 1.86539, 1.58604, 1.24663, 1.04312, 1.17698, 1.2028, 1.1176, 1.22501
3.62, 0.0319376, 0.45228, -0.148992, 0.722461, 0.264007, 1.17228, 0.314416, 0.325005, 0.359303, 0.286655, 0.901057, 0.538542, 1.20829, 1.20591, 1.54874, 1.39958, 1.37627, 1.20086, 1.2795, 1.55871, 1.78881, 1.60913, 1.76738, 1.67028, 1.7555, 1.83678, 1.47271, 1.33384, 1.38525, 1.74455, 1.78127
3.64, 0.0319374, 0.599822, 0.695037, 0.556923, 0.221139, 0.366686, 0.662074, 0.894518, 0.520025, 0.873787, 1.41075, 0.808351, 1.04903, 0.860097, 0.955762, 1.26006, 0.642281, 1.62254, 1.4, 1.40508, 1.78454, 1.50458, 1.39256, 1.31309, 1.37538, 1.48773, 1.51919, 1.33403, 1.62594, 1.34113, 1.55694
3.66, 0.0319374, 0.229843, 0.51114, 0.853426, 0.63907, 0.807144, 0.674645, 0.732734, 2.0388, 1.3639, 1.14687, 0.497065, 1.77039, 1.143, 1.27955, 1.28679, 1.29398, 1.64245, 1.58364, 1.60698, 1.673, 1.64378, 1.26372, 1.07534, 1.32664, 1.57722, 1.65095, 1.41814, 1.34933, 1.35017, 1.45796
3.68, 0.0319374, 0.655006, 1.07781, 0.829402, 0.856381, 0.89815, 1.03103, 0.991893, 1.1902, 1.27238, 1.50197, 1.07544, 1.53779, 1.56722, 1.60191, 1.36271, 1.74043, 1.56858, 1.72436, 1.53284, 1.86011, 1.91496, 1.46528, 1.71412, 1.38299, 1.25661, 1.40849, 1.69778, 1.61928, 1.58736, 1.4594
3.7, 0.0319374, 0.134798, 0.49237, 1.25083, 0.178883, 0.600837, 0.800242, 1.32507, 2.30622, 1.72301, 1.08367, 1.05211, 1.13481, 1.17569, 1.26556, 1.33613, 0.869093, 1.69138, 1.55774, 1.47947, 1.6414, 1.38067, 1.31546, 1.48846, 1.28426, 1.44182, 1.39241, 1.70491, 1.47079, 1.41484, 1.32287
3.72, 0.0319374, 1.28284, 0.618621, 0.637407, 0.849037, 1.22114, 1.04964, 1.19403, 1.11561, 1.21088, 0.96575, 0.236393, 0.703653, 0.857946, 1.32805, 1.33497, 1.81864, 1.9798, 1.84353, 1.695, 1.17324, 1.15949, 1.54954, 1.71287, 1.36246, 1.58941, 1.3807, 1.52748, 1.32746, 1.55391, 1.44544
3.74, 0.0319376, 0.502006, 0.742141, 0.848379, 1.08677, 1.25495, 0.933035, 1.4069, 1.68321, 1.33676, 1.36118, 1.74381, 0.757998, 1.04291, 1.53797, 1.6335, 1.14307, 1.47877, 1.36322, 2.01394, 1.87395, 1.75454, 1.5171, 1.97249, 1.53169, 1.47495, 1.64964, 1.62939, 1.55365, 1.59756, 1.84906
3.76, 0.0319376, 0.422535, 0.828404, 0.899988, 0.9424, 1.38064, 0.90893, 1.00405, 0.679532, 1.23233, 0.971985, 0.746442, 1.20133, 1.54033, 1.23539, 1.32539, 1.28035, 1.87261, 1.38541, 1.55512, 1.56434, 1.40825, 1.39958, 1.50332, 1.32188, 1.55871, 1.55568, 1.47538, 1.57439, 1.58964, 1.75849
3.78, 0.0319376, 0.0166309, 0.307422, 0.416229, 0.278686, 0.698561, 1.00708, 0.708158, 1.2693, 0.812683, 0.768239, 1.05023, 1.20906, 1.17445, 1.29327, 0.914885, 1.29469, 1.51922, 2.07861, 1.63631, 1.16952, 1.42301, 1.55638, 1.68646, 1.63858, 1.63834, 1.63719, 1.26099, 1.31432, 1.36517, 1.44313
3.8, 0.0319376, 0.677826, 0.548237, 0.214199, -0.0908402, 0.529791, 0.879431, 1.26889, 1.00804, 1.03812, 1.24723, 0.953859, 1.03155, 0.847388, 1.38543, 1.29711, 1.57236, 1.30877, 1.26565, 1.05792, 1.53776, 1.41929, 1.36656, 1.7444, 1.5612, 1.71981, 1.59475, 1.63704, 1.32121, 1.49418, 1.52459
3.82, 0.0319376, 0.776725, 0.0343386, 0.596922, 0.0975555, 0.809213, 1.16752, 0.938516, 1.71068, 1.79226, 1.65475, 2.10519, 1.28556, 1.44004, 1.50865, 1.26752, 1.3651, 1.49879, 1.51177, 1.73982, 1.76878, 1.9517, 1.44922, 1.83252, 1.47714, 1.2752, 1.16692, 1.39569, 1.46276, 1.36415, 1.48681
3.84, 0.0319376, -0.00394573, -0.303079, 0.510102, 0.863677, 0.673537, 0.761376, 0.653399, 1.23408, 1.18437, 1.38067, 0.977477, 0.618576, 0.851197, 1.51421, 1.54548, 1.41461, 1.84616, 1.58902, 1.40071, 1.64591, 1.97258, 1.76485, 1.87007, 1.68416, 1.65855, 1.30331, 1.45669, 1.39191, 1.36202, 1.47481
3.86, 0.0319376, 0.846882, 0.352451, 0.342215, 1.02624, 1.09364, 1.04426, 0.789574, 1.3515, 1.49168, 1.21163, 1.05309, 1.66671, 1.82376, 1.53576, 1.1998, 1.39619, 1.51633, 1.51816, 1.55641, 1.4606, 1.94178, 1.24744, 1.50797, 1.16785, 1.39059, 1.42545, 1.44421, 1.30337, 1.44654, 1.7707
3.88, 0.0319374, 0.940141, 1.02506, 1.0162, 1.22456, 1.2265, 0.67307, 0.686827, 1.83092, 1.7077, 1.22054, 1.46603, 1.40169, 1.43603, 1.54039, 1.61815, 1.26986, 1.48575, 1.41108, 1.43856, 1.63899, 1.88814, 1.81418, 1.49069, 1.45131, 1.60846, 1.58425, 1.63302, 1.57024, 1.16264, 1.41936
3.9, 0.0319374, 0.876474, 0.891046, 1.11756, 1.39481, 1.02828, 0.503276, 1.1298, 1.30966, 0.99267, 1.05959, 1.12707, 1.05381, 1.25896, 1.60361, 1.19823, 1.64373, 1.47329, 1.01781, 0.828987, 1.22039, 1.54634, 1.75513, 1.38803, 1.38606, 1.62176, 1.36746, 1.09246, 1.40795, 1.32461, 1.5382
3.92, 0.0319374, 0.115876, 0.521817, 0.819126, 0.847229, 1.01341, 0.943257, 0.700577, 1.99385, 1.81272, 1.42843, 1.20577, 1.34066, 1.17069, 1.43092, 1.67589, 1.16715, 1.1212, 0.850022, 1.30011, 1.73743, 1.38783, 1.51751, 1.55353, 1.51608, 1.30319, 1.59806, 1.44337, 1.81637, 1.66739, 1.72556
3.94, 0.0319374, 0.877992, 0.103115, -0.119142, -0.467906, 0.585716, 0.857148, 1.49072, 1.39059, 1.58831, 1.75673, 1.44832, 1.03716, 0.80727, 1.51171, 1.42614, 1.33558, 1.40602, 1.65283, 1.8984, 1.28474, 1.58873, 1.66424, 1.67329, 1.81143, 1.79166, 1.33255, 1.46113, 1.27917, 1.26324, 1.2448
3.96, 0.0319374, 0.193009, 0.352569, 0.61833, 0.192272, 0.780197, 0.523391, 1.01733, 1.0709, 1.15448, 0.716217, 1.0749, 1.42371, 1.03736, 1.3236, 0.806582, 1.57336, 1.81844, 1.16491, 0.979139, 1.32426, 1.4259, 1.7827, 1.77136, 1.30339, 1.62764, 1.43647, 1.20934, 1.50456, 1.51506, 1.9866
3.98, 0.0319376, 0.0415636, 0.184703, -0.141853, 0.834322, 1.20692, 0.691491, 0.994031, 1.38319, 1.22457, 0.816026, 0.889027, 1.04668, 1.30507, 1.27345, 1.3127, 1.25064, 1.14172, 1.79962, 1.69702, 1.27702, 1.63497, 1.70752, 1.65469, 1.30326, 1.47001, 1.65725, 1.37208, 1.4355, 1.42976, 1.63847
4, 0.0319376, 0.460406, 0.499462, 1.1194, 1.59856, 0.869411, 0.834192, 1.31453, 0.885233, 0.958227, 0.924869, 1.04129, 1.5193, 1.1519, 1.42528, 1.35206, 1.61829, 1.76394, 1.49176, 1.51697, 1.39032, 1.90847, 1.71809, 1.58802, 1.46426, 1.63307, 1.32746, 1.56796, 1.34338, 1.40109, 1.41451
4.02, 0.0319376, 0.941964, 1.28175, 1.17125, 1.25196, 0.689168, 0.183192, 0.651408, 1.36088, 1.61138, 0.578565, 1.24578, 1.2536, 1.26262, 0.995756, 1.12894, 1.71844, 1.34475, 1.65166, 1.44449, 1.64844, 1.45648, 1.64986, 1.82726, 1.83703, 1.66575, 1.71554, 1.50523, 1.75446, 1.45468, 1.76289
4.04, 0.0319376, 0.844857, 0.493889, 0.41397, 0.971885, 0.0920685, 0.669865, 0.664386, 1.06408, 1.10973, 1.09539, 1.21098, 1.00197, 1.01744, 1.38275, 1.92806, 1.45894, 1.69236, 1.60909, 1.39912, 1.47002, 1.34741, 1.87393, 1.81768, 1.68386, 1.20596, 1.17806, 1.25777, 1.52058, 1.41919, 1.62992
4.06, 0.0319376, -0.0375529, 0.698052, 1.14437, 1.28614, 0.460702, 0.682826, 0.903421, 1.49307, 1.53511, 1.16576, 1.41068, 1.3508, 1.22433, 1.34755, 1.34982, 1.52064, 1.27005, 1.47577, 1.93855, 1.25542, 1.40097, 1.51064, 1.43515, 1.5745, 1.67623, 1.59357, 1.59873, 1.51995, 1.60853, 1.75804
4.08, 0.0319376, 0.931895, 0.53074, 0.194828, 0.87358, 0.890715, 0.600081, 0.687493, 1.19266, 1.13052, 1.22334, 1.52177, 1.12963, 1.05141, 1.1049, 1.72106, 2.00672, 1.53211, 1.51613, 1.64766, 1.11663, 1.28937, 1.49228, 1.27212, 1.53679, 1.64163, 1.45055, 1.5809, 1.38159, 1.40347, 1.36842
4.1, 0.0319376, 0.604377, 0.676586, 1.25063, 1.0085, 1.44095, 0.99117, 0.274898, -0.440132, 0.870226, 0.448608, 0.800029, 1.3172, 1.45511, 1.72055, 1.35426, 1.37686, 1.65353, 1.45394, 1.76215, 1.48463, 1.74359, 1.74222, 1.69957, 1.33659, 1.42495, 1.63171, 1.66964, 1.48002, 1.46596, 1.50311
4.12, 0.0319376, 0.407048, 1.05992, 1.16227, 0.860928, 1.01486, 0.530665, 1.22372, 1.12933, 1.08126, 0.306233, 0.612626, 0.986986, 1.07642, 1.26838, 1.16719, 1.2836, 1.69119, 0.962257, 0.991449, 1.27543, 1.19908, 1.10256, 1.18989, 1.37656, 1.15402, 1.12575, 1.317, 1.51357, 1.45137, 1.57003
4.14, 0.0319376, 0.615035, 0.0719267, 0.41312, 0.451832, 0.722241, 0.472001, 0.945545, 1.4117, 1.22961, 1.62487, 0.672111, 1.15028, 0.844804, 1.22929, 1.23874, 1.50805, 1.41459, 0.963365, 1.20744, 1.52617, 1.55058, 1.79203, 1.71601, 1.45468, 1.51162, 1.15376, 1.39732, 1.56426, 1.55838, 1.72141
4.16, 0.0319376, 0.654806, 0.598079, 0.411547, 0.247239, 1.43539, 1.70864, 0.555737, 1.12634, 1.10981, 1.04425, 0.954615, 0.93642, 1.34286, 1.60395, 1.15031, 1.38092, 1.48042, 1.66009, 1.66582, 1.43064, 1.69645, 2.01292, 1.59641, 1.5618, 1.49611, 1.35071, 1.17783, 1.30932, 1.69479, 1.52356
4.18, 0.0319376, -0.537401, 0.0251172, 0.399527, 0.303957, 0.630989, 0.0482881, 0.943613, 1.08188, 0.760387, 0.441252, 0.43628, 1.00355, 0.735482, 0.981962, 1.07981, 0.922562, 1.72211, 1.33079, 1.24685, 1.26474, 1.24146, 1.26859, 1.23756, 1.26944, 1.271, 1.22728, 1.23677, 1.37873, 1.61447, 1.6192
4.2, 0.0319376, -0.41633, -0.491117, -0.286003, 0.904241, 1.33496, 0.347305, 0.674138, 0.549207, 0.444324, 0.811578, 0.416438, 1.08779, 1.42156, 0.998954, 1.5786, 1.63671, 1.57616, 0.928821, 1.49603, 1.56456, 1.542, 1.60511, 1.93434, 1.91085, 1.75489, 1.27438, 1.37601, 1.3671, 1.48361, 1.8105
4.22, 0.0319376, -0.0939571, 0.842437, 0.876493, 1.44761, 1.27231, 0.591868, 0.82486, 1.22429, 0.879415, 1.18186, 1.3741, 1.2292, 1.11932, 0.980488, 1.15061, 1.46622, 1.46576, 1.6476, 1.69924, 1.30552, 1.52569, 1.45191, 1.74538, 1.61073, 1.92117, 1.53815, 1.63976, 1.70024, 1.94415, 2.19436
4.24, 0.0319376, 0.0655152, 0.754341, 0.48319, 0.418171, 1.133, 1.04997, 1.17052, 0.983985, 1.16522, 0.740888, 0.41439, 1.45742, 1.38017, 1.20972, 1.32492, 1.54131, 1.86871, 1.80878, 1.31226, 1.41837, 1.51834, 1.56829, 1.73873, 1.74793, 1.80024, 1.88796, 1.70605, 1.83715, 2.08103, 1.9097
4.26, 0.0319371, 0.433449, 0.69206, 1.56305, 0.771653, 1.1688, 0.356119, 0.345571, 0.899538, 1.04559, 1.09761, 1.33046, 1.13986, 1.2588, 1.55152, 1.44828, 1.17793, 1.25335, 1.22271, 1.40688, 1.06078, 1.4856, 1.74128, 1.63223, 1.42383, 1.57272, 1.37364, 1.37595, 1.71461, 1.71435, 1.65421
4.28, 0.0319371, -4.04724e-05, 0.519813, -0.208127, -0.0591184, 0.0887895, 0.380786, 0.529895, 0.950604, 0.549086, 0.855534, 0.568295, 1.50651, 1.50696, 1.25664, 1.26317, 1.24356, 1.56575, 1.22232, 1.19999, 1.19573, 1.11196, 1.43672, 1.57428, 1.52289, 1.35112, 1.12695, 1.35373, 1.53735, 1.51247, 1.47191
4.3, 0.0319371, 0.303478, 1.04602, 0.636809, 0.647136, 0.855443, 1.23501, 0.621214, 0.856743, 0.676543, 0.0722036, 0.71985, 1.31467, 1.37095, 1.06729, 1.28429, 1.27231, 1.3188, 1.63764, 1.70807, 1.57959, 1.72328, 1.452, 1.45674, 1.36248, 1.40355, 1.23997, 1.11404, 1.06566, 1.50354, 1.70037
4.32, 0.0319371, 0.150974, 0.730191, 1.29768, 0.652461, 0.807034, 0.585008, -0.393022, 0.963681, 1.2292, 0.893665, 1.29481, 1.18585, 1.15397, 1.40976, 1.35647, 1.70306, 1.56013, 1.48266, 1.75394, 1.55728, 1.60278, 1.42211, 1.3669, 1.40002, 1.53748, 1.38959, 1.349, 1.26594, 1.4071, 1.62564
4.34, 0.0319371, 0.892429, 0.525646, 0.855301, 1.01453, 1.13697, 0.31512, 0.801638, 1.48427, 0.829372, 1.01666, 0.761743, 1.21731, 1.4271, 1.78775, 1.93828, 2.23984, 2.01385, 1.3157, 1.38007, 1.44446, 1.16333, 1.8435, 1.94016, 1.26494, 1.42521, 1.35178, 1.18664, 1.57546, 1.96863, 1.6727
4.36, 0.0319376, 0.402727, 0.140932, 0.0594721, 0.803065, 1.20329, 1.008, 1.21469, 1.52085, 1.26579, 1.34337, 1.20289, 1.40796, 0.605836, 0.663594, 0.809733, 1.32384, 1.23921, 1.14635, 1.2735, 1.57661, 1.67565, 1.57186, 1.67509, 1.43825, 1.57905, 1.63054, 1.33672, 1.48401, 1.74212, 1.7537
4.38, 0.0319376, -0.0845093, 0.335233, 1.0386, 1.06869, 1.18909, 0.853267, 0.560094, 0.961266, 1.094, 1.12665, 0.840879, 1.25869, 1.39442, 1.22199, 0.833199, 1.44362, 1.76989, 1.768, 1.59238, 1.59319, 1.55755, 1.84551, 1.53252, 1.55264, 1.7671, 1.51846, 1.56738, 1.55916, 1.33424, 1.27114
4.4, 0.0319376, 0.130296, 0.515878, 0.854053, 1.07812, 1.22807, 0.750302, 0.80359, 1.04468, 1.40504, 1.19793, 0.665656, 0.961166, 0.646166, 1.13613, 1.17336, 1.10324, 1.34885, 1.32981, 1.44988, 1.90952, 1.58921, 1.15341, 1.31992, 1.44912, 1.49487, 1.47366, 1.59797, 1.36175, 1.41968, 1.68654
4.42, 0.0319376, 0.695177, 0.644937, 0.549985, 0.797756, 0.783216, 0.351683, 0.9246, 0.857742, 1.75595, 1.24416, 1.2144, 0.762388, 0.740519, 1.35643, 1.30472, 0.997799, 1.64124, 1.76768, 1.7918, 1.67758, 1.64871, 1.75638, 1.31199, 1.29933, 1.29846, 1.37116, 1.39037, 1.42483, 1.41455, 1.66553
4.44, 0.0319376, 0.455136, 1.04433, 1.25561, 1.4957, 1.30136, 0.252351, 0.902071, 0.762319, 0.727576, 0.780795, 0.133091, 1.12125, 1.09679, 1.7644, 1.59612, 0.667553, 1.2721, 1.32648, 1.68933, 1.74029, 1.65256, 1.42944, 1.6601, 1.45782, 1.29198, 1.53896, 1.41628, 1.73625, 1.56381, 1.58896
4.46, 0.0319376, 0.620882, 0.637243, 0.469903, 0.475554, 1.15776, 0.63767, 0.575834, 0.933819, 1.07417, 1.11575, 1.09985, 1.4957, 1.8562, 1.69698, 1.32074, 0.895538, 1.26488, 1.65085, 1.44425, 1.51489, 1.51321, 1.61678, 1.59617, 1.64053, 1.58587, 1.32569, 1.22575, 1.28773, 1.32265, 1.53296
4.48, 0.0319376, 0.278982, 0.118723, 0.909139, 0.398878, 0.712906, 1.3255, 1.23831, 1.35134, 1.48685, 0.730669, 1.06318, 1.20335, 0.894087, 1.14275, 1.21223, 1.55742, 1.35981, 1.4873, 1.76285, 1.67144, 1.70501, 1.88747, 1.64338, 1.58222, 1.63432, 1.66824, 1.63899, 1.34862, 1.6464, 1.75766
4.5, 0.0319376, 0.890142, 0.437793, 0.60147, 0.219413, 0.68628, 0.998487, 0.584831, 1.16927, 1.14693, 0.904913, 1.07408, 1.33389, 1.32843, 1.46835, 1.47408, 1.38569, 1.73889, 1.26637, 1.56218, 1.38095, 1.67359, 1.66987, 1.3706, 1.41999, 1.61328, 1.76047, 1.36606, 1.59954, 1.53017, 1.55536
4.52, 0.0319376, 0.510208, 0.496181, 0.353706, 0.409607, 1.27374, 0.722246, 0.55836, 0.968559, 0.816776, 0.798314, 0.872436, 1.21805, 0.769314, 1.10884, 1.54827, 1.5002, 1.43455, 1.02405, 1.43221, 1.87921, 1.57643, 1.16942, 1.35945, 1.23648, 1.41313, 1.59917, 1.19947, 1.38842, 1.29254, 1.62871
4.54, 0.0319376, 0.83112, 0.730192, 0.346641, 0.656151, 1.37593, 0.780616, 0.546304, 0.878148, 1.27055, 1.19618, 0.878566, 1.25892, 1.31924, 1.39232, 1.21206, 1.61886, 1.45601, 1.38659, 1.44964, 1.55335, 1.55114, 1.3481, 1.23989, 1.31462, 1.64336, 1.60534, 1.48533, 1.52189, 1.41487, 1.60403
4.56, 0.0319376, 0.189088, 0.917627, 0.89091, 1.11067, 1.1531, 0.751566, 1.14724, 1.37698, 1.14087, 0.899601, 0.922886, 0.825426, 0.979485, 1.29675, 1.50296, 1.0732, 1.6978, 1.54871, 1.35623, 1.25474, 1.53016, 1.4871, 1.82726, 1.72911, 1.84614, 1.41799, 1.31588, 1.63359, 1.37729, 1.56125
4.58, 0.0319376, 0.166353, 0.90047, 0.489433, -0.134896, 0.664794, 0.776217, 0.59824, 1.54656, 1.31389, 1.00271, 0.629665, 1.2507, 1.08248, 0.966704, 1.24026, 1.40003, 1.29667, 1.77337, 1.47116, 1.2522, 1.30154, 1.45375, 1.58349, 1.25237, 1.29666, 1.36947, 1.63944, 1.36487, 1.32188, 1.65325
4.6, 0.0319376, 0.711753, 0.848881, 0.60344, 0.69874, 0.760194, 0.799527, 0.757538, 1.75207, 2.24858, 1.63201, 1.13273, 1.05172, 0.905997, 1.04908, 1.35103, 1.1581, 1.53478, 1.28499, 1.54819, 1.56179, 1.69348, 1.55864, 1.59983, 1.794, 1.57002, 1.74089, 1.52741, 1.57326, 1.55426, 1.60242
4.62, 0.0319376, 0.16196, 1.18428, 0.994165, 0.603503, 0.808493, 0.521135, 0.524361, 0.259308, 0.583739, 1.10809, 1.58277, 0.962546, 1.26511, 1.31979, 0.971335, 0.935445, 0.878998, 1.20616, 1.59791, 1.33825, 1.15088, 1.01767, 1.32142, 1.01995, 1.52562, 1.17276, 1.21378, 1.53418, 1.35758, 1.6514
4.64, 0.0319376, -0.130025, 0.385947, 0.362704, -0.00344864, 0.855254, 0.716883, 1.09322, 0.973279, 1.3581, 0.611468, 1.12313, 1.72477, 1.08506, 1.28162, 1.19089, 1.33285, 1.30235, 1.19904, 1.43286, 1.82524, 1.61618, 1.71506, 1.69497, 1.18456, 1.17278, 0.963638, 1.35276, 1.43831, 1.43077, 1.35802
4.66, 0.0319376, 0.95453, 0.181027, -0.0313044, 0.927466, 1.20904, 0.682419, 0.283254, 0.620072, 1.0468, 0.814039, 1.33627, 1.20215, 1.14036, 1.00563, 1.4179, 1.38853, 1.36457, 1.12491, 1.07819, 1.20409, 1.46421, 1.63694, 1.68627, 1.47394, 1.52498, 1.52143, 1.64589, 1.60754, 1.43696, 1.75843
4.68, 0.0319376, -0.0856807, 0.45676, 0.700792, 0.493517, 0.774308, 0.401791, 0.162739, 0.759697, 1.35679, 0.64855, 0.790648, 1.16717, 0.796678, 1.10697, 1.57469, 1.29355, 1.66004, 1.52152, 1.52963, 1.47691, 1.52095, 1.48849, 1.3064, 1.34554, 1.51878, 1.21526, 1.49661, 1.56263, 1.10807, 1.22779
4.7, 0.0319376, -0.503895, 0.164275, 0.259216, 0.409568, 0.743698, 0.652398, 0.222578, 1.06717, 0.865674, 0.902218, 0.903912, 1.06946, 0.613609, 1.00812, 1.6475, 1.57126, 1.63574, 1.43676, 1.07981, 1.3469, 1.30527, 1.336, 1.39833, 1.25974, 0.908175, 1.35034, 1.39649, 1.50129, 1.54717, 1.47886
4.72, 0.0319376, 0.304397, 0.848656, 1.21286, 1.19258, 0.683309, 0.186768, 0.794032, 0.934781, 1.42899, 1.23475, 1.23307, 1.57407, 1.86163, 1.27195, 1.05463, 1.29142, 1.39622, 1.52407, 1.61483, 1.42545, 1.13801, 1.27478, 1.05883, 1.49729, 1.34037, 1.31642, 1.257, 0.9809, 1.18474, 1.51396
4.74, 0.0319376, 0.125948, -0.00751283, 0.255887, 1.10762, 0.974596, 0.876239, 0.803534, 1.40671, 1.11382, 0.112813, 0.671772, 1.34157, 0.524645, 1.33478, 1.69852, 1.10175, 1.30953, 1.35129, 1.23109, 1.24464, 1.42932, 1.47051, 1.60848, 1.14579, 1.40885, 1.51554, 1.23145, 1.47916, 1.56651, 1.40469
4.76, 0.0319371, -0.324697, -0.474373, 0.962071, 0.829532, 1.0193, 0.877199, 1.03176, 1.05737, 1.29749, 1.31335, 0.852616, 1.19126, 1.20352, 1.53928, 1.44662, 1.61676, 1.37745, 1.6831, 1.67502, 1.53943, 1.54013, 1.54865, 1.57086, 1.6087, 1.67805, 1.74839, 1.47605, 1.48743, 1.62733, 1.59864
4.78, 0.0319371, 0.973165, 0.413671, 1.01305, 1.17483, 1.21054, 0.9836, 0.155189, 0.266136, 0.590094, 1.14301, 1.0739, 0.906021, 1.05701, 1.00834, 1.08974, 1.42346, 1.3903, 1.3059, 1.5887, 1.76375, 1.65897, 1.82897, 1.58068, 1.66333, 1.6234, 1.44749, 1.59928, 1.53706, 1.61923, 1.53102
4.8, 0.0319371, 0.614172, -0.715726, 0.0750507, 0.381704, 0.888539, 1.30948, 1.22154, 1.52605, 1.36761, 0.545809, 1.11673, 0.879118, 1.2443, 1.09622, 1.25217, 1.72618, 1.60097, 1.58664, 1.96579, 1.62243, 1.65887, 1.54931, 1.52831, 1.41437, 1.24092, 1.33838, 1.44969, 1.49494, 1.4511, 1.78372
4.82, 0.0319371, 0.841964, 0.0893966, 0.673285, 1.07877, 0.837366, 0.787845, 0.981559, 1.1973, 0.997623, 0.823991, 1.08918, 1.23855, 1.58713, 1.78949, 1.12975, 1.60712, 1.60312, 1.50664, 1.38649, 1.87343, 1.2674, 1.09096, 1.23067, 1.7618, 1.64306, 1.71107, 1.69986, 1.61998, 1.31929, 1.57192
4.84, 0.0319371, 0.834632, 0.555188, 1.03604, 1.0658, 1.06453, 0.394699, 0.428125, 0.762027, 0.892866, 0.975886, 1.26103, 1.44288, 0.648075, 1.27738, 1.30241, 1.21724, 1.64176, 1.04572, 1.4771, 1.23437, 1.26343, 1.77504, 1.81277, 1.62744, 1.48896, 1.27841, 1.77951, 1.6118, 1.37407, 1.68351
4.86, 0.0319376, 0.0131572, 0.53976, 1.08076, 0.490524, 0.670325, 0.857991, 1.4399, 1.13184, 0.755669, 0.812935, 1.32359, 1.18107, 1.39582, 1.60212, 1.51115, 0.943368, 1.46875, 1.77033, 1.61567, 1.4614, 1.4731, 1.43727, 1.75637, 1.5976, 1.45754, 1.52184, 1.61627, 1.45067, 1.49132, 1.62976
4.88, 0.0319376, 0.906349, 0.932302, 0.781069, 0.62633, 0.948814, 0.761156, 0.813752, 1.20407, 1.35709, 1.36828, 1.1743, 1.08918, 1.2737, 1.2761, 1.13346, 1.11978, 1.39999, 1.636, 1.5751, 1.29164, 1.23339, 1.74919, 1.51309, 1.25696, 1.2679, 1.56841, 1.36209, 1.18635, 1.52808, 1.55376
4.9, 0.0319376, 0.696727, 0.459247, 0.292176, 1.04288, 1.24325, 0.378572, 0.962081, 0.973589, 0.832042, 0.735537, 0.565177, 1.46444, 0.963863, 1.08927, 1.17904, 0.925098, 1.45081, 1.00396, 1.39703, 1.44179, 1.7525, 1.60771, 1.40904, 1.74173, 1.65208, 1.54292, 1.38517, 1.6018, 1.35668, 1.6998
4.92, 0.0319376, -0.894286, 0.669584, 1.16193, 0.778034, 0.623954, 0.694411, 0.840093, 1.11852, 1.04402, 1.19389, 1.17226, 1.37201, 1.41949, 1.75484, 1.41295, 1.61354, 1.56869, 1.79417, 1.76394, 1.63189, 1.44786, 1.37494, 1.51513, 1.59883, 1.73555, 1.37376, 1.38379, 1.66807, 1.46212, 1.46634
4.94, 0.0319376, 0.845207, 0.432145, 0.917006, 0.571246, 0.701788, 0.688741, 0.93028, 1.00458, 1.4226, 1.0205, 0.989, 1.24151, 0.874622, 1.43391, 1.37381, 1.53378, 1.85506, 1.66018, 1.59028, 1.28464, 1.50409, 1.76559, 1.73941, 1.46817, 1.45709, 1.46334, 1.14224, 1.3847, 1.86784, 1.58591
4.96, 0.0319376, 0.262476, 0.348395, 1.15519, 0.667906, 0.664691, 0.87185, 0.731043, 0.711933, 0.958689, 1.24246, 1.09263, 1.28294, 1.27117, 1.3261, 1.50702, 1.45719, 1.70061, 1.69908, 1.893, 1.62778, 1.75485, 1.84905, 1.51328, 1.56209, 1.35941, 1.45462, 1.30123, 1.46451, 1.3964, 1.73392
