# Time (seconds), Duration (seconds), f0, f1, f2, f3, f4, f5, f6, f7, f8, f9, f10, f11, f12, f13, f14, f15, f16, f17, f18, f19, f20, f21, f22, f23, f24, f25, f26, f27, f28, f29
0, 0.0319375, 1.77726, 1.53184, 0.918076, 0.951894, 0.621567, 0.125823, 0.208642, 0.384744, -0.522002, -0.652058, -0.45265, 0.255288, 0.422569, 0.219082, -0.482713, -0.0367288, 0.0661791, -0.249493, -0.229328, -1.16346, -0.888184, -0.639256, -0.851865, -0.644589, -0.677018, -0.624625, -0.800196, -0.729519, -0.770702, -0.632168
0.02, 0.0319375, 1.80559, 1.53582, 1.38502, 0.774435, 0.480153, 0.616484, 0.314774, -0.156716, -0.263331, -0.885342, -0.371984, -0.238484, 0.136889, 0.0698982, -0.158254, -0.573182, -0.0660002, -0.248022, -0.232586, -0.69637, -0.571364, -0.330295, -0.671732, -0.70233, -0.846023, -0.921671, -0.761883, -0.599234, -0.48752, -0.428685
0.04, 0.0319375, 1.49756, 1.25202, 1.13993, 0.707457, 0.270542, 0.405448, 0.105202, -0.424547, -0.991583, -0.299699, -1.01074, -0.40528, 0.13805, 0.0136395, -0.579706, -0.861342, -0.319573, -0.342279, -0.431579, -0.674603, -0.851303, -0.833911, -0.860202, -1.00229, -0.752131, -0.600891, -0.960108, -0.936981, -0.614081, -0.597736
0.06, 0.0319375, 1.67161, 1.63874, 1.03333, 1.0697, 0.2998, 0.494553, 0.402831, -0.208724, -0.251665, -0.119865, -0.118612, 0.0818683, 0.702439, 0.369671, -0.269284, -0.373471, -0.150049, -0.259144, -0.44064, -0.464466, -0.61754, -0.698647, -0.65056, -0.951574, -0.809902, -0.835519, -0.788712, -1.04853, -0.661642, -0.738061
0.08, 0.0319375, 1.49009, 1.40631, 0.898989, 1.18857, 0.129824, 0.575784, 0.291652, 0.0523412, -0.417686, -1.28228, -0.794889, -0.0909674, 0.283101, 0.181722, -0.474607, -0.321816, 0.329292, -0.0626086, -0.835507, -1.17857, -0.449411, -0.557702, -0.807932, -0.964506, -0.95009, -0.795557, -1.09597, -1.00229, -0.662757, -0.642279
0.1, 0.0319375, 1.27984, 1.4772, 1.39159, 0.931017, -0.0656052, -0.686887, -0.33747, -0.179305, -0.697987, -0.944866, -0.861171, -0.0402957, 0.362862, -0.0454075, -0.291933, -0.0470386, -0.240034, -0.836208, -0.534266, -0.83476, -0.485024, -0.650192, -0.572086, -1.15908, -0.750508, -0.68366, -0.63635, -0.675152, -0.929912, -1.03488
0.12, 0.0319375, 1.03334, 1.19064, 0.415572, 0.522433, 0.465232, -0.445438, -0.337309, -0.200915, -0.786267, -0.506054, -0.238116, 0.103211, -0.335422, -0.332299, -0.469263, -0.33238, -0.468512, -0.499013, -0.518682, -0.672051, -0.593738, -0.464952, -0.839141, -0.968989, -0.806352, -0.883396, -0.941311, -0.636915, -0.525434, -0.453048
0.14, 0.0319375, 1.39741, 1.91287, 1.37998, 0.96228, -0.101222, -0.418905, 0.321855, 0.291885, -0.0306094, -0.985989, -1.08496, -0.500523, -0.300182, 0.0519381, 0.0648535, -0.345306, -0.291783, -0.210669, -0.331425, -1.13075, -1.0118, -0.921098, -1.20911, -0.811024, -0.858857, -0.704288, -0.703546, -0.804393, -0.717189, -0.653199
0.16, 0.0319375, 1.26749, 1.76868, 0.552305, 0.21042, -0.0510611, 0.361981, 0.623585, 0.0101519, -1.1066, -0.312262, -0.955059, -0.326891, 0.283841, 0.159312, 0.310972, -0.318397, 0.0454341, -0.26547, -0.20002, -0.48754, -0.493719, -0.444066, -0.418914, -0.518659, -0.854474, -1.05373, -0.953208, -0.727065, -0.640689, -0.79205
0.18, 0.0319375, 1.80061, 1.8716, 0.765227, 0.585324, 0.685915, 0.28964, -0.173251, -0.167632, -0.232189, -0.626432, -0.559749, -0.27362, 0.336661, 0.296665, -0.358418, -0.413469, -0.395123, -0.236827, -0.356002, -0.646887, -1.14705, -0.551408, -0.732962, -0.66651, -0.567633, -1.09511, -0.709791, -0.930428, -0.588874, -0.77185
0.2, 0.0319375, 1.93911, 2.29066, 1.37707, 0.100234, 0.408812, 0.279086, 0.22161, 0.0553663, -0.210791, -1.02348, -0.482782, 0.0446717, -0.00469761, -0.145924, -0.523671, -0.448884, -0.0700438, -0.501725, -0.677634, -1.06138, -0.652531, -0.569496, -1.14024, -0.79969, -0.52529, -0.839557, -0.822156, -0.855145, -0.972543, -0.930811
0.22, 0.0319375, 0.396806, 0.898596, 1.13908, 0.376758, 0.051054, -0.462913, -0.224898, -0.15415, -0.534862, -1.02327, -0.473424, -0.223154, -0.131899, 0.567342, -0.0374533, -0.390371, -0.244574, -0.22607, -0.369159, -1.1511, -1.0696, -0.593085, -1.11, -0.920424, -0.823771, -0.905488, -1.00511, -0.872366, -0.570983, -0.622143
0.24, 0.0319375, 1.17252, 1.47694, 1.32115, 0.443889, 0.0548561, 0.31682, 0.542351, -0.627759, -0.517901, -0.856297, -0.677303, -0.253255, 0.489557, 0.60738, -0.185645, -0.474234, -0.289264, -0.423967, -0.595304, -0.623052, -0.546951, -0.820523, -0.895782, -0.959527, -0.83886, -1.0023, -0.945354, -0.726159, -0.763865, -0.56372
0.26, 0.0319375, 2.24562, 1.40379, 1.06865, 1.36535, 0.630928, 0.280107, 0.450072, 0.0106211, 0.123054, -0.543264, -0.75251, -0.438401, 0.176288, 0.70729, 0.0032767, -0.723155, -0.525741, -0.3265, -0.470751, -0.777379, -0.775695, -0.535261, -0.79271, -1.06115, -1.17054, -0.897793, -0.899939, -0.997875, -0.823888, -0.638062
0.28, 0.0319375, 2.00038, 1.27987, 0.629842, 0.849762, 0.540806, 0.115122, -0.605685, -0.263481, -0.0951903, -0.734769, -0.226011, -0.130315, -0.102576, 0.0142625, -0.0391571, -0.167596, 0.175312, -0.212341, -0.348351, -0.602346, -0.498566, -0.562253, -0.668622, -0.789002, -0.986716, -0.748572, -0.810915, -1.02097, -0.863511, -0.842416
0.3, 0.0319375, 1.39068, 1.74516, 1.44877, 1.01863, 0.372838, 0.721256, 0.393772, 0.0632179, -0.00854737, -0.338916, -0.341759, -0.157897, 0.735761, 0.605664, -0.127705, 0.00120531, 0.112782, -0.578978, -0.44201, -0.744702, -0.691396, -0.268259, -0.487728, -0.8381, -0.876736, -1.11136, -0.671156, -0.650343, -0.624483, -0.489609
0.32, 0.0319375, 1.74711, 1.21762, 1.11189, 1.05914, 0.710839, 0.209089, 0.213603, 0.0247881, -0.0903391, -0.409139, -0.403939, -0.201763, 0.416576, 0.246323, -0.319617, -0.503327, -0.51005, -0.291651, -0.317809, -0.74466, -0.791859, -0.482114, -0.728134, -0.810214, -0.603558, -0.515724, -0.645669, -0.627255, -0.739061, -1.08966
0.34, 0.0319375, 1.84213, 0.908065, 1.3941, 1.16051, 0.555289, 0.25904, -0.30786, -0.360773, -0.0591942, -0.157571, -0.556485, 0.143557, 0.212506, 0.276101, 0.128683, -0.343575, 0.0558482, -0.469826, -0.2645, -0.515248, -0.60784, -0.535098, -0.913276, -0.816792, -0.656483, -0.64557, -0.758606, -1.04037, -1.06175, -0.640825
0.36, 0.0319375, 1.99418, 1.43292, 1.08569, 0.774269, 0.710703, 0.371577, 0.124855, 0.00945353, -0.0231574, -0.417513, -0.108453, -0.0106538, -0.0261433, 0.0909136, -0.0303685, -0.474459, -0.150567, -0.125484, 0.0254601, -0.778382, -0.80312, -0.822791, -0.818871, -0.605915, -1.05326, -0.976841, -1.16769, -0.876573, -0.480242, -0.670692
0.38, 0.0319375, 1.77313, 1.77889, 1.88539, 1.43445, 0.649126, -0.454713, -0.290146, -0.296983, -0.166365, -0.323064, -0.704408, -0.0600618, 0.406008, -0.229482, -0.0421459, -0.497538, -0.0997998, -0.362815, -0.1286, -0.909394, -0.849292, -0.537237, -0.917087, -0.727861, -0.786568, -0.955318, -0.878112, -0.986006, -0.714888, -0.584593
0.4, 0.0319375, 1.17643, 1.98407, 1.83482, 1.28311, 0.42158, 0.51475, 0.216235, -0.328529, -0.320428, -0.456356, -0.765447, -0.219043, 0.704236, 0.133243, -0.103117, 0.0922964, 0.208623, -0.135399, -0.400569, -0.796587, -0.825629, -0.576152, -1.13643, -0.939953, -0.886609, -0.974592, -0.831711, -1.06715, -0.767374, -0.841464
0.42, 0.0319375, 0.915722, 1.56155, 1.09423, 0.862466, 0.674717, 0.631915, -0.27045, -0.416483, -0.12581, -0.191142, -0.71721, -0.327263, -0.169729, 0.331743, 0.144802, -0.499125, 0.164371, 0.070019, -0.457381, -1.03563, -0.915252, -0.661698, -0.804236, -0.436292, -0.890729, -0.975877, -1.02081, -0.820783, -0.749236, -0.493597
0.44, 0.0319375, 1.67393, 1.72463, 1.61604, 0.674802, 0.395938, 0.350395, -0.140089, -0.532449, -0.423748, -0.918759, -1.38256, -0.0789394, 0.308143, 0.334506, -0.315246, 0.0402773, -0.058492, -0.40383, -0.323294, -0.682338, -0.957765, -0.833641, -1.29037, -0.86703, -0.602046, -0.789915, -0.764171, -0.505172, -0.707025, -0.576736
0.46, 0.0319375, 1.44096, 1.29806, 1.89984, 0.943665, -0.237117, 0.115999, 0.0325777, -0.200391, -0.435709, -0.764419, -0.565505, 0.110188, -0.12296, 0.135633, -0.150495, 0.00523162, -0.393922, -0.419871, -0.636338, -1.12145, -1.19188, -0.67094, -0.576741, -0.912649, -1.01578, -1.0671, -0.703369, -0.673556, -0.697157, -0.80512
0.48, 0.0319375, 1.40866, 1.29348, 0.777761, 1.01069, 0.491203, 0.642172, 0.0818888, -0.120872, -0.120776, -0.7834, -0.856915, -0.16949, 0.32085, 0.509339, -0.304281, -0.375515, 0.0683859, -0.137661, -0.0845781, -0.972064, -1.25985, -0.482, -0.27345, -0.623124, -0.819123, -0.678874, -0.832893, -0.706644, -0.575263, -0.627998
0.5, 0.0319375, 1.26914, 0.811811, 0.413991, 0.655786, 0.801511, -0.076188, 0.183603, -0.103433, -0.605573, -0.314313, -0.844951, 0.0589613, -0.232388, 0.183221, -0.196693, -0.22265, -0.143535, -0.321742, -0.429748, -0.781342, -0.768555, -0.230744, -0.592533, -0.661023, -0.95789, -1.01548, -0.825606, -0.761174, -0.926288, -0.554097
0.52, 0.0319375, 1.64317, 2.06224, 1.29024, 0.238967, 0.117957, 0.0117852, -0.283712, -0.473796, -0.309535, -0.504062, -0.299815, -0.737151, 0.201359, 0.301764, -0.236429, -0.278721, -0.355267, -0.282664, -0.147135, -0.936186, -0.540624, -0.423812, -0.707149, -0.594605, -0.895957, -0.799526, -0.64853, -0.746261, -0.776113, -0.62339
0.54, 0.0319375, 0.898539, 1.15958, 0.81881, 1.12412, 0.872809, 0.459218, 0.168615, -0.20872, -0.542681, -0.677252, -0.354595, -0.0241649, 0.155411, 0.380147, -0.591501, -0.589738, -0.495122, -0.216781, -0.249178, -0.767747, -1.14272, -0.801508, -0.614521, -0.853128, -0.736212, -1.24517, -1.01754, -0.644891, -0.791382, -0.70389
0.56, 0.0319375, 2.01647, 2.14274, 1.70685, 1.26543, 0.726535, 0.673564, -0.268493, -0.662232, -0.124396, 0.0809325, -0.464177, -0.125568, -0.159218, 0.220283, 0.0934242, -0.404233, -0.692399, -0.327405, -0.328461, -0.80975, -0.709659, -0.818708, -0.745532, -0.634954, -0.728133, -0.95009, -0.453296, -0.684425, -0.827223, -0.47374
0.58, 0.0319375, 2.13989, 1.8657, 1.07522, 0.275262, 0.396908, 0.526236, 0.00339682, -0.549185, -0.526945, -1.18235, -0.678934, -0.133093, 0.155142, 0.207032, -0.0776288, -0.112638, -0.417059, -0.356276, -0.609218, -0.838, -0.667993, -0.569378, -0.766367, -0.959345, -0.888579, -0.951338, -0.845067, -0.628085, -0.504951, -0.526544
0.6, 0.0319375, 1.49004, 1.53871, 1.09448, 0.59063, 0.127729, 0.248259, 0.66918, -0.357482, -0.676139, -0.463101, -0.668998, -0.305235, -0.335119, -0.0313078, -0.166795, -0.347154, -0.217674, -0.18537, -0.520777, -0.530579, -0.64504, -0.846597, -0.693274, -0.344298, -0.571556, -0.661073, -0.723543, -0.940834, -0.686224, -0.604036
0.62, 0.0319375, 1.62214, 1.42732, 1.23112, 0.912654, 0.467308, -0.475716, 0.128667, 0.0207248, -0.796314, -1.06519, -0.523456, -0.0197477, 0.205135, 0.0608437, -0.107811, -0.612714, -0.557857, -0.12009, -0.334551, -1.06087, -0.79537, -0.572769, -0.633686, -0.903332, -1.00302, -0.458718, -0.82782, -0.566113, -0.488533, -0.779953
0.64, 0.0319375, 1.87692, 2.45062, 1.03734, 0.351299, 0.158567, -0.159138, 0.443186, -0.289413, -0.817965, -0.70124, -0.359995, 0.345033, 0.145946, 0.195312, -0.435046, -0.0902111, -0.613904, -0.515694, -0.623074, -0.970747, -0.614574, -0.519702, -0.680577, -0.769243, -0.816239, -0.87222, -0.699675, -0.873827, -0.638429, -0.624274
0.66, 0.0319375, 1.87387, 2.40166, 1.33798, 1.44742, 0.868774, 0.306213, -0.217209, -0.222227, -0.595314, -0.432532, -0.336043, -0.0604481, -0.0270337, 0.516823, 0.0196432, -0.202839, -0.219652, -0.679685, -0.410615, -0.734431, -0.544049, -0.610737, -0.924023, -0.935542, -0.679266, -0.797643, -0.823464, -0.657501, -0.389778, -0.73897
0.68, 0.0319375, 2.37086, 2.03581, 1.54864, 0.445739, 0.227651, -0.648445, -0.259937, -0.613263, -1.04035, -0.864182, -0.553247, -0.107944, 0.158549, 0.190258, 0.0927045, -0.907149, -0.421649, 0.0146673, -0.570552, -0.448789, -0.835744, -0.740037, -0.832177, -0.582035, -0.660444, -0.833777, -0.979241, -0.961248, -0.693697, -0.43178
0.7, 0.0319375, 1.71199, 0.356093, 0.156179, 1.48352, 0.727269, -0.0426043, 0.419664, 0.137825, -0.0593389, -0.395614, -0.289558, -0.825544, -0.131102, 0.414382, -0.167573, -0.395986, -0.45979, -0.106308, -0.0327374, -0.698059, -0.97916, -0.496215, -0.78828, -1.21408, -0.867752, -0.578635, -0.77592, -0.725916, -0.82451, -0.437122
0.72, 0.0319375, 1.43038, 0.995589, 0.731832, -0.0539743, 0.0970399, 0.113067, -0.153532, -0.359644, -0.77032, -0.227383, -0.572678, -0.507324, -0.582988, -0.194679, -0.406455, -0.0585868, -0.429769, -0.885147, -0.828008, -1.46472, -1.04355, -0.818835, -0.999882, -0.815394, -0.507726, -0.718058, -0.889532, -0.670575, -0.779673, -0.704046
0.74, 0.0319375, 1.16002, 0.341769, -0.0220657, 0.403528, 0.441306, -0.399104, 0.2392, 0.346361, 0.0331632, -0.482041, -0.746328, -0.579327, 0.0752858, 0.220252, 0.00719255, -0.297793, 0.0484647, -0.269214, -0.35697, -0.979089, -0.804503, -0.933122, -1.02016, -0.655095, -0.803398, -1.01408, -1.0047, -0.874391, -0.94374, -0.86272
0.76, 0.0319375, 2.57929, 1.96891, 0.980844, 0.985448, 0.409928, 0.597364, -0.0636014, -0.459098, -0.417213, -0.680389, -1.18748, -0.49567, 0.164192, 0.128414, -0.030033, -1.06832, -0.0768869, -0.351524, -0.280143, -0.981241, -0.797885, -0.607657, -1.27024, -1.00622, -0.796884, -0.846829, -0.662265, -0.83877, -1.12715, -0.797263
0.78, 0.0319375, 2.54881, 1.46275, 1.20809, 0.636149, 0.25454, 0.294418, 0.399127, -0.792497, -0.504871, -1.88474, -0.907764, 0.128467, -0.30378, -0.211972, -0.901089, -0.944405, -0.263095, -0.314025, -0.405909, -0.819002, -0.93674, -0.610619, -0.980443, -0.700677, -1.15028, -0.897246, -1.01914, -0.778114, -0.807002, -0.627582
0.8, 0.0319375, 2.06488, 1.39307, 0.638658, 0.434511, 0.286565, -0.189924, -0.236251, -0.167289, -0.510621, -0.398809, -0.651996, -0.219223, -0.0764047, 0.140721, -0.669321, -0.885771, -0.148273, -0.15228, -0.294775, -0.675789, -1.11602, -1.09827, -0.996524, -1.05549, -0.863839, -1.12999, -0.979514, -0.871417, -0.845891, -0.787839
0.82, 0.0319375, 1.93873, 1.58535, 0.984582, 1.15536, 1.11685, 0.475348, 0.210705, -0.187349, -0.355611, -0.901902, -1.04258, 0.0722657, 0.826793, 0.778294, -0.328053, -0.469993, -0.335833, -0.105989, -0.0686557, -0.620125, -1.0249, -0.681843, -0.94134, -0.905623, -0.884373, -1.11407, -0.694779, -0.726586, -1.05186, -0.639099
0.84, 0.0319375, 1.36943, 1.85864, 1.70967, 0.675774, -0.269237, 0.10959, 0.531523, -0.169442, -0.393294, -0.750318, -0.563058, -0.47735, 0.076106, 0.11549, 0.151081, -0.424343, -0.112354, 0.0599147, 0.0232303, -0.743795, -0.605005, -0.757566, -0.912919, -0.998556, -1.23206, -0.748292, -0.671778, -0.759687, -0.858019, -0.691052
0.86, 0.0319375, 1.40369, 1.97112, 1.49092, 0.963623, 0.673782, -0.00722046, 0.385715, -0.063191, -0.119379, -0.699843, -0.40877, -0.410046, 0.404634, 0.324373, -0.538348, -0.121395, -0.200808, -0.468173, -0.636123, -0.712959, -0.601905, -0.403193, -1.05335, -1.0044, -0.886709, -0.866304, -0.550539, -0.606863, -0.583865, -0.421566
0.88, 0.0319375, 1.36135, 1.63638, 1.18778, 0.888157, 0.582591, 0.610789, -0.37992, -0.243244, -0.524967, -0.878654, -1.01842, -0.186928, 0.117896, -0.0487223, -0.223935, -0.823972, 0.0106593, -0.213416, -0.50414, -1.16049, -0.446253, -0.76866, -0.767257, -0.805906, -0.998347, -1.22548, -0.944764, -0.701053, -0.594437, -0.591416
0.9, 0.0319375, 1.99876, 1.63302, 1.68344, 0.628083, 0.15938, 0.47396, 0.097006, 0.206739, -0.559214, -0.455825, -0.728005, 0.0548117, 0.378064, -0.230304, -0.155512, 0.0702946, -0.205762, -0.279249, -0.446471, -0.811685, -0.766349, -0.840029, -0.810533, -0.952095, -0.581006, -0.900025, -0.796895, -0.787113, -0.675657, -0.868349
0.92, 0.0319375, 1.91362, 1.92471, 1.26217, 1.57111, 0.990583, 0.608821, -0.310627, 0.0646254, 0.0220607, -0.511652, -0.523104, -0.275261, 0.25903, 0.403425, -0.437999, -0.526593, 0.000956435, -0.387969, -0.437356, -1.10788, -1.26027, -1.02173, -0.899456, -0.910661, -0.729686, -0.64059, -0.88224, -0.929006, -0.89693, -0.549831
0.94, 0.0319375, 2.63326, 2.08285, 1.4624, 0.515045, 0.606357, 0.748784, 0.669059, 0.202105, -0.117084, -0.729398, -0.69119, -0.40792, -0.0657211, 0.19276, -0.341899, -0.235606, -0.792052, -0.715621, -0.143015, -1.01365, -1.12973, -0.2788, -0.480965, -1.06441, -1.01337, -0.850621, -0.666998, -0.763973, -0.654825, -0.624396
0.96, 0.0319375, 1.47068, 1.9171, 1.34487, 0.969949, 0.00734463, -0.208345, 0.149557, -0.0325178, -0.350316, -0.416931, -0.137853, 0.00350314, 0.258097, -0.0348496, -0.441199, -0.37205, -0.328495, -0.665739, -0.697511, -0.453501, -0.846588, -0.837537, -0.740469, -1.07523, -0.943933, -0.87641, -0.577661, -0.708965, -0.79586, -0.521727
0.98, 0.0319375, 2.60745, 1.43773, 1.394, 1.14389, 0.662884, -0.0186716, -0.349331, -0.755979, -0.510772, -0.216364, -0.188916, -0.165394, 0.466023, 0.179161, -0.0563808, -0.11955, -0.487189, -0.168282, -0.390326, -1.0661, -0.674379, -0.465872, -1.00899, -1.4243, -1.07698, -0.930815, -0.945135, -0.75549, -0.497793, -0.560156
1, 0.0319375, 2.5151, 1.74953, 0.743114, -0.400097, 0.241261, -0.407778, 0.382545, 0.308901, -0.17917, 0.00262179, -0.0708093, -0.179738, 0.260716, -0.149972, -0.392869, -0.282176, 0.293695, -0.0840684, -0.662115, -0.873365, -0.822389, -0.74892, -0.69194, -0.969934, -1.02123, -0.67821, -0.650947, -0.611969, -0.619036, -0.510132
1.02, 0.0319375, 2.34003, 2.34136, 1.61436, 0.356415, -0.316346, 0.122256, 0.146042, -0.0512784, -0.486279, -0.955402, -0.679875, -0.602775, 0.260969, 0.27339, -0.122339, -0.65683, -0.197707, -0.20699, -0.578546, -0.356207, -0.487484, -0.551915, -0.619895, -0.843499, -0.933984, -0.914033, -1.03271, -0.97016, -0.675973, -0.556704
1.04, 0.0319375, 2.42563, 0.922081, 0.919335, 0.941824, 0.665368, -0.0251845, -0.151891, -0.711069, -0.527369, -0.764064, -0.200806, 0.171347, -0.192122, 0.129382, -0.0687828, 0.0556959, -0.155693, -0.160655, -0.376373, -0.921609, -0.575461, -0.768404, -0.792877, -0.780852, -0.882512, -0.951474, -0.596557, -0.452934, -0.524694, -0.804544
1.06, 0.0319376, 1.8893, 1.94353, 1.75104, 1.08902, 0.410148, 0.826527, 0.275269, 0.112412, -0.294697, -0.966377, -0.477178, -0.410334, -0.253876, 0.323474, -0.102122, -0.307635, -0.195584, 0.129716, -0.30202, -0.801227, -0.851566, -0.626118, -0.976137, -1.17268, -0.701594, -0.743302, -0.868071, -0.856345, -0.912473, -0.775277
1.08, 0.0319375, 1.83253, 1.9811, 1.75452, 0.756637, 0.394651, 0.670809, 0.544698, -0.158873, 0.371342, -0.424054, -0.921823, -0.326717, 0.0629328, 0.303731, -0.0535297, -0.301158, -0.235844, -0.489651, -0.618396, -0.92732, -0.95622, -0.63945, -1.06942, -0.758276, -0.713047, -0.99267, -0.864255, -0.532865, -0.633797, -0.488442
1.1, 0.0319375, 1.70962, 1.60322, 0.646489, 1.24029, 1.33492, 0.736998, 0.398234, -0.421167, 0.227171, -0.18833, -0.362565, -0.333277, -0.0279598, 0.102244, -0.0719883, -0.11887, -0.107829, -0.399394, -0.724514, -0.82861, -0.810363, -1.39275, -1.1865, -0.781077, -0.954402, -1.06416, -0.666649, -0.435015, -0.715561, -0.380444
1.12, 0.0319375, 2.14112, 1.41003, 0.507987, 1.23914, 0.984721, 1.00377, 0.33531, -0.442268, -0.196023, -0.581135, -0.715021, -0.252295, 0.245123, 0.419521, -0.322907, -0.458248, -0.180968, -0.297618, -0.26527, -0.489405, -0.708636, -0.818775, -0.935431, -0.931912, -0.995399, -1.01748, -1.18758, -0.970807, -0.767914, -0.585856
1.14, 0.0319375, 1.99416, 1.0592, 1.58681, 1.29426, 0.592903, 0.375328, -0.134029, 0.135885, 0.579955, -0.135862, -0.265944, -0.0253141, 0.544208, 0.222387, 0.128996, -0.267372, -0.040994, 0.0466931, -0.21278, -0.553788, -0.600478, -0.797339, -0.873747, -0.826461, -1.19726, -1.19901, -0.909208, -0.672935, -0.981752, -0.751524
1.16, 0.0319375, 2.41398, 1.51057, 0.527027, 1.27584, 1.13838, 0.599766, 0.454459, -0.235553, -1.08483, -1.13878, -0.621746, -0.176637, 0.608256, 0.507518, -8.82188e-05, -0.470514, -0.467377, -0.501912, -0.386141, -0.590096, -0.838665, -0.809882, -1.0342, -1.01753, -0.833098, -0.821046, -0.909268, -0.972356, -0.663717, -0.595103
1.18, 0.0319376, 2.04658, 0.307098, 0.899373, 1.81281, 1.14927, 0.391336, 0.184035, -0.228173, 0.05365, -0.328999, 0.0378969, -0.241416, 0.448635, -0.110207, -0.109087, -0.136582, 0.0437472, -0.432514, -0.149723, -0.640223, -0.81103, -0.503097, -0.373394, -0.456435, -0.534123, -0.872205, -0.517314, -0.743611, -0.756036, -0.699985
1.2, 0.0319375, 1.55957, 1.37952, 1.4069, 0.996099, 0.854714, 0.803859, 0.941536, 0.123699, -0.458415, -0.700248, -0.666128, -0.416654, -0.163306, -0.136405, -0.345489, -0.144038, -0.159165, -0.592648, -0.248266, -1.05023, -0.622833, -0.747881, -0.966573, -0.752397, -0.635162, -1.08764, -0.924079, -0.849113, -0.611179, -0.4899
1.22, 0.0319375, 2.28888, 1.7186, 1.43756, -0.0542546, 0.686728, 0.208822, -0.00190033, -0.126074, 0.141114, -0.810764, -0.760603, -0.437239, 0.138911, 0.280531, -0.59128, -0.145791, -0.352735, 0.0546643, -0.242713, -0.528977, -0.537002, -0.807222, -0.834487, -0.846377, -0.881616, -0.967372, -0.852922, -0.957504, -1.22485, -0.797837
1.24, 0.0319375, 1.77071, 1.56481, 1.65745, 1.50388, 0.0295772, 0.984523, 0.669189, -0.119172, -0.37856, -0.395167, -0.688406, 0.0304761, 0.0121526, 0.323928, -0.435813, -0.264562, -0.516274, -0.397003, -0.577765, -0.48089, -0.688771, -0.504009, -0.833556, -0.73112, -1.00329, -0.909809, -0.753209, -0.967222, -0.486238, -0.557925
1.26, 0.0319375, 1.99584, 1.80821, 0.627698, 0.459423, 0.131217, 0.976068, 0.415544, -0.130066, 0.259779, -0.372052, -0.661325, 0.0691556, 0.362278, 0.592427, -0.144381, -0.643241, -0.101631, -0.164944, 0.0821764, -1.01713, -1.03469, -0.790955, -0.679561, -0.726278, -0.815671, -0.768185, -1.499, -0.916191, -0.704891, -0.403251
1.28, 0.0319375, 1.939, 1.43678, 0.983092, 0.411269, 0.913838, 0.313013, 0.346483, 0.360911, 0.224077, -1.06948, -1.07666, -0.622302, 0.435651, 0.74615, 0.036412, -0.237039, 0.0162874, -0.161553, -0.465861, -0.816552, -1.11405, -0.68008, -0.50144, -0.669112, -0.913462, -1.06755, -1.06655, -0.569942, -0.56697, -0.702879
1.3, 0.0319376, 2.60353, 2.06785, 0.715515, 0.933462, 0.796802, 0.578174, 0.506097, 0.0725813, -0.108286, 0.0381641, -0.464985, -0.217136, 0.455736, 0.603264, 0.0674415, -0.439166, -0.239059, -0.295196, -0.655733, -0.794372, -1.07233, -0.841098, -0.628105, -0.826835, -0.677945, -0.771827, -0.869619, -0.810529, -0.849682, -0.918181
1.32, 0.0319375, 1.26416, 1.29628, 0.69154, 1.43163, 0.612125, 1.05335, -0.0530193, -0.0128393, 0.505952, -0.315669, -0.759627, -0.139395, 0.0861058, 0.636604, -0.0833444, -0.372859, -0.345869, -0.209723, -0.589378, -0.80323, -0.702803, -0.573239, -0.922327, -1.13657, -1.08784, -0.614788, -0.837312, -0.644224, -0.65216, -0.418174
1.34, 0.0319375, 2.27209, 1.57285, 1.26331, 0.754597, 0.830759, 0.477555, -0.444471, -0.222041, 0.315307, 0.0995548, -0.134659, 0.0743069, 0.481652, 0.256872, -0.281615, 0.0851893, -0.124506, -0.396019, -0.585621, -0.565826, -0.675754, -0.611975, -1.22041, -0.964322, -0.825955, -0.828885, -0.939663, -0.883524, -0.88977, -1.01733
1.36, 0.0319375, 1.68871, 1.87719, 1.28223, 0.707465, 0.641832, 0.42483, 0.374477, 0.116182, -0.699184, -0.817727, -0.273919, 0.253837, 0.266808, 0.26661, -0.367369, -0.029975, 0.0354188, -0.377952, -0.845739, -1.10016, -1.08439, -0.64724, -0.749379, -0.920446, -0.996208, -0.810292, -0.750068, -1.11858, -0.617098, -0.603497
1.38, 0.0319375, 1.46792, 1.317, 1.24853, 1.24513, 1.15657, 0.321795, 0.202721, 0.0391702, -0.404355, -0.505998, -0.388054, -0.150058, 0.439069, 0.320515, 0.0749286, -0.0442698, 0.108802, 0.179577, -0.349079, -0.693229, -0.633856, -0.786965, -0.526133, -0.959251, -0.779591, -0.614586, -0.904303, -0.81529, -0.793274, -0.510638
1.4, 0.0319375, 2.26624, 1.98222, 1.46753, 1.28043, 1.14536, 0.253829, 0.0455953, -0.148272, 0.136514, -0.774909, -0.293716, 0.2634, 0.139827, -0.220739, -0.465146, -0.233626, -0.203882, -0.332412, -0.302485, -0.68431, -0.61318, -0.892863, -0.675091, -0.445585, -0.630401, -0.485541, -0.652546, -0.745708, -0.688811, -0.508184
1.42, 0.0319376, 1.92814, 2.02661, 1.66628, 1.07655, 0.369519, 0.309655, 0.62091, -0.282785, 0.0857506, -0.69196, -0.247337, 0.278247, 0.697577, 0.163123, -0.497571, 0.243769, -0.29774, -0.137498, -0.0714535, -0.741036, -0.746196, -0.240348, -0.446435, -0.782696, -0.954294, -0.711637, -0.781999, -0.566241, -0.746441, -0.633421
1.44, 0.0319375, 1.95717, 2.06089, 1.67911, 0.184639, -0.219372, 0.387141, 0.216616, 0.191057, 0.396692, -0.444905, -0.572682, -0.401016, 0.20678, 0.602327, -0.155765, -0.287457, -0.447663, -0.322425, -0.256385, -0.312765, -0.600519, -0.65031, -0.833436, -0.849713, -0.68831, -0.622239, -0.688455, -0.670891, -0.495927, -0.616044
1.46, 0.0319375, 1.74377, 1.09595, 0.523117, 1.04906, 0.411846, 0.445681, 0.590588, -0.267099, 0.237096, -0.142632, -0.291601, -0.478219, 0.0367108, 0.36629, 0.178706, -0.394504, -0.454113, -0.153348, -0.407123, -0.782684, -0.842521, -0.238552, -0.444108, -1.00352, -1.40274, -1.04575, -0.80729, -0.666467, -0.671767, -0.673076
1.48, 0.0319375, 1.23839, 1.43406, 0.46019, 0.017008, 0.585011, 0.0939923, 0.180057, -0.0721674, 0.168126, -0.221652, -0.504692, 0.015987, 0.521534, 0.354158, -0.38348, -0.259179, 0.220955, -0.393741, -0.372857, -0.986223, -0.700031, -0.662613, -0.712408, -0.946395, -0.788965, -0.958567, -0.941546, -0.885648, -0.643648, -0.680266
1.5, 0.0319375, 2.45094, 2.04285, 1.06847, -0.488713, 0.343112, 0.186576, 0.240376, 0.179152, 0.113689, -0.4104, -0.458814, -0.154094, 0.79218, 0.519153, 0.100924, 0.138764, -0.134972, -0.137032, -0.276526, -0.724684, -1.25332, -0.939236, -0.932259, -0.856565, -1.03778, -1.10112, -0.804849, -0.746749, -0.559716, -0.500879
1.52, 0.0319375, 2.47515, 2.26663, 0.841281, 0.360596, 0.525478, 0.517553, 0.294628, 0.0986009, 0.681114, 0.181538, -0.27876, 0.10709, 0.673664, 0.267391, -0.350237, -0.397676, -0.144504, -0.361825, -0.186383, -1.277, -1.12898, -0.561991, -0.99407, -0.741539, -0.691565, -0.992954, -1.09001, -0.663578, -0.77239, -0.853294
1.54, 0.0319375, 1.71857, 2.00875, 1.29761, -0.0575103, 0.293893, -0.483486, -0.316682, -0.627203, -0.00541026, -0.386241, -0.501894, -0.263546, 0.550705, 0.307016, 0.0194642, 0.235678, -0.379933, -0.240894, -0.330729, -0.448404, -0.710782, -0.732925, -0.920035, -1.04628, -0.989595, -0.811613, -0.583817, -0.866205, -0.961335, -0.761551
1.56, 0.0319376, 1.55591, 2.12202, 0.893866, 1.15872, 0.961729, -0.0277106, 0.241663, -0.0584776, -0.388375, -0.647856, -0.788353, -0.295699, 0.314112, 0.246639, -0.354654, -0.296745, -0.0513203, -0.107026, -0.304334, -0.566289, -0.57974, -0.941866, -0.738597, -0.782144, -0.696452, -0.867766, -0.759307, -0.855648, -0.802271, -0.387645
1.58, 0.0319375, 1.20889, 1.27035, 1.87675, 0.497125, 0.356521, 0.0898056, 0.283955, 0.0356393, -0.664036, -0.789247, -0.499097, -0.477723, 0.524775, 0.607526, 0.132737, -0.487595, -0.169217, -0.653002, -0.61735, -1.05313, -0.842158, -0.567412, -0.577555, -0.907855, -0.651157, -0.959289, -1.16888, -0.68554, -0.613865, -0.590763
1.6, 0.0319375, 2.40212, 1.91972, 1.52258, 1.24672, 0.484644, 0.202807, 0.0603333, -0.508412, -0.0332048, -0.242026, -0.574203, -0.385321, 0.428533, 0.0511093, 0.0716203, -0.232025, -0.106342, -0.610627, -0.319129, -0.581621, -1.01341, -0.963921, -0.622247, -0.709032, -0.768509, -0.871078, -1.00775, -0.855701, -0.710665, -0.597152
1.62, 0.0319375, 2.22611, 1.08984, 1.07162, 0.44295, 1.16463, 0.336051, 0.0999502, -0.555277, -0.0508928, -0.0982629, -0.141925, -0.166274, 0.889055, 0.168291, -0.000934978, -0.336451, 0.0545069, -0.0699902, 0.0051792, -0.743705, -0.443679, -0.532672, -0.887611, -0.887035, -1.05945, -0.771566, -0.675255, -0.643108, -0.89006, -0.880404
1.64, 0.0319375, 1.72796, 1.10539, 1.12099, 1.109, 0.287877, -0.0237217, -0.0433098, -0.707913, 0.17803, -0.304611, -0.805358, 0.246912, 0.403587, 0.392278, -0.592122, -0.417854, -0.345825, -0.279058, -0.439454, -0.626603, -0.569389, -0.607952, -0.60024, -0.908476, -0.770553, -0.768334, -0.782795, -1.06864, -0.623471, -0.690002
1.66, 0.0319375, 0.986357, 1.50181, 1.32551, 1.43486, 1.1293, 0.600564, 0.00363677, -0.0672961, 0.284841, -0.0276675, -0.40362, 0.0401284, 0.783657, 0.353428, -0.671299, 0.0158609, 0.171625, -0.196756, -0.379273, -0.887363, -0.478769, -0.49103, -0.672297, -0.724426, -0.856112, -0.665806, -0.850182, -0.741711, -0.589726, -0.602554
1.68, 0.0319376, 2.41831, 1.99341, 1.11509, 0.777717, 0.500822, -0.428044, -0.323796, -0.630742, -0.290245, -0.240452, -0.373828, -0.361142, 0.409708, 0.322405, 0.0563484, -0.238526, -0.660683, -0.684375, -0.280473, -0.66539, -0.612743, -0.784722, -0.846876, -0.838928, -0.796871, -0.880969, -0.656229, -0.594377, -0.889608, -0.417573
1.7, 0.0319375, 2.30898, 1.14618, 0.411487, 1.30763, 0.535919, 0.273016, 0.25419, 0.0304624, -0.388006, -0.413808, -0.255474, 0.153244, 0.255096, 0.344047, -0.0864936, 0.032908, 0.325011, -0.126218, -0.289977, -0.973746, -1.07752, -0.54255, -0.895527, -0.944389, -1.25073, -0.765998, -0.954912, -0.98787, -0.643937, -0.278957
1.72, 0.0319375, 2.5246, 2.25031, 1.27849, 0.606459, 0.261703, 0.238988, 0.0767325, -0.184695, 0.780864, -0.229696, -0.931343, -0.16207, 0.689407, -0.00468671, -0.28086, -0.0340788, -0.0416665, 0.177285, -0.273943, -0.869763, -0.902975, -0.622115, -0.687595, -1.10404, -0.997828, -0.843097, -0.774967, -0.579434, -0.875747, -0.795296
1.74, 0.0319375, 2.0165, 2.23341, 1.51906, 0.952472, 0.477108, -0.348426, -0.824215, -0.469323, 0.618969, -0.110344, -0.297486, -0.323031, -0.110746, 0.781195, 0.169066, 0.00239835, -0.61673, -0.250828, -0.520288, -0.650021, -0.933079, -0.842183, -1.30963, -0.927904, -0.788713, -0.922428, -0.887213, -0.707988, -1.04198, -0.689135
1.76, 0.0319375, 1.63373, 1.56392, 0.811039, 0.793488, 0.826715, 0.240579, -0.116888, 0.189809, 0.0792537, -0.846866, -0.208715, -0.447579, 0.307349, 0.1628, 0.125517, -0.500406, -0.187483, -0.271155, -0.364892, -0.552278, -0.469519, -0.548169, -0.644343, -0.339863, -0.878707, -0.822863, -0.71067, -0.562972, -0.581738, -0.982303
1.78, 0.0319375, 2.00034, 1.85868, 1.53494, 0.604539, 0.696138, 0.201977, -0.0815546, -0.283264, -0.255059, -0.304809, -0.109385, 0.0261594, 0.218082, -0.239269, -0.426677, -0.252823, -0.444209, -0.596911, -0.250332, -0.945163, -0.9565, -1.0885, -1.16319, -1.02837, -1.20659, -0.845187, -0.826465, -0.556441, -0.808855, -0.723177
1.8, 0.0319376, 1.64747, 1.79594, 1.4677, 1.05177, 0.378613, 0.189774, 0.523752, -0.220453, 0.124477, -0.201394, -0.647116, -0.240636, 0.776031, -0.0297491, -0.536222, -0.209288, -0.380879, -0.284248, -0.353229, -0.858755, -0.498475, -0.301484, -0.607819, -1.12018, -1.09422, -0.849879, -0.829118, -0.552136, -0.515206, -0.766957
1.82, 0.0319375, 1.07996, 1.16123, 0.725348, 1.27282, 0.90037, -0.0767818, -0.363667, -1.01504, -0.378745, -0.301252, 0.060884, -0.676782, 0.208489, 0.141681, -0.173585, -0.464951, -0.0716841, -0.240295, -0.200403, -0.539322, -0.773965, -0.583131, -0.75772, -0.953819, -0.839375, -0.801493, -0.923705, -0.603209, -0.544476, -0.545898
1.84, 0.0319375, 2.61458, 1.59937, 0.734714, 0.777811, 0.753335, 0.773869, 0.439376, 0.262635, 0.215481, -0.145321, 0.00927343, 0.0941764, -0.0133923, 0.442004, 0.108265, -0.414782, -0.349342, -0.424336, -0.490686, -0.48585, -0.54443, -0.930444, -0.764384, -0.880251, -0.56451, -0.406709, -1.13193, -0.900033, -0.685376, -0.80599
1.86, 0.0319375, 1.16005, 1.44523, 1.14099, 1.16024, 1.14726, 0.371515, -0.183543, -0.302665, 0.183576, -0.19071, -0.347543, -0.316616, -0.337973, -0.16674, -0.587851, -0.806192, -0.135802, -0.0859435, -0.324125, -0.875076, -1.05166, -0.748301, -0.615684, -0.791471, -0.983552, -0.745424, -0.814941, -0.710879, -0.667531, -0.916471
1.88, 0.0319375, 2.18146, 2.10872, 1.19156, 0.958685, 0.829873, 0.704615, -0.139765, -0.391147, 0.0468795, -0.610656, -0.921214, -0.587817, 0.368256, 0.422008, 0.189396, -0.69497, -0.114974, -0.285339, -0.510916, -0.768602, -0.662832, -0.568637, -1.15341, -0.959603, -0.846915, -0.743605, -0.712497, -0.637625, -0.546348, -0.609761
1.9, 0.0319375, 2.39696, 1.46383, 0.681546, 0.1185, 0.4963, -0.0386849, -0.203023, -0.330248, -0.197013, -0.225636, -0.351095, 0.0788455, 0.338981, 0.208608, -0.329012, -0.96865, -0.643727, -0.525534, -0.368937, -0.726748, -0.728341, -0.542552, -0.582833, -0.536965, -0.945628, -0.711796, -0.795202, -0.808287, -0.505552, -0.462669
1.92, 0.0319376, 2.11899, 1.87867, 0.823348, 1.36402, 0.665089, 0.40078, 0.252961, -0.380726, -0.215139, -0.485702, -0.566377, 0.0297081, -0.083107, -0.203436, -0.328899, -0.335122, -0.398023, -0.692286, -0.328374, -0.945517, -1.06622, -0.781109, -0.950849, -1.04494, -0.631784, -0.532725, -0.735173, -0.612025, -0.411083, -0.571008
1.94, 0.0319375, 1.97439, 1.72611, 0.381202, 0.833729, 0.543426, 0.30942, -0.00948304, -0.099276, -0.034302, -0.393154, -1.20356, -0.417234, -0.073273, -0.0471931, -0.251251, -0.0614623, -0.425496, -0.5736, -0.339917, -0.851011, -0.871625, -0.537712, -0.743812, -0.884164, -1.05277, -0.984649, -1.05127, -0.927647, -0.784008, -0.730525
1.96, 0.0319375, 1.70755, 1.81716, 1.05262, 1.05364, 0.515527, 0.476441, 0.349728, -0.167727, 0.120209, -0.438165, -0.309914, -0.555149, -0.215861, 0.196599, -0.32464, -0.745564, -0.791367, -0.380174, -0.124383, -0.836363, -0.68512, -0.672773, -1.0592, -1.03744, -0.728368, -0.751532, -0.783534, -0.723395, -0.893636, -0.75828
1.98, 0.0319376, 2.55886, 2.02509, 1.52081, 0.60273, 0.145309, -0.491784, -0.00186874, -0.00773907, -0.0305454, -0.399376, -0.554513, -0.510011, -0.0717912, 0.130353, -0.00511144, -0.190533, -0.0492115, -0.409205, -0.630685, -0.919294, -0.915429, -0.40341, -0.584237, -0.913643, -0.926115, -0.529448, -1.1496, -0.863102, -0.902513, -0.81339
2, 0.0319376, 1.5924, 2.20038, 1.47171, 0.264769, -0.358005, 0.425912, 0.06603, -0.135371, 0.211758, -0.666965, -0.71262, -0.713923, 0.24155, 0.135266, -0.365014, -0.555673, -0.473247, -0.419316, -0.619488, -1.04888, -0.938478, -0.705878, -0.766552, -0.858082, -1.25948, -0.710657, -0.731773, -0.680156, -0.743283, -0.556458
2.02, 0.0319376, 2.26754, 1.95477, 1.56969, 1.09591, 0.0265439, -0.289449, 0.0658378, 0.102881, -0.374718, -0.561868, -0.010195, -0.0874811, 0.0638854, -0.468276, -0.408656, -0.642302, -0.417613, -0.134314, 0.0272284, -0.683649, -0.965859, -0.453476, -0.821481, -0.845617, -0.695642, -0.974786, -0.96139, -0.867334, -0.764293, -0.618043
2.04, 0.0319376, 1.37699, 1.82022, 1.70959, 0.772786, 0.244708, -0.445692, -1.06368, -0.516986, -0.108407, -0.651151, -0.685337, -0.248812, 0.128699, 0.241881, -0.0910709, -0.364673, -0.390156, -0.368082, -0.50455, -0.944518, -0.668951, -0.479692, -0.77379, -0.853825, -0.757055, -0.569928, -1.0552, -0.842795, -0.714908, -0.638307
2.06, 0.0319376, 1.9336, 1.57124, 0.853919, 0.848801, 0.548703, -0.55376, 0.248163, -0.147215, -0.34351, -0.647527, -0.271771, 0.0715274, 0.447364, 0.499739, -0.240845, -0.431484, -0.824671, -0.705154, -0.202801, -0.577296, -0.818658, -0.5336, -0.718998, -1.04106, -1.237, -1.38569, -1.37102, -0.801647, -1.17339, -0.832728
2.08, 0.0319376, 2.39272, 1.84046, 1.29603, 0.612917, 0.251114, -0.164898, 0.452548, -0.168493, -0.866164, -0.756206, -0.591039, -0.251066, 0.499773, 0.690955, -0.398787, -0.258661, -0.208408, -0.222839, -0.448552, -0.635028, -0.908419, -0.883169, -0.858622, -0.610712, -1.01813, -0.768292, -0.787913, -0.675779, -0.490628, -0.609323
2.1, 0.0319376, 1.68537, 1.73009, 1.29018, 1.28185, 1.20524, 0.702194, 0.294031, -0.272823, -0.405042, -0.153268, 0.104423, 0.256867, 0.457416, 0.322809, -0.0363336, -1.1571, -0.901915, -0.420639, -0.408076, -0.860163, -0.820962, -0.605611, -0.533345, -0.686028, -0.755051, -0.777478, -0.665574, -1.00481, -0.436782, -0.594088
2.12, 0.0319376, 1.68281, 1.62949, 1.00837, 0.150357, 0.602557, 0.425937, -0.102526, -0.451505, -0.0170695, -0.734625, -0.478712, 0.0283282, 0.161567, -0.026263, -0.316051, -0.279324, -0.263174, -0.28447, -0.749994, -0.65242, -0.932219, -0.485522, -0.852196, -1.10107, -0.8131, -1.16868, -0.821129, -0.770392, -0.655425, -0.564606
2.14, 0.0319374, 1.90743, 1.8565, 1.5197, 0.918593, 0.213136, 0.131036, -0.0717223, -0.737553, -0.477644, -0.70024, -0.837043, -0.511355, -0.0909749, 0.139339, -0.377908, -0.347881, 0.203141, -0.234744, -0.372469, -0.688542, -0.577862, -0.852835, -1.24465, -1.10711, -0.628989, -0.723686, -0.95978, -0.84334, -0.70238, -0.932756
2.16, 0.0319374, 2.03129, 0.470502, 0.802029, 0.993127, 0.270014, 0.582735, 0.173975, -0.275268, 0.321063, -0.752139, -0.8516, -0.835539, -0.499125, 0.171718, -0.228556, -0.0232578, -0.0716358, -0.294502, -0.855166, -0.59168, -0.707788, -1.22193, -1.24742, -1.00275, -0.866418, -0.840572, -0.785834, -0.699572, -0.444122, -0.476748
2.18, 0.0319374, 1.23783, 1.42244, 1.26485, 0.647077, 0.529904, 0.114806, 0.380332, -0.383462, 0.0540264, -0.753164, -0.386771, -0.087481, -0.051155, -0.178702, -0.560557, -0.590273, -0.213081, -0.062355, -0.318183, -0.531406, -0.672062, -0.279715, -0.726544, -0.75529, -1.01941, -0.90583, -0.772223, -0.744037, -0.691937, -0.40503
2.2, 0.0319374, 2.50966, 1.77394, 1.44811, 1.37895, 1.18155, -0.278589, -0.342937, -0.665275, -0.323061, -0.855675, -0.546411, -0.250768, -0.29873, 0.552307, -0.295975, -0.620873, -0.105546, -0.242577, -0.608857, -0.840787, -1.14843, -0.922953, -0.655873, -0.690064, -0.763781, -1.54658, -1.1065, -0.680681, -0.741456, -0.283059
2.22, 0.0319374, 1.40241, 1.34577, 0.874028, 0.819544, 0.816058, 0.628673, 0.501724, -0.022, -0.517721, -0.626138, -0.989396, -0.356166, 0.142805, -0.0901591, -0.0420328, -0.108247, -0.465875, -0.0525261, -0.567666, -0.635242, -0.637042, -0.882533, -0.935459, -0.758357, -0.885571, -1.00269, -0.775639, -0.843779, -0.522042, -0.781543
2.24, 0.0319376, 1.22669, 0.915127, 0.499412, 0.645181, 0.667653, 0.257297, 0.157128, -0.146917, -0.152561, -0.409767, -0.391988, -0.25183, 0.275638, 0.499001, 0.0390893, -0.076228, 0.00906329, -0.373776, -0.547302, -0.584717, -0.755771, -1.12027, -0.873705, -0.785542, -0.550235, -0.924678, -0.77496, -0.670054, -0.854521, -0.529764
2.26, 0.0319376, 1.6315, 1.39558, 1.09673, 0.990992, 0.476462, 0.397169, 0.452732, -0.0798185, -0.258389, -0.753812, -0.711099, -0.341634, 0.0952424, 0.274679, 0.1681, -0.405921, -0.0723837, -0.790034, -0.486673, -0.410261, -0.746057, -0.639649, -0.572624, -0.896009, -0.918285, -1.28366, -0.950474, -0.567962, -0.679384, -0.643709
2.28, 0.0319376, 2.11892, 1.28764, 1.06104, 1.02503, 0.743508, 0.0141347, -0.891949, 0.284386, 0.0133319, -0.323315, -0.42531, 0.0113135, 0.312722, 0.497265, -0.179797, -0.200127, -0.126291, -0.0231768, -0.21979, -0.844159, -0.586996, -0.634246, -0.810488, -0.774023, -0.918344, -0.950896, -0.634049, -0.805044, -0.577627, -0.604076
2.3, 0.0319376, 1.8012, 1.69365, 1.17695, 1.24812, 0.612366, 1.01957, -0.0231608, -0.71604, -0.566757, -0.599099, -0.695821, -0.819024, 0.36048, 0.35004, -0.822608, -0.423206, -0.559039, -0.499001, -0.954938, -0.740816, -0.698081, -0.624238, -0.782064, -1.00596, -1.20452, -1.14526, -0.885282, -0.949781, -0.989516, -0.569482
2.32, 0.0319376, 1.72611, 0.55397, 1.05881, 1.60787, 0.741617, 0.141556, 0.347608, -0.522547, -0.371741, -0.648338, -0.921844, 0.0783755, 0.180886, 0.746328, 0.240092, -0.659127, -0.422469, -0.897965, -0.623329, -1.05545, -0.864954, -0.716451, -0.704068, -1.18327, -1.21269, -1.03001, -1.05826, -0.73205, -0.682423, -0.651196
2.34, 0.0319376, 1.74346, 1.39198, 1.25934, 1.36331, 1.0186, 0.416883, 0.354576, -0.023211, -0.407783, -1.07758, -1.22715, -0.542203, 0.14542, 0.375552, -0.201929, -0.613436, 0.0499905, -0.145807, -0.770048, -0.919036, -0.899356, -0.742528, -0.890198, -0.736738, -0.61161, -0.707244, -0.742842, -0.640885, -0.789455, -0.686348
2.36, 0.0319376, 1.94805, 1.40744, 1.21765, 1.24453, 0.459336, 0.345054, 0.0470509, 0.0467241, -0.637272, -0.654297, -0.693727, -1.0245, 0.372549, 0.685067, 0.002569, -0.150146, -0.0525426, -0.574163, -0.601102, -0.641075, -0.741814, -0.435431, -0.624874, -0.552838, -0.651545, -0.857913, -0.913167, -0.971302, -0.931994, -0.634499
2.38, 0.0319374, 2.04638, 1.58985, 0.919514, 0.767029, 0.0942372, -0.181424, 0.0154939, -0.495197, -0.720697, -0.119079, -0.463512, -0.544213, 0.085698, 0.719634, -0.270291, -0.340369, -0.207035, -0.433629, -0.321208, -0.860063, -0.858138, -0.812715, -0.850325, -0.889848, -1.07477, -0.96725, -0.559963, -0.437965, -0.540549, -0.477935
2.4, 0.0319374, 1.75572, 1.69153, 0.861638, 0.921134, 0.430696, 0.268498, -0.311397, 0.0853695, -0.0659902, -0.904173, -0.287148, -0.158473, 0.0742343, 0.363649, -0.062145, -0.514388, -0.387349, -0.486934, -0.661956, -0.71046, -1.08629, -0.656791, -0.762537, -1.0276, -0.70311, -0.770165, -0.994048, -0.554032, -0.574358, -0.622419
2.42, 0.0319374, 1.19793, 1.70457, 1.46848, 0.715082, 0.248449, 0.369135, 0.0371783, -0.211535, -0.366542, -0.59566, -1.13682, -0.6531, 0.371316, 0.371204, -0.527762, -0.875237, -0.547864, -0.30033, -0.251108, -1.0958, -0.766073, -0.839503, -0.976374, -0.818701, -0.732689, -0.770304, -1.21163, -0.985699, -0.823453, -0.778607
2.44, 0.0319374, 1.99185, 1.97973, 1.10832, 1.78206, 1.27419, 0.211038, 0.0428604, 0.505408, 0.0450888, -0.694488, -0.88801, -0.275304, -0.359673, 0.0877732, -0.541509, -0.147479, -0.106478, -0.516062, -0.221313, -1.35679, -1.25146, -0.661333, -0.850308, -0.842803, -0.860464, -0.696181, -0.890201, -1.01365, -0.384315, -0.797209
2.46, 0.0319374, 1.70604, 1.53827, 1.30251, 0.842975, -0.253244, 0.434276, 0.131105, 0.151714, 0.0796809, -0.317274, -0.888247, -0.569958, -0.116241, -0.070046, -0.230078, 0.0242369, -0.333692, -0.312703, -0.792511, -1.03267, -0.684752, -0.36956, -0.837518, -0.976057, -0.951287, -0.846835, -0.840918, -0.805866, -0.549217, -0.502707
2.48, 0.0319376, 1.44216, 1.47659, 0.483223, 0.486432, -0.180393, -0.250422, 0.152955, -0.88663, -0.752476, -0.419372, -0.269534, -0.0476344, -0.402463, -0.223212, -0.246859, -0.262286, -0.114368, -0.1193, -0.514839, -1.00888, -0.520552, -0.459005, -0.95551, -1.29832, -0.932747, -0.730378, -0.890254, -0.955805, -1.0583, -0.835613
2.5, 0.0319376, 2.16536, 0.772343, 1.11223, 0.509615, 0.477247, 0.735448, 0.465585, -0.27273, -0.704874, -1.10175, -0.469225, -0.183962, 0.0316893, 0.146285, 0.137911, -0.289753, -0.301507, -0.417701, -0.151135, -1.04424, -0.66937, -0.410363, -0.569168, -0.726572, -0.862789, -1.20586, -1.09597, -1.045, -0.744696, -0.67378
2.52, 0.0319376, 1.7494, 1.10328, 1.00274, 1.03389, -0.272338, 0.211384, 0.300924, -0.465331, -0.904337, -0.477054, -0.346811, -0.262149, 0.203303, -0.172726, -0.579478, -0.373293, 0.0606955, -0.311722, -0.493623, -0.84864, -0.74281, -1.00793, -0.776588, -0.949203, -1.26039, -1.18051, -0.698687, -0.795817, -0.747892, -0.662061
2.54, 0.0319376, 1.71435, 1.1283, 0.981996, 0.180068, 0.361734, 0.0900851, -0.136683, -0.293129, -0.470949, -0.365569, -0.64042, -0.196838, 0.433534, 0.455912, 0.140042, -0.766267, -0.276022, -0.559911, -0.968748, -1.17613, -1.19493, -0.66465, -0.447657, -0.79615, -0.563037, -1.25195, -1.03009, -0.871971, -0.914096, -0.6664
2.56, 0.0319376, 1.76233, 1.78551, 0.596958, 0.89794, 0.424767, 0.343595, -0.00329961, -0.379757, -0.0297682, -0.668276, -0.813087, -0.112927, 0.066159, 0.414587, -0.268505, -0.542127, -0.479945, -0.290886, -0.663719, -1.13317, -0.828642, -0.618796, -0.801901, -0.738753, -0.647627, -0.69838, -0.819516, -0.918148, -0.209195, -0.549622
2.58, 0.0319376, 1.69652, 1.22138, 0.91665, 1.38025, -0.00318079, -0.638046, 0.0140017, -0.479961, -0.680276, -0.885535, -0.37511, 0.34495, 0.558138, 0.0662402, -0.448701, -0.535257, -0.200209, -0.375448, -0.651137, -1.05748, -1.07871, -0.710286, -0.753943, -0.835756, -0.948118, -0.939816, -0.803335, -0.732625, -0.678939, -0.579579
2.6, 0.0319376, 2.04704, 1.91417, 1.03418, 0.280559, 0.0773209, 0.297104, 0.768206, 0.391707, -0.372824, -0.802253, -0.391347, -0.0844229, 0.292913, 0.25475, -0.75333, -0.718914, -0.334208, -0.575155, -0.553457, -0.9667, -0.578338, -0.577648, -0.700808, -0.980848, -0.838211, -1.05247, -0.923767, -0.864304, -0.584123, -0.465969
2.62, 0.0319376, 2.59564, 2.02109, 1.02218, 1.528, 0.676169, -0.0563469, 0.0705931, -0.309425, -0.693266, -0.763237, -0.474, 0.124393, 0.351006, -0.211886, 0.270291, -0.167838, -0.211789, -0.136103, -0.30295, -0.851198, -0.919156, -1.11014, -0.746532, -0.990591, -0.812419, -0.943029, -1.1222, -0.523038, -0.690002, -0.621281
2.64, 0.0319374, 1.68592, 1.78411, 0.310197, 0.0713767, 0.13543, 0.780324, 0.183003, -0.147128, -0.640204, -0.947992, -0.697815, -0.591491, 0.247756, -0.0915241, -0.39224, -0.212965, -0.509084, -0.0937363, -0.0209736, -0.757342, -0.820963, -0.640653, -0.962583, -0.774284, -0.842765, -0.842497, -0.820834, -0.868431, -0.834286, -0.811175
2.66, 0.0319374, 1.21443, 0.967207, 0.00899383, 1.20178, 0.994013, 0.505426, 0.451433, 0.173286, -0.343677, -0.464596, -0.522976, -0.148261, 0.228082, -0.123722, -0.437488, -0.305582, -0.156666, -0.915554, -0.200133, -0.747167, -0.63064, -0.891613, -1.09148, -0.950137, -1.23916, -1.22802, -0.7419, -0.670004, -0.65451, -0.657496
2.68, 0.0319374, 1.61374, 1.41027, 1.57217, 0.193754, -0.864298, 0.560162, 0.457093, 0.111376, -0.24464, -0.58313, -0.725149, -0.483467, -0.0773152, 0.246749, -0.508426, -0.582661, -0.302555, 0.0903382, 0.120869, -0.645376, -1.01046, -0.818004, -0.668346, -0.772905, -0.931, -0.975401, -0.916641, -1.10126, -0.715636, -0.775232
2.7, 0.0319374, 1.73309, 1.83303, 1.47453, 1.00694, 0.877447, 0.308097, -0.326009, 0.0801227, 0.0377041, -0.327763, -0.843099, 0.0434592, -0.119802, 0.186059, -0.240758, -0.383878, 0.0508619, -0.618987, -0.863709, -1.17749, -0.670619, -0.645392, -0.842832, -1.11724, -1.05875, -0.943292, -0.829778, -0.581622, -0.65117, -0.66149
2.72, 0.0319374, 2.48116, 1.62081, 1.20139, 0.736953, 0.327962, 0.0336655, -0.060623, -0.107038, -0.0463466, -0.375728, -0.5652, -0.618684, 0.0669411, 0.262302, -0.0169107, -0.381605, -0.0552115, -0.515056, -0.233683, -0.466759, -0.790693, -0.814606, -0.260007, -0.703846, -0.682785, -0.88531, -0.670408, -0.879012, -0.750491, -0.779901
2.74, 0.0319376, 2.2573, 1.95354, 0.902087, 0.639037, 0.323082, 0.536665, 0.310242, -0.61406, -0.769771, -0.723021, -0.72299, -0.487703, 0.381575, 0.037047, -0.834424, -0.786069, -0.361972, -0.419034, -0.385379, -0.967464, -0.914465, -0.531461, -0.52343, -0.695295, -0.690652, -0.824981, -1.0287, -0.785477, -0.774872, -0.717711
2.76, 0.0319376, 0.915103, 1.63584, 1.28803, 1.0159, 0.280706, 0.371993, -0.147478, -0.461953, -0.0692354, -0.509789, -0.5921, -0.57407, -0.106288, 0.323085, -0.155376, -0.604002, -0.0468573, 0.146327, -0.416441, -0.961385, -0.801981, -0.477304, -0.744516, -0.481497, -0.676297, -1.02356, -0.977946, -1.02497, -0.858079, -0.900838
2.78, 0.0319376, 0.469679, 0.52423, 0.439675, 1.43718, 1.25155, 0.214369, 0.139521, -0.239165, -0.735129, -0.616262, -0.457432, 0.0835019, 0.160496, -0.368043, -0.70073, -0.60077, -0.27445, 0.0537199, -0.168143, -0.713581, -0.635696, -0.78968, -0.992891, -0.869355, -1.06521, -0.779153, -0.609716, -0.755532, -0.739522, -0.421269
2.8, 0.0319376, 1.62249, 1.28184, 0.61087, 0.580173, 1.00067, 0.858511, 0.312999, -0.426917, -0.000209473, -0.360493, -0.644891, -0.20415, -0.217685, -0.272931, -0.635076, -0.0501705, -0.161529, -0.339956, -0.277296, -0.624752, -0.702911, -0.891291, -0.902917, -0.840542, -0.82509, -0.855242, -0.936741, -0.867427, -0.5077, -0.609752
2.82, 0.0319376, 2.2187, 1.30227, 1.27855, 1.34701, 0.825736, 0.884168, 0.194103, -0.0447036, -0.338093, -0.527272, -0.60187, 0.0930765, 0.421046, 0.435954, -0.286896, -0.995559, -0.0361126, -0.56237, -0.239575, -0.692963, -0.546721, -0.706293, -0.557049, -0.635921, -1.06808, -0.786529, -0.664182, -0.703141, -0.972267, -0.743622
2.84, 0.0319376, 1.65459, 1.7546, 0.983658, 0.776625, 0.469157, 0.379936, -0.0300203, -0.074294, -0.446757, -0.086404, -0.537816, -0.561643, -0.0876862, 0.436876, -0.643194, -0.349509, -0.288794, -0.369915, -0.364504, -0.884917, -0.896668, -0.729824, -0.965444, -1.01383, -0.792629, -0.690285, -0.79925, -0.566432, -0.688262, -0.491464
2.86, 0.0319376, 1.73053, 1.78838, 1.1211, 0.553649, 0.419791, 0.551136, 0.203049, -0.408662, -1.24661, -1.10398, -0.990734, -0.257649, -0.0322434, -0.0890021, -0.764175, -0.550225, -0.131824, -0.378039, -0.576447, -0.487152, -0.774156, -0.632183, -1.00223, -1.14515, -0.946535, -0.9094, -1.08768, -1.00973, -0.880402, -1.0045
2.88, 0.0319374, 2.02504, 1.97099, 1.51615, 1.13669, 0.692976, 0.636403, 0.582053, -0.0258233, -0.865407, -0.533536, -0.92354, -0.776743, 0.121119, 0.390162, -0.737326, -0.37211, -0.0888042, -0.294094, -0.389072, -0.575097, -0.844377, -0.815748, -0.682195, -0.840438, -0.679627, -0.794477, -0.885345, -0.551418, -0.766699, -0.421461
2.9, 0.0319374, 1.98675, 1.49361, 1.05022, 0.855258, 0.880146, 0.693756, 0.0529572, -0.501324, -0.359603, -0.521461, -0.396287, -0.543213, -0.174126, -0.336615, -0.357813, -0.270782, 0.0746912, -0.662673, -0.527017, -1.09379, -0.913986, -0.601206, -1.07388, -1.39446, -1.12378, -1.10689, -0.652952, -0.7593, -0.821067, -0.670235
2.92, 0.0319374, 2.11535, 2.08213, 1.40121, 1.32728, 0.867323, -0.0698292, -0.353219, -0.174276, -0.261175, -0.767547, -0.368974, -0.469362, 0.0158076, 0.207886, -0.231946, -0.518313, -0.215695, -0.0771365, -0.44682, -1.08481, -1.13399, -0.723019, -0.713561, -0.84409, -0.976696, -0.657839, -0.757977, -1.10393, -0.656999, -0.680204
2.94, 0.0319374, 1.42448, 1.13595, 1.26642, 1.22354, 0.794064, 0.27305, 0.547459, 0.5342, -0.79396, -0.118496, -0.604273, -0.318186, -0.373329, 0.294793, -0.436895, -0.556372, -0.664874, -0.321098, -0.48225, -0.853847, -0.918888, -0.821195, -0.712747, -1.06258, -0.765957, -1.0223, -0.970483, -0.80556, -0.909157, -0.923145
2.96, 0.0319374, 1.71235, 0.146204, 0.831989, 0.655596, 0.592052, -0.201693, -0.136592, 0.0264673, -0.200702, -0.505374, -0.642917, -0.102138, 0.399295, 0.1078, -0.559246, -0.172369, -0.502465, -0.0783922, -0.0966434, -1.12117, -0.679253, -0.879266, -0.736897, -1.04636, -0.86268, -0.678513, -0.603032, -0.622429, -0.673539, -0.659333
2.98, 0.0319376, 2.10444, 2.12683, 1.26188, 0.86416, 0.255976, 0.831198, -0.127138, -0.810292, -0.502078, -0.575536, -0.59552, -0.176378, 0.63598, 0.407663, -0.12056, -0.533009, -0.311145, -0.552142, -0.270591, -0.956498, -1.00945, -0.532278, -0.629122, -1.22888, -1.03401, -1.13073, -0.993318, -0.774256, -0.62608, -0.494496
3, 0.0319376, 1.20616, 1.47739, 1.05506, 0.521753, 0.463853, 0.311092, 0.430364, 0.2033, -0.218646, -0.840766, -0.395261, -0.170974, -0.0302648, -0.438853, -0.0562073, -0.0846638, -0.103093, 0.0376978, -0.480628, -1.12078, -1.00885, -0.563221, -0.635572, -0.901444, -0.879319, -0.843169, -0.697754, -0.625611, -0.900706, -0.574658
3.02, 0.0319376, 1.69363, 1.57467, 1.08443, 0.887478, 0.67647, 0.275274, 0.350381, -0.261282, 0.0666083, -0.569531, -0.459535, -0.16279, 0.0626364, 0.25872, -0.0274457, -0.672633, -0.299138, -0.763175, -0.337931, -0.919602, -0.880431, -0.90978, -1.36888, -1.22709, -1.05797, -0.94068, -0.60354, -0.651496, -0.855747, -0.649893
3.04, 0.0319376, 1.15453, 1.49782, 0.59822, 0.111251, 0.803657, 0.291539, 0.406922, -0.485125, -0.16419, -0.549644, -0.519905, -0.443405, -0.141527, -0.0249493, -0.32081, -0.400158, -0.00291049, -0.49741, -0.43855, -0.815607, -0.595142, -0.210968, -0.940185, -1.17764, -0.959197, -1.04217, -0.952762, -0.81827, -0.740017, -0.907483
3.06, 0.0319376, 1.53322, 1.79913, 0.890295, 0.888503, 0.258212, 0.228682, 0.154109, -0.221451, -0.52794, -0.154598, -0.0878174, -0.115859, -0.0135388, 0.271907, -0.622019, -0.759316, -0.253112, -0.468678, -0.266852, -0.647852, -0.5087, -0.871702, -0.859857, -0.802092, -0.723647, -0.712322, -0.849003, -0.87248, -0.57055, -0.42743
3.08, 0.0319376, 1.69419, 1.06054, 0.953743, 0.748248, -0.119595, -0.324334, -0.452423, -0.438773, -0.0905261, -0.556013, -0.874154, 0.0713908, 0.106625, 0.106838, -0.0348103, -0.231513, -0.126847, -0.464251, -0.99438, -0.752847, -0.750081, -0.828548, -1.03372, -0.80993, -0.855548, -1.00155, -0.959527, -0.955093, -1.07652, -0.743796
3.1, 0.0319376, 1.0102, 0.763182, 1.25305, 0.669866, 0.38718, 0.343331, -0.0094896, 0.0893738, -0.659545, -0.63038, -0.832092, -0.213857, 0.0689471, 0.449404, -0.277672, -0.140201, -0.413365, -0.26994, -0.446679, -0.604292, -0.731466, -0.597628, -1.0244, -0.951709, -0.901104, -0.947714, -0.699664, -0.801273, -0.70649, -0.461217
3.12, 0.0319376, 1.52167, 0.774499, 0.873506, 0.606744, -0.199178, 0.314533, 0.715685, 0.562927, -0.566218, -0.436151, -0.0198636, -0.784326, 0.142914, -0.125389, -0.530858, -0.859772, -0.255582, -0.141587, -0.242285, -0.669967, -0.725467, -0.582266, -0.968969, -0.937778, -0.914908, -0.698082, -0.628396, -0.808992, -0.595687, -0.57381
3.14, 0.0319374, 1.40644, 2.13694, 1.19281, 0.336336, 0.216546, 0.2804, 0.0989627, 0.247458, -0.331333, -0.9727, -0.521261, -0.145876, -0.164189, -0.268153, 0.0575357, -0.358882, -0.111192, -0.614492, -0.529247, -0.614613, -0.850193, -0.799057, -0.715502, -1.005, -1.11048, -1.26216, -1.01059, -0.960211, -0.785751, -0.808184
3.16, 0.0319374, 2.11781, 0.968764, 1.06107, 0.533392, 0.712778, 1.01182, -0.0236707, -0.0720036, -0.60411, -0.420756, -0.068938, 0.345828, 0.307593, 0.144806, -0.70843, -1.05906, -0.470551, -0.608787, -0.571609, -1.0282, -0.799482, -0.511062, -0.88918, -1.01184, -0.981303, -0.865855, -0.846164, -1.02097, -0.529477, -0.764365
3.18, 0.0319374, 2.37761, 1.50695, 1.14241, 0.728196, 0.553053, 0.369143, -0.473722, -0.0299727, 0.170337, -0.326602, 0.120132, -0.550669, -0.0937908, 0.354081, -0.328558, -0.288563, -0.350704, -0.383886, -0.554054, -0.633118, -0.535699, -0.733284, -1.0351, -0.879064, -1.01886, -0.926023, -0.951868, -1.03023, -0.785955, -0.940294
3.2, 0.0319374, 1.70069, 1.61293, 0.689138, 1.25918, 0.915084, 0.867814, -0.193178, 0.0896745, -5.62088e-05, -0.379496, -0.735203, -0.451331, 0.266519, 0.210197, -0.115907, -0.52446, -0.336532, -0.251016, -0.108531, -0.746061, -0.821011, -0.608493, -0.472718, -0.721893, -1.00101, -1.31821, -0.82967, -0.84637, -0.82163, -0.99459
3.22, 0.0319374, 1.69488, 1.18676, 0.568458, 0.197507, 0.129905, 0.365124, 0.808498, -0.0329565, -0.152971, -0.544486, -0.537504, -0.00974801, 0.0799474, -0.375165, -0.945426, -0.692902, -0.418759, -0.184612, -0.17639, -1.14542, -0.64519, -0.806435, -0.617325, -0.532449, -0.949984, -0.87231, -0.895538, -1.02651, -0.819283, -0.594145
3.24, 0.0319376, 1.68257, 1.32002, 0.710199, 1.12308, 0.977872, 0.20793, -0.029739, -0.343454, -0.406479, -0.500935, -0.816475, -0.101022, -0.159453, 0.235126, -0.717159, -0.653343, -0.357009, -0.564443, -0.628556, -0.801251, -1.11319, -0.631784, -0.852866, -1.03085, -1.01815, -0.966114, -0.557815, -0.820928, -0.827535, -0.828616
3.26, 0.0319376, 2.28684, 2.07165, 1.28528, 0.36515, 0.204318, -0.207083, -0.533599, 0.085069, -0.269679, -0.837462, -0.17948, -0.270076, -0.262193, -0.149985, -0.654048, -0.492529, -0.50856, -0.567884, -0.578154, -0.714637, -0.549625, -0.855201, -1.08534, -1.00099, -0.964513, -1.24561, -0.754136, -0.307968, -0.819976, -0.630678
3.28, 0.0319376, 1.92819, 1.60811, 1.13561, 0.0959512, 0.781151, 0.552726, 0.0307336, 0.0666713, -0.527939, -0.822491, -0.714941, -0.675326, 0.0896935, 0.170924, -0.0209333, -0.530069, -0.579678, -0.549865, -0.378277, -0.786396, -0.851865, -0.939921, -0.887599, -1.06918, -0.742208, -1.10277, -0.74327, -0.762376, -0.640699, -0.738639
3.3, 0.0319376, 2.23875, 1.47234, 1.24443, 0.942191, 0.536932, -0.249985, -0.809738, -0.708947, -0.278946, -0.680997, -0.377782, -0.724244, 0.176846, 0.484366, -0.520709, -0.545243, -0.243489, -0.393006, -0.62068, -0.916949, -0.852967, -0.719526, -0.952103, -1.01732, -0.835378, -0.787477, -0.667399, -0.598983, -0.703228, -0.707826
3.32, 0.0319376, 1.31117, 1.76814, 1.27043, 1.29501, 0.660478, 0.533858, 0.214231, -0.369776, -0.783588, -0.961136, -0.718089, -0.524533, -0.356969, -0.0902136, -0.0842586, -0.594763, -0.696215, -0.628349, -0.27152, -0.623013, -1.0145, -0.917534, -0.927855, -0.794626, -0.932041, -0.938492, -1.01412, -0.686078, -0.77974, -0.832634
3.34, 0.0319376, 0.995512, 1.68058, 1.1096, 0.605252, 0.390815, 0.602205, 0.586537, -0.0540539, -0.34456, -0.571938, -0.429195, -0.140199, 0.0637634, 0.143504, -0.0221423, -0.374367, -0.581534, -0.12845, 0.00998408, -0.775406, -0.827118, -0.437141, -0.670439, -0.768567, -0.799874, -0.792063, -0.749673, -0.755276, -0.893629, -0.960118
3.36, 0.0319376, 0.694108, 0.899733, 1.12756, 1.00728, 0.600864, 0.223603, 0.051025, 0.135986, -0.401262, -0.708942, -0.723563, -0.74265, -0.00958215, 0.363952, -0.0900869, -0.380845, -0.362173, -0.426744, -0.504581, -0.433614, -0.460947, -0.372527, -0.801466, -1.03695, -1.01251, -0.74061, -0.74118, -0.783204, -0.710706, -0.580333
3.38, 0.0319374, 1.63841, 0.874665, 1.44694, 0.77352, 0.0451466, -0.0322929, 0.145865, -0.237687, -0.11916, -0.715398, -0.303525, -0.0438028, -0.15702, 0.680414, -0.114014, -0.281357, -0.311195, -0.387562, -0.268611, -0.851215, -0.757884, -0.685313, -1.12451, -0.731337, -1.05906, -0.969534, -0.729575, -0.697523, -0.663629, -0.659797
3.4, 0.0319374, 1.25315, 1.65824, 1.19498, 0.85618, 0.173449, -0.088711, -0.424366, -0.552528, -0.528492, -1.00892, -0.863421, 0.0244644, -0.420804, 0.0389826, -0.274194, -0.050487, -0.43861, -0.643998, -1.14213, -1.03833, -1.08958, -0.994629, -0.985175, -1.0408, -0.828463, -0.766944, -1.1589, -0.633334, -0.804534, -0.636918
3.42, 0.0319374, 1.84523, 1.5047, 1.3494, 1.21796, 0.519656, 0.0624887, 0.116998, -0.105628, -0.358402, -1.45812, -1.0395, -0.364028, 0.268733, -0.0827993, -0.193079, -0.148123, -0.306588, -0.308718, -0.508182, -0.691948, -0.661614, -0.6318, -0.862607, -0.880867, -1.04571, -0.95164, -0.850285, -0.807562, -0.732839, -0.887392
3.44, 0.0319374, 1.04679, 1.53532, 0.816208, 0.430435, 0.221766, 0.0283256, 0.173363, -0.332438, -0.302131, -0.583459, -0.888714, 0.00144627, 0.204498, 0.17302, -0.431527, -0.303954, -0.339651, -0.587359, -0.478675, -0.547024, -0.762505, -0.59906, -0.62773, -0.654899, -0.96571, -0.677861, -0.74526, -0.632569, -0.6606, -0.800671
3.46, 0.0319374, 1.66747, 1.13059, 1.03549, -0.0875289, 0.43483, 0.05157, -0.382988, -0.993063, -0.783877, -1.04337, -0.966732, -0.0913769, -0.0781451, 0.134923, -0.421394, -0.389883, 0.0781089, -0.252617, -0.697464, -0.933415, -0.87371, -0.759001, -0.59787, -1.05601, -0.791482, -0.837904, -0.897039, -1.00322, -0.730563, -0.768577
3.48, 0.0319376, 2.34134, 1.9549, 0.869095, 1.0553, 0.674549, 0.609893, 0.249102, 0.177016, -0.287003, -0.482356, -0.65995, -0.0551293, 0.0414673, -0.0180528, -0.311658, -0.100973, -0.181944, -0.260106, -0.513468, -0.833521, -0.602423, -0.887045, -0.894829, -0.837417, -0.945082, -0.854514, -0.703709, -0.603673, -0.736401, -0.751396
3.5, 0.0319376, 2.46304, 1.37599, 0.371336, 0.187508, -0.0350547, 0.671937, 0.107369, -0.425923, -0.473453, -0.972807, -0.736815, -0.506774, -0.132416, 0.212534, -0.103778, -0.311843, -0.216128, -0.177973, -0.233175, -1.11009, -1.04903, -0.968363, -0.842922, -0.777075, -0.94881, -0.966845, -0.819898, -1.01969, -0.938516, -0.586589
3.52, 0.0319376, 2.36257, 1.53359, 0.807597, 1.02337, 0.768242, 0.191454, 0.438579, -0.371482, -0.248647, -0.629744, -1.4876, -0.616506, 0.353082, 0.596183, -0.498696, -0.504086, -0.114501, -0.524937, -0.460939, -0.881625, -1.0279, -0.913983, -0.823853, -0.973629, -1.04054, -0.995897, -0.936227, -1.04752, -0.533001, -0.298463
3.54, 0.0319376, 2.6107, 1.77601, 1.44259, 1.00063, 0.944211, -0.293148, -0.0201009, -0.314563, 0.161827, -0.272755, -0.213922, -0.852128, -0.0566615, 0.0884659, -0.00902409, -0.147285, -0.622486, -0.285975, -0.233231, -0.674083, -0.451448, -0.807228, -0.886872, -0.769584, -0.717281, -1.04609, -0.802351, -0.86532, -0.513977, -0.669387
3.56, 0.0319376, 1.61962, 1.1402, 1.41521, 1.27154, 0.979733, 0.345161, 0.0501777, -0.0262389, -0.126753, -0.879903, -0.233521, -0.277454, -0.407922, 0.393162, -0.0900481, -0.637421, -0.457621, -0.335709, -0.539448, -0.875638, -0.595633, -0.459611, -0.725752, -1.08728, -0.812455, -0.977458, -1.16621, -0.486299, -0.591301, -0.764048
3.58, 0.0319376, 1.59084, 1.34709, 1.16972, 0.842358, 0.294213, 0.218281, -0.397048, -0.0559728, -0.0506344, -1.13442, -1.20552, -0.289956, 0.192627, -0.0343233, -0.489396, -0.827941, -0.303995, -0.333605, -0.785546, -0.758797, -0.94761, -0.694024, -0.747431, -0.691861, -1.29693, -0.940672, -0.798793, -0.846083, -0.739767, -0.356315
3.6, 0.0319376, 2.47525, 1.80671, 0.694056, -0.136507, -0.261332, 0.333146, -0.522044, 0.102463, -0.344673, -0.570746, -0.209181, -0.290209, -0.316004, -0.1424, -0.623607, -0.827726, -0.449646, -0.188506, -0.633034, -0.480553, -0.345318, -0.743319, -1.29448, -1.07363, -1.0988, -0.796477, -0.741202, -0.64288, -0.811151, -0.715486
3.62, 0.0319376, 1.15919, 1.70099, 0.890315, 0.389023, 0.788955, 0.663534, 0.420498, -0.617674, -0.782235, -0.994516, -0.455685, -0.447372, -0.106454, 0.180195, -0.364486, -0.16109, -0.142139, -0.56857, -0.59917, -1.16096, -1.10905, -1.0503, -0.969854, -0.583548, -0.747861, -0.927882, -1.03251, -1.02736, -0.758523, -0.692817
3.64, 0.0319374, 2.13312, 1.22249, 1.15352, 0.705141, 0.137116, 0.130689, 0.256453, 0.261077, 0.0248771, -1.31235, -0.970168, -0.461162, 0.0931878, -0.333858, -0.344544, -0.382007, 0.148283, -0.315444, -0.298829, -1.01587, -0.994923, -0.721957, -0.690003, -0.968728, -0.905401, -0.817679, -0.82193, -0.610783, -0.714228, -0.620593
3.66, 0.0319374, 1.32672, 1.42046, 1.42504, 0.966894, 0.65959, -0.152738, -0.561548, -0.463363, -0.592508, -0.68399, -0.742807, -0.76884, -0.326206, 0.672028, 0.297702, -0.288792, 0.0752127, -0.534061, -0.631173, -0.69414, -0.686728, -0.972891, -1.19658, -1.16377, -0.926917, -0.958878, -0.649364, -0.696068, -0.871148, -0.716626
3.68, 0.0319374, 1.22046, 1.23933, 1.15222, 1.18618, 0.373482, 0.564408, 0.0659148, -0.79876, -0.161578, -0.103738, -0.168282, 0.127684, 0.24692, -0.435698, -0.82395, -0.683913, -0.223683, -0.228117, -0.63851, -1.04024, -0.891528, -0.352669, -0.661331, -0.826849, -0.711141, -0.782697, -0.711412, -1.00375, -0.836009, -0.701859
3.7, 0.0319374, 1.80731, 0.945401, 1.42661, 0.479509, -0.184377, 0.288161, 0.646329, -0.437019, -0.598092, -0.877956, -0.607943, -0.267241, 0.343694, 0.25188, 0.00106254, -0.375558, -0.0466826, -0.462089, -0.610112, -1.25094, -0.983404, -0.941353, -0.774432, -0.985486, -0.850303, -0.98802, -1.10505, -0.618591, -0.810822, -0.696585
3.72, 0.0319374, 1.97674, 1.69631, 1.16796, 1.16963, 0.575442, 0.597376, 0.261391, -0.288315, -0.487722, -0.681409, -0.288327, -0.347812, -0.191694, 0.0324877, -0.172009, -0.362602, -0.585058, -0.840618, -0.405331, -0.376892, -0.475114, -0.586143, -0.7989, -0.801423, -0.811299, -0.847833, -0.695289, -0.620336, -0.80352, -0.797358
3.74, 0.0319376, 1.05332, 1.89675, 1.40754, 0.724257, 0.810325, 0.774175, -0.0154306, -0.686086, -0.058822, -0.658397, -0.709775, -0.67975, 0.0605443, 0.0333724, 0.0265556, -0.202934, 0.100849, -0.0744092, -0.381474, -0.847055, -0.619021, -0.662385, -0.876632, -0.925455, -0.833135, -0.937403, -0.784884, -0.551181, -0.891033, -0.640235
3.76, 0.0319376, 0.804613, 1.40976, 1.21816, 0.70222, 0.101974, 0.0688489, 0.22621, 0.302749, -0.217803, -0.938587, -0.480195, -0.724479, 0.0289614, -0.0720022, -0.10082, -0.356537, 0.233958, -0.163077, -0.382667, -0.920028, -0.864539, -0.705715, -0.726322, -0.728532, -0.947597, -0.74014, -0.946205, -0.837205, -0.985805, -0.797348
3.78, 0.0319376, 1.74706, 1.82737, 1.23166, 0.688587, 0.725543, 0.147709, -0.234391, -0.212898, -0.288054, -0.863286, -1.02175, -0.602632, 0.227999, 0.195744, -0.33325, -0.886077, -0.868248, -0.418249, -0.636435, -0.739139, -0.621199, -0.507463, -0.560665, -0.792105, -0.679845, -0.823538, -0.809954, -0.748908, -0.555004, -0.388357
3.8, 0.0319376, 1.57703, 1.16184, 0.626042, 0.841617, 0.416387, 0.536725, 0.164296, -0.571254, -0.524175, -1.09197, -0.862562, -0.237065, 0.214729, 0.321744, 0.0616639, -0.355977, 0.0422463, -0.74591, -0.606039, -0.658921, -0.566465, -0.643481, -0.980076, -0.746449, -0.747631, -1.1629, -1.08127, -1.05817, -0.741184, -0.669505
3.82, 0.0319376, 2.57352, 2.0805, 1.32704, 0.394869, 0.883407, 0.960099, 0.620713, -0.321368, -0.0618287, -0.443828, -0.399811, -0.520708, -0.546487, 0.00657111, -0.177973, -0.038609, -0.528279, -0.332211, -0.650836, -0.84743, -0.82437, -0.668856, -0.845407, -1.06708, -0.99612, -1.12545, -0.828112, -0.895092, -0.696161, -0.847118
3.84, 0.0319376, 1.72872, 0.631748, 0.611745, 0.817557, 0.54858, -0.408846, 0.0249726, -0.13822, -0.442595, -0.760574, -0.625337, -0.504647, -0.132733, 0.143492, -0.26431, -0.699312, -0.576944, -0.185325, -0.703561, -0.759209, -0.473773, -0.504156, -0.746903, -1.30486, -0.888689, -0.811741, -0.686101, -0.878265, -0.766337, -0.68236
3.86, 0.0319376, 1.66071, 0.589183, 1.0554, 0.667303, 0.409391, 0.389145, 0.240407, 0.12674, -0.356179, -0.134914, -0.263744, 0.00837895, 0.595455, 0.408994, -0.0229759, -0.436396, 0.196002, -0.291736, -0.32806, -0.92084, -0.518731, -0.704073, -0.756225, -1.21468, -0.781435, -0.61387, -0.810348, -0.708617, -0.409072, -0.738018
3.88, 0.0319374, 1.72467, 1.91941, 1.11899, 0.168573, -0.219456, 0.415631, 0.385951, -0.0436476, -0.070439, -0.787235, -0.973369, -0.307928, 0.351774, 0.676801, 0.099207, -0.47277, -0.270109, -0.606568, -0.384332, -0.585278, -0.98254, -0.914708, -0.800756, -0.83451, -1.02692, -0.979765, -0.610105, -0.82465, -0.605987, -0.723604
3.9, 0.0319374, 2.14072, 1.22408, 1.15549, -0.18488, 0.356175, 0.14446, -0.00490981, -0.449273, -0.840711, -1.02249, -0.15464, -0.015412, 0.344931, 0.605614, -0.104185, 0.145858, -0.109196, -0.421214, -0.6942, -1.60515, -1.13997, -0.483642, -1.07155, -0.795552, -1.07707, -1.05841, -0.868111, -0.878634, -0.618623, -0.599288
3.92, 0.0319374, 1.26204, 0.322433, 1.09965, 0.840887, 0.511078, -0.348311, 0.217475, -0.523255, -0.438543, -0.388244, -1.17036, -0.517144, 0.388979, 0.123101, -0.214668, -0.526423, -0.3419, -0.314108, -0.508832, -0.790839, -0.908998, -1.01372, -1.01295, -0.866351, -0.810114, -0.753724, -0.923853, -0.897973, -0.547382, -0.693637
3.94, 0.0319374, 1.87272, 1.77224, 0.751053, 0.946604, 0.120742, 0.137598, 0.137761, -0.262092, -0.327946, -1.20167, -0.425978, -0.197103, 0.253287, 0.510572, -0.436471, -0.34262, -0.153214, -0.804712, -1.27503, -1.00397, -0.672475, -0.806335, -0.891395, -1.02558, -1.11422, -0.951408, -0.673338, -0.679482, -0.554574, -0.608183
3.96, 0.0319374, 1.54738, 1.63312, 1.28751, 0.629459, 0.188303, 0.45219, -0.123234, -0.792667, -0.553304, -0.495799, -0.85764, -0.618235, 0.110927, 0.171762, -0.0850233, -0.499843, -0.399329, -0.481225, -1.03835, -0.594364, -0.645632, -0.771623, -1.14347, -1.13759, -0.965695, -1.24093, -1.02849, -0.991537, -0.663957, -0.6111
3.98, 0.0319376, 2.13633, 1.15984, 0.83251, 0.915978, 0.644161, 0.515646, 0.451648, -0.572959, -0.440565, -0.880044, -0.411977, -0.0248662, 0.33199, -0.133492, -0.54201, -0.150155, 0.0893635, -0.464658, -0.601467, -0.648655, -0.643597, -0.946447, -0.77615, -0.813813, -0.675164, -0.686577, -1.02682, -0.511381, -0.544961, -0.498912
4, 0.0319376, 2.02005, 1.27356, 1.00393, 1.05674, 0.507488, 0.0898583, 0.2475, -0.644655, -0.530469, -0.497334, -0.454086, -0.283353, 0.251638, 0.188089, -0.279345, -0.546031, -0.028655, -0.266203, -0.0993986, -0.851894, -1.15616, -0.840268, -0.668722, -1.2467, -0.644878, -0.789345, -0.908492, -0.728132, -0.598203, -0.550137
4.02, 0.0319376, 1.46085, 1.64111, 1.37319, 1.00517, 0.583233, 0.258498, -0.984377, -0.300907, -0.67354, -0.550098, -0.839641, -0.278363, 0.2945, 0.442344, -0.280708, -0.37008, -0.470443, -0.574341, -0.658649, -0.681439, -0.671402, -0.309422, -0.361833, -1.03519, -0.850641, -0.950075, -0.959722, -0.587577, -0.668397, -0.612781
4.04, 0.0319376, 1.73697, 1.72126, 1.46181, 0.791594, 0.476715, 0.736988, -0.158862, -0.447748, -0.0706876, -0.711406, -0.309031, -0.207362, 0.0861537, -0.166136, -0.425078, -0.237179, -0.176061, -0.642069, -0.39425, -0.719051, -0.967096, -0.694513, -0.746447, -0.908877, -0.969852, -0.619414, -1.01141, -0.842667, -0.513599, -0.89899
4.06, 0.0319376, 2.42721, 1.79296, 0.751466, 0.488923, 0.228156, 0.132265, 0.42821, 0.0597752, -0.315814, -1.10233, -0.471647, -0.344875, 0.215362, 0.464053, 0.0523234, -0.32167, -0.260707, -0.525074, -0.565097, -1.13477, -1.12393, -0.715518, -0.971754, -1.00334, -0.712512, -1.00902, -0.750273, -0.608773, -0.840581, -0.667377
4.08, 0.0319376, 2.19947, 1.29732, 0.583903, -0.013712, 0.429803, 0.427277, 0.325145, 0.0969785, -0.542522, -0.422375, -0.626491, -0.0346644, 0.211397, -0.119503, -0.211064, -0.334648, -0.18087, -0.121593, -0.850001, -0.600803, -0.896785, -0.761355, -0.932727, -1.08344, -1.0474, -1.11557, -0.686428, -0.686654, -0.674641, -0.553309
4.1, 0.0319376, 2.36581, 1.70634, 0.946294, 0.787106, 0.728801, 0.533951, 0.40982, -0.45844, -0.57274, -0.182762, -1.05237, -0.0783893, 0.220444, -0.277309, -0.0799299, -0.304619, -0.431196, -0.503064, -0.581295, -0.854118, -0.618157, -0.871453, -0.918729, -0.896116, -0.74614, -0.627926, -1.04345, -0.961718, -0.757526, -0.720907
4.12, 0.0319376, 2.19992, 1.87732, 0.791923, 0.193798, 0.349707, 0.158649, -0.943719, -0.368111, -0.408139, -0.460908, -0.733154, -0.609725, 0.656957, 0.6757, -0.341447, -0.335694, -0.375297, -0.449524, -0.455939, -0.78848, -0.85112, -0.889963, -0.921763, -1.00747, -0.768448, -0.673407, -0.895736, -0.886463, -0.834955, -0.501154
4.14, 0.0319376, 2.26522, 1.66041, 0.504228, 0.102506, -0.00873585, 0.00671855, -0.0769886, 0.263906, -0.272829, -0.515334, -1.00565, -0.55804, -0.164284, 0.147697, -0.21154, -0.161477, 0.0206112, -0.0636444, -0.503041, -0.810061, -0.654952, -0.542407, -0.590995, -0.826986, -0.697277, -0.74191, -0.897659, -0.870237, -0.709354, -0.816881
4.16, 0.0319376, 2.06099, 1.81185, 1.43455, 1.25723, 0.722515, 0.0747948, 0.570622, 0.220151, -0.241411, -0.724536, -0.499494, 0.0742071, 0.292159, 0.0411878, -0.191032, -0.35429, -0.557624, -0.270319, -0.552656, -0.756059, -0.779662, -0.225879, -0.708065, -1.15165, -1.05998, -0.848388, -0.793171, -0.70158, -1.03071, -0.614489
4.18, 0.0319376, 1.20257, 1.25769, 1.43931, 1.0741, 0.349573, 1.02319, 0.206775, 0.0629313, -0.707081, -0.92007, -0.4835, -0.295739, 0.384579, -0.359218, -0.67594, -0.0384083, -0.0345536, -0.249763, -0.643336, -0.783823, -0.929373, -0.731738, -0.699727, -1.11657, -0.764866, -1.07434, -0.702076, -0.607353, -0.762929, -0.528189
4.2, 0.0319376, 2.20159, 0.758484, 1.08027, 0.671935, 0.161313, -0.238454, 0.495591, -0.14028, -1.2296, -1.07107, -0.626851, -0.213213, 0.278021, 0.394379, -0.304472, -0.331941, 0.196481, -0.203356, -0.333014, -0.608096, -0.309419, -0.82661, -0.791806, -0.91048, -0.795515, -0.901011, -1.15096, -0.422898, -0.600808, -0.253426
4.22, 0.0319376, 3.03382, 2.23551, 1.30535, 0.998807, 0.565282, 0.60487, -0.0323979, 0.0775825, -0.781655, -0.568149, -0.823422, -0.0863979, 0.181756, 0.291202, -0.273836, -0.257589, -0.305321, -0.552748, -0.425329, -0.461077, -0.855267, -0.953663, -0.980635, -1.14449, -0.991784, -0.952936, -0.805304, -0.732073, -1.32933, -0.625885
4.24, 0.0319376, 1.20796, 1.5388, 1.12369, 0.960283, 0.410425, 0.19498, 0.228567, -0.595143, -0.358389, -0.729196, -0.499566, -0.140633, 0.638838, 0.763514, 0.170677, 0.124527, 0.033472, -0.276194, -0.617174, -0.769047, -1.02029, -0.499263, -0.687554, -1.1171, -0.721757, -0.464602, -0.556899, -0.893352, -1.18136, -0.716775
4.26, 0.0319371, 2.08299, 2.07047, 1.49662, 0.657162, -0.732226, -0.528601, -0.397104, -0.165103, -0.370261, -0.942772, -0.911657, 0.00317902, 0.336343, 0.308793, -0.211109, -0.415906, -0.0272153, -0.593539, -0.770616, -0.913632, -1.00037, -0.88183, -0.583589, -0.694964, -0.770455, -1.00393, -0.973912, -1.0435, -0.684045, -0.51169
4.28, 0.0319371, 0.590647, 1.61147, 1.10217, 1.34021, 0.53327, -0.162437, 0.116497, -0.0660053, -0.482671, -0.0940899, 0.373168, 0.0919316, 0.00737433, -0.00623851, -0.0150163, -0.43826, 0.0465327, -0.505138, -0.00180216, -0.949386, -1.32008, -0.705802, -0.740239, -0.64208, -0.810639, -1.05328, -1.06177, -0.762425, -0.56065, -0.574371
4.3, 0.0319371, 1.63594, 1.21754, 1.1988, 1.03392, 0.790388, 1.0875, 0.529977, -0.322474, -0.482529, -0.138119, -0.849722, -0.153108, -0.00170567, -0.10963, -0.298558, -0.750816, -0.523292, -0.444005, -0.440397, -0.810213, -0.488223, -0.689998, -0.775109, -0.994401, -0.547961, -0.814467, -0.881362, -0.66087, -0.449461, -0.554028
4.32, 0.0319371, 1.40998, 1.76413, 0.820161, 1.33945, 0.655682, 0.837322, -0.0503355, -0.0946826, -0.285971, -0.370736, -0.423058, 0.0302877, 0.430651, 0.260058, -0.545675, -1.07189, 0.0684946, -0.197137, -0.542107, -1.00233, -1.07272, -0.722491, -0.938455, -1.06693, -0.905683, -0.93931, -1.02101, -0.798137, -0.872525, -0.786467
4.34, 0.0319371, 1.58204, 1.15126, 1.47688, 0.97838, 0.748704, 0.273128, 0.375782, -0.194841, -0.116249, -0.624766, -0.256931, -0.780611, 0.179182, 0.321972, -0.269592, -0.466517, -0.128381, -0.547679, -0.689088, -0.79765, -1.12401, -0.539185, -0.733082, -0.997287, -0.936502, -0.992374, -0.69421, -0.582195, -0.631284, -0.607451
4.36, 0.0319376, 0.742028, 2.08976, 1.97307, 1.32852, 0.340231, 0.0145746, -0.873358, -1.17644, -0.638697, -0.510821, -0.682486, -0.44323, 0.763217, 0.33296, -0.452413, -0.0974766, -0.180591, -0.105425, -0.0498145, -0.574207, -0.853491, -0.776325, -0.804383, -0.991987, -1.12197, -1.01053, -0.561657, -0.953967, -1.09553, -0.8673
4.38, 0.0319376, 0.569643, 1.26132, 0.810503, 0.765566, 0.321863, 0.135305, 0.393172, -0.052415, -0.230211, -1.30285, -0.562949, -0.411253, 0.580875, 0.493654, -0.100498, -0.236215, -0.415702, -0.60109, -0.726957, -0.857219, -0.857894, -1.09878, -0.761583, -0.731044, -0.447874, -0.860764, -0.776418, -0.7482, -0.634674, -0.629585
4.4, 0.0319376, 1.8946, 1.39716, 0.9731, 0.833965, 0.963643, 0.484681, -0.62897, -1.30376, -0.344625, -0.779438, -0.943301, 0.090496, 0.474061, 0.533031, 0.0922829, -0.549693, -0.548076, -0.307916, -0.451403, -0.791683, -0.516411, -0.582192, -1.23759, -0.928906, -0.842537, -1.09331, -0.886757, -0.611703, -0.695401, -0.802238
4.42, 0.0319376, 1.82643, 1.25694, 1.24184, 0.421832, -0.11272, 0.290444, 0.242349, -0.0237336, -0.310537, -0.685753, -0.0767781, -0.459252, 0.093439, 0.497791, -0.2107, -0.916196, -0.16279, -0.564952, -0.635957, -0.84571, -0.670785, -0.504409, -0.74514, -0.685337, -0.910902, -1.05399, -1.18756, -0.995404, -0.859576, -0.662932
4.44, 0.0319376, 1.27516, 1.11867, 1.4306, 0.6213, 0.190396, 0.612541, 0.0611218, -0.181508, -0.671474, -0.71887, -0.58205, -0.173441, 0.00589833, -0.454922, -0.187305, -0.0063196, -0.265385, -0.539034, -0.381989, -0.624957, -0.57405, -0.535375, -0.583673, -0.992011, -0.924761, -0.77639, -0.675135, -0.725353, -0.822869, -0.917194
4.46, 0.0319376, 1.10395, 1.80264, 1.03744, 0.78683, 0.513379, 0.556365, -0.0644137, 0.116937, 0.159482, -0.71493, -0.2644, 0.409216, 0.168072, 0.191471, -0.0856682, -0.401746, 0.120979, -0.361165, -1.15711, -1.23047, -1.11725, -0.488194, -1.07547, -0.998749, -0.932238, -0.840646, -0.596466, -0.839256, -0.815573, -0.837611
4.48, 0.0319376, 1.99592, 0.795991, 0.560137, 1.1379, 0.749168, 0.90488, 0.503889, -0.130778, -0.200079, -0.542472, -0.867541, -0.478413, -0.0548674, 0.291466, 0.166843, -0.20417, -0.16193, -0.386647, -0.537556, -0.932881, -0.673768, -1.02033, -0.797867, -1.09028, -0.442951, -0.852312, -0.879974, -0.732718, -0.977075, -0.762181
4.5, 0.0319376, 2.88412, 1.74263, 0.774714, 0.760199, 0.683231, 0.379666, 0.54963, 0.040493, -0.161066, -0.813073, -0.658312, -0.107292, 0.186435, 0.536258, -0.111259, -0.441825, -0.505596, -0.288732, -0.373713, -0.753257, -0.94263, -0.916204, -1.09395, -1.35984, -0.967887, -0.868806, -0.676936, -0.769194, -1.12788, -0.636839
4.52, 0.0319376, 1.55446, 1.38204, 1.04135, 1.16221, 0.768314, -0.487139, -0.640775, -0.37632, -0.454935, 0.101738, 0.123274, -0.0251727, -0.0473256, 0.194446, -0.0648682, 0.0506576, -0.5096, -0.350206, -0.0968835, -0.949506, -0.964958, -0.800111, -0.577598, -1.01319, -0.843463, -1.22375, -1.03022, -0.742805, -1.0534, -0.688766
4.54, 0.0319376, 2.219, 2.25833, 1.57311, 0.728278, 0.389873, 0.370529, 0.173319, -0.0642253, -0.436305, -0.807529, -0.541961, -0.28102, -0.16118, 0.212325, -0.0247542, -0.767154, -0.338909, -0.307007, -0.3905, -0.780556, -0.820025, -0.679366, -0.820511, -0.883993, -0.603828, -1.10964, -0.67937, -0.801254, -0.571208, -0.717471
4.56, 0.0319376, 1.98589, 1.72975, 1.38437, 1.20662, 0.820035, -0.121174, 0.0724304, -0.284254, -0.579067, -0.587651, -0.463777, 0.115638, 0.706967, 0.456548, 0.0122577, -0.501166, -0.682868, -0.909009, -0.572319, -0.730412, -0.908403, -0.485349, -0.842363, -0.85656, -0.871554, -0.887188, -0.801725, -0.775412, -1.06108, -0.859892
4.58, 0.0319376, 1.68373, 1.52106, 1.32415, 0.591788, 0.239727, -0.104979, 0.602472, 0.18375, -0.217055, -0.293202, -0.599852, -0.187879, -0.118386, -0.144797, -0.27031, -0.799736, -0.373514, -0.243506, -0.219585, -0.615367, -0.790902, -0.674257, -0.817487, -1.10509, -1.14323, -0.778814, -0.634835, -0.652431, -0.308642, -0.755301
4.6, 0.0319376, 0.424635, 1.46792, 1.4171, 0.670741, 0.766778, 0.17121, 0.00252108, -0.670851, -0.360368, -0.29898, -0.720196, -0.590139, -0.0231564, 0.270419, -0.339428, -0.338825, -0.351383, -0.753023, -0.774562, -0.864443, -0.741201, -0.766694, -1.12376, -1.24206, -1.19707, -1.31637, -0.963271, -0.790485, -1.02852, -0.41174
4.62, 0.0319376, 1.38363, 2.21578, 1.42325, 0.891462, 0.965084, 0.41216, 0.311561, 0.228674, -0.601684, -0.653546, -0.283138, -0.499651, -0.870366, 0.227791, -0.101525, -0.070825, -0.124399, -0.363238, -0.58984, -0.841877, -1.01128, -0.998326, -0.880226, -1.06961, -0.822867, -0.819051, -0.912817, -0.592964, -0.636922, -0.801809
4.64, 0.0319376, 2.14788, 1.04456, 0.830848, 0.969129, 0.715071, 0.279059, 0.698694, -0.0643155, -0.292376, -0.504558, -0.382721, -0.677836, -0.174203, 0.128998, -0.238142, -0.289531, -0.175962, -0.449362, -0.90074, -1.07545, -0.506968, -0.620429, -0.997061, -1.03276, -0.819056, -0.570365, -0.62946, -0.587337, -0.652946, -0.777794
4.66, 0.0319376, 1.92903, 1.80805, 1.60997, 1.0184, 0.516884, -0.0532804, -0.361583, -0.691343, -0.955218, -0.573292, -0.286209, -0.404773, 0.107905, 0.319758, -0.381802, -0.40999, -0.219367, -0.702421, -0.578445, -0.539365, -0.787658, -0.826975, -0.927209, -0.817308, -1.03953, -0.805902, -0.781517, -0.478712, -0.636155, -0.526762
4.68, 0.0319376, 2.0379, 1.90416, 1.21561, 1.43039, 0.751573, -0.0320787, -0.273815, -0.47083, -0.206065, -0.361709, -0.204345, -0.196026, 0.482294, 0.553907, 0.244538, -0.519938, -0.478834, -0.404466, -0.607186, -0.686942, -0.98925, -0.773859, -0.948275, -0.807144, -0.771124, -0.573386, -0.70751, -0.738279, -0.708002, -0.443413
4.7, 0.0319376, 1.90376, 2.01466, 1.48913, 0.839433, 0.781919, 0.58889, -0.503158, -0.0417408, -0.350788, -0.735964, -0.536217, -0.352352, -0.0107678, -0.204978, -0.220196, -0.0910946, 0.172213, -0.0642656, -0.253369, -0.917199, -0.796166, -0.650531, -0.794632, -1.00891, -0.884196, -0.97732, -1.03718, -0.503208, -0.599207, -0.595011
4.72, 0.0319376, 1.8742, 1.08321, 1.2074, 0.817983, 0.656819, 0.354686, 0.0153455, -0.0323752, 0.00917079, -0.781631, -1.1247, -0.614923, -0.053141, 0.685948, -0.0659724, -0.546143, -0.073919, -0.332524, -0.36542, -1.04664, -0.908084, -0.532817, -0.971665, -0.6056, -0.424277, -0.963755, -0.763109, -0.959126, -0.771911, -0.807883
4.74, 0.0319376, 2.18869, 2.09407, 0.741993, 0.975943, 0.623481, 0.373267, 0.268442, -0.342845, -0.187994, -1.13516, -0.34544, -0.339322, -0.262772, 0.118165, -0.351011, -0.479696, -0.200758, -0.261297, -0.165341, -0.330633, -0.662447, -0.40362, -0.712681, -0.85062, -0.85544, -0.631868, -1.16013, -1.16435, -0.691797, -0.737109
4.76, 0.0319371, 2.14653, 2.32064, 1.19437, 1.27869, 0.509247, 0.32246, 0.833997, 0.00394816, -0.631302, -0.618106, -0.758138, -0.178123, 0.236338, 0.233376, -0.824923, -0.519804, -0.197761, -0.385807, -0.370394, -0.687613, -0.80069, -0.379736, -0.895776, -0.828859, -0.921348, -1.00132, -0.641162, -0.76222, -0.45905, -0.649345
4.78, 0.0319371, 1.92714, 1.8046, 1.05141, 1.00156, 0.681909, 0.373718, 0.55119, -0.144019, -0.842384, -0.920959, -0.685514, -0.236749, 0.432664, 0.0425799, -0.0692655, -0.138017, -0.149172, -0.402871, -0.311375, -0.957512, -0.645718, -0.943632, -0.807934, -0.651967, -0.648622, -1.02485, -1.00509, -0.792289, -0.567061, -0.350193
4.8, 0.0319371, 2.17882, 1.97601, 1.14217, 0.110465, 0.507644, 0.118213, -1.11449, -0.299286, 0.34185, -0.419509, -0.267271, -0.133192, -0.0999068, 0.151584, -0.434163, -0.0636215, -0.235035, -0.192816, -0.187019, -0.681567, -0.972059, -0.665731, -0.628415, -0.614146, -0.760909, -0.991758, -0.731225, -0.942814, -0.937376, -0.498453
4.82, 0.0319371, 1.41454, 1.83271, 1.40835, 0.707414, 0.321157, 0.252523, 0.0558452, -0.278166, 0.217473, -0.240231, -0.166138, 0.156586, 0.0106841, -0.0143462, -0.260632, 0.0461972, -0.386846, -0.70254, -0.660766, -0.858988, -0.606846, -0.39768, -0.866926, -0.913606, -0.772048, -0.848692, -0.8257, -0.798022, -0.701827, -0.929134
4.84, 0.0319371, 1.94761, 1.5879, 1.60775, 0.729896, -0.775929, 0.031635, 0.238835, -0.28417, -0.204543, -0.588645, -1.00662, -0.188856, -0.0526176, 0.0915459, -0.648164, -0.468666, -0.117122, -0.415543, -0.587262, -0.67817, -0.590854, -0.594099, -0.940283, -0.548169, -0.653518, -0.949408, -0.99462, -0.820494, -0.713143, -0.598529
4.86, 0.0319376, 2.18933, 1.73308, 0.80425, 0.216812, 0.595394, 0.507244, -0.116148, 0.0475079, -0.120457, -0.769326, -0.639144, -0.036827, -0.0669797, 0.296076, 0.167739, -0.227786, -0.0816912, 0.0311771, -0.219883, -0.881556, -0.766357, -0.571363, -0.927142, -0.717624, -0.94062, -0.918232, -0.639045, -0.626254, -0.768048, -0.782329
4.88, 0.0319376, 1.73663, 1.77989, 0.909895, 0.749295, -0.432507, -0.0544419, -0.0343028, 0.0291461, -0.599303, -0.476159, -0.077874, 0.0450068, 0.248478, 0.115421, -0.228088, -0.405586, 0.135162, -0.153762, -0.330632, -0.75761, -0.732961, -0.851134, -0.827597, -1.20409, -1.09605, -1.01374, -0.986257, -0.807616, -0.898056, -0.496309
4.9, 0.0319376, 1.96282, 1.61728, 1.03074, 1.30725, 0.160112, 0.068608, -0.564216, -0.0218511, -0.296444, -0.545335, -0.284354, 0.0392759, 0.151384, 0.174327, -0.224632, -0.358062, 0.292799, -0.316586, -0.53161, -0.800152, -0.95868, -0.820157, -0.665804, -0.884214, -0.881841, -0.705575, -0.575492, -0.973782, -0.689385, -0.565984
4.92, 0.0319376, 1.96308, 1.86165, 1.1028, 0.941143, 0.163242, 0.486415, 0.427339, -0.486695, -0.106793, -0.312427, -0.336704, -0.232986, -0.251328, -0.25514, -0.461817, -0.335939, -0.0565411, -0.0247867, -0.441141, -0.97467, -0.732511, -0.545583, -0.604205, -0.918054, -0.636578, -0.796736, -0.881926, -0.625709, -0.599103, -0.73092
4.94, 0.0319376, 2.09602, 1.24833, 1.37497, 1.08598, 0.687791, 0.0962392, 0.299571, -0.0178757, -0.2857, -0.570352, -0.641921, 0.432218, 0.17713, 0.307378, -0.230296, -0.75244, -0.271894, -0.0504544, -0.0954057, -0.998015, -1.0418, -0.656456, -0.734249, -1.12217, -0.958878, -1.06542, -0.706299, -0.622971, -0.776769, -0.997117
4.96, 0.0319376, 1.24534, 2.00816, 1.31256, 0.357323, -0.368429, -0.199523, -0.0690465, 0.00640956, 0.155707, -0.273666, -0.402419, -0.34502, 0.767442, 0.406197, -0.376909, -0.930069, -0.305948, -0.0625824, -0.501206, -0.945416, -0.825237, -0.736898, -0.764952, -0.72129, -0.923953, -0.896335, -0.962951, -0.571285, -0.627308, -0.816127
