# Time (seconds), Duration (seconds), f0, f1, f2, f3, f4, f5, f6, f7, f8, f9, f10, f11, f12, f13, f14, f15, f16, f17, f18, f19, f20, f21, f22, f23, f24, f25, f26, f27, f28, f29
0, 0.0319375, -3.47976, -2.72218, -1.71556, -2.02343, -1.44395, -0.954716, -0.506146, 0.0924457, 0.259563, -0.366883, -0.0618199, -0.552547, -0.0406997, -0.0902045, -0.579098, -1.40153, -0.763515, -0.387713, -0.996498, -2.03907, -2.0444, -1.30172, -1.0271, -2.50105, -1.6356, -0.413092, -1.35147, -1.77147, -1.79597, -2.02891
0.02, 0.0319375, -3.35901, -3.23818, -3.19414, -2.20288, -1.1572, -0.667969, 0.29253, 0.334395, -0.0135729, -0.582453, 0.111348, -0.347513, 0.456844, -0.101592, -0.850009, -1.43418, -1.00942, -0.597919, -1.05106, -2.11558, -1.7928, -1.37985, -0.7972, -1.87061, -1.68854, -0.556549, -1.33052, -1.50135, -1.53214, -2.1063
0.04, 0.0319375, -4.11874, -3.417, -2.78312, -2.17784, -1.31722, -0.388662, -0.368228, 0.621856, 0.110239, -0.357691, 0.330432, -0.424184, -0.227806, -0.779351, -1.02038, -1.05658, -0.875448, -0.941611, -1.35418, -2.16887, -2.03788, -1.5354, -1.1274, -2.2096, -1.79761, -0.665505, -1.26565, -1.54809, -1.94817, -2.41064
0.06, 0.0319375, -3.70465, -2.99458, -2.45772, -2.08118, -1.23266, -0.519079, -0.567756, 0.187555, 0.0899061, -0.328241, -0.326349, -0.636751, 0.414243, -0.0315782, -0.796504, -1.06978, -0.89751, -0.971854, -1.09817, -1.86899, -2.32151, -1.8813, -1.83505, -2.21039, -1.98842, -1.18832, -1.79858, -1.84588, -1.88453, -2.13464
0.08, 0.0319375, -3.29855, -3.14108, -2.78893, -2.49967, -2.30845, -0.653607, -0.000504561, 0.174556, -0.205823, -0.721513, -0.458383, -0.495478, -0.77126, -0.501933, -1.39069, -1.41006, -1.22783, -0.454727, -0.945572, -2.06057, -2.26512, -1.81239, -1.25736, -2.29381, -1.88099, -0.814273, -1.71805, -2.08182, -2.19593, -2.67681
0.1, 0.0319375, -3.4813, -3.83994, -2.49776, -2.16642, -1.37524, -0.781211, -0.341065, 0.354643, 0.267588, 0.0827575, -0.27968, -0.614293, -0.254339, -0.690475, -1.46713, -1.65284, -1.54136, -1.34129, -1.39256, -2.78472, -2.49925, -1.75612, -1.31099, -2.03187, -1.95202, -0.943796, -1.76567, -2.21842, -2.13773, -2.54865
0.12, 0.0319375, -3.31985, -2.57771, -2.57705, -2.68604, -1.27418, -0.537139, -0.514894, -0.372376, -0.0645996, -0.263617, -0.106417, -0.532191, 0.0540363, -0.192545, -1.24167, -1.72247, -1.08015, -0.528646, -1.39689, -2.31112, -2.48686, -2.02334, -1.1438, -2.29445, -2.21446, -1.05538, -1.56149, -2.13195, -2.41914, -2.58091
0.14, 0.0319375, -3.39274, -2.86441, -2.67234, -2.03843, -1.47374, -0.791219, -0.66709, 0.036433, -0.178389, -0.719864, -0.614109, -0.85475, -0.415122, -0.61807, -1.19537, -1.37337, -0.87369, -0.982595, -1.47697, -2.37865, -2.33071, -2.0827, -1.56566, -2.20208, -1.92985, -1.3176, -2.49737, -2.35698, -2.32208, -2.84175
0.16, 0.0319375, -3.45863, -2.55277, -2.23938, -1.63147, -1.349, -0.834262, -0.312915, 0.0792254, -0.322416, -0.845483, -0.753594, -0.558386, -0.340983, -0.543598, -1.30858, -1.60616, -1.22634, -1.12719, -1.69677, -1.96066, -2.60804, -1.94694, -1.58894, -2.62336, -2.39614, -1.40055, -2.00796, -2.09987, -2.73573, -3.02526
0.18, 0.0319375, -4.04128, -2.90522, -2.7287, -1.84761, -1.58641, -1.20572, -0.835004, -0.00346683, 0.163067, -0.7858, -0.893568, -0.696576, -1.04612, -1.49787, -1.47535, -1.35837, -1.5393, -1.28759, -1.6141, -2.84777, -2.57493, -2.02366, -1.59254, -2.66778, -2.19777, -1.65252, -2.25024, -2.49497, -2.73979, -3.21288
0.2, 0.0319375, -3.15203, -2.51929, -3.21932, -2.17368, -0.97979, -0.977579, -1.03562, -0.398098, -0.895927, -0.836733, -1.10061, -1.20615, -0.51019, -0.830426, -1.68609, -1.52825, -1.2525, -1.12143, -1.80454, -2.71437, -2.75926, -2.14869, -1.73225, -2.46383, -2.55833, -1.76591, -2.6919, -2.73176, -2.72082, -3.24813
0.22, 0.0319375, -3.24567, -2.73951, -2.47476, -2.26613, -1.37454, -1.33483, -0.962013, -0.586242, -0.672636, -1.20952, -0.679643, -0.925269, -0.908356, -1.15687, -1.41141, -1.21129, -1.47385, -1.15058, -1.9552, -3.31732, -3.03606, -2.44467, -1.96893, -2.82827, -2.72357, -1.93299, -3.02973, -2.96132, -2.88792, -3.1556
0.24, 0.0319375, -4.53456, -3.34362, -3.32112, -2.93037, -1.34879, -1.17383, -0.516796, -0.322473, -0.317117, -0.976298, -1.43283, -1.59259, -1.16362, -1.12886, -1.96267, -2.37381, -1.78372, -1.35825, -2.2738, -3.01346, -3.23501, -2.36578, -2.09851, -2.88784, -2.89686, -2.14916, -3.08379, -3.25415, -3.21827, -3.3322
0.26, 0.0319375, -3.96093, -3.50494, -2.42085, -1.522, -2.09206, -1.56275, -1.3225, -0.773401, -0.904236, -1.41923, -0.881557, -1.57047, -1.48514, -1.29222, -2.0468, -2.45913, -1.88885, -1.70938, -2.3062, -3.05848, -3.08482, -2.49162, -1.67821, -2.87585, -2.87531, -1.69682, -2.83764, -3.05626, -3.48306, -3.35939
0.28, 0.0319375, -3.63095, -2.91831, -2.46605, -2.65318, -2.11606, -1.91921, -1.75785, -0.650733, -1.07001, -1.42716, -0.710493, -1.0386, -1.10617, -1.2141, -1.95144, -2.16954, -2.02285, -1.9698, -2.04763, -2.87102, -2.99042, -2.34793, -2.16097, -3.11248, -2.947, -2.43181, -2.94685, -3.15543, -3.38108, -3.29397
0.3, 0.0319375, -3.5608, -3.04079, -2.77125, -2.20796, -2.09079, -1.99503, -0.615466, -0.927104, -1.00126, -1.04681, -1.57414, -1.59991, -1.19568, -1.16879, -1.59748, -1.94384, -1.39994, -1.47743, -2.23257, -3.04218, -3.10861, -2.41041, -2.21179, -2.74328, -2.8158, -2.1153, -3.06117, -3.30883, -3.24725, -3.21614
0.32, 0.0319375, -3.69779, -3.2132, -2.61994, -2.00417, -2.05407, -1.56734, -1.08429, -1.20115, -0.707346, -0.88414, -1.2874, -1.65142, -1.26138, -1.07345, -1.18953, -1.78247, -1.63476, -1.36366, -1.85405, -2.6962, -2.92668, -2.30984, -2.13103, -2.79042, -2.75862, -1.68976, -2.86264, -2.96011, -3.43105, -3.27667
0.34, 0.0319375, -3.71275, -3.00503, -2.94069, -2.61713, -1.96569, -1.80815, -1.73841, -0.223265, -0.291991, -0.744888, -1.07991, -1.0934, -0.924752, -1.36498, -1.90707, -2.57703, -1.67195, -1.46205, -1.95845, -2.67308, -2.53421, -2.1862, -1.74948, -2.8736, -2.84981, -2.23197, -2.99974, -2.87976, -3.267, -3.30119
0.36, 0.0319375, -3.82828, -3.47505, -3.3842, -2.38148, -2.07221, -1.80768, -1.14292, -0.58349, -0.781474, -1.25667, -1.55761, -1.21411, -1.32506, -1.00121, -1.45283, -2.28561, -1.78084, -1.38332, -2.06303, -2.76398, -3.09372, -2.37365, -1.72256, -2.90708, -2.5649, -1.79103, -2.85758, -3.02148, -3.78982, -3.38678
0.38, 0.0319375, -4.14156, -3.02622, -3.03039, -1.95184, -1.43749, -1.5063, -0.984466, -0.0769641, -0.938775, -1.60413, -1.69117, -1.40729, -1.89229, -1.7138, -2.02547, -2.3057, -2.04679, -1.54655, -2.18399, -3.20646, -3.45062, -2.75669, -2.19279, -3.3404, -2.92503, -2.34829, -3.09155, -3.25696, -3.35608, -3.46427
0.4, 0.0319375, -4.25247, -2.94095, -2.15572, -2.18431, -1.4665, -1.31759, -0.959107, -0.711809, -0.820589, -0.659182, -0.538276, -1.86698, -1.21459, -1.25351, -1.67873, -2.52007, -2.28906, -2.04874, -2.13549, -3.07521, -2.98242, -2.7234, -2.53341, -3.27666, -3.3373, -2.02676, -3.0716, -3.19755, -3.47639, -3.44948
0.42, 0.0319375, -3.52837, -3.57411, -2.98286, -2.17286, -1.38579, -1.71999, -0.912968, -1.25571, -1.10284, -0.868253, -1.30041, -1.47263, -1.36409, -1.70608, -1.44558, -2.55797, -2.18236, -2.00212, -2.67268, -3.197, -3.47675, -3.04462, -2.63122, -3.20271, -3.17914, -2.77199, -3.69039, -3.67109, -3.58603, -3.31324
0.44, 0.0319375, -3.21524, -3.01515, -3.01436, -2.48704, -2.42809, -2.10055, -1.70383, -1.43532, -1.62747, -1.95578, -1.35606, -1.84999, -2.04405, -1.71423, -2.46378, -2.4684, -2.49989, -2.45066, -2.56766, -3.32969, -3.22154, -2.85982, -2.46161, -3.4794, -3.53908, -2.64243, -3.31855, -3.46664, -3.61425, -3.34124
0.46, 0.0319375, -4.2796, -2.96477, -2.66289, -2.13455, -1.90687, -2.10874, -1.71846, -1.74303, -1.69367, -1.77182, -1.40387, -1.63264, -1.81236, -1.79189, -2.31108, -2.46908, -3.07215, -2.79557, -2.72825, -3.53935, -3.49134, -3.1544, -3.0413, -3.43381, -3.40166, -3.0649, -3.70585, -3.65864, -3.54667, -3.42352
0.48, 0.0319375, -4.16338, -3.39522, -2.88459, -2.40445, -2.17023, -2.79242, -1.34544, -1.25758, -1.56274, -2.57646, -2.34314, -2.44754, -2.17564, -2.4994, -2.87163, -3.29477, -3.13636, -2.85119, -3.01947, -3.50499, -3.54997, -3.55528, -3.49203, -3.79409, -3.79388, -3.06679, -4.08099, -3.76427, -3.49145, -3.61704
0.5, 0.0319375, -4.78282, -3.2809, -3.13414, -2.74653, -1.55612, -2.05457, -1.63512, -1.51875, -1.74856, -2.54083, -2.47639, -2.78215, -2.33361, -2.58832, -2.83002, -3.11714, -3.14039, -2.74739, -3.12643, -3.8347, -4.04034, -3.59152, -3.43481, -3.40291, -3.64084, -3.80577, -3.69272, -3.40499, -3.39219, -3.57185
0.52, 0.0319375, -4.35808, -3.45721, -3.02663, -3.2148, -2.03348, -2.00654, -2.10925, -1.85079, -1.61285, -2.26245, -1.92176, -2.64821, -2.16708, -2.0469, -2.85255, -2.98891, -3.30343, -2.56871, -3.3953, -4.02079, -3.56503, -3.44397, -3.60347, -3.93335, -3.86441, -3.27231, -3.51176, -3.57888, -3.87329, -3.6249
0.54, 0.0319375, -4.50096, -4.07593, -3.80203, -3.15149, -2.85612, -2.42116, -3.11471, -1.80671, -1.53848, -2.27464, -3.17549, -2.53532, -2.15268, -2.74555, -3.21513, -3.00219, -3.20963, -3.09157, -3.81965, -4.2049, -3.79636, -3.87199, -3.60378, -3.81462, -3.73034, -3.66068, -3.75518, -3.59542, -3.48172, -3.19022
0.56, 0.0319375, -4.49225, -4.52387, -3.63389, -3.18322, -2.5576, -2.19996, -2.68047, -2.2696, -2.2309, -2.03925, -2.67251, -2.49942, -2.5971, -2.548, -3.10941, -3.54102, -3.31201, -3.13278, -3.93808, -3.59834, -3.89172, -4.08864, -3.89354, -4.10172, -3.56853, -3.55977, -3.72068, -3.46576, -3.45617, -3.42396
0.58, 0.0319375, -4.74724, -4.60097, -4.36884, -3.58614, -2.46456, -3.3658, -3.11251, -2.737, -2.90106, -3.34785, -3.5997, -3.37556, -3.19803, -3.54341, -3.72634, -3.67941, -3.72025, -3.70659, -4.05368, -4.22555, -3.94161, -3.75036, -3.8198, -4.1182, -3.89091, -3.8873, -4.07584, -3.74475, -3.59378, -3.38052
0.6, 0.0319375, -4.90147, -4.28972, -4.18979, -3.80594, -3.69495, -3.35482, -2.99346, -3.36327, -3.96021, -3.63886, -3.53391, -3.65155, -3.45963, -3.80022, -4.10467, -3.79942, -3.99616, -3.5375, -3.80347, -3.68511, -3.85424, -4.14233, -3.48466, -3.63174, -3.947, -4.02661, -4.0481, -3.67474, -3.65801, -3.64129
0.62, 0.0319375, -4.47227, -4.0449, -4.05368, -4.42041, -4.22359, -3.84141, -4.3202, -4.34681, -3.67256, -3.94912, -3.96388, -3.90923, -3.4607, -3.85155, -3.73061, -3.75228, -4.0967, -3.63762, -3.83949, -3.74286, -3.65414, -3.55997, -4.28137, -4.14384, -3.60409, -3.83771, -3.80098, -3.6819, -3.83335, -3.41895
0.64, 0.0319375, -4.67805, -5.03703, -5.28424, -4.29641, -4.25661, -4.02845, -4.20941, -3.94336, -3.76841, -3.74642, -4.09458, -3.95122, -4.21449, -3.98258, -3.87983, -3.75962, -4.13357, -3.97867, -4.16068, -4.0756, -4.30511, -3.88868, -3.9023, -3.48274, -3.58902, -3.9555, -3.83617, -3.49582, -3.55245, -3.58163
0.66, 0.0319375, -5.43653, -4.43918, -3.94872, -3.95983, -4.11534, -3.7921, -3.59391, -3.35189, -3.89776, -3.95957, -3.82244, -3.888, -3.84263, -4.03445, -3.7791, -3.79067, -4.28089, -3.83813, -3.55063, -3.68155, -3.7329, -3.91956, -3.80589, -4.05409, -3.78668, -3.88461, -3.56591, -3.9332, -3.94344, -3.48797
0.68, 0.0319375, -5.09728, -4.80382, -4.1617, -4.38732, -4.22533, -3.48394, -3.45371, -3.4907, -3.67668, -3.80094, -3.57655, -3.64056, -3.69534, -3.47374, -4.26028, -4.29831, -3.56201, -3.60061, -3.65186, -3.80016, -3.97406, -3.78458, -3.79576, -3.4568, -3.76334, -3.61288, -3.47936, -3.70187, -3.85477, -3.46288
0.7, 0.0319375, -4.94222, -4.10173, -3.8505, -3.05328, -2.85419, -2.42025, -2.62477, -2.67869, -2.39579, -3.54159, -3.31773, -3.27393, -2.98824, -2.98603, -4.13869, -3.3564, -3.21372, -2.93635, -3.39388, -3.94053, -3.70827, -3.27012, -2.85038, -3.7962, -3.19065, -3.14491, -3.67682, -3.59253, -3.38925, -3.5715
0.72, 0.0319375, -3.5584, -4.16838, -4.31785, -3.32204, -2.54342, -2.9007, -2.12236, -2.26977, -2.25629, -2.44203, -1.98216, -2.28394, -2.09796, -2.76582, -2.96071, -2.64039, -2.73175, -2.08376, -3.13635, -3.49486, -3.11686, -2.87812, -2.62383, -3.02838, -2.76553, -2.29619, -3.32667, -3.45589, -3.63457, -3.45314
0.74, 0.0319375, -3.9793, -4.11601, -4.28591, -2.98046, -2.47499, -1.66726, -1.27931, -1.50618, -1.4631, -1.81169, -1.55107, -1.46095, -1.75214, -1.82596, -3.02627, -2.31861, -2.31171, -1.66158, -2.32114, -3.20275, -3.36433, -2.29125, -1.95134, -3.13813, -2.28744, -1.75079, -3.25832, -3.72716, -3.69743, -3.72408
0.76, 0.0319375, -3.0875, -2.66528, -2.64421, -3.04595, -1.90377, -1.85322, -1.13428, -0.528077, -0.878161, -1.72392, -1.16604, -1.18887, -1.84792, -1.76822, -2.59433, -2.18549, -1.35838, -1.01741, -2.04461, -2.97208, -2.65847, -2.14097, -1.77391, -2.47627, -1.56613, -1.185, -2.42812, -3.00871, -3.10066, -3.32019
0.78, 0.0319375, -2.62046, -2.71756, -1.83426, -2.35052, -1.97576, -1.5995, -0.982848, -1.01135, -1.0872, -0.978107, -1.17259, -1.11608, -0.952161, -1.23169, -1.61767, -1.69421, -1.59849, -0.627709, -1.93431, -2.23884, -2.22184, -1.34247, -0.813706, -1.654, -1.43342, -0.321276, -1.54438, -2.54705, -3.06246, -3.25743
0.8, 0.0319375, -2.05957, -1.97125, -2.29974, -1.60645, -0.972608, -1.06855, -0.495098, 0.124728, 0.0855374, -1.15777, -0.648384, -0.642426, -0.959006, -0.926456, -1.19048, -1.3006, -1.2257, -0.228687, -1.46238, -2.02057, -1.88926, -1.02641, -0.63064, -1.38385, -0.610604, -0.0680536, -1.25938, -2.18704, -2.625, -2.72671
0.82, 0.0319375, -2.12386, -2.09514, -2.07617, -2.30595, -1.25226, -0.262227, -0.219891, 0.0381364, -0.407423, -0.0446608, -0.292754, -0.476365, -0.378781, -1.29028, -1.29344, -1.25682, -0.988267, -0.509536, -1.05636, -2.18227, -1.9937, -0.837046, -0.788344, -1.23851, -0.477766, 0.196353, -1.22306, -1.90315, -1.93704, -2.54722
0.84, 0.0319375, -2.3366, -1.39195, -1.5988, -1.07193, -0.607676, -0.204478, -0.197379, 0.053643, 0.0339346, -0.318819, -0.00662598, 0.147992, 0.00517553, -0.455482, -1.03466, -1.29422, -0.590001, -0.0156015, -0.795599, -1.79599, -2.03193, -1.2892, -0.142656, -0.980175, -0.189489, 0.719326, -0.64038, -1.32247, -1.85767, -1.95035
0.86, 0.0319375, -2.0865, -1.36585, -1.08815, -0.471442, -0.773782, -0.581828, -0.35082, 0.617229, 0.435728, -0.47413, -0.0787203, -0.187513, 0.062542, -0.109314, -0.633371, -0.779776, -0.293902, 0.432546, -0.522909, -1.99191, -1.54334, -0.402272, 0.163312, -0.343066, -0.468757, 0.314119, -0.602848, -1.03037, -1.50222, -1.84165
0.88, 0.0319375, -2.16765, -0.855947, -0.679956, -0.402739, 0.257612, -0.197523, 0.152749, 0.556259, 0.23608, -0.347108, -0.0796899, -0.0509747, -0.134771, -0.0757659, -0.792922, -0.494148, -0.546562, 0.207823, -0.457092, -1.17828, -1.26069, -0.706968, -0.0831854, -0.277932, 0.291094, 0.953136, -0.16691, -1.02686, -1.28761, -1.92961
0.9, 0.0319375, -1.08433, -0.941807, -1.07657, -0.490624, -0.147703, 0.226482, 0.418513, 0.417099, 0.311212, 0.0458436, 0.546317, 0.563783, 0.381998, 0.163534, -0.536724, -0.402084, -0.3806, 0.00267232, -1.16111, -1.54397, -1.30729, -0.34719, -0.273456, -0.746008, 0.374051, 1.13841, -0.472407, -1.08121, -1.41639, -1.5998
0.92, 0.0319375, -1.06956, -0.584603, -0.51151, -0.573586, -0.212339, 0.346273, 0.357156, 0.831215, 1.02235, 0.183999, 0.0653524, 0.672655, 0.557563, -0.0508725, -0.652069, -0.742273, 0.109036, 0.450743, -0.61949, -1.16917, -0.854874, -0.405285, 0.137952, -0.388153, 0.838125, 1.31769, -0.337606, -1.15555, -1.39097, -1.69092
0.94, 0.0319375, -1.51627, -0.587791, -0.668, -0.665214, -0.407049, -0.297364, 0.149555, 0.271736, 0.606211, 0.295858, 0.932172, 0.673639, 0.322234, 0.271629, -0.19687, -0.162005, -0.289399, -0.427589, -0.45055, -1.03816, -1.309, -0.43523, -0.0710988, -0.0186692, 0.798735, 0.703132, -0.836945, -1.19121, -1.44492, -1.2603
0.96, 0.0319375, -1.39419, -0.452779, -0.290546, -0.510432, 0.0305425, 0.349091, 0.932789, 0.754845, 0.630303, 0.075155, 0.551894, 0.133467, 0.192397, 0.0481185, -0.343942, -0.513883, 0.327752, 0.430252, -0.49169, -1.16635, -1.51627, 0.0359186, 0.529542, -0.384212, 0.402146, 1.00443, -0.353502, -0.735335, -1.19111, -1.7713
0.98, 0.0319375, -1.4901, -0.811112, -0.0798815, -0.620768, -0.182621, 0.566761, 0.557462, 0.884756, 0.640921, 0.558153, 0.217387, -0.377865, 0.0226301, -0.34869, -0.715664, -0.640292, -0.190949, 0.606021, -0.610288, -1.13682, -1.55776, -0.0269657, 0.47243, -0.433236, 0.745361, 1.25932, -0.0578206, -1.18728, -1.40246, -1.64555
1, 0.0319375, -1.45615, -1.07995, -0.434119, -0.920794, 0.519615, 0.603254, 0.350568, 0.837976, 0.882845, 0.0448278, -0.0867637, 0.0165933, 0.499865, -0.109858, -0.990816, -0.842731, -0.143245, 0.306518, -0.340241, -1.23822, -1.39062, -0.671576, -0.0591869, -0.265376, 0.403179, 0.92179, -0.460353, -1.23247, -1.54141, -1.75884
1.02, 0.0319375, -1.98941, -1.64093, -0.751649, -0.723477, -0.271437, 0.722767, 0.663919, 1.26285, 0.529864, -0.434667, -0.0573356, -0.151064, 0.258253, -0.124395, -1.48874, -0.854242, -0.0371693, -0.0611747, -1.04351, -1.63061, -0.983924, -0.253231, 0.282924, -0.613561, 0.365034, 0.853827, -0.572127, -1.09613, -1.43599, -1.57822
1.04, 0.0319375, -2.17552, -0.836058, -0.437496, -0.264222, -0.172501, 0.139551, 0.356439, 1.05741, 0.305559, -0.494979, 0.0637482, -0.33926, 0.0429522, 0.335448, -0.675463, -0.722817, -0.183346, -0.019237, -1.0235, -1.25766, -1.17316, -0.504035, -0.0137045, -0.335217, 0.49635, 0.823832, -0.406661, -1.12451, -1.59803, -1.64139
1.06, 0.0319376, -1.81246, -1.3916, -0.74737, -0.128558, 0.115647, 0.0736787, 0.711511, 1.10604, 0.597927, -0.313141, -0.099497, 0.378416, 0.575696, 0.0220094, -0.517486, -0.735182, 0.0260386, 0.425553, -0.988569, -1.57656, -1.43578, 0.0122741, 0.35816, -0.511538, 0.573405, 1.09411, -0.224715, -0.870614, -1.2906, -1.76314
1.08, 0.0319375, -1.6762, -0.558227, -0.463084, -0.528327, 0.149722, 0.476535, 0.249247, 0.567208, 0.099158, -0.443126, -0.148459, 0.105046, 0.323906, 0.164403, -0.666801, -0.647516, 0.0415103, 0.537767, -1.40531, -1.24765, -0.966843, -0.0746294, 0.395118, -0.582272, 0.483474, 0.889861, -0.580886, -0.801131, -1.4526, -1.65899
1.1, 0.0319375, -1.62256, -0.817854, -0.451634, -0.186562, 0.149182, 0.0946663, 0.614981, 0.921507, 0.643845, -0.0289003, -0.400117, -0.305302, 0.412271, 0.0743128, -0.928324, -0.358969, 0.109049, 0.307537, -0.513986, -1.65373, -1.44676, -0.140388, 0.404818, -0.292776, 0.432204, 0.555086, -0.412234, -0.924405, -1.14617, -1.88024
1.12, 0.0319375, -0.980211, -1.19857, -0.810117, -0.0342218, -0.0314527, -0.0627217, 0.854418, 0.993662, 0.629289, -0.0138531, -0.331935, 0.0605293, 0.356418, -0.179808, -0.630716, -0.369266, 0.466895, 0.0769968, -1.06666, -1.17141, -1.37304, -0.595181, -0.177216, -0.43286, 0.279433, 0.93869, -0.638156, -0.898521, -1.24482, -2.04522
1.14, 0.0319375, -2.08955, -0.407441, -0.747209, -0.647899, -0.151587, 0.152538, 0.703646, 0.535524, -0.279972, -0.635884, -0.454306, 0.0304227, 0.394814, -0.17419, -0.380208, -0.387554, -0.0407147, 0.0104214, -1.13295, -1.5452, -1.71225, -0.722819, 0.0953066, -0.322333, 0.269668, 0.690512, -0.550242, -0.952403, -1.33994, -1.7338
1.16, 0.0319375, -1.68333, -1.28019, -1.32459, -0.632024, -0.455867, -1.22413, -0.552892, 0.273546, 0.19691, -0.529389, -0.167982, 0.0844347, 0.0382213, -0.471041, -0.718698, -0.234085, -0.458243, 0.267139, -0.617373, -1.64444, -1.60057, -0.399741, -0.234005, -0.795362, -0.131775, 0.627719, -0.61447, -1.02198, -1.527, -1.84227
1.18, 0.0319376, -1.40401, -1.45489, -0.965902, -0.843184, -0.837793, -0.219503, -0.555821, -0.310929, 0.144929, -0.493916, -0.268001, -0.311612, 0.184476, -0.221721, -0.898765, -0.607974, -0.279881, -0.444464, -1.30063, -1.39331, -1.6119, -0.990384, -0.595708, -0.517646, 0.140184, 0.579771, -0.803412, -1.51512, -2.06082, -1.97001
1.2, 0.0319375, -1.87656, -1.24352, -0.813493, -1.13525, -0.736387, 0.0518724, -0.205554, -0.126713, 0.0611105, -0.530174, -0.0335032, -0.129319, -0.408682, -0.599026, -0.959226, -0.779745, -0.668783, -0.661987, -1.01636, -1.58917, -1.51523, -0.377346, -0.122377, -0.882149, -0.131819, 0.352638, -0.619775, -1.39333, -2.00803, -2.3907
1.22, 0.0319375, -1.818, -1.53273, -0.939799, -1.49333, -1.00966, -1.12335, -0.343071, 0.945989, 0.357366, -1.43504, 0.037861, 0.0368886, -0.4732, -0.50247, -1.01354, -0.934366, -0.325279, -0.145574, -1.18604, -1.3484, -1.52454, -0.891941, -0.621311, -0.788508, -0.0288255, 0.30452, -0.859737, -1.60525, -2.02879, -2.03828
1.24, 0.0319375, -2.39173, -1.2976, -1.24682, -1.55738, -0.594067, -0.622417, -0.629477, 0.488271, 0.147667, -0.633525, -0.506557, -0.0167587, -0.625759, -0.415037, -0.857478, -1.22597, -0.496641, -0.215141, -1.16246, -1.88405, -2.19576, -0.969596, -0.591551, -1.08934, 0.0370146, 0.3549, -1.18637, -1.45152, -1.9718, -2.62287
1.26, 0.0319375, -2.33015, -1.23011, -1.47206, -1.06236, -0.569205, -0.480203, -0.139913, 0.309138, -0.0162732, -0.180394, -0.17381, -0.348604, -0.72792, -0.189858, -1.33569, -0.908445, -0.317166, -0.80494, -1.64605, -1.81265, -1.62519, -0.560616, -0.320506, -1.37133, -0.267224, 0.232116, -1.18581, -1.88219, -2.09155, -2.59773
1.28, 0.0319375, -1.9005, -1.70559, -1.98442, -1.6661, -0.756673, -0.767539, -0.348084, 0.32132, -0.362548, -0.39699, -0.891209, -0.405208, -0.616208, -0.553156, -1.22744, -1.1085, -0.789576, -0.724851, -1.55153, -2.11309, -1.65402, -0.696483, -0.297848, -0.870904, -0.541094, -0.115704, -1.12178, -1.267, -1.74538, -2.31596
1.3, 0.0319376, -1.83105, -1.04127, -1.34328, -1.3405, -1.02226, -1.17452, -0.429843, -0.623434, -0.379425, -0.208707, -0.0689574, -0.21393, -0.07025, -0.64005, -1.72064, -1.2041, -0.528987, -0.323224, -1.20946, -1.77742, -1.69547, -0.68062, -0.362677, -1.49945, -0.399128, 0.24749, -0.998513, -1.51597, -1.88862, -2.29076
1.32, 0.0319375, -2.05351, -1.41403, -1.49634, -1.00035, -1.20409, -0.432249, -0.556474, -0.0631492, -0.423898, -0.903061, -0.773787, -0.540146, -0.644471, -1.00183, -0.681646, -0.618228, -0.254809, -0.204843, -1.21949, -1.90232, -2.06431, -1.28038, -1.09631, -1.26277, -0.429914, 0.439805, -1.02492, -1.40171, -1.76754, -2.42554
1.34, 0.0319375, -2.27196, -1.72298, -1.25772, -1.04462, -0.829088, -1.03728, -0.55124, -0.312925, -0.44626, -0.58192, -0.431072, -0.0205938, -0.385396, -1.03762, -1.224, -1.47904, -0.906173, -0.400403, -0.868554, -1.91204, -1.47887, -0.860077, -0.859704, -1.26556, -0.565698, 0.133969, -0.897632, -1.46962, -1.88589, -2.36288
1.36, 0.0319375, -2.39957, -1.4056, -1.33793, -2.04321, -1.26693, -0.663769, -0.817399, 0.31907, -0.44368, -1.77001, -0.587072, -0.5877, -0.548161, -0.603435, -0.998828, -1.19434, -0.64903, -0.237265, -1.71931, -1.90105, -1.83652, -0.632294, -0.28361, -1.40578, -0.0973731, 0.407064, -1.14109, -2.14787, -2.6985, -2.33028
1.38, 0.0319375, -2.48932, -1.9873, -1.9976, -1.82468, -1.39593, -0.895041, -0.475576, -0.262243, -0.482346, -0.656514, 0.291732, -0.433154, -0.225288, -0.746464, -1.41077, -0.964556, -0.88853, -0.655797, -1.61507, -2.23826, -2.17014, -1.0652, -0.701476, -1.66947, -0.468222, 0.244512, -1.24016, -1.76304, -2.26826, -2.61149
1.4, 0.0319375, -2.10338, -1.83999, -2.02475, -2.10206, -1.50186, -1.40114, -0.780719, -0.650624, -0.698244, -1.02546, -0.655628, -0.525061, -0.262268, -0.834176, -1.32618, -1.13068, -0.668894, -0.777198, -1.12614, -2.56457, -2.39406, -1.4719, -1.18714, -1.55886, -0.723368, -0.0541749, -1.25139, -2.52331, -2.75244, -2.85868
1.42, 0.0319376, -2.29554, -1.41677, -1.40824, -1.5274, -0.787324, -0.977579, -0.576787, -0.385577, -0.649822, -0.66469, -0.577475, -0.581055, -0.333726, -0.867832, -1.87286, -1.65577, -0.803686, -0.835266, -1.49437, -2.14879, -1.98402, -1.39983, -1.19636, -1.87429, -0.895566, -0.0131875, -1.33569, -2.08499, -2.51915, -3.03328
1.44, 0.0319375, -2.04751, -1.82242, -2.19964, -1.44553, -1.18492, -1.32771, -0.217694, -0.395865, -0.358347, -0.800466, -0.292799, -0.679668, -0.509352, -0.739882, -1.463, -1.46854, -1.26857, -0.983545, -1.20305, -2.33488, -2.43936, -2.03731, -1.25826, -1.67847, -0.868807, -0.168885, -1.47897, -2.23596, -2.76528, -2.9693
1.46, 0.0319375, -2.7823, -1.72457, -1.67865, -1.86061, -1.46793, -0.504531, -0.491849, 0.251666, -0.01983, -1.22985, -0.679278, -0.89083, -1.08814, -1.818, -1.57109, -1.24695, -0.872982, -1.37069, -2.24456, -2.02751, -2.19954, -1.31496, -1.07107, -1.60129, -0.786925, -0.474967, -2.01601, -2.18254, -2.74403, -2.99989
1.48, 0.0319375, -3.32134, -2.10259, -2.10806, -2.07468, -1.17544, -0.765335, -0.146192, -0.0662671, -1.0357, -0.979709, -1.34381, -0.556759, -0.47715, -1.33156, -1.42378, -1.58018, -0.946739, -0.881652, -1.57051, -2.37576, -2.12931, -1.43493, -1.54199, -1.88179, -0.702407, -0.267147, -1.91143, -2.53283, -3.00526, -3.10351
1.5, 0.0319375, -2.61467, -2.21029, -2.4746, -2.62218, -2.42707, -1.4515, -1.19716, -0.729131, -0.216982, -1.31891, -0.940732, -0.573601, -0.737186, -1.23272, -1.76083, -1.71481, -1.23478, -1.12101, -2.12809, -2.28712, -2.03499, -1.79163, -1.19952, -1.75513, -0.484612, -0.606312, -1.90978, -2.51799, -2.80519, -3.01687
1.52, 0.0319375, -2.83636, -2.36692, -2.35477, -2.42347, -1.67012, -1.05291, -0.95251, -0.543882, -0.707857, -1.18139, -1.52576, -0.708021, -0.925574, -1.05827, -1.84682, -1.78923, -1.00325, -0.648241, -2.02048, -2.34369, -2.14175, -1.25176, -0.968681, -1.60045, -0.883911, -0.538728, -2.01791, -2.53209, -2.63918, -3.1649
1.54, 0.0319375, -3.46526, -2.42083, -2.79091, -1.96229, -1.77781, -1.27327, -0.867862, -0.567426, -0.712141, -0.842615, -1.24662, -1.3458, -0.974919, -1.07947, -1.71564, -1.47178, -1.1179, -1.52682, -1.97565, -2.78333, -2.60957, -1.53907, -1.46791, -1.68367, -1.20916, -0.905212, -2.06609, -2.35481, -2.62112, -3.09027
1.56, 0.0319376, -3.30988, -2.82019, -2.1665, -2.27516, -1.4938, -0.844516, -0.941324, -0.530769, -1.15275, -1.80502, -0.881411, -1.09594, -0.748153, -1.09725, -1.90372, -1.66576, -1.23658, -0.916316, -1.98918, -2.34526, -2.45263, -1.4251, -0.999237, -2.20144, -1.17203, -0.944207, -2.04975, -2.86814, -2.97603, -3.02739
1.58, 0.0319375, -2.97196, -2.65495, -2.10089, -2.49289, -2.24254, -1.75643, -0.949165, -0.321535, -1.08688, -1.14698, -0.75918, -0.807242, -1.33204, -1.55127, -1.76923, -1.70119, -1.54494, -1.38058, -2.10936, -2.58474, -2.73215, -1.38778, -1.01705, -2.14702, -1.50663, -0.97933, -2.26127, -2.70469, -2.85811, -3.12031
1.6, 0.0319375, -3.37907, -2.69861, -2.17412, -2.10586, -1.96974, -2.01316, -1.75476, -0.328259, -0.709519, -1.83159, -0.826803, -1.15142, -0.923677, -1.15077, -1.97567, -2.00095, -1.43932, -1.30323, -2.18759, -2.96778, -2.83436, -1.86988, -1.688, -2.31963, -1.38222, -0.792355, -2.21674, -2.88846, -3.04572, -3.28828
1.62, 0.0319375, -3.58572, -2.66216, -2.77812, -2.34715, -1.98781, -1.46269, -1.41815, -0.140132, -0.599837, -1.43307, -1.34802, -0.890013, -1.10851, -1.48693, -1.76131, -2.16212, -1.87495, -1.19982, -2.21765, -2.66903, -2.45539, -2.00539, -1.79431, -2.30977, -1.38212, -1.13515, -2.1784, -2.81523, -3.23285, -3.28216
1.64, 0.0319375, -4.65163, -3.95139, -3.18332, -2.81508, -2.56848, -2.34744, -1.53214, -0.638, -0.993628, -1.87564, -1.30188, -0.805751, -1.51041, -1.80267, -2.26951, -2.10505, -1.72061, -1.07291, -2.09004, -2.83, -3.32519, -1.92496, -1.92801, -2.34531, -1.60817, -1.1767, -2.50786, -3.22545, -3.44433, -3.45177
1.66, 0.0319375, -4.49409, -2.9471, -3.59346, -3.16615, -2.18909, -2.42849, -1.64532, -1.38612, -1.38507, -1.8858, -1.21052, -1.27071, -1.6962, -2.11743, -1.8841, -1.86245, -1.79902, -1.33048, -2.56162, -3.18979, -3.20485, -2.3911, -1.95945, -2.31224, -1.76264, -1.56589, -2.91877, -3.06144, -3.24866, -3.57599
1.68, 0.0319376, -3.37069, -2.99064, -3.33978, -2.88698, -2.13505, -1.60131, -1.9347, -1.42376, -1.47856, -1.5472, -1.6623, -1.83943, -2.05659, -2.05584, -2.07836, -2.59696, -2.02247, -1.2178, -2.56025, -3.25003, -3.18469, -2.05683, -1.56476, -2.58926, -1.38424, -1.22656, -2.85103, -3.33642, -3.4402, -3.46208
1.7, 0.0319375, -4.06302, -3.59856, -2.80309, -3.00097, -2.22772, -1.40665, -0.762242, -0.729268, -1.14954, -1.80717, -2.06066, -1.99359, -1.4832, -1.84179, -2.39563, -3.06199, -1.96688, -1.60619, -2.67619, -3.01548, -3.0625, -2.36298, -1.99588, -2.59277, -2.0215, -1.64071, -3.03833, -3.17052, -3.64601, -3.70772
1.72, 0.0319375, -4.11543, -3.10523, -3.20333, -3.52882, -2.65032, -1.76935, -1.0453, -0.752507, -0.936223, -2.50644, -1.54342, -1.66156, -2.10734, -2.41773, -2.48246, -2.30957, -2.06951, -1.59152, -2.70018, -3.40938, -3.45656, -2.51187, -2.22568, -2.97212, -2.18191, -1.83507, -3.07753, -3.29934, -3.46807, -3.68327
1.74, 0.0319375, -3.37343, -3.48552, -3.30916, -3.32043, -2.65434, -2.45666, -1.98675, -0.974534, -1.28921, -2.04116, -2.29428, -1.96307, -1.84919, -1.75679, -2.40309, -2.9362, -2.5037, -1.98142, -2.95939, -3.18712, -3.59268, -2.55986, -2.0521, -2.99425, -2.5508, -2.37265, -3.39226, -3.61575, -3.39289, -3.39778
1.76, 0.0319375, -4.08171, -3.28249, -3.60104, -3.08372, -1.67202, -1.15162, -1.7104, -0.673154, -0.79275, -2.05183, -1.74983, -1.98018, -1.83298, -2.35729, -2.87403, -2.97282, -2.16918, -1.69832, -2.87379, -3.2132, -3.52326, -2.9766, -2.6066, -3.10739, -2.53363, -2.38639, -3.39709, -3.41984, -3.64121, -3.4904
1.78, 0.0319375, -3.85952, -3.23816, -3.18988, -2.76101, -2.62067, -2.83019, -2.26498, -1.14355, -1.21552, -1.88337, -1.67647, -1.7247, -2.00036, -2.05789, -2.51231, -2.74704, -2.23979, -1.69269, -3.00235, -3.75479, -3.79964, -3.3928, -2.82408, -3.22942, -2.66711, -2.21945, -3.48537, -3.54654, -3.71702, -3.60933
1.8, 0.0319376, -4.08312, -3.26846, -3.53214, -2.83395, -2.69866, -2.39977, -1.96517, -1.2776, -1.64399, -2.0166, -1.87615, -2.55203, -1.77702, -2.63118, -3.24633, -2.71067, -1.86881, -1.79394, -2.87815, -3.67116, -4.13884, -2.86334, -2.40905, -2.80702, -2.35696, -1.91227, -3.27449, -3.62106, -3.34217, -3.44908
1.82, 0.0319375, -4.31985, -3.88451, -3.25596, -3.6059, -2.38985, -1.46085, -1.58835, -1.27563, -1.46919, -1.95206, -2.36001, -2.10279, -1.97568, -2.5899, -3.35342, -3.30652, -2.44501, -2.63059, -3.50575, -3.71734, -3.08317, -2.25583, -2.33667, -2.98842, -2.57149, -1.97233, -3.2712, -3.59227, -4.09505, -3.34502
1.84, 0.0319375, -3.46562, -3.93765, -3.82547, -3.66961, -2.5552, -2.64069, -1.63453, -1.36896, -1.39358, -2.272, -2.35026, -2.40768, -2.21196, -2.44672, -2.65855, -2.76509, -2.20877, -2.29165, -3.64299, -3.87934, -3.42904, -3.03245, -2.66007, -3.51131, -2.56248, -2.34687, -3.38135, -3.74747, -3.39133, -3.43782
1.86, 0.0319375, -3.97953, -3.68116, -3.3509, -3.62029, -3.19317, -3.12185, -2.22229, -1.61541, -1.66224, -2.76873, -2.00685, -2.36942, -1.86468, -2.84463, -3.25894, -3.02218, -3.10606, -2.81607, -3.24816, -3.52236, -3.43098, -2.82795, -2.56588, -3.26601, -2.74493, -2.3513, -3.62117, -3.5158, -3.67559, -3.78087
1.88, 0.0319375, -4.30639, -3.60276, -3.31088, -3.5282, -2.69815, -2.37496, -2.707, -2.24851, -1.61204, -2.66553, -2.02124, -1.41534, -1.78982, -2.37783, -3.03998, -3.03987, -2.78268, -2.55999, -3.49867, -3.91351, -3.87497, -3.39037, -2.88041, -3.14723, -2.83395, -2.44017, -3.31999, -3.15291, -3.41242, -3.7377
1.9, 0.0319375, -3.77526, -4.13207, -3.40755, -3.07339, -2.72936, -2.13707, -2.17334, -2.25485, -2.53225, -2.96852, -2.25074, -2.30122, -2.51642, -3.1051, -3.1404, -3.14518, -2.95191, -2.59558, -3.19725, -3.55647, -3.92945, -3.40695, -2.73721, -3.30424, -2.89312, -2.69468, -3.46477, -3.76266, -3.80305, -3.54385
1.92, 0.0319376, -4.53886, -4.98189, -3.83152, -3.01426, -2.64433, -2.26557, -1.43891, -1.28167, -1.66513, -2.44892, -2.05712, -2.41823, -2.44186, -2.5938, -3.37461, -3.49992, -3.19707, -3.21145, -3.38799, -3.8227, -3.89279, -3.52669, -2.92873, -3.77988, -3.46104, -2.82977, -3.59991, -3.68396, -3.787, -3.60203
1.94, 0.0319375, -4.21398, -4.25756, -3.69519, -3.71215, -2.86138, -1.87136, -1.34753, -1.95277, -2.15735, -2.81808, -2.53176, -2.56949, -2.89957, -3.17779, -3.29246, -3.21267, -3.33945, -2.8754, -3.56054, -3.82188, -3.83955, -3.64954, -3.40628, -3.9062, -3.02138, -2.86784, -3.43421, -3.2707, -3.54775, -3.76632
1.96, 0.0319375, -4.55435, -4.0115, -3.81639, -3.8409, -3.53972, -2.28443, -2.23261, -1.98753, -2.26091, -2.96625, -2.15101, -2.55743, -3.08686, -2.96697, -3.55818, -3.39087, -3.32181, -3.00872, -3.42751, -3.58019, -3.70886, -3.44702, -2.80332, -3.73463, -3.32381, -3.11218, -3.47526, -3.66538, -3.85312, -3.66045
1.98, 0.0319376, -5.21581, -4.6269, -4.24748, -3.65631, -3.05881, -2.67351, -1.8825, -1.59382, -2.25152, -2.85343, -2.38445, -2.4297, -2.12622, -2.55303, -3.65637, -3.93277, -2.95028, -3.05166, -3.76245, -3.94679, -4.01801, -3.68978, -3.49909, -4.0332, -3.57546, -3.16755, -3.68864, -3.50364, -3.67521, -3.68783
2, 0.0319376, -5.06528, -4.87742, -3.87214, -3.44153, -3.38725, -2.40972, -2.07416, -1.8253, -2.48642, -3.4317, -3.54436, -3.10672, -2.89675, -3.32516, -3.32482, -3.99015, -3.75775, -2.84153, -3.86225, -4.26558, -3.93817, -3.51614, -3.21762, -3.53446, -3.3334, -3.21593, -3.55206, -3.53708, -3.91132, -3.72992
2.02, 0.0319376, -4.45578, -4.49215, -3.80978, -3.3421, -3.11745, -3.27218, -2.43405, -1.99948, -2.0625, -2.71936, -3.01127, -3.35009, -3.75346, -3.17745, -3.24628, -3.38611, -3.41227, -3.23313, -3.90337, -3.84954, -3.76438, -3.57856, -3.37355, -3.67962, -3.54284, -3.27391, -3.52829, -3.47281, -3.78095, -3.35555
2.04, 0.0319376, -4.72456, -3.71137, -4.33557, -3.46039, -2.9663, -3.29163, -2.40582, -1.92913, -2.90906, -3.14672, -3.14351, -3.12397, -3.16413, -3.37246, -3.76841, -3.4674, -3.46952, -3.60256, -3.94615, -4.15282, -4.1326, -3.87866, -3.47808, -3.72618, -3.49838, -3.64314, -3.80765, -3.5668, -3.59447, -3.79397
2.06, 0.0319376, -5.09773, -4.27781, -4.82249, -4.50283, -3.72109, -3.28392, -3.11278, -2.77797, -3.14649, -3.33589, -2.98869, -3.12095, -3.08626, -3.45354, -4.44684, -4.00148, -3.64068, -3.5703, -3.87654, -3.72705, -3.64871, -3.73738, -3.72456, -3.8713, -3.66294, -3.67021, -3.58027, -3.87759, -4.00049, -3.61257
2.08, 0.0319376, -5.00682, -4.05513, -4.3003, -4.19944, -3.42925, -3.31814, -2.8235, -3.04304, -3.40155, -4.28492, -3.79917, -3.19515, -3.5794, -3.55617, -3.76165, -4.07715, -3.76099, -3.3714, -3.5626, -3.79702, -3.73874, -3.68897, -3.74403, -3.4314, -3.83082, -3.90833, -3.71103, -3.61957, -3.53401, -3.32543
2.1, 0.0319376, -5.2496, -4.93183, -4.01534, -3.52145, -3.39955, -3.71512, -3.92466, -3.93614, -3.525, -4.16346, -3.85119, -3.64861, -4.38137, -4.23332, -4.05432, -3.73454, -3.62294, -3.64277, -3.73229, -3.85213, -4.07924, -3.88622, -3.6566, -3.70883, -3.64619, -3.91888, -3.47737, -3.66229, -3.64529, -3.55643
2.12, 0.0319376, -4.71648, -4.28007, -4.45167, -4.46057, -3.8511, -3.47984, -3.51802, -3.79774, -4.165, -3.8607, -3.77907, -3.7721, -4.12744, -3.84647, -3.77669, -4.19257, -4.17536, -3.41095, -3.88467, -4.06606, -3.87221, -3.9802, -3.84031, -3.62099, -3.73473, -3.80966, -3.81919, -3.6787, -3.76506, -3.48239
2.14, 0.0319374, -4.48179, -4.108, -4.73572, -4.17886, -4.37981, -3.77726, -3.86625, -3.80088, -3.92313, -4.41222, -4.43884, -4.20071, -3.99849, -3.7004, -3.90165, -4.07635, -4.2648, -4.01903, -3.81707, -3.78236, -3.94511, -3.93444, -3.82426, -3.8681, -3.72227, -3.79065, -3.93082, -3.6949, -3.86316, -3.32933
2.16, 0.0319374, -6.15989, -4.70493, -3.932, -4.27969, -4.50547, -3.42682, -3.35398, -3.42725, -3.72818, -4.57737, -4.11558, -4.29158, -4.01725, -3.48772, -3.48941, -4.09313, -3.6471, -3.94692, -3.75538, -3.62373, -3.90198, -3.70805, -3.90929, -3.81896, -3.91209, -3.61917, -3.41433, -3.61642, -3.6871, -3.6865
2.18, 0.0319374, -5.35948, -5.57717, -4.61285, -4.21589, -4.10914, -3.62403, -4.28748, -4.79744, -4.16381, -3.85348, -3.82636, -3.61263, -4.09183, -3.83053, -3.72474, -3.81268, -4.0798, -4.25555, -4.1035, -3.92467, -3.8401, -4.12591, -3.77839, -3.72953, -3.7397, -3.70424, -3.75222, -3.52113, -3.57505, -3.61185
2.2, 0.0319374, -5.15141, -5.30779, -4.28114, -4.25409, -4.36715, -4.39613, -4.13652, -4.1567, -4.61735, -3.98799, -3.98573, -3.69039, -3.46882, -3.7721, -4.05039, -4.09777, -3.5438, -3.61334, -4.07835, -4.1388, -4.1109, -3.76064, -3.67468, -3.83713, -3.88772, -4.06039, -3.81456, -3.65466, -3.45107, -3.43748
2.22, 0.0319374, -4.81, -4.95005, -4.40529, -4.65881, -4.47985, -3.27093, -3.65472, -3.89451, -4.05146, -3.94173, -4.19678, -4.09897, -4.04298, -3.42116, -4.27723, -4.05095, -3.88077, -4.01294, -3.90986, -4.28832, -4.06902, -4.15772, -3.60154, -3.75718, -3.60681, -3.65161, -3.82648, -3.35015, -3.78819, -3.41241
2.24, 0.0319376, -4.98943, -4.06438, -4.35536, -4.30555, -3.96101, -4.05906, -3.87817, -4.08132, -3.42406, -4.12198, -3.84868, -3.78534, -4.14871, -3.70388, -4.38038, -4.09328, -3.9094, -4.12291, -3.78812, -4.13702, -3.82601, -3.97303, -4.14147, -4.52257, -3.9777, -3.56238, -3.47341, -3.60362, -3.39145, -3.2686
2.26, 0.0319376, -5.07386, -4.25929, -4.48915, -4.43425, -3.69002, -3.40475, -3.28719, -3.95126, -4.45531, -4.07349, -3.76648, -3.71746, -3.84375, -3.78186, -3.84949, -3.95857, -3.84888, -3.93219, -3.9936, -4.18823, -3.67, -3.53876, -3.73536, -3.71338, -3.84218, -3.54675, -3.6974, -3.62335, -3.89798, -3.74625
2.28, 0.0319376, -5.08481, -3.97733, -4.37112, -4.11791, -3.82212, -3.58322, -3.84762, -4.23543, -4.69279, -3.6924, -3.95752, -4.01656, -4.49432, -3.9492, -4.65732, -4.09973, -3.95681, -3.7505, -3.98498, -3.69329, -3.94623, -3.89666, -3.90042, -3.59656, -3.78471, -3.83412, -3.72203, -3.59649, -3.49501, -3.281
2.3, 0.0319376, -5.05187, -4.80308, -4.15807, -3.55911, -3.28884, -3.69661, -3.47248, -4.28753, -4.43942, -3.83991, -3.80574, -4.15987, -4.00575, -4.09585, -3.87785, -3.77821, -3.95314, -3.53833, -3.60812, -4.20797, -4.3706, -3.99337, -3.59737, -3.48407, -3.83606, -3.95775, -3.65548, -3.77609, -3.53507, -3.51136
2.32, 0.0319376, -5.00807, -4.33255, -3.77758, -3.83572, -4.19343, -4.0969, -3.6092, -4.12164, -4.04682, -4.11143, -4.0065, -3.68552, -3.80593, -3.77383, -3.38556, -3.78569, -3.6926, -3.43173, -3.15553, -3.78539, -3.44268, -3.343, -3.23722, -3.77218, -3.49316, -3.15205, -2.99945, -3.1384, -3.47153, -2.58819
2.34, 0.0319376, -5.03362, -3.9945, -3.93971, -4.43949, -3.85525, -3.62988, -4.1264, -3.90253, -3.87782, -3.61693, -4.00903, -3.81163, -3.84964, -3.94437, -4.24042, -4.31159, -3.91928, -3.84592, -3.65673, -3.77217, -3.76743, -3.33346, -3.38877, -3.8675, -3.76305, -3.8268, -3.76775, -3.6827, -3.43342, -3.45727
2.36, 0.0319376, -5.0504, -4.67574, -4.34593, -3.85841, -3.89898, -4.22361, -4.31583, -4.31995, -3.96262, -4.93645, -4.40706, -4.11231, -3.91417, -3.78229, -3.78779, -3.95847, -3.71804, -3.77881, -3.72579, -3.86818, -3.85086, -3.64884, -3.86951, -3.74403, -4.04278, -3.93236, -3.62509, -3.61141, -3.63172, -3.39452
2.38, 0.0319374, -5.70736, -5.54214, -4.19697, -4.26609, -4.30079, -4.28551, -4.05071, -4.16946, -3.85061, -4.24447, -3.91494, -3.89916, -4.07061, -3.93758, -3.94783, -3.73988, -4.0834, -3.96884, -3.75872, -3.98123, -3.95187, -3.98149, -3.85847, -3.49565, -3.54933, -3.69157, -3.6588, -3.7032, -3.72352, -3.70085
2.4, 0.0319374, -5.05735, -4.84517, -4.16335, -4.41585, -4.32066, -3.97875, -3.74936, -4.22597, -4.28533, -4.06275, -4.15389, -3.83279, -3.9493, -3.9762, -4.34352, -3.93505, -3.95671, -3.69722, -4.00023, -3.82855, -3.87793, -3.95314, -3.97939, -3.82851, -3.97299, -3.60237, -3.72134, -3.54657, -3.51263, -3.37713
2.42, 0.0319374, -5.08851, -4.5923, -4.56159, -4.60454, -4.66276, -3.77522, -3.85956, -3.86554, -3.6167, -3.93911, -3.896, -3.71452, -3.7814, -4.04973, -4.18218, -4.21543, -4.23565, -4.31975, -4.0604, -4.31995, -4.06252, -4.0318, -3.75141, -4.12759, -3.82413, -3.73416, -3.53857, -3.9624, -3.8556, -3.32126
2.44, 0.0319374, -5.42517, -4.37426, -3.99389, -4.55403, -4.08265, -4.36926, -3.76003, -4.31791, -3.56328, -3.34448, -3.7911, -3.47418, -3.98327, -4.16342, -4.19461, -3.76426, -3.94873, -3.64774, -3.98174, -4.015, -4.12233, -3.81563, -3.8105, -3.58212, -4.00483, -3.69073, -3.43204, -3.48008, -4.13199, -3.58881
2.46, 0.0319374, -5.06081, -5.08345, -4.42728, -4.76087, -4.34344, -4.02488, -3.78808, -3.88303, -3.7947, -3.80526, -3.87986, -3.89504, -3.47695, -3.73685, -3.99244, -4.05152, -3.94754, -4.08705, -3.87189, -3.90141, -3.98059, -4.16712, -4.04681, -4.1062, -3.99953, -3.81571, -3.77618, -3.55803, -3.3732, -3.6589
2.48, 0.0319376, -5.8124, -4.62562, -4.3387, -4.43863, -3.7956, -3.54445, -3.92181, -4.06573, -4.06891, -3.61684, -4.27054, -4.0513, -3.26953, -3.99676, -3.55703, -3.54053, -3.54721, -4.1293, -4.01245, -4.10519, -3.95855, -4.1664, -3.72762, -3.84131, -3.67717, -3.78827, -3.413, -3.86916, -3.721, -3.39932
2.5, 0.0319376, -5.44299, -4.74313, -3.80694, -4.25648, -4.86881, -4.49551, -4.14328, -4.3978, -3.82883, -3.66197, -4.00871, -4.30117, -4.20099, -3.75563, -3.7746, -4.17149, -4.48651, -3.95214, -4.02007, -4.06452, -3.74964, -3.86659, -3.64774, -3.79824, -3.74623, -3.64304, -3.87465, -3.56924, -3.78505, -3.72805
2.52, 0.0319376, -5.1629, -4.85105, -4.28441, -4.6483, -4.09784, -3.65982, -3.88215, -4.00168, -3.95481, -3.94895, -3.99012, -4.50113, -3.55824, -3.17171, -4.26693, -4.52833, -4.47424, -4.48611, -3.74411, -3.7015, -4.02727, -3.82133, -3.77664, -3.54045, -3.99586, -3.87284, -3.53424, -3.41906, -3.41523, -3.46454
2.54, 0.0319376, -5.49336, -5.26424, -4.84509, -4.48504, -4.52078, -4.43331, -4.66794, -3.53239, -3.56695, -4.06871, -3.90564, -3.79588, -4.18591, -4.23582, -4.06328, -3.47509, -4.08096, -3.91933, -3.93306, -3.72997, -4.138, -4.04094, -3.85862, -3.38214, -3.54863, -3.89864, -3.74757, -3.74083, -3.63617, -3.48408
2.56, 0.0319376, -4.82981, -4.72705, -4.92984, -3.98892, -3.68097, -3.8918, -3.70802, -4.32067, -3.72995, -4.35525, -3.36449, -3.62314, -3.42126, -3.67254, -3.9853, -4.12886, -3.67454, -4.36378, -3.84269, -3.76138, -4.10848, -4.09158, -4.04601, -4.1005, -3.6331, -3.69636, -3.82831, -3.66947, -3.9736, -3.61873
2.58, 0.0319376, -5.56044, -4.94261, -4.13183, -4.05143, -3.93213, -4.12568, -4.27553, -4.65898, -4.33337, -3.69606, -4.24719, -4.3217, -3.83324, -3.57405, -3.89492, -3.91113, -3.99734, -4.0285, -4.22421, -3.72265, -4.11394, -4.06146, -4.1564, -3.7164, -3.80672, -3.90898, -3.8879, -3.71419, -3.65465, -3.44926
2.6, 0.0319376, -5.65361, -4.88714, -4.57389, -4.86716, -4.25042, -3.81533, -3.71792, -4.57578, -4.07192, -4.28163, -3.77939, -4.21702, -4.09367, -3.86864, -3.87108, -4.31159, -4.13425, -3.8758, -3.88335, -4.0326, -4.06557, -3.8034, -3.90146, -3.72717, -3.54424, -3.69352, -4.03023, -3.98674, -3.65906, -3.73642
2.62, 0.0319376, -4.79015, -4.43607, -4.0795, -4.17625, -3.87573, -3.94726, -3.8655, -3.74061, -4.24019, -3.81251, -3.69536, -4.04457, -4.31161, -3.75743, -4.22219, -4.11037, -3.79018, -3.90358, -3.90216, -4.0635, -3.92857, -3.84478, -3.82526, -3.99236, -3.9444, -3.93603, -4.16587, -3.88469, -3.40473, -3.51783
2.64, 0.0319374, -5.7655, -4.89854, -4.14653, -5.0282, -5.05351, -4.22914, -3.94634, -4.21336, -4.6055, -4.37445, -4.15154, -3.78221, -4.03288, -3.99528, -4.03981, -4.19283, -3.88767, -3.82692, -3.88601, -3.8971, -3.62096, -3.60403, -3.74347, -3.66015, -4.08179, -3.92258, -3.8321, -3.82793, -3.50741, -3.44858
2.66, 0.0319374, -5.73368, -4.63451, -4.71273, -4.78552, -4.54033, -3.8553, -3.91306, -4.93734, -3.68017, -3.60367, -4.01541, -3.75903, -4.19056, -4.01268, -3.84935, -4.12529, -3.80452, -3.94412, -3.74849, -3.76813, -4.09697, -4.28631, -3.91119, -3.99788, -3.83818, -3.83694, -3.76311, -3.67956, -3.72341, -3.71631
2.68, 0.0319374, -5.49169, -4.87782, -4.29335, -4.19953, -3.90192, -3.69654, -4.17036, -3.6624, -3.77862, -3.89297, -3.7878, -4.14147, -4.44982, -3.73738, -3.79953, -3.8456, -3.71524, -3.71323, -4.12356, -4.05512, -4.59728, -4.19312, -4.00834, -3.9084, -3.49701, -3.72416, -3.41864, -3.53184, -3.49597, -3.25371
2.7, 0.0319374, -6.04955, -4.59223, -4.41857, -4.67803, -4.06637, -3.58777, -4.21181, -4.50994, -4.4645, -4.12932, -4.23025, -4.30641, -3.81691, -3.87461, -4.12711, -3.6544, -3.83975, -3.96854, -3.95417, -3.82784, -4.05112, -3.79231, -3.85308, -3.66338, -3.85322, -4.09932, -4.04236, -3.62959, -3.56709, -3.64232
2.72, 0.0319374, -5.15432, -4.49229, -4.02674, -3.78447, -4.53767, -3.79274, -3.91128, -4.06929, -4.21105, -4.544, -4.72754, -4.22544, -3.76724, -4.43871, -4.09326, -3.77794, -3.84758, -3.78086, -3.73011, -3.92963, -3.98608, -3.70799, -3.78694, -4.0661, -3.79494, -3.8134, -3.75924, -3.38244, -4.06669, -3.43688
2.74, 0.0319376, -5.33496, -4.91845, -4.33255, -4.51924, -3.97716, -3.79758, -4.19489, -3.80402, -3.84999, -4.21712, -3.80806, -3.62158, -4.2503, -4.1446, -3.92507, -3.61442, -3.75871, -3.84083, -3.69992, -3.44329, -3.8804, -4.12747, -3.8351, -3.59279, -3.46452, -3.56756, -3.51407, -3.61035, -3.66932, -3.3945
2.76, 0.0319376, -4.94029, -3.86222, -4.04805, -5.24191, -5.50305, -4.23816, -4.8076, -4.7326, -3.7732, -4.55942, -4.29929, -4.31568, -3.71216, -4.20567, -4.14327, -3.79042, -4.20412, -4.21176, -4.14693, -4.01791, -4.46631, -3.65843, -3.93495, -3.78679, -3.78992, -3.75321, -3.78135, -3.38878, -3.88171, -3.69917
2.78, 0.0319376, -5.37722, -4.31502, -3.90844, -4.40047, -3.96656, -3.47389, -3.51317, -4.17854, -4.02044, -4.21061, -4.35853, -4.01818, -4.11743, -4.39714, -4.29681, -4.0655, -3.81285, -3.95347, -4.04421, -4.09942, -4.17562, -4.1045, -4.16461, -4.30538, -3.79037, -3.5202, -3.64568, -3.43126, -3.51903, -3.63102
2.8, 0.0319376, -5.23645, -4.70459, -4.18919, -5.16003, -4.89509, -3.49425, -3.48888, -3.90054, -3.77268, -4.34719, -3.70823, -3.94849, -4.2402, -4.04621, -3.87271, -4.20824, -4.26712, -4.36565, -4.11016, -3.70605, -4.00493, -3.93398, -3.97209, -3.82368, -3.71585, -3.93234, -3.88481, -3.46409, -3.69954, -3.68928
2.82, 0.0319376, -5.32307, -4.01331, -3.90149, -3.72021, -4.19625, -3.79054, -4.23836, -4.348, -4.03076, -3.90418, -4.06158, -3.91149, -4.05719, -4.32508, -3.71446, -3.99192, -4.07009, -4.23713, -4.29578, -3.64351, -3.8096, -4.18759, -3.85605, -3.57523, -3.47152, -3.93465, -3.67773, -3.62062, -3.18454, -3.21835
2.84, 0.0319376, -5.06387, -4.34257, -3.66103, -4.17475, -4.24069, -3.86495, -4.04672, -3.91711, -3.55714, -3.76169, -3.52545, -3.45231, -3.68275, -3.70457, -4.11974, -3.7291, -3.58809, -3.83145, -3.67147, -3.87768, -3.96703, -3.90097, -3.9819, -4.11367, -3.98708, -3.59733, -3.56216, -3.62428, -3.89832, -3.78019
2.86, 0.0319376, -4.33551, -4.48615, -4.59052, -4.86195, -4.04954, -4.0182, -4.24357, -4.10678, -4.22013, -3.95911, -4.01945, -3.69921, -3.60451, -3.35807, -3.60439, -4.09036, -3.88119, -3.69793, -4.05217, -3.99151, -3.73433, -3.56671, -3.83209, -3.76437, -3.74545, -3.55228, -3.73976, -3.62942, -3.67245, -3.94118
2.88, 0.0319374, -4.9639, -5.00247, -4.10047, -4.79854, -4.28743, -3.99326, -3.94715, -4.23404, -3.90217, -3.9704, -4.37844, -4.56392, -4.80343, -3.74544, -3.71718, -3.73032, -4.10505, -4.08498, -4.12286, -3.94012, -3.98546, -3.59499, -3.71887, -3.57441, -3.72816, -3.84107, -4.0032, -3.72394, -3.60761, -3.61369
2.9, 0.0319374, -5.17786, -4.58708, -3.78138, -4.29825, -4.10364, -3.35955, -3.77065, -3.83081, -3.61218, -3.80065, -3.88092, -4.13742, -4.06539, -4.03027, -3.70916, -4.08549, -3.65426, -3.8472, -4.21966, -4.10202, -3.84408, -4.05889, -3.95342, -4.01118, -4.08732, -4.0866, -3.88062, -4.02308, -3.80289, -3.68213
2.92, 0.0319374, -5.1828, -5.20527, -4.79506, -4.85981, -4.42492, -3.90303, -3.82495, -3.81285, -3.49195, -3.89141, -4.57443, -3.60925, -3.98532, -4.09437, -4.11274, -4.23483, -4.07783, -3.76105, -3.80297, -3.99345, -3.6604, -3.49628, -3.72069, -3.98001, -4.03677, -3.70928, -3.57535, -3.56001, -3.75636, -3.65829
2.94, 0.0319374, -4.72391, -4.22683, -3.57955, -4.45193, -4.12927, -4.18689, -4.23306, -4.39746, -3.93029, -4.18939, -3.99287, -3.8053, -4.13238, -4.21849, -4.05443, -3.86042, -4.16396, -3.70912, -3.92194, -4.04487, -3.9231, -3.81116, -3.99572, -4.01952, -3.61468, -3.69604, -3.3571, -3.66106, -3.85805, -3.57239
2.96, 0.0319374, -5.20302, -4.40611, -4.52909, -4.98962, -3.92306, -3.68001, -3.91554, -3.96721, -4.03309, -3.93437, -4.60217, -3.72031, -3.66093, -3.81241, -4.19058, -4.02784, -4.16892, -4.3373, -3.90377, -4.10363, -3.8821, -3.86002, -3.78534, -3.86284, -3.90346, -4.00479, -3.81551, -3.49636, -3.58869, -3.43871
2.98, 0.0319376, -5.18347, -4.33446, -4.67288, -4.49439, -4.26992, -3.92527, -4.52724, -3.70463, -3.4726, -3.93408, -4.31157, -4.1733, -4.15693, -4.0084, -4.12883, -3.85909, -4.16847, -4.04007, -3.74635, -4.24635, -3.98781, -4.07745, -4.23309, -3.94928, -4.00317, -4.05543, -3.67618, -3.76243, -3.78223, -3.50795
3, 0.0319376, -5.22279, -4.03786, -3.94122, -4.35564, -4.29534, -3.7037, -4.05008, -4.28378, -4.04627, -4.66016, -3.83106, -4.08249, -3.63636, -3.85171, -4.09683, -4.304, -3.69236, -3.51882, -3.84598, -3.91533, -3.87712, -3.99816, -3.84995, -3.91553, -3.96784, -3.66064, -3.7344, -3.63994, -3.63648, -3.50191
3.02, 0.0319376, -5.44383, -4.94623, -4.28841, -4.19647, -4.21348, -3.58762, -3.72564, -3.81587, -4.21465, -4.42236, -4.26004, -4.62673, -3.84274, -3.60115, -3.74686, -4.05811, -4.21276, -4.29094, -4.51818, -4.16899, -4.07791, -4.06831, -4.01174, -3.79088, -3.8879, -3.79108, -3.55445, -3.82611, -3.71585, -3.58259
3.04, 0.0319376, -5.60975, -6.21217, -4.66957, -3.93596, -3.86274, -3.87636, -4.32568, -4.16846, -3.87119, -4.19076, -4.21951, -4.18163, -3.68595, -3.68181, -4.15873, -3.72701, -3.82983, -4.14095, -4.01546, -4.06377, -4.15289, -4.06677, -4.31207, -3.66513, -3.74166, -3.57266, -3.87464, -3.50612, -3.40224, -3.3176
3.06, 0.0319376, -5.19328, -4.7745, -4.8836, -4.67487, -4.47593, -4.69183, -4.50562, -4.07897, -3.96262, -3.99556, -4.18424, -4.04663, -3.70184, -4.00983, -4.51724, -3.79937, -3.78875, -3.77923, -3.76694, -3.79139, -3.83876, -3.67684, -3.93118, -4.10712, -3.90263, -3.78132, -3.76479, -3.96489, -3.61737, -3.26879
3.08, 0.0319376, -4.97054, -4.68506, -4.0783, -4.29797, -4.08356, -4.10193, -4.28249, -4.75453, -3.92585, -3.9458, -4.26621, -4.25356, -3.46759, -3.60274, -3.77484, -3.6474, -4.07995, -3.70073, -3.28215, -3.8761, -4.12511, -3.97525, -3.85495, -3.76761, -3.57778, -3.66338, -3.678, -3.47881, -3.69437, -3.66623
3.1, 0.0319376, -4.65815, -4.44474, -4.54756, -4.12756, -4.50322, -3.66305, -3.76067, -3.86267, -3.91017, -4.30638, -4.48327, -3.98291, -3.72136, -3.93121, -4.18557, -4.0909, -3.96496, -3.50245, -3.91716, -3.81802, -3.91486, -4.22116, -4.08687, -3.73617, -3.83257, -3.91501, -3.48685, -3.56351, -3.63151, -3.79672
3.12, 0.0319376, -5.14418, -4.72158, -4.4012, -4.32511, -4.54427, -3.60886, -3.76796, -4.25296, -4.03211, -3.6562, -3.53809, -4.29545, -3.96258, -3.95414, -3.7072, -4.05025, -3.737, -4.09817, -3.90309, -3.95228, -3.93852, -3.80793, -3.76438, -3.97336, -3.65598, -3.59348, -3.66969, -3.69282, -3.68592, -3.7946
3.14, 0.0319374, -5.55367, -4.52674, -4.06393, -4.21428, -3.72396, -4.11656, -3.71628, -4.64659, -4.38401, -4.29581, -4.18165, -4.07352, -4.2948, -4.30169, -4.20106, -3.98168, -4.19279, -4.05998, -3.86533, -3.87594, -4.04771, -4.06491, -4.09922, -4.04084, -3.42446, -3.60168, -3.65266, -3.8469, -3.81441, -3.47088
3.16, 0.0319374, -4.73119, -4.76705, -4.0096, -3.90481, -3.76552, -3.53488, -3.62304, -3.51043, -4.40807, -4.54663, -4.68991, -3.96807, -3.59052, -3.71046, -4.38498, -4.29408, -4.14142, -3.78953, -4.17773, -4.19975, -3.98526, -4.03125, -3.86543, -3.86285, -3.93369, -3.62782, -3.62562, -3.56185, -3.75255, -3.65177
3.18, 0.0319374, -4.623, -4.45398, -5.16829, -4.31804, -4.43636, -3.59762, -4.06762, -4.14168, -3.99894, -3.61602, -4.37796, -3.43096, -3.98468, -4.56049, -4.1508, -3.91607, -3.76673, -4.21655, -3.80844, -3.79722, -3.87108, -4.17316, -4.18565, -4.24893, -3.87283, -3.93487, -3.92618, -3.91994, -3.79913, -3.67229
3.2, 0.0319374, -6.01271, -5.54518, -4.44093, -4.17261, -4.34272, -3.92227, -3.79119, -4.25759, -3.79797, -3.77641, -4.3773, -3.8489, -3.92658, -4.13429, -4.12543, -4.22327, -4.45839, -4.27454, -3.62419, -3.86368, -3.7827, -4.17262, -4.0542, -4.0696, -3.58139, -3.57572, -3.66329, -3.69765, -3.68613, -3.37175
3.22, 0.0319374, -4.84254, -5.01691, -4.70528, -4.35251, -4.63763, -3.97585, -3.35633, -3.67342, -4.244, -3.75509, -4.156, -4.37807, -4.07615, -3.91885, -3.8266, -3.8409, -4.06471, -3.95055, -4.23043, -4.5738, -4.15504, -4.01924, -4.05038, -3.72948, -3.72968, -3.65106, -3.82022, -3.71243, -3.58591, -3.56758
3.24, 0.0319376, -4.48747, -4.38853, -4.72034, -4.90921, -4.20991, -4.29593, -3.91886, -4.07996, -4.72596, -3.76986, -3.60677, -4.24276, -3.76599, -3.91144, -3.83509, -3.90645, -3.67418, -3.86439, -3.9707, -4.38584, -3.88977, -3.93585, -3.68569, -3.73613, -3.52005, -3.61048, -3.40614, -3.66098, -3.61861, -3.65815
3.26, 0.0319376, -4.83078, -4.68815, -3.93176, -4.11605, -4.2091, -3.71209, -3.70908, -3.55704, -4.42557, -4.37419, -3.94432, -3.78836, -3.41749, -3.55871, -3.81573, -4.3094, -4.07751, -4.12122, -4.12453, -4.23032, -4.03393, -3.73063, -3.56218, -3.91801, -3.87287, -3.76647, -3.78612, -3.81783, -3.71801, -3.58805
3.28, 0.0319376, -5.48785, -5.15273, -4.47996, -4.25849, -3.86313, -3.66213, -3.97112, -4.15443, -3.92288, -3.67994, -3.46983, -4.03082, -3.74655, -3.77688, -3.85113, -3.41567, -3.80398, -4.21117, -4.20377, -4.50562, -3.94886, -3.86061, -4.09741, -3.9677, -3.83207, -3.80908, -3.72209, -3.75028, -3.61842, -3.87883
3.3, 0.0319376, -4.85765, -4.79313, -4.26993, -4.49092, -4.38141, -3.47586, -3.93324, -4.15886, -4.34135, -4.23, -4.33948, -3.63687, -3.98074, -3.76265, -3.83212, -4.35084, -4.19153, -3.77539, -3.94981, -4.26139, -3.75156, -3.79834, -3.59566, -4.13771, -3.83221, -3.78203, -3.95497, -3.6925, -3.53162, -3.75237
3.32, 0.0319376, -4.75129, -4.26971, -4.25854, -4.36111, -4.42403, -3.68005, -3.74002, -3.78047, -4.39373, -4.24084, -3.93626, -3.95153, -3.536, -3.75198, -4.13542, -3.76043, -3.8319, -3.76249, -4.06747, -4.11352, -3.78746, -3.94365, -3.71043, -4.00026, -3.78704, -3.93729, -3.45342, -3.25063, -3.52756, -3.35715
3.34, 0.0319376, -4.62982, -4.60913, -4.66397, -4.58787, -4.50322, -4.31898, -3.50447, -4.34009, -4.21713, -4.37024, -3.69407, -3.74732, -4.43872, -4.33819, -4.44102, -4.00876, -3.66573, -3.78597, -4.23435, -4.11349, -4.10931, -3.9612, -4.09046, -4.17737, -3.93743, -3.78334, -3.70753, -3.78183, -3.58523, -3.62194
3.36, 0.0319376, -4.82195, -5.07489, -5.3707, -5.05244, -5.0064, -4.37301, -4.28247, -4.38806, -4.30595, -3.90055, -4.30959, -4.03215, -4.21466, -4.07735, -4.1316, -4.21341, -3.89274, -3.89737, -3.75922, -3.94801, -3.93666, -3.84961, -3.65434, -3.82446, -3.92879, -3.96395, -3.67788, -3.55917, -3.62622, -3.3804
3.38, 0.0319374, -4.785, -4.50122, -5.03763, -4.69828, -4.46778, -3.56987, -3.94663, -4.17243, -3.90772, -3.51727, -3.93054, -4.00088, -4.1167, -4.11663, -3.73846, -3.87539, -3.984, -4.28734, -4.07278, -3.88059, -4.0548, -4.00419, -4.03895, -3.81466, -3.45757, -3.75225, -3.44377, -3.62161, -3.5134, -3.31818
3.4, 0.0319374, -4.85213, -4.40547, -3.85348, -4.02773, -4.30572, -4.00231, -3.7103, -4.2015, -4.16445, -4.03736, -4.17782, -4.48027, -4.44028, -4.87217, -3.88616, -3.92201, -3.85443, -3.90524, -3.5242, -3.77873, -3.92165, -3.924, -3.71268, -3.84067, -3.88656, -3.29191, -3.46761, -3.93582, -3.76525, -3.659
3.42, 0.0319374, -4.89193, -3.98529, -4.58145, -4.27791, -4.05936, -3.38769, -3.51586, -3.82571, -3.76913, -3.64218, -3.89399, -3.62061, -3.92492, -3.76978, -3.92498, -4.14573, -4.17505, -4.02679, -3.90158, -4.0297, -3.94421, -4.12472, -3.99772, -4.06998, -3.97514, -3.59745, -3.55073, -3.54915, -3.65356, -3.41451
3.44, 0.0319374, -6.06552, -4.4252, -4.23902, -4.02069, -4.01294, -3.75267, -3.50064, -4.06032, -4.0576, -4.59222, -4.08107, -4.10141, -3.93189, -3.99573, -3.89403, -4.42893, -4.08907, -4.04826, -3.72011, -4.12177, -4.00657, -3.70714, -3.88182, -3.86762, -3.52639, -3.82148, -3.86786, -3.72477, -3.47963, -3.53929
3.46, 0.0319374, -4.75874, -4.46472, -4.48478, -4.05623, -4.17873, -3.97164, -3.47366, -3.48129, -3.81068, -4.00876, -4.11674, -3.93025, -4.03615, -3.50283, -3.55291, -3.96282, -3.68391, -3.79992, -4.18873, -4.00834, -3.70839, -4.01392, -4.00148, -3.54684, -3.62525, -3.78865, -3.58372, -3.67032, -3.47912, -3.57857
3.48, 0.0319376, -5.44005, -4.6924, -4.54339, -4.45263, -4.04423, -3.75762, -4.08699, -3.80689, -3.75678, -3.73026, -4.61447, -3.95194, -3.81134, -3.75819, -3.66125, -3.86673, -3.89987, -4.52764, -3.94796, -3.8611, -3.50623, -3.86267, -3.74548, -3.91814, -3.76461, -3.36244, -3.61037, -3.77146, -3.85346, -3.71713
3.5, 0.0319376, -4.89255, -4.702, -4.34547, -4.68434, -3.53217, -3.59339, -3.51563, -4.09483, -3.71108, -3.70221, -4.02303, -4.49554, -4.15156, -3.89777, -3.77557, -3.74124, -4.25449, -4.21857, -3.8412, -3.86629, -3.89065, -3.82224, -3.87257, -3.78487, -3.75559, -3.6534, -3.65977, -3.59446, -3.72063, -3.49157
3.52, 0.0319376, -4.53675, -4.04599, -3.73857, -4.0889, -4.03034, -3.74408, -3.76304, -3.79304, -3.79027, -4.46728, -4.10756, -3.87026, -3.81899, -3.4351, -3.72907, -3.68622, -3.8931, -3.85239, -3.61358, -3.91402, -4.15538, -4.0533, -3.80501, -3.79051, -3.57642, -3.99526, -3.68794, -3.52355, -3.6239, -3.53024
3.54, 0.0319376, -5.12709, -5.09379, -4.76928, -4.67625, -4.15442, -3.94804, -3.80643, -3.71967, -4.14512, -4.155, -4.23861, -4.42672, -3.94268, -4.35426, -4.40673, -3.66827, -4.02354, -4.25651, -3.89291, -3.9204, -3.89342, -3.71321, -4.07523, -3.71024, -3.86334, -3.86777, -3.72804, -3.59525, -3.61751, -3.52448
3.56, 0.0319376, -4.78711, -3.9614, -3.92742, -4.38721, -3.9174, -3.75627, -3.60811, -4.24407, -4.32803, -3.74034, -3.67554, -4.14272, -4.10543, -3.49208, -3.42563, -3.55157, -4.20309, -3.97319, -3.90094, -3.71874, -3.96711, -3.85148, -3.96358, -3.9219, -3.87682, -3.61409, -3.62308, -3.59316, -3.84597, -3.67195
3.58, 0.0319376, -4.72666, -5.31599, -4.4619, -4.19327, -4.47739, -4.0238, -4.41911, -4.58525, -3.80979, -4.07118, -4.39543, -4.29028, -4.2544, -3.66342, -3.97327, -3.92462, -4.10476, -3.87766, -4.29066, -4.11642, -3.99187, -3.823, -4.02135, -3.94319, -4.26803, -3.96469, -3.95794, -3.73879, -3.88431, -3.68564
3.6, 0.0319376, -4.82762, -4.11576, -3.70982, -4.48856, -4.62699, -4.33664, -4.37115, -4.09616, -3.90239, -4.35526, -4.30353, -4.06068, -3.8578, -3.9792, -3.97491, -3.82229, -3.88026, -3.78107, -4.05989, -4.06886, -4.08615, -4.05061, -3.94971, -3.94559, -3.6724, -3.50098, -3.7641, -3.77205, -3.70524, -3.42391
3.62, 0.0319376, -5.27333, -5.10833, -4.14075, -3.71611, -3.70862, -3.72422, -3.99191, -3.53188, -3.60226, -3.85248, -4.20404, -4.55981, -3.71528, -3.60531, -4.19276, -4.15041, -4.11092, -3.73354, -4.05031, -3.86661, -3.60125, -4.20451, -4.12235, -3.9382, -3.98274, -3.90183, -3.6011, -3.6833, -3.47255, -3.66795
3.64, 0.0319374, -5.31096, -4.45025, -4.45125, -4.44458, -4.42688, -4.20299, -4.41436, -4.26383, -4.52467, -4.03119, -3.62728, -3.85472, -4.47141, -3.97939, -4.05309, -3.97299, -3.92434, -3.74828, -4.00395, -3.75905, -3.94451, -3.90818, -3.81193, -3.7976, -3.86132, -3.873, -4.24423, -3.68144, -3.78078, -3.56092
3.66, 0.0319374, -5.31498, -4.67752, -4.32345, -4.12853, -3.84353, -3.82327, -4.17617, -3.94069, -4.02596, -3.90189, -4.04496, -3.98024, -3.83829, -4.214, -3.96173, -3.61349, -4.20753, -3.88816, -4.10699, -4.15409, -3.58229, -3.72512, -3.86042, -4.08666, -3.71868, -3.62213, -3.74711, -3.49856, -3.64383, -3.45058
3.68, 0.0319374, -4.84506, -4.76576, -4.55287, -4.43816, -3.52966, -3.4952, -3.61428, -3.76672, -3.8181, -4.30768, -3.74828, -4.15528, -4.35937, -4.21156, -4.36136, -4.20859, -3.66783, -3.5532, -3.6096, -4.19395, -4.16259, -3.90316, -4.05843, -3.68242, -3.48923, -3.36791, -3.59499, -3.48447, -3.60013, -3.62403
3.7, 0.0319374, -4.92609, -4.21748, -4.69582, -4.2707, -4.32545, -3.61032, -3.65912, -5.01468, -4.03756, -4.10532, -3.48358, -3.69964, -4.1212, -4.1516, -3.69983, -4.03542, -3.97068, -3.87137, -4.01403, -3.87243, -3.81049, -4.10602, -3.94886, -3.5895, -3.83474, -3.57301, -3.72045, -3.55182, -3.81585, -3.87276
3.72, 0.0319374, -5.31286, -4.87292, -4.32466, -3.65507, -4.20647, -3.73993, -3.69377, -3.77765, -3.76788, -4.3166, -4.55893, -4.20047, -3.98752, -4.07596, -3.75422, -4.05102, -3.98817, -4.08301, -3.90468, -4.07296, -4.09702, -4.25717, -4.02492, -4.197, -4.02102, -3.90927, -3.75091, -3.66766, -3.57845, -3.40648
3.74, 0.0319376, -5.15725, -4.44677, -4.72365, -4.48848, -4.77172, -3.54264, -3.73058, -4.31423, -4.20529, -3.80903, -3.96531, -4.20847, -4.02291, -3.96316, -3.93262, -3.65076, -3.96868, -4.2022, -4.0014, -3.71136, -3.65368, -3.83361, -3.95806, -4.02661, -3.98723, -3.961, -3.94302, -3.64126, -3.5145, -3.38533
3.76, 0.0319376, -4.5235, -4.35558, -4.23772, -5.17871, -4.36417, -3.8525, -4.59165, -4.40424, -3.98818, -4.11836, -4.09932, -3.94288, -3.82555, -3.86897, -3.9977, -3.94018, -3.86802, -4.3725, -4.04914, -4.09173, -3.92049, -3.96419, -3.45617, -3.69107, -3.95654, -3.75005, -3.72489, -3.47911, -3.60288, -3.57679
3.78, 0.0319376, -4.71285, -5.73627, -4.89247, -4.43177, -4.31505, -4.06225, -4.04612, -4.39014, -3.74025, -3.44793, -3.56071, -3.97728, -3.94339, -3.65854, -4.29799, -4.1767, -3.71135, -3.69734, -3.93708, -4.19262, -4.04648, -4.03918, -3.72384, -3.6338, -3.63883, -3.78931, -3.63509, -3.78365, -3.54405, -3.44024
3.8, 0.0319376, -5.20753, -5.55445, -4.10942, -3.92566, -4.02054, -3.60107, -3.74969, -4.05197, -3.86653, -4.07091, -4.15171, -4.10406, -3.67903, -3.72176, -4.38846, -4.1299, -4.16298, -3.78732, -3.79887, -4.08167, -3.9385, -4.28623, -4.07519, -3.66559, -3.64324, -3.81529, -3.95617, -3.6245, -3.54425, -3.7314
3.82, 0.0319376, -5.4511, -4.61083, -4.53611, -4.37324, -4.07717, -3.95746, -4.12197, -4.17465, -3.72772, -3.92562, -3.89048, -4.17301, -3.84909, -3.9331, -3.88358, -3.69485, -3.84606, -3.82163, -4.12635, -4.00243, -3.96742, -3.97044, -3.82139, -3.83724, -3.83245, -4.03521, -4.09515, -3.681, -3.65366, -3.90549
3.84, 0.0319376, -4.42597, -4.54918, -4.21969, -4.33486, -3.73253, -3.53983, -3.80551, -3.59283, -4.21889, -4.03843, -4.30714, -4.14465, -3.79857, -3.86528, -4.05646, -4.22645, -3.78838, -3.64307, -4.14561, -4.22382, -4.3753, -3.91146, -3.87207, -4.07735, -3.86863, -3.8574, -3.66659, -3.52254, -3.68429, -3.64723
3.86, 0.0319376, -5.39225, -4.69285, -4.20522, -4.37749, -4.31699, -4.08688, -3.87627, -3.84035, -3.83972, -4.94618, -3.96259, -3.54459, -4.07972, -3.77706, -3.51067, -3.87558, -3.93413, -4.23217, -4.32045, -4.05793, -4.28224, -4.17704, -3.9693, -3.62123, -3.82772, -3.63097, -3.36394, -3.35892, -3.39, -3.3566
3.88, 0.0319374, -4.60648, -4.01186, -3.5169, -4.17073, -3.86022, -3.91678, -3.71278, -3.61266, -3.33617, -3.926, -3.82978, -4.18519, -4.13126, -3.53696, -3.76387, -3.77393, -4.13185, -4.05879, -3.9656, -4.09342, -3.85632, -3.77702, -4.04062, -3.94427, -3.75577, -3.79924, -3.76261, -3.57496, -3.52603, -3.46243
3.9, 0.0319374, -4.92164, -4.34047, -3.84589, -4.58359, -4.00731, -3.73603, -3.632, -3.8098, -4.3838, -4.27621, -3.52077, -3.48079, -3.94573, -3.85229, -3.72084, -3.9713, -4.02273, -4.25877, -3.96026, -3.83132, -3.8036, -3.89095, -3.74737, -3.74443, -4.0936, -3.78669, -3.61895, -3.75975, -3.50917, -3.67315
3.92, 0.0319374, -4.98214, -4.53327, -4.23486, -4.44341, -3.55584, -4.31175, -4.07927, -4.40638, -4.24117, -3.76361, -4.64098, -4.21941, -3.86144, -3.80414, -3.67872, -4.04615, -3.99609, -3.7947, -3.75351, -4.53746, -4.11846, -3.93531, -3.77437, -3.7172, -3.63702, -3.80349, -3.78781, -3.66535, -3.52088, -3.4508
3.94, 0.0319374, -5.36954, -4.99502, -4.43807, -3.71409, -4.46869, -3.91719, -3.63409, -3.57006, -3.53803, -3.85182, -3.79869, -3.43056, -3.93286, -3.99091, -4.04316, -3.7863, -3.92984, -3.93915, -3.45024, -3.68003, -4.26572, -4.05364, -3.84698, -3.86253, -3.64622, -3.82021, -3.7772, -3.63368, -3.58398, -3.52422
3.96, 0.0319374, -6.18545, -5.12008, -4.3055, -4.35554, -4.74514, -3.66058, -3.86526, -4.1833, -3.77934, -3.88381, -3.72908, -3.71967, -3.78964, -4.21681, -3.953, -3.9804, -4.08316, -3.96835, -3.741, -3.81503, -3.64929, -3.82978, -3.70999, -3.83197, -3.58002, -3.67536, -3.8581, -3.78736, -3.61964, -3.28871
3.98, 0.0319376, -4.81517, -4.08926, -4.03084, -4.20835, -4.43078, -4.25213, -4.12912, -4.78332, -4.0173, -3.50607, -4.29945, -4.22925, -4.09148, -3.87898, -3.67165, -3.36516, -4.05798, -4.24124, -3.94545, -3.78721, -3.83834, -3.6117, -3.84626, -4.02793, -3.99479, -3.75843, -4.01178, -3.59038, -3.45419, -3.34492
4, 0.0319376, -4.88386, -4.73097, -4.12927, -4.78732, -4.60472, -4.25068, -4.09685, -3.94116, -4.63894, -4.0611, -4.33249, -4.01191, -3.41334, -3.65978, -3.94093, -3.86621, -3.55579, -3.85979, -3.83588, -3.9382, -3.91602, -3.96808, -3.67708, -3.64284, -3.8093, -3.96056, -3.96945, -3.76271, -4.0332, -3.61471
4.02, 0.0319376, -5.40087, -5.0394, -4.75339, -4.03016, -3.81257, -3.41777, -4.15822, -4.16402, -3.75476, -4.51759, -4.21401, -4.37326, -4.09974, -4.09374, -4.16793, -4.53091, -3.8464, -3.92251, -3.96502, -4.11512, -3.89003, -3.90909, -3.75462, -3.82448, -3.77942, -3.91969, -3.33234, -3.49251, -3.30773, -3.26333
4.04, 0.0319376, -4.65093, -4.60719, -4.51375, -4.31831, -4.36782, -3.61459, -4.00688, -3.88196, -4.48466, -4.1892, -3.63354, -3.68219, -3.86805, -4.23725, -3.95262, -3.74323, -4.26148, -4.24968, -3.88423, -3.65576, -4.04824, -3.9088, -3.91227, -3.63198, -3.57149, -3.52528, -3.56427, -3.69479, -3.69457, -3.75315
4.06, 0.0319376, -5.46297, -4.19043, -3.94712, -4.56916, -3.62141, -3.93211, -4.22505, -4.17865, -4.153, -3.97093, -3.92111, -4.04914, -3.81171, -3.88881, -3.84669, -3.81441, -3.72884, -4.03036, -4.28377, -4.01123, -4.08898, -3.95496, -3.86149, -4.0577, -3.57492, -3.75649, -3.46416, -3.44829, -3.64262, -3.57487
4.08, 0.0319376, -5.0631, -4.87141, -4.71027, -4.33259, -3.84519, -3.82495, -4.02039, -3.79235, -3.8358, -3.80953, -4.47646, -3.88322, -3.79247, -3.56565, -3.92356, -4.00237, -3.846, -3.73181, -4.27249, -4.17162, -3.9206, -3.98497, -3.94427, -3.4157, -3.67674, -3.90651, -3.69077, -3.62647, -3.54333, -3.43755
4.1, 0.0319376, -5.10967, -5.82922, -4.61072, -4.10962, -3.6028, -3.40492, -3.25107, -2.83396, -2.86263, -3.11036, -3.47512, -3.29157, -3.59137, -3.4775, -3.8295, -4.406, -3.47074, -3.84336, -3.68565, -4.03155, -3.79239, -3.83226, -3.74951, -3.88278, -3.60665, -3.79473, -3.80312, -3.53293, -3.72789, -3.43738
4.12, 0.0319376, -5.17742, -4.39243, -4.38501, -3.40216, -2.79249, -2.95871, -2.22898, -1.29832, -1.38763, -2.27322, -2.13884, -1.89672, -2.65674, -2.57266, -3.24685, -3.41251, -3.34385, -3.64719, -3.89606, -4.16398, -4.14509, -3.78523, -3.88587, -3.93171, -3.96909, -3.68392, -3.65177, -3.56909, -3.67398, -3.56567
4.14, 0.0319376, -5.08674, -3.26404, -3.13453, -2.92456, -2.85592, -1.8905, -1.80176, -1.40398, -0.809653, -2.2106, -1.54764, -1.72173, -1.76379, -1.8765, -2.63552, -2.15528, -1.45445, -2.61552, -3.47249, -3.64973, -3.73367, -3.51634, -3.71035, -3.7467, -2.88751, -2.70859, -3.60815, -3.52522, -3.61573, -3.52184
4.16, 0.0319376, -4.30193, -3.44881, -3.30985, -3.06189, -2.1268, -1.34221, -0.921221, -0.109426, -0.337989, -0.835402, -0.812562, -1.17842, -1.07129, -1.30258, -1.74893, -2.18648, -1.4114, -1.91482, -3.00921, -3.69395, -3.77488, -2.66828, -2.78349, -3.46596, -2.34325, -2.05083, -3.27498, -3.36112, -3.50422, -3.74874
4.18, 0.0319376, -4.32478, -3.36832, -3.09168, -2.42088, -1.27333, -1.26575, -0.860417, -0.256161, -0.596549, -1.21324, -0.840451, -0.709737, -0.43637, -1.22713, -1.97509, -1.82835, -1.50573, -2.2076, -2.67579, -3.85957, -3.38603, -3.35362, -3.13642, -3.82911, -2.99436, -2.37195, -3.33628, -3.13312, -2.84969, -3.24198
4.2, 0.0319376, -4.012, -3.75173, -3.2971, -3.24162, -1.73165, -1.25079, -0.565074, -0.0883059, -0.918724, -0.854824, -0.384282, -0.911995, -1.03286, -0.639479, -1.20849, -1.4201, -1.09976, -1.60356, -3.07993, -3.61216, -3.51476, -2.2565, -2.72786, -3.67564, -2.21136, -1.57185, -3.07684, -2.99594, -2.84783, -3.26424
4.22, 0.0319376, -3.71143, -3.56398, -3.29289, -2.56027, -1.90021, -1.68963, -0.951666, -0.431593, -0.437181, -0.627466, -0.911668, -0.5169, -0.748916, -0.801526, -2.10809, -1.70534, -0.983912, -1.66185, -2.6219, -3.33499, -3.62079, -2.64912, -2.7748, -3.94509, -2.48898, -2.00202, -3.05024, -2.99783, -3.28402, -3.14383
4.24, 0.0319376, -3.38187, -2.9711, -2.40757, -2.08686, -1.66889, -1.13528, -0.869679, 0.0192054, -0.063366, -0.596561, -0.618166, -0.922603, -0.928241, -0.760937, -1.31908, -1.33544, -0.885679, -1.32502, -2.31076, -3.22546, -3.09103, -1.76892, -2.25104, -3.46418, -2.41184, -1.75314, -2.64916, -2.65848, -2.43905, -2.77076
4.26, 0.0319371, -3.94623, -2.667, -3.12091, -1.84924, -1.3182, -1.31146, -0.828356, 0.156034, 0.339389, -0.453607, -0.492001, -0.443994, -0.23806, -0.616546, -0.915496, -1.08473, -0.789378, -1.07825, -2.0215, -2.76613, -2.6667, -1.9758, -2.03403, -3.28574, -1.96829, -1.45504, -2.51862, -2.63788, -2.16904, -2.88952
4.28, 0.0319371, -4.097, -2.55901, -3.12683, -2.76343, -2.08406, -0.702747, -0.509462, -0.17297, -0.134455, -0.513078, -0.449334, -0.65788, -0.340829, -0.417926, -1.22589, -0.786126, -0.42402, -1.12207, -2.29908, -2.79071, -2.76324, -1.80344, -1.94198, -3.07817, -1.75665, -1.00108, -2.31942, -2.50891, -1.89913, -2.35262
4.3, 0.0319371, -4.232, -3.34945, -3.60265, -2.25624, -2.21942, -1.18315, -0.947438, -0.037928, 0.190995, -0.184194, -0.406559, -0.654362, -0.294533, -0.415775, -0.728934, -1.39319, -0.0293581, -0.466586, -1.41287, -2.38533, -2.73156, -1.67171, -1.87048, -2.95066, -1.64629, -0.937489, -2.19659, -2.65264, -1.95709, -2.11408
4.32, 0.0319371, -4.23362, -3.49637, -3.57315, -2.42768, -0.656846, -0.819737, -0.533676, -0.286835, -0.397498, -0.522664, -0.119906, -0.020127, -0.138903, -0.0835328, -1.00982, -1.24504, -0.234946, -0.734194, -1.84088, -2.25401, -1.84594, -1.27234, -1.46419, -2.5685, -1.11114, -0.391559, -1.77087, -2.19719, -1.37348, -1.61349
4.34, 0.0319371, -3.01517, -2.89081, -2.77997, -2.15196, -0.923788, -1.13359, -0.299062, 0.0781268, -0.38425, -0.287581, -0.208401, -0.34103, 0.528663, 0.455635, -0.0991869, -0.84457, -0.0361624, -0.723599, -1.57207, -1.88422, -2.06988, -1.54573, -1.35226, -2.91299, -1.47491, -0.255332, -1.78197, -1.77377, -1.31486, -1.6674
4.36, 0.0319376, -3.52934, -2.88281, -3.02651, -2.2849, -1.05222, -0.778944, -0.997428, 0.532052, 0.87197, 0.0826809, -0.610782, -0.421897, 0.0782556, 0.146274, -0.309182, -0.564509, -0.164591, -0.413479, -1.42697, -2.15982, -2.10167, -1.12782, -1.74287, -2.73709, -1.09134, -0.389988, -1.44443, -1.68367, -1.06133, -1.48302
4.38, 0.0319376, -3.62635, -3.70801, -3.0852, -2.69124, -2.02878, -1.04917, -0.737713, 0.306152, -0.247853, -0.218306, 0.238328, 0.324579, -0.206898, -0.370086, -0.187028, -0.456046, -0.466207, -0.599661, -1.30989, -2.26496, -1.81642, -1.47643, -1.30836, -2.36376, -0.960742, -0.0959245, -1.27584, -1.77856, -1.35944, -2.00778
4.4, 0.0319376, -3.56716, -2.83432, -2.50677, -2.28491, -1.04096, -0.77519, -0.0432016, -0.0271787, 0.590887, -0.28567, -0.0491818, -0.0803949, 0.303596, -0.683352, -1.03635, -0.782472, -0.255622, -0.264839, -1.27191, -2.01299, -2.25209, -1.1564, -1.35421, -2.38995, -1.12171, -0.085237, -1.34948, -1.73441, -1.36526, -1.79303
4.42, 0.0319376, -3.70595, -2.84372, -2.43898, -2.28182, -1.23709, -0.60085, 0.012755, 0.589747, 0.703374, 0.519514, 0.370197, 0.550849, 0.355777, -0.187981, -0.725024, -0.488787, -0.135657, -0.199103, -1.03645, -1.79071, -2.10632, -1.44144, -1.38237, -2.68504, -1.03089, -0.0817574, -1.6478, -1.64051, -1.34741, -1.7633
4.44, 0.0319376, -3.43452, -2.27858, -2.54364, -1.59113, -1.53084, -0.926083, 0.117394, 0.0935657, 0.40823, -0.222188, 0.265793, 0.132203, -0.0132756, 0.0900286, -0.30289, -0.463438, -0.577391, -0.573725, -1.27163, -2.20577, -1.94651, -0.967589, -0.753641, -2.39735, -0.973666, -0.15355, -1.48015, -1.55609, -1.17426, -1.63207
4.46, 0.0319376, -3.85104, -3.21397, -2.30496, -1.82075, -1.45697, -0.587793, -0.539928, -0.267673, 0.287714, 0.458239, -0.196382, -0.891458, -0.0435633, 0.101777, -0.313778, -0.537251, 0.0989055, -0.351076, -1.8931, -2.09788, -2.2252, -1.22106, -1.12739, -2.52922, -1.21041, -0.225511, -1.83651, -1.52477, -1.0669, -1.80898
4.48, 0.0319376, -3.93428, -3.28362, -2.34067, -1.3588, -0.787859, -0.176367, -0.276544, 0.0452556, 0.633275, -0.0726689, 0.0147858, 0.40824, 0.158191, -0.429652, -1.0987, -0.646966, 0.127433, -0.117608, -0.944623, -1.77327, -2.00996, -1.6641, -1.17011, -2.14083, -1.02692, -0.337509, -1.54088, -1.98865, -1.20838, -1.70395
4.5, 0.0319376, -3.60575, -2.72446, -2.20814, -2.27103, -1.71054, -0.655315, -0.4533, 0.350073, 0.615236, 0.231116, -0.116282, -0.0228812, 0.331693, 0.563515, 0.117273, -0.419549, -0.0383039, -0.0672615, -1.01474, -1.61218, -1.93595, -1.40381, -1.23356, -2.4931, -1.06007, -0.115057, -1.14733, -1.56973, -0.973208, -1.50506
4.52, 0.0319376, -3.06664, -2.611, -2.39943, -1.78881, -0.974833, -0.964601, -0.799838, 0.245641, 0.126797, -0.256241, -0.371253, 0.406518, 0.653206, 0.0724687, -0.383554, -0.322346, -0.261716, -0.454566, -1.11742, -1.47635, -1.50957, -1.02135, -0.726763, -2.0706, -0.87052, 0.19178, -1.4055, -1.31547, -0.987332, -1.44196
4.54, 0.0319376, -2.9448, -2.40892, -1.90922, -2.10037, -1.09401, -0.391622, -0.382091, 0.948894, 1.00336, 0.351671, -0.0127591, 0.597098, 0.497787, 0.138265, -0.36508, -0.0776287, 0.0273021, -0.0434761, -1.31572, -1.67095, -1.99744, -1.07073, -0.724104, -1.94116, -0.787665, -0.0841104, -1.37399, -1.46389, -1.05751, -1.47296
4.56, 0.0319376, -3.26897, -2.76295, -2.37326, -1.56257, -1.08027, -0.757942, -0.25303, 0.385316, 0.613642, 0.315001, 0.559458, 0.118741, 0.513062, 0.287377, -0.107013, -0.41917, -0.0893272, 0.0510374, -0.894437, -1.83981, -1.86607, -1.00331, -0.974863, -2.00009, -0.644181, 0.35171, -1.10265, -1.13927, -0.78502, -1.4607
4.58, 0.0319376, -2.787, -3.30837, -2.61906, -1.52336, -0.789625, -0.203197, -0.215266, 0.612644, 0.0168582, -0.354093, 0.526945, 0.548343, 0.683457, 0.385126, -0.964404, -0.607472, -0.0189634, 0.115436, -1.36114, -1.86181, -1.82436, -0.959524, -0.605352, -1.69943, -0.99662, -0.136627, -1.00551, -0.998688, -0.778917, -1.65683
4.6, 0.0319376, -2.73282, -2.41559, -2.25223, -2.3908, -0.909823, -0.0683809, 0.251208, 0.973798, 0.376332, -0.0472113, 0.361462, 0.192772, 0.291901, 0.0821255, -0.697211, -0.45215, -0.205839, -0.264245, -1.46204, -1.78444, -1.89187, -1.18876, -0.615282, -1.49785, -1.11036, -0.102261, -0.837706, -1.31195, -1.02754, -1.36826
4.62, 0.0319376, -3.89669, -2.93969, -2.66516, -1.79236, -1.61099, -1.36502, 0.0970428, 0.635633, 0.339404, 0.1931, 0.185132, 0.286011, 0.622992, 0.51213, -0.314696, -0.20431, 0.167998, -0.160181, -1.4069, -1.65797, -1.58828, -1.02276, -0.899772, -1.86281, -0.936556, 0.0851958, -1.0617, -1.14081, -0.69284, -1.32961
4.64, 0.0319376, -3.89106, -2.11187, -1.97383, -1.52979, -1.07531, -1.0671, -0.350293, 0.741761, 0.0157264, 0.215281, 0.493721, 0.929949, 0.596941, 0.25391, -0.485453, -0.468237, -0.431868, -0.620178, -1.46131, -1.68946, -1.94469, -0.89413, -0.565076, -1.7854, -0.790301, 0.0520733, -0.850184, -1.18022, -0.958739, -1.37602
4.66, 0.0319376, -2.88493, -2.64628, -1.79861, -1.70478, -1.0587, -0.87939, -0.163623, 0.448893, 0.017658, -0.171391, 0.430065, -0.091491, 0.247359, 0.266569, -0.264133, -0.991215, -0.18633, -0.151985, -0.89857, -1.67319, -1.91561, -0.671947, -0.642566, -1.82801, -0.816728, 0.194624, -0.958442, -1.58837, -1.34197, -1.63583
4.68, 0.0319376, -3.85051, -2.88835, -2.8735, -1.6069, -1.03176, -0.500177, -0.810797, 0.275163, 0.446446, -0.303079, 1.00539, 0.665883, 0.501437, 0.535891, -0.187726, -0.58895, 0.161202, -0.152759, -0.965264, -1.78148, -2.07145, -0.86444, -0.660438, -2.09364, -0.942797, 0.222203, -1.32553, -1.46867, -1.27597, -1.52153
4.7, 0.0319376, -3.48728, -2.81413, -2.08948, -1.61122, -0.679269, -0.935081, -0.260194, 0.690639, 0.685241, 0.421732, 0.249051, 0.33733, 0.47897, 0.128922, -0.429787, -0.274937, -0.389973, -0.329565, -1.19152, -2.02136, -2.24503, -1.24962, -1.17795, -2.21794, -1.04907, -0.147232, -1.38785, -1.31927, -1.28549, -1.9089
4.72, 0.0319376, -3.46914, -2.9003, -3.10531, -2.01767, -1.47155, -0.496896, -0.352663, 0.792604, 0.510144, -0.310375, 0.0648369, 0.159365, -0.000527223, 0.0873864, -0.0821408, -1.20046, -0.526769, -0.28194, -1.36765, -2.08578, -2.02658, -1.68099, -1.32445, -2.00119, -0.771352, -0.0372493, -1.3249, -1.56874, -1.49945, -1.93359
4.74, 0.0319376, -3.78218, -3.48421, -2.7123, -1.96689, -0.733134, -1.05887, -0.102451, 0.899237, 0.961732, 0.105747, 0.0854669, 0.440283, 0.239083, -0.551891, -0.576751, -0.732038, -0.233266, -0.538369, -1.20838, -1.94136, -2.2255, -1.25433, -0.67904, -1.89541, -1.17571, -0.584396, -1.50195, -1.43719, -1.06002, -1.77146
4.76, 0.0319371, -3.3301, -2.69782, -2.2445, -2.86755, -0.766608, -0.436345, -0.167522, 0.598058, 0.368732, -0.342752, 0.277665, 0.136795, -0.0233468, -0.183536, -0.890085, -1.07324, -0.533768, -0.334462, -1.33929, -2.13672, -1.9887, -1.04452, -0.674098, -2.30868, -1.33491, -0.704563, -1.71816, -1.62411, -2.01661, -2.30198
4.78, 0.0319371, -3.85247, -2.50649, -2.15819, -1.96149, -1.49336, -0.633347, 0.189524, 1.01905, 0.451292, 0.337955, 0.559564, 0.250679, 0.181589, -0.649923, -0.6684, -0.936081, -0.849895, -0.137145, -1.10163, -2.07193, -2.36932, -1.60607, -0.914007, -1.89197, -1.13821, -0.160646, -1.12318, -1.42963, -1.35858, -1.91753
4.8, 0.0319371, -2.8717, -2.58824, -2.18851, -1.51915, -1.07593, -0.579236, 0.170359, 0.430068, 0.363078, -0.167496, 0.275522, 0.298508, 0.0642761, 0.155866, -0.512722, -0.513355, -0.315914, -0.418566, -1.38063, -2.07408, -2.05434, -1.35632, -1.01235, -2.27001, -1.24059, -0.468796, -1.25815, -1.52692, -1.56952, -1.79868
4.82, 0.0319371, -3.3078, -3.15672, -2.80468, -2.62872, -1.39722, -0.673587, -0.120038, 0.767949, 0.748443, -0.0759113, -0.0987193, -0.167876, 0.137039, -0.199373, -0.626783, -0.934196, 0.0601336, 0.20709, -1.05155, -1.966, -2.21567, -1.29386, -0.66471, -1.8528, -1.41623, -0.209322, -1.22213, -1.78535, -1.74259, -2.25757
4.84, 0.0319371, -3.52908, -3.17686, -2.63362, -1.91693, -0.822346, -1.21892, -0.420696, 0.364707, 0.445533, 0.0327845, -0.48388, -0.356406, 0.0358846, -0.492979, -0.820397, -0.730778, -0.400775, -0.284238, -1.24666, -1.95616, -1.89705, -1.1175, -0.656469, -1.93376, -1.61393, -0.453396, -1.63405, -1.87974, -1.54228, -2.15365
4.86, 0.0319376, -2.9155, -2.57046, -2.28508, -1.77993, -1.44952, -1.02006, 0.0557977, 0.427532, 0.45464, -0.131423, 0.124001, -0.0396247, 0.375542, 0.354468, -0.619243, -1.07819, -0.843543, -0.199505, -1.10304, -2.02837, -2.16678, -1.58049, -1.09619, -2.13472, -1.47174, -0.0728208, -1.10302, -1.67787, -1.78602, -2.02725
4.88, 0.0319376, -4.17164, -3.50724, -3.50002, -1.49947, -0.803241, -0.928288, 0.108676, 0.171888, 0.31185, -0.534777, 0.188858, -0.419049, -0.102093, -0.523737, -0.987054, -1.29192, -0.862403, -0.577073, -1.82664, -2.39755, -2.43803, -1.59498, -1.47807, -2.01292, -1.27183, -0.385735, -1.5553, -1.64911, -1.71989, -2.19158
4.9, 0.0319376, -2.85819, -2.15891, -3.06287, -2.46211, -1.48024, -1.133, -0.46107, 0.569821, -0.0463146, -0.158452, 0.284702, 0.184004, -0.199985, -0.668174, -0.439474, -0.94979, -0.439411, -0.718279, -1.21886, -2.23789, -2.13865, -1.53258, -0.917741, -1.84923, -1.27972, -0.492733, -1.79079, -1.92747, -1.86808, -2.37959
4.92, 0.0319376, -3.77348, -2.4896, -1.80334, -1.48173, -1.05455, -1.20067, -0.451839, 0.557374, 0.398263, 0.279611, -0.55167, -0.518447, -0.322418, -0.273839, -0.560246, -1.06998, -1.12137, -0.406124, -1.26415, -1.80848, -1.95541, -1.68372, -0.864512, -1.71653, -1.52437, -0.430457, -1.83334, -1.95941, -2.27321, -2.33223
4.94, 0.0319376, -3.02121, -2.30864, -2.54531, -2.11048, -0.6452, -0.672254, -0.324448, 0.127179, 0.380266, -0.631128, -0.872196, -0.844994, 0.0241464, -0.126945, -0.831764, -0.847685, -0.811328, -0.5333, -1.0609, -2.26511, -2.14313, -1.164, -0.92179, -2.13275, -1.34827, -0.502179, -1.89737, -1.97013, -2.18868, -2.38783
4.96, 0.0319376, -3.05546, -2.51655, -2.17994, -1.37624, -1.06439, -0.618281, -0.373499, 0.102705, 0.34627, -0.330868, -0.149373, -0.283418, -0.168959, -0.0991381, -0.892258, -0.981709, -0.850761, -0.58457, -1.39331, -1.9797, -2.27345, -1.38878, -0.550218, -1.88297, -1.39468, -0.584783, -1.5854, -1.8291, -2.11228, -2.37396
