# Time (seconds), Duration (seconds), f0, f1, f2, f3, f4, f5, f6, f7, f8, f9, f10, f11, f12, f13, f14, f15, f16, f17, f18, f19, f20, f21, f22, f23, f24, f25, f26, f27, f28, f29
0, 0.0319375, 0.865488, 1.287, 0.324329, -0.340568, 0.301671, -0.00972749, 0.0754348, 0.00711349, 0.155505, 0.259653, 0.458189, 0.26856, 0.500656, 0.247157, 0.29133, -0.257171, 0.0843707, -0.152988, 0.382833, 0.208115, 0.515386, 0.203173, 0.545319, 0.328288, 0.568754, 0.71196, 0.740363, 0.736494, 0.929972, 0.935488
0.02, 0.0319375, -0.79558, -0.077997, 0.253677, 0.912319, 1.02608, 1.06082, 0.83367, 0.766994, 1.02719, 0.19273, 0.347581, -0.25683, -0.0782954, 0.245769, 0.307676, 0.153828, 0.718265, 0.510854, 0.454826, 0.582167, 0.865652, 0.883672, 0.542669, 0.571848, 0.607478, 1.21325, 1.27116, 1.24908, 1.33968, 1.20174
0.04, 0.0319375, 0.871565, 0.447979, 0.800613, 0.835584, 0.911426, 0.371971, 0.665682, -0.172917, 0.00844054, 0.417651, 0.585905, 0.629351, 0.900775, 1.05205, 0.974011, 1.10176, 1.22786, 1.47292, 1.37268, 1.0213, 0.959531, 0.460223, 0.807864, 0.533328, 0.496287, 0.74997, 0.86534, 0.870628, 0.892996, 0.751715
0.06, 0.0319375, 0.919535, 0.956011, 1.01011, 0.788129, 0.26413, 0.417613, 0.402458, 0.0399842, 0.593042, 0.13504, 0.314381, 0.236669, 0.507032, -0.0302837, -0.404322, 0.319077, 0.464691, 0.0996072, 0.53024, 0.511313, 0.577862, 0.647542, 0.235857, 0.0629132, 0.554605, 0.415376, 0.446057, 1.06752, 0.883387, 1.16844
0.08, 0.0319375, 0.176257, 0.271296, 0.881943, 0.0900085, 0.603977, 0.284126, 0.379917, 0.185195, 0.233458, 0.351897, 0.468549, 0.379659, 0.488414, 0.381517, 0.060872, 0.0930113, 0.176599, 0.508239, -0.121622, 0.216241, 0.219294, 0.369778, 0.653886, 0.754651, 0.386394, 0.581111, 0.697425, 0.698676, 0.663153, 1.18949
0.1, 0.0319375, 1.42093, 1.62418, 1.53648, 0.463536, 0.926912, 0.147847, -0.266054, 0.383894, 0.970537, 0.822586, 0.217241, 0.118398, 0.460369, 0.351461, 0.338851, 0.856961, 0.388612, 0.51785, 0.25251, 0.577001, 0.867047, 1.28421, 1.01569, 1.11996, 1.50029, 1.4506, 1.49366, 1.63008, 1.61262, 1.98144
0.12, 0.0319375, 0.744665, 0.00573857, -0.121239, 0.742241, 0.71285, 0.823365, 0.5099, 1.14789, 0.704246, 0.184938, 0.504404, 0.264683, 0.203699, 0.345379, 0.100052, 0.394585, 0.443844, 0.231526, 0.642582, 0.672026, 1.15304, 0.975614, 0.867402, 1.24225, 1.51507, 1.48686, 1.01316, 1.26373, 1.42407, 1.49564
0.14, 0.0319375, 1.23459, 1.48543, 0.326597, 0.00841181, 0.682941, 0.12016, 0.741318, 0.975476, 0.743716, 0.654042, 0.38282, 0.234402, 0.331138, 0.747743, 0.854055, 1.40967, 1.22428, 1.65389, 1.43534, 1.16797, 1.57466, 1.86698, 1.77218, 1.78099, 1.75547, 1.4983, 1.63431, 2.05794, 1.79235, 2.16799
0.16, 0.0319375, 0.0519017, 0.364582, 0.512728, 0.742829, 0.330743, -0.267585, -0.274537, 0.0443484, 0.482686, 0.406962, 0.505518, 0.470276, 0.362194, 0.306163, 0.299921, 0.0686669, 0.55094, 0.777399, 0.952574, 0.839242, 0.985709, 1.15351, 0.885166, 0.768224, 1.13828, 1.14506, 1.10278, 1.13274, 1.03396, 1.26523
0.18, 0.0319375, 0.850787, 0.774581, 0.651994, 0.381115, 0.424974, 0.572712, 0.580741, 0.597636, 0.870454, 1.02713, 0.803853, 0.363719, 0.588713, 0.44072, 0.581569, 0.135325, 0.276779, 0.172501, 0.628291, 0.917051, 0.727133, 0.808738, 0.873608, 0.562615, 1.09925, 0.601633, 1.18644, 1.3185, 0.844504, 1.34159
0.2, 0.0319375, 0.00334644, 0.768965, 0.899656, 0.80539, 0.881143, 0.502292, 0.669019, 0.41355, 0.483294, 0.423224, 0.500655, -0.19251, -0.0554737, 0.230694, 0.605494, 0.487474, 0.213664, 0.502042, 0.522625, 0.684057, 0.352054, 0.586873, 0.52936, 0.368014, 0.870008, 0.700908, 0.765172, 0.716984, 1.02783, 0.927836
0.22, 0.0319375, 1.58723, 1.43646, 0.534108, 0.558491, 1.14949, 1.22976, 1.37907, 0.568771, 0.565312, 0.542396, 0.485642, 0.0612137, 0.910769, 0.538042, 0.550993, 0.250612, -0.0501575, 0.309426, 0.444955, -0.0563377, 0.0439347, 0.51339, 0.934097, 0.915165, 1.06013, 1.10949, 0.992437, 1.02506, 1.53308, 1.55426
0.24, 0.0319375, 0.508731, 1.14141, 0.808714, 0.534341, 0.157455, -0.0280739, -0.144013, 0.750683, 1.06482, 1.08474, 0.820506, 0.470051, 0.179658, 0.0210847, 0.371789, 0.252334, 0.0770205, 0.396211, 0.220361, 0.202811, 0.391927, 0.331535, 0.42982, 0.277887, 0.46088, 0.848655, 0.838078, 0.868709, 0.875937, 0.853626
0.26, 0.0319375, 0.149979, 0.75775, 1.26247, 1.06979, 0.19837, 0.86565, 0.692946, 1.10294, 0.677436, 0.968452, 0.358727, -0.207292, 0.249027, 0.525787, 0.605278, 0.567887, 0.316566, 0.353259, 0.198379, 0.207703, 0.579409, 0.530365, 0.452369, 0.366733, 0.504213, 0.563361, 0.583389, 0.799166, 0.719068, 0.901859
0.28, 0.0319375, 0.833535, 0.906439, 0.855856, 0.850002, 0.284425, 0.689413, 0.701632, 0.233645, 0.757455, 0.913667, 0.489195, 0.337408, 0.769617, 0.365974, 0.792972, 0.706061, 0.640666, 0.853013, 0.576406, 0.916663, 1.54611, 1.75851, 1.53832, 1.43204, 1.14352, 1.25003, 1.58765, 1.67248, 1.61087, 1.67871
0.3, 0.0319375, 0.0738904, 1.22897, 0.766422, 1.21398, 1.27634, 1.05116, 0.969061, 1.23536, 1.13859, 0.398951, 0.818563, 0.807389, 0.517895, 0.137253, 0.44487, 0.701545, 0.503111, 0.249147, 0.706056, 0.435234, 0.855493, 0.958798, 0.287717, 0.734362, 0.702925, 0.69677, 1.10208, 1.26571, 1.21353, 1.15977
0.32, 0.0319375, 0.356297, 0.930759, 0.800107, 0.559726, 0.249108, 0.876736, 1.15035, 0.889439, 0.702926, 0.808867, -0.324028, -0.160488, 0.454517, 0.715741, 0.111526, -0.249271, 0.560588, 0.433985, 0.330974, 0.755579, 0.635113, 1.05163, 0.898453, 0.685456, 0.59973, 0.488562, 0.814869, 0.998399, 0.631511, 1.21147
0.34, 0.0319375, 0.387976, 0.710981, 0.745438, 0.510816, 0.347675, 0.656019, 0.816628, 0.822085, 0.668262, 0.349288, 0.59418, 0.153584, 0.363153, 0.599141, 0.666016, 0.785295, 0.50025, 0.0400351, 0.0207301, 0.118594, 0.110968, -0.162406, 0.36719, 0.440331, 0.478546, 0.133261, 0.544375, 0.844527, 0.415406, 0.765043
0.36, 0.0319375, 0.469029, 1.02868, 1.22101, 1.20911, 1.35223, 0.667739, 0.614926, 1.40418, 1.19107, 1.12805, 0.769658, -0.121102, 1.25405, 1.18336, 0.74557, 0.510632, 0.781503, 0.714857, 0.902522, 0.788777, 0.700507, 0.963759, 0.840771, 0.594051, 0.509571, 0.214096, 0.680385, 1.08777, 0.780757, 1.12539
0.38, 0.0319375, -0.0014418, 0.883203, 1.1876, 0.24506, 0.648335, 0.00488706, 0.401552, 0.668978, 0.533677, 0.229434, 0.157152, 0.48094, 0.259552, -0.252683, 0.227678, 0.212199, 0.245992, 0.214076, 0.549113, 0.436687, 0.638984, 0.918715, 1.02375, 1.13749, 0.729082, 0.989655, 1.20858, 1.69318, 1.39314, 1.34411
0.4, 0.0319375, 0.359168, 1.13565, 1.24124, 0.286531, 0.732313, 0.192233, 0.578272, 1.25764, 1.01558, 0.843895, 0.865884, 0.725954, 0.502522, 0.842014, 0.81845, 0.0616209, 0.629592, 0.827264, 1.09334, 0.695577, 0.77889, 0.612927, 0.836744, 1.02801, 0.799422, 1.24447, 0.867067, 0.991097, 1.3438, 1.42018
0.42, 0.0319375, 0.347449, 0.0868232, 0.369586, 0.43957, 0.424113, 0.797157, 0.386479, 0.704326, 0.519388, -0.34866, -0.186362, 0.269217, 0.642168, 0.425187, -0.0530187, 0.176678, 0.248253, 0.773886, 0.781541, 0.712396, 0.557853, 0.377297, 0.195693, 0.424684, 0.841269, 0.939527, 1.08158, 0.934124, 1.11202, 1.12077
0.44, 0.0319375, 1.08646, 1.16509, 0.652841, 0.0335101, 0.859709, 1.16093, 0.698014, 0.458675, 1.14053, 0.796678, 0.211757, -0.391815, 0.0928253, 0.682913, 0.754619, 0.452884, 0.344299, 0.184422, 0.571224, 0.326041, 0.444783, 0.419691, 0.451337, 0.620747, 0.664948, 0.517785, 0.805324, 0.858465, 0.882583, 0.626665
0.46, 0.0319375, 0.532315, 1.29587, 0.478241, 1.2011, 0.810256, 0.458281, 0.617245, 1.09367, 0.800963, 0.673108, 0.400552, 0.564218, 0.464257, 0.541319, 0.306875, 0.296986, 0.301156, 0.337903, 0.996704, 0.790468, 0.786264, 0.422113, 0.597385, 0.358933, 0.587117, 0.870825, 1.03484, 0.901475, 0.966368, 1.13324
0.48, 0.0319375, 0.894124, 0.879699, 0.797522, 0.870033, 1.12957, 1.20093, 0.546778, 0.995044, 0.963942, 0.711501, 0.696248, 0.142452, 0.595983, 0.349927, 0.70203, 0.651051, 0.166326, 0.568274, 0.53377, 0.171235, 0.951297, 0.881956, 0.739267, 0.771615, 0.455173, 0.671565, 0.469647, 0.923119, 0.890942, 1.11716
0.5, 0.0319375, 0.860523, 1.08786, 1.05615, 0.566256, 1.34125, 0.877007, 1.04517, 1.61172, 1.41442, 1.38787, 0.565533, 0.296581, 0.531206, 0.945835, 0.917619, 0.697357, 0.675992, 0.469076, 0.671165, 0.668638, 1.1375, 1.0957, 1.48823, 1.74487, 1.9977, 1.48111, 1.19367, 1.4755, 1.62094, 1.45852
0.52, 0.0319375, 0.633854, 0.179091, 1.12831, 0.434784, 0.137305, 0.016359, 0.351588, 0.471288, 0.354048, 0.537131, 0.85252, 0.708987, 0.893743, 0.785693, 0.726847, 0.577662, 0.947758, 0.810131, 1.06709, 1.1263, 1.69311, 1.28605, 1.65394, 1.83198, 1.72916, 1.90934, 2.07391, 2.17564, 2.15251, 2.26557
0.54, 0.0319375, -0.193468, 0.34249, 0.547092, -0.137659, 0.613278, 0.844066, 0.920647, 1.18131, 1.02075, 0.305433, 0.281381, 0.045403, 0.207205, 0.825084, 0.507923, 0.200025, 0.170822, 0.866991, 0.577038, 0.731596, 0.74063, 0.897481, 0.995187, 1.13844, 1.09411, 1.17871, 1.78375, 1.65002, 1.32446, 1.65284
0.56, 0.0319375, 0.774528, -0.0399087, 0.0705676, -0.103465, 0.564462, 0.703883, 0.274891, 1.03049, 1.20964, 0.663982, 0.265539, 0.884771, 0.532568, 0.569848, -0.0664109, 0.317272, 0.323162, 0.481817, 0.363284, 0.6793, 0.741015, 0.809015, 1.06646, 0.864156, 0.840098, 0.956787, 1.50952, 1.52524, 1.2198, 1.33134
0.58, 0.0319375, 0.471716, 0.360421, 1.05181, 0.666829, 0.12201, 0.747879, 0.376629, 0.448743, 0.174861, 0.728353, 0.367327, 0.136331, 0.117412, 0.302621, 0.308376, 0.182318, 0.114274, 0.178121, 0.0828502, 0.519653, 0.383373, 0.316533, 0.650832, 0.91844, 1.16673, 1.2003, 1.3511, 1.42617, 1.56208, 1.55663
0.6, 0.0319375, -0.155442, 0.0404267, 0.168019, -0.119729, 0.256601, 0.607357, 0.0946823, 0.0654072, 0.709981, 0.552055, -0.0796421, 0.122412, 0.0812407, 0.568037, 0.522508, 0.498875, 0.220006, 0.604137, 0.291916, 0.55552, 0.542255, 0.749425, 1.03142, 0.492909, 1.32927, 1.09645, 0.979839, 1.30677, 1.54247, 1.6932
0.62, 0.0319375, -0.415675, 0.38805, 0.873437, 0.00414916, -0.09291, 1.05035, 0.463745, 0.362066, 0.651703, 0.803718, 0.714629, -0.122662, 0.322723, 0.906105, 0.478206, 0.726546, 0.791497, 1.04964, 1.6445, 1.63069, 1.58885, 1.44329, 1.4221, 1.49113, 1.78891, 1.76927, 1.72942, 1.93361, 1.70514, 1.82933
0.64, 0.0319375, 0.211103, 0.730264, 0.391287, 0.249499, 0.195224, 0.140253, 0.173806, 0.140374, 0.679443, -0.0933142, 0.416881, 0.53207, 0.123693, 0.612924, 0.57956, 0.900632, 0.692952, 0.925457, 0.94142, 0.768693, 1.38419, 1.07736, 1.13304, 1.54329, 1.52643, 1.47958, 1.34397, 1.74549, 1.35588, 1.6754
0.66, 0.0319375, 0.142867, 0.338672, 0.162203, 0.752201, 0.700941, 0.126139, 0.234092, 0.359016, 0.186583, 0.693131, 0.330244, 0.287372, -0.0097568, 0.418798, 0.437988, 0.669086, 0.337399, 0.582387, 0.808546, 0.740114, 1.04889, 1.11423, 1.15557, 1.20923, 1.25211, 1.28451, 1.43246, 1.26007, 1.16509, 1.58186
0.68, 0.0319375, -0.381128, 0.0312309, -0.456804, 0.591422, 0.646457, 0.939395, 0.784456, 0.632417, 1.1375, 1.43429, 0.506236, 1.13053, 1.24991, 0.600415, 0.691684, 0.658879, 0.727134, 1.01373, 1.4036, 1.2434, 1.06595, 1.09069, 1.1181, 1.04205, 1.31867, 0.993987, 1.1973, 1.37955, 1.31022, 1.54447
0.7, 0.0319375, 0.748659, 0.271414, 0.376022, 0.177183, 0.440141, 0.725507, 0.0411094, -0.32844, 1.01471, 0.713922, 0.446732, 0.285717, 0.483256, 0.647308, 0.241779, 0.291424, 0.419487, 0.247498, 0.331318, 0.49328, 0.417576, 0.941512, 0.83448, 0.820036, 1.11017, 0.882644, 1.12518, 1.39152, 1.73734, 1.79312
0.72, 0.0319375, 0.500265, 0.817468, 0.885973, 0.659503, 0.644163, 0.171128, 0.538439, -0.287957, 1.15289, 0.867592, 0.263333, 0.733611, 0.629734, 0.0477661, 0.0793629, 0.000131479, 0.523401, 0.110836, 0.551164, 0.399331, 0.427051, 0.462984, 0.140527, 0.341356, 0.785255, 0.753158, 0.795465, 0.886429, 1.09266, 1.24257
0.74, 0.0319375, 0.646062, 1.24202, 1.18736, 0.763867, 0.975575, 0.289918, 0.700169, 0.62372, 1.37854, 0.98827, 0.509255, 0.167599, 0.277156, 0.320186, 0.270247, 0.15195, 0.568559, 0.537421, 0.999599, 0.442401, 0.717137, 0.779412, 0.733285, 0.705276, 0.680736, 0.541077, 0.43441, 0.463746, 0.534979, 1.05004
0.76, 0.0319375, 0.728722, 1.00718, 1.0789, 0.928058, 0.800242, 0.296513, 0.650747, 0.821145, 0.865719, 1.10432, 1.14284, 0.488812, 1.34836, 1.01966, 0.620821, 0.537757, 0.160491, 0.882675, 0.931321, 0.955861, 1.1237, 0.889625, 0.836676, 0.956734, 1.26003, 0.981567, 0.780795, 0.869457, 1.09338, 1.16606
0.78, 0.0319375, 0.444433, 1.05306, 0.729339, 0.8481, 0.90091, 0.87168, 1.02054, 0.958918, 0.883556, 0.666868, 1.15889, 0.933962, 0.386461, 0.612058, 0.828632, -0.10129, -0.168231, 0.77648, 0.943377, 0.87586, 0.805577, 0.632083, 0.506226, 0.723273, 0.733654, 0.689792, 0.680494, 1.16215, 1.38617, 1.13603
0.8, 0.0319375, -0.25769, 0.925606, 0.820602, 1.22485, 0.511043, 0.238552, 0.732278, 0.801106, 0.0932121, 0.436777, 0.494584, 0.0859127, 0.653782, 0.372993, 0.622825, 1.01106, 0.616487, 0.920368, 1.01237, 0.727257, 0.431255, 0.182463, 0.309146, 0.521018, 0.775168, 0.905705, 0.773965, 0.71859, 0.984461, 1.27784
0.82, 0.0319375, 1.20439, 0.80875, 0.95813, 0.895289, 0.842956, 0.24357, 0.660844, 0.48618, 0.217973, 0.735013, 0.0290772, 0.809822, 0.824092, 0.497167, -0.186517, 0.358448, 0.607863, 0.865126, 0.844982, 0.939653, 0.733977, 0.161911, 0.921161, 0.582765, 0.838229, 0.603612, 0.946788, 0.956787, 1.11696, 1.25967
0.84, 0.0319375, 0.577634, 0.69065, 0.0272018, 0.516762, 0.703525, 0.521645, 0.615723, 0.94704, 0.681694, 0.780604, 0.376067, 0.313509, 0.583785, 0.301782, -0.00359555, 0.388464, 0.130561, 0.524078, 0.677587, 0.553042, 0.476948, 0.444382, 0.88479, 0.654666, 0.733382, 0.489889, 0.779659, 0.821101, 1.08846, 1.22851
0.86, 0.0319375, 0.35556, 1.21391, 0.36527, 0.342166, 0.782976, 0.201447, 0.132024, 0.042865, 0.383811, 0.28791, -0.458706, 0.317274, 0.741491, 0.716349, 0.279969, 0.309891, 0.455774, 0.258597, 0.818807, 0.812429, 0.270008, 0.568197, 0.491488, 0.708628, 1.04818, 1.1224, 1.23817, 1.60654, 1.439, 1.85836
0.88, 0.0319375, 0.288784, 1.15618, 0.748667, 0.518337, 1.18542, 0.891491, 0.668578, 0.463593, 0.493527, 0.558233, 0.713627, 0.58071, 0.762503, 0.295718, 0.155855, 0.220973, 0.640905, 0.00511872, 0.45984, 0.562122, 0.592394, 0.864565, 0.975943, 0.902568, 0.740734, 1.21281, 1.61542, 1.33099, 1.12654, 1.64864
0.9, 0.0319375, 0.467282, -0.345483, 0.63546, 0.730221, 0.268396, 0.226829, 0.3147, 1.15325, 0.522067, 0.614498, -0.188122, -0.0538837, 0.262775, 0.148111, 0.201445, 0.293483, 0.457856, 0.518468, 0.170759, 0.204308, 0.16066, -0.0422248, 0.491633, 0.384479, 0.358974, 0.618708, 0.807764, 0.805994, 0.95217, 1.30486
0.92, 0.0319375, 0.52883, 1.22237, 0.591887, 0.232584, 0.503848, 0.507209, 0.149143, 0.755609, 0.623026, 0.231737, 0.390866, 0.147955, -0.437825, 0.221016, 0.795944, 0.238672, 0.359538, 0.284057, 0.351119, 0.340305, 0.830274, 0.331158, 0.675019, 0.658, 0.579684, 0.653747, 0.736796, 0.727081, 1.02478, 1.19023
0.94, 0.0319375, 1.71053, 1.17419, 0.772874, 0.70447, 0.317773, 0.889571, 0.914902, 0.411599, 1.12799, 0.88823, 0.265782, -0.176242, 0.290107, 0.0889939, 0.300001, 0.47877, 0.508832, 0.326837, 0.489683, 0.402192, 0.324202, 0.603798, 0.134218, 0.292559, 0.535128, 0.804634, 0.709412, 0.897312, 1.08155, 1.25452
0.96, 0.0319375, 1.13555, 1.11572, 0.572995, 0.376104, 0.63313, 0.605904, 0.574793, 0.192156, 0.65775, 0.725378, -0.334901, 0.273502, 0.511014, 0.778937, 0.258098, -0.121067, 0.107406, 0.271944, 0.565917, 0.427883, 0.164801, -0.109283, 0.49163, 0.186909, 0.41561, 0.538178, 0.779203, 0.723349, 0.755879, 1.25832
0.98, 0.0319375, 0.921833, 1.04894, 1.08621, 0.443833, 0.532048, 0.74979, 0.724299, 0.321147, 1.12638, 0.260224, 0.63898, 0.19056, 0.224381, 0.545322, 0.136993, 0.0677982, 0.466042, 0.0160808, -0.0605674, 0.511019, 0.473495, 0.384817, 0.339217, 0.349185, 0.440571, 0.633836, 0.606982, 0.6821, 1.09656, 1.16907
1, 0.0319375, 0.134577, 0.924669, 1.20128, 0.696286, 0.540725, -0.0695921, 0.672133, 0.823307, 0.248149, 0.551233, 0.0261196, 0.0281605, 0.139765, 0.553555, -0.0461885, -0.156164, 0.335058, 0.332259, 0.209563, 0.0748019, 0.553893, 0.442072, 0.365744, 0.289782, 0.242695, 0.276121, 0.441654, 0.654529, 0.7765, 1.11821
1.02, 0.0319375, 0.790043, 1.00124, 0.625111, -0.257396, 0.196001, 0.116638, 0.379564, -0.090777, 0.0297998, -0.144593, 0.142229, 0.25003, -0.339821, 0.00639807, 0.480896, 0.109224, -0.478583, -0.334097, 0.0831315, -0.256099, -0.274859, 0.434931, 0.273098, 0.265078, 0.329693, 0.344735, 0.54291, 0.757684, 1.09862, 1.26846
1.04, 0.0319375, -0.0735483, 0.30242, 0.076304, 0.514521, 0.724331, 0.764296, 0.330301, 0.122061, 0.609533, 0.60021, -0.0981703, -0.119441, 0.145406, 0.860501, 0.432868, 0.268182, -0.124352, 0.0013358, 0.595287, 0.423315, 0.373929, 0.165177, 0.78832, 0.713072, 0.575511, 0.75086, 0.761394, 1.10386, 0.890691, 1.10238
1.06, 0.0319376, 1.29828, 0.209966, -0.153823, 0.0827969, 0.0292438, -0.204361, -0.173383, 0.477423, 1.02752, 1.02267, 0.640955, 0.49293, 0.0315996, 0.244249, -0.187189, -0.00424839, -0.0523334, -0.0165764, 0.00568867, -0.082991, 0.00847777, 0.0229641, 0.077473, -0.13512, -0.134865, 0.188591, 0.580138, 0.414142, 0.358179, 0.620127
1.08, 0.0319375, 0.73898, 0.111257, 0.352411, 0.389285, 0.665829, 0.247866, -0.455618, 0.602662, 0.525372, 0.115791, -0.184008, 0.425204, 0.596204, 0.141152, -0.0533693, -0.64292, -0.520929, -0.265827, 0.0991533, 0.420057, 0.481153, 0.240405, 0.0546776, 0.388881, 0.605426, 0.773747, 0.66705, 0.818879, 0.897695, 0.693469
1.1, 0.0319375, 0.206595, 1.09302, 0.709915, 0.399727, 1.19034, 0.850526, 0.783402, 0.503305, 0.833189, 0.441469, 0.687554, 0.370675, 0.614174, 0.403257, 0.422135, 0.457929, 0.225279, 0.4063, 0.513416, 0.0636809, 0.59143, 0.222513, 0.586892, 0.278061, 0.698409, 0.927398, 0.558369, 0.691943, 0.622748, 0.930802
1.12, 0.0319375, 0.514501, 0.845673, 0.765862, 0.93317, 1.08122, 0.67437, -0.0502993, 0.196014, 0.520573, 0.831704, 0.88183, 0.636462, 0.587887, 0.323882, -0.156071, -0.0200505, -0.0782536, 0.282035, 0.471514, 0.559682, 0.457052, 0.364672, 0.20812, 0.505051, 0.519296, 0.304131, 0.186087, 0.39916, 0.746577, 0.625485
1.14, 0.0319375, 0.803428, 0.943248, 1.00087, 0.489184, 0.801701, 1.00146, 0.821761, 0.187456, 0.520279, 0.668553, 0.197404, 0.37675, 0.50499, 0.124446, 0.450325, 0.491678, 0.276974, 0.0785899, 0.429016, 0.613144, 0.414091, 0.587094, 0.897423, 0.533537, 0.457376, 0.548059, 0.602743, 0.690343, 0.737926, 0.920411
1.16, 0.0319375, 1.11973, 1.06963, 0.516452, 0.996266, 0.61341, 0.230632, 1.17976, 0.507222, 0.24545, 0.625447, 0.52658, 0.576646, 0.784038, 0.264297, 0.257703, 0.49135, 0.234406, 0.318326, 0.633826, 0.810396, 1.01467, 0.786789, 0.817287, 0.399677, 0.296746, 0.617005, 0.536366, 0.838979, 1.06257, 1.21711
1.18, 0.0319376, 0.594459, 0.983428, 0.719194, 0.860348, 0.745934, 0.179669, 0.25323, 0.202693, 0.629552, 0.708404, 0.308534, 0.519486, 0.674132, 0.357905, 0.0348602, -0.0647468, 0.327157, 0.191772, 0.367038, 0.137924, 0.562228, 0.588669, 0.740675, 0.801293, 0.750101, 0.92368, 0.988231, 0.85103, 0.933349, 1.33055
1.2, 0.0319375, 0.821998, 0.210908, 0.741731, 0.554448, 0.841879, 0.635683, -0.184666, 0.714651, 0.867122, 0.490612, 0.554442, 0.699522, 0.622053, 0.437856, -0.121592, 0.0954005, 0.0869215, 0.169834, 0.17304, 0.662654, 0.474332, 0.330632, 0.555426, 0.861479, 0.95809, 1.05562, 0.98423, 0.930055, 0.908802, 1.35936
1.22, 0.0319375, -0.0214541, 0.459448, -0.21992, 0.513828, 0.980312, 0.839591, 0.490595, 1.10555, 1.25892, 0.501797, -0.167464, 0.256611, 0.604349, 3.83847e-05, 0.711386, 0.628401, -0.00678133, 0.170586, 0.712866, 0.90301, 0.509586, 0.963148, 1.05607, 1.12876, 1.05522, 1.19686, 1.22882, 1.9067, 1.964, 1.94725
1.24, 0.0319375, 0.0931922, 0.552375, 0.851111, 0.234514, 1.06921, 0.507148, 0.264676, 0.44668, -0.00981308, 0.422375, 0.145715, 0.0725106, -0.0311391, 0.614841, 0.225054, 0.061352, -0.163922, 0.384104, 0.228013, 0.538196, 0.60771, 0.942734, 0.933125, 0.984467, 1.42936, 1.36738, 1.58364, 1.39325, 1.45012, 1.51099
1.26, 0.0319375, 0.192685, 0.437322, 0.146873, 0.531095, 0.907567, 0.746312, 0.699255, 0.487984, 0.687803, 0.722034, 0.748959, 0.7454, 0.410754, -0.00792626, 0.558816, 0.578338, 0.913069, 1.10133, 0.62243, 1.12371, 1.17308, 0.963846, 0.740735, 0.671541, 1.22514, 1.14162, 1.06441, 1.19706, 1.27804, 1.24252
1.28, 0.0319375, 0.156852, 0.417335, 0.476991, 0.365015, 0.559158, 0.0033544, 0.421833, 0.577883, 0.736984, 0.685055, 0.764226, 0.247439, 0.00736309, 0.255398, 0.179853, -0.444776, 0.290741, 0.395719, 0.382257, 0.493389, 0.695908, 0.583572, 0.700646, 0.947786, 0.993911, 1.02126, 1.04907, 0.86804, 0.954074, 1.41483
1.3, 0.0319376, 1.14717, 1.17442, 0.571118, 0.834265, 0.522862, 1.02452, 1.02492, 0.210298, 0.340321, 0.691453, 0.280456, 0.473355, 0.325702, 0.879627, 0.595264, 0.497738, 0.262601, 0.162842, 0.602972, 0.416406, 0.188059, 0.477909, 0.746692, 0.47352, 0.499467, 0.78233, 0.737203, 0.831958, 1.16079, 1.10018
1.32, 0.0319375, 1.12809, 1.46738, 1.20568, 0.50428, 0.671106, 0.664048, 0.317976, 1.33247, 0.417213, 0.596958, 0.844119, 0.521294, -0.103393, 0.360179, 0.278249, 0.35917, 0.463077, 0.340567, 0.494819, 0.37648, 0.164854, 0.547828, 0.273838, 0.0461649, 0.606196, 0.471097, 0.655537, 1.0912, 1.43127, 1.5512
1.34, 0.0319375, 0.961922, 0.416881, 0.912542, 0.803167, 0.35218, 0.615727, 0.423456, 0.032365, 0.342575, 0.662425, 0.172867, -0.217558, -0.15709, 0.658612, 0.443478, 0.407198, 0.59115, 0.0847691, 0.192673, 0.671863, 0.621755, 0.407355, 1.18664, 0.976123, 1.01132, 0.944609, 0.821645, 1.36518, 1.52105, 1.34459
1.36, 0.0319375, 0.982485, 0.0821983, 0.18463, -0.0557275, 0.0688511, 0.50515, 0.47725, 0.464572, 0.400452, -0.0734502, -0.00254735, -0.0910937, 0.129946, 0.336499, -0.0393462, 0.353093, -0.0648198, 0.148547, 0.144998, 0.606648, 0.678264, 0.273908, 0.425043, 0.878036, 0.880693, 0.931056, 1.17747, 1.03119, 1.22735, 1.2004
1.38, 0.0319375, 0.397028, 0.918687, 0.0471846, -0.78763, 0.161882, 0.356033, 0.32871, 1.226, 0.260111, -0.0507016, 0.0698693, -0.0249824, 0.137814, 0.212102, -0.3624, -0.40521, -0.357412, -0.324903, 0.424407, 0.00414441, 0.412593, 0.464903, 0.407657, 0.328096, 0.626589, 0.678342, 0.905917, 1.18606, 0.956695, 0.926618
1.4, 0.0319375, 0.251528, 0.498397, -0.0631709, 0.241926, 0.590475, 0.0177383, 0.140337, 0.847346, 0.618204, 0.828526, 0.799034, 0.433421, 0.380552, 0.553746, 0.400757, 0.100648, 0.667279, 0.129822, 0.424881, 0.912295, 0.719977, 0.734664, 0.570183, 0.222059, 0.429343, 0.41422, 0.614988, 0.775397, 0.883351, 1.30873
1.42, 0.0319376, 0.398316, 0.581738, 0.884354, -0.11274, 0.343373, -0.144173, -0.251591, 1.00897, 0.283347, -0.380361, -0.139851, 0.567118, 0.513743, 0.152625, 0.232817, 0.169345, 0.296218, 0.284303, 0.326155, 0.652183, 0.454476, 0.41436, 0.453382, 0.424311, 0.365146, 0.724879, 0.710929, 0.683269, 0.949595, 0.838356
1.44, 0.0319375, 0.927384, 0.5629, 1.01757, 0.872205, 0.95472, 0.1568, 0.507903, 1.33779, 1.01083, 0.503596, 0.0569926, 0.345651, 0.863311, 0.121093, 0.270744, -0.0430007, 0.0575799, 0.594233, 0.482022, 0.378704, 0.454725, 0.171062, 0.424848, 0.186548, 0.55727, 0.630175, 0.274841, 0.921763, 1.04015, 1.1992
1.46, 0.0319375, 0.395089, 0.561319, 0.437353, 0.42126, 0.715271, 0.599181, 0.558808, 0.274449, 0.486622, 0.785553, 0.791205, 0.613082, 0.341205, 0.240256, 0.456923, 0.50867, 0.34238, 0.236156, 0.255931, 0.139032, 0.179128, 0.27041, 0.521292, 0.379841, 0.331019, 0.605306, 0.462492, 0.581541, 1.00854, 1.04303
1.48, 0.0319375, 0.568236, 0.758421, 0.209021, -0.0468546, 0.559479, 0.502862, 0.109154, 0.455672, 0.426022, 0.680058, 0.260464, 0.393365, 0.104198, 0.689994, 0.898181, 0.48096, 0.413303, 0.459352, 0.650835, 0.43652, 0.0602882, 0.318092, 0.575798, 0.463268, 0.321278, 0.344179, 0.52631, 0.733219, 0.723777, 0.884683
1.5, 0.0319375, 0.165534, 0.755491, 0.573364, 0.399287, 0.839656, 0.276138, 0.751787, 0.536769, 0.334682, 0.756301, 0.805766, 0.56955, 1.14853, 0.614293, 1.0027, 0.698283, 0.575827, 0.865176, 1.19092, 1.05716, 1.02314, 1.00494, 0.544801, 0.813773, 0.684183, 0.778815, 0.639534, 0.738731, 0.83562, 1.48603
1.52, 0.0319375, 0.319813, 1.44034, 1.01587, 1.345, -0.0476973, 0.123379, 0.0465679, 0.22395, 0.859707, 0.678104, 0.624964, 0.524255, 0.741922, 0.636755, 0.682857, 0.372158, 0.692588, 0.510591, 0.203559, 0.526631, 0.48143, 0.709174, 0.887404, 0.556601, 0.612494, 0.739351, 0.788638, 0.973526, 1.28158, 1.38987
1.54, 0.0319375, 0.426833, 1.14045, 1.41764, 0.419937, 1.03473, 0.416567, 0.128778, 0.795069, 0.866282, 0.571574, 0.527664, 0.609091, 0.641472, 0.377568, 0.34587, 0.584206, -0.0127795, 0.445887, 0.671705, 0.703388, 0.703008, 0.83113, 0.931225, 0.424154, 0.848635, 0.826232, 1.01779, 1.00258, 1.12925, 1.00042
1.56, 0.0319376, 0.81291, 1.03752, 1.03316, 0.366248, 0.822359, 0.725952, 0.68381, 0.813252, 0.67395, 0.00462664, 0.057276, 0.621097, 0.712231, 0.668487, 0.394412, 0.269997, 0.484547, 0.777646, 0.749288, 0.542943, 0.758066, 0.394499, 1.03982, 1.06783, 0.896309, 0.917957, 1.13219, 1.01662, 1.24057, 1.53827
1.58, 0.0319375, 1.27644, 1.40175, 1.12009, 0.56808, 1.30812, 0.919411, 0.21798, 0.764194, 0.749202, 0.44591, 0.388492, 0.424567, 0.994434, 0.195249, 0.126014, 0.346046, 0.307542, 1.03499, 0.937544, 0.890722, 1.49508, 1.70792, 1.51737, 1.43722, 0.853163, 0.870748, 1.26524, 2.15389, 2.53482, 1.92845
1.6, 0.0319375, 0.719376, 0.69185, 0.360062, 0.486748, 0.688821, 0.0970511, 0.527887, 1.18945, -0.279526, -0.772673, 0.197457, 0.705966, 0.407721, 0.333238, 0.179764, 0.171548, 0.572032, 0.532481, 0.675355, 0.472036, 1.02314, 1.15057, 1.2379, 1.57132, 1.33362, 1.17213, 0.935525, 1.67216, 2.0486, 2.00195
1.62, 0.0319375, 0.657872, 0.592599, -0.767463, 0.11686, 0.3065, 0.189545, -0.243227, 0.578084, 0.352878, 0.0244173, 0.00988045, 0.124766, 0.0391036, 0.14112, 0.419738, 0.272715, -0.0707232, -0.126106, -0.15869, 0.557771, 0.954928, 0.806481, 0.661126, 0.73222, 1.12366, 1.02705, 0.590453, 1.35158, 1.60211, 1.82485
1.64, 0.0319375, 0.725171, -0.10161, 0.644134, 0.107705, -0.183149, -0.325442, 0.00793413, 0.183558, 0.490621, -0.644309, -0.208008, -0.169882, -0.36423, -0.230634, -0.0793202, 0.197633, -0.473953, 0.000893313, 0.273469, 0.269834, 0.0793804, 0.579219, 0.612414, 0.401944, 0.210515, 0.179573, 0.376045, 0.899395, 1.05154, 1.21572
1.66, 0.0319375, 0.333051, 1.39057, 0.676739, 0.313755, 0.951628, 0.415346, 0.714359, 0.397327, 0.172433, 0.533953, 0.409775, 0.0120186, -0.0329142, 0.200012, 0.253487, 0.300282, 0.327742, 0.56667, -0.174073, 0.299069, 0.325012, 0.161155, 0.208507, 0.627004, 0.779255, 0.493697, 0.54877, 1.08781, 1.02041, 1.07844
1.68, 0.0319376, 1.3187, 1.19778, 0.756718, 0.661163, 0.639135, 0.720773, 0.625755, 0.175403, 0.440893, 0.120961, 0.402438, 0.167241, 0.546904, 0.296906, 0.500371, 0.112665, 0.160934, 0.526825, 0.517439, 0.23559, 0.102792, 0.487843, 0.507718, 0.259492, 0.562867, 0.627041, 0.662824, 0.933708, 1.06109, 1.15233
1.7, 0.0319375, 0.57273, 0.528299, 0.891855, 0.577846, 0.560467, 0.853024, 0.343881, 0.664355, 0.35124, 0.245372, 0.112508, 0.255953, 0.697548, 0.823587, 0.514484, 0.703418, 0.723255, 1.0198, 0.988306, 0.358795, 0.756801, 0.635089, 0.663544, 0.634953, 0.77444, 0.621594, 0.501357, 0.77875, 1.31914, 1.60801
1.72, 0.0319375, 0.589315, -0.0768728, 0.412125, 0.326697, 0.250641, 0.688338, 0.0743037, 0.599804, 0.634971, 0.0109654, 0.388728, 0.333701, 0.307877, -0.0540377, -0.102631, 0.438248, -0.0207649, -0.0444746, 0.211893, 0.377525, 0.0960447, 0.4228, 0.207994, 0.314928, 0.511924, 0.344387, 0.725043, 1.02244, 0.918538, 0.910763
1.74, 0.0319375, 0.939467, 0.478326, 1.33858, 1.10959, 1.13469, 0.927913, 0.20695, 0.764249, 0.771171, 0.598789, 0.727977, 0.667304, 0.565549, 0.677362, 0.591547, -0.217261, 0.246959, 0.46769, 0.566457, 0.323291, 0.261381, 0.639907, 0.803359, 0.795683, 0.675875, 0.871202, 1.17972, 1.29668, 1.28547, 1.67608
1.76, 0.0319375, 1.04229, 1.51417, 1.30151, 1.05905, 0.796674, 0.612556, 0.8251, 1.12495, 0.436725, 1.06963, 0.701329, 0.470556, 0.776332, 1.36047, 0.940549, 0.401378, 0.64617, 0.655807, 0.375727, 0.670846, 0.752491, 0.81754, 0.736003, 1.03695, 1.28786, 1.38631, 1.43015, 1.09444, 1.56138, 1.76525
1.78, 0.0319375, -0.212846, 1.23382, 1.38608, 0.621545, 0.877245, 0.973148, 0.785277, 0.530133, 0.870811, 0.63413, 0.815456, 0.682801, 0.76818, 0.516247, 0.36527, 0.284787, 0.139059, 0.658915, 0.738932, 0.230758, 0.45007, 0.497211, 0.259798, 0.367818, 0.55391, 0.721125, 0.713367, 1.0432, 1.12428, 1.10383
1.8, 0.0319376, 0.976081, 0.909141, 0.159881, 1.22739, 1.20586, 0.374389, 0.633871, 0.546566, 0.200223, -0.669564, -0.0768977, 0.688637, 0.88749, 0.626574, 0.670889, 0.31997, 0.386644, 0.739116, 0.438398, 0.689398, 0.633091, 0.860454, 1.02505, 1.00325, 0.607228, 1.28706, 0.821408, 1.05939, 1.09915, 1.17297
1.82, 0.0319375, 0.0460291, 0.709997, 0.242734, 0.214511, 0.578097, 1.20744, 0.688752, 0.730673, 0.440054, 0.654204, -0.318474, 0.391736, 0.579407, 0.638693, 0.679392, 0.372944, 0.273485, 0.535985, 0.591334, 0.70471, 0.837216, 0.837236, 0.705506, 1.04125, 1.24003, 1.57158, 1.26727, 1.09023, 1.02625, 1.63357
1.84, 0.0319375, 0.852109, 1.06218, 0.823625, 1.06445, 1.12174, 0.325556, 0.647232, 0.556098, 0.101442, 0.600731, 0.490848, 0.457413, 0.6405, 0.505562, 0.676377, 0.260811, 0.489042, 0.730925, 0.475472, 0.376605, 0.242717, 1.06801, 1.29268, 1.09659, 0.973113, 1.0145, 1.06758, 1.37244, 1.37643, 1.4459
1.86, 0.0319375, 0.816841, 1.4209, 0.73368, 0.46575, 0.978959, 0.851234, 0.0173373, -0.0608035, -0.123519, 0.728956, 0.532806, 0.100084, 0.816705, 0.629881, 0.764362, -0.105887, 0.111156, 0.348125, 0.478226, 0.553602, 0.784626, 0.678955, 0.956562, 0.537394, 0.35663, 0.850841, 1.11373, 0.840552, 0.810502, 1.06548
1.88, 0.0319375, 0.413349, 0.46327, 0.828659, 0.566265, 0.998967, -0.0752945, 0.109221, 0.942012, 0.556379, 0.331656, 0.748593, 0.398768, 0.373004, 0.60959, 0.379123, -0.24878, -0.308172, 0.37159, 0.768082, 0.91152, 0.673027, 0.686789, 0.294284, 0.309293, 0.717354, 0.709843, 0.916732, 0.689378, 0.641569, 0.838596
1.9, 0.0319375, 0.237454, 0.743191, 0.56816, 0.227034, 0.839525, 0.568385, 0.208314, 0.872146, 0.687811, 0.115274, 0.0726188, 0.240427, 0.45114, 0.553793, 0.688111, 0.0242919, 0.0206019, 0.403605, 0.426708, 0.394458, 0.810017, 0.662798, 0.37714, 0.501122, 0.507863, 0.520854, 0.614787, 1.13031, 0.954997, 0.825411
1.92, 0.0319376, 0.770445, 0.956151, 0.176374, 0.471085, 0.162541, 0.868334, 0.821767, 0.458942, 0.276316, -0.240565, 0.253155, 0.567857, 0.415988, 0.306093, 0.402549, -0.171374, -0.16894, -0.0796182, 0.041639, 0.16662, 0.0181017, 0.295968, 0.0611736, -0.0290406, 0.323498, 0.369991, 0.589732, 0.661202, 0.803385, 1.10887
1.94, 0.0319375, 0.568476, 0.815147, 0.228314, 0.876679, 1.32443, 0.476812, 0.662162, 0.627347, 0.461446, 0.912965, 0.107199, 0.429526, 0.988198, 0.625607, 0.337341, 0.216149, 0.465011, 0.890678, 0.671051, 0.724484, 0.422103, 0.428267, 0.411307, 0.402273, 1.16039, 0.881294, 0.954132, 1.44063, 1.8857, 1.9437
1.96, 0.0319375, -0.320421, 0.665512, 0.385939, 0.614935, 0.957446, 0.818817, 0.479626, 0.864957, 0.2973, 0.94928, 0.0959258, -0.0725831, 0.288716, 0.345739, -0.0391875, -0.135895, 0.405576, 0.692118, 0.705088, 0.598218, 0.696687, 0.438476, 0.965095, 0.993215, 0.82914, 1.16737, 1.00031, 1.11559, 1.48877, 1.51095
1.98, 0.0319376, 0.740364, 0.620268, 0.134093, -0.213863, 0.667806, 0.483878, 0.352861, 0.291601, 0.444629, 0.112717, -0.635041, 0.0740702, 0.16647, -0.0285024, 0.318402, 0.118298, 0.00337792, 0.705414, 0.611972, 0.825941, 0.88424, 0.786546, 0.561181, 0.868393, 0.860748, 0.823024, 0.771464, 1.09748, 1.11419, 1.28352
2, 0.0319376, 0.307373, 0.298637, -0.603104, 0.0179377, 0.507038, 0.401367, 0.101873, -0.0905519, 0.153214, 0.625972, 0.127834, 0.101869, 0.0775433, -0.0241862, 0.66852, 0.225723, -0.283521, 0.190518, 0.124922, 0.252778, 0.0433478, 0.365585, 0.483573, 0.460629, 0.453489, 0.716773, 0.93689, 1.19752, 1.19011, 1.69089
2.02, 0.0319376, -0.00087699, 0.194842, 0.0376608, -0.374992, 0.176658, 0.0894402, 0.633777, 0.419776, 0.499168, 0.46384, 0.407332, 0.188061, -0.224963, 0.680642, 0.609761, 0.0679812, 0.176345, 0.446549, 0.129102, -0.186302, 0.183945, 0.395659, 0.0176917, 0.63627, 0.419132, 0.180397, 0.671526, 0.468964, 0.887927, 0.754179
2.04, 0.0319376, 0.802527, 0.794607, 0.528285, 0.161183, 0.67582, -0.00598298, 0.569434, 0.372313, 0.806623, 0.898467, 0.785428, 0.139487, 0.240667, 0.496934, 0.512582, 0.53945, 0.107918, 0.106294, -0.122636, -0.171971, 0.287566, -0.144482, 0.123121, 0.2543, 0.267173, 0.201902, 0.336111, 0.380427, 0.536606, 0.380673
2.06, 0.0319376, 0.362136, 0.508363, 0.719868, 0.189103, 0.238619, 0.561739, 1.01213, 0.800096, 0.871057, 0.277448, 0.0394753, 0.587001, 0.776415, 0.710429, 0.718517, 0.525786, 0.241845, 0.690525, 0.910167, 0.475596, 0.580649, 0.44925, 0.672878, 0.203322, 0.680902, 0.734885, 0.849932, 1.01854, 1.33421, 1.28755
2.08, 0.0319376, 0.748929, -0.198902, 1.05267, 0.916886, 0.614893, 0.0808155, 0.59333, 0.333386, 1.01666, 1.17223, 0.506782, 0.153109, 0.0844916, -0.111167, -0.135848, 0.391806, 0.208718, 0.531114, 0.497335, 0.834725, 0.497214, 0.750341, 0.748656, 1.04686, 0.9389, 1.15112, 1.29051, 1.23208, 1.35734, 1.69692
2.1, 0.0319376, 1.0889, 0.40928, 1.13883, 0.853221, 0.220891, 0.602877, 1.04839, 0.0420239, 0.400157, 0.454817, 0.275814, 0.561984, 0.598608, 0.596595, -0.0658467, 0.217246, 0.258172, 0.31099, 0.614801, 0.0766173, 0.048748, 0.0638064, 0.495449, 0.456448, 0.585777, 0.626682, 0.99926, 0.972979, 0.929806, 1.32377
2.12, 0.0319376, 1.1598, 1.30289, 0.153332, 0.502017, 0.831926, 0.0688323, -0.06032, 0.587043, 0.636368, 1.11031, 0.479841, 0.907512, 0.833196, 0.286925, 0.752184, 0.467453, 0.380916, 0.468647, 0.661483, 0.78306, 0.331267, 0.124674, 0.721897, 0.67345, 0.71982, 0.539786, 0.778537, 0.689727, 1.05385, 0.949785
2.14, 0.0319374, 0.339931, 0.756029, 1.18966, 0.436598, 0.751944, 0.930615, 0.748773, 0.409264, -0.0509421, 0.212587, 0.707405, 0.445481, 0.266992, 0.639134, 0.0178076, 0.122962, 0.327914, 0.579398, 0.882143, 0.822334, 0.953468, 0.680176, 0.606577, 0.859038, 0.880982, 0.623398, 1.25968, 1.25065, 1.42229, 1.57192
2.16, 0.0319374, 0.996203, 1.34307, 0.653883, 0.954961, 1.09341, 0.670272, 0.59238, 0.76186, 0.579959, 0.578963, 0.420342, 0.20559, 0.344176, 0.480434, 0.579062, 0.64427, 0.672456, 0.343562, 0.590498, 0.547788, 0.533834, 0.930952, 1.09563, 1.01602, 1.31272, 1.18246, 1.54921, 1.62145, 1.67507, 1.57431
2.18, 0.0319374, 0.531315, 0.608316, 1.13394, 0.531805, 1.17947, 1.07985, 0.473723, 0.261544, 0.884861, 0.529736, 0.354479, 0.160975, 0.473097, 0.50262, 0.0700094, 0.14674, 0.519116, 0.588416, 0.388409, 0.356975, 0.574261, 0.656478, 0.833263, 0.99404, 1.27278, 1.40395, 1.35407, 1.42333, 1.37566, 1.57947
2.2, 0.0319374, 0.488702, 1.43587, 0.911934, 0.872547, 0.754422, 0.100333, 0.262204, 0.966585, 0.535016, 1.16285, 0.582857, 0.553882, 0.873286, 0.99327, 0.792677, 0.381374, 0.430941, 0.533979, 0.416817, 0.673212, 0.894224, 1.03181, 1.17884, 0.868967, 0.767665, 1.18754, 1.0838, 1.23538, 1.28771, 1.92147
2.22, 0.0319374, 0.010372, 0.992629, 0.476308, 0.615793, 0.530894, 0.64038, 0.647053, 0.450841, -0.0456302, 0.666837, 0.30488, 0.271485, 0.689915, 0.740549, 0.507152, 0.305866, 0.393343, 0.108172, 0.300086, 0.839016, 0.438091, 0.212676, 0.207852, 0.343024, 0.877381, 0.735812, 0.961294, 1.03694, 1.02773, 1.41257
2.24, 0.0319376, 0.33113, 0.726188, 0.498455, 0.719028, 0.425007, -0.257067, 0.154025, 0.259523, 0.579731, 0.565837, 0.148168, 0.101595, 0.061693, 0.339363, 0.473278, 0.287292, 0.382855, 0.23168, -0.0782849, 0.180027, 0.162777, -0.104541, 0.370652, 0.646757, 0.593292, 0.676094, 1.11391, 0.910249, 0.87027, 1.11924
2.26, 0.0319376, 0.842335, 0.918003, 0.905402, -0.14642, 0.128303, 0.685517, -0.248709, 0.234122, 0.0880504, 0.316808, -0.066746, 0.186555, 0.323953, 0.490035, 0.505965, 0.435022, 0.43182, 0.371571, 0.89996, 0.800706, 0.501841, 0.45985, 0.692634, 0.432554, 0.748176, 1.04965, 1.56281, 1.52022, 1.25528, 1.25154
2.28, 0.0319376, -0.214585, 0.539457, 0.828511, 0.27571, -0.0948022, 0.854969, 0.24284, 0.660505, 0.653351, 0.241893, 0.284972, 0.402401, 0.167469, 0.310737, 0.195234, 0.498858, 0.282157, 0.51912, 0.790151, 0.729947, 0.290469, 0.468708, 0.930313, 0.901706, 0.879087, 1.25104, 1.18371, 1.52786, 1.44006, 1.38556
2.3, 0.0319376, -0.468355, 0.510566, 0.755354, 0.39322, 0.763917, 0.821748, 0.603914, -0.0281056, 0.500003, 0.983425, 0.385193, 0.090629, 0.486055, 0.191036, 0.511098, -0.0545683, 0.36082, 0.279143, 0.560152, 0.493114, 0.644486, 1.21493, 0.97255, 0.983888, 1.16561, 1.19356, 1.5385, 1.69504, 1.65086, 1.35009
2.32, 0.0319376, 0.502148, 0.552978, 0.168988, -0.1905, 0.857501, 0.624168, 0.216566, 0.552878, 0.699662, 1.05372, 0.313084, 0.732657, 1.09356, 0.60808, 0.43324, 0.393641, 0.590725, 0.655844, 1.14752, 0.923993, 0.850558, 0.842164, 0.49061, 0.86167, 0.828686, 1.09516, 0.920823, 1.12237, 1.3785, 1.33022
2.34, 0.0319376, 0.281427, 0.406657, 0.867769, 1.51631, 1.07136, 0.830018, 0.765877, 0.870508, 0.848435, 0.141764, 0.742809, 0.772394, 0.713778, 0.657586, 0.519174, 0.349503, -0.00360189, 0.587808, 0.812712, 0.499463, 0.0991569, 0.563938, 0.548284, 0.922529, 0.909111, 1.11046, 1.2201, 0.857159, 0.851086, 1.09303
2.36, 0.0319376, 0.906847, 1.3633, 1.01546, 1.1688, 0.885706, 0.806942, 0.685245, 0.393033, 0.98613, 1.01333, 0.520005, 0.46163, 0.891703, 0.573649, 0.430286, 0.144656, -0.0759131, 0.820717, 0.572047, 0.908996, 0.629367, 0.61172, 0.696371, 0.609865, 0.604269, 0.925319, 0.922863, 0.834084, 1.04387, 1.29109
2.38, 0.0319374, 0.487389, 1.10772, 0.875923, 0.333208, 0.303841, 0.969514, 0.711049, 0.136332, -0.0853064, 0.123654, 0.455372, 0.283723, 0.24451, 0.402242, 0.923373, -0.0220733, -0.00128447, 0.447625, 0.45841, 0.963643, 0.9719, 0.464949, 0.70824, 0.550143, 0.34535, 0.517872, 0.915488, 0.937288, 0.998858, 0.999825
2.4, 0.0319374, 0.455426, 0.316741, -0.00794194, 0.891173, 1.30125, 0.364591, 0.207486, -0.137484, 0.451302, 0.211274, 0.164986, 0.165901, 0.368122, -0.184749, -0.0256941, -0.178912, 0.0147142, 0.455406, 0.511517, 0.586106, 0.478826, 0.278059, 0.825175, 0.551909, 0.969642, 0.886545, 0.629176, 0.895689, 1.21728, 1.59113
2.42, 0.0319374, -0.215841, -0.949088, -0.220226, 0.162539, 0.341477, 0.148095, -0.694736, 0.118611, -0.229163, 0.199557, 0.195017, 0.352544, 0.394515, 0.275241, 0.358205, 0.107967, 0.195188, 0.294063, -0.0705617, 0.126704, 0.589408, 0.163898, 0.366552, 0.424638, 0.157917, -0.0207696, 0.454003, 0.309842, 0.326251, 0.922605
2.44, 0.0319374, 0.303375, 0.142921, 0.256272, 0.748155, 0.540992, -0.162766, 0.0768144, -0.0595166, -0.269928, 0.470713, 0.275223, -0.133548, -0.0798334, 0.0233064, 0.177874, 0.273146, 0.426937, 0.407228, 0.568188, 0.40602, 0.339722, 0.514252, 0.627659, 0.451641, 0.520495, 1.12257, 0.716264, 0.708523, 1.14814, 1.40408
2.46, 0.0319374, 0.114459, 0.17037, 0.648496, 0.497961, -0.0493485, 0.69251, 0.650232, 0.163228, -0.272161, 0.370455, 0.911939, 0.557363, 0.722025, 0.284967, 0.44617, 0.736299, 0.810184, 0.339415, 0.183805, 0.576104, 0.267697, 0.520568, 0.727962, 0.431311, 0.463514, 0.698807, 0.766663, 0.905976, 0.864505, 1.07794
2.48, 0.0319376, -0.497859, 0.277944, 0.870013, 0.827797, 1.14964, 1.34918, 0.666926, 0.543324, 0.459617, 0.212232, 0.72459, 0.551715, 0.639025, 0.179623, 0.497251, 0.209968, 0.285435, 0.308119, 0.598746, 1.01992, 0.391292, 0.0184366, 0.275559, 1.01675, 0.913719, 0.897093, 0.845507, 0.901681, 1.1167, 1.14616
2.5, 0.0319376, 0.136128, 0.56294, 0.895483, 0.588569, 0.124455, 0.562877, 0.440671, 0.633618, 0.811925, 1.02897, 0.54549, 0.676702, 0.262517, 0.282903, 0.743003, 0.00340941, 0.239064, 0.716699, 0.754487, 0.883972, 0.6617, 0.778458, 0.820294, 0.296199, 0.694088, 0.642256, 0.77568, 0.982393, 0.835988, 1.10839
2.52, 0.0319376, 0.836613, 1.23754, 0.561523, -0.184612, 0.253643, 0.288038, -0.0746995, 0.61247, 0.833658, 0.624482, 0.970869, 0.612778, 0.104195, 0.670863, 0.0708102, 0.0554067, 0.560157, 0.474819, 0.373344, 0.186207, 0.474285, 0.665875, 0.480208, 0.48809, 0.696481, 0.746553, 1.1341, 1.37286, 0.988216, 1.46957
2.54, 0.0319376, -0.0942675, 0.881339, 1.3049, 0.390557, 0.576557, 0.912076, 0.664591, 0.521355, 0.760086, 0.589586, 0.528044, 0.00837209, -0.282812, -0.0321174, 0.340908, 0.285661, 0.468835, 0.0285441, 0.0705904, 0.688958, 0.855015, 0.490577, 0.495646, 0.470367, 0.210677, 0.365976, 0.62392, 0.918748, 0.727088, 1.07923
2.56, 0.0319376, 1.19084, 0.251565, 1.01033, 0.667273, 1.02478, 0.528621, 0.203085, 0.688796, 0.560772, 0.89864, 0.214819, 0.0400008, 0.181575, 0.534494, 0.272105, 0.172798, 0.314981, 0.468436, 0.356901, 0.599297, 0.434294, 0.623674, 0.4033, 0.744171, 0.824503, 0.853211, 1.2157, 0.922439, 0.839967, 1.10635
2.58, 0.0319376, 0.992053, 1.23975, 0.564044, 0.686436, 0.787989, 0.708954, 0.225984, 1.11221, 0.720456, 1.07515, 0.849555, 0.603386, 0.581622, 0.233009, 0.267119, 0.600796, 0.520132, 0.482032, 0.723584, 0.820715, 0.776193, 0.379961, 0.715836, 0.862146, 0.995549, 0.952566, 1.39628, 1.1113, 0.979075, 1.11101
2.6, 0.0319376, 1.84137, 1.99529, 1.06085, 0.140441, 0.785827, 0.934802, 0.124844, 0.575007, 0.456019, 0.348024, 0.455644, 0.557391, 0.227424, 0.52714, 0.628359, 0.258395, 0.505926, 0.368832, 0.39823, 0.109284, 0.331561, 0.0716001, 0.775661, 0.77, 0.641905, 0.933579, 0.906662, 1.26438, 1.40273, 1.59118
2.62, 0.0319376, 0.557943, 1.08878, 1.27637, 0.429508, 0.433821, 0.714062, -0.118408, 0.446674, 0.793695, 0.630155, -0.0175169, 0.465672, 0.00927426, 0.193036, 0.62328, 0.337344, 0.121701, 0.11283, 0.183627, 0.169896, 0.383553, 0.358068, 0.453391, 0.416377, 0.349394, 0.444603, 0.576732, 0.880848, 1.02272, 1.18419
2.64, 0.0319374, 0.589431, 0.700159, 0.930921, 0.21939, 0.383074, 0.321012, 1.22581, 0.632849, 0.567139, 0.565161, 0.773159, 1.00172, 0.380082, 0.20711, 0.582887, 0.260166, 0.316716, 0.72861, 0.640207, 0.277368, 0.510497, 0.626985, 0.717782, 0.71575, 1.1673, 1.02066, 1.11771, 1.05639, 1.26344, 1.56291
2.66, 0.0319374, 0.578703, 1.06637, 0.220663, 0.662848, 0.43293, 0.487016, 0.308817, 0.455409, 0.670681, -0.0355485, -0.0432559, 0.343955, 0.125768, 0.447731, 0.75552, 0.424104, 0.310239, -0.0471515, -0.0981415, 0.472213, 0.748822, 0.961813, 0.738362, 1.04906, 1.27444, 1.14388, 1.13299, 1.16125, 0.72929, 1.19809
2.68, 0.0319374, 1.06282, 1.39395, 1.24693, 0.12733, 0.609277, 0.679277, -0.267289, 0.547105, -0.351819, 0.030958, 0.650566, 0.435086, 0.330495, 0.401687, 0.140256, 0.0573287, 0.186701, 0.423004, 0.489841, 0.564858, 0.392948, 0.0226141, 0.420129, 0.576177, 0.574252, 0.449383, 0.971969, 0.889707, 1.27904, 1.03814
2.7, 0.0319374, 0.28624, 0.637787, 0.781367, 0.00753158, -0.160283, 0.199622, -0.65736, -0.179769, 0.2649, 0.885372, 0.413153, -0.0913146, 0.192826, 0.352486, -0.118018, -0.00674377, 0.412166, 0.397822, 0.0242675, 0.198935, 0.385139, 0.632644, 0.654369, 0.781492, 0.689984, 0.941466, 1.09855, 1.60845, 1.68911, 1.79944
2.72, 0.0319374, 0.0862161, 0.511956, 0.075565, -0.24863, 0.176928, 0.667579, -0.44785, 0.162612, -0.0680114, 0.606642, 0.220597, -0.165955, -0.0349407, 0.226472, -0.217215, 0.102151, 0.269889, 0.189985, -0.167868, -0.100337, 0.330137, 0.440513, 0.128603, 0.460443, 0.647849, 0.531683, 0.490185, 1.19566, 0.78422, 1.14189
2.74, 0.0319376, 0.220537, 0.0646048, 0.848752, 0.605469, 0.355954, 0.90827, 0.336758, 0.209418, 0.235549, 0.109745, -0.203111, 0.199752, 0.090667, 0.17049, 0.411774, 0.342716, -0.0382352, 0.17993, 0.16578, -0.0703023, -0.135086, 0.225635, 0.430032, 0.39655, 0.382192, 0.490616, 0.862566, 1.02479, 1.49392, 1.93746
2.76, 0.0319376, 0.149152, 0.606902, 0.925042, 0.366055, 0.329542, 0.154186, 0.647216, 0.828134, 0.73901, 0.186684, 0.290739, 0.355761, 0.189226, 0.336578, 0.272083, 0.372655, 0.0538998, 0.678285, 0.960611, 0.398653, 0.532269, 0.560384, 0.780057, 1.22319, 1.18914, 1.31522, 1.29871, 1.36196, 1.5776, 1.67584
2.78, 0.0319376, 0.489547, 0.74707, 0.933771, 0.261536, 1.1979, 0.256468, -0.102278, 0.901532, 0.626312, 0.466261, -0.125493, 0.285901, 0.8261, 0.84325, 0.624605, 0.364203, 0.340223, 0.431232, 0.657565, 0.752256, 0.767756, 0.498067, 0.364005, 0.526653, 0.793568, 0.832796, 1.06673, 0.984152, 1.06545, 1.54412
2.8, 0.0319376, -0.00146675, 0.387136, 0.802825, 0.533889, 1.23577, 0.991668, 0.0147103, 0.516101, 0.810455, 0.610869, 0.849482, 0.0585492, 0.693383, 0.633158, 0.605646, 0.408968, -0.178789, 0.246303, 1.01403, 0.733877, 0.559042, 0.577488, 0.455937, 0.751332, 0.880859, 0.599546, 0.883716, 0.889335, 0.850605, 1.22738
2.82, 0.0319376, 1.10996, 1.19864, 0.701131, 0.291913, 0.547983, 0.397721, 0.00143175, -0.382304, 0.555005, 1.07964, -0.00565486, 0.13381, -0.0265578, 0.1815, 0.313871, -0.20008, 0.453255, 0.290184, 0.488207, 0.557795, 0.670453, 0.915411, 0.628822, 0.95812, 0.900376, 1.1092, 0.859319, 1.00997, 1.10549, 1.01773
2.84, 0.0319376, -0.0291395, 0.614723, 0.765912, 0.144923, 0.540598, 0.272183, 0.298138, 0.260932, 0.345467, 0.899142, 0.180227, -0.0908782, 0.268694, 0.0454367, 0.381576, 0.103599, -0.150262, -0.253332, -0.0580078, 0.251569, 0.136401, 0.190158, 0.234383, 0.274041, 0.286822, 0.584353, 0.614644, 0.682881, 0.995758, 1.07245
2.86, 0.0319376, -0.0878488, 0.962507, 1.06082, 1.23976, 0.815748, 1.19732, 0.731772, 0.330634, 0.899382, 0.639002, 0.832749, 0.723799, 0.852503, 0.639596, 0.2542, 0.245931, -0.209948, 0.0529158, 0.578925, -0.117522, 0.42089, 0.292619, -0.127133, -0.074534, -0.0117555, 0.282466, 0.597817, 0.627172, 0.962902, 1.06209
2.88, 0.0319374, 0.615073, 0.940702, 0.911255, 1.24502, 1.55363, 1.0059, 1.25522, 1.09319, 0.77771, 0.337599, 0.442044, 0.0741582, 0.53226, 0.230629, 0.204989, 0.771356, 0.563462, 0.258211, 0.232596, 0.525324, 0.328824, 0.670272, 0.54301, 0.554612, 0.5805, 0.604001, 0.452449, 0.681826, 0.857062, 1.46009
2.9, 0.0319374, 0.527148, 1.443, 0.99837, 0.140395, 0.850918, 1.40135, 0.696601, 0.355791, 0.354734, 0.749719, 0.891961, 1.04829, 0.721157, 0.553908, 0.777392, 0.327371, 0.358809, 0.726374, 0.474504, 0.155669, 0.707133, 1.11355, 0.79496, 0.639003, 0.850732, 0.620339, 0.897404, 0.794045, 0.900588, 1.3736
2.92, 0.0319374, 1.07127, 1.33449, 1.1969, 0.273024, 0.477543, 0.587871, 0.598369, 0.807671, 0.291738, 0.0818488, 0.211568, -0.383806, 0.0113799, 0.0797074, 0.719164, 0.714811, 0.425674, 0.521029, 0.874582, 0.762646, 0.90048, 0.988314, 0.730011, 0.631413, 0.704879, 1.24368, 1.41406, 1.28217, 1.22251, 1.48626
2.94, 0.0319374, -0.00239349, 0.597705, 0.435187, 0.740021, 0.710034, 1.20186, 0.384001, 0.521405, 0.455109, 0.898328, 0.844763, 0.667713, 0.758515, 0.965704, 0.838343, 1.01284, 0.75886, 0.732322, 0.521343, 0.907867, 1.20733, 1.11049, 1.2306, 1.27317, 1.43568, 1.81556, 1.61798, 1.5824, 1.67443, 2.11551
2.96, 0.0319374, 0.0558655, 0.216523, 0.651653, 0.349821, 0.653215, 0.501376, 0.361363, 0.299738, 0.775963, 0.858345, 0.158977, 0.597713, 0.948227, 0.515986, 0.142882, -0.0392186, 0.282626, 0.0652317, 0.51338, 0.834383, 0.698697, 0.789602, 1.06402, 0.721628, 0.840859, 0.811274, 1.0376, 1.25198, 1.23816, 1.48259
2.98, 0.0319376, 0.466013, 1.18438, 0.70913, 0.139587, 0.0868284, 0.157466, 0.563321, 0.562019, 0.494122, 0.113425, 0.410247, 0.0938397, 0.330801, 0.212047, 0.10875, 0.190436, 0.00659468, -0.427918, 0.0645931, -0.164997, 0.288674, 0.330717, 0.702257, 0.730663, 0.563353, 0.611263, 1.0887, 0.868194, 0.725963, 0.872968
3, 0.0319376, 0.0963561, 1.16418, 0.644505, 0.557744, 1.15746, 0.240373, 0.184594, 0.23503, 0.414252, 0.37745, -0.34947, 0.288853, 0.63851, -0.064406, 0.0948681, 0.0594442, 0.380353, 0.16885, 0.257669, 0.353854, 0.541913, 0.110176, 0.460561, 1.0792, 0.888427, 0.165173, 0.509984, 0.693087, 1.0022, 1.04375
3.02, 0.0319376, 0.997115, 1.54232, 0.785452, 0.698302, 1.38822, 0.631092, 0.873539, 1.07044, 1.12985, 0.736899, 0.848299, 0.461224, 0.403494, 1.00155, 0.539237, 0.639337, 0.635257, 0.785314, 0.693094, 0.59741, 0.661716, 0.507495, 0.774321, 0.938605, 0.308372, 0.393504, 0.736431, 0.881911, 1.04679, 1.14301
3.04, 0.0319376, 0.385833, 0.474505, 0.889579, -0.146362, 0.805104, 0.853338, -0.393152, -0.188915, 0.376065, 0.413176, -0.00514002, 0.380793, 0.336893, 0.0193279, -0.197076, 0.284012, 0.199189, 0.0873254, 0.0651135, 0.38238, 0.199706, 0.324009, 0.473275, 0.409156, 0.238227, 0.593868, 0.67251, 1.0106, 1.13358, 1.267
3.06, 0.0319376, 0.339938, 0.478828, 0.845773, 0.549165, 0.88847, 0.00160089, -1.03211, 0.550807, 0.800952, 0.650337, 0.397419, 0.94147, 0.989107, 0.549716, 0.935046, 0.79234, 0.385037, 0.803551, 1.0928, 0.551255, 0.705129, 0.845715, 1.01252, 1.3168, 1.11112, 1.08266, 1.22367, 1.39584, 1.71295, 1.9013
3.08, 0.0319376, 0.564266, 0.446402, 0.608652, 0.604384, 1.00134, 0.181131, 0.686337, 0.459911, 0.616119, 0.860698, 0.409751, -0.101387, 0.207633, 0.137247, 0.240861, 0.535108, 0.661221, 0.435894, 0.544565, 0.554179, 0.635069, 0.411414, 0.675256, 0.652566, 0.620266, 1.19678, 1.3796, 1.51145, 1.32608, 1.24027
3.1, 0.0319376, 0.351824, 0.127969, 0.376649, 0.349144, 0.544659, 0.906163, -0.297686, -0.20523, 0.533895, 0.360761, -0.0103565, -0.437272, 0.222869, 0.0843075, -0.213934, -0.196974, 0.407683, 0.200602, 0.402112, 0.404121, 0.520667, 0.486446, 0.544285, 0.719998, 0.675938, 0.544424, 0.971076, 0.866551, 0.774765, 1.10449
3.12, 0.0319376, 0.0423897, 0.282813, 0.257118, 0.304405, 0.271744, 0.276991, 0.348967, 0.0440792, 0.178416, 0.217997, -0.0900735, -0.160908, 0.148801, -0.216863, -0.159061, -0.299196, -0.139731, -0.209516, -0.0141026, -0.258554, 0.355198, 0.246963, -0.116544, 0.195718, 0.00823956, 0.355084, 0.363, 0.504867, 0.906912, 0.998748
3.14, 0.0319374, -0.960609, 0.514767, 0.51469, 0.125691, 0.914891, 0.574076, 0.093819, 0.913656, 0.134163, 0.76449, 0.678553, -0.223481, 0.74047, 0.835504, 0.968828, 0.537087, 0.560717, 0.596635, 1.23833, 0.725088, 0.772201, 0.701604, 0.701133, 0.727553, 0.704054, 0.831966, 0.918416, 0.839933, 0.968539, 1.2919
3.16, 0.0319374, 0.802384, 1.13554, 0.92136, 1.08471, 0.702109, 0.774388, 0.557519, 0.14707, 0.363596, -0.159278, 0.39557, 0.321905, 0.552178, 0.0808154, 0.659971, 0.550278, 0.670325, 0.779555, 0.915511, 0.769576, 1.15187, 1.27745, 1.53434, 1.65969, 1.32815, 1.39721, 1.21185, 1.57882, 2.40021, 2.53084
3.18, 0.0319374, 0.83861, 1.1794, 0.663457, 1.38894, 1.13916, 0.772767, 0.461504, 0.632196, 0.640787, 1.32752, 0.501244, 0.948815, 1.32713, 0.927346, 1.10682, 0.678053, 0.908314, 1.31514, 1.50783, 1.86038, 1.81904, 1.17084, 1.68504, 1.75458, 1.69186, 1.64087, 1.40003, 1.47291, 1.58449, 1.83778
3.2, 0.0319374, 1.26346, 0.703094, 0.567102, 0.470545, 0.472104, 0.531982, 0.0749654, 0.0843134, 0.904309, 0.304808, -0.00764027, 0.42582, 0.674475, 0.247914, 0.566008, 0.466447, 0.506459, 1.01825, 0.864382, 1.14868, 1.21381, 1.14176, 1.06626, 0.982163, 1.07945, 1.24834, 1.17672, 1.22504, 1.16807, 1.06598
3.22, 0.0319374, 0.451072, 0.516996, 0.200152, -0.493845, 0.329979, 0.401158, -0.701851, 0.332084, 0.696216, 0.367956, 0.324842, -0.0437518, 0.0221599, -0.142284, 0.171697, 0.26451, 0.506809, 0.303612, 0.822079, 0.854693, 1.24451, 0.957233, 0.868867, 0.904802, 0.879042, 0.570763, 0.95557, 0.909951, 0.775046, 1.33367
3.24, 0.0319376, 0.769601, 0.894292, 0.692973, 0.90479, 0.390896, 1.04129, 0.986863, 0.0859004, 0.119225, 1.06872, 1.07409, 0.720624, 1.09623, 0.473979, 0.884012, 0.23936, 0.0163921, 0.687198, 0.521054, 0.909473, 0.840189, 1.18067, 0.98483, 0.690799, 0.724716, 0.79047, 0.502976, 0.867088, 1.0136, 0.854676
3.26, 0.0319376, 0.222288, 1.3613, 1.64846, 0.917821, 0.447813, -0.157686, 0.169703, 0.478228, 0.607764, 0.349722, 0.205795, 0.434897, 0.522514, 0.200174, 0.179861, 0.200851, -0.135192, 0.0783594, 0.467307, 0.433808, 0.137577, 0.521949, 0.561063, 0.547314, 0.614389, 0.754886, 0.692507, 1.03409, 1.18476, 1.01644
3.28, 0.0319376, -0.716441, 0.251378, 0.110582, 0.232829, 0.434078, 0.706921, 0.985468, 0.500068, 0.625175, 0.258645, 0.354968, 0.313812, 1.02611, 0.51923, 0.630299, 0.71191, 0.320255, 0.673829, 0.42217, 0.526839, 0.391887, 0.522773, 0.696202, 0.52956, 0.708246, 0.551416, 0.559114, 0.721365, 1.07727, 1.42674
3.3, 0.0319376, 0.882493, 0.914635, 0.682698, 0.376316, 0.829594, 0.553636, 0.410908, 0.366722, -0.0309086, 0.384657, 0.360694, 0.800283, 0.226586, -0.199031, 0.305065, 0.283605, 0.113841, 0.0564742, 0.107759, 0.415231, 0.266977, 0.464151, 0.474486, 0.389224, 0.428732, 0.159785, 0.410471, 0.66443, 0.872317, 0.878375
3.32, 0.0319376, 0.270002, -0.287733, 0.234165, 0.477145, 0.676157, 0.886035, 0.317563, 0.291262, 0.433792, 0.436044, 0.0877035, 0.194507, 0.244953, 0.12291, 0.226763, 0.0875493, 0.294168, 0.416407, 0.235637, 0.248082, 0.172687, 0.257645, 0.370843, 0.249703, 0.442993, 0.566819, 0.867492, 0.823868, 0.630741, 0.76343
3.34, 0.0319376, 0.347418, 0.253242, 0.270178, 0.298347, 0.301362, 0.037706, 0.479232, 0.482002, 0.155417, 0.258978, 0.0664792, -0.0725373, -0.0012483, -0.292639, -0.306773, 0.0310331, 0.205344, -0.0639574, -0.181732, -0.174983, 0.263262, 0.0844763, 0.171533, 0.3173, 0.37434, 0.644632, 0.70951, 1.21105, 1.12218, 1.39095
3.36, 0.0319376, 1.5318, 0.486307, 0.18831, 0.728031, 0.858141, 0.750855, 0.646392, 0.643893, 0.596782, 1.06044, 0.0861048, 0.041516, 0.0946476, 0.317226, 0.489736, 0.338146, -0.0637618, 0.128754, 0.503383, 0.564995, 1.02295, 1.11344, 1.29659, 1.36985, 0.947189, 1.18326, 1.52474, 1.65889, 2.06895, 2.44267
3.38, 0.0319374, 0.364492, 0.855767, 1.09335, 1.74615, 1.37264, 0.121256, 0.951159, -0.18634, 0.580356, 0.555466, 0.943287, 0.392608, 0.290194, 0.691378, 0.398215, 0.685166, 1.0569, 0.148573, 0.11923, 0.500365, 0.630675, 0.706152, 0.984726, 0.529252, 0.866529, 0.862505, 0.893239, 1.43912, 1.5337, 1.93356
3.4, 0.0319374, 0.96697, 0.578078, 0.325474, 0.641314, 0.748473, 0.851672, 0.505577, 0.884695, 0.168996, 0.648055, 0.27345, 0.111902, 0.0968253, 0.245988, -0.0251837, -0.0266431, -0.073978, 0.209759, 0.450782, 0.379401, 0.0368651, -0.220046, 0.0483597, 0.368275, 0.419992, 0.559426, 0.949191, 0.941307, 1.45138, 1.45469
3.42, 0.0319374, 0.366922, 1.28618, 1.13411, 1.25655, 1.27419, 0.98095, 0.384257, 0.344579, 0.206261, 0.494772, 0.37567, -0.0337348, 0.193066, 0.486571, 0.359547, 0.304702, 0.276582, 0.126233, 0.492651, 0.651772, 0.498592, 0.426527, -0.00709602, 0.0618816, 0.246528, 0.436323, 0.530298, 0.677688, 0.915011, 0.758043
3.44, 0.0319374, 0.9587, 1.07047, 0.304919, 0.183219, 0.905806, 0.997119, 0.369529, 0.900905, 0.694195, 1.10563, 0.116289, 0.119443, 0.455356, 0.370696, 0.197441, 0.381089, 0.441858, 0.724373, 0.973849, 0.879759, 0.776282, 0.850704, 1.05645, 1.01437, 1.23309, 0.861096, 0.876883, 1.24892, 1.37833, 1.39706
3.46, 0.0319374, 0.448827, 0.730047, 1.04797, 0.960473, 0.541174, 0.462021, 0.610767, -0.118398, 0.0556215, 0.00562632, 0.500895, 0.726838, 0.802776, 0.398089, 0.25687, 0.229155, -0.0751345, 0.603769, 0.672573, 0.554867, 0.586029, 0.563831, 0.872625, 0.971155, 0.851069, 1.2349, 0.969089, 0.622776, 1.14019, 1.41149
3.48, 0.0319376, -0.947759, 0.535678, 0.380288, 0.586906, 0.99996, 0.577702, -0.168267, 0.821809, 0.259906, -0.380468, -0.0294368, 0.16377, 0.443902, 0.394973, 0.410644, 0.3531, 0.593736, 0.613046, 0.190674, 0.579241, 0.662291, 0.487158, 0.370019, 0.557391, 0.779355, 0.780242, 0.949615, 0.902502, 1.04517, 1.03943
3.5, 0.0319376, 0.855065, 0.681439, 0.696309, 0.867383, 0.583294, 0.352155, 0.0357072, 0.337709, 0.79144, 0.669436, 0.161177, 0.259498, 0.248479, 0.682409, -0.128442, -0.0990591, 0.150256, 0.454928, 0.155816, 0.444217, 0.118375, 0.143287, 0.673604, 0.673296, 0.582401, 0.621178, 0.84774, 0.79141, 0.98119, 1.18452
3.52, 0.0319376, 0.777738, 1.43443, 1.19117, 0.259515, -0.164853, -0.353183, 0.111475, 0.605967, 0.342569, 0.366355, 0.0249275, 0.130335, -0.185598, -0.0247421, -0.088352, 0.604289, 0.370255, 0.339912, -0.0144296, 0.160718, 0.857692, 0.9091, 0.83841, 1.0266, 0.91238, 1.3742, 1.35231, 1.43505, 1.539, 1.97301
3.54, 0.0319376, 1.13514, 1.14181, 0.73864, 0.524448, 0.180693, 0.507419, 0.517415, -0.0479651, 0.0641665, 0.0285229, 0.340708, -0.0465175, 0.165151, -0.235618, 0.195439, 0.251137, 0.267261, 0.546279, 0.685918, 0.546035, 0.742478, 0.855149, 0.687849, 1.2827, 1.49888, 1.66519, 1.70267, 1.4988, 1.61071, 1.87486
3.56, 0.0319376, 0.45884, 0.731295, 0.922559, 0.580936, -0.0581088, 0.41347, 0.454854, 0.14376, 0.169637, 0.351629, -0.00334446, 0.43988, 0.51929, 0.475357, 0.0274843, 0.532351, 0.357973, 0.495874, 0.793614, 1.4473, 1.60494, 1.27869, 1.36564, 1.7739, 2.4039, 2.92577, 2.48187, 2.31271, 2.73341, 3.05205
3.58, 0.0319376, 0.457965, 0.723072, -0.10363, 0.297287, 1.13682, 0.61953, 0.583417, 0.480843, 0.687855, 0.2786, 0.101275, 0.405396, 0.787707, 0.868643, 0.681783, 0.117263, 0.561944, 0.534089, 0.863028, 0.613835, 1.09538, 1.08014, 0.898557, 1.02467, 1.45235, 1.67426, 1.56899, 1.98447, 2.10684, 2.52388
3.6, 0.0319376, 0.651255, 1.53326, 1.24545, 1.06757, 0.799551, 0.531599, 0.977618, 0.998046, 0.558387, 0.724657, 1.14637, 1.28, 0.898577, 0.460341, 0.561148, 0.780367, 0.612878, 0.929444, 0.761629, 1.05617, 1.43272, 1.29719, 1.47475, 1.39996, 1.53923, 1.67427, 1.50411, 1.70491, 1.98111, 2.08405
3.62, 0.0319376, 1.00537, 0.90527, 0.766047, 0.43327, 1.54856, 1.39789, 0.444793, 1.16975, 1.06704, 0.371495, 0.0943082, 0.459451, 0.85326, 0.430647, 0.0338014, 0.390415, 0.521506, 0.925937, 0.72143, 0.807403, 0.593833, 1.02949, 0.901152, 0.563472, 0.994247, 1.09175, 1.10659, 1.26161, 1.28322, 1.60708
3.64, 0.0319374, 1.13384, 0.612832, 1.01481, 0.54701, 0.940053, 0.59253, 0.515055, 0.601262, 0.478273, 0.103111, -5.28111e-05, 0.647245, 0.564227, 0.703579, 0.941371, 0.242328, 0.146972, 0.571051, 0.319994, 0.329735, 0.137466, 0.669293, 0.862502, 1.03701, 0.945217, 1.10802, 1.11106, 1.25117, 1.61116, 1.58932
3.66, 0.0319374, 0.622768, 0.818474, 0.442213, 0.307749, 0.946721, 0.232502, -0.414032, 0.410857, 0.958577, 0.4754, 0.181687, 1.03124, 1.18005, 0.0322937, 0.370703, 0.221825, 0.283083, 0.609313, 0.798996, 0.882036, 0.567261, 0.577792, -0.000812026, 0.609204, 0.398018, 0.605977, 0.907114, 1.42557, 1.53304, 1.71513
3.68, 0.0319374, 1.10888, 1.50433, 1.64136, 1.11128, 1.45884, 1.42864, 0.527654, 0.803644, 0.817951, 1.20187, 0.528427, 0.313593, 0.607681, 0.800013, 0.726898, 0.168558, 0.220162, 0.241483, 0.77762, 0.808442, 0.570583, 0.605018, 0.623763, 0.43037, 0.545836, 0.628562, 0.936022, 1.13542, 1.23475, 1.3125
3.7, 0.0319374, 0.335316, 0.884199, 1.33091, 1.03636, 1.23306, 1.29281, 0.734119, 0.923805, 0.8124, 0.602243, 0.42403, 0.145647, 0.408234, 0.738574, 0.314091, -0.0719609, 0.142818, 0.767242, 0.750858, 0.536491, 0.192268, 0.360008, 0.473626, 0.628173, 0.536138, 0.609692, 0.840822, 0.89102, 0.99779, 1.44825
3.72, 0.0319374, -0.483001, 0.772059, 0.796619, 0.663814, 1.07073, 0.690484, 0.532078, 0.624882, 0.683619, 0.633237, 0.71691, 0.538012, 0.179965, 0.366682, 0.2334, 0.405087, 0.12047, 0.326304, 0.236977, 0.656754, 0.269975, 0.078965, 0.451725, 0.805711, 0.691379, 0.784351, 0.687739, 0.76989, 0.759205, 0.942694
3.74, 0.0319376, 0.256047, 0.987803, -0.0827283, 0.89103, 1.15956, 0.703836, 0.598476, 0.116986, 0.465555, 0.846275, 0.740972, 0.525644, 0.237757, 0.391615, 0.839813, 0.334197, 0.331826, 0.321264, 0.306963, 0.534125, 0.729647, 0.663828, 0.506908, 0.519389, 0.529809, 0.572848, 0.406378, 0.547198, 0.985847, 1.11223
3.76, 0.0319376, 0.799982, 1.29533, 0.642886, 0.679296, 0.683541, 0.2786, 0.331264, 0.410376, 0.558054, 0.423493, 0.398433, 0.562247, 0.35262, 0.170551, 0.727672, 0.318614, 0.113291, 0.346624, 0.394103, 0.29011, 0.290452, 0.642487, 0.889105, 0.593112, 0.601187, 0.633934, 0.725212, 0.947737, 0.66524, 0.794719
3.78, 0.0319376, 0.669143, 0.556674, 0.78821, 0.882873, 0.515814, 0.347295, 0.203174, 0.843081, 0.681689, -0.103692, -0.149666, 0.104801, 0.481155, 0.204284, 0.637579, 0.493239, 0.600133, 0.345239, 0.675564, 0.703268, 0.52915, 0.494117, 0.333656, 0.506858, 0.601126, 0.918871, 0.916117, 0.76974, 1.04161, 1.16549
3.8, 0.0319376, 0.0761538, 0.656361, 0.266397, 0.077478, 0.205432, -0.315778, -0.319005, 0.218442, 0.807271, 0.456118, 0.713125, 0.382827, 0.415763, 0.294052, 0.834926, 0.298718, 0.156111, 0.386746, 0.666883, 1.06014, 0.783718, 0.503682, 0.711238, 0.550836, 0.565017, 0.98266, 1.31052, 1.2625, 1.17103, 1.08267
3.82, 0.0319376, -0.119713, -0.676934, -0.127275, -0.331078, 0.375559, 0.293812, -0.0319161, -0.632377, -0.117619, 0.228806, -0.00833536, 0.00157316, 0.417784, 0.0786463, 0.374747, 0.160521, 0.199079, 0.406095, 0.123337, 0.732069, 0.631065, 0.617554, 0.93336, 0.771417, 0.791862, 1.08753, 0.767093, 0.932409, 1.34826, 1.68973
3.84, 0.0319376, -0.0529279, 0.0636546, 0.728741, 0.353342, 0.308122, -0.238185, -0.104643, -0.80216, -0.387526, 0.0532739, -0.258053, -0.0146151, -0.878252, -0.157534, -0.0168327, -0.284835, -0.114837, 0.011647, 0.252832, 0.576257, 0.206541, 0.318059, 0.436763, 0.482768, 0.350217, 0.522127, 0.68065, 0.804814, 1.05144, 1.19759
3.86, 0.0319376, 0.154583, 0.2809, 0.0504226, -0.131708, -0.14014, -0.493441, 0.235031, 0.235486, -0.000469855, -0.204368, 0.0404932, -0.138453, -0.0279372, -0.0614309, -0.00853775, 0.36287, 0.329523, 0.476849, 0.110812, -0.011763, 0.694493, 0.733543, 0.832036, 0.986136, 1.54158, 1.47147, 1.72761, 1.37262, 1.36618, 1.53029
3.88, 0.0319374, 0.120907, 0.477681, 0.176374, 0.287531, 0.869477, 0.701463, 0.900592, 1.13174, 0.99166, 0.501023, 0.262791, -0.0359557, -0.270159, -0.404709, -0.0359581, 0.312689, 0.443551, 0.910334, 0.11878, 0.125823, 0.468475, -0.0489172, 0.939168, 0.843749, 0.923659, 1.1357, 0.865051, 1.45039, 1.46722, 1.34225
3.9, 0.0319374, -0.274903, -0.00106528, 0.407565, 0.631992, 0.912773, 0.892681, 0.301364, 0.660917, 0.4541, 0.216323, 0.193394, 0.289192, 0.281215, -0.0245092, -0.179029, 0.124896, 0.178697, 0.144309, -0.168442, -0.134826, 0.431018, 0.486557, 0.863038, 0.573165, 0.64803, 0.682488, 0.772436, 0.988584, 1.19259, 1.16744
3.92, 0.0319374, -0.552678, 0.521849, 1.25535, 0.224979, -0.271479, -0.41596, 0.341282, 0.340172, 0.695707, 0.929903, 0.463303, 0.937111, 0.550947, 0.820417, 0.211554, 0.336256, 0.750637, 0.473621, 0.790449, 0.992694, 0.381044, 0.796764, 0.74761, 0.783229, 0.508123, 0.931957, 0.889659, 1.07677, 1.15629, 1.40478
3.94, 0.0319374, 0.700258, 0.065362, 0.423419, 0.0758347, 0.839727, 0.455673, 0.961202, 0.524165, 0.740939, 0.444517, -0.0602492, 0.43027, 0.225639, 0.508164, 0.631769, 0.938458, 0.775896, 0.974754, 1.0082, 0.59423, 0.605783, 0.588291, 1.07029, 1.165, 1.29249, 1.57883, 1.68301, 1.77403, 1.97066, 1.85619
3.96, 0.0319374, 0.489631, 1.09253, 0.498188, 0.593522, 0.722106, 0.953425, 0.22957, -0.199178, -0.0243914, 0.469388, 0.628575, 0.533584, 0.687151, 0.424962, 0.456904, 0.720475, 0.615298, 0.705065, 1.04875, 0.592633, 0.514438, 0.826504, 0.63113, 0.74321, 1.19612, 1.24769, 1.05907, 1.08655, 1.25639, 1.61184
3.98, 0.0319376, -0.235576, 0.271637, 0.809343, 0.911602, 0.775922, 0.607589, 0.104511, -0.524695, 0.690803, 0.289614, 0.167856, 0.0702214, 0.872961, 0.537697, 0.378166, 0.153323, 0.0157706, 0.201768, 0.276018, 0.0993182, -0.154637, 0.29983, 0.54123, 0.547338, 0.397539, 0.346572, 0.735991, 1.02761, 1.08221, 1.48755
4, 0.0319376, 0.379178, 0.511793, 1.01653, 0.752899, 0.549387, 0.483915, 0.429735, 1.10843, 1.17764, 0.765438, 0.496662, -0.0959482, 0.0155523, 0.620942, 0.388463, 0.100693, 0.577779, 0.60371, 0.430377, 0.135944, 0.605499, 0.68333, 0.350582, 0.636042, 0.881462, 1.20651, 1.26046, 0.688043, 0.907907, 1.22624
4.02, 0.0319376, 1.01264, 0.913154, 0.818362, 0.266307, 0.692433, 0.0744934, 0.105257, 0.436084, 0.473804, 0.545901, 0.639456, 0.589371, 0.876979, 0.620796, 0.853118, 0.464843, 0.303573, 0.662502, 0.915729, 0.790069, 0.36819, 0.468053, 0.800154, 0.821308, 0.527825, 0.357653, 0.431227, 0.578637, 0.806014, 1.05801
4.04, 0.0319376, 1.10563, 1.20604, 0.125991, 0.914664, 1.03073, 0.928751, 0.668018, 0.988519, 0.988908, 0.772756, -0.0142204, 0.497892, 0.793541, 0.737093, 0.736344, -0.00929267, 0.555709, 1.05712, 0.829569, 0.897295, 0.782201, 0.646063, 0.670862, 0.195095, 0.408328, 0.831484, 0.705882, 0.731736, 0.85733, 1.14614
4.06, 0.0319376, -0.362603, 0.607172, 0.199456, 0.305433, 1.04838, 1.20863, 0.523966, 0.478846, 0.787294, 0.45305, 0.304034, 0.503432, 0.390557, 0.785183, 0.759488, 0.93446, 0.771072, 0.619457, 0.591955, 0.89906, 0.516206, 0.817176, 0.229448, 0.535047, 0.692968, 0.773433, 0.532057, 0.860569, 1.12929, 1.14752
4.08, 0.0319376, 1.12741, 1.23531, 1.09167, 1.44475, 1.48267, 0.59667, 0.418746, 0.818648, 0.232899, 0.379155, 0.0522825, -0.381059, -0.0742033, 0.414672, 0.68541, 0.58202, 0.496716, 0.339572, 0.29309, 0.551461, 0.586216, 0.432379, 0.596631, 0.815809, 0.517846, 0.738701, 0.596424, 0.752558, 0.662505, 0.751853
4.1, 0.0319376, 0.778138, 1.32779, 1.28733, 1.43338, 0.964901, 0.861399, 0.577087, 1.24326, 0.407676, 0.65238, 0.451164, 0.323099, 0.164672, 0.658509, 1.17274, 0.485501, 0.0177515, 0.610075, 0.364121, 0.530671, 0.539583, 0.263917, 0.934909, 0.841524, 0.343672, 0.442941, 0.502026, 0.635333, 0.908009, 1.32381
4.12, 0.0319376, 0.373824, 1.32769, 0.855635, 0.261059, 0.670932, 0.782878, 0.1452, 0.755605, 0.597514, 0.526404, 0.38046, 0.324132, 0.294869, 0.0941903, 0.0612513, 0.00901214, -0.397012, 0.131958, 0.148731, 0.354237, 0.313395, 0.346445, 0.47178, 0.379258, 0.343237, 0.527985, 0.459066, 0.676213, 0.662707, 0.972457
4.14, 0.0319376, 0.365253, 0.11344, 0.152812, -0.317647, -0.362549, 0.47336, 1.16212, 1.08792, 0.712478, 0.450205, 0.0446482, -0.795561, -0.106523, -0.129306, 0.0886214, 0.0827551, -0.0665861, 0.307993, 0.191109, -0.0135963, 0.0635951, -0.0367328, 0.101944, 0.443525, 0.904013, 0.669476, 0.291312, 1.19605, 1.24018, 1.1025
4.16, 0.0319376, 0.964491, 0.561152, -0.141886, 1.29189, 1.4766, 0.347183, 0.662182, 0.547814, 0.147033, 0.590004, 0.150968, 0.402981, 0.740856, 0.769698, 0.769113, 0.466325, 0.108822, 0.125315, 0.627868, 0.31127, 0.0973427, 0.0781629, 0.474644, 0.428212, 0.796743, 0.747616, 0.585087, 0.608715, 0.655264, 0.784361
4.18, 0.0319376, 0.817668, 0.628286, 0.149801, 0.0544089, 0.558382, 0.193012, 0.0282449, 1.09194, 0.884661, 0.958747, 0.600966, 0.449703, 0.72818, 0.726577, 0.547042, 0.166504, 0.0355888, 0.223959, -0.160112, -0.0277822, 0.287763, 0.388819, 0.0629891, 0.433191, 0.686946, 0.803643, 1.06966, 1.01289, 1.17883, 1.2004
4.2, 0.0319376, 0.0240604, 0.547821, 0.499376, 0.463254, 1.14592, 0.467953, 0.322139, -0.252284, 0.710789, 0.878908, 0.072396, 0.61897, 0.660869, 0.391976, 0.197269, -0.171967, 0.156742, 0.32451, 0.544218, 0.238163, 0.216414, 0.513009, 0.56028, 0.515328, 0.792223, 0.625003, 0.419521, 0.830983, 1.03651, 1.01981
4.22, 0.0319376, 1.04322, 0.455181, 1.17202, 0.787567, 0.451481, 0.380896, 0.344067, 0.564308, 0.612235, 1.11474, 0.450845, 0.82127, 0.536138, 0.305909, 0.448252, 0.685152, 0.16721, 0.241998, 1.02941, 0.949605, 0.964497, 0.932774, 0.871032, 0.722083, 0.684407, 0.547986, 0.621773, 0.647925, 0.753383, 1.14482
4.24, 0.0319376, 0.655443, 1.56832, 1.31086, 0.672596, 0.466342, -0.0822116, -0.184841, 0.491028, 0.934945, 1.39399, 0.32722, 0.821035, 0.352888, 0.924809, 0.822085, 0.33807, 0.609261, 0.874812, 0.830282, 1.27039, 1.20876, 1.36198, 1.14852, 1.23898, 1.29915, 1.6083, 1.49099, 1.59867, 1.49452, 1.47953
4.26, 0.0319371, 0.606999, 0.51364, 0.979989, 0.324928, 0.441777, 1.0354, 0.49515, 0.672806, 0.153513, 0.498364, 0.354761, 0.585654, 0.33064, 0.112456, 0.00383499, -0.132579, 0.381601, 0.537814, 0.411921, 0.770723, 0.8126, 0.634479, 0.866803, 0.747631, 0.712178, 0.881119, 0.777456, 1.18781, 1.37281, 1.57549
4.28, 0.0319371, 1.46966, 1.14974, 0.393206, 0.788861, 1.00853, 0.604477, 0.44271, 0.451066, 0.406372, 0.444583, 0.0221596, 0.0583175, -0.0566719, 0.423559, 0.682357, 0.191422, 0.113261, 0.0743268, 0.289158, 0.506238, 0.358064, 0.58113, 0.414767, 0.589212, 0.934477, 0.687379, 0.987874, 1.3682, 1.32538, 1.29688
4.3, 0.0319371, 1.50575, 1.15894, 0.387067, 0.0620589, 0.330123, 0.294712, 0.461308, 0.606678, -0.20483, 0.390807, 0.656972, 0.202774, 0.544726, 0.751828, 0.514944, -0.197656, -0.295009, 0.107327, -0.183082, -0.143455, 0.498175, 0.633988, 0.450195, 0.565337, 0.971334, 0.936113, 1.41413, 1.59194, 1.40419, 1.23258
4.32, 0.0319371, 0.803593, 0.614959, 0.265282, -0.00692999, 0.755227, 0.743413, 0.553327, 0.761476, 0.582114, 0.662684, 0.169788, -0.456009, -0.0709242, 0.27632, 0.496137, 0.369699, 0.0351888, -0.076354, 0.0696042, 0.205612, 0.129409, 0.229793, 0.104591, -0.0584877, 0.502142, 0.7939, 0.651534, 1.062, 0.750338, 1.00363
4.34, 0.0319371, -0.220053, 0.20247, 0.36176, 0.090119, 0.390805, -0.202056, -0.470606, 0.386587, 0.529123, -0.0386759, -0.176132, 0.203266, 0.422642, 0.451151, 0.395276, 0.584626, 0.578433, 0.919467, 0.741475, 0.460829, 0.277143, 0.469838, 0.316653, 0.445197, 0.747495, 0.581095, 0.691283, 0.95807, 0.838935, 0.928756
4.36, 0.0319376, 1.10619, 0.607498, 0.758415, 0.686747, 0.612641, 0.352346, 0.852844, 1.02627, 0.987475, 0.866003, 0.604147, 0.458696, 0.530285, 0.541329, -0.180882, 0.431902, 0.387732, 0.360907, 0.519886, 0.577325, 1.08984, 0.975347, 1.6611, 1.89101, 2.06444, 2.12847, 2.33871, 2.58336, 2.28646, 2.60725
4.38, 0.0319376, -0.0389395, 0.302148, 0.613166, 0.0683353, 0.610814, 0.794368, 0.379513, 0.384492, 1.0168, 0.836723, 0.382531, -0.2048, 0.371639, 0.832891, 0.847395, 0.54068, 0.559029, 0.587063, 0.701836, 0.9072, 0.915384, 1.19537, 1.56883, 1.15495, 1.44562, 1.63286, 1.37308, 1.71903, 1.90546, 2.09581
4.4, 0.0319376, 0.038502, 0.824209, 0.601359, 0.415247, 0.991331, 0.777727, 1.11347, 1.10387, 0.25213, 0.502984, 0.943223, 0.593172, 0.433136, 0.503456, 0.535296, 0.213322, 0.442732, 0.902228, 1.06297, 0.937864, 0.891893, 0.886323, 1.04192, 1.12959, 1.48505, 1.55303, 1.52307, 1.60253, 1.41546, 1.5863
4.42, 0.0319376, 0.456172, 1.16007, 1.29478, 0.459015, 0.740249, 0.254799, 0.536842, 0.274573, -0.0347493, 0.45502, 0.512116, 0.357573, 0.274542, 0.525997, 0.493507, 0.0442815, 0.681924, 0.70017, 0.293367, 0.492915, 0.65134, 0.719781, 0.906292, 1.00398, 0.805823, 0.852219, 1.35834, 1.39641, 1.45282, 1.46167
4.44, 0.0319376, 0.604329, 0.836047, 1.12804, 0.714981, 0.729794, 0.181712, 0.218051, 0.00460623, 0.399814, 0.409016, 0.209223, 0.296493, 0.473269, 0.713681, 0.682086, 0.288738, 0.0820404, 0.208013, 0.38185, 0.305362, 0.247503, 0.583076, 0.681992, 0.431635, 0.816891, 0.740094, 1.17467, 1.08048, 1.20246, 1.32442
4.46, 0.0319376, 0.729492, 0.633261, 0.616792, 0.708326, 0.482939, 0.252253, -0.123645, 0.88152, 0.200094, 0.471499, 0.562418, 0.151014, 0.291329, -0.020342, 0.168008, 0.196198, -0.0189078, 0.0159379, 0.0498162, -0.0436165, 0.662191, 0.760504, 0.626455, 0.353979, 0.294933, 0.510727, 0.828443, 1.10147, 1.31248, 1.19359
4.48, 0.0319376, 0.762867, 1.58827, 1.39771, 0.563899, 0.951604, 0.412123, 0.66156, 0.760127, 0.776842, 1.01237, 0.174823, 0.476603, 0.650098, 0.477832, 0.502648, -0.065282, 0.494175, 0.770782, 1.14698, 1.05007, 0.968213, 0.864872, 0.602378, 0.975053, 0.849304, 0.510404, 0.719137, 1.2416, 1.26856, 1.29035
4.5, 0.0319376, -0.196147, 0.288766, -0.210537, 0.220843, 1.07871, 0.154964, 0.556014, 0.317383, 0.711047, 0.595936, -0.148684, 0.449858, 0.0486147, 0.450485, 0.41304, 0.235608, 0.0482406, 0.646687, 0.346265, 0.244575, 0.403447, 0.594909, 0.473496, 0.591298, 0.475469, 0.559052, 0.808887, 0.985404, 0.848493, 1.23478
4.52, 0.0319376, 0.402889, 0.152133, 1.18611, 0.851086, 1.20105, 0.99777, 0.240289, 0.582629, 0.191784, 0.902751, 0.574659, 1.09861, 1.23474, 1.1458, 1.4429, 1.49581, 0.938671, 0.46923, 1.10191, 0.808995, 1.04226, 1.16594, 1.08256, 1.02982, 1.51514, 1.47851, 1.36109, 1.85781, 1.50902, 1.53709
4.54, 0.0319376, -0.158651, -0.146281, 0.203339, 0.782883, 0.903044, 0.980831, 1.03251, 0.641361, 0.955315, 1.102, 0.698439, 1.08148, 1.15142, 1.37079, 0.842481, 0.632277, 0.931591, 0.71268, 0.807533, 1.03623, 0.695754, 0.528784, 0.732602, 1.09238, 1.29823, 1.4751, 1.70272, 1.75453, 1.34523, 1.90041
4.56, 0.0319376, 0.42414, 1.08731, 0.510998, -0.0274708, 0.324786, 1.05707, 0.273409, 1.29625, 1.11799, 0.871387, 0.513486, 0.79795, 0.945906, 0.936558, 1.01112, 0.894552, 0.349925, 0.937842, 0.519529, 0.942145, 0.878995, 0.400728, 0.602143, 0.588865, 0.954482, 0.856694, 1.20232, 1.58741, 1.7163, 1.61836
4.58, 0.0319376, 0.127294, 0.632566, 0.947016, 0.28294, 1.08646, 0.778393, 0.0266988, 0.499538, 0.489316, 0.51685, 0.230443, 0.605621, 0.586976, 0.434233, 0.1673, 0.274941, 0.600977, 0.527399, 0.536628, 0.29256, -0.0221601, -0.0988, 0.411126, 0.19168, 0.395867, 0.73013, 1.14132, 1.24991, 1.28374, 1.42585
4.6, 0.0319376, 0.720579, 1.20247, 0.939552, 1.12882, 1.15269, 0.857287, 1.32261, 0.270734, 0.737878, 1.235, 0.65192, -0.210579, 0.514755, 0.641445, 0.878524, 0.336666, 0.331966, 0.635254, 0.370812, 0.726509, 0.527238, 0.388883, 0.412525, 0.613047, 0.953376, 0.792398, 0.988338, 0.988867, 0.964562, 1.05812
4.62, 0.0319376, 0.909472, 0.590076, 0.752141, 0.706505, 0.952956, 0.746768, 0.69723, 0.749793, 0.814722, 0.448478, 0.31461, 0.157814, 0.756835, 0.530421, 0.491407, -0.0305549, 0.497649, 0.366286, 0.287116, 0.0965032, 0.200216, 0.0986284, 0.564432, 0.34539, 0.817914, 0.573956, 0.662997, 0.94365, 1.16276, 1.03187
4.64, 0.0319376, 0.0385195, -0.0670479, 0.252708, 0.238856, 0.784723, 0.747987, 0.178368, 0.414352, 0.0711817, 0.298448, 0.466873, 0.0837509, -0.0413385, 0.121355, -0.371508, -0.272555, -0.436758, -0.00912586, 0.036728, 0.432847, 0.0691441, 0.104558, 0.412318, 0.546302, 0.543398, 0.390881, 0.815281, 0.573526, 0.610958, 0.82575
4.66, 0.0319376, 0.0312376, 1.03099, 0.439713, 0.526161, 0.520315, 0.39787, 0.55788, 0.731271, 0.743719, 0.543582, 0.353227, 0.389299, 0.214874, 0.416604, 0.248357, 0.223841, 0.404821, 0.696467, 0.618335, 0.364484, 0.604476, 0.88338, 1.16309, 1.07041, 1.06254, 1.08205, 1.20906, 1.45664, 1.20504, 1.22122
4.68, 0.0319376, 0.160064, -0.430523, -0.139779, -0.393831, -0.00246501, 0.918656, 0.781471, 0.233158, 0.522765, 0.0837695, -0.084912, -0.250761, 0.118159, 0.46635, 0.500344, 0.334631, 0.902205, 0.573414, 0.439517, 0.532729, 0.751077, 0.496399, 0.486571, 0.707859, 0.784662, 0.811741, 0.921447, 1.07776, 1.18007, 1.34489
4.7, 0.0319376, 0.641383, 0.82478, 1.18682, 0.518969, 0.803719, 0.268565, -0.387803, 0.403411, 0.576627, 0.629899, -0.187999, -0.0205731, -0.0322581, 0.119352, 0.296403, -0.339269, 0.0728042, 0.191801, 0.269708, 0.359522, 0.3776, 0.551754, 0.765226, 0.856919, 1.10036, 1.04624, 1.15721, 1.37298, 1.77092, 2.27255
4.72, 0.0319376, -0.432408, -0.665065, 0.337221, 0.429974, 0.232538, 0.45281, 0.45101, 0.300777, 0.512706, 0.848768, 0.413477, 0.764823, 0.85898, 0.64874, 0.736686, 0.298713, 0.649227, 0.293392, 1.01699, 0.912436, 1.13073, 1.51082, 1.58296, 1.99474, 2.05733, 2.21971, 2.28752, 2.27992, 2.4761, 2.69137
4.74, 0.0319376, -0.139315, 0.571756, 0.958754, 0.687109, 0.34723, 0.410493, 0.137333, 0.567557, 0.90192, 0.431838, 0.177708, 0.794346, -0.0299269, 0.752998, 0.348942, 0.574728, 0.704407, 0.571053, 0.643947, 0.775147, 0.97041, 1.02871, 0.920521, 1.1183, 1.57752, 1.83937, 1.90519, 1.63638, 1.92743, 2.22995
4.76, 0.0319371, 0.312435, 0.849762, 0.865424, 0.609217, 0.540145, 0.743617, 0.442968, 0.333779, 0.364404, 0.156342, 0.42878, 0.250914, -0.148809, 0.200812, 0.844716, 0.497163, -0.232567, 0.684457, 0.685791, 0.499083, 0.669627, 0.778479, 0.892505, 1.01123, 1.04111, 1.0826, 1.14731, 1.28049, 1.13723, 1.69656
4.78, 0.0319371, 1.22771, 0.84235, 0.40431, 0.204868, 0.702496, 0.748552, 0.905229, 1.25325, 0.720929, 1.04435, 0.566639, 0.279054, 0.890494, 0.757302, 0.277062, 0.25609, 0.815327, 1.18146, 1.23141, 1.00772, 1.14212, 1.21161, 1.15766, 1.44049, 1.28599, 1.15639, 1.08424, 1.25195, 1.46777, 1.41305
4.8, 0.0319371, 0.901487, 1.04005, 0.84454, 0.372557, 1.30877, 0.553932, 0.26801, 1.03537, 0.78175, -0.0479816, 0.17607, 0.253718, 0.516639, 0.310722, -0.00789833, -0.00922523, 0.336296, 0.529265, 0.671302, 0.570022, 0.552796, 0.627164, 0.595229, 0.668303, 0.730014, 0.853001, 0.904374, 1.12904, 1.5886, 2.04176
4.82, 0.0319371, 1.11617, 1.18696, 0.877662, 0.660852, 0.485987, 0.434455, 0.283857, 0.514649, 0.200327, -0.0934721, -0.0286458, 0.364494, 0.179316, 0.347316, 0.182115, -0.0812101, 0.435955, 0.464862, 0.582701, 0.426112, 0.321552, 0.320507, 0.379999, 0.49219, 0.512554, 0.401667, 0.728726, 0.952583, 0.848933, 1.19832
4.84, 0.0319371, 1.05423, 0.36837, 0.364538, 0.733825, 1.12305, 0.912436, 0.481238, 0.587875, 0.194698, 0.293836, 0.0536876, 0.366397, -0.00566786, 0.197726, 0.441193, 0.687259, 0.332502, 0.617529, 0.413584, 0.19952, 0.71995, 0.824772, 0.543326, 0.78543, 0.907717, 1.14389, 1.24058, 1.57653, 1.51422, 1.62118
4.86, 0.0319376, 0.772209, 0.695924, -0.290969, 0.947759, 1.3792, 0.340874, 0.496402, 0.632557, 0.539895, 0.659567, 0.762566, 0.405343, 0.324291, 0.248787, 0.16152, 0.438924, 0.516371, 0.615964, 0.692415, 0.643717, 0.83157, 0.629764, 0.915053, 0.885383, 0.761248, 0.812474, 0.914417, 1.17502, 1.22854, 1.31442
4.88, 0.0319376, 0.782447, 0.821586, 0.718081, 0.281943, 0.901144, 0.355497, 0.0538915, 0.759887, 0.0431827, 0.0394688, -0.465359, 0.126181, 0.542435, 0.493518, -0.12569, -0.100512, -0.0274078, 0.266048, 0.345031, 0.344161, 0.456194, 0.625999, 0.523119, 0.572381, 0.645247, 0.641539, 0.640002, 1.01395, 1.15699, 0.972578
4.9, 0.0319376, 1.01044, 0.871799, 1.32772, 0.602173, 0.684366, 0.943827, 0.0627706, 0.481446, 0.504009, 0.0645921, 0.230382, 0.350933, 0.462022, 0.50313, 0.719758, 0.515144, 0.799763, 0.997481, 1.40786, 1.09156, 1.48845, 0.999781, 1.20639, 0.95723, 0.859604, 0.700206, 0.502977, 1.02143, 1.13009, 1.18061
4.92, 0.0319376, 0.172964, 0.735225, 1.18407, 0.341545, 0.824768, 0.334962, 0.00970715, -0.302432, 0.0979398, -0.0808752, -0.30804, -0.0404892, 0.077383, 0.0753215, 0.203572, -0.222307, -0.406752, 0.0202358, 0.530619, 0.685272, 0.782393, 0.251551, 0.507553, 0.73449, 0.533833, 0.700786, 0.780336, 0.792219, 0.94281, 1.04988
4.94, 0.0319376, 0.437382, -0.00307376, 0.0783376, -0.307858, 0.118928, 0.539488, -0.390492, -0.345229, -0.0646846, 0.297352, 0.00870115, -0.050278, -0.669704, -0.31636, -0.350703, -0.421633, -0.696998, -0.0266808, -0.0548854, 0.36743, 0.151887, 0.155776, -0.0626734, -0.143594, 0.148443, 0.319456, 0.442079, 0.41299, 0.456843, 0.672134
4.96, 0.0319376, 0.734865, 0.533949, 0.740367, -0.288141, 0.986072, 0.653539, 0.292766, 0.745578, 0.160635, 0.857101, 0.317763, 0.453059, 0.411717, 0.432895, 0.253427, 0.398846, -0.107063, -0.227396, 0.187973, 0.288084, 0.414371, 0.361889, -0.166362, 0.0205742, 0.476346, 0.291214, 0.537579, 0.52417, 0.491808, 0.309411
