# Time (seconds), Duration (seconds), f0, f1, f2, f3, f4, f5, f6, f7, f8, f9, f10, f11, f12, f13, f14, f15, f16, f17, f18, f19, f20, f21, f22, f23, f24, f25, f26, f27, f28, f29
0, 0.0319375, 1.72194, 2.60592, 2.26196, 1.69374, 1.87231, 1.52576, 1.19505, 0.794553, 1.91116, 1.56417, 1.22656, 1.15706, 0.274883, 0.202218, 0.0812097, -0.0321538, -0.178229, 0.0305789, 0.127093, -0.0200401, 0.0024401, 0.0524314, 0.622857, 0.577534, 0.569784, 0.406233, 0.458294, 0.622749, 0.303886, 0.33213
0.02, 0.0319375, 2.12577, 2.3859, 2.03261, 1.26958, 1.27167, 1.3975, 0.960199, 0.825665, 1.13126, 0.423455, 0.797294, 0.640596, 0.842221, -0.0728841, 0.200517, 0.220813, -0.181715, 0.268492, -0.135015, 0.313083, 0.138528, 0.12887, 0.279638, 0.40283, 0.0354116, 0.252372, 0.626905, 0.420845, 0.27235, 0.163636
0.04, 0.0319375, 0.491332, 1.61192, 1.52665, 0.664025, 0.745156, 0.395816, 1.21566, 0.937724, 0.812285, 1.11013, 1.03088, 0.899514, 0.489712, 0.0832677, -0.418323, -0.314448, -0.165377, -0.437408, -0.568411, -0.166095, -0.1348, -0.230408, -0.272842, -0.182337, 0.0503169, 0.115313, 0.0366167, 0.241854, 0.0991526, 0.0660544
0.06, 0.0319375, 1.1136, 2.29714, 1.64279, 0.878351, 0.648728, 0.912926, 0.866746, 0.963748, 0.462401, 0.574308, 0.279634, 0.667015, -0.186429, -0.667998, -0.2208, -0.944246, -0.953417, -0.427393, -0.555882, -0.533059, -0.544338, -0.200848, -0.236947, -0.517646, -0.0350773, -0.199496, -0.261877, 0.0742449, 0.194031, 0.00186877
0.08, 0.0319375, 0.756809, 1.31859, 0.63141, 0.991395, 1.26475, 0.932094, 0.439808, 0.647696, 1.10466, 0.430689, 0.601962, 0.578197, -0.450998, -0.282062, -0.146223, -0.57521, -0.208244, -0.389013, -0.688229, -0.182093, -0.386424, -0.0871748, -0.155828, 0.0022529, 0.0442831, -0.211184, 0.194658, 0.158281, -0.0142704, 0.186537
0.1, 0.0319375, 0.802006, 1.44554, 0.194361, -0.44118, 0.658593, 0.510531, -0.174805, 0.00604515, 0.414701, 0.199111, 0.19654, -0.177141, -0.222805, -0.462765, -0.473996, -0.323508, -0.22184, -0.33872, -0.421835, -0.234273, 0.059401, -0.232008, -0.667055, -0.246197, -0.222512, -0.0686398, 0.31765, 0.208531, 0.230053, 0.0233291
0.12, 0.0319375, 0.449794, 0.917955, 1.09696, 0.16844, 0.644562, 0.530734, 0.337183, -0.108432, 0.176971, -0.110018, 0.0973852, 0.265421, -0.190273, -0.364753, -0.510168, -0.530254, -0.786456, -0.662826, -0.584559, -0.051154, -0.26424, -0.291368, -0.397705, -0.340107, -0.161326, -0.3278, 0.0571602, -0.236679, -0.0916754, 0.294494
0.14, 0.0319375, 0.00412209, 0.498717, 0.397985, -0.227929, 0.537253, -0.148393, -0.483553, -0.763687, -0.22622, -0.292944, 0.197546, -0.10349, -0.717307, -0.367057, -0.572574, -0.624631, -0.833511, -0.736453, -0.608512, -0.172108, -0.332473, -0.416545, -0.518049, -0.26684, -0.0962944, 0.0269232, 0.144201, 0.162156, 0.119913, 0.256303
0.16, 0.0319375, -0.792932, 0.240013, -0.102403, -0.430136, 0.292838, -0.407319, -0.590657, -0.30187, -0.460467, -0.676088, -0.41825, -1.0441, -0.848611, -0.214329, -0.855768, -0.865367, -0.552223, -0.945831, -0.675302, -0.454446, -0.423993, -0.165374, -0.4305, -0.373823, -0.441079, -0.181135, -0.0734943, 0.0972313, 0.0721952, -0.286514
0.18, 0.0319375, -0.948016, 0.394415, 0.214965, -0.212304, -1.10454, -0.223894, -0.544683, -0.457331, -0.271923, -0.590932, -0.632343, -1.02582, -0.749286, -0.449044, -0.695105, -1.1852, -1.27791, -0.842497, -0.469681, -0.848481, -0.702572, -0.505065, -0.676827, -0.395128, -0.344677, -0.417728, -0.512666, -0.118716, -0.140985, -0.311334
0.2, 0.0319375, 0.314919, 0.0614048, -0.345857, -0.628227, -0.940745, -0.429566, -1.04288, -0.803901, -0.394936, -0.651449, -0.521859, -0.81321, -0.760929, -0.578164, -0.764906, -0.666199, -0.878576, -0.591968, -0.684704, -0.926436, -0.749625, -0.843413, -1.12684, -0.650767, -1.00551, -0.505133, -0.465889, -0.374367, -0.424093, -0.483033
0.22, 0.0319375, -0.823662, -0.0954653, 0.187154, -0.390674, -0.224802, -0.587848, -0.94152, -0.746292, -0.371739, -0.39915, -0.270584, -0.686008, -0.443329, -1.32778, -0.971763, -1.51253, -0.847704, -0.416479, -0.766729, -0.773526, -0.820142, -0.856906, -0.933118, -0.889998, -0.58505, -0.836637, -0.475874, -0.450431, -0.490926, -0.625891
0.24, 0.0319375, 2.35179, 2.15793, 1.75751, 1.60689, 2.24768, 2.64986, 2.73663, 3.10061, 3.10069, 2.78241, 1.98362, 0.929474, 1.78769, 2.42635, 2.15387, 1.84969, 1.79001, 1.21521, 0.48305, 0.791809, -0.0314449, -0.180983, 0.246729, 0.491254, 1.29224, 1.8044, 1.40474, 1.62706, 1.70625, 1.1945
0.26, 0.0319375, 3.20688, 2.45438, 3.01798, 3.12823, 3.79892, 2.86175, 2.87736, 2.99171, 3.17567, 2.88024, 2.35456, 2.23998, 2.00854, 2.63048, 2.305, 2.35545, 1.98367, 1.6526, 1.33807, 1.32226, 1.04235, 1.45481, 1.31495, 1.4199, 1.72661, 1.889, 1.58507, 2.03958, 1.98826, 1.8036
0.28, 0.0319375, 2.11886, 1.77023, 2.24033, 2.92419, 2.89048, 3.13086, 2.90319, 2.98038, 2.94169, 2.76198, 2.1888, 1.86268, 1.8062, 2.2867, 1.89202, 1.68081, 1.61077, 1.07154, 0.831316, 0.864572, 0.372428, 0.972917, 1.23751, 0.933332, 1.31113, 1.36982, 1.48425, 1.73158, 1.15973, 0.950888
0.3, 0.0319375, 1.76239, 2.48545, 2.48238, 2.4158, 1.65558, 2.68488, 2.41121, 2.18679, 2.56496, 3.16229, 2.27529, 2.20906, 2.27204, 1.84068, 1.85977, 1.75075, 1.28105, 1.32892, 1.09248, 1.16589, 0.591694, 0.869487, 0.860534, 0.414762, 1.02569, 1.24728, 1.7218, 1.44533, 0.991529, 0.996557
0.32, 0.0319375, 1.46618, 1.0655, 2.11488, 2.40943, 2.95119, 2.09228, 2.30958, 2.44761, 2.51148, 1.82482, 1.69685, 1.88768, 1.6097, 1.78072, 1.28214, 1.50962, 1.56038, 1.20456, 0.881403, 0.672634, 0.479384, 0.649678, 0.5351, 0.624188, 0.910397, 1.18577, 1.10003, 1.08496, 0.850108, 0.70991
0.34, 0.0319375, 1.92434, 2.17325, 1.92144, 1.97133, 1.83578, 1.62025, 1.27254, 1.8214, 2.06149, 2.12897, 1.05233, 1.43927, 1.41829, 1.7896, 1.53269, 1.09723, 1.30923, 0.976783, 0.976204, 0.35489, 0.382855, 0.744677, 0.544343, 0.563736, 0.444719, 0.790778, 1.0628, 1.05228, 0.893324, 0.779098
0.36, 0.0319375, 1.21043, 1.80438, 1.78151, 1.45887, 2.12941, 1.9822, 2.22066, 1.84075, 1.44222, 1.26938, 1.04877, 1.11217, 1.13984, 1.67664, 1.5285, 0.498921, 0.651281, 0.407664, 0.623076, 0.559007, 0.437097, 0.523727, 0.393893, 0.156802, 0.41005, 0.391028, 0.469062, 0.525974, 0.373109, 0.39444
0.38, 0.0319375, 0.496236, 1.08288, 1.50478, 1.84125, 1.30772, 1.65372, 1.68983, 1.78131, 2.07199, 0.963068, 1.13361, 0.752472, 1.19559, 1.06957, 1.44257, 0.900488, 0.390333, -0.0337585, 0.134037, 0.354817, -0.329278, -0.283643, 0.12339, 0.166902, 0.507348, 0.362998, 0.694259, 0.807774, 0.401035, 0.237256
0.4, 0.0319375, 0.125633, 1.04104, 1.25019, 1.67112, 2.08098, 1.46388, 0.636563, 1.3056, 2.29708, 1.7838, 1.40208, 1.07672, 1.04792, 0.93472, 0.440321, 0.668242, 0.723248, 0.607294, -0.0800661, -0.441395, -0.231611, 0.0401056, -0.310066, -0.188116, 0.293083, 0.683306, 0.500944, 0.512179, 0.448376, 0.483041
0.42, 0.0319375, 0.455329, 0.137659, 1.16876, 1.60119, 1.33328, 0.985788, 0.691734, 0.793874, 1.27853, 1.34198, 1.43088, 0.742107, 0.784725, 0.82546, 0.345987, 0.188094, -0.0871783, 0.318462, -0.128465, -0.409848, -0.0657008, 0.0859085, 0.0966429, -0.11141, 0.0877951, 0.565736, 0.275995, 0.488377, 0.472003, 0.395937
0.44, 0.0319375, 0.90638, 1.19367, 1.03704, 0.834438, 1.17865, 0.36625, 0.311418, 0.873773, 1.05961, 0.49407, 0.565896, 0.426928, -0.174223, 0.233912, 0.415362, 0.047341, 0.201035, 0.160254, -0.161676, 0.0221058, -0.0230648, -0.0126602, 0.319475, 0.385584, 0.000526409, 0.346269, 0.398409, 0.651995, 0.420442, 0.485645
0.46, 0.0319375, 0.341207, 0.236016, 0.884167, 0.199907, 0.752319, 0.657624, 0.0272011, 0.569148, 0.997283, 1.06365, 0.254681, 0.155345, -0.103398, -0.13578, 0.46834, 0.140327, 0.0878524, -0.38859, -0.384674, -0.0627414, -0.160585, -0.0739789, -0.217862, -0.196809, 0.308427, 0.0893245, 0.360003, 0.336918, 0.248752, 0.368682
0.48, 0.0319375, -0.294349, 0.581203, 0.760798, 0.780865, 0.382089, 0.204325, 0.559437, 0.420363, 0.747294, 0.910793, 0.1531, -0.317405, 0.0782445, -0.0448436, -0.0296936, 0.0473223, -0.163773, -0.12782, 0.00721622, -0.0987836, -0.378736, -0.268734, -0.366741, -0.17099, 0.109615, 0.662066, 0.79972, 0.0687114, 0.426501, 0.205466
0.5, 0.0319375, -0.606917, -0.0699373, 0.401023, -0.121305, -0.374964, -0.422298, -0.140407, -0.0230126, 0.360781, 0.276819, 0.10478, -0.571687, -0.270396, -0.365313, -0.178055, -0.0833868, -0.40663, 0.209467, -0.836254, -0.849545, -0.343994, -0.426637, -0.372604, -0.513784, -0.395619, -0.115619, -0.0982444, 0.166486, 0.109249, 0.253259
0.52, 0.0319375, -0.625429, -0.229206, -0.0133195, 0.470608, 0.74612, 0.727942, 0.203263, 0.240498, 0.0780888, 0.217004, -0.0866481, -0.129158, -0.386076, 0.195304, -0.264008, -0.467006, -0.34912, -0.473825, -0.716335, -0.705033, -0.665968, -0.661171, -0.901493, -0.508219, -0.548908, -0.344531, -0.179886, 0.0438937, -0.201005, -0.314095
0.54, 0.0319375, 0.0643252, 0.214626, 0.29282, -0.377733, -0.175342, -0.440635, -0.276644, -0.152192, 0.586788, 0.108011, -0.0748161, -0.405405, -0.666058, -0.313952, -0.861329, -0.36666, -0.375693, -0.437498, -0.673189, -0.609596, -0.597253, -0.886988, -0.811835, -0.773959, -0.760803, -0.758959, -0.803446, -0.674024, -0.338126, -0.238143
0.56, 0.0319375, 0.113183, 0.244721, -0.147897, -0.755071, 0.116794, 0.460061, -0.118689, -0.101449, -0.326472, -0.547109, -0.444449, -0.526419, -0.828795, -0.334736, -0.510012, -0.861803, -0.969688, -0.700055, -1.09755, -0.830279, -1.10824, -1.18361, -1.1499, -0.682368, -0.799159, -0.993581, -0.663079, -0.628304, -0.403315, -0.655971
0.58, 0.0319375, 1.4111, 1.78126, 2.24799, 1.56678, 2.52537, 2.81694, 2.39526, 2.38031, 2.61734, 2.5657, 1.92175, 1.63007, 1.47666, 1.32459, 1.17839, 0.491364, 0.584342, 0.869548, 0.432338, 0.858325, 1.00413, 1.44002, 1.50981, 1.34638, 1.27686, 0.72758, 1.67932, 1.37833, 2.11402, 1.75338
0.6, 0.0319375, 1.52092, 2.40121, 2.3968, 1.26041, 1.83381, 2.16219, 1.64435, 1.71908, 1.91846, 1.93208, 0.838806, 1.08776, 1.7499, 1.16045, 0.202233, 0.401718, 0.162269, 0.609408, 0.947991, 1.10807, 0.872196, 0.887716, 0.858473, 0.911438, 0.938824, 1.00397, 1.14581, 1.41322, 1.47274, 1.26237
0.62, 0.0319375, 1.93265, 2.08242, 2.48685, 1.78959, 2.13854, 1.63096, 1.67576, 1.81332, 1.74126, 1.99227, 1.84029, 1.50093, 1.55639, 1.1864, 0.666522, 0.59293, 0.357709, 0.240685, 0.447965, 0.704889, 0.132969, 0.524275, 0.905008, 0.736762, 0.50432, 0.688438, 0.936747, 0.949941, 0.724533, 0.749276
0.64, 0.0319375, 1.58357, 2.00942, 2.35497, 1.60429, 2.0294, 1.48522, 1.41701, 2.11961, 1.09215, 1.20743, 1.41517, 1.35332, 1.63085, 1.35533, 0.105223, 0.0780881, -0.0200235, 0.233259, 0.493838, 0.525281, 0.610597, 0.952188, 1.03591, 1.07373, 1.15457, 0.95915, 1.06483, 0.936576, 1.13624, 1.09299
0.66, 0.0319375, 1.74782, 1.71638, 2.03347, 1.6484, 1.4048, 1.79068, 1.29512, 1.16647, 1.40128, 1.55685, 1.81123, 1.22485, 0.85339, 0.919547, 0.439118, 0.152812, 0.366762, 0.898037, 0.967572, 0.679256, 0.602805, 0.36566, 0.671951, 1.0548, 0.873423, 1.02705, 0.556702, 0.693691, 1.40946, 0.893263
0.68, 0.0319375, 1.45772, 1.59585, 2.13232, 1.70599, 1.22338, 1.33579, 1.20527, 1.48977, 1.39644, 1.43416, 1.4678, 0.816009, 1.33797, 1.19563, 0.756386, 0.346205, 0.631654, 0.522943, 0.886775, 0.925433, 0.169782, 0.328269, 0.875966, 0.876435, 0.577175, 0.966721, 0.875478, 0.472019, 0.937684, 1.21612
0.7, 0.0319375, 1.19935, 2.38918, 1.73557, 1.5434, 0.793899, 1.59327, 1.76597, 1.49234, 1.41148, 1.73278, 1.21113, 1.20652, 1.12039, 1.4125, 1.11973, 0.656854, 0.391552, 0.71104, 0.446884, 0.891372, 0.56305, 0.890335, 0.904092, 0.994169, 1.18603, 1.2325, 1.1267, 1.08411, 1.41148, 1.24118
0.72, 0.0319375, 0.984393, 1.62088, 1.86795, 0.980783, 0.706185, 1.17771, 0.585898, 0.487478, 1.29222, 0.880967, 0.726119, 0.880622, 1.28106, 1.1791, 0.963981, 0.520269, 0.523619, 0.661948, 0.72529, 0.544402, 0.856822, 0.854434, 0.58019, 0.903902, 0.993209, 1.12099, 1.12469, 1.24784, 1.32552, 1.27426
0.74, 0.0319375, 0.47188, 1.06325, 1.02386, 0.442744, 0.724357, 0.816132, 0.436517, 0.613881, 1.07676, 1.21542, 0.714732, -0.056805, 0.698883, 0.48262, 0.255476, -0.0209681, 0.621072, 0.842219, 0.399674, 0.553318, 0.382709, 0.520515, 0.743501, 0.654309, 0.849564, 0.785092, 0.837507, 0.932186, 0.713979, 0.988372
0.76, 0.0319375, 0.461923, 0.284348, 0.900211, 0.543847, 0.70756, 0.197605, 0.763362, 0.299246, 0.421746, 0.694408, 1.25403, 0.69043, 0.522716, -0.179496, 0.0134418, 0.195839, 0.19229, 0.469189, 0.278463, 0.209763, 0.0666867, -0.0635079, 0.368548, 0.627759, 0.495851, 0.354426, 0.771715, 0.68221, 0.534345, 0.733929
0.78, 0.0319375, 0.0369384, 1.05799, 1.42312, 0.277683, 0.61107, 0.590686, 0.89412, 0.829642, 0.818965, 0.766971, 0.695915, 0.27097, 0.0358334, 0.137008, 0.155001, 0.140505, -0.0158041, 0.149161, -0.1345, 0.0579017, 0.501812, 0.0515016, 0.168896, 0.146482, 0.387878, 0.202665, 0.49035, 0.566705, 0.834477, 0.642041
0.8, 0.0319375, 0.043606, 0.329544, 0.59665, 0.707883, -0.129008, 0.206091, 0.658684, -0.217905, 0.500475, 0.0741494, 0.190216, 0.0812189, -0.0483634, 0.151738, 0.585054, 0.102268, -0.240167, -0.111547, -0.373689, 0.276085, 0.141545, -0.0973685, -0.108488, 0.127962, 0.127114, -0.0742267, 0.0220672, 0.186163, 0.308901, 0.431366
0.82, 0.0319375, -0.379772, 0.185887, 1.00237, 0.648908, 0.109106, 0.467458, -0.0766505, -0.598243, -0.428015, -0.400036, 0.0314528, -0.513474, -0.178866, -0.448235, -0.187999, -0.717018, -0.349157, -0.200013, 0.110813, -0.00992035, 0.0803515, -0.353227, -0.0790247, -0.132272, 0.0347929, -0.0833348, -0.302358, 0.195347, 0.0312367, -0.1339
0.84, 0.0319375, -0.28574, 0.0707282, 0.692277, 0.363203, 0.405609, -0.509447, -0.596544, 0.156345, 0.00530431, -0.402226, -0.310955, -0.245465, 0.278785, -0.118799, -0.450568, -0.496969, -0.51525, -0.556813, -0.769854, -0.402647, -0.382043, -0.563011, -0.600329, -0.455591, -0.309103, -0.375428, -0.123971, 0.189505, 0.0780253, -0.0692563
0.86, 0.0319375, -0.599602, -0.686193, -0.667573, -0.210943, -0.378516, -0.474847, -0.221242, 0.213247, -0.0760716, -0.477898, -0.599506, -0.345484, -0.339864, -0.508091, -0.526609, -0.654758, -0.444646, -0.526875, -0.661648, -0.186501, -0.503227, -0.639534, -0.620703, -0.528647, -0.477803, -0.282541, -0.433471, -0.212183, -0.301921, -0.332375
0.88, 0.0319375, -1.84607, -0.483304, -0.443117, -0.268707, -0.887756, -0.741433, -0.21607, -0.845273, -0.84759, -0.554535, -0.616799, -0.552656, -0.495434, -0.77082, -0.666341, -0.606503, -0.52368, -0.738058, -1.08405, -1.11719, -0.802246, -0.772417, -1.01146, -0.560101, -0.413999, -0.694995, -0.447864, -0.666205, -0.792113, -0.473778
0.9, 0.0319375, -0.40925, 0.471701, -0.0567369, -0.473381, -0.477251, -0.512544, -0.620879, -1.38292, -0.93842, -0.630993, -0.278057, -0.785719, -0.897403, -0.532795, -0.71574, -0.610062, -0.622302, -0.93952, -0.977363, -1.17088, -0.917865, -0.593169, -0.828448, -0.671055, -0.813735, -0.863104, -0.910377, -0.702239, -0.717863, -0.889449
0.92, 0.0319375, 3.05184, 2.73634, 1.75821, 2.15943, 2.68069, 2.46805, 2.53226, 3.20446, 3.19388, 3.06277, 2.80609, 2.60531, 3.03191, 2.87816, 2.67524, 1.70295, 2.10283, 1.6263, 1.63118, 1.5413, 1.27129, 1.61974, 1.55402, 1.70018, 1.98911, 1.86676, 2.19926, 2.46174, 2.76357, 2.04571
0.94, 0.0319375, 2.20398, 2.55377, 1.9206, 1.50768, 1.56213, 2.20973, 2.88403, 2.45407, 2.4489, 2.10372, 2.03172, 1.67775, 1.47407, 1.68954, 1.5616, 0.897904, 0.57778, 0.394183, 0.317945, -0.112701, 0.180165, 0.105866, 0.358266, 1.10762, 1.17352, 0.851381, 1.21622, 1.46606, 1.3365, 1.23867
0.96, 0.0319375, 2.4312, 2.23317, 2.0917, 0.715558, 2.16839, 2.49342, 2.15876, 2.28515, 2.38695, 2.08005, 1.63742, 1.39884, 1.1648, 1.35848, 1.42246, 1.016, 0.244137, 0.364589, 0.549167, 0.682278, 0.443576, 0.377307, 0.820372, 0.720571, 0.4297, 1.27267, 0.95484, 1.08106, 1.1239, 0.925826
0.98, 0.0319375, 1.39724, 2.26422, 1.442, 1.28955, 1.84952, 2.40429, 2.37796, 1.76454, 1.12298, 1.81192, 1.87336, 1.33966, 1.08921, 1.29763, 1.04631, 0.904041, 0.702802, 0.452688, 0.635113, 0.48803, 0.288823, 0.242063, 0.171078, 0.470345, 0.734868, 0.822708, 0.886425, 1.22302, 0.769218, 0.660686
1, 0.0319375, 1.00276, 1.15834, 1.0812, 1.39804, 1.59789, 2.11501, 1.36283, 2.28791, 1.92716, 1.28581, 1.08861, 1.35516, 0.738262, 1.08591, 0.730575, 0.562083, 0.309243, 0.253994, 0.471031, 0.345493, 0.249969, 0.132171, 0.00885973, 0.533035, 0.293616, 0.510273, 0.50122, 0.500174, 0.523311, 0.426332
1.02, 0.0319375, 1.7138, 1.68961, 0.70826, 0.787654, 0.546924, 0.952873, 0.472663, 1.40875, 1.65959, 1.39822, 1.12504, 0.41117, 0.962906, 0.673444, 0.205962, 0.782707, 0.74667, 0.050493, -0.18028, 0.0914476, 0.0376825, 0.340036, -0.237519, -0.293099, 0.013173, 0.0163485, 0.457352, 0.667051, 0.267514, 0.243658
1.04, 0.0319375, 1.44316, 0.644324, 0.816734, 0.873184, 0.714, 0.802441, 0.757483, 1.33348, 1.67374, 1.30748, 0.906572, 0.39543, 0.50308, 0.767488, 0.607156, 0.524448, 0.130718, -0.242004, -0.585714, 0.052193, -0.367695, -0.218802, -0.234366, -0.258398, 0.168709, -0.143079, 0.078285, -0.048103, 0.203065, -0.00967772
1.06, 0.0319376, 0.924214, 0.924547, 0.911136, -0.0276455, 0.118131, 1.70951, 1.18126, 0.822191, 1.13311, 1.38472, 0.752371, 0.577586, 0.303565, 0.677241, 0.682596, 0.265202, 0.0272041, -0.103847, -0.447518, -0.589797, -0.739711, -0.454309, -0.08382, -0.238368, 0.049401, 0.0132594, -0.24906, 0.1471, -0.0447678, -0.0739795
1.08, 0.0319375, -0.303639, 1.24801, 0.806615, 0.436098, 0.81456, 0.984644, 1.15717, 0.772186, 1.02689, 0.699188, 1.01455, 0.708193, 0.180595, 0.348418, -0.612588, -0.265304, -0.0454472, -0.0530409, -0.0159109, -0.460571, -0.346291, 0.0161004, -0.358757, -0.435127, -0.0310222, -0.0558763, 0.0262624, 0.141554, 0.197079, 0.067448
1.1, 0.0319375, 0.641581, 0.552988, 0.363907, 0.0474593, -0.571549, 0.71143, 0.986104, 0.621368, 0.383323, 0.604645, -0.132801, 0.375281, -0.376503, -0.0729452, 0.51739, -0.0654418, -0.490572, -0.679127, -0.425877, -0.0208096, -0.786997, -0.333016, -0.408771, -0.429411, -0.2894, -0.367292, -0.0900268, -0.0293888, 0.0534953, 0.0689518
1.12, 0.0319375, 0.631965, 0.49242, 0.171552, -0.104939, -0.0282792, 0.637038, 0.603453, 0.383807, 0.487223, 0.315564, 0.186122, -0.0324082, 0.119673, -0.183406, -0.184464, -0.0859496, -0.183588, -0.637341, -0.436827, -0.35234, -0.221658, -0.0965703, 0.00212289, -0.0615012, -0.169461, 0.030497, 0.319725, 0.411151, 0.388492, 0.30421
1.14, 0.0319375, -0.160886, 0.306567, -0.315642, 0.174046, 0.434293, 0.462115, 0.390228, 0.284006, -0.0122824, -0.11824, -1.02875, -0.382005, 0.117423, -0.280147, -0.652157, -0.389154, -0.412636, -0.388516, -0.376411, -0.00587685, -0.398658, -0.403734, 0.184288, 0.0484943, 0.260295, 0.00723445, 0.185143, 0.505445, 0.429962, 0.38807
1.16, 0.0319375, -0.210842, 0.505597, 0.963964, -0.517002, -0.37075, -0.681843, -0.431618, 0.496437, 0.405704, 0.134194, -0.552827, 0.130079, -0.236199, -0.398589, -0.505792, -0.521924, -0.250951, -0.731738, -0.297099, -0.165902, -0.517335, -0.522484, -0.637838, -0.0384581, 0.102119, -0.131587, 0.165672, 0.664353, 0.738853, 0.381724
1.18, 0.0319376, -1.00698, -0.349474, -0.336025, -1.06089, -0.778245, -0.565927, -0.631123, 0.215397, -0.162955, -0.010182, 0.112601, -0.311741, -0.424828, -0.184406, -0.493278, -0.579714, -0.839698, -0.451115, -0.338061, -0.318522, -0.632909, -0.477296, -0.111329, -0.0509314, -0.147173, -0.194949, 0.0946964, 0.300929, 0.17644, 0.076874
1.2, 0.0319375, -0.80275, -0.672637, -0.32306, -0.165479, -0.200463, -0.542147, -1.3848, -0.298562, 0.0514144, -0.0639147, -0.750173, -0.637323, -0.918852, -0.431657, -0.493834, -0.620654, -0.392878, -0.797095, -0.32362, -0.904031, -0.756592, -0.616032, 0.0461175, -0.237531, -0.401787, 0.00124329, -0.313356, -0.277461, -0.0554075, 0.0860279
1.22, 0.0319375, -0.787184, -0.561293, -0.428631, -0.213083, -0.577609, -0.677181, -0.904747, 0.0336314, -0.00101851, -0.365239, -0.809149, -0.452354, -0.485591, -0.232368, -0.829085, -0.397852, -0.484322, -0.436877, -0.998116, -0.70417, -0.694089, -0.742188, -0.448578, -0.417609, -0.320289, -0.292287, -0.189126, -0.155984, 0.050593, 0.105887
1.24, 0.0319375, -1.12835, -0.705211, -0.368271, -0.116332, -1.07854, -0.254909, -0.446894, -0.295278, 0.268374, -0.30088, -0.834914, -0.500302, -0.696181, -0.984984, -1.12355, -1.12392, -1.12961, -0.77524, -0.7145, -1.024, -1.05233, -1.11081, -0.764897, -0.89722, -0.827604, -0.861019, -1.01074, -0.419999, -0.650221, -0.471244
1.26, 0.0319375, 0.288759, 0.614402, 0.154109, -0.0887468, 0.0858856, -0.155746, -0.624513, -0.148688, 0.639889, 0.750874, 0.658093, 0.522333, 0.222795, -0.297825, -0.668354, -1.28908, -1.0614, -0.919973, -0.794627, -0.485655, -0.600077, 0.122885, 0.445128, 0.369091, 0.183562, 0.147995, -0.407328, 0.0908971, 0.112795, -0.472546
1.28, 0.0319375, 1.19816, 1.92565, 2.63609, 2.33128, 2.53476, 2.12116, 1.99258, 1.40488, 1.59493, 1.53949, 1.46134, 1.10809, 1.0498, 0.907667, 0.293379, -0.0213686, 0.0337018, -0.126777, -0.169498, 0.40843, 0.505791, 1.02145, 0.991599, 0.961473, 1.35664, 1.04887, 0.728622, 1.18457, 1.04211, 0.368974
1.3, 0.0319376, 1.76775, 1.94099, 1.78175, 1.19704, 2.19741, 1.85349, 1.46688, 1.32151, 1.40682, 1.05322, 1.11314, 0.856963, 0.49326, -0.205984, 0.309745, 0.25892, 0.249992, 0.428281, -0.00130094, 0.000366263, 0.215675, 0.217146, 0.654332, 0.916067, 0.385056, 0.388617, 0.445389, 0.39603, 0.448739, 0.171311
1.32, 0.0319375, 0.45965, 0.745335, 1.29107, 0.813384, 1.31881, 1.10762, 1.77295, 1.64959, 1.55986, 0.852886, 1.21667, 1.15308, 1.18285, 1.20756, 1.06223, 0.740822, 0.934631, 1.09512, 0.709846, 0.778712, 0.733719, 0.927461, 0.937764, 1.02316, 0.958797, 1.18625, 1.23623, 1.11597, 1.25543, 1.22184
1.34, 0.0319375, 1.19675, 2.1047, 1.88841, 0.386334, 1.22851, 1.06076, 1.2794, 1.68436, 1.22242, 1.29009, 0.489558, 0.988176, 0.335483, 0.85988, 1.19788, 1.44405, 0.991289, 0.921675, 0.81875, 0.692887, 0.654385, 0.588058, 0.410677, 0.707043, 0.672759, 0.788882, 1.11871, 0.720668, 0.711349, 1.07688
1.36, 0.0319375, 0.945658, 1.18446, 1.54344, 1.27484, 0.844928, 1.13146, 0.898401, 0.920851, 1.01561, 1.15595, 0.837822, 1.29803, 0.823521, 0.991096, 0.95699, 1.33364, 0.649268, 0.453934, 0.607911, 0.638475, 0.64331, 0.744635, 1.01314, 0.791408, 0.746039, 0.835861, 1.21046, 1.18984, 1.03383, 1.03566
1.38, 0.0319375, 1.21636, 1.77146, 1.53153, 0.526075, 0.894593, 1.68069, 2.12121, 2.3081, 2.19837, 1.69042, 1.41785, 1.45264, 1.38957, 1.38973, 1.29671, 1.5135, 1.42997, 1.42304, 1.79624, 1.58938, 0.997886, 1.09098, 1.43236, 1.6388, 1.86459, 1.44653, 1.44399, 1.75284, 1.67417, 1.4219
1.4, 0.0319375, 0.807209, 0.93063, 1.46948, 1.50266, 2.48586, 1.95337, 1.9615, 1.8638, 2.19804, 1.83218, 1.61153, 1.94686, 1.23565, 1.71573, 1.15284, 1.06519, 1.20761, 0.926734, 1.02889, 0.732963, 0.497071, 0.379362, 0.727932, 0.829955, 0.761971, 0.691727, 0.812933, 0.988726, 0.751121, 0.619264
1.42, 0.0319376, 0.266955, 0.669626, 0.560544, 0.534892, 1.76675, 1.26249, 1.16605, 1.32101, 0.898089, 1.06063, 0.88092, 1.31235, 0.667211, 1.01361, 0.758618, 1.15359, 0.777783, 0.459982, 0.78642, 0.939883, 0.674061, 1.04011, 0.51555, 0.906435, 1.13634, 0.851932, 0.600303, 0.55953, 0.456089, 0.625998
1.44, 0.0319375, 0.121438, 0.182495, 0.383736, 0.980572, 1.58522, 1.43275, 1.58114, 1.37203, 1.40236, 1.36189, 1.10405, 1.28571, 1.35286, 0.929541, 0.944894, 0.775843, 0.829031, 0.4555, 0.40699, 0.525625, 0.355201, 0.44951, 0.186802, 0.164248, 0.419366, 0.478099, 0.532974, 0.653226, 0.718598, 0.721726
1.46, 0.0319375, -0.0912424, 0.192491, 0.809984, 0.880302, 1.2638, 1.49685, 1.54051, 0.92447, 0.950547, 1.22055, 1.08762, 1.04315, 0.500877, 0.882381, 0.823095, 0.350559, 0.51523, 0.536038, 0.225487, 0.271597, 0.241349, 0.379196, 0.3053, 0.49329, 0.0168151, 0.131543, 0.546449, 0.660101, 0.661741, 0.714755
1.48, 0.0319375, -0.312408, 0.328351, 0.540998, 0.518863, 0.513539, 1.14945, 1.42577, 1.04131, 0.377846, 0.473979, 0.658828, 0.703063, 0.824037, 0.820809, 0.262092, 0.651033, 0.474967, 0.310841, 0.39638, 0.310521, 0.233652, 0.434616, 0.362965, 0.39333, 0.329358, 0.677461, 0.642159, 0.440892, 0.547868, 0.685455
1.5, 0.0319375, -0.721846, 0.314479, -0.00686313, -0.132413, 0.413601, 0.451828, 0.302651, 0.95003, 0.226321, 0.441671, 0.863811, 0.617012, 0.109021, 0.818582, 0.576366, 0.354149, 0.0618329, 0.240416, 0.254023, -0.0493379, 0.160334, -0.0337525, -0.185703, -0.25705, -0.131427, 0.150873, 0.302974, 0.388403, 0.368021, 0.1729
1.52, 0.0319375, -0.945189, 0.00572565, 0.30242, 0.333315, -0.115676, 0.20242, 0.575009, 0.651724, -0.095817, 0.654293, 0.485334, 0.452673, 0.219321, -0.0205176, 0.0866752, 0.128143, -0.225115, 0.0983204, 0.209207, 0.401551, -0.267462, -0.216955, -0.0853026, -0.160927, -0.102169, -0.163268, -0.0505918, -0.0858978, -0.322407, 0.24444
1.54, 0.0319375, -0.550184, 0.382288, 0.530124, 0.026306, -0.665401, 0.0080719, 0.383214, 0.317746, 0.124436, -0.076072, 0.00946841, 0.293568, 0.402223, -0.310192, -0.539121, -0.502823, -0.507892, -0.292104, -0.122406, -0.296071, -0.32892, -0.662209, -0.570852, -0.212072, -0.336485, -0.44771, -0.270921, -0.0454762, 0.00947054, -0.258112
1.56, 0.0319376, -1.68047, -0.714944, -0.802946, -0.0194722, -0.0853507, -0.66222, -0.6138, -0.0101806, -0.111732, 0.184912, -0.130776, -0.618617, -0.803024, -0.611736, -0.858567, -0.329346, -0.591746, -0.296236, -0.37456, -0.430766, -0.735223, -0.814273, -0.366334, -0.398055, -0.471569, -0.234761, -0.408374, -0.127788, -0.339162, 0.0140591
1.58, 0.0319375, -1.09362, -0.728017, -0.472929, 0.109077, -0.357436, -0.658891, 0.15956, 0.296437, -0.402757, -0.486527, -0.582881, -0.343964, -0.367377, -0.248487, -0.223027, -0.6069, -0.45527, -0.461858, -0.592796, -0.833824, -0.626658, -0.717824, -0.405473, -0.689612, -0.498007, -0.646218, -0.582153, -0.470779, -0.476178, -0.285079
1.6, 0.0319375, -1.33867, -1.61811, -0.86352, 0.150414, -0.243805, -0.711032, -0.169579, 0.405849, -0.145585, -0.36054, -0.472708, -0.860833, -0.592113, -0.578948, -0.536368, -0.317614, -0.214398, -0.627711, -0.672972, -0.580109, -0.813911, -0.651806, -0.831323, -0.760619, -0.954158, -0.764338, -0.693061, -0.450275, -0.535715, -0.530418
1.62, 0.0319375, 1.64211, 1.12646, 0.240437, 0.93478, 1.09666, 0.4477, 1.61301, 2.11941, 2.10133, 1.66589, 2.2347, 2.29235, 1.98839, 1.87181, 1.71887, 1.59392, 0.938478, 1.09715, 0.570216, 0.371643, 0.579194, 0.585322, 1.19132, 0.80953, 1.03138, 1.14952, 1.13346, 1.3344, 1.48241, 0.78781
1.64, 0.0319375, 1.8831, 2.13255, 2.54584, 1.60968, 1.58293, 2.59033, 2.27099, 1.64428, 2.10494, 2.48143, 1.75019, 1.68257, 2.09053, 2.23648, 1.82315, 1.31064, 0.469307, 0.531126, 0.697576, 1.02848, 1.05023, 1.0214, 0.962162, 0.865444, 0.839766, 1.26193, 1.40785, 1.53991, 1.59907, 1.47712
1.66, 0.0319375, 1.41673, 2.19223, 2.02501, 1.75638, 1.72136, 1.74039, 2.25517, 1.67711, 1.62602, 1.11793, 1.4005, 2.07108, 1.49098, 1.39915, 1.15598, 1.02349, 0.592834, 0.941362, 0.710441, 0.276271, 0.454463, 0.950508, 1.00682, 1.21708, 1.09854, 0.885127, 0.781096, 0.945748, 0.967802, 0.802742
1.68, 0.0319376, 1.66344, 1.89795, 1.72237, 0.456905, 1.27495, 1.69262, 1.92472, 1.90391, 1.74847, 1.40075, 1.71974, 1.20184, 1.1452, 0.80445, 1.04437, 1.24889, 0.39155, 0.56757, 0.2734, 0.109031, 0.468372, 0.867145, 0.404757, 0.669616, 0.759454, 0.94456, 0.816748, 0.766086, 0.610107, 0.742089
1.7, 0.0319375, 1.54112, 1.83979, 1.67388, 1.35777, 1.61535, 1.79516, 1.59955, 1.43431, 1.44613, 0.866758, 1.19747, 1.40006, 1.06669, 1.11704, 0.852174, 0.766834, 0.329538, 0.204994, 0.418908, 0.36272, 0.0543405, 0.265687, 0.434913, 0.567572, 0.471338, 0.336994, 0.422561, 0.619941, 0.639425, 1.08262
1.72, 0.0319375, 0.872502, 1.18561, 0.780497, 1.25616, 1.5942, 1.54156, 1.48457, 1.22631, 1.35838, 1.64968, 1.15645, 1.21724, 0.441252, 0.779709, 0.642186, 0.559297, 0.82154, 1.27781, 0.859976, 0.0230499, 0.1846, 0.280571, 0.639177, 0.423403, 0.612491, 0.466145, 0.878786, 0.761654, 0.484857, 0.569387
1.74, 0.0319375, 0.624968, 1.54813, 1.62956, 1.02512, 1.24772, 1.1366, 1.31633, 0.707934, 0.979663, 0.80815, 0.842273, 1.24659, 0.786065, 1.29317, 1.40364, 1.19772, 1.44486, 0.94205, 0.765356, 1.1982, 1.05488, 1.04729, 0.908468, 1.16386, 0.667173, 0.785216, 0.857549, 1.24881, 1.37391, 1.29149
1.76, 0.0319375, -0.173189, 0.542918, 1.26567, 0.908632, 1.28413, 1.24209, 1.01032, 1.00038, 1.39322, 0.719538, 0.802269, 1.46408, 1.17832, 0.93182, 1.27123, 1.02042, 0.780935, 0.904204, 0.975344, 0.972944, 0.409353, 0.379709, 0.547306, 0.581585, 0.727797, 0.895545, 0.719693, 1.04576, 0.900032, 0.763289
1.78, 0.0319375, 0.539947, 0.770712, 0.620358, 0.674471, 0.380113, 0.0572485, 1.11192, 1.18712, 0.687502, 1.14702, 0.508104, -0.113414, 0.0913958, 0.369511, 0.571851, 0.327804, 0.448516, 0.699486, 0.550462, 0.792544, 0.337946, 0.598723, 0.354944, 0.517815, 1.04822, 0.55557, 0.198094, 0.761032, 0.561671, 0.529029
1.8, 0.0319376, 0.00709171, 0.202812, 0.0600864, -0.0901312, 0.827166, 0.659653, 0.640766, 0.176476, 1.14503, 0.370873, 0.174574, 0.468091, 0.527309, 1.1572, 0.763894, 0.826946, 0.5367, 0.54058, 0.699507, 0.52447, 0.555199, -0.0350276, 0.176129, 0.320795, 0.120029, 0.0774986, 0.656931, 0.370931, 0.557303, 0.775555
1.82, 0.0319375, 0.480577, 0.767646, 1.08257, 0.310667, 1.02327, 0.127249, 0.426528, 0.302424, 0.424995, 0.310068, 0.385493, 0.844362, 0.144901, 0.606358, 0.368616, 0.276713, 0.629858, 0.330967, 0.255715, 0.491085, 0.33688, 0.0221182, 0.362447, 0.0147936, 0.265512, -0.00109578, -0.180237, 0.0192431, -0.204569, 0.155724
1.84, 0.0319375, -0.152408, -0.0296573, -0.0495185, 0.74366, 0.80075, 0.18058, 0.870031, 0.741601, 0.631132, 0.468574, 0.872598, 0.14672, 0.193023, 0.143857, 0.353845, 0.355272, 0.408572, 0.328971, 0.264564, -0.0207227, -0.380625, -0.434345, -0.340533, -0.272952, -0.042056, -0.216408, 0.350813, 0.255458, 0.132617, 0.255107
1.86, 0.0319375, -0.238805, -0.284788, -0.0576064, -0.0537412, 0.502341, 0.306011, 0.360978, -0.379572, 0.307326, 0.0701839, -0.322547, 0.0147359, 0.308579, 0.193321, -0.0134373, 0.0309097, -0.341078, 0.151573, 0.163629, 0.200792, 0.0796115, 0.171302, 0.0288101, -0.0999744, -0.155121, 0.126594, 0.176313, 0.336882, 0.557578, 0.296546
1.88, 0.0319375, -0.51981, -0.143365, -0.135071, -0.0686963, -0.467826, -0.154731, -0.633225, 0.220148, -0.333509, -0.0985318, 0.300422, 0.104372, 0.0887626, 0.0107999, 0.221768, 0.314463, 0.273119, -0.0345893, 0.068826, -0.29346, -0.0661973, 0.0149631, -0.0668738, -0.419716, -0.206046, 0.528617, 0.282738, 0.370277, 0.515631, 0.501724
1.9, 0.0319375, -1.11416, -0.630954, -0.356546, -0.56627, -0.777641, -0.185359, -0.234148, 0.310546, 0.474959, 0.263073, -0.138011, -0.431252, -0.515732, 0.0118358, -0.359913, -0.639464, -0.702289, -0.148137, -0.415397, -0.296181, 0.0620813, -0.0803818, 0.0616102, 0.157427, -0.130231, 0.268995, 0.088471, 0.316989, 0.727187, 0.454921
1.92, 0.0319376, -0.485678, -1.47108, -0.706087, -0.00295832, 0.239765, 0.275927, 0.344714, 0.526939, 0.700323, -0.039436, -0.514803, -0.314056, -0.502175, -0.0430387, -0.0545426, -0.330502, -0.240573, -0.33446, -1.08519, -0.643452, -0.293366, -0.390393, -0.0877558, 0.0814898, -0.0960339, -0.0228602, 0.111994, -0.0145566, 0.20265, 0.257103
1.94, 0.0319375, -1.21772, -1.49107, -1.31024, -0.485525, -0.510616, -0.222619, -0.292045, -0.777175, -0.163007, -0.433081, -0.859425, -0.446338, -0.383677, -0.471321, -0.394901, -0.221954, -0.752363, -0.728737, -0.543468, -0.365471, -0.577913, -0.509463, -0.469326, -0.530662, -0.373233, -0.63159, -0.306745, 0.151608, -0.0335822, 0.0158676
1.96, 0.0319375, -1.67571, -1.11312, -0.20547, -0.312698, -0.143203, -0.845018, -1.3026, -0.52719, -0.222473, -0.605816, -0.747314, -0.719344, -1.00913, -0.85603, -0.510124, -0.823126, -0.851627, -0.930573, -0.820697, -0.649286, -0.781702, -0.898097, -0.432605, -0.335477, -0.516952, -0.267756, -0.302626, -0.294757, -0.145024, -0.092154
1.98, 0.0319376, -0.0587858, 0.33186, 0.350208, 0.125512, 0.566774, -0.110665, 0.0470918, 0.0447817, -0.21633, -0.532778, -0.704648, -0.53075, -0.643572, -0.389668, -0.632712, -0.491078, -0.38825, -0.631077, -0.658741, -0.455796, -0.583219, -0.618046, -0.439966, -0.900205, -0.398425, -0.404624, -0.0991523, 0.00275589, -0.221014, -0.0567689
2, 0.0319376, 0.411351, 0.270806, 0.461358, 0.0969107, 0.987302, 0.582246, -0.186449, -0.179055, 0.189583, -0.0328824, -0.582802, -0.54459, -0.441826, 0.488784, -0.14103, -0.490904, -0.426747, -0.116704, -0.645873, -0.719171, -0.913388, -0.622139, -0.212383, -0.688969, -0.470334, -0.417252, -0.386904, 0.262194, -0.0266342, -0.0269733
2.02, 0.0319376, 0.046412, 0.836444, 0.403984, -0.16671, 0.909207, 0.579787, 0.0661816, 0.337485, 0.380534, 0.639483, 0.716595, 0.708977, 0.497653, 0.313526, 0.238236, 0.106184, -0.0134115, 0.325012, -0.190782, -0.166201, 0.0586235, -0.134622, 0.192625, 0.847343, 0.95353, 0.81648, 0.581167, 0.799618, 0.621248, 0.257532
2.04, 0.0319376, 3.18584, 2.96591, 2.32544, 1.66777, 2.4012, 2.25697, 2.36235, 1.90252, 2.07181, 2.28775, 2.25794, 2.22035, 1.67547, 1.95386, 2.14345, 2.37091, 2.6342, 2.44808, 1.79005, 1.79776, 1.24861, 1.77256, 2.00532, 2.45091, 2.40706, 2.68357, 2.64941, 2.43051, 2.48079, 2.29429
2.06, 0.0319376, 2.55586, 2.42592, 2.83837, 2.15512, 2.15007, 2.29517, 2.63205, 2.64544, 2.0092, 1.87429, 1.59217, 1.40298, 1.41984, 1.52305, 1.39626, 1.14279, 1.45222, 1.40541, 1.09175, 0.932216, 1.39426, 1.53371, 1.51253, 1.47499, 1.8649, 1.42665, 1.55734, 1.64157, 1.33701, 1.53754
2.08, 0.0319376, 2.02343, 1.70107, 2.35494, 2.18704, 1.35357, 1.84947, 2.05321, 1.60957, 1.43724, 1.75998, 1.15358, 1.50613, 1.05667, 1.11444, 1.225, 1.2863, 1.46478, 1.23477, 0.766909, 0.994722, 0.884337, 0.625799, 1.26584, 1.03057, 1.45062, 1.41388, 1.32301, 1.3137, 1.25072, 1.30394
2.1, 0.0319376, 2.68389, 1.90222, 1.85218, 1.3198, 0.987022, 1.73314, 1.80668, 1.32289, 1.68796, 0.93742, 1.17704, 0.757651, 0.663765, 1.26058, 0.866845, 1.04929, 1.07332, 0.975382, 0.457563, 0.196144, 0.367655, 0.652523, 1.10512, 1.03728, 1.18796, 1.42209, 1.24737, 1.16189, 0.892172, 1.13102
2.12, 0.0319376, 1.79859, 1.7298, 1.24056, 1.75132, 1.37564, 1.12743, 1.73168, 1.85392, 1.5009, 1.17465, 1.11047, 0.944748, 0.988936, 1.03661, 1.01369, 0.494995, 0.509038, 0.727381, 0.58914, 0.621391, 0.723983, 0.383809, 0.46188, 1.12014, 1.1578, 0.782569, 1.11933, 1.00815, 1.01294, 0.824443
2.14, 0.0319374, 1.00062, 1.36195, 1.494, 0.857283, 1.33338, 0.984459, 1.3632, 1.5108, 1.34034, 0.545813, 0.697975, 0.679267, 0.371164, 0.812487, 0.1965, 0.663276, 0.651834, 0.502954, 0.344167, 0.348523, 0.374709, 0.27446, 0.730575, 0.479334, 0.494618, 0.780793, 0.587749, 0.872915, 0.817213, 0.663647
2.16, 0.0319374, 1.61155, 0.397097, 1.00041, 0.743362, 1.09359, 0.781166, 0.119895, 1.27036, 0.785171, 0.805697, 0.288485, 0.519869, 0.221449, 0.315781, 0.236059, 0.132585, 0.30398, -0.0182142, -0.0422342, 0.0498507, 0.426719, 0.176103, 0.225899, 0.297519, 0.215398, 0.163313, 0.64007, 0.573798, 0.0432295, 0.357194
2.18, 0.0319374, 1.13379, 0.836946, 0.96543, 0.845161, 0.657456, 0.651239, 1.24487, 1.09771, 1.1232, 0.786359, 0.527948, 0.517004, 0.348569, 0.153314, 0.474551, 0.427649, 0.220705, -0.33141, -0.0248298, 0.192391, 0.092224, -0.0467766, -0.0144174, 0.234904, 0.293138, 0.168435, 0.299614, 0.562434, 0.333206, 0.428533
2.2, 0.0319374, -0.20903, 0.156022, 1.11353, 0.51017, 0.574559, 0.771869, -0.141313, 0.324963, 0.311515, -0.245855, 0.292812, 0.404051, 0.392261, 0.0342307, -0.0941882, -0.0173209, 0.0337033, -0.090357, 0.116392, 0.0712036, -0.0789669, -0.2595, -0.116502, 0.0487017, -0.1856, -0.221754, -0.429666, -0.136342, -0.037339, -0.0650373
2.22, 0.0319374, -0.344175, 0.169094, 0.735938, 0.1184, 0.680523, 0.912861, -0.0930511, 0.379226, 0.454667, 0.0629146, -0.298613, -0.220773, -0.076951, -0.434901, -0.392873, -0.372157, -0.253743, -0.386271, -0.517304, -0.245892, 0.10518, -0.452082, -0.356551, -0.26396, -0.327932, -0.559452, -0.234053, -0.310407, -0.389127, -0.214369
2.24, 0.0319376, 0.359232, 0.0783803, 0.0440713, 0.443668, 0.122957, 0.141199, 0.702075, 0.83625, 0.54273, 0.0616979, -0.699984, -0.421522, -0.753929, -0.309694, -0.643455, -0.614331, -0.123864, -0.292785, -0.515428, -0.590296, -0.615285, -0.70621, -0.370385, -0.489118, -0.499666, -0.329287, -0.359125, -0.00574483, -0.079807, 0.125971
2.26, 0.0319376, -0.0196534, -0.302047, 0.631655, -0.245378, -0.0448991, -0.518594, 0.322781, 0.267336, 0.243804, -0.497244, -0.862282, -0.350003, -0.850355, -0.0188664, -0.0933678, -0.369287, -0.481413, -0.766104, -0.50068, -0.703927, -0.597507, -0.527357, -0.139164, -0.299205, -0.453843, -0.221126, -0.439054, 0.044874, 0.198522, 0.0282963
2.28, 0.0319376, -0.365323, -0.00688474, 0.267471, 0.622917, 0.601528, 0.115741, -0.0368376, 0.524053, 0.55468, 0.421335, 0.191744, -0.241366, -0.509538, -0.437107, -0.527977, -0.578955, -0.689937, -0.79115, -0.962314, -0.736022, -0.432349, -0.781968, -0.571333, -0.571792, -0.24733, -0.497498, -0.216056, -0.0135245, -0.167272, 0.083867
2.3, 0.0319376, -0.78982, -0.455291, -0.0626369, -0.280924, 0.108712, -0.232053, -0.301481, 0.65511, 0.301825, -0.398371, -0.420099, -0.083682, -0.798912, -0.758347, -0.864837, -0.65708, -0.36483, -0.696159, -0.738457, -0.796543, -0.696757, -0.806116, -0.298324, -0.538509, -0.366918, -0.323436, -0.345592, -0.0873593, -0.0900807, 0.11687
2.32, 0.0319376, -0.514722, -0.781087, -0.888147, -0.77156, -0.36332, -0.099687, -0.440205, 0.265329, -0.0179991, -0.247927, -0.461459, -0.610628, -0.795905, -0.898027, -1.17064, -1.87907, -1.05775, -1.11457, -0.704695, -0.687101, -0.633238, -0.530568, -0.560253, -0.837876, -0.605318, -0.119698, -0.512795, -0.498735, -0.266428, -0.352564
2.34, 0.0319376, -0.950929, -0.68895, -0.268655, -0.657381, -0.81083, -1.25905, -1.0004, -0.655889, -1.10185, -0.901022, -0.184245, -0.551656, -1.32536, -1.13678, -1.37432, -1.29265, -0.884463, -0.884243, -0.739504, -1.36379, -0.78502, -0.771056, -1.0237, -1.23504, -0.938878, -0.48936, -0.381757, -0.19767, -0.390775, -0.12624
2.36, 0.0319376, -1.59039, -1.10934, -0.877835, -0.884946, -0.93808, -0.385096, -0.245487, -0.874112, -0.373012, -0.383, -1.13187, -0.90215, -1.21551, -1.63104, -1.24163, -1.10886, -0.677651, -1.30669, -0.912588, -0.966691, -0.916323, -0.81542, -1.12837, -1.19261, -0.891659, -0.898796, -0.978648, -0.346638, -0.417367, -0.552444
2.38, 0.0319374, -0.783061, -0.97594, -1.72275, -0.543178, -0.634896, -1.17588, -1.21505, -0.733245, -0.934303, -0.891208, -1.11899, -1.32785, -1.37112, -0.925607, -1.13168, -1.19347, -1.18218, -1.33491, -1.42692, -1.10031, -1.22625, -1.45071, -1.1079, -0.610654, -0.943688, -1.28737, -0.720679, -0.371608, -0.713096, -0.67679
2.4, 0.0319374, -1.28687, -0.88273, -1.56461, -1.02632, -0.753916, -0.912897, -0.98424, -1.23528, -0.858076, -0.682106, -0.917435, -0.674103, -1.24579, -1.28808, -1.16428, -1.33521, -1.45326, -1.13465, -1.13095, -1.05127, -1.15577, -1.18081, -0.982212, -1.0566, -1.03882, -0.929884, -0.894538, -0.911025, -0.752438, -0.927598
2.42, 0.0319374, -0.618828, -1.52212, -1.44217, -1.12469, -0.801623, -1.0934, -1.62735, -1.31134, -0.82441, -1.08518, -1.20262, -0.774095, -1.06044, -1.15219, -1.02799, -1.25622, -0.782925, -0.99668, -1.2938, -1.14581, -0.976658, -1.44734, -1.20903, -0.848125, -1.22275, -0.780599, -0.715212, -0.917834, -0.930678, -0.957994
2.44, 0.0319374, 3.04584, 2.9808, 2.25051, 2.45595, 2.20894, 2.21389, 2.34032, 2.91623, 2.83902, 2.4432, 2.55781, 2.45417, 2.07762, 1.60082, 1.63197, 1.43778, 0.629607, 1.21195, 1.75121, 1.51152, 1.73288, 2.05311, 1.38892, 1.99265, 2.21601, 2.48267, 2.70444, 2.69931, 2.76721, 2.82897
2.46, 0.0319374, 1.34803, 1.96448, 1.85003, 1.74977, 1.99167, 1.79884, 1.42991, 1.51618, 2.17322, 2.01142, 1.67195, 1.26727, 1.19538, 1.16344, 0.403114, 0.123966, 0.218115, 0.12209, 0.570457, 0.846766, 0.678463, 0.445146, 0.57641, 0.942566, 1.10286, 1.25006, 0.938032, 1.27114, 1.31297, 1.33952
2.48, 0.0319376, 1.91839, 1.75091, 1.54312, 1.51042, 1.82944, 1.7003, 1.5859, 0.930766, 1.25489, 1.11866, 1.13581, 1.39438, 1.50723, 1.15402, 0.595328, 0.787612, 0.680669, 0.407858, 0.244498, 0.253014, 0.609733, 0.29412, 0.48604, 0.361909, 0.603635, 0.782697, 0.979203, 0.854829, 0.660163, 0.696442
2.5, 0.0319376, 1.80753, 1.96659, 1.57677, 1.37275, 1.87796, 1.29428, 1.94331, 1.51511, 1.98651, 1.84405, 1.12945, 1.07466, 0.875407, 0.598403, 0.602337, 0.130725, 0.0563384, -0.088392, -0.103305, 0.529597, 0.321423, 0.183528, 0.286984, 0.107286, 0.334033, 0.330782, 0.428983, 0.498771, 0.355562, 0.951729
2.52, 0.0319376, 2.22242, 1.54581, 1.29247, 0.601473, 0.682002, 0.966818, 0.796477, 0.657143, 1.70216, 1.75468, 0.731641, 0.265588, 0.973164, 0.761057, 0.34115, 0.140033, 0.300398, 0.000638877, -0.022468, 0.0304433, -0.0471503, 0.166691, 0.277424, 0.338345, 0.0639107, 0.514444, 0.405149, 0.719195, 0.531595, 0.258733
2.54, 0.0319376, 1.72955, 1.38224, 0.902346, 0.39242, 0.787381, 0.650123, 1.0287, 1.32678, 1.51738, 1.6058, 0.875774, 0.159619, 0.758965, 0.451483, -0.0303683, -0.0302843, -0.472904, -0.0948795, -0.0519791, -0.11386, 0.148369, -0.240358, -0.089394, 0.0986556, -0.192957, 0.0803544, 0.0277872, 0.137406, 0.0717754, 0.204192
2.56, 0.0319376, 0.477978, 0.248134, 0.844994, 0.711154, 0.278971, 0.780325, 0.376474, 0.608855, 1.26526, 1.11167, 0.336134, 0.241314, -0.310653, 0.0581063, 0.154925, 0.18006, -0.290573, -0.672575, -0.375919, -0.277554, -0.400723, -0.301161, -0.429222, -0.0134291, -0.121716, -0.406474, -0.434307, -0.0434124, -0.101916, -0.155714
2.58, 0.0319376, 1.16685, 0.699591, 0.937972, 0.513981, 0.44819, -0.189603, 0.0316845, 0.392134, 1.13037, 0.850266, 0.101771, 0.25078, 0.233368, -0.260267, -0.494799, -0.509839, -0.7256, -0.77709, -0.501241, -0.229538, -0.716669, -0.494196, -0.395041, -0.414688, -0.353553, -0.0998437, -0.0437609, -0.186372, -0.184727, -0.194704
2.6, 0.0319376, 0.772274, 0.0787831, 0.712933, -0.104768, 0.80978, 0.672237, 0.539501, -0.205129, 0.807514, 0.571919, 0.226603, 0.104558, -0.273685, -0.785635, -0.844062, -0.939145, -1.06665, -0.380516, -0.616349, -0.573472, -0.606515, -0.657685, -0.481748, -0.644157, -0.662183, -0.743823, -0.316409, -0.589756, -0.743055, -0.618569
2.62, 0.0319376, -1.03382, -0.320753, -0.173712, 0.00661221, 0.623742, 0.241097, -0.0943428, 0.109674, 0.553051, 0.0743893, -0.482948, -0.436293, -0.581823, -0.662917, -0.736807, -0.534487, -0.879137, -1.03356, -1.13336, -1.11049, -0.874607, -0.759429, -0.898129, -0.897524, -0.443871, -0.764925, -0.622127, -0.465178, -0.585892, -0.621207
2.64, 0.0319374, -0.0454912, -0.0964889, -0.759103, 0.00762907, -0.155739, 0.26391, -0.269162, -0.61392, 0.719066, 0.103241, -0.388985, -0.52739, -0.185732, -0.513008, -0.608397, -1.15574, -0.979717, -1.3883, -1.38059, -1.18239, -1.20379, -0.676349, -0.523117, -0.484422, -0.878136, -0.918982, -0.463211, -0.0473719, -0.650582, -0.620371
2.66, 0.0319374, -0.220266, -0.252396, -0.550276, -0.0897594, 0.223034, -0.0690491, -1.18846, -0.800717, -0.229474, -0.110546, -0.431893, -1.20384, -0.544358, -0.914849, -0.972106, -0.507593, -0.765915, -0.622289, -0.535579, -0.711824, -0.923517, -1.03895, -0.858559, -0.770668, -0.644539, -0.663377, -0.478299, -0.288923, -0.450966, -0.373985
2.68, 0.0319374, -0.127617, -0.546371, -0.438324, -0.0477941, 0.213483, -0.199172, -0.856997, -0.672953, 0.196369, 0.0983575, -0.555195, -1.0664, -0.957357, -0.615541, -0.848399, -1.10499, -1.08158, -0.528555, -0.589585, -1.01067, -0.92673, -0.534141, -0.507449, -0.474285, -0.435264, -0.579333, -0.347888, -0.309587, -0.360227, -0.444286
2.7, 0.0319374, -0.149315, -0.770634, -0.987689, -1.76514, -0.419401, 0.0163308, 0.275942, 0.0457863, 0.140424, -0.0977121, -0.601511, -0.154495, -0.326386, -0.795893, -0.692486, -0.457813, 0.0234098, -0.610277, -0.632511, -0.390763, -0.196891, -0.503876, -0.468408, -0.254226, -0.196597, -0.695621, -0.159704, -0.0194177, 0.072653, 0.11984
2.72, 0.0319374, -0.826091, -0.489571, -0.204663, -0.711642, -0.840094, -0.697744, -0.363102, -0.733062, -0.20594, -0.187929, -0.835613, -0.529428, -0.279926, -0.682586, -0.642279, -0.759715, -0.426225, -0.50335, -0.409326, -0.162055, -0.2666, -0.0861122, -0.232543, -0.181527, 0.297947, 0.371144, 0.274077, 0.39295, 0.440304, 0.414327
2.74, 0.0319376, -0.955431, -0.0373351, -0.177691, -0.327948, -1.29273, -1.13551, -0.482527, -0.999137, -0.659734, -0.611837, -0.349483, -0.959902, -0.394934, -0.716471, -0.736331, -0.714939, -0.482998, -0.458732, -0.237057, -0.0791479, -0.307545, -0.191807, -0.398031, -0.154294, -0.09428, -0.105235, 0.0868267, 0.20049, 0.41516, 0.420227
2.76, 0.0319376, -0.808844, -1.31118, -0.864546, -0.665988, -0.691516, -0.413948, -0.283582, -0.249246, -0.319614, -0.350588, -0.724789, -1.01789, -0.940385, -1.36925, -1.32437, -1.2704, -0.666198, -0.459236, -0.53649, -0.846561, -0.786862, -0.702412, -0.581593, -0.323755, -0.263583, -0.205369, -0.176182, -0.14429, 0.000481966, 0.415184
2.78, 0.0319376, -1.1963, -0.554621, -0.417494, -1.32583, -1.33609, -0.231436, -0.663652, -0.345552, -0.222226, -0.479088, -0.632138, -0.480835, -0.834768, -0.730151, -0.380972, -0.743695, -0.865011, -0.848967, -0.512587, -0.747981, -0.766505, -0.375866, -0.706654, -0.26643, -0.417105, -0.121182, -0.315009, -0.221736, -0.0414354, 0.0853348
2.8, 0.0319376, -1.22801, -1.23711, -1.91067, -1.51626, -0.404088, -0.472248, -0.293162, -0.966029, -0.60652, -0.955015, -0.739709, -0.641001, -0.889865, -0.5593, -0.796792, -1.17019, -1.14324, -1.13512, -0.947721, -0.447888, -0.656489, -0.721261, -0.817901, -0.584596, -0.463526, -0.435931, -0.0551241, -0.0807548, -0.779783, -0.588373
2.82, 0.0319376, -1.31217, -0.808478, -0.54479, -0.987156, -0.804792, -0.587701, -0.502409, -0.2641, -0.401319, -0.828948, -0.664267, -0.912982, -1.46613, -1.27454, -0.584856, -0.816563, -0.779745, -0.823602, -0.888972, -0.902823, -0.857561, -1.01491, -0.792518, -0.630217, -0.863896, -0.871163, -0.727475, -0.3903, -0.331034, -0.564795
2.84, 0.0319376, -1.03024, -1.34651, -0.912905, -1.13035, -1.44233, -1.00665, -0.943426, -1.58863, -0.56427, -0.515517, -1.02731, -1.09965, -0.621466, -0.933002, -1.24263, -0.851615, -1.19421, -1.10406, -1.08591, -1.31591, -0.95796, -1.31529, -0.61498, -0.635, -0.802722, -0.911736, -0.720299, -0.324533, -0.619299, -0.62629
2.86, 0.0319376, -1.07477, -1.2777, -1.67693, -1.71489, -0.73274, -1.15643, -1.29993, -1.25166, -0.944963, -0.65428, -1.36837, -1.26863, -1.40292, -1.12926, -0.760005, -1.29779, -1.0486, -1.51804, -1.08586, -1.47137, -0.921533, -1.2319, -1.20502, -1.20288, -0.832451, -1.075, -0.720998, -0.50021, -0.55045, -0.542573
2.88, 0.0319374, 2.87743, 2.65017, 1.56383, 1.86105, 2.56142, 1.50636, 1.8364, 2.11913, 2.7187, 2.11218, 1.16371, 1.68187, 2.23324, 1.64093, 1.72393, 1.15124, 1.24723, 0.724536, 1.2804, 1.46654, 1.99614, 1.68124, 1.63621, 1.39697, 1.267, 0.964448, 0.855107, 0.77514, 1.08195, 1.32091
2.9, 0.0319374, 1.559, 1.95963, 1.66355, 2.2068, 2.40384, 1.53454, 2.21871, 1.53352, 1.37522, 1.587, 1.01164, 1.21049, 1.60411, 1.45486, 1.25199, 1.07, 1.19484, 1.14469, 1.08666, 1.01031, 0.71577, 0.855683, 0.762896, 0.599533, 0.551682, 0.508973, 0.690277, 0.35836, 0.4548, 0.497877
2.92, 0.0319374, 1.4182, 1.96819, 1.42222, 1.55819, 1.83966, 0.726478, 0.813166, 1.39443, 1.33479, 1.10111, 0.564591, 1.08155, 1.00854, 0.550482, 0.612669, 0.927005, 0.612363, 0.512605, 0.309607, 0.393415, 0.302238, 0.168107, 0.578097, 0.74836, 0.443961, 0.101202, 0.354244, 0.441321, 0.402961, 0.466802
2.94, 0.0319374, 1.7963, 1.50584, 1.85214, 1.60841, 2.03098, 1.09015, 0.946408, 0.53481, 1.00515, 0.775593, 0.640476, 0.99567, 0.877727, 0.69886, 0.828136, 0.648554, 0.152274, 0.48426, 0.379727, 0.740899, 0.242459, -0.0448535, 0.652599, 0.453962, 0.122532, 0.244518, 0.205142, 0.216537, 0.154707, 0.0499442
2.96, 0.0319374, 1.43923, 1.19566, 0.619738, 1.29672, 1.42924, 0.849598, 1.17428, 0.781489, 1.36518, 0.626777, 0.479718, 0.741221, 0.960481, 0.641826, 0.390141, 0.121808, 0.168911, -0.273926, 0.464554, 0.044013, 0.295143, -0.0488388, 0.0667727, 0.10284, 0.146652, -0.179187, -0.143032, 0.00341226, -0.164672, -0.115843
2.98, 0.0319376, 1.31579, 1.22604, 0.939455, 0.943567, 0.713194, 0.766639, 0.785025, 0.582092, 0.911069, 0.345095, 0.590995, 0.267425, 0.245842, 0.224208, 0.0880968, -0.00421002, 0.111363, 0.0221828, 0.395474, 0.282408, -0.0526983, -0.249237, 0.0163232, -0.072425, -0.275248, -0.617388, -0.413983, -0.148581, -0.268007, -0.0627
3, 0.0319376, 0.50543, 0.471403, 0.335001, 1.19711, 1.75586, 1.07245, 0.709119, 0.412849, 0.636131, 0.82885, 0.335814, 0.280401, 0.0765135, 0.558607, 0.161274, 0.145187, 0.167918, -0.0141528, 0.0204425, -0.0144295, 0.037285, -0.194928, -0.24758, -0.383329, -0.469935, -0.48417, -0.753542, -0.314395, -0.392922, -0.348782
3.02, 0.0319376, 0.752672, -0.405942, -0.28564, 0.937088, 1.04644, 0.724264, 1.14333, 0.363372, 0.268888, 0.226054, 0.0387754, -0.467712, -0.257891, -0.259729, 0.0553336, -0.251055, -0.657556, -0.253625, -0.164271, -0.279282, -0.629094, -1.13234, -0.598903, -0.413702, -0.395449, -0.767603, -0.64281, -0.282254, -0.41781, -0.56092
3.04, 0.0319376, 0.4585, 0.375049, 0.776088, 1.01524, 0.72045, 0.494173, 0.575394, -0.0631342, 0.183169, -0.526934, -0.134144, 0.0291701, 0.0747596, -0.364576, -0.28545, -0.383281, -0.548246, -0.423792, -0.449895, -0.234682, -0.301507, -0.421456, -0.968873, -0.561705, -0.526372, -0.68942, -0.367569, -0.543977, -0.733179, -0.707682
3.06, 0.0319376, -0.388105, 0.308364, 1.10085, 0.83283, 1.01974, -0.0939632, -0.0627638, -0.230536, 0.103809, -0.218249, -0.270342, -0.330145, -0.258208, -0.458461, -0.226549, -0.265758, -0.934833, -0.777982, -0.376313, -0.6258, -1.40564, -0.907392, -0.682338, -0.938, -0.798407, -0.780655, -0.741067, -0.7332, -0.813221, -0.705252
3.08, 0.0319376, 0.273915, 0.316692, 0.0560768, 0.0568304, -0.0796896, 0.425806, 0.356208, 0.0345655, 0.0313997, -0.379835, -0.432516, -0.439211, -0.322718, -0.224312, -0.354246, -0.758043, -1.04033, -0.527589, -0.843554, -1.02401, -0.771328, -0.859891, -1.02301, -0.976246, -0.66308, -0.901199, -0.73911, -0.617103, -0.558723, -0.135286
3.1, 0.0319376, 0.006207, -0.176514, 0.360827, 0.0433423, -0.199429, -0.65712, -0.574144, -0.242475, 0.109346, -0.165659, -0.221522, -0.323357, -0.292014, -0.663169, -0.345231, -0.662949, -0.928136, -1.01669, -0.428077, -0.441019, -0.31801, -0.811761, -0.910548, -1.13936, -0.953948, -0.431413, -0.141948, -0.102126, -0.1727, 0.150469
3.12, 0.0319376, -0.14965, 0.0864, 0.0438195, -0.268207, 0.0194517, -0.697653, -0.569367, -0.484321, -0.24298, -0.329458, -0.75979, -0.701287, -0.66812, -0.609717, -0.906644, -0.619744, -0.950046, -0.445839, -0.594045, -0.670421, -0.805778, -0.722003, -0.461917, -1.05523, -0.427895, -0.281097, -0.119473, -0.36697, -0.342875, 0.371255
3.14, 0.0319374, -0.250309, 0.086882, -0.421334, -0.286057, -0.680534, -0.381293, 0.158226, -0.00147344, -0.197483, 0.00730356, -0.386637, -0.8524, -0.797179, -0.747476, -1.08264, -0.728683, -0.535563, -0.492674, -0.424179, -0.493024, -0.92326, -0.410697, -0.599126, -0.421241, -0.449048, -0.155353, 0.0687374, 0.238384, 0.172056, 0.185691
3.16, 0.0319374, -0.925427, -0.0633356, -0.0685556, -0.121183, -0.454895, -0.214244, -0.491803, -0.64037, -0.616422, -0.0722978, -0.256001, -0.277038, -0.166069, -0.723956, -0.843892, -0.976886, -0.818156, -0.606422, -0.569796, -0.403687, -0.691318, -0.864204, -0.830301, -0.339431, -0.200772, -0.087858, -0.0517337, -0.0785836, 0.167503, 0.278219
3.18, 0.0319374, -0.00572265, -0.0100013, -0.161323, -0.262529, -0.558211, -0.617576, -0.456974, -0.46128, -0.447232, -0.204883, -0.415942, -0.28403, -0.262754, -0.534692, -0.621711, -0.767094, -0.568743, -0.687845, -0.674467, -0.946008, -1.04783, -1.34397, -0.699551, -0.537543, -0.326772, -0.382871, -0.0111555, 0.0224695, 0.143772, 0.179612
3.2, 0.0319374, -1.41072, -0.742823, -0.5279, -0.976039, -0.651996, -0.711795, -0.318928, -0.24836, -0.113229, -0.636269, -0.554007, -0.798058, -0.61301, -0.852774, -1.06984, -0.956589, -1.19387, -1.07261, -0.770391, -0.928211, -0.789818, -0.559481, -0.799701, -0.949846, -0.600015, -0.566177, -0.365427, 0.0672166, -0.192458, 0.0623693
3.22, 0.0319374, -1.05193, -0.44802, -1.06888, -1.11763, -1.23286, -1.05318, -1.1479, -1.24227, -0.37498, -0.488664, -1.05808, -1.22909, -0.857843, -1.52347, -1.27906, -0.716891, -0.957089, -1.14446, -0.970681, -0.905717, -0.879574, -1.28619, -0.918396, -1.09013, -0.658661, -0.456193, -0.152994, -0.365461, -0.138986, 0.041901
3.24, 0.0319376, -1.61397, -0.471097, -0.928384, -1.08437, -0.479981, -1.23581, -1.57354, -1.01352, -0.740698, -0.665174, -0.964495, -1.36163, -1.20025, -1.27314, -1.46641, -0.690823, -1.12275, -1.5364, -0.902702, -0.895205, -1.05579, -1.31499, -1.15915, -0.760413, -0.703617, -0.575319, -0.876923, -0.56071, -0.690945, -0.524926
3.26, 0.0319376, -1.47439, -0.925114, -1.44367, -0.810713, -0.669323, -1.51325, -1.59662, -0.925501, -0.426894, -0.692768, -1.27368, -1.86097, -1.25559, -1.11015, -1.48026, -1.27514, -1.7774, -0.915214, -1.20976, -1.30936, -1.23985, -1.18233, -1.29855, -1.17309, -0.935638, -0.775512, -0.783555, -0.574038, -1.09753, -0.717377
3.28, 0.0319376, -1.16965, -1.51878, -1.67603, -1.48536, -1.56404, -1.94444, -1.62049, -0.855935, -0.76726, -0.926905, -1.39856, -1.39935, -1.74057, -1.25762, -1.76911, -1.687, -1.49451, -1.30379, -1.14854, -1.35045, -1.66649, -1.21587, -1.30841, -1.58994, -1.33218, -1.16907, -1.27864, -0.90093, -1.04691, -0.775177
3.3, 0.0319376, 1.79154, 2.77469, 2.5775, 2.68798, 2.12525, 1.20884, 1.31607, 2.73021, 2.82227, 2.61182, 2.48784, 2.74562, 2.54838, 2.70462, 2.74592, 2.39642, 2.56001, 2.34109, 1.4683, 1.40078, 2.00535, 2.28006, 2.13135, 2.21151, 2.66053, 2.81565, 2.59162, 2.57949, 2.57659, 2.48025
3.32, 0.0319376, 1.70556, 1.95316, 1.67719, 1.51845, 1.36429, 1.69372, 1.73415, 1.16694, 1.94671, 1.61333, 1.25378, 1.40889, 1.53043, 1.36689, 0.948404, 1.22528, 1.27908, 0.468527, 0.605151, 0.256103, 0.843574, 0.888032, 1.11147, 0.83359, 1.07966, 0.964934, 1.02417, 1.23233, 1.02778, 1.16553
3.34, 0.0319376, 0.806103, 1.27952, 1.41369, 1.48164, 1.92394, 1.90964, 1.15757, 1.49377, 1.75776, 1.09759, 1.16483, 0.984746, 1.14928, 0.838491, 1.08193, 0.88336, -0.170952, 0.0545574, 0.458554, 0.567298, 0.712104, 0.539043, 0.615153, 0.777892, 0.811917, 0.71389, 0.561531, 0.856277, 0.798014, 0.704345
3.36, 0.0319376, 1.96382, 1.28204, 1.04235, 0.721496, 1.77978, 1.10855, 1.26957, 1.70919, 1.12423, 1.29936, 0.742753, 0.980153, 1.00086, 1.19141, 1.22483, 0.310795, 0.413299, 0.501082, 0.196182, -0.0471464, 0.264335, 0.359613, 0.329301, 0.471136, 0.388075, 0.0775429, 0.133851, 0.379168, 0.237712, 0.241607
3.38, 0.0319374, 1.38878, 0.974842, 1.069, 1.1216, 1.03296, 0.549089, 0.472451, 0.875673, 0.723377, 0.746467, 0.131263, 0.483112, 0.216629, 0.483693, 0.696103, 0.686164, 0.247037, -0.22386, -0.0924802, 0.0117985, 0.0262725, 0.101949, 0.191633, 0.0657464, 0.325148, 0.218924, 0.176064, 0.547275, 0.265996, 0.309715
3.4, 0.0319374, 0.507437, 1.10946, 0.956802, 0.646444, 0.908158, 0.662351, 0.799864, 1.22714, 0.90421, 1.0822, 0.800184, 0.278937, -0.315499, 0.488983, 0.735748, 0.574055, 0.231738, 0.123846, 0.133137, 0.00350979, 0.0985388, -0.128731, -0.208248, -0.473019, -0.070011, 0.00854432, 0.0516364, -0.156937, -0.238904, -0.404338
3.42, 0.0319374, 1.14671, 0.637573, 0.779886, 0.249319, 0.687399, 0.921713, 0.279772, 1.11264, 1.05388, 0.665208, 0.28432, 0.632251, 0.303432, 0.520743, 0.440457, -0.157774, -0.211213, -0.548336, -0.649491, -0.337358, -0.170152, 0.167629, -0.22858, -0.745667, -0.386765, -0.420226, 0.0324233, 0.153854, -0.29722, -0.223918
3.44, 0.0319374, 0.481981, 0.818347, 0.724048, 0.646244, 1.04567, 0.408785, 0.94818, 0.886746, 0.63111, 1.06604, 0.258728, 0.332848, 0.0437957, 0.0307418, -0.440981, -0.14055, -0.202141, -0.32138, -0.334225, -0.60986, -0.790769, -0.849385, -0.579047, -0.656233, -0.455311, -0.714188, -0.487382, -0.487789, -0.490382, -0.246603
3.46, 0.0319374, 0.612844, 0.729045, -0.179289, -0.0689918, 0.230285, 0.0486649, -0.249364, 0.569227, -0.0717917, 0.259418, -0.644166, -0.898978, -0.020797, -0.334816, -0.88125, -0.328556, -0.636661, -0.701068, -0.56009, -0.557164, -0.797309, -0.62014, -0.674636, -0.974617, -1.14343, -0.7761, -0.7925, -0.58882, -0.854316, -0.687309
3.48, 0.0319376, 0.813447, 1.52087, 0.6984, -0.687243, 0.0936406, 0.24665, -0.149196, -0.0249061, 0.362103, 0.290495, 0.0325356, 0.132761, -0.364275, -0.109551, -0.282045, -0.749988, -0.782314, -0.932197, -1.35239, -1.19376, -0.837104, -1.02553, -0.977015, -1.03239, -0.892224, -1.08841, -0.997462, -0.815996, -0.90054, -0.998065
3.5, 0.0319376, 0.631926, 0.352868, -0.0142848, -0.144103, -0.0390168, -0.075479, -0.179514, 0.248497, 0.182517, -0.31056, -0.189108, -0.393534, -0.373508, -0.568157, -0.279923, -0.987954, -0.637804, -0.72369, -0.867119, -0.92291, -1.2635, -1.00705, -0.932886, -0.973713, -0.744898, -0.787267, -0.834521, -0.621488, -0.819415, -0.8265
3.52, 0.0319376, 0.126758, 0.268991, -0.0863167, -0.356249, -0.330395, -0.307875, -0.419243, 0.0425892, 0.164244, -0.923844, -0.798602, -0.221987, -0.678579, -0.708381, -0.87033, -0.958699, -1.03657, -1.35444, -1.22747, -0.824667, -0.643441, -0.956396, -1.05042, -1.0604, -0.810995, -0.786428, -0.878075, -0.660419, -0.4101, -0.625021
3.54, 0.0319376, -0.279867, -0.372386, -0.118384, 0.00849101, -0.631156, -0.654453, -0.594826, -0.369884, -0.543273, -0.532017, -1.07241, -0.812456, -0.880495, -0.734037, -0.72231, -0.697334, -1.27615, -1.27026, -0.929481, -0.982086, -0.939898, -0.692846, -1.00193, -0.825579, -0.673641, -0.806412, -0.634933, -0.433983, -0.409151, -0.370046
3.56, 0.0319376, -0.566621, -0.562831, -0.810104, -0.583808, -0.528945, -0.523336, -0.620303, -0.578507, -0.577781, -0.432431, -0.187976, -0.762808, -0.742315, -0.826347, -0.868476, -0.524947, -0.957041, -1.13795, -0.825434, -0.667568, -0.89905, -0.972945, -0.71432, -1.00698, -0.863616, -0.681758, -0.618668, -0.464941, -0.619449, -0.307052
3.58, 0.0319376, -0.707756, -0.259543, -0.667603, -0.987947, -0.696431, -0.566501, -0.45073, 0.0976042, -0.285751, -0.390836, -0.347792, -0.743642, -0.690929, -0.687531, -0.743541, -1.13413, -0.853935, -0.929982, -0.869102, -0.648566, -0.623091, -0.596817, -0.574932, -0.475185, -0.608181, -0.413308, -0.386939, -0.0383463, 0.178547, 0.0349927
3.6, 0.0319376, -0.44985, -0.585177, -0.663711, -1.53989, -1.15312, -1.07617, -0.596663, -0.170654, -0.612768, -0.51134, -0.525421, -1.0282, -0.727299, -0.844651, -0.680044, -0.656079, -0.0867789, 0.0455914, -0.112441, -0.106932, -0.326768, -0.345488, -0.820289, -0.724545, -0.126014, -0.3217, 0.0326618, -0.0522571, 0.1326, 0.0445956
3.62, 0.0319376, -1.88394, -1.07245, -1.07465, -0.947424, -0.160855, -0.385734, -0.558639, -0.677432, -0.613119, -0.65586, -1.06749, -1.03502, -0.780381, -0.371734, -0.50408, -0.615328, -0.936021, -0.826161, -0.301602, -0.49708, -0.395187, -0.416893, -0.541904, -0.440946, -0.536067, -0.0712944, -0.0807673, 0.191119, 0.00978141, 0.348122
3.64, 0.0319374, -1.16134, -0.152766, -0.421714, -0.402358, -0.544984, -1.39451, -1.38856, -0.873692, -0.849023, -0.362136, -0.651279, -0.326917, -0.612872, -0.508747, -0.527819, -0.734172, -0.766539, -1.16631, -0.173498, -0.111253, -0.373058, -0.501325, -0.666179, -0.511312, -0.645291, -0.241068, -0.252989, -0.0727903, 0.246732, 0.104029
3.66, 0.0319374, -0.872577, -0.480826, -0.74737, -0.948152, -0.894349, -1.02, -0.833868, -0.276531, -0.870955, -0.456144, -1.57091, -1.09326, -1.36243, -0.864078, -1.0185, -0.320438, -0.703721, -0.333281, -0.765835, -0.666869, -0.398647, -0.383682, -0.502216, -0.3602, -0.238172, -0.427999, -0.380186, -0.327483, -0.1615, 0.13972
3.68, 0.0319374, -1.09256, -0.89807, -0.876496, -1.49373, -0.702394, -0.86843, -1.25606, -0.956695, -1.2857, -1.10911, -0.895792, -0.746322, -0.787017, -0.700832, -1.17041, -0.633718, -0.867972, -0.447131, -0.502981, -0.694861, -0.584074, -0.435508, -0.489742, -0.470367, -0.236058, -0.383282, -0.441351, 0.133179, 0.0764139, -0.111136
3.7, 0.0319374, -0.595212, -0.91608, -2.09617, -1.80955, -1.5962, -1.28974, -1.52742, -1.4484, -1.37806, -1.95996, -1.57979, -1.39574, -1.05201, -1.04567, -0.902456, -0.767475, -1.18551, -1.1431, -1.15231, -0.748554, -1.05251, -0.641598, -0.82679, -0.567057, -0.787459, -0.790714, -0.599467, -0.0233988, -0.282933, -0.0847955
3.72, 0.0319374, -0.806608, -1.07595, -1.60152, -1.15676, -1.09053, -1.41534, -1.31691, -1.23096, -1.06074, -0.858183, -0.936768, -1.84172, -1.39764, -1.48262, -1.34849, -0.966713, -1.00082, -0.762166, -0.550553, -0.75533, -0.706358, -1.00122, -0.648795, -0.796851, -0.952729, -0.904822, -0.594736, -0.435198, -0.491719, -0.40806
3.74, 0.0319376, -1.52177, -1.19599, -1.1273, -1.53517, -1.84813, -2.01895, -1.15635, -1.0545, -0.864281, -0.949688, -1.68034, -1.99665, -1.16819, -1.76169, -2.05185, -1.52849, -1.5182, -1.19414, -1.158, -1.13297, -0.910619, -1.18914, -1.04799, -1.16427, -1.26046, -1.07678, -0.717904, -0.708017, -0.635252, -0.471763
3.76, 0.0319376, -0.161937, -1.27124, -1.68052, -1.42661, -1.23457, -1.45756, -1.45228, -1.36089, -0.975637, -1.36051, -1.20583, -1.61005, -1.33104, -1.48202, -1.21786, -1.08794, -1.11387, -1.50344, -1.42596, -1.52123, -1.03546, -1.36084, -1.52184, -1.31837, -0.997224, -1.0433, -0.887903, -0.619129, -0.870199, -0.884104
3.78, 0.0319376, -1.20765, -1.14922, -1.52989, -2.1294, -1.63388, -1.31093, -1.60168, -1.75954, -1.05004, -1.46262, -1.05337, -1.06031, -1.18063, -1.25097, -1.46431, -1.79195, -1.77269, -1.60434, -1.61549, -1.53141, -1.5483, -1.41997, -1.12368, -0.722942, -1.03344, -1.08023, -0.729979, -0.767143, -0.552753, -0.726181
3.8, 0.0319376, 0.451071, 0.653513, 0.101436, -0.380769, -0.108077, 0.109987, -0.0134604, 0.60117, 1.13031, 1.29205, 1.09517, 1.04518, 1.01966, 0.345786, -0.488468, 0.0661423, -0.147599, -0.872921, -0.323063, -0.247228, 0.00387121, 0.29263, 0.713086, 0.859209, 0.917269, 0.945138, 0.824283, 0.549714, 0.187063, 0.310488
3.82, 0.0319376, 2.32513, 3.11115, 2.54375, 2.84142, 3.03365, 3.00485, 2.84649, 2.60748, 2.58802, 3.01393, 2.52022, 2.67566, 2.5815, 2.47236, 2.28258, 1.86869, 1.83309, 2.24409, 2.07218, 1.43773, 1.84046, 2.35377, 1.8954, 2.09802, 2.30535, 2.0753, 2.15815, 2.23066, 1.59909, 2.05564
3.84, 0.0319376, 1.36054, 2.63917, 1.81802, 1.93635, 2.05899, 2.36107, 1.86142, 1.65678, 1.87161, 1.65468, 1.91955, 1.82396, 1.97119, 1.65414, 1.63255, 1.87893, 1.76495, 1.91387, 1.79656, 1.48032, 1.24628, 1.05419, 1.23747, 1.64634, 1.55898, 1.69779, 1.75858, 1.78979, 1.63444, 1.06251
3.86, 0.0319376, 1.05063, 1.34795, 0.909978, 2.04006, 2.4507, 1.63598, 1.51756, 1.7893, 1.36712, 1.77363, 1.341, 0.895851, 1.25113, 1.124, 0.995201, 0.750703, 1.02813, 0.974779, 1.11858, 0.595407, 0.62016, 0.824944, 0.724886, 0.293241, 0.630414, 0.704526, 0.791998, 0.989426, 0.8593, 0.883053
3.88, 0.0319374, 1.13386, 1.75259, 1.86577, 0.709386, 1.7128, 1.42365, 1.59183, 2.07706, 1.15718, 1.26645, 1.08429, 0.885875, 1.29939, 0.987686, 0.875618, 0.470538, 0.680295, 0.945076, 0.668203, 0.475048, 0.637466, 0.272958, 0.16551, 0.403893, 0.627843, 1.06373, 0.605571, 0.915949, 0.622418, 0.887729
3.9, 0.0319374, 1.66346, 2.16121, 1.76378, 1.5579, 2.18645, 1.55818, 1.08407, 1.41523, 1.52751, 1.04904, 1.00233, 0.907958, 1.21135, 1.12174, 0.480365, -0.081707, 0.54664, 0.391731, 0.608563, 0.39656, 0.337579, 0.433368, 0.557919, 0.463473, 0.623914, 0.442887, 0.464289, 0.280467, 0.312778, 0.488468
3.92, 0.0319374, 1.42167, 1.95483, 1.06371, 1.45177, 1.19341, 1.46489, 0.984102, 1.10582, 1.47358, 1.8186, 1.42357, 0.716572, 0.716883, 0.454198, 0.273695, 0.313135, 0.135557, -0.122768, 0.469789, -0.133931, -0.054015, 0.190729, 0.229575, 0.222601, 0.361186, 0.237393, 0.527437, 0.328417, 0.273608, 0.15818
3.94, 0.0319374, 0.905217, 1.46758, 1.11305, 0.470105, 1.5429, 1.15941, 0.81348, 0.83631, 1.27575, 0.675676, 0.535159, 0.573652, 0.20185, 0.39239, -0.0730054, -0.287985, -0.562087, -0.112994, 0.0286082, -0.259906, 0.240269, -0.456238, -0.344764, -0.0259917, 0.110963, -0.0548821, 0.0095441, -0.00869497, -0.134384, -0.344396
3.96, 0.0319374, 1.50282, 1.45335, 1.13621, 0.592072, 0.515274, 0.399557, 0.0272777, 0.833185, 1.21633, 0.564602, 0.60675, 0.201573, 0.292638, 0.969599, -0.387717, -0.322547, -0.169163, 0.472871, 0.250477, -0.400722, -0.567178, -0.228726, -0.0907584, -0.547871, -0.386506, -0.406243, -0.226543, -0.322844, -0.574542, -0.395322
3.98, 0.0319376, 0.644154, 0.82826, 0.184717, 0.506745, 1.23631, 0.0766264, 0.500306, 0.59674, 0.941535, 0.464474, 0.656917, 0.295352, 0.221543, 0.242252, -0.154687, -0.324189, -0.533438, -0.270453, -0.406542, -0.551065, -0.382151, -0.575786, -0.645893, -0.477413, -0.5505, -0.438388, -0.559664, -0.306571, -0.653342, -0.492131
4, 0.0319376, 0.133451, 0.966633, 0.295921, 0.139867, 0.365971, 0.694132, -0.249445, -0.233744, 0.116397, 0.051058, -0.0734557, -0.264018, -0.509844, 0.0494584, -0.594629, -0.58361, -0.557891, -0.621414, -0.346858, -0.952847, -0.602354, -1.23084, -1.32449, -0.422236, -0.890589, -1.18427, -0.890328, -0.519091, -0.649754, -0.789152
4.02, 0.0319376, 0.226108, 0.875492, 0.537316, 0.562402, 0.728761, 0.871524, -0.372503, -0.595359, -0.800294, -0.539234, -0.314203, -0.059318, -0.539361, -0.48295, -0.518118, -0.719558, -0.383274, -0.903623, -0.726318, -0.900584, -0.965926, -1.15111, -0.768804, -0.986738, -1.31043, -1.11081, -0.697262, -0.863678, -1.03847, -0.989544
4.04, 0.0319376, 0.0973714, 0.548065, 0.187999, 0.0769517, -0.0216779, -0.00143303, -0.429623, -0.143969, 0.372837, 0.0296127, -0.305691, -0.260271, -0.381796, -0.707873, -1.3277, -0.810851, -0.493152, -0.671286, -1.17247, -1.17418, -1.30879, -1.06822, -1.12528, -1.02587, -1.3116, -1.67928, -1.1588, -0.945326, -1.45526, -1.31709
4.06, 0.0319376, 0.274152, 0.546509, -0.817849, -0.60784, -0.419286, 0.109147, 0.0355683, -0.10478, -0.0720688, -0.375798, -0.209713, -0.486992, -1.28208, -1.54735, -1.42707, -1.25974, -1.27627, -1.00401, -0.706028, -1.09429, -0.885674, -0.980755, -1.29741, -1.48165, -1.09203, -1.18684, -1.21055, -1.07227, -1.37732, -1.60549
4.08, 0.0319376, -0.418108, -0.447787, -0.20182, -0.876202, -1.13892, -0.0757254, -0.12496, -0.690981, -0.479069, -1.46433, -0.976996, -0.494623, -0.668842, -0.781701, -1.00964, -1.36325, -1.99266, -1.13483, -1.25588, -1.74215, -1.21529, -1.49053, -1.45998, -1.47003, -1.14008, -1.42953, -1.29567, -1.10378, -1.05525, -1.19529
4.1, 0.0319376, -0.464325, -0.760073, -1.48564, -0.735468, -0.391618, -0.940663, -0.861952, -1.12675, -0.989957, -1.31307, -0.553484, -0.895659, -1.36068, -1.09728, -1.3449, -1.3837, -1.54047, -1.72311, -1.60391, -1.58696, -1.24444, -1.33897, -1.26052, -1.25459, -1.09953, -1.27807, -1.35339, -1.26731, -1.43606, -1.33861
4.12, 0.0319376, -1.08485, -0.778878, -0.677039, -0.815067, -0.517192, -1.20618, -0.558538, -0.787243, -1.20113, -1.00484, -1.31646, -0.869842, -1.29412, -1.06678, -1.05062, -1.00898, -1.42478, -1.25614, -1.35893, -1.58862, -2.08276, -1.86834, -1.826, -1.90569, -1.85155, -1.52912, -1.24303, -1.12421, -1.19169, -1.42493
4.14, 0.0319376, -1.19916, -1.09423, -0.779507, -0.844361, -1.07605, -0.867627, -1.00749, -0.962416, -1.2145, -1.36524, -1.19195, -0.860068, -1.49891, -1.52105, -1.89153, -1.91988, -1.49765, -1.7837, -1.25237, -1.47946, -1.58297, -1.79874, -1.34495, -1.98819, -1.69149, -1.43994, -1.56342, -1.32756, -1.33813, -1.23538
4.16, 0.0319376, -1.01794, -0.958885, -1.01085, -1.10796, -0.4279, -0.827174, -0.854273, -1.0751, -0.971718, -1.05547, -1.24546, -1.19255, -1.36692, -1.41703, -1.49751, -1.85144, -1.68655, -1.52921, -1.10208, -1.67442, -1.66913, -1.70073, -1.53823, -1.62308, -2.01057, -1.65696, -1.63576, -1.46116, -1.59011, -1.46698
4.18, 0.0319376, -0.545401, -0.757658, -1.56768, -0.861907, -0.903785, -1.13085, -1.58168, -1.35671, -1.13261, -1.35149, -1.54365, -0.882655, -1.84318, -1.52896, -2.09881, -2.01828, -1.59355, -1.71381, -1.62647, -1.8953, -1.87914, -1.76054, -1.54074, -1.89816, -1.8756, -1.74491, -1.47972, -1.34505, -1.34737, -1.47428
4.2, 0.0319376, -1.00746, -0.797724, -1.44852, -1.72435, -1.31358, -1.1217, -1.3884, -1.11506, -1.53746, -1.44747, -1.88982, -1.43397, -1.35682, -1.43709, -1.85093, -1.52423, -2.10515, -1.75414, -1.31822, -1.8609, -2.02675, -1.80678, -1.91532, -1.94047, -1.88568, -1.34061, -1.58435, -1.23514, -1.4996, -1.59364
4.22, 0.0319376, -0.961334, -0.911894, -0.783731, -1.65553, -2.00935, -1.27006, -1.50521, -1.03768, -1.2566, -1.34958, -1.69936, -2.08853, -1.68565, -1.49296, -1.69799, -1.86081, -2.01133, -1.99302, -2.37941, -2.39783, -2.48306, -2.45254, -1.94775, -1.95368, -2.16869, -1.87744, -1.80223, -1.52356, -1.53163, -1.72105
4.24, 0.0319376, -0.635228, -0.822773, -1.52353, -1.39243, -1.56979, -1.88169, -1.79349, -1.69219, -1.10545, -1.88709, -1.8299, -1.92935, -1.43914, -1.86355, -2.07901, -1.8055, -2.06283, -2.18511, -2.18098, -2.17163, -2.1826, -1.98511, -2.02332, -2.31965, -1.9246, -2.10681, -1.78812, -1.83783, -1.58754, -1.37965
4.26, 0.0319371, -1.61712, -1.85711, -1.4245, -1.68383, -1.4632, -1.47607, -1.57381, -1.29161, -1.77939, -2.04024, -1.33202, -1.72861, -2.24698, -1.66916, -1.72054, -2.34683, -1.92719, -1.9271, -2.4115, -1.65373, -1.88305, -1.97503, -1.76454, -2.05248, -1.8881, -1.93117, -1.90683, -1.70113, -1.85327, -1.65352
4.28, 0.0319371, -1.33147, -1.17985, -1.17229, -1.51688, -0.934296, -1.05125, -1.87333, -1.51819, -1.43117, -2.17563, -2.18717, -2.29382, -1.63122, -2.09313, -2.04495, -2.12235, -2.0357, -2.18129, -1.97678, -2.02878, -2.19653, -2.26933, -1.95749, -2.00227, -1.75824, -2.00541, -2.02014, -1.98442, -1.55013, -1.65879
4.3, 0.0319371, -0.859257, -0.639683, -1.3167, -0.970501, -1.54624, -1.84832, -1.80143, -1.41057, -1.623, -1.39461, -1.78051, -2.44886, -2.43272, -2.14089, -2.70566, -2.3515, -2.00041, -1.58553, -1.80865, -2.29403, -2.04969, -1.88527, -1.91033, -2.23018, -2.32986, -2.08368, -2.08041, -1.63733, -1.72435, -2.0282
4.32, 0.0319371, -1.38155, -1.94322, -1.76079, -1.52101, -1.59353, -1.48066, -2.17631, -2.51451, -1.7272, -1.81191, -2.12088, -2.06907, -2.41428, -2.03201, -1.91735, -2.1175, -2.05803, -1.90749, -1.64819, -1.98127, -2.02397, -1.97771, -2.03639, -2.47853, -2.33131, -2.28974, -1.98633, -1.78679, -2.02969, -2.07828
4.34, 0.0319371, -1.16597, -1.55213, -1.76871, -1.47163, -1.18721, -1.57369, -1.61764, -1.81822, -2.05579, -2.20603, -2.72676, -2.66922, -2.22799, -1.9809, -2.04179, -2.43472, -2.2263, -2.17023, -2.08719, -2.25152, -2.15443, -2.45119, -2.5411, -2.23535, -1.90782, -2.07931, -2.05036, -1.86317, -2.02085, -2.17709
4.36, 0.0319376, -2.15798, -1.85256, -1.43355, -2.03928, -2.27095, -2.11743, -2.05362, -1.92166, -1.94326, -2.30386, -2.26346, -1.65854, -1.62927, -1.69295, -1.7803, -2.14432, -2.36868, -2.15496, -2.06365, -2.21626, -2.41928, -1.99706, -2.15696, -2.15576, -2.03604, -2.04864, -2.05569, -1.98499, -1.9347, -1.69329
4.38, 0.0319376, -1.3055, -1.46301, -1.87368, -1.28552, -1.55256, -2.42231, -2.03915, -1.83055, -2.07709, -2.16339, -2.31668, -2.8599, -2.40612, -2.18109, -2.03182, -2.16662, -1.69155, -2.07558, -2.32965, -2.16121, -2.03952, -1.97947, -2.28844, -2.0327, -1.75805, -1.80146, -1.70139, -1.56672, -1.78761, -1.96961
4.4, 0.0319376, -0.897521, -0.76364, -1.84495, -2.154, -1.171, -1.26821, -2.36775, -2.41899, -2.17213, -1.67445, -1.73078, -2.03958, -2.07138, -1.93127, -2.44518, -2.01495, -1.88047, -1.80828, -2.04349, -2.29118, -2.01333, -2.21837, -2.07954, -2.07441, -1.80967, -1.99431, -1.77702, -1.65355, -1.68412, -1.62662
4.42, 0.0319376, -1.6507, -1.46274, -1.89212, -2.11207, -1.50134, -1.88523, -1.46598, -1.31601, -1.43884, -1.93319, -2.13937, -1.86696, -1.93587, -2.12261, -2.20487, -1.80085, -2.05987, -2.04874, -2.11968, -1.96265, -2.07556, -2.22677, -1.95412, -2.15428, -2.28644, -1.87624, -1.77648, -1.58064, -1.56217, -1.42498
4.44, 0.0319376, -1.14911, -0.736503, -1.48826, -1.53878, -1.56933, -1.71632, -2.50178, -2.26514, -1.70117, -1.78543, -1.67969, -1.71879, -2.09347, -2.18113, -2.12103, -2.09876, -1.77163, -2.01337, -2.27213, -1.78472, -1.28436, -1.73008, -2.33388, -1.99277, -1.45238, -1.49231, -1.57465, -1.39137, -1.33223, -1.31055
4.46, 0.0319376, -2.04147, -1.34289, -1.82321, -1.73238, -1.20974, -1.7707, -1.5408, -1.80378, -1.62089, -1.77657, -1.75602, -1.4441, -1.90319, -1.76563, -1.98708, -1.81446, -1.45036, -1.37175, -1.26994, -1.65787, -1.64296, -1.73935, -1.61091, -1.79648, -1.77812, -1.44515, -1.20445, -1.25089, -1.18113, -1.00733
4.48, 0.0319376, -1.02916, -1.4805, -1.69232, -1.53794, -1.3889, -1.79293, -1.3138, -1.26507, -0.961502, -1.50053, -1.60615, -2.39301, -1.66498, -1.67445, -1.68786, -1.36624, -1.3642, -2.12591, -1.931, -1.77541, -1.75717, -1.35742, -1.2666, -1.46402, -1.52454, -1.55614, -1.562, -1.35437, -0.989109, -1.05284
4.5, 0.0319376, -1.83542, -1.0655, -1.55056, -1.30153, -0.740762, -1.19883, -1.49787, -1.23282, -1.49767, -1.34564, -1.94869, -1.77539, -1.56141, -1.9202, -1.78965, -2.08862, -1.91997, -1.51442, -1.5142, -1.59929, -1.85247, -1.8706, -1.4544, -1.98832, -1.72083, -1.8074, -1.59487, -1.29451, -1.15606, -1.26861
4.52, 0.0319376, -2.18122, -1.45593, -0.844229, -1.20082, -0.80224, -1.43066, -1.1389, -0.685584, -1.54132, -1.00048, -1.6085, -1.82021, -1.66462, -1.57697, -1.43887, -1.14385, -1.78732, -1.3394, -1.34886, -1.41097, -1.37168, -1.55229, -1.56522, -1.50702, -1.5586, -1.31296, -1.15306, -0.891561, -1.24103, -1.13061
4.54, 0.0319376, -2.26829, -1.44833, -0.633243, -1.10583, -1.01266, -1.37171, -1.80723, -1.18882, -1.60068, -1.54107, -1.30739, -1.32452, -1.35173, -1.36406, -1.83483, -1.63454, -1.32075, -1.24103, -1.32917, -1.39413, -1.69597, -1.54175, -1.5133, -1.49875, -1.16954, -1.14034, -1.15268, -0.827109, -1.03607, -1.1436
4.56, 0.0319376, -1.76787, -1.60753, -1.53709, -2.38054, -1.72131, -1.25019, -1.38945, -1.24622, -1.70701, -1.33611, -1.52781, -2.12384, -1.85757, -1.47676, -1.86629, -1.57827, -1.66973, -1.41096, -1.60943, -1.58296, -1.40143, -1.42433, -1.48155, -1.54986, -1.46308, -1.39885, -1.43711, -1.08529, -1.02569, -0.887422
4.58, 0.0319376, -1.93511, -1.59922, -1.61584, -2.15925, -1.1289, -1.34477, -1.36001, -1.41971, -1.58232, -1.81987, -1.26749, -1.37087, -1.67051, -1.60543, -1.52658, -1.03998, -0.878411, -1.3403, -1.71084, -1.87832, -1.92486, -1.90287, -1.8107, -1.45873, -1.36675, -1.66505, -1.80264, -1.28544, -0.966495, -0.956697
4.6, 0.0319376, -0.150122, -0.272859, 0.228207, 0.325455, 0.237361, -0.808061, -1.25621, -0.618071, -0.170448, -0.799994, -0.564339, -0.196282, -0.200176, -0.596573, -0.786124, -1.52775, -1.25842, -0.872933, -0.875948, -0.980884, -1.38578, -1.80871, -1.69328, -1.46621, -1.45145, -1.45091, -1.42217, -1.30902, -1.26846, -1.48831
4.62, 0.0319376, -0.274667, 0.132541, 0.714196, 1.38526, 0.878384, 0.416417, -0.0886086, 0.200974, 0.0901302, 0.202587, 0.397848, 0.356706, 0.233091, 0.00749904, -0.0934513, -0.321992, -0.202624, 0.197376, 0.0106312, -0.0389524, 0.188805, -0.224046, -0.656338, -0.622892, 0.025264, -0.238601, -0.239709, 0.0553796, -0.350612, -0.34925
4.64, 0.0319376, 0.329607, -0.41866, -0.251191, 0.417676, 0.341221, -0.587501, -1.0603, -0.902463, -0.32548, -0.021405, 0.118037, -0.0874225, -0.524248, -0.391507, -1.00039, -0.837395, -0.609268, -0.681423, -0.696402, -0.875929, -1.0739, -1.33795, -0.91267, -0.969106, -1.11436, -0.863453, -0.50027, -0.558963, -0.789263, -0.592577
4.66, 0.0319376, 0.657598, 0.187748, 0.460484, 0.325371, -0.29666, -0.43734, -0.529254, 0.239554, -0.0550832, -0.208166, -0.0705354, -0.150383, -0.0168731, -0.492276, -0.451956, -0.521214, -0.488611, -0.682798, -0.475921, 0.013474, -0.462818, -0.487135, -0.671113, -0.897495, -0.935676, -0.507099, -0.356463, -0.0278589, -0.497362, -0.667585
4.68, 0.0319376, 0.709058, -0.0806699, -0.36046, -0.402713, -0.147185, -0.364862, -0.488304, -0.348755, 0.0673331, -0.342733, -0.261696, -0.0559029, -0.524847, -0.601242, -0.645709, -0.734897, -0.823832, -0.248482, -0.621086, -0.691442, -0.76488, -1.10197, -1.27753, -0.96404, -1.01475, -0.81936, -0.52696, -0.640304, -0.5295, -0.462001
4.7, 0.0319376, 0.216748, 0.364888, -0.000177995, 0.239085, 0.789976, 0.553091, -0.408372, -0.431764, 0.29072, 0.169002, -0.314388, -0.24492, -0.764079, -0.562359, -0.370212, -0.0222772, -0.716864, -1.09034, -0.586364, -0.966611, -0.952099, -1.15053, -0.833045, -0.368887, -0.503002, -0.439454, -0.500219, -0.232325, -0.448385, -0.666719
4.72, 0.0319376, 1.3457, 0.32934, 0.10409, 0.757318, 0.96809, 1.64312, 1.06641, 0.891934, 0.332911, 0.220927, -0.204603, -0.114713, 0.00191172, 0.0613339, -0.0794642, 0.451298, -0.532452, -0.168219, -0.301679, -0.387736, -0.536408, -0.875708, -0.971047, -0.440535, -0.735325, -0.649661, -0.845034, -0.39331, -0.583084, -0.994867
4.74, 0.0319376, -0.11263, 0.240076, 0.0579627, 0.283129, 0.604999, 0.587647, 0.11327, 0.529786, -0.534245, -0.761355, -0.0627979, 0.308088, 0.353373, -0.392566, -0.525382, -0.638779, -1.17043, -0.984776, -1.10882, -1.47055, -1.41315, -1.14768, -1.47727, -1.05209, -0.762624, -1.06196, -0.947672, -1.03152, -1.16142, -0.969149
4.76, 0.0319371, 0.33313, 0.674037, 0.2774, -0.170788, -0.0218764, 0.105054, -0.806548, -0.265544, -0.680117, -1.17919, -0.98005, -0.974775, -1.29026, -1.12019, -1.11104, -1.11135, -1.02783, -1.41043, -1.27365, -1.24188, -1.46438, -1.23694, -1.01942, -1.14903, -1.18398, -1.17829, -1.25216, -1.31584, -1.10689, -1.29756
4.78, 0.0319371, -0.55656, -0.0433586, 0.0864314, 0.0977932, -0.225548, 0.102251, -0.391032, -0.985143, -0.714542, -1.13918, -0.555404, -0.464369, -0.662281, -1.30483, -1.40342, -0.956224, -0.965199, -1.69057, -1.35465, -1.50198, -1.41018, -1.36525, -1.04455, -1.57139, -1.18686, -1.42738, -1.18682, -1.16208, -1.12999, -1.31521
4.8, 0.0319371, 0.214788, 0.120507, -0.491154, -0.84092, -0.50005, -0.565223, -1.20911, -1.21343, -0.691661, -1.283, -1.15231, -1.72403, -1.52848, -1.35463, -1.19185, -1.66984, -1.29847, -1.41412, -1.55087, -1.69979, -1.76862, -1.69867, -1.64632, -1.55946, -1.56445, -1.72197, -1.4058, -1.26515, -1.24803, -1.49617
4.82, 0.0319371, -0.585858, -0.274795, -0.979622, -0.503957, -0.155474, -0.494323, -0.635796, -0.86767, -0.833152, -1.21094, -1.55508, -1.37306, -1.12909, -0.967112, -0.969382, -1.2807, -1.60469, -1.54644, -1.88633, -1.55254, -1.52415, -2.18426, -1.65139, -1.66321, -1.56685, -1.55979, -1.55719, -1.5136, -1.47891, -1.64938
4.84, 0.0319371, -0.44137, -0.637069, -1.20766, -0.744139, -0.101794, -0.19375, -0.488414, 0.198894, 0.191638, -0.883032, -0.355354, 0.30829, -0.281582, -0.0754976, 0.777024, 0.254574, -0.130507, 0.135875, -0.172761, 0.0252157, 0.0608944, -0.515488, -1.10358, -0.656991, -0.641941, -0.460133, -0.330622, -0.460255, 0.00405288, -0.17667
4.86, 0.0319376, -0.879909, -0.543409, -0.730106, -0.674233, -0.481791, -0.45591, -1.21784, -0.588491, -0.37802, -1.30205, -0.5105, -0.0701677, -0.710547, -0.652959, 0.0870612, -0.0390561, -0.469236, -0.418815, -0.099525, -0.42531, -0.180451, -0.744134, -1.46724, -1.50013, -1.46264, -1.33039, -1.25091, -0.971832, -0.936642, -1.00808
4.88, 0.0319376, -1.07213, -1.58982, -1.03926, -1.36083, -1.30682, -0.737604, -0.630669, -0.92503, -0.837149, -0.669362, -1.08926, -1.63938, -1.39842, -0.875117, -1.0458, -1.06164, -1.21977, -1.11877, -1.36746, -1.36074, -1.35871, -1.44968, -1.47686, -1.66156, -1.8957, -1.7248, -1.28337, -1.35449, -1.25811, -1.40955
4.9, 0.0319376, -1.2465, -0.553705, -1.58378, -1.34841, -1.39946, -1.05191, -1.41928, -1.61382, -0.637859, -0.883415, -1.05446, -1.65659, -1.43449, -0.888236, -0.818617, -1.08229, -1.63038, -1.55604, -1.22321, -1.08, -1.42059, -1.86007, -1.64245, -1.89426, -1.64264, -1.75171, -1.73334, -1.66683, -1.80221, -1.60629
4.92, 0.0319376, -1.21846, -0.953012, -2.07287, -1.43737, -1.60931, -1.14757, -1.62964, -1.04672, -1.50146, -1.56937, -1.29589, -1.20832, -1.25704, -0.667741, -1.04889, -1.25629, -1.43061, -1.55388, -1.46113, -1.23495, -1.50001, -1.58571, -1.64411, -1.46117, -1.27961, -1.18189, -0.865541, -0.752805, -0.320162, -0.522046
4.94, 0.0319376, -1.50891, -1.16484, -1.6053, -1.21448, -1.33252, -1.24979, -1.33233, -1.42885, -1.32844, -1.63544, -1.74998, -1.96967, -1.41748, -1.67867, -1.46507, -1.77071, -1.7535, -1.87932, -1.50757, -1.52954, -2.03634, -1.87827, -1.61907, -1.65171, -1.18678, -1.32924, -1.44945, -1.56034, -1.62199, -1.51396
4.96, 0.0319376, -1.44573, -1.59592, -1.62439, -1.72468, -2.05695, -1.64964, -1.49259, -1.33832, -1.09384, -1.04351, -1.33155, -1.17401, -1.46861, -1.38879, -1.69123, -1.75775, -1.99592, -1.73408, -1.4304, -1.85817, -1.47112, -1.31628, -1.60446, -1.70127, -1.94108, -1.82199, -1.09981, -1.35661, -1.33349, -1.31271
