# Time (seconds), Duration (seconds), f0, f1, f2, f3, f4, f5, f6, f7, f8, f9, f10, f11, f12, f13, f14, f15, f16, f17, f18, f19, f20, f21, f22, f23, f24, f25, f26, f27, f28, f29
0, 0.0319375, 2.82498, 2.20447, 2.23272, 1.41178, 1.5486, 1.33543, 1.23734, 1.68264, 1.86703, 1.87997, 2.09914, 2.07487, 2.08589, 2.07591, 1.79477, 1.80914, 1.40437, 1.73354, 1.51391, 1.6609, 2.03178, 2.21441, 2.2488, 2.09701, 1.74061, 2.06705, 1.58272, 1.64507, 1.321, 1.68374
0.02, 0.0319375, 2.94325, 2.20179, 1.77793, 1.00755, 1.21418, 1.32679, 0.900716, 0.90292, 1.44858, 1.41422, 1.25944, 1.00414, 0.783599, 1.06631, 0.723646, 1.07477, 0.897218, 0.937245, 1.19182, 1.41899, 1.56402, 1.81944, 1.90662, 1.732, 1.57431, 1.20614, 1.00929, 1.30753, 0.929385, 1.14405
0.04, 0.0319375, 3.12255, 2.07931, 2.55131, 1.37111, 1.68187, 0.495627, 0.927838, 1.20967, 1.06192, 0.608332, 0.936239, 0.85186, 0.348708, 0.426308, -0.0299514, 0.731912, 0.450815, 0.46494, 0.876287, 1.12301, 0.906293, 0.939875, 1.02969, 0.840026, 1.24453, 1.19958, 0.974612, 1.04321, 0.937091, 0.520169
0.06, 0.0319375, 2.63635, 2.11275, 1.56887, 0.953511, 1.52735, 0.830597, 1.48295, 1.56054, 1.2633, 0.154198, 0.672066, 1.32182, 1.09723, 0.368023, 0.17837, 0.86853, 0.866148, 0.908951, 0.937369, 1.17006, 1.5448, 1.1415, 1.59766, 1.87279, 2.14758, 2.02153, 1.83723, 1.75518, 1.23341, 1.35444
0.08, 0.0319375, 3.18039, 2.56876, 1.9604, 2.04254, 1.0228, 0.761243, 0.754511, 0.977524, 1.43999, 1.81875, 1.02121, 1.08852, 0.966903, 0.56993, 0.0452165, 1.00446, 0.745375, 0.858446, 0.830108, 1.38455, 1.49133, 1.53982, 1.40804, 1.12312, 1.25837, 1.44137, 1.28239, 1.29312, 0.969197, 0.721788
0.1, 0.0319375, 3.00914, 2.60808, 2.5983, 2.2669, 1.84453, 1.1864, 0.934692, 0.794344, 1.29233, 0.540572, 1.10655, 1.77643, 1.98133, 1.80726, 1.52724, 1.53931, 1.84191, 1.87332, 1.30937, 1.23342, 1.14448, 1.17921, 1.55228, 1.63217, 1.99367, 1.822, 1.46135, 1.2697, 1.0751, 0.873036
0.12, 0.0319375, 3.13292, 2.41657, 1.5895, 1.7178, 1.58746, 1.42348, 0.905601, 0.928067, 1.20336, 1.20972, 0.478462, 0.900299, 1.13116, 0.903801, 0.693599, 1.00468, 1.06898, 1.30286, 1.57478, 1.75299, 1.62821, 1.53483, 1.63085, 1.37569, 1.57364, 1.36466, 1.54941, 1.27917, 1.15484, 1.18496
0.14, 0.0319375, 3.21738, 2.56898, 1.87054, 1.6285, 1.25975, 1.20996, 1.26215, 0.653214, 1.07882, 1.60688, 1.5117, 1.20381, 1.34774, 1.73107, 1.38147, 1.31859, 1.63021, 1.16854, 1.71609, 2.18975, 2.48465, 2.7576, 2.91484, 2.60109, 2.62287, 2.21449, 2.70753, 3.0244, 2.77578, 2.59821
0.16, 0.0319375, 2.55972, 2.61264, 2.11661, 1.75317, 1.2403, 0.442887, 1.30441, 1.57391, 1.48359, 1.08255, 0.853744, 1.29683, 1.674, 0.809983, 0.691715, 0.742291, 1.14267, 1.18929, 1.00834, 1.52139, 1.5325, 2.10643, 1.8293, 1.63684, 1.58824, 1.56712, 1.6074, 1.60886, 1.51385, 1.62849
0.18, 0.0319375, 3.52012, 2.32412, 1.90667, 0.598275, 1.0517, 1.07438, 0.522225, 1.22038, 1.32828, 1.28061, 1.21468, 1.09679, 0.937386, 1.20741, 0.468792, 0.868026, 0.521878, 0.823252, 1.01106, 1.29121, 1.38252, 1.65492, 1.48787, 1.35596, 1.3249, 1.31199, 1.32192, 1.27508, 1.08867, 1.14115
0.2, 0.0319375, 2.48013, 2.05254, 1.26328, 1.06259, 1.96058, 1.19543, 0.440698, 1.07029, 1.91697, 1.24397, 1.20095, 1.21051, 0.528262, 0.771617, 0.33173, 0.829822, 0.864528, 0.893977, 1.24911, 1.51585, 1.54818, 1.62721, 1.75072, 1.45395, 1.50295, 1.11347, 1.12899, 1.28577, 1.28679, 0.831979
0.22, 0.0319375, 3.42564, 2.84997, 2.02518, 2.07771, 1.06913, 0.981704, 0.921933, 1.52271, 1.26913, 0.462224, 1.29448, 1.30501, 1.037, 1.39406, 0.93043, 0.70889, 0.830574, 1.17042, 0.975217, 1.10972, 1.10329, 0.902041, 1.29594, 1.65368, 1.72908, 1.56126, 1.18005, 0.995978, 1.1393, 1.20007
0.24, 0.0319375, 2.81062, 2.05625, 2.0911, 1.55319, 1.66545, 0.740568, 1.0871, 1.49609, 1.99399, 2.02594, 1.98726, 2.13035, 1.81279, 1.48213, 1.05547, 0.809017, 1.09822, 1.09748, 1.25949, 1.56019, 1.92292, 1.33611, 2.38601, 2.09884, 2.55628, 2.36961, 1.98324, 2.3094, 1.78589, 1.97557
0.26, 0.0319375, 3.2591, 2.09149, 1.41252, 1.57337, 1.30639, 1.23136, 0.823149, 1.27268, 1.40174, 1.70124, 1.38651, 1.25335, 1.26101, 0.949085, 0.908538, 0.705098, 1.02767, 0.941797, 0.966642, 1.64143, 1.39891, 1.646, 2.06046, 2.34039, 2.42829, 2.00016, 1.84509, 1.79899, 1.4697, 1.24579
0.28, 0.0319375, 1.52692, 1.29125, 0.644154, 1.08919, 1.26988, 1.0127, 1.20866, 2.26984, 2.65505, 2.20528, 1.56547, 1.59955, 2.19547, 1.63288, 1.4876, 1.39042, 1.18311, 1.31713, 1.04177, 1.40578, 1.91953, 1.90936, 2.08523, 2.04552, 1.98607, 1.8543, 1.69299, 1.6237, 1.81493, 2.04297
0.3, 0.0319375, 2.16446, 2.47974, 2.01302, 0.291777, 0.985108, 0.45998, 0.542067, 1.1777, 1.42405, 1.39125, 1.0122, 1.60328, 1.6937, 1.51475, 1.20986, 1.24906, 1.08054, 0.87564, 0.908205, 0.983619, 1.14317, 0.987783, 1.02713, 1.01271, 1.33329, 1.37828, 0.847102, 1.03728, 1.07179, 0.948386
0.32, 0.0319375, 1.75506, 2.68575, 2.306, 0.921634, 1.43568, 1.04235, 0.92154, 1.32677, 0.723382, 0.675218, 0.75384, 0.915828, 0.570693, 0.383638, 0.858288, 1.00914, 0.996142, 0.761535, 1.16121, 1.36934, 1.43323, 1.46182, 1.24966, 1.43603, 1.3625, 1.52606, 1.24624, 1.55318, 1.67821, 1.77274
0.34, 0.0319375, 2.21219, 1.16608, 1.85798, 1.35587, 1.51701, 1.47055, 0.628566, 1.25853, 1.64981, 1.09452, 0.562094, 0.722612, 0.512283, 0.0246905, 0.779816, 0.910255, 0.824974, 1.01844, 0.749062, 1.55862, 1.71466, 1.90055, 1.66764, 1.54234, 1.83969, 1.98852, 1.45797, 1.28301, 1.38496, 1.58695
0.36, 0.0319375, 2.42967, 1.81333, 1.6634, 1.20298, 1.16173, 0.861474, 0.91477, 1.70177, 1.71296, 1.83625, 1.5299, 1.68689, 1.99258, 1.00144, 0.691078, 1.34915, 1.21575, 0.819748, 1.21078, 1.39401, 1.75785, 1.96613, 1.53801, 1.59633, 1.54851, 1.56262, 1.39023, 1.41073, 1.20827, 1.20177
0.38, 0.0319375, 2.73149, 2.1672, 2.10332, 1.3969, 1.92467, 1.53633, 1.30888, 1.07435, 1.69053, 1.35086, 0.952278, 1.07994, 0.975607, 0.64339, 0.670827, 1.05054, 0.935526, 0.93214, 1.27786, 1.41346, 1.37514, 1.63506, 1.47042, 1.49891, 1.56751, 1.59501, 1.12129, 1.28266, 0.901543, 1.24908
0.4, 0.0319375, 2.68025, 2.54749, 1.46654, 1.47037, 1.43107, 0.993921, 1.32076, 1.13982, 1.24232, 0.935738, 1.30646, 1.57268, 1.16089, 0.985663, 0.535144, 0.906677, 0.926076, 1.03904, 0.774176, 1.27872, 1.24493, 1.49583, 1.54064, 1.46342, 1.7857, 1.96959, 1.80564, 2.04935, 2.07057, 2.12941
0.42, 0.0319375, 2.55718, 2.80554, 2.00881, 1.81762, 1.73701, 1.26511, 1.13208, 1.60027, 1.34184, 0.850906, 0.691013, 0.836168, 1.23183, 0.901464, 0.661081, 0.781674, 0.889232, 1.20758, 0.843824, 0.953234, 1.25943, 1.11063, 1.26518, 1.30573, 1.45648, 1.49072, 1.09935, 1.29284, 1.12685, 0.837348
0.44, 0.0319375, 3.61552, 3.07658, 2.02642, 1.64142, 1.48957, 1.57498, 1.00186, 1.13403, 1.51408, 2.07031, 2.02352, 2.32383, 2.02409, 2.11263, 1.56078, 1.00513, 0.86278, 1.00647, 0.818778, 1.45595, 2.05407, 2.11492, 2.33428, 2.36508, 2.35819, 1.93586, 1.18044, 0.85895, 0.651336, 1.02366
0.46, 0.0319375, 2.68355, 2.46243, 1.79516, 1.09706, 1.38676, 1.30977, 0.679044, 0.938511, 1.61998, 1.18032, 0.901123, 1.07796, 1.46517, 1.12538, 0.801757, 0.500087, 0.456795, 0.988662, 1.07377, 1.04642, 1.46864, 1.47215, 1.72589, 1.58952, 2.05005, 1.76785, 1.39769, 1.28827, 1.79716, 1.59474
0.48, 0.0319375, 3.10477, 2.59308, 2.69845, 2.05561, 1.49261, 1.3031, 1.3088, 1.53618, 1.76374, 1.81518, 1.22431, 1.26355, 1.32415, 1.30028, 1.1702, 0.968867, 1.35415, 1.04363, 1.10458, 1.29587, 0.831161, 1.18004, 1.94619, 2.05436, 1.6559, 1.81384, 1.48754, 1.40593, 1.32702, 1.11458
0.5, 0.0319375, 2.01198, 2.28775, 1.83498, 2.00838, 1.12162, 1.24246, 1.19972, 1.35923, 2.10483, 1.66879, 2.05726, 1.74821, 1.39824, 1.44423, 0.972491, 1.02195, 1.02521, 0.831495, 1.09986, 1.89836, 1.83956, 1.99747, 1.73832, 1.77956, 2.0461, 1.80354, 1.8198, 1.5881, 1.65381, 1.39479
0.52, 0.0319375, 3.03742, 2.09088, 1.70103, 1.37718, 1.5978, 0.944439, 1.50746, 1.83764, 1.62093, 1.30993, 1.41962, 1.09497, 0.751695, 0.478722, 1.12599, 1.05603, 1.49829, 1.63949, 0.921145, 1.51889, 1.80863, 1.52898, 2.00368, 1.96165, 1.92622, 1.92396, 1.84335, 1.94573, 1.85754, 2.0046
0.54, 0.0319375, 2.89738, 2.37969, 2.08563, 1.61024, 1.80593, 1.26282, 1.5152, 1.54458, 1.21538, 0.952052, 1.13743, 1.7083, 1.43745, 1.43122, 1.1509, 1.19827, 1.42969, 1.35491, 1.35829, 1.86318, 2.31749, 2.6966, 2.61101, 2.23764, 1.89424, 1.91401, 1.57746, 2.06668, 2.08847, 1.8102
0.56, 0.0319375, 3.07296, 2.68861, 1.83356, 1.71472, 1.28514, 1.39933, 1.23144, 1.05132, 1.34079, 1.49097, 1.08483, 0.878644, 1.09515, 1.50452, 0.580163, 1.54045, 1.35841, 1.29794, 0.62696, 1.3102, 1.4882, 1.59149, 1.75234, 1.70688, 1.65994, 1.67005, 1.69302, 1.75843, 1.56097, 1.79112
0.58, 0.0319375, 2.85887, 2.3335, 2.00479, 0.853171, 1.11116, 1.4092, 1.16322, 1.3752, 1.968, 1.43062, 1.32942, 1.44379, 1.26808, 1.44114, 1.1049, 0.552507, 0.989955, 1.07354, 0.894502, 1.35143, 1.68638, 1.28674, 1.53124, 1.62603, 1.6333, 1.95265, 2.1757, 2.29762, 1.98259, 1.80868
0.6, 0.0319375, 1.7747, 1.24559, 2.31637, 2.23267, 1.35895, 1.11334, 1.26229, 1.44626, 1.71643, 1.7194, 1.7021, 1.76322, 1.92051, 2.11592, 1.6293, 1.34206, 1.57399, 1.37418, 1.26359, 1.54077, 1.83638, 1.86732, 2.00439, 1.9115, 2.03206, 1.7371, 1.50681, 1.48866, 1.48457, 1.66248
0.62, 0.0319375, 2.63537, 1.86311, 1.9831, 1.15591, 0.873403, 0.916925, 1.14605, 1.60418, 1.77503, 1.46344, 1.05781, 1.5559, 1.69301, 1.61202, 1.32776, 1.38856, 1.02957, 0.848261, 1.28281, 1.09867, 1.68101, 1.60091, 1.81568, 2.11711, 2.1114, 1.7549, 1.3208, 1.25984, 1.7059, 1.46448
0.64, 0.0319375, 2.20819, 1.64372, 1.87883, 0.420604, 1.31768, 1.11447, 0.0105701, 0.76457, 1.43071, 0.928235, 1.62929, 1.20168, 1.61524, 1.2787, 1.20832, 0.610753, 0.782865, 0.980948, 1.41543, 1.27301, 1.7441, 1.94843, 1.9979, 1.77264, 1.8107, 1.72322, 1.47483, 1.16739, 1.71035, 1.6611
0.66, 0.0319375, 2.25534, 1.85663, 1.82037, 1.46316, 2.0496, 1.06337, 1.71672, 1.7656, 2.10352, 1.84457, 1.7194, 1.35366, 1.53145, 1.45979, 1.28905, 1.27328, 1.57886, 0.835261, 1.19652, 1.87394, 1.78889, 1.81951, 1.70927, 1.17441, 2.01344, 1.63072, 1.81434, 1.85317, 1.85805, 1.57157
0.68, 0.0319375, 2.84164, 2.96487, 2.69413, 1.52442, 1.1927, 0.654664, 0.77102, 0.947361, 1.10856, 1.19614, 0.862649, 1.56584, 1.16763, 1.03823, 0.78282, 1.09321, 0.564951, 0.984092, 0.926215, 1.13792, 1.25332, 1.7017, 1.52705, 1.66999, 1.63905, 1.52296, 0.940253, 1.04359, 1.1701, 1.13545
0.7, 0.0319375, 1.59909, 1.67082, 1.01215, 0.966313, 0.977436, 0.953163, 0.897262, 0.970419, 1.66884, 1.23611, 1.12626, 1.10126, 1.35586, 1.36297, 1.34866, 0.772873, 0.673786, 0.987225, 1.28653, 1.25918, 1.42295, 1.61599, 2.13346, 2.10588, 1.88874, 1.63452, 1.50872, 1.80157, 1.99983, 2.18276
0.72, 0.0319375, 2.238, 2.14598, 1.63402, 2.05273, 1.36703, 0.410549, 1.19508, 1.43965, 0.870202, 1.02805, 0.444614, 0.852344, 1.04956, 0.985806, 1.02566, 0.677482, 0.344765, 0.753797, 0.645098, 1.3609, 1.4832, 1.9934, 1.95985, 1.7956, 1.80272, 1.49435, 1.51757, 1.82017, 1.93975, 1.80134
0.74, 0.0319375, 3.1547, 3.14662, 2.20753, 0.643581, 0.923029, 0.582193, 0.609062, 0.520736, 0.741704, 1.2405, 1.20767, 1.27393, 0.784174, 0.871683, 0.493834, 0.50317, 0.791039, 0.903386, 1.08233, 1.30508, 1.06022, 1.19048, 1.13164, 1.16325, 1.25999, 0.994041, 1.19027, 0.77802, 0.794456, 0.962436
0.76, 0.0319375, 2.21726, 2.31357, 2.16975, 1.32095, 1.16522, 0.991535, 0.627798, 1.39788, 1.4838, 1.37039, 1.05987, 0.712832, 1.35607, 1.14054, 1.02293, 0.724985, 0.731023, 0.82155, 0.83639, 1.30267, 1.21958, 1.66631, 1.41046, 1.62917, 1.56948, 1.29671, 0.900453, 1.07826, 1.08033, 0.84243
0.78, 0.0319375, 2.55775, 2.21237, 1.62812, 1.02203, 0.735279, 0.832145, 0.964592, 1.63634, 1.29121, 1.45343, 0.988734, 1.29306, 1.18063, 0.911648, 0.902072, 0.812881, 0.838013, 0.927678, 0.719635, 1.50819, 1.3407, 1.25426, 1.39242, 1.62695, 1.83098, 1.59839, 1.19135, 1.06502, 1.24862, 1.08785
0.8, 0.0319375, 2.98406, 2.54756, 1.86777, 0.947072, 1.01191, 1.45542, 0.857909, 1.53794, 1.5273, 1.38625, 1.0564, 1.03486, 0.984517, 0.838177, 0.363797, 0.449011, 0.632812, 1.00284, 0.961649, 0.948574, 0.942824, 1.35306, 1.52009, 1.40434, 1.55093, 1.45248, 1.30968, 1.25085, 1.35285, 1.23032
0.82, 0.0319375, 2.56161, 1.68522, 1.26779, 0.960478, 0.813047, 0.704197, 0.936775, 1.08497, 1.35061, 1.45754, 1.34761, 0.933965, 1.06966, 0.969407, 0.784935, 0.667965, 0.509464, 0.81374, 0.892038, 0.734665, 0.906473, 0.941223, 1.02073, 1.09041, 1.25531, 1.57266, 1.19899, 1.49844, 1.13912, 1.13278
0.84, 0.0319375, 2.25664, 2.47621, 2.57938, 1.60645, 1.77567, 1.08461, 0.714396, 0.994604, 1.16591, 1.19771, 1.54202, 1.47996, 1.05696, 1.05567, 1.23559, 1.44546, 1.47294, 1.53206, 1.62036, 1.75212, 1.83877, 1.81751, 1.35243, 1.37011, 2.17653, 2.06352, 1.3265, 1.71279, 1.74613, 1.40156
0.86, 0.0319375, 2.80149, 1.94599, 2.33742, 1.68789, 0.985089, 0.701714, 0.946018, 1.17386, 0.977834, 0.695809, 0.76888, 0.965654, 1.31161, 0.738884, 0.285396, 0.49051, 0.682285, 0.995374, 0.918785, 0.976579, 1.33846, 1.62926, 1.61652, 1.47339, 1.53016, 1.48143, 0.846619, 1.03123, 1.14995, 1.51211
0.88, 0.0319375, 2.96018, 2.83197, 2.05504, 1.70069, 1.71865, 1.43758, 0.171795, 0.850365, 1.23079, 1.2352, 0.178291, 0.626192, 0.851278, 0.0145953, 0.524837, 0.619406, 0.258238, 0.9751, 0.759131, 0.915561, 1.25165, 1.18983, 1.48775, 1.29302, 1.60286, 2.05217, 2.36069, 2.24431, 2.34382, 2.34185
0.9, 0.0319375, 3.1056, 2.62502, 1.65127, 1.75749, 1.83244, 1.00308, 1.25426, 1.26115, 1.48335, 1.20698, 1.29678, 1.34058, 1.02438, 1.03073, 0.737369, 0.694171, 1.37624, 0.862548, 1.23998, 1.47629, 1.28279, 1.43948, 1.77663, 1.77845, 1.95743, 1.6984, 2.05213, 2.06005, 2.07755, 2.0299
0.92, 0.0319375, 2.4163, 2.35693, 1.64141, 1.4453, 1.629, 0.856302, 1.10678, 1.83705, 1.68347, 1.78768, 1.60195, 1.30372, 1.4839, 1.25853, 1.25932, 1.32545, 1.36423, 1.06986, 1.05452, 1.64698, 1.54957, 1.55176, 1.47635, 1.9154, 1.75392, 1.73879, 1.25244, 1.43848, 1.28503, 1.22572
0.94, 0.0319375, 2.85082, 2.6474, 1.22074, 1.67809, 1.42286, 0.922413, 0.482996, 1.27708, 1.52383, 1.94795, 1.49316, 1.44079, 1.30651, 1.35766, 1.22157, 1.0933, 0.986084, 1.06991, 1.26369, 1.38252, 1.41915, 1.13281, 1.19531, 1.19484, 1.19952, 1.20602, 1.20959, 1.41256, 1.02786, 0.829206
0.96, 0.0319375, 2.72865, 2.27952, 1.56781, 1.48986, 1.78948, 1.60354, 0.805786, 0.865068, 1.49465, 1.04811, 1.54373, 1.52687, 1.46196, 1.25882, 0.962125, 0.695429, 0.974109, 0.682359, 0.827618, 1.03855, 1.36285, 1.43354, 1.54291, 1.44321, 1.51111, 1.52852, 1.46441, 1.85389, 2.66383, 2.82613
0.98, 0.0319375, 2.86149, 2.67672, 1.75418, 1.0924, 1.22599, 0.879031, 0.409604, 0.584492, 1.30599, 1.03205, 1.31942, 1.68817, 1.35757, 0.848565, 1.09777, 0.906603, 0.102443, 0.404514, 0.666929, 1.15992, 1.13716, 1.28472, 1.46258, 1.29013, 1.73348, 1.66204, 1.42337, 1.62651, 1.51093, 1.33028
1, 0.0319375, 2.91046, 2.48103, 1.8974, 1.69205, 1.43575, 1.00725, 0.748449, 0.91468, 1.49122, 1.66203, 1.57161, 1.31413, 1.13186, 1.36687, 1.22031, 1.30771, 1.0415, 0.817921, 1.09737, 1.20276, 1.63902, 1.91251, 2.23549, 2.01904, 2.01512, 2.27433, 1.85168, 2.15053, 2.27676, 2.20504
1.02, 0.0319375, 2.38675, 1.31282, 2.23948, 1.35006, 0.454801, 0.544067, 0.616215, 1.2608, 1.00233, 0.577967, 1.37463, 1.59496, 1.312, 1.23803, 0.801552, 1.17473, 1.19669, 1.095, 1.53028, 1.80469, 1.52128, 1.11474, 1.64229, 1.50916, 1.80282, 1.63356, 1.88644, 2.57787, 2.4344, 2.15698
1.04, 0.0319375, 2.58527, 1.94043, 2.08207, 0.76481, 1.24977, 0.926683, 1.1592, 1.13185, 1.68276, 1.33338, 1.48214, 1.69409, 1.78056, 1.3778, 0.980703, 0.77242, 0.795537, 1.1759, 1.18201, 1.65149, 1.62852, 2.12188, 1.86047, 1.94766, 2.22844, 2.24651, 1.96195, 1.78763, 1.44279, 1.66918
1.06, 0.0319376, 2.83555, 1.83498, 1.30027, 0.756668, 0.99851, 0.788312, 1.54069, 1.63288, 1.90285, 1.42578, 1.89823, 1.80904, 1.56061, 1.59848, 1.25712, 1.176, 1.26087, 1.63185, 1.34536, 1.94001, 2.07681, 2.23924, 2.23483, 1.9347, 2.15432, 1.84761, 1.58452, 1.55897, 1.62126, 1.63986
1.08, 0.0319375, 2.6982, 2.18278, 1.65778, 1.1913, 0.806503, 0.765445, 0.5727, 1.2642, 1.39305, 1.39735, 1.29664, 1.45336, 1.16366, 0.750159, 1.13807, 0.589374, 0.898711, 0.899026, 1.13506, 1.36389, 0.921233, 1.16904, 1.66567, 1.83115, 1.7403, 1.95296, 1.91354, 2.05741, 1.95633, 2.36177
1.1, 0.0319375, 2.89147, 2.25471, 1.8757, 2.0704, 1.4261, 1.2322, 0.278075, 0.825464, 1.45647, 1.32662, 0.695148, 0.809845, 0.786226, 1.01868, 1.04226, 1.17418, 1.18002, 2.03117, 2.00364, 2.1714, 2.11606, 2.06729, 2.5652, 2.81268, 2.76381, 2.71477, 2.37238, 1.95059, 2.03782, 2.08979
1.12, 0.0319375, 2.39413, 2.16598, 2.01897, 1.16992, 1.11536, 1.11941, 0.911551, 1.05113, 1.45258, 1.68003, 0.986963, 1.35959, 1.01407, 0.67818, 0.488842, 0.834277, 1.2226, 1.29887, 1.08352, 1.48781, 1.17981, 1.16567, 1.42447, 1.36687, 1.60853, 1.93791, 1.61532, 1.76219, 1.589, 1.36819
1.14, 0.0319375, 2.90395, 2.25733, 2.32769, 1.93214, 1.68736, 1.67326, 1.27649, 0.459374, 0.764404, 1.28688, 2.091, 2.37169, 1.30064, 1.21473, 1.42755, 1.29146, 0.619808, 1.37762, 1.36654, 1.6215, 1.89226, 2.22563, 2.33395, 2.22957, 2.24456, 2.35667, 1.53994, 1.14422, 1.0765, 0.921498
1.16, 0.0319375, 2.266, 2.07767, 1.99369, 1.427, 1.68915, 0.709007, 0.975083, 1.38282, 1.90819, 1.53022, 1.17848, 1.31512, 1.73532, 1.49915, 1.35202, 1.04958, 0.642557, 0.854832, 0.739557, 1.03518, 1.24797, 1.54132, 1.93472, 1.25769, 1.72779, 1.56039, 1.52292, 1.42338, 1.47252, 1.54265
1.18, 0.0319376, 2.36996, 2.55684, 1.98719, 1.27984, 1.12492, 0.568271, 0.69757, 0.815939, 0.934546, 1.481, 1.57835, 1.65879, 1.17941, 0.508191, 1.01748, 1.42176, 1.37089, 1.74134, 1.46916, 1.34905, 1.24422, 1.79628, 2.03205, 1.93016, 2.07564, 2.31816, 2.65582, 2.75044, 2.85094, 2.85701
1.2, 0.0319375, 2.74631, 1.99792, 1.93099, 1.19914, 1.45061, 0.883232, 0.940294, 0.410043, 1.1359, 1.58197, 1.16404, 0.658364, 0.791004, 0.901899, 1.21389, 1.10389, 0.951811, 0.893737, 1.38284, 1.31788, 1.41227, 1.74139, 1.73335, 1.27466, 2.09413, 2.01119, 1.62647, 1.37853, 1.46541, 0.957524
1.22, 0.0319375, 3.19528, 2.81207, 2.16993, 1.54474, 1.14051, 1.05514, 1.0671, 1.23981, 0.922899, 0.866578, 0.88891, 0.890059, 0.634448, 0.75698, 0.773979, -0.165243, 0.283867, 0.488952, 0.796929, 0.991143, 0.735128, 0.668875, 0.907852, 1.08448, 0.819921, 0.846349, 0.803617, 0.492404, 0.443678, 0.905249
1.24, 0.0319375, 2.47365, 2.09266, 1.97161, 2.25168, 1.69992, 1.50031, 1.32687, 0.838086, 0.97762, 1.3449, 1.00937, 1.17264, 1.05235, 1.21884, 0.851799, 0.544982, 0.448883, 0.693288, 0.919048, 1.13398, 1.47692, 1.31423, 1.31635, 0.947912, 1.09469, 1.2762, 0.889838, 1.19955, 1.32725, 1.49657
1.26, 0.0319375, 2.76925, 2.70231, 2.21876, 1.93704, 0.865714, 0.438082, 0.976973, 1.18228, 0.977203, 0.708989, 0.972515, 1.45941, 1.42893, 0.981207, 0.805443, 0.712415, 0.647333, 1.25254, 0.922219, 0.846459, 1.19155, 1.35198, 1.46902, 1.33858, 1.45418, 1.49356, 0.887116, 0.890005, 0.800562, 1.00112
1.28, 0.0319375, 1.98215, 1.85468, 1.77674, 1.66468, 1.44638, 1.3392, 0.443236, 0.663255, 0.619321, 0.495787, 1.22707, 1.38594, 0.930142, 1.04375, 0.909554, 0.723851, 0.547473, 0.6017, 0.954633, 1.13536, 0.881698, 0.917703, 1.11641, 1.30624, 1.46537, 1.25609, 0.595036, 0.936601, 0.573258, 0.927292
1.3, 0.0319376, 2.5869, 1.68591, 1.7917, 1.85164, 1.14277, 1.03768, 1.17709, 0.697909, 1.34089, 1.36443, 1.30062, 1.17738, 1.34095, 1.17764, 0.529276, 0.383895, 0.526753, 1.34213, 0.778216, 0.854467, 0.837133, 0.865237, 1.00327, 1.07645, 1.04444, 0.867732, 0.782731, 0.437255, 0.425669, 0.346913
1.32, 0.0319375, 2.36907, 2.12624, 1.78968, 1.69077, 1.25091, 0.847092, 1.10668, 1.14909, 1.14302, 1.42234, 1.47941, 1.1694, 0.718124, 0.846637, 0.485227, 0.46078, 0.547906, 1.02613, 0.596476, 0.839671, 1.61584, 1.55002, 1.4535, 1.40426, 1.6423, 1.42273, 0.965595, 1.11677, 0.711903, 0.703091
1.34, 0.0319375, 3.37598, 2.74846, 2.62267, 1.54686, 1.06962, 1.09494, 0.678135, 1.15719, 1.54295, 1.40173, 1.41394, 1.74794, 1.24911, 1.07344, 0.58952, 0.881117, 1.03432, 0.930798, 1.03838, 0.972817, 1.27351, 1.24014, 0.867003, 1.26196, 1.40884, 1.13355, 0.583123, 1.05555, 0.935734, 0.861901
1.36, 0.0319375, 2.78412, 2.38524, 2.46599, 2.19599, 2.11022, 1.43815, 0.954247, 0.684772, 1.03062, 0.671831, 0.838217, 0.597226, 0.789539, 1.11385, 0.908842, 1.25129, 1.12009, 0.778578, 0.955656, 1.58893, 1.3668, 1.84611, 1.56554, 1.50079, 1.3983, 1.50906, 1.54779, 1.61678, 1.44845, 2.07357
1.38, 0.0319375, 2.61083, 1.62698, 1.66027, 1.38969, 1.54484, 0.841701, 1.14273, 0.616084, 1.39523, 0.859757, 0.621641, 0.819231, 1.28787, 1.41042, 1.00153, 0.958481, 1.20458, 0.753466, 0.943273, 0.830932, 1.35357, 1.83451, 1.88081, 2.07432, 2.21883, 1.63369, 1.55504, 1.41958, 1.09271, 1.16368
1.4, 0.0319375, 3.13806, 2.04185, 2.08978, 2.26358, 1.86451, 1.49738, 0.984098, 0.867037, 1.36012, 1.34691, 1.24723, 1.14368, 1.26081, 0.829602, 0.514929, 0.785426, 0.348799, 0.815288, 0.383353, 1.16776, 0.926693, 1.22378, 1.56051, 1.27439, 1.07396, 1.11271, 0.844184, 1.34008, 0.951893, 0.971842
1.42, 0.0319376, 3.18243, 2.33421, 1.93375, 1.78426, 1.07498, 0.648464, 0.528371, 1.58234, 1.2454, 1.26224, 0.977214, 1.1473, 0.679366, 0.788407, 0.506159, 0.900078, 0.62385, 0.537535, 0.946724, 1.17771, 0.96713, 1.26577, 1.15199, 0.826319, 1.13185, 1.23048, 0.984695, 0.607747, 0.549707, 0.793254
1.44, 0.0319375, 2.84398, 2.16468, 1.40158, 1.168, 1.58389, 0.886167, 0.771505, 1.2555, 0.526811, 0.82885, 0.616326, 0.921931, 0.98114, 0.678727, 0.599105, 0.427678, 0.913528, 1.0398, 1.24732, 1.29644, 0.834878, 1.09407, 1.15617, 1.0183, 1.48004, 1.07855, 0.939187, 1.06981, 0.799473, 0.82996
1.46, 0.0319375, 2.62092, 2.05405, 0.904818, 1.66958, 1.29222, 0.394848, 0.614887, 0.87925, 1.10478, 1.42066, 0.866358, 1.17943, 0.541752, 0.551261, 0.377947, -0.0022283, 0.692495, 0.613532, 0.852806, 0.560976, 0.752014, 0.899134, 0.913305, 0.53285, 1.30876, 1.19115, 0.585491, 0.704414, 0.557093, 0.576775
1.48, 0.0319375, 2.16153, 2.17831, 1.72461, 2.04174, 1.45987, 0.756377, 0.788687, 0.963069, 1.08785, 1.26077, 0.461497, 0.671074, 0.935327, 1.03934, 0.788722, 0.802017, 0.112387, 0.921722, 0.913315, 0.927098, 1.11887, 1.05686, 1.36537, 1.10604, 1.33586, 0.982614, 0.794821, 1.12844, 0.872896, 0.624848
1.5, 0.0319375, 3.03629, 1.61632, 1.38188, 1.81481, 1.85917, 0.717343, 0.820896, 1.34373, 1.23791, 1.18466, 1.05624, 0.807178, 1.16198, 0.845784, 1.07835, 0.8153, 0.931585, 0.760724, 0.336447, 1.21011, 0.899679, 1.05257, 1.02665, 1.00761, 0.929186, 0.997632, 0.759041, 0.999463, 0.780734, 0.820064
1.52, 0.0319375, 2.66605, 2.60386, 2.13463, 1.9335, 1.38143, 0.384914, 0.951269, 0.934635, 1.03655, 1.06612, 1.19319, 0.968877, 1.20038, 0.764939, 1.03339, 1.11286, 0.981733, 0.540558, 0.558274, 0.911019, 1.19353, 1.19031, 1.25222, 1.44021, 1.61542, 1.94457, 1.07645, 0.928661, 0.959775, 0.772033
1.54, 0.0319375, 1.90724, 2.51224, 2.34204, 1.68352, 1.57702, 1.15098, 0.768315, 0.855467, 0.450119, 0.592458, 0.408264, 0.690137, 1.06352, 0.63227, 0.494144, 0.484677, 0.629724, 0.750699, 0.699743, 0.821006, 0.5937, 0.117192, 0.967837, 0.948773, 1.19737, 1.29218, 0.796538, 0.745411, 0.499291, 0.526709
1.56, 0.0319376, 2.48252, 2.42857, 1.52193, 0.965927, 0.437815, 0.745765, 0.392262, 1.01736, 0.0596956, 0.34266, 0.300848, 0.465873, 0.486237, 1.01169, 0.631548, 0.230935, 0.442256, 0.870736, 0.377121, 0.407292, 0.245444, 0.402752, 0.44733, 0.816436, 0.814072, 0.823839, 0.196274, 0.28019, 0.234269, 0.273645
1.58, 0.0319375, 2.36838, 2.30365, 1.9352, 1.77843, 1.80059, 1.38429, 0.732905, 0.812423, 0.996817, 1.11564, 0.735329, 0.901615, 0.724157, 0.818964, 0.461135, 0.434842, 0.518376, 0.743784, 0.701366, 1.30066, 0.781472, 0.751965, 0.623989, 0.933424, 1.1004, 1.15343, 0.774812, 1.06701, 1.11294, 0.966305
1.6, 0.0319375, 2.66769, 2.37007, 1.65809, 1.40471, 1.47931, 1.21493, 0.854423, 1.07439, 0.32136, 0.989332, 1.23887, 1.22017, 1.22912, 0.839683, 0.978844, 0.438726, 0.57766, 0.687346, 0.346904, 0.52053, 1.0388, 1.18569, 1.48181, 1.32974, 1.46532, 1.6302, 1.66212, 1.80583, 1.923, 2.30068
1.62, 0.0319375, 2.84388, 1.79406, 1.49124, 0.859821, 1.18094, 1.04783, 0.131611, 1.05993, 0.997743, 1.16103, 0.207007, 1.17855, 0.614627, 1.0398, 0.530292, 0.409155, 0.858799, 1.07836, 1.31261, 0.976693, 1.19745, 1.37225, 1.37214, 1.44749, 1.55737, 1.47006, 1.03268, 1.39221, 1.12809, 1.14618
1.64, 0.0319375, 2.53075, 2.11665, 2.41924, 1.28919, 1.62093, 1.15046, 0.603527, 0.604709, 1.08724, 1.21775, 1.1898, 1.46518, 1.63563, 1.60469, 1.32114, 1.40466, 1.38638, 1.41379, 1.24423, 1.45487, 1.37759, 1.49031, 1.81397, 1.62804, 1.74195, 1.55804, 1.89641, 1.72604, 1.82822, 1.65519
1.66, 0.0319375, 3.07502, 2.26198, 1.96824, 1.7352, 1.08618, 1.07195, 1.34234, 1.77659, 1.88966, 1.63034, 1.76484, 1.63892, 1.18233, 1.189, 1.11688, 1.11204, 1.01942, 1.10931, 1.18952, 0.933971, 1.9165, 1.87683, 1.99789, 1.84806, 1.86083, 2.04831, 1.87928, 1.64791, 1.50591, 1.54338
1.68, 0.0319376, 2.40894, 2.06612, 1.7298, 1.58977, 0.777861, 0.434567, 0.534381, 1.11465, 1.11805, 1.09622, 1.10614, 1.56582, 1.80994, 1.02523, 0.830073, 0.662381, 0.540089, 0.563264, 0.508774, 0.711248, 1.18195, 1.33712, 1.39964, 1.23544, 1.27911, 1.27781, 1.01604, 0.805522, 0.944224, 0.877404
1.7, 0.0319375, 3.16163, 2.33795, 2.02317, 1.04883, 0.681511, 0.712255, 0.962825, 1.44951, 1.57732, 1.46541, 2.16605, 2.11076, 1.64025, 1.42093, 0.988778, 0.636449, 0.724529, 0.967394, 1.58263, 2.10939, 2.24992, 2.28449, 2.25136, 1.59174, 1.88893, 2.15497, 1.88208, 1.89446, 1.78309, 1.84307
1.72, 0.0319375, 2.3431, 2.58144, 1.93217, 1.56191, 0.264019, 0.340705, 0.833123, 0.943636, 1.0573, 1.23326, 0.92687, 1.64247, 1.79342, 1.38177, 0.815573, 0.822561, 0.816496, 0.986581, 1.43526, 1.61091, 1.65253, 1.70165, 1.86735, 1.5647, 1.82046, 1.97125, 1.79686, 1.49017, 1.53396, 1.35613
1.74, 0.0319375, 2.65224, 2.46142, 1.76223, 1.29296, 1.63603, 0.849705, 1.2307, 1.27352, 1.16463, 1.25147, 1.7351, 1.96995, 1.64135, 1.35421, 0.792306, 1.22629, 1.13163, 1.44013, 1.25926, 1.62044, 0.99305, 1.40562, 1.82448, 1.97615, 1.98551, 1.81622, 1.36567, 1.6857, 1.58931, 1.85065
1.76, 0.0319375, 2.70987, 2.12188, 1.47953, 1.10152, 1.01289, 0.803266, 1.2338, 0.914138, 1.71273, 1.81293, 1.2111, 1.18926, 1.2033, 1.2922, 1.13479, 1.00557, 1.08228, 0.750742, 1.29022, 1.53507, 1.72995, 1.53841, 1.70923, 1.67361, 1.71583, 1.45207, 1.42078, 1.33759, 1.60746, 1.13449
1.78, 0.0319375, 3.07628, 2.26722, 1.98488, 1.0377, 1.15973, 1.13535, 1.16913, 1.65148, 1.91468, 1.24216, 1.52827, 1.72117, 1.97859, 1.21181, 0.595864, 0.614439, 0.702049, 1.15443, 1.08009, 1.6504, 1.31924, 1.8049, 1.627, 1.66842, 2.23195, 2.05016, 1.28507, 1.15848, 1.4735, 1.3431
1.8, 0.0319376, 2.8823, 2.27606, 1.14678, 1.38803, 0.520861, 1.2372, 1.68725, 1.25065, 1.19834, 0.720626, 0.567965, 0.868015, 1.30075, 1.01131, 0.984348, 0.848548, 1.14434, 1.03004, 0.8687, 0.884926, 0.937609, 1.14138, 1.45985, 1.28079, 1.42464, 1.39911, 1.22143, 1.11701, 0.981697, 0.933215
1.82, 0.0319375, 2.93559, 2.72326, 1.99258, 1.78542, 1.72238, 1.38866, 0.643754, 0.675654, 0.828182, 1.24543, 0.947154, 0.707878, 0.264273, 0.560527, 0.767925, 0.754573, 0.505823, 0.621804, 0.923283, 1.24089, 1.05382, 1.09908, 1.19078, 1.13785, 1.59362, 1.62669, 0.876287, 0.40635, 0.355398, 0.616936
1.84, 0.0319375, 2.58013, 1.96996, 1.46031, 0.712066, 1.67255, 1.42198, 0.924991, 0.595771, 1.17846, 1.46786, 1.27512, 1.02601, 1.29965, 0.792487, 0.317611, 0.966663, 0.962475, 0.947024, 0.77215, 1.19379, 1.36385, 1.32071, 1.19148, 0.826784, 1.23534, 1.40695, 1.09309, 0.972238, 0.972311, 1.02764
1.86, 0.0319375, 3.22009, 2.32905, 2.04545, 1.38649, 1.43235, 0.733348, 0.94537, 1.34739, 1.36709, 0.994681, 1.2047, 1.39788, 1.37394, 1.22687, 0.964811, 1.25924, 1.05711, 0.706562, 0.851596, 1.02529, 0.876265, 1.05673, 1.50226, 1.38845, 1.36476, 0.860062, 1.0239, 0.809442, 1.1157, 1.03661
1.88, 0.0319375, 3.0137, 2.63044, 2.34996, 1.12318, 0.925531, 1.0749, 1.24297, 2.18104, 2.00871, 1.83727, 2.04208, 1.53689, 1.7518, 1.89685, 2.14686, 1.8584, 1.93925, 1.44193, 2.1633, 2.64644, 2.5843, 2.11063, 2.18114, 2.23912, 2.23861, 2.33674, 2.28105, 2.16657, 2.34479, 2.32258
1.9, 0.0319375, 2.33974, 1.95571, 2.06969, 1.87083, 1.28281, 1.17318, 1.09727, 2.0204, 2.41473, 1.8475, 1.6153, 1.8023, 1.41152, 1.0687, 1.41534, 1.50009, 1.0868, 1.02967, 1.40818, 1.79687, 2.1919, 2.14873, 2.03124, 1.7803, 2.37944, 2.7287, 2.79964, 2.32036, 2.25461, 2.40115
1.92, 0.0319376, 1.81405, 1.95665, 1.53879, 1.45744, 1.01175, 0.517919, 0.342975, 0.506935, 0.70392, 0.252481, 0.414272, 0.31275, 0.290274, 0.523922, 0.405144, 0.574955, 0.155905, 0.490593, 1.02972, 1.07698, 1.1386, 1.08844, 1.40177, 1.11997, 1.39877, 1.27056, 1.09179, 1.15299, 1.21501, 1.26203
1.94, 0.0319375, 3.01861, 1.62037, 1.40751, 1.54026, 1.23985, 1.14662, 1.12781, 0.988217, 1.26578, 0.9008, 0.769843, 1.11344, 1.52029, 1.3046, 0.658879, 1.03236, 0.817986, 1.20016, 0.942432, 1.4419, 0.99376, 1.00633, 1.54646, 1.05091, 1.66385, 1.59645, 1.18036, 1.17905, 0.845859, 1.23624
1.96, 0.0319375, 2.23088, 1.81814, 1.59974, 0.942389, 0.966633, 0.779558, 0.944448, 0.812727, 0.67291, 1.03471, 1.51383, 1.41802, 0.69621, 0.818235, 0.946535, 0.919255, 1.10243, 1.05803, 1.28309, 1.60676, 1.433, 1.63196, 1.37485, 1.25827, 1.53435, 1.66113, 1.12461, 1.17813, 0.747615, 0.998453
1.98, 0.0319376, 2.67219, 2.94416, 3.01316, 2.07061, 1.83072, 1.18554, 1.04408, 1.23927, 1.72661, 1.63179, 1.47035, 1.76592, 1.58093, 1.82011, 1.22596, 1.29867, 0.875467, 1.23086, 1.34558, 1.43066, 1.82849, 1.38484, 1.58883, 1.58837, 1.77622, 2.14013, 2.23525, 2.44362, 2.16834, 1.78253
2, 0.0319376, 2.65363, 2.62088, 1.93547, 1.39493, 0.925816, 0.742649, 0.801164, 1.77828, 1.06981, 1.83806, 2.06637, 1.48377, 1.5469, 1.36843, 1.06221, 1.18399, 1.47254, 1.18869, 1.22181, 1.70048, 2.57761, 2.56183, 2.4385, 2.41974, 2.52604, 2.17342, 2.47449, 2.77782, 2.30524, 2.4499
2.02, 0.0319376, 2.06053, 2.52454, 2.49844, 1.38203, 1.31395, 0.947926, 0.977134, 1.11726, 0.736731, 1.32082, 0.613824, 0.963753, 1.04754, 1.47445, 1.25642, 1.1001, 0.954467, 1.19927, 1.33127, 1.82536, 1.78623, 1.84018, 1.68787, 2.09982, 2.27368, 1.9529, 1.78347, 1.6212, 1.34669, 1.5344
2.04, 0.0319376, 2.70003, 2.51777, 1.88916, 1.74405, 1.48003, 1.58206, 1.41522, 0.926422, 1.45238, 1.40546, 1.14596, 1.62147, 0.963737, 1.11527, 1.0781, 1.07328, 1.1935, 1.11557, 1.32149, 1.51253, 1.71269, 1.93504, 2.10718, 2.20984, 1.97774, 2.09588, 2.17015, 2.12426, 2.16685, 2.42214
2.06, 0.0319376, 2.45608, 2.65216, 1.84152, 0.602249, 1.04874, 0.97617, 0.945567, 1.31543, 1.34878, 1.49145, 0.910563, 0.892811, 1.05998, 1.19893, 0.922332, 0.933892, 0.844289, 1.62232, 1.6184, 1.73292, 1.98369, 1.91087, 2.10467, 2.4432, 2.70429, 2.76637, 2.55028, 2.54973, 2.57825, 2.60043
2.08, 0.0319376, 2.47861, 2.20328, 1.96284, 1.72081, 1.69312, 0.665664, 0.754227, 0.858374, 0.796422, 0.934584, 0.862632, 1.13887, 0.84517, 0.705971, 0.576603, 1.13981, 0.749016, 1.11063, 1.07251, 1.10176, 1.01576, 1.02439, 1.34165, 1.34756, 1.91221, 1.89959, 1.62897, 1.57512, 1.57261, 1.42711
2.1, 0.0319376, 2.32768, 2.32205, 2.41694, 1.52479, 1.62386, 1.19258, 1.2623, 1.65978, 1.95376, 1.66678, 2.0063, 2.22735, 1.57878, 1.81904, 1.3115, 0.658119, 1.14725, 0.984544, 0.921158, 1.18264, 0.959684, 1.30473, 1.69747, 1.71488, 1.75084, 2.14054, 1.81564, 1.4994, 1.63375, 2.06302
2.12, 0.0319376, 2.17924, 2.44718, 1.33014, 0.837282, 1.08358, 1.39702, 1.34299, 1.03207, 1.93487, 1.84869, 1.55083, 1.52785, 1.66467, 1.45695, 1.06949, 0.986331, 0.801893, 1.19001, 1.16957, 1.2757, 1.22282, 1.65607, 1.39079, 0.797788, 1.21445, 1.19321, 0.712819, 0.834637, 0.854542, 0.676845
2.14, 0.0319374, 2.74349, 2.05563, 1.49356, 1.20907, 1.14476, 1.55152, 1.5414, 1.70417, 1.85624, 1.85272, 2.11605, 1.97237, 1.74621, 0.948579, 1.17616, 1.13538, 1.05761, 0.961593, 1.45222, 1.5445, 2.30503, 2.15232, 1.67119, 2.01575, 2.01645, 1.66135, 1.47834, 1.37841, 1.42885, 1.40822
2.16, 0.0319374, 2.44609, 2.53632, 2.07364, 1.11507, 1.71798, 1.23718, 0.93843, 0.966962, 1.59974, 1.67931, 1.09246, 1.22812, 1.36702, 1.17203, 1.10629, 0.976306, 0.752109, 1.32731, 1.22395, 1.31641, 1.83383, 1.87012, 1.87313, 1.55032, 1.48043, 1.91554, 1.39578, 1.28139, 1.13353, 1.18909
2.18, 0.0319374, 2.43223, 1.88439, 2.14493, 1.88072, 1.52875, 0.95124, 1.47977, 1.806, 2.14844, 2.20059, 2.24144, 2.26528, 2.18369, 1.87885, 1.78325, 1.34228, 1.31325, 1.25958, 1.42207, 1.92274, 1.96214, 1.87361, 2.3386, 2.47305, 2.18458, 2.48212, 2.27604, 2.28879, 1.57857, 1.5062
2.2, 0.0319374, 2.63967, 2.50958, 2.14008, 1.38635, 1.40869, 1.25182, 1.24607, 1.08981, 1.58476, 1.8133, 1.99548, 2.26667, 1.89764, 1.53983, 1.34126, 0.962632, 0.268714, 0.596043, 1.24717, 1.43945, 1.46123, 1.4962, 1.54173, 1.74227, 1.61697, 1.65565, 1.49948, 1.3636, 1.18785, 1.20553
2.22, 0.0319374, 3.22317, 1.92538, 2.68357, 1.41722, 0.460139, 0.399537, 1.04973, 1.54331, 1.7865, 2.12084, 2.1181, 2.22649, 2.08013, 1.54254, 1.34473, 1.32947, 1.47957, 1.68629, 1.82177, 2.31571, 1.70158, 2.21004, 2.42597, 1.82242, 2.12598, 1.821, 1.55593, 1.14598, 1.13702, 1.15239
2.24, 0.0319376, 2.98741, 2.78926, 1.88234, 1.29428, 0.923743, 0.323897, 1.45663, 1.18622, 1.74823, 2.00285, 1.63036, 1.37968, 1.59156, 1.2831, 0.954157, 0.885821, 0.852932, 1.30216, 0.994033, 1.35159, 1.13386, 1.65616, 1.57372, 1.54864, 1.09472, 1.37123, 0.822912, 1.1569, 0.986114, 1.14891
2.26, 0.0319376, 2.42602, 1.80922, 2.19029, 1.25493, 1.33435, 1.485, 1.02793, 0.374647, 0.751741, 1.06303, 0.710861, 1.22937, 0.713791, 1.46209, 0.983253, 0.660031, 0.423215, 0.876196, 1.1873, 1.68428, 1.59686, 1.38477, 1.26982, 1.76053, 2.04313, 1.9978, 1.79261, 1.69085, 1.50419, 1.72322
2.28, 0.0319376, 2.76445, 2.55875, 1.47922, 1.39957, 1.77867, 1.79496, 1.20006, 1.14853, 1.55862, 1.0067, 0.599592, 0.864948, 0.972979, 0.902376, 0.53983, 0.201266, 0.332206, 0.980707, 0.714486, 0.734465, 1.14921, 1.1176, 0.992243, 1.29063, 1.25103, 1.34388, 1.24924, 1.40667, 2.21967, 2.30496
2.3, 0.0319376, 2.26785, 2.44697, 1.50088, 0.737008, 0.238452, 0.420805, 0.0861521, 0.541148, 0.874849, 0.41806, 0.0944886, 0.191676, 0.621069, 0.198663, 0.0681621, 0.370016, 0.380786, 0.643683, 0.933738, 0.808499, 0.317115, 0.324109, 0.896519, 1.00587, 1.02375, 0.984484, 0.947595, 1.33564, 2.14681, 2.26792
2.32, 0.0319376, 2.40051, 2.38631, 2.00041, 1.5528, 1.56488, 0.927199, 1.14816, 0.972791, 1.41105, 0.640001, 1.04689, 0.870422, 1.12218, 0.628424, 0.364377, 0.537666, 1.00509, 0.94038, 0.895028, 0.748238, 0.854843, 0.807296, 0.930503, 1.26766, 1.0535, 0.954299, 0.964884, 1.10942, 1.11189, 1.26762
2.34, 0.0319376, 2.44422, 2.38396, 1.61017, 1.42566, 1.31418, 0.594986, 0.316828, 0.649148, 0.653745, 0.517271, 0.598659, 0.488659, 0.442252, 0.851158, 0.790553, 0.769056, 0.810721, 0.728673, 0.710423, 0.948849, 1.08738, 1.05988, 0.512498, 1.31779, 1.72455, 1.84589, 1.77029, 2.12399, 2.00723, 1.89425
2.36, 0.0319376, 3.13124, 2.14333, 1.75869, 1.75023, 1.33235, 0.270152, 0.707891, 0.72838, 0.372683, 0.696986, 0.635869, 0.407783, 0.695352, 0.62328, 0.521097, 0.278474, 0.665648, 0.65403, 0.713536, 0.684241, 0.755874, 0.834877, 0.87781, 0.972057, 1.09883, 0.993774, 0.791693, 0.732426, 0.885178, 1.00757
2.38, 0.0319374, 2.73499, 2.40652, 2.13748, 1.58782, 1.45006, 0.612166, 0.749653, 0.690556, 1.60686, 1.66434, 1.66943, 1.30214, 1.92254, 1.64355, 1.08179, 0.962785, 0.551865, 1.388, 1.37838, 1.26651, 1.87603, 1.96375, 1.78227, 1.72072, 1.88275, 1.58493, 0.746341, 0.713279, 0.477706, 0.617728
2.4, 0.0319374, 2.02387, 2.68206, 2.18989, 1.2858, 0.852339, 1.38191, 1.23635, 1.24133, 1.79841, 2.13125, 1.76355, 1.25525, 1.33733, 0.963349, 0.709372, 0.930067, 1.01313, 1.04741, 1.40378, 1.81716, 1.71728, 1.61345, 1.74098, 1.73182, 1.93932, 1.91645, 1.30442, 1.38915, 1.11361, 0.992497
2.42, 0.0319374, 3.11308, 2.37368, 1.63292, 1.40142, 1.11424, 0.844926, 0.817891, 0.855876, 1.08557, 1.26422, 1.14905, 0.845694, 1.10295, 0.661036, 0.820142, 0.191824, 0.42252, 0.83546, 0.942009, 1.13577, 1.44079, 1.33076, 1.13883, 0.980092, 1.39176, 1.19289, 0.926411, 0.867676, 0.568301, 0.857629
2.44, 0.0319374, 1.96929, 2.35902, 2.20159, 1.35363, 0.798544, 0.811256, 1.02765, 0.0473538, 0.494399, 0.810163, 1.47522, 1.8229, 1.07933, 1.07394, 0.892194, 0.6832, 0.408719, 0.93326, 0.544123, 0.897315, 1.17803, 1.24402, 0.806922, 1.02476, 1.24279, 1.36316, 0.959799, 1.1147, 1.0539, 0.993839
2.46, 0.0319374, 2.7668, 2.98924, 1.91678, 1.41175, 1.69659, 1.08265, 1.2081, 1.20785, 1.41734, 1.77305, 1.59694, 1.03785, 1.31429, 1.37209, 0.837984, 0.820685, 0.979725, 0.873665, 1.08154, 1.0833, 1.25004, 1.20248, 1.68975, 1.79155, 1.84483, 1.90986, 1.82254, 1.62375, 1.59274, 1.40245
2.48, 0.0319376, 3.12757, 2.24522, 2.21912, 1.57142, 1.24997, 0.985908, 1.02353, 1.29648, 1.14964, 0.673252, 1.39966, 1.41987, 1.11565, 1.32206, 0.576967, 0.9935, 0.904783, 0.945852, 0.868591, 1.28144, 1.41018, 1.58634, 1.45756, 1.26355, 1.49255, 1.41155, 1.08231, 1.5763, 1.12845, 1.58633
2.5, 0.0319376, 2.25813, 1.70416, 1.9958, 1.66214, 1.81768, 1.32416, 0.985764, 1.08853, 0.472689, 0.819761, 0.715273, 1.43116, 1.19633, 1.42239, 0.848873, 0.797519, 1.13921, 0.470841, 0.695933, 0.985588, 1.18022, 1.46897, 1.41124, 1.148, 1.60736, 1.57603, 1.45774, 1.21995, 1.19369, 1.37835
2.52, 0.0319376, 2.67161, 2.84446, 2.76115, 1.89549, 1.55551, 1.30706, 0.793648, 1.18677, 1.0632, 1.33451, 1.41283, 1.25514, 1.48793, 1.24223, 1.45105, 1.98142, 1.76306, 1.46072, 1.34869, 1.67206, 1.92136, 2.36733, 2.7039, 2.43784, 2.34511, 2.39047, 2.44914, 2.66357, 2.96349, 2.9615
2.54, 0.0319376, 3.08044, 2.28119, 2.11894, 1.22192, 1.03299, 0.627434, 0.906494, 1.00914, 1.19678, 1.18006, 0.711726, 1.36431, 1.18899, 0.781179, 0.405771, 0.314791, 0.508448, 1.12576, 0.469224, 0.801495, 0.921035, 1.28015, 1.59711, 1.58666, 1.48256, 1.63813, 1.21775, 1.25562, 1.31009, 1.62842
2.56, 0.0319376, 2.80525, 1.50475, 1.68166, 0.875842, 0.954761, 0.62001, 0.909328, 1.04293, 0.886802, 1.18289, 0.77986, 1.32889, 1.16161, 0.36814, 0.458579, 0.567487, 0.776171, 0.825135, 1.31678, 1.23886, 1.06761, 1.06741, 1.31208, 1.09069, 1.46809, 1.94652, 1.71134, 2.08396, 2.25676, 2.73773
2.58, 0.0319376, 2.30138, 2.1385, 1.68071, 1.24544, 0.907948, 1.195, 1.03084, 1.18146, 1.5374, 1.48708, 1.25738, 1.87564, 1.55048, 1.4409, 1.06128, 0.930257, 1.17014, 0.953945, 1.01921, 1.34891, 1.16311, 1.86758, 1.94871, 2.36862, 2.5137, 2.38308, 2.193, 2.04547, 2.13314, 2.01127
2.6, 0.0319376, 2.21094, 2.29846, 1.69164, 0.994834, 1.4625, 0.690078, 0.724141, 0.760384, 1.19368, 1.22716, 1.18443, 1.90904, 1.75158, 0.992273, 0.87836, 1.27583, 0.921473, 1.08565, 1.70095, 1.59262, 1.69337, 1.50563, 1.59692, 1.15217, 1.55952, 1.4114, 0.868777, 0.949748, 1.36035, 1.44395
2.62, 0.0319376, 2.13083, 1.96043, 1.89634, 1.24731, 1.88738, 1.30361, 1.45056, 1.04834, 1.75019, 1.75655, 1.86025, 1.35765, 1.63537, 2.10066, 1.68399, 1.25139, 2.22671, 2.00463, 2.02803, 2.97531, 3.19103, 3.38406, 3.49374, 3.55818, 3.3571, 3.19401, 3.42281, 3.60218, 3.65731, 3.62745
2.64, 0.0319374, 2.46171, 1.9345, 1.54079, 0.728097, 0.753279, 1.19927, 0.469219, 0.458869, 1.58145, 1.52788, 1.39701, 1.43906, 1.70395, 1.05888, 0.902812, 0.699856, 0.960856, 1.22852, 0.825253, 1.07712, 1.37311, 1.601, 1.90511, 1.95234, 1.66022, 1.65254, 1.90359, 2.0059, 2.24958, 2.72454
2.66, 0.0319374, 2.29414, 2.32046, 2.17228, 1.93451, 1.66941, 1.35053, 1.17981, 0.91528, 1.70653, 1.24213, 1.00488, 1.06614, 1.25317, 0.927011, 0.865974, 0.97716, 1.2624, 0.879037, 0.709521, 1.19756, 1.45635, 1.72534, 1.7076, 2.16276, 1.83638, 1.76843, 1.85041, 2.36944, 2.33626, 2.32905
2.68, 0.0319374, 2.62632, 2.24184, 1.69113, 1.16036, 1.03471, 0.973639, 0.929039, 0.969036, 0.523251, 0.223541, 0.57927, 1.42411, 0.932104, 0.40067, 0.343802, 0.817735, 0.362257, 0.808635, 0.942622, 1.19952, 0.971459, 0.846712, 1.23863, 0.958039, 1.20001, 1.17958, 0.783602, 0.931941, 0.939513, 1.03268
2.7, 0.0319374, 1.75088, 2.12204, 2.04026, 1.42568, 1.14973, 0.729279, 0.125954, 1.07321, 1.30846, 1.07274, 0.928954, 1.03185, 1.20933, 1.09419, 0.795839, 1.26811, 0.874247, 1.07564, 1.3949, 1.40496, 1.92653, 1.80442, 1.53516, 2.01026, 2.01328, 1.94714, 2.28206, 2.42499, 2.61879, 2.65289
2.72, 0.0319374, 2.95477, 2.67524, 1.91834, 0.630661, 0.636949, 0.987217, 1.46403, 1.54593, 1.03515, 0.754952, 0.893878, 0.825824, 0.364297, 0.686808, 0.767192, 1.26689, 1.10131, 1.10837, 1.51374, 1.62086, 1.99794, 2.01877, 2.41962, 2.21281, 2.16858, 2.1125, 2.10596, 2.39616, 2.10914, 2.18396
2.74, 0.0319376, 2.69331, 1.85094, 2.07988, 2.02173, 1.82769, 0.498823, 0.818139, 1.02437, 0.972059, 0.780649, 1.15396, 0.887056, 0.660678, 0.5494, 0.276686, 0.613979, 0.674578, 0.513178, 0.881591, 1.15057, 0.860136, 0.815044, 1.25526, 1.28706, 1.3872, 1.56379, 1.20053, 1.21248, 1.04758, 1.42224
2.76, 0.0319376, 2.0484, 1.2521, 1.45367, 1.24893, 0.947415, 0.00934063, 1.16848, 1.22813, 0.939968, 1.32048, 1.15023, 0.812369, 1.32895, 1.47903, 0.805556, 1.18497, 1.44215, 1.664, 1.48412, 1.51073, 1.69882, 1.96495, 2.16664, 2.60776, 2.78647, 2.34304, 2.18393, 2.22391, 2.434, 2.80012
2.78, 0.0319376, 2.89864, 2.67149, 1.61215, 1.63976, 1.09549, 1.20141, 0.541559, 0.732126, 0.681114, 0.671726, 1.45743, 1.24994, 1.07502, 1.07322, 1.2946, 1.30237, 1.45935, 1.57471, 1.66706, 2.08279, 1.55066, 1.63827, 2.03749, 2.06653, 2.46981, 2.71349, 2.76465, 2.55447, 2.46318, 2.20148
2.8, 0.0319376, 1.70887, 2.16449, 1.3801, 1.21534, 0.775829, 0.731554, 0.463346, 0.812418, 0.714293, 0.202154, 0.442552, 0.389204, 0.315252, 0.401217, 1.03606, 0.75197, 0.569425, 0.715565, 0.538396, 0.770306, 0.905116, 1.22248, 0.870581, 1.15212, 1.44751, 1.73396, 1.5857, 1.95499, 2.0611, 1.37898
2.82, 0.0319376, 2.2128, 2.50066, 2.05955, 1.1259, 1.6717, 1.29792, 0.876574, 1.42841, 1.27653, 1.33674, 1.69976, 1.75854, 1.42901, 1.29235, 0.685552, 0.919332, 1.10324, 1.11039, 1.68946, 1.67426, 2.05139, 2.26263, 2.30623, 1.79673, 2.1029, 2.17457, 2.17195, 2.1568, 2.3424, 2.14149
2.84, 0.0319376, 2.72892, 2.27799, 1.78019, 1.24617, 1.62822, 1.58685, 0.926848, 0.96018, 1.56289, 1.70117, 1.4433, 1.45921, 1.58515, 1.1686, 0.974865, 0.95935, 1.50946, 1.90434, 1.83061, 1.64156, 1.73076, 1.73357, 2.02617, 1.99104, 1.99276, 1.72134, 1.4966, 1.50449, 1.5704, 1.61819
2.86, 0.0319376, 2.77714, 1.56021, 2.13094, 1.45664, 1.43141, 0.87134, 0.58215, 1.23352, 1.62641, 1.35124, 1.26238, 0.935904, 1.1082, 0.9604, 0.851813, 0.798738, 0.904847, 0.864, 1.08173, 1.40145, 1.26137, 1.34147, 1.30268, 1.39943, 1.40725, 1.47697, 1.61163, 1.55344, 1.39487, 1.45559
2.88, 0.0319374, 2.51897, 2.10263, 1.97971, 1.1183, 1.7529, 1.31613, 1.30688, 1.28355, 1.59701, 1.82266, 2.04287, 1.85054, 1.71604, 2.03374, 1.68627, 1.05503, 0.551406, 0.949424, 1.23392, 1.74388, 1.68598, 1.65844, 1.9225, 2.19694, 1.91046, 1.99226, 1.95088, 2.03357, 1.58704, 1.92907
2.9, 0.0319374, 2.95595, 2.02488, 1.79124, 1.38753, 1.17599, 1.27035, 0.788694, 1.46244, 1.87261, 1.91685, 2.29504, 2.27251, 1.82588, 1.99895, 1.24631, 1.4063, 1.11054, 0.726471, 0.861618, 1.17059, 1.26695, 1.61238, 1.81684, 1.7168, 1.89335, 1.72249, 1.81616, 2.19699, 2.22565, 2.25238
2.92, 0.0319374, 3.09407, 2.26121, 1.84924, 1.30072, 1.1012, 0.910297, 0.665193, 0.52312, 0.745638, 0.600878, 0.582353, 1.19181, 0.966315, 0.886834, 0.71775, 1.1841, 1.03895, 0.764213, 0.884393, 1.22797, 2.04078, 2.33071, 2.57779, 2.17314, 1.78873, 2.04338, 1.94593, 2.07207, 1.78727, 1.95601
2.94, 0.0319374, 2.51753, 2.29509, 2.22939, 1.75711, 1.09504, 0.965452, 1.14601, 0.889014, 1.2801, 0.870201, 0.391826, 0.536266, 0.683049, 1.06322, 0.338036, 0.416448, 0.422239, 0.650208, 0.893929, 1.21808, 1.34889, 1.44808, 1.34366, 1.12206, 1.20388, 1.17649, 1.22629, 1.31191, 1.19663, 1.39524
2.96, 0.0319374, 2.06004, 2.90172, 2.26342, 1.83353, 1.30822, 0.979361, 1.40974, 1.01721, 0.987348, 1.0407, 1.02633, 0.643715, 1.06995, 1.35399, 0.459561, 1.2149, 0.768939, 0.719269, 0.880362, 1.02114, 1.07181, 1.72476, 1.7975, 2.07387, 2.27508, 2.31339, 2.16431, 1.82481, 2.02514, 2.22293
2.98, 0.0319376, 2.85071, 1.87236, 1.66459, 1.14959, 0.91289, 0.140273, 0.871072, 1.31897, 0.842526, 1.01011, 0.61502, 0.790083, 1.39898, 0.807918, 1.01634, 0.763274, 0.595941, 0.603137, 0.957867, 1.17779, 0.716989, 0.894237, 1.16928, 0.959123, 1.08829, 0.834498, 1.03525, 1.13506, 0.488066, 0.858519
3, 0.0319376, 2.29527, 2.37425, 1.48793, 0.887547, 0.910855, 0.729087, 0.686961, 1.15602, 0.993832, 1.32915, 1.06911, 1.02318, 1.21425, 1.04625, 0.737015, 0.754064, 0.501133, 0.464161, 0.695224, 0.913694, 1.17721, 1.21688, 1.13236, 0.850238, 1.06309, 1.06344, 1.05779, 0.859285, 0.49533, 0.338054
3.02, 0.0319376, 2.05444, 1.95952, 1.80241, 1.11435, 1.17535, 1.18591, 0.296377, 0.74933, 1.26674, 0.717108, 1.24579, 1.41725, 1.55325, 0.780241, 0.513227, 0.947737, 0.884764, 0.8165, 0.788097, 0.881614, 0.472542, 0.764426, 0.679778, 1.32842, 1.19656, 1.30764, 0.75901, 0.696407, 0.666148, 0.740781
3.04, 0.0319376, 1.33139, 1.87068, 2.12064, 1.67666, 1.29981, 0.962653, 0.447906, 0.631071, 0.864383, 0.811482, 1.40301, 0.890709, 0.606734, 0.940048, 0.376723, 0.85235, 0.930476, 0.828967, 1.05667, 1.53009, 1.21317, 1.22888, 1.047, 1.27155, 1.43386, 1.50477, 1.16839, 1.31285, 0.792336, 1.04565
3.06, 0.0319376, 2.84786, 2.78985, 2.00391, 1.222, 1.10476, 0.607035, 0.985536, 0.616267, 0.988104, 1.15618, 1.4301, 1.33624, 1.71144, 1.29843, 0.681266, 0.803962, 0.960743, 0.71477, 0.7199, 1.11928, 1.09632, 1.20483, 1.20027, 1.25097, 1.4287, 1.15814, 1.01584, 1.30329, 1.07313, 1.02209
3.08, 0.0319376, 2.72894, 2.52993, 2.18749, 1.43218, 1.49183, 1.35015, 0.833203, 0.854023, 1.11668, 1.56061, 0.953016, 1.15893, 1.23119, 0.877143, 0.752724, 0.745431, 0.599454, 1.19143, 1.11686, 0.341496, 0.872136, 0.936182, 1.49128, 1.52418, 1.46868, 1.21043, 1.59434, 1.45658, 1.4202, 1.66627
3.1, 0.0319376, 3.24456, 2.62755, 2.06336, 2.11753, 2.10763, 1.00218, 0.892984, 2.01932, 1.60394, 1.62051, 1.22042, 1.02341, 1.2087, 0.50978, 0.180921, 0.841589, 0.707692, 1.33228, 1.62887, 0.836231, 1.02672, 0.752696, 1.2175, 1.25345, 0.971938, 0.77713, 0.882126, 0.961166, 0.721084, 0.856011
3.12, 0.0319376, 2.49366, 1.63954, 1.67828, 1.29859, 1.00178, 1.22645, 1.27669, 0.988651, 0.92288, 1.08869, 0.779685, 0.673286, 0.433296, 0.747241, -0.16202, 0.433443, 0.391229, 0.753564, 0.576198, 1.19948, 0.8601, 0.673537, 1.03113, 0.89344, 1.04595, 1.21699, 0.744861, 0.768804, 0.397113, 0.573123
3.14, 0.0319374, 2.32038, 2.2689, 1.82921, 1.54101, 1.86384, 1.16017, 1.07675, 0.743553, 0.863488, 0.495609, 0.639639, 0.845837, 0.84014, 0.69645, 0.66116, 0.613285, 0.56635, 0.27268, 0.42789, 1.00952, 0.908607, 0.579675, 0.338326, 0.726688, 1.23689, 1.04017, 0.46531, 0.646715, 0.712703, 0.643472
3.16, 0.0319374, 2.19456, 2.2081, 2.42771, 1.65038, 1.66014, 1.11753, 0.0346765, 0.247853, 0.463169, 0.558593, 0.994765, 1.62727, 1.49956, 0.649612, 0.713034, 0.604943, 0.273043, 0.364439, 0.833382, 1.05905, 0.94643, 0.828719, 0.89747, 0.562218, 1.14842, 0.66396, 0.523836, 0.923058, 1.07229, 0.637373
3.18, 0.0319374, 2.96366, 1.82928, 1.59869, 0.926707, 0.514794, 0.704885, 1.09234, 1.70532, 1.51552, 1.11987, 0.782005, 1.21473, 1.55341, 0.900449, 0.941545, 0.937949, 0.564509, 0.695583, 1.04579, 1.42829, 1.10151, 1.30844, 0.962636, 0.914063, 1.17053, 1.2586, 1.24173, 1.25133, 1.25059, 1.47156
3.2, 0.0319374, 3.33458, 2.13377, 1.7839, 1.05485, 1.57573, 1.47932, 1.10204, 1.01079, 1.34449, 1.24958, 0.871471, 1.08012, 1.24244, 0.838031, 0.817138, 0.591595, 0.919011, 1.05103, 0.712958, 0.846749, 1.16607, 1.23986, 1.52035, 1.46686, 1.55116, 1.36508, 1.17495, 1.2337, 1.19429, 1.05444
3.22, 0.0319374, 2.83372, 2.20278, 1.57591, 1.09869, 1.02473, 0.616689, 1.09673, 1.22021, 2.05114, 1.52086, 0.905525, 1.49958, 1.31303, 1.22847, 0.83408, 1.24094, 1.70175, 1.42424, 1.36974, 1.42505, 1.59133, 1.58176, 1.945, 2.33427, 2.46563, 2.16767, 2.05621, 1.86491, 2.09556, 2.21885
3.24, 0.0319376, 3.02994, 2.05389, 1.58803, 1.46749, 1.13751, 0.937167, 1.03215, 0.918781, 0.806517, 1.49551, 1.04527, 1.3268, 1.35918, 1.0281, 1.026, 0.681068, 0.876405, 1.2203, 0.864366, 1.45414, 1.36772, 1.43783, 1.44296, 1.69435, 2.09342, 2.02546, 1.56152, 1.54309, 1.46271, 1.22357
3.26, 0.0319376, 2.61824, 2.66386, 2.31671, 0.526689, 1.27936, 0.954636, 0.708004, 0.982566, 1.27207, 1.55656, 1.41196, 1.03995, 0.858322, 1.13365, 0.897684, 1.04805, 0.358418, 0.828296, 1.03404, 1.34589, 1.61156, 1.27228, 1.51761, 1.21372, 1.52926, 1.83758, 1.46534, 1.1238, 0.977186, 1.0059
3.28, 0.0319376, 2.37455, 2.73892, 2.14489, 1.89369, 0.716201, 0.781923, 1.03302, 1.17146, 1.36286, 1.19269, 0.943795, 1.28235, 0.918476, 0.865224, 0.620128, 1.12766, 0.326566, 0.942017, 1.15386, 1.04948, 0.928369, 1.14903, 1.44037, 1.22432, 1.32492, 1.18225, 0.87337, 1.08352, 0.872742, 1.22597
3.3, 0.0319376, 3.22687, 2.47057, 1.92181, 1.01957, 1.45288, 0.834926, 0.321817, 0.60705, 1.17704, 0.996694, 0.926023, 1.00108, 1.4467, 1.03107, 1.10612, 1.26408, 0.717261, 0.860074, 1.14482, 0.833349, 1.06489, 0.730241, 0.767913, 0.99792, 1.21816, 1.13963, 1.0231, 0.990399, 0.694906, 0.962238
3.32, 0.0319376, 2.24853, 1.27581, 1.52125, 2.33485, 1.53126, 0.680867, 1.19301, 1.11652, 1.22181, 1.34572, 1.50621, 1.53069, 1.28418, 0.819658, 0.922968, 0.841226, 0.346759, 0.984013, 0.82097, 1.18801, 1.50883, 1.49452, 1.40116, 1.90149, 1.99398, 1.67708, 0.942128, 1.04755, 0.882677, 1.18206
3.34, 0.0319376, 1.96094, 1.38823, 1.52309, 0.921141, 1.18753, 0.823243, 1.27048, 0.458222, 0.608203, 0.713394, 0.944792, 1.14904, 1.42857, 1.32867, 0.995011, 0.890384, 0.446651, 0.444807, 0.683974, 1.10725, 1.24542, 0.894477, 1.38215, 1.08155, 1.04228, 1.29235, 0.669351, 0.75506, 0.551658, 0.578177
3.36, 0.0319376, 2.47007, 2.69222, 2.32744, 0.73486, 0.560529, 0.901044, 1.2029, 1.19827, 1.38638, 0.857512, 1.42849, 1.37564, 1.23946, 0.823252, 1.09646, 1.04717, 0.630738, 0.323455, 0.76135, 0.997699, 0.956457, 1.27948, 1.36367, 1.30469, 1.38128, 1.4614, 1.19954, 1.08575, 0.778758, 0.953518
3.38, 0.0319374, 2.81549, 2.49177, 1.67007, 1.07303, 1.4342, 0.791815, 1.02773, 1.35823, 1.40102, 1.50796, 1.68914, 1.47366, 1.41327, 1.3773, 0.87922, 1.21238, 1.33416, 1.5353, 1.354, 1.16209, 1.2973, 1.66219, 1.64217, 1.7074, 1.78782, 1.78031, 1.47028, 0.898764, 1.15825, 1.44085
3.4, 0.0319374, 3.25056, 2.74875, 1.74739, 1.8376, 1.52439, 1.27436, 1.32835, 1.01189, 1.38195, 1.15817, 1.05878, 1.5661, 1.57905, 1.38431, 1.11929, 1.06923, 1.08737, 1.83609, 1.55691, 1.16046, 1.61808, 1.70038, 1.67465, 2.0381, 2.00615, 1.92087, 1.91033, 1.5376, 1.26183, 1.53734
3.42, 0.0319374, 2.31559, 2.52723, 1.88433, 2.15984, 1.29636, 0.551604, 0.845334, 0.748662, 1.46084, 1.21369, 1.00042, 0.465462, 0.879627, 1.3827, 0.924055, 0.825789, 0.796974, 1.10397, 1.08018, 1.34431, 1.48886, 1.21572, 1.42462, 1.58659, 1.53355, 1.3923, 1.10643, 0.980336, 0.833971, 1.13947
3.44, 0.0319374, 2.68053, 2.13538, 0.939916, 1.86888, 1.79055, 0.790435, 0.660139, 1.14676, 1.6051, 1.76519, 1.16727, 0.742705, 0.285611, 1.01885, 1.27418, 1.08431, 1.00576, 1.16534, 1.03416, 1.22356, 0.951352, 0.972877, 1.35223, 1.40796, 1.55352, 1.47309, 1.21332, 1.38437, 1.20849, 0.924557
3.46, 0.0319374, 2.2564, 1.79352, 1.73422, 1.77675, 1.28362, 0.623464, 1.05205, 1.39387, 1.01577, 1.17816, 0.632042, 1.28087, 1.08218, 0.784299, 0.260236, 0.353984, 0.531946, 1.06734, 0.981742, 1.58643, 1.60262, 1.04725, 1.85576, 1.83088, 1.48976, 1.44913, 1.28128, 1.58876, 1.17905, 1.33786
3.48, 0.0319376, 2.76229, 2.65263, 1.67692, 1.2863, 1.25411, 1.36462, 1.14477, 1.09418, 1.1304, 1.42284, 1.48174, 1.13036, 1.08532, 0.996992, 1.3067, 1.24302, 0.830986, 1.29571, 0.851483, 1.04911, 1.29772, 1.04539, 1.26039, 1.4745, 1.53054, 1.48782, 1.47833, 1.62837, 1.52956, 1.83114
3.5, 0.0319376, 2.91361, 2.19791, 1.54591, 1.3641, 1.27473, 0.770444, 1.07331, 1.78743, 1.36991, 0.875023, 1.20349, 1.40274, 2.00286, 1.18314, 1.20245, 1.1491, 1.03115, 1.30913, 0.949337, 1.20223, 1.19305, 1.90129, 2.18565, 2.3282, 1.80958, 1.55622, 1.05782, 1.40214, 1.9743, 2.24826
3.52, 0.0319376, 2.64612, 2.22809, 1.92727, 1.23838, 1.26226, 0.0423978, 0.723056, 1.28027, 1.8293, 1.18472, 1.17628, 1.28685, 1.09122, 1.24763, 0.282402, 0.449077, 0.907232, 0.935007, 1.01317, 1.69034, 1.69521, 1.80802, 1.61463, 1.43175, 1.7258, 1.49007, 1.32988, 1.56609, 1.56883, 1.10707
3.54, 0.0319376, 3.10875, 1.88316, 1.80385, 1.40966, 1.42017, 0.666735, 1.21631, 1.39302, 1.43417, 1.62295, 1.30324, 1.25893, 1.48604, 1.31762, 0.910162, 0.873759, 0.665789, 0.854551, 0.377861, 1.02402, 1.25845, 1.36597, 1.18241, 0.948647, 1.05073, 1.00471, 0.693846, 0.964353, 1.09255, 0.995443
3.56, 0.0319376, 2.869, 1.26658, 1.34228, 0.174722, 0.834678, 0.561735, 0.403525, 0.960046, 0.463951, 1.24795, 1.23342, 1.36154, 1.01646, 0.865355, 0.39386, 0.71363, 0.621827, 0.935469, 0.839868, 0.693673, 1.17185, 1.58607, 1.52766, 1.65227, 1.58006, 1.17916, 0.912998, 0.691758, 0.758382, 0.755763
3.58, 0.0319376, 2.91951, 2.44456, 2.03492, 1.28982, 0.675484, 0.950372, 0.845489, 1.12937, 1.46301, 1.27201, 1.42903, 1.48823, 1.25449, 0.88487, 0.988992, 1.11464, 0.943691, 1.39999, 1.27174, 1.20702, 1.2373, 1.18588, 1.31352, 1.35683, 1.59154, 1.30447, 1.4261, 1.18244, 1.05639, 1.1136
3.6, 0.0319376, 2.61886, 3.04061, 2.47878, 1.66056, 1.92497, 1.5007, 0.901603, 0.967085, 1.11832, 0.489818, 0.505534, 0.698495, 0.906388, 0.773244, 0.845601, 0.67739, 0.692489, 0.862709, 1.02779, 1.00942, 1.15992, 1.04561, 1.19361, 1.19269, 1.43293, 1.34595, 0.982438, 1.03851, 0.905272, 1.09949
3.62, 0.0319376, 2.40502, 2.30725, 2.04693, 1.72414, 1.63918, -0.261252, 0.297966, 1.05558, 1.54704, 1.19357, 0.536018, 1.31124, 1.59326, 1.09727, 1.38055, 0.768583, 0.880791, 1.06803, 1.22747, 0.658585, 1.46788, 1.41507, 1.40292, 1.24928, 1.59664, 1.37821, 0.886515, 0.883166, 0.651183, 0.954475
3.64, 0.0319374, 3.30317, 2.72307, 1.4515, 1.44093, 1.93024, 1.33206, 0.846142, 1.76884, 1.9528, 1.70121, 1.62762, 1.6449, 1.33847, 1.33518, 0.855289, 1.24574, 0.980911, 0.930403, 1.41256, 1.50425, 1.55486, 1.78285, 1.62735, 1.80375, 2.1154, 1.81214, 1.39711, 1.05314, 0.944916, 0.977654
3.66, 0.0319374, 3.48377, 2.88734, 2.06718, 1.6022, 1.54202, 1.08611, 0.59195, 0.831735, 0.709571, 1.03021, 0.620286, 0.996056, 1.48076, 0.928141, 0.967066, 0.727462, 0.49299, 0.8765, 0.886199, 1.19766, 1.46347, 1.3513, 1.1497, 0.915002, 1.65067, 1.96755, 1.06055, 0.995192, 1.09909, 0.65928
3.68, 0.0319374, 2.97326, 2.81358, 1.78506, 1.40602, 1.65052, 1.42383, 1.00011, 1.38367, 1.48532, 1.56731, 1.09196, 1.52975, 1.7231, 0.807178, 1.14788, 0.779198, 0.824776, 1.13994, 1.40161, 1.54648, 1.59642, 1.70081, 2.2112, 2.05966, 1.62673, 1.63685, 1.81595, 1.67587, 1.80778, 1.61457
3.7, 0.0319374, 2.71036, 1.88479, 1.76578, 1.55292, 0.942, 1.20255, 1.37196, 1.21282, 0.295094, 0.515064, 0.810224, 1.23156, 1.1448, 0.497599, 1.13428, 0.615128, 0.884238, 0.582312, 1.07931, 0.626337, 1.30215, 1.53462, 1.79542, 1.42226, 1.53658, 1.47943, 1.25497, 1.4071, 1.62252, 1.33889
3.72, 0.0319374, 2.68122, 2.4781, 1.94046, 1.71514, 1.58229, 1.08975, 0.6937, 0.907925, 0.685121, 1.15669, 0.904603, 1.85167, 1.33949, 1.20654, 1.27342, 1.41855, 1.3805, 0.813651, 1.22844, 1.71315, 1.80243, 1.88733, 2.03377, 1.97005, 2.44252, 2.16957, 1.67501, 1.8754, 1.55002, 1.56551
3.74, 0.0319376, 2.78823, 1.75754, 1.85838, 1.3764, 1.38209, 0.912626, 0.595946, 1.23971, 1.60028, 1.41352, 1.54054, 2.20635, 2.3228, 1.68587, 1.04483, 1.39313, 1.0452, 0.82636, 1.12503, 1.38037, 1.98011, 2.01152, 1.63535, 1.41025, 1.71027, 1.50696, 1.34197, 1.13404, 0.963119, 1.30493
3.76, 0.0319376, 2.4962, 2.06539, 2.01018, 1.34848, 0.523317, 0.863595, 0.743161, 1.63952, 0.854481, 0.996926, 1.73431, 2.0587, 1.19252, 1.73208, 1.44344, 1.03936, 1.42009, 1.11915, 1.21178, 1.27199, 0.959288, 1.52234, 1.8672, 1.69338, 1.62988, 1.74845, 0.983557, 1.26445, 1.41608, 1.62487
3.78, 0.0319376, 2.63712, 2.68346, 1.79943, 1.27328, 1.15481, 0.324285, 1.06405, 0.562829, 1.39376, 1.48173, 1.39079, 1.1809, 1.36696, 0.633126, 1.00955, 1.29995, 0.825748, 1.06057, 1.127, 1.41978, 1.48859, 1.66101, 2.00982, 1.65396, 1.54668, 1.65404, 1.37214, 1.49586, 1.47319, 1.55954
3.8, 0.0319376, 1.41308, 1.37176, 1.79739, 1.26269, 1.43194, 1.06212, 1.26295, 0.897267, 1.10184, 1.09292, 0.950529, 1.37725, 1.52304, 1.42087, 1.34425, 0.456285, 0.554533, 0.7913, 1.29677, 1.6258, 1.34071, 1.6238, 1.56826, 1.95092, 2.02301, 1.86296, 1.70901, 1.80701, 1.64717, 1.44991
3.82, 0.0319376, 2.64361, 2.29003, 2.20224, 2.08586, 1.07031, -0.0304063, 0.196268, 0.762374, 1.5752, 1.48883, 0.85849, 1.21108, 1.22633, 1.50356, 1.06033, 1.07043, 0.903892, 1.08656, 0.79424, 1.3206, 0.888341, 1.64891, 1.61805, 1.34047, 1.86927, 1.39155, 1.32362, 1.34141, 1.01013, 1.22633
3.84, 0.0319376, 2.29336, 2.36952, 2.16241, 1.25122, 0.733432, 0.311391, 1.01612, 1.237, 1.20161, 0.963188, 1.53447, 1.72747, 1.26778, 0.0380337, 0.891309, 1.01312, 0.969114, 1.00713, 1.00567, 1.20026, 1.15368, 1.227, 1.85345, 1.82463, 1.78782, 1.87097, 1.51555, 1.53228, 1.41014, 1.20885
3.86, 0.0319376, 2.0918, 1.88522, 1.62445, 0.660563, 1.07408, 0.605249, 0.109692, 1.15217, 1.31789, 1.28668, 1.60285, 1.03329, 0.41005, 0.668648, 0.990172, 1.02208, 0.971378, 1.07719, 0.889804, 1.12229, 1.21781, 0.92007, 0.973044, 0.68374, 1.28873, 0.879634, 1.02467, 1.21895, 1.09678, 1.25221
3.88, 0.0319374, 2.84233, 2.35316, 2.05917, 1.4788, 1.44004, 0.816601, 1.57667, 1.60029, 1.36897, 1.05991, 1.42733, 1.19449, 1.01464, 1.40359, 1.17579, 0.636562, 0.985191, 0.817954, 0.443647, 0.958857, 1.08024, 0.847157, 1.54085, 1.35657, 1.17485, 0.957878, 1.27143, 0.948399, 0.72149, 0.905065
3.9, 0.0319374, 2.35066, 1.9491, 1.9315, 1.82226, 1.4686, 1.05124, 1.02856, 1.09872, 1.17963, 1.32173, 1.65856, 1.2232, 1.08487, 0.753033, 0.875581, 0.589497, 0.29833, 0.813524, 0.572947, 0.582124, 0.840167, 1.07396, 1.07612, 0.778132, 0.917042, 1.05043, 1.06667, 1.01203, 0.621489, 0.903784
3.92, 0.0319374, 2.85232, 2.08734, 1.88763, 1.47515, 0.845851, 1.19444, 1.02091, 0.952465, 1.15835, 1.50475, 1.55388, 1.014, 1.17333, 1.23303, 0.952068, 0.839076, 0.527828, 1.39954, 0.994138, 0.847244, 1.54645, 1.51104, 1.34657, 1.14166, 1.25858, 1.24531, 1.22728, 1.51282, 1.3953, 1.0035
3.94, 0.0319374, 2.60012, 2.40833, 1.94302, 1.44934, 1.27399, 0.922294, 1.21226, 0.960912, 0.449515, 0.545328, 1.3663, 1.07043, 1.19212, 1.21619, 0.93861, 0.605542, 0.783739, 0.842927, 0.629713, 1.30004, 1.61558, 1.18717, 1.36961, 1.34363, 1.27828, 1.14789, 1.2929, 1.45384, 1.24275, 1.14351
3.96, 0.0319374, 2.64601, 2.27262, 2.18967, 2.37657, 1.12405, 0.84382, 0.473709, 1.4225, 1.82752, 1.21812, 1.39205, 1.62586, 1.71805, 0.821753, 1.39382, 0.704628, 0.801764, 0.936071, 1.19993, 1.27104, 1.54121, 1.68052, 1.57501, 1.66128, 1.76218, 1.32174, 1.35722, 1.23307, 1.05779, 1.39464
3.98, 0.0319376, 2.8961, 2.67492, 1.28461, 0.770158, 1.31296, 0.666995, 0.966783, 1.42037, 1.57228, 1.61914, 1.16675, 1.53486, 1.48564, 1.4839, 1.26329, 1.65381, 1.41145, 1.23341, 1.10432, 1.5922, 1.45657, 1.3167, 1.44779, 1.28598, 1.8127, 1.98347, 1.35526, 1.11342, 1.31618, 1.70508
4, 0.0319376, 3.28736, 2.03555, 2.05728, 0.924853, 0.968332, 0.696033, 0.97618, 0.672946, 1.49464, 1.7692, 1.18086, 1.48764, 1.70814, 0.933079, 0.704594, 1.01822, 0.30663, 1.28304, 1.06439, 1.23322, 1.00995, 1.24168, 1.44983, 1.23435, 1.61859, 1.66758, 1.35783, 1.26519, 1.34128, 1.77485
4.02, 0.0319376, 2.46202, 2.40423, 2.45352, 1.6476, 1.44707, 1.24172, 1.16611, 0.894192, 0.785174, 0.889348, 0.636461, 1.22512, 1.32173, 1.05687, 0.713783, 0.632762, 0.435532, 0.995373, 0.505, 0.847059, 0.997491, 0.783284, 1.02891, 1.10746, 1.47693, 1.30046, 1.32401, 1.277, 1.05019, 1.01731
4.04, 0.0319376, 2.56468, 2.53273, 2.10195, 1.70804, 1.7248, 1.02239, 1.1545, 1.57524, 1.31752, 1.54632, 1.39385, 1.69723, 1.665, 1.09634, 1.31425, 1.41965, 0.980769, 1.22429, 1.14723, 1.1524, 1.39371, 1.59939, 1.79848, 1.45859, 0.919908, 0.962662, 1.06457, 1.40357, 1.862, 1.8933
4.06, 0.0319376, 2.23644, 1.72772, 1.19272, 1.70582, 1.68586, 0.543966, 1.16103, 1.56042, 1.79878, 1.84929, 1.5715, 2.08521, 1.97305, 1.39242, 0.909797, 1.5314, 2.01039, 1.65863, 1.67094, 1.87393, 2.17214, 2.16611, 2.43115, 2.18885, 2.45007, 2.45835, 2.44392, 2.35127, 2.55322, 2.6507
4.08, 0.0319376, 2.85166, 2.20169, 1.81255, 0.885238, 0.87591, 1.188, 1.1852, 1.19509, 1.78418, 1.51567, 1.3908, 1.68724, 1.05867, 0.953799, 1.395, 0.876083, 0.996942, 1.29606, 1.00374, 1.03772, 1.48658, 1.37778, 1.46862, 1.69016, 1.56499, 1.5302, 1.24062, 1.36483, 1.35459, 1.5935
4.1, 0.0319376, 2.69159, 2.28987, 1.62233, 0.934263, 1.52397, 1.00108, 0.824439, 0.914507, 1.53069, 1.61318, 2.04626, 1.55118, 0.559468, 1.32234, 1.14091, 1.24434, 0.73185, 1.02659, 1.22524, 1.52465, 1.63412, 1.56874, 1.84457, 1.90908, 1.93166, 1.90237, 1.92526, 2.37797, 2.30997, 2.53273
4.12, 0.0319376, 2.83436, 1.70179, 1.0445, 0.889225, 0.958746, 0.85301, 1.1105, 1.1084, 0.873896, 1.21874, 1.35252, 0.981703, 1.12101, 0.791469, 0.676124, 0.0708481, 0.871882, 1.30476, 1.59852, 1.77435, 1.72979, 1.81054, 1.91885, 1.82744, 1.72062, 1.99206, 2.04233, 2.32713, 2.08964, 2.08475
4.14, 0.0319376, 1.63726, 1.95453, 1.8581, 1.693, 1.4346, 1.28628, 1.32583, 1.77152, 1.60401, 1.34003, 1.2673, 1.32391, 1.43004, 0.995868, 0.813814, 0.413725, 0.555591, 1.13165, 1.24444, 0.803466, 1.02299, 1.51655, 1.67781, 1.52987, 1.36924, 1.25815, 1.35842, 1.44153, 1.3905, 1.25171
4.16, 0.0319376, 3.67876, 2.48039, 2.57872, 2.09354, 1.2124, 1.03673, 1.21991, 0.943868, 1.01378, 1.08031, 0.705256, 0.627851, 0.81567, 0.60234, 0.877384, 0.902436, 0.366517, 0.993655, 0.815837, 1.04192, 1.27339, 1.26298, 1.62361, 1.50949, 1.70416, 1.67367, 1.58376, 1.61266, 1.51338, 1.30729
4.18, 0.0319376, 1.75069, 2.69401, 2.22898, 1.51321, 1.29114, 1.52204, 0.677278, 0.504279, 1.16224, 0.950355, 0.897965, 0.701288, 0.398775, 0.619644, 0.460402, 0.429667, 0.531894, 0.821777, 0.48555, 1.00854, 1.07513, 1.20195, 0.840808, 1.03429, 1.32584, 1.10471, 1.07325, 1.15761, 1.28427, 1.16827
4.2, 0.0319376, 2.94551, 1.87914, 1.73631, 1.77712, 1.36636, 0.710068, 0.641698, 1.11524, 0.999177, 0.624157, 0.281419, 0.741011, 0.986642, 1.09649, 0.563627, 0.902683, 1.25854, 0.995893, 0.693737, 1.01122, 1.15024, 1.28236, 1.12895, 1.12107, 0.918112, 1.60728, 1.38359, 1.33404, 1.30805, 1.16493
4.22, 0.0319376, 2.81805, 2.56781, 1.59922, 1.60356, 1.2802, 0.428507, 0.279016, 0.589645, 0.994691, 0.829526, 0.802372, 0.437392, 0.361066, 0.302667, 0.372898, 0.516878, 0.577742, 0.272715, 0.552032, 0.634936, 0.570283, 0.81565, 1.0317, 1.01501, 1.30773, 1.44559, 0.782498, 0.560204, 0.546174, 0.616709
4.24, 0.0319376, 2.06213, 1.36491, 1.11918, 1.07941, 0.8597, 0.526132, 0.787099, 1.33155, 0.615152, 0.208432, 0.348237, 0.424022, 0.507992, 0.471434, 0.723712, 0.951581, 0.06075, 0.8513, 0.846675, 0.761406, 0.730857, 1.44424, 1.31661, 0.876899, 1.06955, 0.967774, 0.898654, 0.970273, 1.27189, 1.17549
4.26, 0.0319371, 2.9533, 2.13964, 2.2515, 2.04692, 1.15897, 0.388356, 0.595315, 0.36148, 1.13399, 0.831451, 0.926245, 0.687232, 0.16623, 0.623507, 0.619189, 0.877174, 0.503526, 0.743313, 0.918088, 0.766809, 0.935974, 1.32297, 1.49024, 1.52811, 1.53092, 1.77858, 1.25449, 1.14927, 0.98586, 1.41732
4.28, 0.0319371, 2.66692, 2.24774, 1.97554, 1.77807, 1.28101, 1.20338, 1.49434, 0.943022, 0.455974, 0.779153, 0.230887, 1.10925, 1.29413, 0.803014, 0.550073, 1.15024, 1.11302, 0.957526, 0.887976, 1.25724, 1.13633, 1.45963, 1.62294, 1.45714, 1.39299, 1.19059, 1.09629, 2.01065, 2.17918, 2.38607
4.3, 0.0319371, 2.53839, 2.13142, 1.72039, 1.85955, 0.892248, 0.486422, 0.55182, 1.08511, 1.0858, 0.820273, 0.947364, 1.41713, 1.21624, 1.42972, 0.831195, 0.781363, 0.632622, 1.32112, 1.30181, 1.29947, 1.6951, 1.39324, 1.47258, 1.70827, 1.76863, 1.69856, 1.44965, 1.21175, 1.40417, 1.31781
4.32, 0.0319371, 2.57715, 2.46765, 2.00958, 1.64481, 1.24435, 0.730681, 0.876572, 0.917197, 1.49984, 0.81886, 1.10899, 1.33839, 1.27153, 1.37177, 0.731292, 0.513263, 0.937167, 1.47301, 1.61209, 1.73588, 1.97178, 2.04649, 1.78614, 1.59604, 1.68721, 1.39549, 1.25567, 1.21238, 1.23941, 1.46283
4.34, 0.0319371, 2.37484, 2.39311, 1.70681, 1.65304, 1.17127, 0.682043, 0.798668, 1.08397, 0.952483, 1.23434, 1.56153, 1.52525, 1.35198, 1.02538, 0.806663, 0.919927, 1.21784, 1.18292, 0.629343, 0.791046, 1.01561, 1.53792, 1.7079, 1.43924, 1.97031, 1.8708, 1.1302, 1.61941, 1.54856, 1.50171
4.36, 0.0319376, 1.27539, 1.73418, 1.7285, 1.24168, 1.61814, 1.23099, 0.814095, 0.937036, 0.740442, 0.748535, 0.843162, 1.02185, 0.572168, 0.673037, 0.386033, 0.921794, 0.669819, 0.847369, 0.607764, 1.06189, 0.86608, 1.15731, 1.35442, 1.2535, 0.943692, 1.16475, 0.83709, 1.06532, 0.852129, 0.929546
4.38, 0.0319376, 0.947122, 2.52542, 2.16075, 1.65068, 1.5563, 0.99801, 0.910576, 1.18037, 1.26515, 1.10094, 1.35501, 1.43436, 1.34533, 1.57828, 1.18746, 1.11893, 1.02935, 1.50967, 1.59837, 1.77754, 1.6842, 1.93301, 1.99309, 1.84023, 1.90103, 2.05606, 1.73311, 1.50677, 1.78434, 1.80718
4.4, 0.0319376, 1.86364, 2.00413, 1.11961, 0.740231, 0.856101, 0.679361, 0.275427, 0.631373, 1.73487, 1.36456, 1.07298, 1.87918, 1.70125, 1.15112, 1.39019, 0.687942, 1.4368, 1.26338, 1.50361, 1.9916, 1.70181, 1.56688, 1.65294, 1.49016, 1.80321, 1.64176, 1.34691, 1.27904, 1.42315, 1.1702
4.42, 0.0319376, 3.17411, 2.4131, 2.29899, 1.05309, 0.435291, 0.896503, 0.860501, 1.45302, 0.941152, 0.644003, 1.37723, 1.26493, 1.49929, 1.78391, 1.19739, 1.27543, 1.08008, 1.0544, 0.912728, 0.679004, 1.1061, 1.24919, 0.995049, 1.03106, 1.10989, 1.18512, 0.774196, 0.878878, 0.727792, 0.715727
4.44, 0.0319376, 2.54473, 2.00515, 2.05467, 1.27529, 1.60262, 0.954416, 0.117333, 0.673052, 1.10835, 0.89625, 1.01405, 1.31097, 1.51829, 0.710697, 0.392131, 0.996921, 0.433842, 1.32503, 1.2174, 1.06551, 1.44204, 1.60044, 1.27133, 1.11665, 1.16717, 1.2478, 1.12461, 1.42002, 1.23554, 1.2115
4.46, 0.0319376, 1.77318, 2.17657, 1.76376, 1.38087, 0.991952, 0.129377, 1.04155, 0.928379, 1.23213, 1.25694, 1.55383, 1.29963, 1.03333, 0.997492, 1.04001, 1.19686, 0.352603, 0.633322, 0.198422, 0.989701, 0.882691, 0.689815, 0.888261, 0.914075, 1.04575, 0.900491, 0.498422, 1.1126, 1.04371, 0.910453
4.48, 0.0319376, 2.85714, 2.37051, 1.19771, 1.78881, 1.42441, 0.677931, 0.288721, 1.13019, 1.55131, 2.16785, 1.77562, 0.923455, 1.10764, 1.12209, 0.812169, 0.480103, 0.975503, 1.22039, 1.19291, 1.47024, 1.30812, 1.50275, 1.55389, 1.40576, 1.76955, 1.08025, 1.01218, 1.01023, 1.14099, 1.14893
4.5, 0.0319376, 2.91407, 2.3387, 1.45021, 1.58888, 1.03116, 0.283018, 0.913577, 0.45571, 0.638798, 0.82694, 1.02632, 1.02429, 0.932651, 0.702644, 0.605625, 0.620521, 0.674125, 0.735181, 0.714254, 1.29235, 0.862653, 0.945141, 1.16563, 1.56625, 1.63833, 1.68041, 1.30284, 1.35871, 1.06423, 1.3916
4.52, 0.0319376, 2.46215, 1.54417, 2.31326, 1.53812, 1.80177, 1.38688, 0.963455, 1.38331, 0.720713, 0.515207, 0.88436, 0.637468, 0.435441, 0.883432, 0.908755, 1.31342, 0.572731, 1.11766, 0.608324, 0.953794, 1.16136, 0.919292, 0.982692, 1.16028, 1.92511, 1.82033, 1.91674, 2.21934, 2.05568, 1.90071
4.54, 0.0319376, 2.78854, 2.34743, 2.02526, 1.91572, 0.734047, 1.15516, 0.562824, 0.35625, 0.674141, 0.89203, 1.06126, 1.08097, 0.743975, 0.648292, 0.848961, 0.934354, 0.736087, 1.08975, 0.85583, 1.53188, 1.55924, 1.66782, 1.78175, 1.87007, 1.54729, 1.2309, 1.5619, 1.50954, 1.70231, 1.9252
4.56, 0.0319376, 2.87685, 2.35241, 1.65057, 1.28878, 1.03978, 0.623389, 0.688276, 0.295317, 0.869672, 1.01269, 0.468185, 0.839339, 0.94209, 1.37027, 0.623834, 0.420353, 0.800263, 1.26355, 1.15056, 1.23592, 1.03958, 1.19231, 1.79325, 1.62852, 1.63901, 1.11693, 0.815531, 1.36379, 1.26393, 1.40435
4.58, 0.0319376, 1.96705, 1.95665, 2.17357, 1.91815, 1.22355, 0.758647, 1.37484, 2.0943, 1.94212, 0.628498, 0.720753, 1.31879, 1.63925, 1.13427, 0.875892, 1.03954, 1.24552, 1.35864, 1.6427, 2.03574, 1.96873, 1.59114, 1.92034, 2.07209, 2.18822, 2.61387, 2.49503, 1.97405, 2.01483, 2.38323
4.6, 0.0319376, 2.48566, 1.69981, 2.30656, 2.21331, 1.48448, 1.25127, 1.10422, 0.889036, 1.73134, 1.31664, 1.41642, 1.33102, 1.25228, 1.23046, 0.505486, 0.856897, 1.00464, 1.26084, 1.41983, 1.42271, 1.49238, 1.84254, 1.58948, 2.01002, 2.23766, 1.98666, 1.82196, 1.98317, 1.98888, 1.95221
4.62, 0.0319376, 2.25435, 2.44005, 1.92234, 1.30516, 1.29799, 1.60869, 1.67542, 0.509059, 1.08923, 1.39671, 1.02053, 1.58299, 1.7382, 1.30976, 0.942073, 0.752197, 0.773903, 0.575321, 0.926134, 1.35194, 1.42363, 1.7947, 2.03441, 2.16904, 1.88509, 1.41114, 1.72885, 1.92358, 1.93327, 1.91098
4.64, 0.0319376, 3.21007, 2.73572, 1.91493, 1.21486, 1.77311, 0.770037, 0.214829, 0.539228, 1.07316, 0.986199, 1.22277, 0.880737, 1.22676, 1.72079, 1.40638, 0.87504, 0.38099, 0.776116, 1.01428, 1.30528, 1.08778, 0.689081, 0.948249, 1.05482, 0.994274, 1.27024, 1.46093, 1.66063, 1.50597, 1.49143
4.66, 0.0319376, 2.85455, 2.8595, 2.29946, 1.40788, 0.944689, 1.14192, 1.15532, 1.03248, 1.29351, 1.32183, 1.45879, 0.911438, 0.69825, 0.88651, 0.875679, 0.667356, 0.274271, 1.16301, 1.12907, 0.929558, 0.973262, 1.0359, 1.21017, 1.43287, 1.34917, 1.17032, 1.4676, 1.86849, 1.7269, 1.92247
4.68, 0.0319376, 2.5194, 2.07149, 1.64666, 1.58144, 1.16553, 0.179683, 1.18894, 1.21295, 1.26624, 1.31147, 0.727113, 0.900348, 0.470184, 0.740353, 0.824592, 0.197989, 0.355122, 0.806886, 0.726388, 0.847407, 1.56645, 2.13102, 1.98459, 2.06777, 1.99177, 1.6685, 1.73965, 1.57979, 1.43801, 1.20577
4.7, 0.0319376, 2.47277, 2.20572, 2.06622, 1.287, 1.83457, 1.68116, 0.455053, 0.674889, 1.46351, 1.61848, 1.03871, 0.616735, 0.845194, 0.626959, 0.437463, 0.162353, 0.440898, 0.752073, 0.406443, 1.14347, 1.32045, 1.30932, 1.23448, 1.45305, 1.42979, 1.1913, 1.00849, 1.14728, 1.26326, 1.3431
4.72, 0.0319376, 2.99365, 2.98179, 1.99371, 1.51578, 1.26248, 1.00695, 1.59541, 2.01521, 1.90732, 1.56489, 0.996156, 1.26958, 1.66429, 1.72139, 1.32579, 1.35183, 1.0857, 0.88009, 1.44773, 1.91071, 2.01261, 2.24045, 1.83025, 1.59266, 1.58236, 1.75944, 1.67779, 1.41201, 1.19305, 1.98939
4.74, 0.0319376, 3.20437, 2.56285, 1.79728, 2.09222, 1.65368, 0.964895, 0.387857, 1.26007, 1.19696, 1.39561, 1.56677, 1.61002, 2.11182, 2.41295, 2.22604, 1.71031, 0.887891, 0.826822, 1.22813, 1.50627, 1.51443, 1.58366, 1.73821, 1.74013, 1.81072, 1.50308, 1.79768, 1.52843, 1.89508, 1.5954
4.76, 0.0319371, 2.37059, 2.50761, 1.69205, 1.72307, 1.19589, 0.795483, 0.58687, 1.57274, 1.89982, 1.79858, 1.2774, 1.13239, 1.44441, 1.73347, 0.655885, 0.266242, 0.561449, 0.733672, 1.14066, 1.49394, 1.14626, 1.29623, 1.39461, 1.52034, 1.9244, 1.70815, 1.62196, 1.57307, 1.12862, 1.22683
4.78, 0.0319371, 2.68558, 2.39434, 2.13687, 1.19878, 1.61502, 1.05502, 1.21521, 1.82007, 1.98798, 2.04769, 1.87354, 2.45542, 1.99247, 1.70196, 1.36437, 1.05654, 1.58898, 1.504, 1.02754, 1.45157, 1.96638, 1.90073, 1.69492, 1.77203, 2.00429, 1.99603, 1.57165, 1.75697, 1.53108, 1.3846
4.8, 0.0319371, 2.3302, 2.1048, 2.12561, 1.49338, 1.663, 1.17011, 1.35013, 1.32876, 1.47272, 1.3966, 1.12555, 1.2499, 1.23635, 1.24838, 1.4155, 0.962965, 1.21615, 0.837574, 1.2645, 0.789858, 0.685938, 1.58403, 1.96032, 1.98897, 1.93886, 1.30509, 0.942711, 1.04133, 1.24838, 1.21488
4.82, 0.0319371, 2.62467, 1.93866, 1.24948, 1.51406, 1.75901, 1.22797, 1.5977, 1.66654, 2.04277, 1.87306, 1.79922, 1.69075, 1.75035, 1.60643, 1.25273, 0.967149, 0.99378, 1.36188, 0.911047, 1.27816, 1.53267, 1.77059, 1.65067, 1.49582, 1.41324, 1.44258, 1.39959, 1.58856, 1.51163, 1.39893
4.84, 0.0319371, 1.81019, 2.66355, 2.44484, 1.92246, 1.82048, 0.936675, 0.762902, 2.01184, 2.12062, 1.98235, 2.00541, 1.65098, 1.46896, 1.50529, 1.4456, 0.857476, 1.56947, 1.72611, 2.02416, 2.05958, 2.7217, 2.7984, 2.60763, 2.03452, 2.32555, 2.12721, 2.15754, 2.21729, 2.18702, 2.4405
4.86, 0.0319376, 1.76369, 2.5061, 1.94838, 2.06361, 1.31186, 0.927879, 1.25318, 1.44051, 1.52142, 1.60734, 1.48568, 1.54837, 1.81644, 1.06158, 0.687365, 1.16027, 1.09144, 1.54554, 1.48859, 1.72762, 1.58026, 1.46364, 1.4849, 1.57551, 1.8597, 1.44242, 1.79091, 1.71401, 1.79774, 2.36492
4.88, 0.0319376, 2.59288, 1.97135, 2.26684, 1.42311, 1.49761, 1.71603, 1.51276, 1.72298, 2.16489, 1.89654, 1.72781, 1.87254, 1.50281, 0.879418, 1.33403, 1.08532, 0.963574, 1.31369, 1.87084, 1.92887, 1.83768, 2.45473, 2.60709, 3.03145, 3.39383, 2.94915, 1.8976, 1.77, 1.73759, 2.01945
4.9, 0.0319376, 1.94896, 2.08895, 2.04663, 1.46378, 1.33636, 1.06697, 0.425473, 1.701, 1.51064, 1.871, 1.64282, 1.46281, 1.44081, 1.09939, 1.29537, 1.12384, 1.38848, 1.72063, 1.8655, 2.40761, 3.12725, 3.41779, 3.21317, 3.27886, 3.03459, 2.95418, 2.61104, 2.52171, 2.68857, 2.69185
4.92, 0.0319376, 3.06512, 2.37755, 2.22565, 1.58694, 0.409367, 1.37891, 1.48007, 1.65289, 1.98712, 2.17288, 1.4023, 1.67942, 1.58879, 2.03818, 1.77891, 1.73615, 1.49889, 0.992112, 1.78606, 1.69828, 1.38816, 2.05601, 2.15657, 1.89885, 2.36893, 2.25296, 2.1454, 2.35659, 2.40841, 2.58194
4.94, 0.0319376, 3.27985, 2.391, 1.49859, 1.99937, 1.62344, 1.04558, 1.13776, 1.22027, 1.07722, 1.38084, 1.70638, 1.80634, 2.25919, 2.23024, 1.84804, 2.41975, 2.59793, 2.39028, 2.87068, 3.1014, 3.20564, 2.96539, 3.1876, 3.71307, 3.21324, 3.05423, 3.08463, 2.86924, 3.13776, 3.54983
4.96, 0.0319376, 2.31234, 0.99964, 0.998083, 1.10485, 1.13374, 0.813757, 0.64602, 1.16571, 1.6658, 1.5365, 1.32403, 1.36665, 1.47601, 1.23786, 1.32641, 1.27646, 0.591905, 1.12392, 0.99079, 0.915844, 1.27046, 1.46907, 1.89858, 2.00931, 1.87272, 2.20168, 1.64324, 1.53943, 1.4345, 1.42304
