# Time (seconds), Duration (seconds), f0, f1, f2, f3, f4, f5, f6, f7, f8, f9, f10, f11, f12, f13, f14, f15, f16, f17, f18, f19, f20, f21, f22, f23, f24, f25, f26, f27, f28, f29
0, 0.0319375, 0.846063, 1.34437, 2.23033, 1.57018, 1.59765, 1.4236, 1.97715, 1.25207, 1.97248, 1.51553, 1.26411, 1.26849, 1.24247, 1.19549, 0.86633, 0.698123, 0.939015, 1.05402, 1.14644, 1.41659, 1.12292, 0.85246, 1.3207, 1.83915, 1.38491, 1.06, 1.00903, 0.850461, 0.847627, 1.32759
0.02, 0.0319375, 0.610109, 0.799005, 1.52949, 1.37736, 1.3972, 1.7529, 1.40321, 1.53793, 2.06497, 2.15976, 1.75032, 1.1315, 0.561406, 0.722153, 0.985489, 1.24138, 0.909371, 1.57158, 1.22217, 1.33359, 1.38361, 1.27597, 1.20443, 1.23258, 1.20133, 0.786714, 1.29917, 1.60129, 1.36979, 0.826761
0.04, 0.0319375, 0.350238, 1.89323, 2.327, 1.78445, 2.00067, 1.52883, 0.13995, 0.638353, 1.22332, 0.499918, 0.826862, 0.792656, 0.921014, 0.850853, 1.1438, 0.626652, 0.614363, 0.768555, 1.29492, 1.304, 0.714118, 0.743848, 1.07062, 0.956133, 1.22854, 1.19076, 1.45375, 1.54292, 0.993241, 1.36592
0.06, 0.0319375, 0.336015, 0.461842, 0.9553, 0.786286, 1.58699, 0.527707, 0.589439, 1.3487, 1.43469, 1.19364, 1.17946, 0.885016, 1.14733, 0.648386, 0.667761, 0.308358, 0.376708, 1.2187, 1.01258, 0.506617, 0.649068, 0.822068, 0.703626, 0.729004, 0.656657, 0.873792, 0.950669, 1.00983, 0.734204, 0.6111
0.08, 0.0319375, 1.09191, 0.901814, 0.272594, 0.639177, 0.677756, 0.474129, 0.706807, 1.19131, 1.32993, 0.695664, 0.647408, 0.6831, 0.4184, 0.502304, 0.118142, 0.167416, 0.2248, 0.434912, 0.58365, 0.561436, 0.311143, 0.649243, 0.511701, 0.783894, 0.362064, 0.387484, 0.506644, 0.808701, 0.702424, 0.745752
0.1, 0.0319375, 0.596668, 1.61649, 0.553507, 1.06059, 0.460988, 0.407784, 0.231172, 0.865015, 0.947463, 1.24299, 0.868139, 0.551212, 0.944328, 0.4721, 0.441919, 0.832266, 0.56816, 0.533261, 0.488547, 0.250576, 0.579017, 0.468209, 0.293628, 0.400394, 0.450039, 0.167062, 0.232117, 0.662436, 0.438322, 0.70125
0.12, 0.0319375, 0.207425, 1.03256, 1.10604, 1.12763, 0.124152, 0.940183, 0.192815, 0.775831, 0.835292, 0.414239, -0.145092, 0.119756, 0.612033, -0.0381945, -0.147471, -0.31588, 0.0727014, 0.219977, 0.0370366, 0.153703, 0.394075, 0.357678, -0.0847453, 0.0720572, -0.0749552, -0.0864792, 0.443816, 0.579341, 0.178992, 0.331509
0.14, 0.0319375, -0.309281, 0.397205, 0.790062, 0.466244, 0.0527817, -0.585866, -0.349403, 0.446487, 0.674546, 0.583434, 0.255634, -0.000581135, 0.298609, -0.323938, -0.517296, -0.186671, -0.027131, -0.00589663, 0.0819159, -0.0928326, -0.0580081, -0.109703, 0.140857, -0.130546, -0.266293, -0.12589, -0.179077, 0.343403, 0.186091, 0.231239
0.16, 0.0319375, -0.170861, 0.498029, 0.329848, -0.0426156, 0.837735, 1.07984, 0.253733, 0.54395, 0.329438, -0.284963, 0.255062, 0.600419, 0.91926, -0.382751, 0.338202, 0.0211231, -0.489065, 0.155323, 0.45709, 0.123984, 0.113831, 0.0807295, 0.119229, -0.241012, -0.042927, 0.0832285, 0.504701, 0.787581, 0.48988, 0.506688
0.18, 0.0319375, 0.439285, 1.22615, 0.786184, -0.781405, 0.239034, 0.0978819, 0.102628, 0.847039, 0.236459, -0.0285639, -0.157099, 0.682518, 0.807193, 0.472657, 0.551237, -0.345511, -0.370023, 0.583587, 0.723798, -0.436507, 0.19058, 0.15103, 0.207614, 0.0758531, 0.0291002, -0.0538054, 0.697085, 0.412924, 0.352494, 0.536593
0.2, 0.0319375, 0.482496, 0.915495, 0.795286, 0.277743, 0.36857, 0.186387, 0.0712556, 0.464208, 0.395297, 0.433176, 0.830578, 1.05414, 1.06761, 0.445113, 0.024117, 0.485565, -0.257903, 0.227237, 0.498195, -0.272499, 0.263048, -0.451419, 0.00251739, 0.231748, 0.185297, -0.160541, 0.154931, 0.578349, 0.457915, 0.52058
0.22, 0.0319375, 0.155036, 0.270984, 0.739186, 0.151579, -0.142293, 0.403507, 0.433327, -0.105621, 0.525188, 0.0728569, -0.339359, -0.146988, 0.431752, 0.359481, 0.11124, -0.208473, 0.0436266, 0.136429, 0.291567, -0.268939, 0.0830932, -0.139228, 0.305275, -0.100023, -0.209706, -0.4682, -0.246693, 0.14701, -0.022261, 0.197091
0.24, 0.0319375, -0.898247, -0.367056, -0.000727918, 0.0749279, -0.0412503, 0.51798, 0.493658, 0.00986888, -0.3845, 0.156844, 0.497609, 0.189135, 0.00311972, -0.205472, -0.273044, -0.329394, -0.131345, -0.228035, -0.0158604, -0.635531, -0.30385, -0.277017, 0.00953135, -0.704755, -0.617249, -0.744957, -0.588299, -0.48744, -0.468089, -0.417718
0.26, 0.0319375, -0.284556, 0.158682, 0.458356, -0.288377, -0.183899, 0.463132, 0.312701, -0.00515853, -0.2201, -0.046921, -0.235418, -0.083449, -0.0978335, -0.191244, -0.342694, 0.0782046, -0.0256798, -0.580405, -0.625747, -0.990249, -0.337379, -0.822137, -0.581965, -0.67934, -0.6272, -1.08102, -0.828731, -0.421718, -0.350465, 0.125823
0.28, 0.0319375, 2.34108, 2.36164, 2.10068, 2.00001, 2.02316, 1.85163, 1.60358, 0.977777, 1.18974, 1.05498, 1.16794, 1.19128, 0.776975, 1.04653, 1.03051, 1.16536, 0.638527, 0.49869, 0.231571, -0.247866, -0.383877, -0.408898, 0.436452, 0.274319, 0.201049, -0.00619317, -0.0110409, 0.672949, 0.722024, 0.948737
0.3, 0.0319375, 3.95639, 2.61524, 2.53209, 2.52764, 3.33898, 3.25438, 2.97651, 2.69908, 3.33012, 3.0047, 2.45783, 2.27472, 2.67216, 2.33748, 2.11295, 1.89403, 1.67605, 1.66165, 1.79531, 1.57967, 1.72646, 1.86765, 1.13176, 1.34715, 1.11838, 1.0884, 1.09769, 1.12875, 1.16964, 1.14997
0.32, 0.0319375, 3.52455, 2.84419, 2.54553, 2.27643, 2.30048, 2.46708, 2.95778, 2.28291, 2.36077, 2.85232, 1.93924, 1.91988, 2.24802, 1.35402, 1.26013, 1.32151, 1.08472, 1.07163, 1.00882, 1.29236, 1.45012, 0.854896, 0.784139, 0.761154, 0.564999, 0.811103, 0.810185, 0.717778, 0.872768, 1.13502
0.34, 0.0319375, 2.77389, 2.37535, 2.79006, 2.03952, 3.10989, 2.62461, 2.97875, 1.9327, 2.58114, 2.74758, 1.98306, 2.02079, 2.15513, 2.24095, 2.40559, 1.94745, 1.51823, 1.90896, 1.35999, 1.32441, 1.44629, 1.20215, 1.46456, 1.32794, 1.22731, 1.20829, 1.27812, 1.24589, 1.60209, 1.55888
0.36, 0.0319375, 3.11372, 2.31374, 2.09844, 1.82054, 2.7156, 2.52144, 2.25321, 1.90209, 2.16688, 1.76461, 1.75993, 1.7788, 1.2967, 1.34066, 1.0387, 1.02969, 1.39251, 1.05043, 1.13814, 1.33632, 1.36739, 1.18474, 1.26327, 1.17349, 1.34079, 1.40864, 1.60178, 1.48713, 1.2429, 1.35353
0.38, 0.0319375, 2.10653, 1.87489, 2.24001, 2.11393, 2.60442, 1.92496, 2.29658, 1.83951, 2.2913, 1.90629, 1.36618, 1.44472, 1.42832, 1.32946, 1.04549, 1.18336, 0.83544, 1.02744, 0.578259, 1.03362, 1.27722, 0.920364, 0.952872, 0.859348, 0.610332, 0.769937, 0.747441, 1.02943, 0.924687, 1.07025
0.4, 0.0319375, 2.8222, 2.06813, 1.69492, 1.49027, 1.65886, 1.19956, 0.864251, 1.2616, 1.78989, 0.37273, 1.23166, 1.55962, 1.64057, 0.965488, 1.15861, 0.735029, 0.918881, 0.854706, 0.500372, 0.0428078, 0.504461, 0.454041, 0.45171, 0.370771, 0.414251, 0.679091, 0.741309, 0.896586, 0.694676, 0.76892
0.42, 0.0319375, 2.40055, 1.87639, 1.83986, 0.721247, 1.97261, 1.41715, 1.2878, 1.67525, 1.61354, 0.735066, 0.540799, 1.00055, 0.283872, 0.680253, 0.400319, 0.336732, 0.559129, 0.880336, 0.467052, 0.389811, 0.351267, 0.133536, 0.512045, 0.473323, -0.081985, 0.412016, 0.652575, 0.318664, 0.260453, 0.297368
0.44, 0.0319375, 1.58326, 1.42154, 1.74935, 0.659312, 1.08341, 0.890135, 1.31001, 0.906056, 0.783079, 0.77182, 0.275279, 0.764952, 0.682966, 0.405859, 0.706591, 0.860826, 0.313932, 0.573978, 0.804769, -0.12715, -0.117099, -0.17723, 0.0772466, -0.0436498, 0.177359, 0.0539335, 0.0538037, 0.232257, 0.166449, 0.340706
0.46, 0.0319375, 1.17676, 1.13998, 0.571897, 0.741977, 1.01929, 0.464484, 0.389246, 1.32438, 1.41381, 0.620894, 1.0873, 0.820409, 0.231577, 0.340035, 0.533859, 0.0931199, -0.0793147, 0.307501, 0.0888086, -0.142416, 0.234679, -0.099098, 0.136825, 0.0580169, -0.0439079, 0.0907368, -0.223918, 0.282658, 0.072518, 0.0211973
0.48, 0.0319375, 1.2262, 1.07773, 1.23107, 0.524752, 0.669686, 0.423042, 0.21891, 0.496547, 0.97542, 0.296764, 0.798083, 0.682903, 0.226429, 0.249523, 0.410752, -0.184593, -0.0607362, -0.0589423, -0.400299, -0.268204, -0.230614, -0.527964, -0.626672, -0.463566, -0.25996, -0.237623, -0.436143, -0.456015, -0.762571, -0.448885
0.5, 0.0319375, 0.645991, 0.613919, 0.688058, 0.537077, 0.185893, 0.442329, 0.958319, 0.456071, 0.750257, 0.188277, 0.244035, 0.434453, 0.226017, 0.250962, -0.0830727, -0.165712, -0.127137, 0.0534856, -0.0497292, -0.345482, -0.505479, -0.744223, -0.509343, -0.255554, -0.523522, -0.547528, -0.513923, -0.560599, -0.377593, -0.599191
0.52, 0.0319375, 1.20305, 0.757477, 0.236236, 0.480073, 0.397659, 0.0243827, 0.17752, 0.499115, 0.295007, 0.216533, 0.419018, 0.548913, 0.174928, -0.102921, -0.00815483, -0.153136, -0.14141, -0.212747, -0.108526, -0.221459, -0.820565, -0.585775, -0.797816, -0.845177, -0.739707, -0.915622, -0.679901, -0.27579, -0.405284, -0.197265
0.54, 0.0319375, 0.86436, 1.05505, 0.358452, 0.360011, 0.196919, 0.720326, 0.16343, 0.397272, 0.710392, 0.81103, 1.15722, 1.15535, 0.762045, 1.20823, 0.787936, 0.123279, -0.0814968, 0.182428, -0.26019, 0.111064, -0.225047, -0.145905, -0.202133, -0.443927, -0.512071, -0.595671, -0.333728, -0.0755827, -0.497667, -0.249542
0.56, 0.0319375, 0.289266, 0.1755, 0.463205, -0.345096, 0.351581, 0.313919, 0.500329, 0.314908, -0.13775, -0.290988, -0.0254551, 0.193832, 0.0523648, 0.0519066, 0.578847, 0.140511, -0.0410541, -0.687374, -0.713643, -0.531587, -0.230754, -0.327571, -0.268041, -0.42867, -0.315505, -0.683036, -0.368173, -0.129994, -0.246108, -0.288574
0.58, 0.0319375, 0.901759, 1.36982, 0.432918, 0.998024, 0.991155, 0.934398, 0.82537, 1.20765, 0.993266, 0.779356, -0.419914, -0.568941, 0.325306, 0.645384, 0.288719, 0.183873, -0.136062, -0.184752, -0.00924605, 0.221305, 0.0490949, -0.167331, 0.223027, -0.0411226, 0.474464, 0.137884, 0.0267577, 0.454779, 0.0701163, 0.207175
0.6, 0.0319375, 1.2639, 1.99834, 1.74976, 1.11838, 1.24464, 1.83872, 1.88709, 1.56026, 2.08932, 1.335, 1.08003, 1.79721, 1.61159, 1.06906, 1.03925, 0.831767, 0.489805, 0.78496, 0.714192, 0.484377, 0.584721, 0.0576914, 0.694615, 0.434086, 0.347966, 0.58585, 0.237046, 0.627039, 0.727315, 0.727587
0.62, 0.0319375, 1.32111, 1.37486, 1.89091, 1.73072, 1.91315, 2.12235, 2.15194, 1.87293, 1.44519, 1.12351, 1.35575, 1.32775, 1.26882, 1.37207, 1.25775, 1.52546, 0.881556, 0.551498, 0.873043, 0.9532, 0.657887, 0.816978, 0.628334, 0.90459, 0.651995, 0.484174, 0.973868, 1.17432, 0.740925, 0.552667
0.64, 0.0319375, 1.76969, 2.11128, 1.88881, 1.33782, 1.55139, 1.29946, 1.38446, 1.28666, 1.39573, 0.940128, 0.350711, 0.987125, 0.532609, 0.858768, 0.691143, 0.671712, 0.553759, 0.406022, 0.579664, 0.475055, 0.340645, 0.507342, 0.772997, 0.432732, 0.750816, 0.529772, 0.658642, 0.54891, 0.450277, 0.493175
0.66, 0.0319375, 2.00467, 2.31178, 2.04812, 1.76456, 2.06694, 1.66538, 0.888389, 0.691313, 1.34592, 1.18431, 0.648027, 1.12165, 0.926165, 0.805141, 0.91896, 0.612544, 0.580379, 0.527445, 0.667085, 0.389236, 0.316957, 0.35925, 0.454425, 0.508346, 0.623886, 0.523849, 0.681477, 0.448124, 0.322753, 0.544078
0.68, 0.0319375, 0.790327, 2.21973, 1.86376, 0.747069, 1.25133, 1.26063, 1.2235, 0.925531, 0.497224, 0.913988, 0.956789, 0.678868, 0.791355, 0.428899, 0.658871, 0.644543, 0.0118832, 0.218394, 0.434116, 0.407275, 0.442692, 0.189825, 0.387734, 0.0679154, -0.0335294, 0.239796, 0.202132, 0.257002, 0.550552, 0.394596
0.7, 0.0319375, 0.729575, 0.824387, 1.06534, 1.17722, 1.41715, 1.34941, 1.29125, 0.961994, 0.715463, 0.137138, -0.290428, 0.397059, 0.654748, 0.658861, 0.319901, 0.304257, 0.232257, 0.229159, -0.04299, -0.0685209, 0.17309, -0.0875893, -0.0234515, 0.127169, 0.0455148, 0.295636, 0.442107, 0.251216, 0.117114, -0.0738671
0.72, 0.0319375, 1.1469, 1.66333, 0.807402, 1.11372, 1.06372, 0.311716, 0.357299, 0.591741, 0.505996, -0.042407, -0.171434, 0.591039, 0.69471, 0.398683, 0.195462, -0.0509624, 0.530808, 0.623851, 0.208866, 0.255529, 0.236771, 0.284132, 0.0616007, -0.118328, 0.135755, 0.0798705, 0.27563, -0.0498027, -0.304326, 0.0335494
0.74, 0.0319375, 1.40891, 1.46152, 0.665276, 0.679409, 1.50071, 0.806813, 0.189513, 0.0843606, 0.705957, -0.305774, 0.109796, 0.625309, 0.152214, -0.082223, 0.287883, 0.266578, -0.20358, -0.739497, -0.634357, 0.0689826, -0.0126782, -0.157423, -0.587844, -0.689755, -0.310673, -0.417427, -0.221308, -0.281213, -0.0975726, 0.192596
0.76, 0.0319375, 0.969512, 1.2698, 1.07945, 0.569752, -0.523122, -0.34791, 0.0313704, 0.235984, 0.171462, -0.225528, -0.15232, 0.0847744, 0.248237, -0.464335, -0.545521, -0.267822, -0.43114, -0.50796, -0.384228, -0.415167, -0.604044, -0.598224, -0.797064, -0.66282, -0.604642, -0.69007, -0.488396, -0.4582, -0.304662, -0.195072
0.78, 0.0319375, -0.171107, 0.627347, 0.351061, -0.0392716, 0.214523, -0.146968, 0.0959199, 0.258424, 0.14562, -0.0622476, -0.544495, -0.525403, -0.278751, -0.274957, -0.376124, -0.0611202, -0.854829, -0.421315, -0.790804, -0.658072, -0.498444, -0.765901, -0.703542, -0.366148, -0.680152, -0.897632, -0.650957, -0.63374, -0.520748, -0.618808
0.8, 0.0319375, -0.118337, 0.667966, 0.394863, 0.521679, 0.354462, 0.533212, 0.144495, -0.0370059, -0.166436, 0.326032, 0.882048, 0.518304, 0.16912, 0.471374, 0.411365, 0.192072, -0.0633795, -0.0341766, -0.148764, 0.0621576, -0.103507, -0.491963, -0.153535, -0.158492, -0.197242, -0.385011, -0.0233596, 0.666894, 0.186297, 0.0212907
0.82, 0.0319375, 0.42499, 0.436552, 0.516152, -0.0530265, 0.407974, 0.349677, 0.405579, 0.350348, -0.0799463, -0.61727, -0.476686, -0.869638, -0.503359, 0.451779, 0.417643, -0.17358, -0.488877, -0.455573, -0.0814785, -0.114769, -0.253062, -0.534557, -0.438222, 0.00587001, -0.195303, -0.190237, 0.160476, 0.323403, -0.208214, -0.111041
0.84, 0.0319375, 0.342823, 0.530112, 0.787991, 0.133523, -0.0394085, 0.3216, -0.0206952, 0.0128009, 0.0575268, -0.622085, -0.679819, -0.348235, -0.056506, -0.083038, -0.447301, -0.0232936, -0.0416752, 0.0848695, -0.405098, -0.3414, -0.590829, -0.469078, -0.152033, -0.3335, -0.238288, -0.302089, -0.31949, -0.396933, -0.142894, -0.472892
0.86, 0.0319375, 2.37868, 1.72136, 2.13949, 2.80149, 2.88207, 2.09161, 1.76302, 2.49806, 2.95178, 2.15202, 1.29198, 1.47036, 1.06001, 1.00292, 1.40625, 0.700827, 0.561031, 0.50353, 0.641646, 1.18857, 0.934077, 0.584485, 0.758813, 0.594032, 0.244043, 0.78517, 1.09111, 1.09478, 0.612313, 0.858961
0.88, 0.0319375, 2.76338, 2.63943, 1.85082, 2.64475, 2.13238, 2.56672, 2.06959, 1.34878, 1.83165, 1.76557, 1.50657, 1.31727, 0.903554, 1.17981, 0.694318, 0.485724, 0.449489, 0.613424, 0.919649, 0.498015, 0.492088, 0.252657, 0.34295, 0.792285, 0.94564, 0.500614, 0.306081, 0.560333, 0.661714, 0.515013
0.9, 0.0319375, 1.9494, 2.29717, 2.35032, 2.33187, 1.86394, 1.70749, 1.11551, 1.3877, 2.27179, 1.96982, 1.97288, 2.10273, 1.76632, 1.63593, 2.44946, 2.22974, 1.33829, 0.847515, 1.25496, 1.89302, 1.52771, 1.21188, 1.13791, 1.52187, 1.07574, 1.27309, 2.06828, 2.29956, 2.25713, 1.97715
0.92, 0.0319375, 1.57727, 1.91045, 2.31922, 1.80726, 2.10533, 2.13563, 1.81479, 2.27587, 2.52362, 2.24834, 2.02851, 2.22238, 2.00453, 2.53509, 2.32881, 2.08489, 2.12234, 1.68943, 1.78258, 2.10637, 1.71603, 1.57527, 1.73138, 2.15099, 2.11988, 2.08145, 1.85004, 2.03774, 1.89337, 1.94643
0.94, 0.0319375, 1.92786, 1.56338, 1.88421, 1.74516, 1.88339, 1.99457, 1.63632, 1.455, 1.64223, 0.574858, 1.17413, 2.10197, 2.1367, 2.05775, 1.82581, 1.86282, 1.2784, 1.53428, 2.03493, 1.24279, 1.00009, 1.05513, 1.29691, 1.49019, 1.2092, 1.07233, 1.48655, 1.70998, 1.57351, 1.77738
0.96, 0.0319375, 1.12932, 1.97413, 2.2726, 2.41057, 2.51472, 1.4737, 1.66467, 1.42036, 1.34098, 1.7471, 1.60538, 1.69922, 1.65871, 1.75169, 1.85453, 1.72731, 1.51261, 1.47878, 1.12989, 0.855791, 1.19569, 1.08185, 1.41986, 1.41299, 1.33831, 1.68434, 1.11711, 1.30112, 1.34896, 1.21342
0.98, 0.0319375, 1.53219, 2.27886, 2.011, 1.96345, 1.01948, 0.935138, 1.68933, 1.43171, 1.32485, 1.66635, 1.393, 1.69112, 1.64387, 1.39822, 1.01436, 0.969633, 1.13304, 1.05719, 1.42822, 1.06761, 1.24733, 0.892964, 0.952897, 1.4061, 1.10854, 1.25558, 1.1643, 1.3004, 1.29526, 1.28773
1, 0.0319375, 0.446584, 1.69703, 2.40294, 1.60101, 1.36688, 0.995418, 1.74026, 1.45011, 1.10963, 1.63496, 1.24323, 0.551804, 1.133, 1.42568, 1.33187, 1.29974, 0.542945, 0.609238, 0.62571, 0.592556, 0.797794, 0.901141, 0.837819, 1.02858, 0.914172, 0.894703, 0.803704, 0.865584, 0.697578, 0.471497
1.02, 0.0319375, 0.873596, 1.43464, 1.43741, 1.84161, 1.21649, 1.23196, 1.09323, 1.21528, 1.10859, 0.876082, 0.888694, 0.752921, 1.1356, 1.1361, 1.33686, 0.846588, 0.746566, 0.729784, 0.831303, 0.697544, 0.801401, 0.220926, 0.580195, 0.774618, 0.436468, 0.154374, 0.636773, 0.500032, 0.452565, 0.43318
1.04, 0.0319375, 1.2048, 1.38114, 1.27821, 0.720885, -0.103538, 0.16416, 0.369476, 0.607481, 1.01698, 1.37916, 0.45362, 0.541467, 0.59381, 0.827797, 0.981627, 0.762603, 0.554541, 0.476239, 0.487832, 0.189333, 0.268499, 0.0521961, 0.430158, 0.451088, 0.35328, 0.229522, 0.320037, 0.279313, 0.140163, 0.211911
1.06, 0.0319376, 0.726307, 1.44954, 1.57509, 0.879697, 1.35728, 1.15283, 0.604747, 0.188077, 0.960796, 0.175921, 0.341964, 0.0890066, 0.216433, 0.161107, 0.592682, 0.494536, 0.351549, 0.342587, 0.178983, -0.187067, -0.193627, 0.313024, 0.342762, 0.261171, 0.238511, -0.044192, 0.163458, 0.25097, -0.00847277, 0.219513
1.08, 0.0319375, 1.07332, 1.14535, 0.606008, 0.580609, 1.19043, 0.717851, 0.904266, 1.11886, 0.941437, 0.78594, 0.570036, 0.248153, 0.15342, 0.379104, 0.375772, 0.111181, 0.511206, 0.343704, -0.153774, -0.109424, -0.0199336, -0.166323, 0.142819, 0.152106, 0.02499, 0.187938, 0.108208, 0.0307448, 0.160631, -0.173408
1.1, 0.0319375, 0.596296, 1.29503, 0.612809, 0.971494, 0.762357, 0.516886, 0.018847, 0.550054, 0.932995, 0.554258, 0.6854, 0.367507, -0.0128975, 0.0695052, 0.239936, 0.0255501, -0.141094, -0.242707, -0.479053, 0.0719721, -0.0165883, -0.324409, -0.301398, -0.248489, -0.162991, -0.282257, -0.304177, 0.0388185, -0.359838, -0.505653
1.12, 0.0319375, 0.911361, 1.27358, 1.1801, -0.231336, 0.556998, 0.629766, 0.483755, 0.220329, -0.0533406, -0.410377, -0.280888, -0.306875, 0.0243748, 0.272698, -0.206718, 0.476062, 0.0250979, -0.731272, -0.390259, -0.566056, -0.694555, -0.562239, -0.428784, -0.452709, -0.123342, -0.60895, -0.314535, -0.360978, -0.613907, -0.512632
1.14, 0.0319375, -0.118671, 0.126867, 0.668111, 0.305577, 0.151653, -0.13874, 0.287427, 0.727487, 0.318664, 0.237512, 0.0169792, -0.20417, -0.417001, -0.334109, -0.165505, -0.371568, -0.711152, -0.775637, -0.222856, -0.471832, -0.221128, -0.632326, -0.425948, -0.378068, -0.596505, -0.567313, -0.555565, -0.405658, -0.409852, -0.387312
1.16, 0.0319375, 2.26403, 2.1374, 2.08728, 1.51958, 2.75552, 2.3502, 2.20233, 1.7891, 1.618, 2.10475, 1.48136, 1.75434, 1.95877, 2.1613, 1.4151, 0.443601, 0.538639, 0.533717, 0.0706233, -0.0367365, 0.139254, -0.00372303, 0.317546, 0.130987, 0.128623, 0.440863, 0.290228, 0.739695, 1.08448, 0.556128
1.18, 0.0319376, 1.49614, 1.7933, 2.66286, 2.19244, 2.46189, 2.20003, 1.99676, 1.81145, 1.73623, 1.78365, 1.696, 1.52631, 1.08158, 0.874173, 0.299439, 0.201424, 0.403877, 0.236727, 0.161668, 0.123648, 0.0384811, 0.16434, 0.0994471, -0.059221, 0.216075, 0.592442, 0.708093, 0.707952, 0.731668, 0.732118
1.2, 0.0319375, 1.31851, 2.21056, 2.32254, 2.03779, 2.3474, 1.83806, 0.494119, 0.912998, 1.47489, 1.44432, 1.56254, 1.24837, 1.08874, 0.718966, 0.801143, 0.285651, 0.261757, -0.138842, -0.375355, -0.224606, -0.276552, -0.288623, -0.155809, -0.398983, -0.0321725, -0.104263, 0.172044, 0.20302, -0.125176, 0.314664
1.22, 0.0319375, 1.22068, 1.67154, 1.06136, 1.65493, 1.96797, 1.43833, 1.28018, 1.17299, 1.23918, 1.2088, 0.622681, 0.283208, 0.879901, 0.934792, 0.266108, 0.213589, 0.18333, -0.0814499, -0.677635, -0.448024, 0.0825047, 0.171827, -0.152379, -0.202827, -0.0439045, 0.218586, 0.0598559, 0.199463, 0.129048, 0.083253
1.24, 0.0319375, 2.19595, 2.91431, 2.65609, 1.37378, 1.85572, 1.94893, 1.22047, 1.45062, 1.66083, 1.07233, 0.658805, 1.0767, 1.30755, 1.03227, 1.14447, 1.12644, 0.788789, 0.669232, 0.977976, 0.620093, 0.84671, 0.87317, 1.01984, 0.869046, 1.26573, 1.16638, 1.45123, 1.12243, 1.19215, 1.03048
1.26, 0.0319375, 1.70077, 2.13316, 2.35988, 2.54684, 2.7309, 2.68024, 2.48723, 1.76592, 1.51282, 1.89165, 1.15955, 1.25127, 1.31399, 1.77497, 1.20921, 1.50014, 1.20864, 0.849366, 1.56372, 1.06805, 0.650793, 1.0206, 1.46404, 1.19471, 1.10878, 1.0025, 1.18923, 1.31341, 0.978756, 1.20682
1.28, 0.0319375, 1.21978, 1.73538, 2.11926, 1.3732, 1.44767, 1.54331, 0.648163, 0.996296, 1.5534, 1.28058, 0.966714, 1.01525, 0.900344, 1.15864, 1.15341, 1.02509, 0.961031, 0.769811, 0.924268, 0.878402, 0.791542, 0.668138, 0.686105, 0.845154, 0.79474, 1.00802, 1.08522, 1.22222, 1.48447, 1.22718
1.3, 0.0319376, 1.7672, 2.20798, 1.86891, 0.654388, 1.12865, 0.755097, 0.833571, 0.970259, 0.768971, 1.09572, 0.829886, 0.745003, 0.577413, 0.945324, 0.76825, 0.808273, 0.484759, 0.848131, 0.484605, 0.472728, 0.409556, 0.638023, 0.264477, 0.27667, 0.300133, 0.354727, 0.550212, 0.90647, 0.350769, 0.723501
1.32, 0.0319375, 1.15735, 0.569332, 0.796109, 0.628868, 1.44221, 1.52609, 0.365202, 0.633452, 0.505506, 0.803088, 0.837768, 1.0519, 0.913096, 0.491206, 0.084867, 0.44392, 0.123123, 0.259974, 0.324223, 0.227759, 0.157399, -0.0536843, 0.183287, 0.132261, 0.132367, -0.0073588, 0.190019, 0.0928044, 0.255474, 0.404147
1.34, 0.0319375, 1.27534, 0.907203, 1.07197, 1.11721, 0.730986, 0.959527, 0.614361, 0.100523, 0.675443, 0.486273, -0.083468, -0.355728, 0.06312, 0.634818, 0.422015, -0.012844, 0.0250958, 0.0861424, 0.231193, 0.240687, -0.140325, 0.0570955, 0.284539, 0.249436, -0.00442289, -0.00400282, 0.182575, 0.323869, 0.241412, 0.0731432
1.36, 0.0319375, 0.102587, 0.587568, 0.387983, -0.225917, -0.0721357, -0.197236, 0.184708, 0.0535702, -0.0562684, 0.381386, 0.35843, 0.417878, -0.0807652, -0.0684365, 0.149406, 0.311363, -0.78877, -0.218262, -0.229474, -0.323993, -0.158111, -0.330793, -0.558954, -0.271914, -0.16872, -0.206391, -0.347356, 0.00225147, -0.0718142, -0.104733
1.38, 0.0319375, -0.720611, 0.61417, 0.82058, 0.100878, 1.03948, 0.78883, 0.336036, 0.322241, 0.418978, 0.12207, 0.0345589, -0.132849, 0.271288, 0.187759, 0.263722, -0.0823224, -0.597977, -0.407227, -0.625748, -0.666477, -0.750225, -0.764434, -1.07058, -0.290818, -0.430791, -0.424903, -0.518895, 0.00572423, -0.344012, -0.182641
1.4, 0.0319375, -1.01642, 0.894212, 0.952869, 1.38506, 0.973767, 1.2097, 0.536206, 1.0063, 0.4356, 0.295613, 0.515906, 0.153655, -0.23116, 0.473037, 0.253557, 0.121107, -1.12828, -0.502341, -0.379597, -0.536687, -0.764922, -0.517788, -0.144065, -0.308258, -0.401854, -0.604365, -0.585039, -0.46203, -0.464592, -0.402021
1.42, 0.0319376, 0.20977, 0.176219, 0.801139, 0.328851, 0.833281, 1.62555, 0.915698, 0.377377, 0.148137, 0.108316, 0.410357, 0.552303, -0.398229, 0.0118053, -0.0380328, 0.532089, 0.267045, -0.691376, -0.303468, -0.373145, -0.645853, -0.914656, -0.415759, -0.618985, -0.968545, -0.712455, -0.722653, -0.410334, -0.675469, -0.564254
1.44, 0.0319375, -0.0988301, 1.20809, 1.10279, 0.469823, 0.0396857, 0.302855, -0.37059, 0.0588451, 0.0336308, 0.0715487, -0.22563, 0.254869, 0.242834, 0.0602445, -0.410968, -0.226989, -0.877056, -0.933686, -0.709883, -0.547299, -0.951514, -0.454876, -0.745364, -0.752675, -0.153685, -0.774368, -0.509211, -0.516396, -0.487944, -0.814445
1.46, 0.0319375, -0.233746, -0.0843643, 0.552193, 0.178677, -0.0053595, -0.00734961, -0.831397, -0.746493, 0.346189, 0.12656, -0.00870639, -0.0828772, -0.486805, 0.0950179, -0.134912, -0.653616, -0.656651, -0.981535, -0.403671, -0.729046, -0.815171, -0.881406, -0.965317, -0.936639, -0.809686, -1.12697, -1.06228, -0.7006, -0.546451, -0.858086
1.48, 0.0319375, -1.40393, 0.0949554, 0.38364, 0.219168, -0.0707667, 0.613322, -0.0399707, -0.445433, 0.190679, -0.481511, -0.720928, -0.308247, -0.484579, -0.631515, -1.08816, -0.857984, -0.99201, -0.614189, -0.862099, -1.27913, -1.15245, -1.42443, -1.23201, -1.1523, -0.897991, -0.930352, -1.02693, -0.748775, -1.13807, -1.21194
1.5, 0.0319375, 2.70564, 2.51494, 2.5782, 2.399, 2.57345, 2.51687, 2.59213, 2.47969, 2.43284, 2.2321, 2.13869, 1.73184, 1.33376, 1.51071, 0.7025, 0.594482, 0.731194, 0.769201, 0.929803, 1.18812, 0.974294, 1.03256, 0.442861, 0.165093, 0.464705, 0.637509, 0.817814, 1.03449, 1.04468, 0.387771
1.52, 0.0319375, 2.05136, 2.08303, 2.11038, 1.97218, 2.78174, 3.21776, 2.72539, 3.1616, 2.70894, 2.40754, 1.52888, 1.7023, 1.6422, 1.68118, 1.17614, 1.0256, 1.25788, 1.25643, 0.717368, 0.539635, 0.52003, 0.605579, 0.501943, 0.799064, 0.754245, 0.834231, 0.916649, 0.946119, 0.657622, 0.38064
1.54, 0.0319375, 2.38022, 2.13715, 2.22747, 1.62718, 2.10865, 2.22296, 2.33524, 2.74565, 1.79852, 2.18995, 1.56764, 1.11083, 1.11731, 1.32054, 0.748426, 0.468778, 0.531137, 0.496606, 0.452199, 0.476678, 0.48966, 0.00318401, 0.444031, 0.643805, 0.0695984, 0.390102, 0.522758, 0.432784, 0.203642, 0.00640838
1.56, 0.0319376, 1.59107, 1.56173, 1.73084, 1.89002, 2.11161, 1.81093, 1.95436, 2.11963, 1.64005, 1.74001, 1.41419, 0.928557, 1.62348, 0.48264, 0.35541, 0.883526, 0.75092, 0.244384, 0.255686, -0.0189426, 0.359814, 0.242868, 0.313505, 0.252617, 0.229882, 0.0261099, 0.488095, 0.304673, -0.109015, -0.00617595
1.58, 0.0319375, 1.17202, 1.5117, 2.48899, 2.04647, 2.88153, 2.47729, 2.15266, 2.52798, 1.64194, 2.00341, 2.32547, 1.4095, 1.75598, 1.89059, 1.39314, 1.23323, 0.975652, 0.763187, 0.579789, 0.946654, 1.02221, 0.684455, 0.640652, 0.999095, 0.638351, 0.55381, 0.852126, 0.823589, 0.568109, 0.671628
1.6, 0.0319375, 1.01956, 2.63731, 2.05642, 1.85056, 2.88406, 2.72792, 1.93056, 2.14965, 1.05135, 0.933225, 1.38309, 1.14733, 1.59509, 0.973774, 1.0002, 0.646619, 0.571992, 0.281886, 0.325337, 0.194228, 0.555061, 0.246999, 0.188619, 0.204512, 0.178347, 0.237581, 0.106335, 0.232312, 0.48489, 0.302765
1.62, 0.0319375, 1.92014, 2.04344, 2.087, 1.32582, 2.1258, 1.95894, 1.39598, 1.20037, 1.08983, 0.615628, 0.529025, 0.612659, 0.690555, 0.642565, 0.30502, 0.209159, 0.152977, 0.0885221, 0.0441428, -0.375748, -0.22008, 0.142203, 0.0587916, 0.139624, -0.210608, 0.0406527, 0.136876, 0.501538, 0.131691, 0.169666
1.64, 0.0319375, 1.36783, 2.32861, 1.90298, 1.78751, 1.56977, 1.46622, 1.23967, 1.55318, 1.45465, 1.32997, 1.25828, 0.814778, 0.975037, 0.716603, 0.40157, 0.203222, 0.0454229, 0.10199, -0.169845, -0.299948, -0.111208, -0.194603, -0.0784834, 0.126933, 0.0560681, -0.149583, 0.0255649, 0.208492, -0.0601996, -0.174035
1.66, 0.0319375, 1.12, 1.90736, 2.00231, 0.70213, 1.6582, 1.84134, 1.00783, 1.83298, 1.0853, 0.866082, 0.713578, 0.627224, 0.824316, 0.896326, 0.650954, 0.368395, 0.0651718, 0.276288, 0.296444, -0.102127, -0.193401, -0.331675, -0.338207, -0.189648, -0.0541473, 0.0478522, 0.172537, 0.23363, -0.0290286, -0.209117
1.68, 0.0319376, 0.932889, 1.908, 1.83578, 2.06453, 2.13993, 2.1181, 1.05011, 1.7766, 1.33016, 0.595597, 0.759696, 0.501735, 0.430242, 0.990449, 0.382419, -0.00835712, 0.0067337, 0.321406, -0.116324, -0.520624, -0.548278, -0.28673, -0.544077, -0.244819, -0.620338, -0.581695, -0.609656, -0.40969, -0.538497, -0.461721
1.7, 0.0319375, 0.903627, 1.06764, 1.24884, 0.958443, 1.63585, 0.492432, 0.348997, 1.11365, 0.980175, 0.249016, -0.537535, -0.556416, -0.162337, -0.188061, -0.77442, -0.949319, -0.418404, -0.371072, -0.533083, -0.788654, -0.654667, -0.336731, -0.570317, -0.865749, -0.707878, -0.651052, -0.753739, -0.6307, -0.735499, -0.614419
1.72, 0.0319375, 0.385944, 1.30083, 1.28198, 1.10967, 1.70671, 0.609575, 0.306092, 0.981783, 0.782891, 0.292002, -0.54714, -0.8137, -0.332141, -0.540782, -0.696226, -0.568127, -0.168617, -0.45176, -0.584591, -0.528193, -0.754834, -0.740223, -0.852417, -0.995956, -0.97736, -0.702707, -0.586391, -0.598233, -0.839158, -0.715019
1.74, 0.0319375, 0.313368, 1.49727, 1.14428, 1.03779, 1.17139, 1.03722, 0.582541, 0.543276, 0.160853, -0.139416, -0.12087, 0.165779, -0.0713792, -0.0866887, -0.643981, -0.761472, -1.12639, -0.463344, -0.332837, -0.545142, -0.962939, -1.15913, -0.734797, -0.990912, -0.703602, -0.746291, -0.976724, -0.333278, -0.551833, -0.599209
1.76, 0.0319375, -0.586507, 0.904665, 0.650776, 0.841126, 1.22668, 0.207677, 0.530476, 0.359308, 0.197598, 0.0789361, -0.472471, -0.446076, -1.02356, -0.718078, -0.71508, -1.01573, -1.338, -0.831892, -1.13785, -0.520893, -0.720426, -0.93827, -1.04725, -1.00698, -1.05872, -0.741145, -0.849761, -0.666092, -0.817705, -0.803045
1.78, 0.0319375, 0.0455483, 0.00942295, 0.56081, 0.233816, 0.452819, 0.129465, 0.114461, 0.375039, 0.319818, 0.174061, -0.146945, -0.327623, -0.341902, -0.628917, -0.487773, -0.64703, -0.905392, -0.935953, -1.2529, -1.20978, -1.22102, -1.07586, -1.11688, -1.31489, -0.96804, -1.19219, -0.892488, -0.851499, -1.02605, -0.905184
1.8, 0.0319376, -0.385604, 0.676516, 0.316542, 0.129112, 0.173982, 0.329294, -0.24777, -0.391529, -0.779252, -0.230611, -0.362942, -0.559243, -1.07903, -0.988439, -0.814937, -0.816458, -1.25251, -0.983326, -0.989964, -1.45297, -1.2589, -1.07803, -1.08084, -1.52921, -1.04566, -0.797047, -0.92283, -0.845266, -0.856864, -0.684306
1.82, 0.0319375, 0.1201, -0.270277, -0.0815651, 0.54222, 0.00752507, -0.220847, -0.310529, 0.0949218, -0.295066, -1.19347, -1.47622, -0.300417, -0.108773, -0.171577, -0.481155, -0.980926, -0.446171, -0.529115, -0.746582, -1.07293, -0.994307, -0.869193, -0.897074, -1.3783, -1.1633, -0.984218, -0.972582, -0.98826, -0.974046, -0.889735
1.84, 0.0319375, 2.54798, 1.57406, 1.75662, 1.96256, 2.00825, 1.67984, 1.9493, 1.54784, 1.27122, 1.27709, 1.44526, 0.909795, 1.45619, 1.91361, 0.660286, 0.559798, 0.647404, 0.397462, -0.206704, -0.231321, 0.139234, -0.11278, -0.00655566, -0.138754, 0.425893, 0.359685, 0.26899, 0.174906, 0.233196, 0.156671
1.86, 0.0319375, 1.41264, 2.67479, 2.69213, 2.22507, 1.73168, 1.70645, 1.3444, 1.66055, 1.76668, 1.43978, 0.851036, 1.43172, 1.05675, 1.53739, 1.04429, 0.385313, 0.552114, 0.499379, 0.811274, 0.0182019, 0.415309, -0.0570821, 0.337235, 0.552461, 0.392498, 0.503762, 0.682749, 0.821213, 0.533611, 0.389689
1.88, 0.0319375, 0.736274, 1.6392, 2.63434, 2.8171, 2.48064, 1.50155, 1.84914, 1.9935, 1.79064, 1.07723, 1.20644, 2.42005, 1.74373, 1.28226, 1.02493, 0.792941, 0.993194, 0.786073, 0.583975, 0.678632, 0.389326, 0.804781, 1.02566, 1.10247, 0.875918, 0.702824, 0.907717, 0.914855, 0.521148, 0.631789
1.9, 0.0319375, 1.5721, 1.49897, 2.0726, 1.9519, 1.71913, 1.73945, 1.71713, 1.41348, 1.31024, 1.51005, 1.20135, 1.33532, 1.11645, 1.00239, 0.890638, 0.53931, 0.447111, 0.300828, 0.205958, 0.400962, 0.370501, 0.128398, 0.119829, 0.272872, 0.350376, 0.311867, 0.703104, 0.715269, 0.24331, 0.242217
1.92, 0.0319376, 1.12835, 2.21037, 1.60345, 1.54647, 1.19186, 1.41811, 1.78238, 1.2598, 1.91442, 1.25946, 1.01498, 1.05986, 0.473717, 0.812832, 0.595135, 0.509669, 0.741934, 0.663556, 0.379027, 0.268571, 0.5896, 0.217452, 0.281498, 0.284258, 0.576315, 0.300624, 0.427004, 0.237508, 0.130801, 0.315953
1.94, 0.0319375, 1.3119, 1.81203, 0.525092, 1.26145, 1.22843, 0.613214, 1.29717, 1.22872, 1.6775, 1.59953, 1.07096, 1.0677, 0.796271, 0.948509, 0.664096, 0.790576, 0.625888, 0.183819, -0.127431, 0.343045, 0.0342523, 0.13623, 0.551473, 0.0959492, 0.135562, 0.17973, 0.174915, 0.438532, 0.0385719, 0.170456
1.96, 0.0319375, 1.20085, 1.48584, 1.18287, 0.750192, 1.45188, 1.49474, 1.85295, 1.36558, 1.41364, 1.25159, 0.510956, 0.79756, 0.406369, 0.52422, 0.77175, 0.520942, 0.325927, -0.0557001, 0.242603, -0.278235, 0.0274047, -0.194052, -0.307042, -0.0927069, -0.328252, -0.108391, 0.350607, 0.29511, 0.148159, 0.0905558
1.98, 0.0319376, 0.223653, 1.70956, 1.73269, 1.01576, 0.92574, 0.831239, 0.321987, 0.0326365, 0.710727, 0.672658, -0.00912556, 0.109175, 0.0520549, 0.599474, 0.079182, 0.0701777, -0.143365, 0.0312785, 0.0846608, -0.158234, -0.43224, -0.36578, -0.276424, -0.197358, -0.378844, -0.433631, -0.344741, -0.315917, -0.129937, -0.096426
2, 0.0319376, 0.822813, 0.796194, 0.582458, 0.774038, 0.595308, 0.254102, -0.0888679, 0.141378, 0.524126, 0.742642, 0.309522, -0.110767, 0.0348626, 0.241938, 0.376301, 0.115726, 0.198641, -0.403206, -0.382882, -0.93105, -0.696198, -0.586728, -0.588198, -0.313783, -0.353478, -0.18066, -0.206885, -0.408174, -0.250777, -0.366423
2.02, 0.0319376, 0.19619, 0.448535, -0.0904931, 0.482315, 0.749292, 0.218765, 0.208181, 0.060233, 0.110876, 0.29194, 0.100998, 0.367878, -0.131959, -0.297197, -0.510419, -0.552597, -0.636769, -0.65568, -0.782865, -0.736512, -0.552953, -0.630978, -0.542621, -0.605566, -0.479387, -0.537034, -0.495689, -0.32103, -0.472691, -0.83221
2.04, 0.0319376, -0.637208, 0.649348, 0.938113, 0.00453776, 0.283092, 0.738755, 0.297448, -0.0743195, -0.0739335, -0.167786, -0.579423, -0.492664, -0.297578, -0.193284, -0.52211, -0.284747, -0.474455, -0.794731, -1.08582, -0.864028, -1.0425, -1.11315, -0.989617, -0.89801, -0.61519, -0.586572, -0.639681, -0.756099, -0.842365, -0.814548
2.06, 0.0319376, -0.446705, 0.331091, 0.535052, -0.212099, -0.219423, 0.0061602, 0.430728, -0.3295, -0.121407, -0.461438, -0.537443, -0.0215468, -0.22493, -0.43429, -0.10048, -0.348411, -0.875775, -1.05725, -1.01628, -0.881491, -1.07208, -1.24034, -1.23936, -1.39447, -1.36848, -1.11574, -0.767355, -1.01178, -0.701147, -0.767514
2.08, 0.0319376, -0.501295, 0.431485, 0.638617, 0.291541, 0.741206, 0.687862, 0.394571, 0.59431, 0.856368, -0.362192, -0.0127283, -0.192736, -0.00488555, -0.47692, -0.242022, -0.423086, -0.766989, -0.92421, -0.807964, -0.70044, -1.07671, -0.772031, -0.604264, -0.832328, -0.654296, -0.744364, -0.848439, -0.371326, -0.862436, -0.74161
2.1, 0.0319376, 0.205889, 0.367396, 1.24839, 1.65407, 1.62387, 1.25734, 2.18358, 2.08603, 1.70151, 0.797534, 1.35324, 0.954289, 0.75636, 1.4921, 0.782838, 0.67613, 0.452288, 0.547827, 0.347223, 0.149095, -0.0526429, 0.00628436, -0.325627, -0.286641, -0.433528, -0.182671, -0.36109, -0.0324529, -0.114247, -0.102414
2.12, 0.0319376, 0.604797, 0.442261, 0.395257, 0.806689, 1.53894, 0.981663, 0.560327, 0.607399, 0.670896, 0.369739, 0.245934, 0.212805, 0.335316, 0.617872, 0.475843, 0.176477, -0.0548245, -0.425867, -0.26133, -0.477387, -0.72875, -0.489028, -0.505225, -0.870874, -0.758667, -0.700607, -0.694478, -0.438239, -0.50405, -0.247473
2.14, 0.0319374, 2.83904, 2.71792, 2.65243, 3.04504, 2.32482, 2.11486, 2.38836, 2.24316, 2.50289, 2.47408, 3.18773, 2.8344, 2.24633, 2.23249, 1.98517, 2.00462, 1.18928, 1.19118, 1.32984, 1.18092, 1.26021, 1.42308, 1.32181, 1.25473, 1.34257, 0.984206, 1.26867, 1.48861, 1.06701, 1.3159
2.16, 0.0319374, 2.07758, 2.4635, 2.37696, 2.90699, 2.89807, 1.92531, 1.37476, 1.72578, 2.19495, 1.67993, 2.67004, 2.34815, 1.61036, 2.19867, 2.52237, 2.2436, 1.39291, 1.19995, 1.17236, 1.49779, 1.15653, 1.38859, 1.14975, 1.66421, 1.27267, 1.59812, 1.15706, 1.8302, 1.81515, 1.51384
2.18, 0.0319374, 0.684235, 1.78317, 1.9737, 2.05376, 2.57606, 2.14874, 2.08641, 1.10157, 1.58447, 1.69084, 1.66844, 1.66044, 1.28436, 1.43751, 1.42319, 1.12173, 1.0421, 0.916339, 0.866276, 0.745036, 1.02126, 0.719301, 0.749782, 0.590531, 0.757875, 0.666215, 0.953416, 0.975405, 1.16512, 1.11687
2.2, 0.0319374, 2.1736, 2.1223, 1.91469, 1.78195, 1.57267, 1.12205, 1.04796, 1.5615, 1.15757, 1.07887, 1.0633, 1.3491, 0.700459, 1.07733, 1.14371, 0.807996, 0.940584, 0.810006, 0.656529, 0.530908, 0.416663, 0.277444, 0.715937, 0.679894, 0.679932, 0.657987, 0.679502, 0.703158, 0.394702, 0.588431
2.22, 0.0319374, 2.1587, 2.43835, 2.21619, 1.31917, 2.00999, 1.53542, 0.73102, 0.45191, 1.41215, 1.09474, 0.794304, 1.44291, 1.15572, 1.14452, 1.01336, 0.701311, 0.794442, 0.419265, 0.499496, 0.206967, 0.529838, 0.0349611, 0.156713, 0.0993093, 0.20713, 0.435204, 0.622589, 0.624133, 0.460997, 0.367022
2.24, 0.0319376, 2.33795, 2.62053, 2.01015, 1.38603, 1.38516, 1.04658, 0.822642, 1.53198, 1.55059, 1.0543, 0.704821, 0.645321, 1.23462, 1.3038, 1.07288, 1.02633, 0.869231, 1.13056, 0.998319, 0.583915, 0.672401, 0.508864, 0.712986, 0.853627, 0.812548, 0.639692, 0.74087, 1.1605, 1.23053, 1.14274
2.26, 0.0319376, 1.77113, 2.28763, 2.06399, 1.6151, 1.96637, 1.56639, 1.08742, 1.10178, 1.49313, 1.54575, 1.33933, 1.64772, 1.65829, 1.38826, 1.00582, 1.16449, 1.16807, 1.31569, 1.33066, 0.981535, 0.816038, 1.07157, 0.914254, 0.841726, 0.983633, 0.834104, 1.01298, 1.01042, 1.10035, 1.01097
2.28, 0.0319376, 0.835648, 1.62646, 1.12228, 1.65791, 1.5912, 1.22514, 1.14388, 1.32006, 0.910542, 0.647882, 0.367916, 0.826217, 0.880239, 0.68352, 0.957229, 1.13061, 1.10093, 1.11581, 0.113097, 0.280076, 0.847187, 0.631179, 0.405929, 0.424042, 0.348704, 0.314209, 0.45468, 0.432557, 0.236315, 0.624886
2.3, 0.0319376, 1.14564, 1.60743, 1.23909, 0.592936, 0.940691, 0.810147, -0.106419, 0.684983, 0.0124129, 0.748977, 0.213321, 0.666185, 0.0870861, -0.328917, -0.4976, 0.195452, 0.447296, 0.00520316, 0.034111, -0.203921, 0.135651, 0.0815943, -0.18445, -0.11394, 0.116021, -0.125822, 0.110616, 0.102476, -0.191615, 0.229835
2.32, 0.0319376, 0.589951, 1.18057, 1.347, 0.250221, 0.403762, 0.380822, 0.158015, 0.408412, 0.409709, -0.170992, -0.328571, -0.320679, 0.234976, 0.263424, 0.194167, 0.16095, -0.0253133, 0.202402, -0.198547, -0.387988, -0.365308, -0.236226, -0.30211, -0.134083, -0.0587753, -0.462521, -0.241213, -0.331728, -0.590343, -0.103428
2.34, 0.0319376, 0.453316, 0.307504, 0.647171, 0.855291, 0.349008, 0.600267, 0.303178, 0.041643, -0.570444, -0.864369, -0.366433, -0.18346, 0.334384, -0.428416, -0.243978, -0.260474, -0.312279, -0.369815, -0.302827, -0.052084, -0.188365, -0.470829, -0.648288, -0.541355, -0.379787, -0.436614, -0.272983, -0.0935351, -0.114701, -0.413491
2.36, 0.0319376, 0.846791, 0.721022, 0.318568, 0.296385, 0.115282, 0.254683, 0.614145, -0.000417618, 0.301017, -0.0522121, 0.0503555, -0.140672, -0.333964, -0.0340133, -0.567957, -0.0971119, -0.0360113, -0.314741, -0.274441, -0.355868, -0.673971, -0.730943, -0.956683, -0.5444, -0.457248, -0.628099, -0.360878, -0.400373, -0.780417, -0.740437
2.38, 0.0319374, 0.310669, 0.715688, 0.469552, 0.115462, 0.53684, 0.657343, 0.32401, -0.131804, 0.486561, -0.14338, -0.0263457, -0.233198, -0.318785, -0.430774, -0.61584, 0.00973749, -0.359684, -0.90459, -0.448011, -0.647522, -0.773429, -0.757395, -0.898831, -0.686892, -0.778813, -0.785195, -0.760271, -0.567157, -0.417759, -0.756082
2.4, 0.0319374, 0.213915, 0.903513, 0.257256, -0.155654, 0.177523, 0.131557, -0.647793, -1.00585, -0.612172, -0.56095, -0.474332, -1.03782, -0.956996, -0.259045, -0.682922, -0.665232, -0.748727, -0.60543, -0.678369, -0.92989, -0.865315, -0.863844, -0.77157, -0.816995, -0.795207, -1.00094, -0.379317, -0.565274, -0.540706, -0.503924
2.42, 0.0319374, 1.44659, 0.691881, 1.3298, 1.58273, 1.70553, 1.83423, 1.03412, 1.10073, 1.21631, 0.730123, 0.146378, 0.393158, 0.591267, 0.839701, 0.393155, -0.172981, -0.509668, -0.300065, -0.136864, -0.137734, -0.346142, -0.00824978, 0.316139, 0.559044, -0.103042, 0.388909, 0.426012, 0.250772, 0.194133, -0.0796339
2.44, 0.0319374, 1.08037, 1.50613, 2.14454, 1.50053, 2.0336, 1.4894, 2.57563, 2.14388, 1.66709, 1.44587, 1.41822, 0.70272, 1.02189, 0.647022, 0.397682, 0.0349424, 0.572814, 0.370753, 0.452957, 0.350131, 0.273749, 0.365397, 0.467268, 0.56189, 0.795746, 0.948639, 0.752478, 0.80627, 0.873218, 0.631653
2.46, 0.0319374, 1.1581, 1.79925, 1.24408, 1.75668, 1.79535, 1.72048, 1.57094, 1.36098, 1.79294, 1.68956, 2.01003, 2.069, 1.72955, 1.52539, 1.17544, 1.09451, 0.933031, 0.774869, 0.559641, 1.0024, 0.388473, 0.237147, 0.334128, 0.569485, 0.531751, 0.298997, 0.688309, 0.592751, 0.971239, 0.603956
2.48, 0.0319376, 1.15699, 1.83985, 2.14598, 1.42271, 1.83698, 1.67777, 1.96415, 1.6541, 2.57405, 1.82073, 1.50705, 1.83896, 2.05839, 1.79526, 1.58609, 1.16958, 1.16549, 1.43382, 1.04492, 1.40474, 1.32103, 1.18195, 1.04598, 0.901103, 0.863599, 1.19914, 1.45632, 1.25155, 1.6646, 1.11135
2.5, 0.0319376, 2.18809, 2.45898, 2.68182, 2.6533, 2.23568, 1.52611, 1.93259, 1.66004, 2.47813, 2.26442, 1.39946, 1.5602, 2.52448, 1.96038, 1.98727, 1.65568, 0.603504, 1.10638, 1.39653, 1.93831, 1.6563, 1.40288, 1.34072, 1.03085, 1.29092, 1.61328, 1.44219, 1.71245, 1.69301, 1.52318
2.52, 0.0319376, 0.781396, 1.65515, 2.27542, 1.65923, 2.64117, 2.29296, 2.00989, 2.36397, 2.59463, 2.17968, 1.35436, 1.72828, 2.17623, 2.0064, 1.80403, 1.1843, 1.41292, 1.75649, 1.35919, 1.8252, 1.77588, 1.21784, 0.989226, 1.23497, 1.06346, 0.682322, 1.21595, 1.36679, 1.36186, 1.4114
2.54, 0.0319376, 1.54764, 2.53414, 2.33873, 1.53652, 1.92633, 1.43124, 2.1618, 1.9174, 2.1443, 1.72694, 1.29742, 2.11123, 2.31164, 2.08321, 1.71048, 1.37989, 1.46007, 1.26723, 1.27456, 1.37842, 1.17121, 1.29383, 0.85956, 0.890372, 0.953677, 0.67039, 0.834007, 0.785901, 0.309679, 0.681232
2.56, 0.0319376, 1.46228, 1.87488, 2.01004, 1.45812, 1.71304, 1.26343, 1.36903, 1.24792, 1.19202, 1.41391, 1.29325, 1.05445, 1.30403, 1.09405, 1.25442, 0.286789, 0.328508, 0.591132, 0.866464, 0.557319, 0.691059, 0.762275, 0.425958, 0.476461, 0.312089, 0.0725895, 0.295035, 0.254602, 0.348951, 0.336823
2.58, 0.0319376, 0.993946, 1.57305, 1.27155, 0.49552, 0.530533, 0.596654, 0.885214, 0.900144, 0.971462, 1.24079, 0.858505, 1.00996, 1.15844, 0.995763, 0.510527, 0.580548, 0.388299, 0.108243, 0.612734, 0.551084, 0.183421, 0.0953783, 0.0139541, 0.118319, -0.120438, -0.16386, 0.0827871, -0.0665142, -0.224011, -0.201119
2.6, 0.0319376, 0.765466, 1.01283, 1.09455, 0.699771, 1.02264, 0.600304, 1.00436, 1.52041, 1.26711, 0.723451, 1.28193, 0.919618, 1.06938, 0.845723, 0.681692, 0.008896, 0.403606, -0.287983, 0.232167, 0.41804, -0.0336004, -0.430183, -0.319221, -0.207464, -0.455237, -0.236395, 0.0377394, -0.0188144, -0.599362, -0.21458
2.62, 0.0319376, 0.476643, 1.19778, 1.26859, 0.276204, 0.936384, 1.19734, 0.865396, 0.728808, 1.28967, 0.871311, 0.570258, 0.656823, 0.61903, 0.451044, 0.640751, -0.0509398, 0.00875303, 0.0230248, -0.25437, -0.0861861, -0.167917, 0.0117834, -0.396784, -0.538849, -0.528151, -0.256831, -0.628991, -0.41033, -0.547304, -0.571157
2.64, 0.0319374, 1.02598, 0.88716, 0.384846, 0.752033, 0.456705, 0.172747, 0.645558, 0.393867, 0.947625, 0.518593, 0.682635, -0.0732133, 0.347887, 0.350961, 0.263307, -0.224188, -0.0572229, -0.0163682, -0.535476, -0.256401, -0.412955, -0.282559, -0.629473, -0.499647, -0.386636, -0.745987, 0.0315016, -0.190579, -0.600671, -0.292428
2.66, 0.0319374, -1.07628, 0.214483, 0.880114, 1.01335, 0.814729, 0.647105, 0.617157, 1.06378, 1.52431, 0.873539, 0.543756, 0.118114, 0.611971, 0.56441, 0.0723029, -0.298328, -0.503945, -0.441778, -0.507543, -0.420694, -0.402246, -0.0350542, -0.597124, -0.0817214, -0.189184, -0.201128, -0.338071, -0.459771, -0.509301, -0.265674
2.68, 0.0319374, 0.520418, 0.493468, 0.937532, 0.913732, 0.381674, 0.27814, 0.179767, 0.127326, 0.252219, 0.543255, 0.337483, 0.250114, -0.0871564, -0.242671, -0.234167, -0.111522, -0.613304, -0.919584, -0.430423, -0.673709, -0.45481, -0.247069, -0.51269, -0.798437, -0.556457, -0.497347, -0.598486, -0.18293, -0.645547, -0.818394
2.7, 0.0319374, 0.144874, 0.434201, 0.517315, 0.52901, 0.34734, -0.049339, 0.580546, 0.313682, 0.471303, 0.61112, 0.154618, 0.209201, 0.396477, 0.33736, 0.114879, 0.257487, -0.44762, -0.415561, -0.336125, -0.608852, -0.287773, -0.352056, -0.0238066, 0.209745, 0.215449, -0.0400589, 0.19724, 0.337656, 0.191735, 0.104618
2.72, 0.0319374, 0.0678053, 0.544163, -0.223357, -0.0542849, 0.373597, 0.163208, -0.611671, 0.14306, 0.234844, -0.382462, 0.210298, 0.221254, -0.335228, -0.323831, -0.869043, -0.562505, -0.59875, -0.709888, -0.810671, -0.68158, -0.816281, -0.858527, -0.603038, -0.602125, -0.41522, -0.501021, -0.448364, -0.471094, -0.518247, -0.390611
2.74, 0.0319376, 3.07431, 3.41983, 3.11398, 2.98564, 3.08403, 2.7363, 2.63218, 2.85911, 3.08123, 3.30502, 2.69401, 3.04622, 3.38925, 2.91319, 1.87931, 1.58653, 2.1911, 1.57196, 1.48586, 1.09334, 0.572616, 0.866088, 1.06857, 0.742674, 1.35554, 1.16341, 0.995282, 1.19729, 1.05166, 1.44798
2.76, 0.0319376, 1.27419, 3.11896, 3.49, 2.43028, 2.51098, 2.21211, 2.57979, 3.37817, 2.83085, 3.54281, 3.49187, 2.50314, 2.3048, 2.1997, 1.8513, 1.67575, 1.59124, 1.28494, 1.35948, 0.67326, 0.491751, 0.780435, 0.625997, 1.065, 1.1727, 1.04873, 1.1034, 0.818682, 0.699998, 1.05178
2.78, 0.0319376, 2.14279, 2.43472, 2.73112, 2.28424, 2.23525, 0.897982, 1.65041, 2.89323, 2.23937, 2.55296, 1.93958, 2.08381, 2.09352, 1.49175, 1.61797, 0.964237, 0.938783, 1.17078, 1.06974, 1.0128, 1.14237, 1.04032, 1.51263, 1.32987, 1.39484, 1.01002, 1.36067, 1.65456, 1.24885, 1.41041
2.8, 0.0319376, 1.80489, 2.8103, 2.46715, 2.00272, 1.87648, 2.09847, 1.41567, 1.46319, 2.01882, 2.09975, 2.3241, 1.67018, 1.88369, 1.66211, 1.27307, 1.14494, 0.986984, 1.08259, 1.31244, 1.32415, 0.984082, 0.863317, 0.760686, 1.19433, 1.19592, 0.95425, 0.892452, 1.09291, 1.05231, 1.10098
2.82, 0.0319376, 2.3914, 3.36385, 2.92858, 3.04643, 3.38924, 2.65107, 2.31226, 2.5089, 2.66738, 2.44644, 1.88869, 2.20908, 2.14256, 2.03506, 1.63581, 1.84274, 1.43738, 1.19224, 1.53657, 1.79809, 1.26212, 1.3753, 1.44717, 1.31436, 1.38233, 0.935978, 1.17486, 1.42429, 1.20883, 0.959218
2.84, 0.0319376, 0.748561, 2.30167, 2.95157, 1.86722, 2.29222, 1.43949, 0.751337, 1.40405, 1.45965, 1.64072, 1.48542, 0.955312, 1.39846, 1.32222, 1.32299, 0.827117, 0.658065, 0.984791, 1.53854, 0.64619, 0.130204, 0.886287, 0.966648, 0.921749, 0.990746, 0.883803, 0.850041, 1.02925, 0.838522, 0.793528
2.86, 0.0319376, 0.609244, 1.62166, 1.8352, 1.0862, 1.52402, 1.51597, 0.929197, 1.49756, 1.57192, 1.70252, 1.40098, 1.28762, 1.05244, 0.682512, 0.542519, 0.502138, 0.546338, 0.319992, 0.550014, 0.6489, -0.0433044, 0.341956, 0.386834, 0.188266, 0.620707, 0.444228, 0.611723, 0.773365, 0.336524, 0.313021
2.88, 0.0319374, 1.78448, 2.17376, 2.30902, 1.62292, 1.44801, 1.24154, 1.43526, 0.984625, 0.635176, 1.28282, 0.899889, 1.20757, 0.601742, 0.589169, 0.46641, 0.198634, -0.434474, 0.234397, 0.210064, 0.585752, 0.491091, -0.081732, 0.215349, 0.173251, 0.337612, 0.342624, -0.0911087, 0.362696, 0.346805, 0.319939
2.9, 0.0319374, 0.966318, 1.97885, 1.06284, 1.31136, 1.57872, 1.34959, 1.02492, 1.30214, 0.459548, 0.883205, 0.424359, 0.332884, 0.67752, 0.794605, 0.41024, 0.395947, 0.0919954, -0.235712, 0.0215441, 0.19, -0.110674, -0.626832, -0.0545423, -0.327999, 0.148485, 0.0335163, -0.153283, -0.281741, -0.0308166, -0.0481932
2.92, 0.0319374, -0.424699, 1.04252, 1.44554, 0.877777, 1.37751, 0.78876, 0.894979, 0.550452, 0.690289, 1.03379, 1.03406, 0.811932, 0.293511, 0.290038, -0.0406379, 0.076287, -0.039195, -0.161888, -0.0984026, -0.370906, -0.631332, -0.444222, -0.252817, -0.363113, -0.325321, -0.24166, 0.0631164, -0.16847, -0.629603, -0.535446
2.94, 0.0319374, 0.108685, 1.59167, 1.14913, 0.497085, 0.835046, 0.735826, 0.404634, 0.608849, 0.552547, 0.52221, 0.410708, -0.0809046, -0.158652, -0.319936, -0.0632763, -0.0799912, -0.806127, -0.408059, 0.11148, -0.264116, -0.59519, -0.333612, -0.348608, -1.01037, -0.838432, -0.832607, -0.397935, -0.394951, -0.686177, -0.836233
2.96, 0.0319374, 0.289171, 1.169, 1.19786, 0.553574, 0.765534, 0.863121, 0.452793, 0.594803, 0.695082, 0.600443, 0.131415, 0.26001, -0.289773, -0.231651, -0.252735, -0.176201, -0.433447, -0.756604, -0.973705, -0.576674, -0.629348, -0.372367, -0.428024, -0.670995, -0.7702, -0.908892, -1.00158, -0.637174, -0.806168, -0.493071
2.98, 0.0319376, 0.458305, 0.699375, 1.18869, 0.505452, 0.12676, -0.158827, -0.232211, 0.298757, 0.452008, 0.42542, 0.144211, -0.471624, -0.353804, -0.721579, -0.849177, -0.673741, -0.638889, -1.01686, -0.954653, -0.342095, -0.647367, -0.987563, -1.08605, -0.923299, -0.917603, -0.811464, -0.671487, -0.639347, -0.615217, -0.835908
3, 0.0319376, 0.668463, 1.06254, 0.605651, 0.641446, 0.378657, -0.0652052, 0.493219, 0.492072, 0.0184907, 0.140838, 0.302958, -0.597695, -0.276851, -0.18556, -1.18078, -0.386399, -0.899544, -1.05448, -0.997236, -0.464078, -0.643187, -0.985409, -0.823109, -1.41722, -1.03385, -0.933196, -0.821316, -0.707573, -0.933651, -0.681529
3.02, 0.0319376, -0.312441, 0.307627, 0.255469, -0.606957, 0.105142, -0.508766, 0.0816397, 0.0717574, -0.214011, 0.107201, -0.0996471, -0.118698, -0.236851, -0.274075, -0.681076, -1.07872, -1.46658, -0.82319, -0.990679, -1.01451, -1.1772, -0.980711, -1.28812, -0.999926, -0.915376, -1.09342, -0.67723, -0.519097, -0.80003, -0.722603
3.04, 0.0319376, 0.0636265, 0.686343, 0.27615, -0.336448, -0.201954, -1.12545, -0.789425, -0.431069, -0.514543, 0.0306157, -0.123691, -0.584003, -0.359776, -0.389415, -1.18789, -0.829537, -0.867028, -0.911359, -0.809015, -0.895296, -1.03719, -1.19646, -1.3218, -1.02976, -1.19828, -1.13298, -1.11244, -0.589799, -0.839482, -1.07931
3.06, 0.0319376, -0.511806, 0.480376, 0.00250883, -0.380858, -0.407272, -0.979833, -0.556986, -0.0139432, -0.152864, -0.257008, -1.08834, -1.17588, -1.05425, -1.14049, -0.985929, -0.857302, -1.26128, -1.25313, -1.24188, -1.38875, -1.34136, -1.10405, -1.16326, -1.46136, -1.25531, -1.22023, -1.26789, -0.894666, -1.1551, -0.751896
3.08, 0.0319376, 3.01809, 3.00316, 2.3923, 2.61729, 2.64899, 2.43727, 1.9069, 1.84241, 2.05904, 2.36212, 2.565, 2.45779, 2.231, 1.59651, 1.23606, 1.38311, 0.954608, 0.495164, 1.26994, 1.30776, 0.828606, 0.469508, 0.701958, 0.485214, 0.920726, 1.08069, 1.21952, 0.654786, 0.56059, 0.049328
3.1, 0.0319376, 2.61902, 2.5226, 1.51739, 2.05856, 1.82862, 2.27708, 1.61179, 2.41293, 2.20245, 1.80098, 1.87288, 2.10081, 1.94023, 2.0081, 1.56318, 1.79103, 1.30964, 0.885845, 1.36568, 1.45506, 0.951965, 1.27984, 0.744693, 0.802377, 1.00676, 0.802919, 0.670661, 1.11495, 0.930167, 1.19056
3.12, 0.0319376, 1.85727, 2.42368, 1.69782, 0.751086, 1.51322, 1.46502, 1.33286, 1.75601, 2.13515, 2.09839, 1.80058, 1.54091, 1.8822, 1.65818, 1.56627, 1.57905, 1.2213, 0.981368, 1.12837, 1.19179, 0.821002, 0.747481, 0.88174, 0.653609, 0.559433, 0.586649, 0.661968, 0.717651, 0.382963, 0.375677
3.14, 0.0319374, 2.18362, 2.04138, 1.29348, 0.795714, 1.28621, 1.30333, 1.4791, 1.72149, 1.36578, 1.46977, 1.42406, 1.60694, 1.77492, 1.44908, 1.22779, 1.05873, 0.996629, 0.537404, 0.8937, 0.632249, 0.641605, 0.64547, 0.922464, 0.737608, 0.36778, 0.356007, 0.411522, 0.717123, 0.654246, 0.362933
3.16, 0.0319374, 2.40895, 2.33298, 1.23215, 1.51121, 2.10689, 1.48548, 1.24562, 2.08949, 2.12276, 2.01146, 2.21433, 1.39121, 0.729471, 1.93613, 1.79673, 1.6726, 1.42624, 1.3008, 0.964262, 1.50468, 0.827252, 0.741119, 0.893551, 0.885836, 0.668891, 0.693302, 0.894038, 0.92694, 0.919062, 0.696109
3.18, 0.0319374, 1.9198, 1.33212, 1.62387, 0.449132, 0.850728, 1.3898, 1.19272, 0.992859, 1.01226, 0.473235, 0.721499, 1.58928, 1.34619, 0.706647, 0.981002, 0.495025, 0.791862, 0.513555, 0.636883, 1.05527, 0.749771, 0.994507, 1.22249, 0.823189, 0.757104, 0.787893, 0.820101, 0.803864, 0.800876, 0.594801
3.2, 0.0319374, 1.51781, 0.970126, 0.655777, 0.686938, 1.15413, 0.695795, 0.823521, 1.31169, 1.14076, 0.734967, 0.670342, 0.983523, 0.79393, 0.908755, 0.445889, 0.711251, 0.409826, 0.609236, 0.777318, 0.343014, 0.535925, 0.741409, 0.553083, 0.874984, 0.379413, -0.0658944, 0.839615, 0.596057, 0.792871, 0.509028
3.22, 0.0319374, 0.838544, 1.24664, 0.543105, 1.12126, 1.14958, 0.666987, 0.780021, 0.302035, 0.341148, 0.555856, 0.562581, 0.142254, 0.133043, 0.380062, 0.44511, 0.43115, 0.287364, 0.858886, 0.49332, 0.893911, 0.489821, 0.191315, 0.622633, 0.527111, 0.24677, 0.0683983, 0.427106, 0.316738, 0.431125, 0.283944
3.24, 0.0319376, 1.28574, 0.871524, 0.780677, 0.998616, 0.99272, 1.03215, 0.892538, 1.27289, 1.55894, 1.40594, 0.936399, 0.778416, 0.465724, 1.64747, 1.58117, 1.07434, 0.98874, 0.678772, 0.906571, 0.803663, 0.707748, 0.393395, 0.686749, 0.660595, 0.791212, 0.308447, 0.434159, 0.733673, 0.60136, 0.307208
3.26, 0.0319376, 1.1966, 1.84209, 1.59108, 1.64048, 1.40903, 1.29228, 1.10152, 1.45858, 1.84782, 1.36051, 1.75372, 1.10842, 1.26372, 1.59686, 1.65177, 1.08353, 1.17363, 1.04888, 1.56126, 1.64454, 1.03877, 0.79929, 1.12403, 1.10816, 0.873325, 0.690582, 0.954433, 0.769775, 0.606183, 0.692509
3.28, 0.0319376, 0.476953, 0.960301, 1.17607, 0.673921, 1.25678, 0.920283, 0.960641, 0.566685, 0.447883, 0.429461, 1.03925, 0.577545, 0.078424, 0.453858, 0.660103, 0.274506, 0.338043, 0.203967, 0.109671, 0.604005, -0.0620885, 0.10934, 0.155112, 0.00150031, 0.0699585, 0.0765864, 0.232728, 0.0549131, 0.133352, -0.130055
3.3, 0.0319376, 0.874169, 0.336802, 0.890972, 1.23349, 0.935422, 0.743332, 0.213497, 0.054219, 0.473169, -0.310028, 0.369624, 0.394242, 0.513527, 0.964297, 0.343571, 0.520085, 0.306127, 0.304445, 0.0335094, 0.34267, 0.145955, 0.343242, 0.179165, -0.216845, -0.124864, -0.0561172, 0.0463755, -0.319286, -0.536443, -0.214099
3.32, 0.0319376, 0.367316, 0.673352, 1.11171, 0.845626, -0.06787, -0.104549, 0.146808, 0.578475, 0.827917, 0.264894, -0.117366, 0.156658, 0.158994, 0.275062, -0.0994434, -0.0124611, -0.0559185, -0.337079, -0.163489, -0.352938, -0.614957, -0.490679, -0.104224, -0.106168, -0.225864, -0.588234, -0.409337, -0.208196, -0.424302, -0.625684
3.34, 0.0319376, 0.183822, 0.774997, 0.0702792, 0.173958, 0.190781, 0.267206, 0.218902, -0.0583837, 0.251082, -0.0361308, 0.122413, -0.294467, 0.273314, -0.163041, -0.0564518, -0.789021, -0.187931, -0.533639, -0.864124, -0.16521, -0.344303, -0.257923, -0.249703, -0.855448, -0.541629, -0.642205, -0.239518, -0.613202, -0.54784, -0.630395
3.36, 0.0319376, -0.319027, 0.0815168, 0.0840421, 0.0317044, 0.313696, -0.194693, -0.452515, -0.173459, 0.183411, -0.0320568, 0.11056, 0.031656, 0.100295, 0.252771, 0.606865, 0.187548, -0.223843, -0.311421, -0.180573, -0.231607, -0.182017, -0.267159, -0.430462, -0.798733, -1.03127, -1.14778, -0.943049, -0.94172, -1.04298, -0.833146
3.38, 0.0319374, 0.51074, 1.15531, 0.566181, 0.279585, 1.01577, 1.24778, 0.421843, -0.0288298, 1.44116, 0.911688, 0.739754, 0.882202, 0.451638, 0.74002, 0.494477, 0.965521, 0.442355, 0.308675, -0.00220823, 0.397151, 0.0042357, -0.0480017, -0.0376374, -0.0311647, 0.0556458, -0.303684, -0.335986, -0.282161, -0.575707, -0.533818
3.4, 0.0319374, 0.619324, 1.05063, 0.487769, -0.0375879, -0.0787932, 0.927541, 0.236092, -0.348152, 0.420494, -0.0140845, 0.605827, 0.489818, 0.843336, 0.547256, 0.570107, 0.268277, 0.518038, -0.151728, 0.430963, 0.356631, 0.301455, 0.830888, 0.810151, 0.731101, 0.781683, 0.283805, 0.322152, 0.467448, 0.0788504, 0.298196
3.42, 0.0319374, -0.491027, 0.779912, 0.0633494, 0.28639, -0.0191321, 0.238016, 0.649937, 0.0866245, 0.265333, 0.213803, 0.497124, 0.403767, 0.792294, 0.496179, 0.441008, 0.50474, 0.576793, 0.513271, 0.601427, 0.511336, 0.952821, 1.32894, 1.34535, 1.02033, 0.857269, 1.37574, 1.43749, 1.44032, 0.908328, 1.2702
3.44, 0.0319374, 0.215429, 1.081, 1.12381, 1.45425, 1.72715, 1.27098, 1.2417, 0.849767, 1.42505, 1.32669, 1.60925, 1.96471, 1.56838, 1.40912, 1.78471, 1.73519, 1.73371, 2.42794, 1.99518, 1.38434, 0.757275, 1.22012, 1.69743, 1.14534, 1.0409, 1.51504, 1.54474, 0.786065, 1.26759, 1.23124
3.46, 0.0319374, 2.01582, 2.10213, 2.14726, 2.15909, 2.11033, 1.86077, 1.69726, 1.8813, 1.81652, 1.7922, 2.39536, 2.36404, 2.1665, 1.72282, 1.53263, 1.31987, 1.58592, 1.78407, 1.88042, 1.69069, 1.95139, 2.26088, 2.05556, 2.24468, 2.41692, 1.92205, 2.04816, 1.88147, 1.47899, 1.48817
3.48, 0.0319376, 3.23969, 2.96393, 2.4603, 2.4288, 2.71002, 2.54826, 2.2662, 2.18453, 1.87412, 2.34956, 3.01882, 2.4575, 1.71454, 2.17128, 2.01001, 2.08176, 1.77661, 1.85428, 2.28435, 2.18486, 2.35313, 2.22234, 2.2606, 2.21833, 2.11563, 2.12627, 2.341, 2.36038, 1.71701, 2.0417
3.5, 0.0319376, 2.8954, 2.49339, 1.76548, 1.51613, 1.37799, 1.52357, 1.77094, 1.87731, 1.69789, 2.03921, 2.04939, 2.05879, 1.28689, 1.60788, 1.68311, 1.61776, 1.36277, 0.870866, 1.14727, 1.39638, 1.29878, 1.69483, 1.34919, 1.60893, 1.30182, 1.13949, 1.2131, 1.10215, 0.973302, 0.894577
3.52, 0.0319376, 1.83803, 2.23453, 1.58996, 1.53227, 1.56952, 1.96364, 2.21322, 2.20185, 1.61722, 1.48793, 1.42054, 1.47489, 1.32543, 1.3096, 1.61794, 1.1782, 1.23004, 1.05981, 1.272, 1.25166, 1.28045, 1.16241, 1.31267, 1.00326, 0.824804, 1.08658, 1.14417, 0.953058, 0.936552, 0.741923
3.54, 0.0319376, 2.70632, 1.64029, 1.4149, 1.44164, 1.63224, 1.88474, 1.00077, 1.18444, 1.54799, 0.903902, 1.32317, 1.57255, 2.04385, 1.14804, 1.20884, 0.902215, 0.694909, 1.34753, 1.12334, 0.827364, 0.656406, 0.655439, 1.1835, 1.14019, 1.05954, 1.04474, 0.860868, 0.642568, 0.609319, 0.382262
3.56, 0.0319376, 2.09656, 1.61556, 1.3326, 1.0782, 1.15936, 0.491307, 0.620377, 0.810861, 1.11442, 0.101556, 0.451403, 1.17088, 0.72787, 0.864149, 0.94019, 0.320433, 0.405529, 0.571499, 0.68461, 0.908628, 0.655998, 0.568327, 0.301972, 0.519004, 0.452154, 0.233317, 0.358994, 0.448633, 0.246061, 0.542366
3.58, 0.0319376, 1.75769, 1.0984, 0.738941, 0.442902, 0.650613, 0.44141, 0.908466, 0.827307, 0.95349, 0.629636, 0.740926, 0.884862, 0.299752, 0.414948, 0.40841, 0.170942, 0.183995, 0.827434, 0.532528, 0.217722, 0.475536, 0.134761, 0.152168, 0.124519, -0.00252852, 0.123979, 0.123385, -0.0126242, -0.16912, -0.0741217
3.6, 0.0319376, 0.823175, 0.586691, 0.869171, 0.886082, 0.719211, 0.771864, 0.970616, 0.638736, 0.64162, 0.583369, 0.997191, 0.556484, 0.788786, 0.465078, 0.405469, 0.533488, 0.309685, 0.109221, 0.0423763, -0.0152244, 0.0107271, 0.277632, 0.110591, -0.0381468, -0.162019, -0.0926172, -0.162264, -0.202626, -0.346295, -0.53104
3.62, 0.0319376, 1.1627, 0.782327, 0.730267, 0.661935, 0.253683, 0.434444, -0.684396, -0.19071, 0.231948, 0.274917, -0.00503302, 0.108001, 0.413933, 0.427886, 0.145418, -0.164816, -0.152286, 0.181095, -0.195273, -0.0205052, -0.179387, -0.302198, -0.259254, -0.396609, -0.28983, -0.324288, -0.196381, -0.365854, -0.88282, -0.603816
3.64, 0.0319374, 1.1046, 1.07351, 0.940502, 0.665542, 1.03024, 0.586187, 0.313218, 0.0341233, 0.703739, 0.202794, 0.342548, 0.790652, 0.157487, -0.360336, -0.0489302, 0.155083, -0.412117, -0.142297, -0.454639, -0.404455, -0.411195, -0.32626, -0.253812, -0.242056, -0.51208, -0.511576, -0.479526, -0.469694, -0.76688, -0.379864
3.66, 0.0319374, 0.911217, 0.787339, 1.0054, 0.0963978, 0.164029, -0.069684, -0.455413, -0.0563728, 0.353682, -0.183983, 0.040463, 0.152511, 0.367867, -0.350053, -0.112682, 0.142707, -0.29694, 0.0378718, -0.328521, -0.156157, -0.435716, -0.686717, -0.320753, -0.246467, -0.118331, -0.621944, -0.524587, -0.43753, -0.556069, -0.326125
3.68, 0.0319374, 0.336035, 0.469938, 0.315046, -0.649181, 0.0879374, 0.262077, 0.157061, -0.0646588, -0.0948078, -0.503568, -0.147576, -0.0198404, 0.0641277, -0.132004, -0.351897, -0.400868, -0.46336, -0.613175, -0.439511, -0.553197, -0.894546, -0.843151, -0.495789, -0.919715, -1.16722, -0.753058, -0.853226, -0.515671, -0.774638, -1.08768
3.7, 0.0319374, 0.64379, 0.0528378, 0.414322, 0.434635, 0.0522212, -0.565865, -0.969407, -1.4466, -0.253431, -0.389491, -1.10964, -0.736777, -0.283517, -0.813485, -0.971751, -1.12868, -0.612352, -0.789211, -0.821899, -0.684658, -0.717428, -0.692355, -0.807506, -1.05596, -1.05608, -0.840794, -1.4228, -1.25853, -1.29914, -1.07368
3.72, 0.0319374, -0.147413, -0.581897, -0.0710332, -0.0682821, 0.404669, -0.372354, 0.0274942, -0.0443233, -0.313848, -0.0566408, -0.577672, -0.987653, -0.276374, -0.716944, -0.732788, -0.984978, -0.686629, -0.554629, -1.11662, -0.634898, -0.640286, -0.988849, -0.976309, -0.952075, -1.32595, -0.98032, -1.02642, -0.890871, -0.927358, -1.13065
3.74, 0.0319376, -0.474816, -0.469248, -0.98213, -0.751779, -1.73361, -0.704318, -0.458887, -0.268257, -0.228139, -1.0399, -0.851664, -0.574307, -0.753603, -0.711922, -0.708065, -0.833498, -1.27958, -1.17062, -1.11736, -0.846993, -1.19495, -1.00639, -1.01171, -0.979138, -1.12536, -1.21305, -1.16988, -0.95168, -1.3165, -1.19565
3.76, 0.0319376, -1.07847, -0.502291, -0.431198, -0.599505, -0.972887, -0.844843, -1.21724, -1.04332, -0.820066, -1.10258, -0.908751, -0.879408, -1.22607, -0.702849, -1.18411, -0.914952, -1.39704, -1.23798, -1.34973, -1.52848, -1.42916, -1.42147, -1.35638, -1.55443, -1.73117, -1.5808, -1.60018, -1.37005, -1.1043, -1.61679
3.78, 0.0319376, 0.158634, -0.951924, -1.0177, -0.684304, -0.827067, -0.99552, -1.15416, -0.986527, -0.937437, -0.969515, -0.857293, -0.742765, -0.722218, -1.21065, -0.564159, -0.884163, -1.02625, -1.32689, -1.66759, -1.62292, -1.3624, -1.40881, -1.64187, -1.8258, -1.47906, -1.48916, -1.37675, -0.977627, -1.3082, -1.79467
3.8, 0.0319376, -0.0858938, -0.662271, -0.890105, -0.0185257, -0.557762, -1.26385, -1.59821, -1.45669, -1.26544, -0.854448, -0.977016, -1.06277, -1.55071, -1.15572, -1.20269, -1.822, -1.92675, -1.95915, -2.21138, -1.67581, -1.44181, -1.57966, -1.6527, -1.82349, -1.68501, -1.83093, -1.56086, -1.58174, -1.52545, -1.66498
3.82, 0.0319376, -0.224699, -0.77239, -1.44016, -1.46221, -0.961293, -0.985315, -0.967036, -1.7999, -1.16295, -1.56838, -1.70846, -1.93858, -1.67161, -1.39416, -1.54862, -1.6967, -1.9542, -1.8264, -1.90834, -2.13502, -1.98817, -1.72287, -2.08981, -2.07487, -1.95106, -1.60689, -1.5676, -1.48359, -1.33482, -1.64241
3.84, 0.0319376, -1.70937, -1.26089, -0.79974, -1.08287, -1.18313, -0.767456, -0.775107, -1.07069, -1.27284, -1.19342, -1.60729, -1.54015, -1.26009, -1.72571, -1.6273, -0.898162, -1.12833, -1.82162, -1.88726, -2.15495, -1.70767, -1.90774, -2.03668, -1.45949, -1.59004, -1.68208, -1.50941, -1.42222, -1.45816, -1.61899
3.86, 0.0319376, -0.772777, -0.864126, -1.00576, -1.99713, -1.52363, -1.22678, -1.17909, -2.05264, -0.832554, -1.11685, -1.0808, -1.07508, -0.924569, -1.37987, -1.29034, -1.44154, -1.54048, -1.66084, -1.71444, -1.82395, -1.81298, -2.11754, -2.3737, -2.05374, -1.97488, -1.93796, -1.43911, -1.33595, -1.75599, -1.69673
3.88, 0.0319374, -0.713054, -1.39496, -1.85656, -0.655479, -0.33274, -0.751556, -0.988445, -0.973551, -1.28556, -1.71004, -1.83093, -1.53745, -1.1231, -1.68605, -1.43033, -1.43443, -1.65216, -1.6389, -1.65132, -1.77465, -1.82453, -1.79391, -1.50566, -1.7604, -1.68344, -1.79872, -1.86904, -1.7019, -1.73143, -1.90221
3.9, 0.0319374, 1.14371, 1.64623, 0.667557, 1.51102, 1.20358, 0.602611, -0.525266, 0.0297706, 0.447428, 0.27744, 0.454339, 0.278901, 0.193933, 0.0966533, 0.030552, 0.374736, 0.0877004, -0.111113, 0.129529, 0.295579, 0.0056588, 0.454128, 0.312743, 0.449675, 0.669677, 0.628807, 0.532214, 0.506556, -0.184972, -0.324493
3.92, 0.0319374, 1.29341, 1.84742, 0.358895, -0.126786, 0.0485196, -0.467197, -0.220437, 0.552845, 0.661143, -0.155682, -0.135841, -0.117764, -0.00288563, -0.309238, -0.809553, -0.661561, -0.695409, -0.813258, -0.53404, -0.37398, -0.300768, -0.286642, -0.113481, -0.218671, -0.435442, -0.662299, -0.488769, -0.423749, -0.508342, -0.79444
3.94, 0.0319374, 1.62184, 1.64415, 0.482096, 0.76241, 1.18311, 0.648933, 0.566662, 1.71927, 1.78177, 1.26763, 0.600496, 1.24256, 1.60135, 1.14188, 0.403898, 0.58192, 0.86837, 1.13041, 0.613941, 0.600422, 0.945027, 0.77451, 0.521146, 0.648675, 0.837425, 0.576813, 0.94439, 0.624243, 0.892007, 0.232361
3.96, 0.0319374, 0.847893, 0.879934, 0.517748, 0.0485097, 0.738141, 1.06884, 1.31126, 1.00159, 0.825017, 0.329975, 0.632861, 0.753344, 0.439624, 0.506683, 0.71941, 0.536884, 0.0803517, 0.0403479, -0.265352, -0.00699445, 0.17352, 0.0672487, 0.0809038, -0.162192, 0.246695, -0.493713, -0.0948632, -0.402652, -0.350136, -0.606067
3.98, 0.0319376, 1.03067, 0.45395, -0.248787, -0.0856681, 0.391713, -0.215193, 0.445008, 0.80556, 0.437821, 0.369023, -0.0119421, -0.246901, -0.399198, 0.750982, 0.244191, -0.386764, -0.283828, 0.0449805, -0.176916, -0.155149, 0.108615, -0.0163361, -0.286504, -0.273476, -0.16804, -0.530566, -0.491334, -0.597719, -0.322287, -0.725685
4, 0.0319376, 0.052726, -0.365916, -0.461822, -0.63318, -0.19321, 0.22902, 0.677267, 0.679503, 0.446156, -0.0268523, -0.688169, -0.382979, 0.173693, -0.0420081, -0.803606, -0.750098, -0.650357, -0.259608, -0.149574, -0.0477632, -0.0503382, -0.449725, -0.395662, -0.530773, -0.513414, -0.911422, -0.795034, -0.503857, -0.194188, -0.163704
4.02, 0.0319376, 0.599272, 0.0567327, 0.0709716, -0.460189, -0.397539, -0.645656, -0.41675, 0.216931, -0.484207, -0.283467, -0.303793, -0.760653, -0.657904, -0.191507, -0.454935, -0.811777, -0.650064, -0.274688, -0.668112, -0.987832, -1.18021, -1.05828, -1.0201, -0.462996, -0.650848, -1.22204, -0.879745, -0.47823, -0.620561, -0.954702
4.04, 0.0319376, -0.775414, -0.0159594, -0.360617, -0.47111, 0.178123, 0.262357, 0.0680052, -0.160148, 0.345598, -0.714803, -1.1451, -1.30043, -0.489181, -0.491964, -0.536624, -0.683027, -0.480167, -0.548415, -0.921696, -1.18075, -0.847636, -1.54559, -1.45366, -1.22141, -1.24016, -1.0177, -0.83761, -0.722971, -0.836799, -0.929187
4.06, 0.0319376, 0.0317599, -0.250987, -0.337938, -0.141118, 0.423479, 0.193048, 0.241698, -0.250667, 0.185202, -0.128499, -0.366629, -0.763528, -0.183115, -0.944934, -1.2119, -1.18769, -0.93015, -0.840553, -0.973944, -0.857753, -1.0463, -1.22514, -1.28399, -1.25042, -1.26665, -1.37273, -0.989863, -1.09346, -1.11508, -1.2583
4.08, 0.0319376, 0.260168, -0.174838, -0.295375, -0.576761, -0.325987, -0.159475, -0.00578146, -0.194903, -0.639041, -0.467796, -0.432787, -0.309203, -0.749145, -1.25412, -1.2553, -1.00964, -1.2574, -1.30798, -1.60002, -1.48699, -1.52202, -1.13941, -1.7936, -1.47181, -1.47364, -1.39289, -1.40956, -1.3132, -1.26779, -1.32591
4.1, 0.0319376, -0.172077, -0.165251, -0.402683, -0.87787, -0.071146, -0.0447838, -0.153779, -1.22328, -0.57466, -0.573397, -0.768371, -0.848195, -0.633615, -1.29121, -1.46067, -1.24299, -0.89245, -1.13088, -1.44274, -1.77167, -1.64526, -1.82838, -1.7785, -1.47638, -1.48274, -1.59754, -1.32829, -1.24253, -1.35748, -1.5245
4.12, 0.0319376, -0.501197, -0.570566, -1.03612, -1.03757, -0.881778, -1.05418, -0.885867, -0.733784, -0.588989, -0.972526, -0.9339, -0.757759, -1.23272, -1.73383, -2.0802, -1.55694, -1.27299, -1.37347, -1.32561, -1.00681, -1.09184, -1.97944, -1.40444, -1.43789, -1.95985, -1.55971, -1.51567, -1.57736, -1.47074, -1.69511
4.14, 0.0319376, -0.801895, -0.781254, -0.715959, -0.785313, -0.520906, -1.35363, -0.418127, -0.487826, -0.957857, -1.23631, -1.41686, -1.24206, -1.59116, -1.11563, -1.48423, -1.30417, -1.91988, -1.58473, -1.69983, -1.41904, -1.95274, -1.69417, -1.87053, -2.04439, -1.73261, -1.69896, -1.56523, -1.50364, -1.7939, -1.64543
4.16, 0.0319376, -1.03666, -1.15426, -0.807476, -1.13516, -0.269186, -0.91082, -0.866322, -1.26079, -1.1111, -1.57088, -1.77417, -1.70976, -1.27595, -1.54933, -1.73653, -2.02822, -1.53707, -1.5446, -1.96978, -2.17915, -1.68572, -1.62227, -1.65796, -1.66615, -1.5489, -1.90464, -1.68408, -1.25936, -1.53863, -1.62741
4.18, 0.0319376, -1.32054, -0.648408, -1.17243, -1.18674, -1.33568, -1.40106, -1.75795, -1.65088, -1.32169, -1.45605, -1.21969, -1.89604, -1.75741, -1.26121, -1.91759, -2.05882, -1.83522, -1.73687, -1.87476, -1.65247, -1.8512, -1.72959, -1.82453, -1.73034, -1.62847, -1.6724, -1.591, -1.49499, -1.6343, -1.42869
4.2, 0.0319376, -1.06744, -0.579142, -1.00444, -1.39533, -1.28907, -1.50943, -1.67913, -1.42706, -1.74264, -1.61618, -1.76541, -1.0695, -1.01219, -1.27228, -1.43908, -0.790288, -0.703967, -1.1448, -0.296594, -0.72087, -0.865671, -0.212942, -0.044844, -0.959182, -0.980327, -1.16628, -0.596235, -0.833276, -0.721244, -0.201554
4.22, 0.0319376, -1.65308, -1.50534, -1.56649, -1.24619, -1.2873, -2.1358, -1.44449, -1.50697, -1.23852, -1.84674, -2.16297, -1.84605, -1.2018, -0.974524, -1.47558, -0.881437, -0.592544, -1.0082, -0.975935, -0.977809, -0.820299, -1.14405, -0.802232, -1.15617, -1.24342, -1.07979, -0.810749, -0.996621, -0.778755, -0.464945
4.24, 0.0319376, -1.37884, -1.43746, -1.92191, -1.65328, -1.40373, -1.52151, -1.6008, -2.19981, -1.70414, -1.32247, -2.0171, -1.75796, -1.24567, -1.32984, -1.95976, -1.68911, -1.48698, -1.67369, -1.27541, -1.60818, -1.33339, -1.60061, -1.43659, -1.60651, -1.51828, -1.59967, -1.2871, -1.1802, -0.944884, -0.967847
4.26, 0.0319371, -1.69191, -1.22429, -1.98732, -1.35655, -1.16176, -1.60807, -1.67951, -1.83426, -1.39234, -1.62592, -2.4538, -2.56201, -1.99642, -1.62916, -2.03625, -1.3898, -1.62261, -2.03341, -2.06665, -1.69573, -1.57392, -1.8019, -1.66216, -1.77883, -1.70074, -1.63817, -1.48547, -1.16047, -1.43149, -1.31954
4.28, 0.0319371, -1.43032, -1.92237, -2.26422, -1.96886, -1.58539, -2.17792, -2.18093, -2.20396, -1.74471, -1.43656, -1.9441, -1.83129, -1.74878, -1.7032, -1.89851, -1.94342, -1.85049, -1.87807, -1.77209, -1.86232, -1.71267, -1.73333, -1.56603, -1.74482, -1.73866, -1.81342, -1.74991, -1.65289, -1.39729, -1.35466
4.3, 0.0319371, -1.63956, -1.49139, -2.22374, -1.62218, -0.987471, -1.03008, -1.42123, -1.43548, -1.23572, -1.12303, -1.49643, -1.06796, -1.03416, -1.02102, -0.998763, -1.39292, -1.26324, -1.40164, -1.64399, -1.28194, -1.28269, -1.08991, -0.667664, -0.968839, -1.12694, -1.3118, -1.0175, -1.24221, -1.5578, -1.5515
4.32, 0.0319371, -1.41383, -1.78616, -2.75984, -2.38783, -1.47268, -1.64147, -2.16422, -1.95409, -1.55647, -1.56934, -1.94772, -1.88826, -1.91107, -1.7376, -1.49142, -1.64509, -1.4445, -1.98313, -1.36804, -1.59572, -0.945449, -1.49818, -1.63724, -1.4508, -1.30941, -1.2949, -1.47792, -1.61559, -1.60866, -1.74021
4.34, 0.0319371, -1.76735, -1.78358, -2.02146, -1.86962, -1.20288, -1.57419, -1.63752, -1.68576, -1.69665, -1.38914, -1.39405, -0.87156, -1.59615, -1.46019, -1.14144, -1.51724, -1.756, -1.62547, -1.56801, -1.36684, -1.31859, -0.960886, -0.975441, -0.953986, -0.93499, -1.08326, -0.9196, -0.705951, -0.802827, -0.529125
4.36, 0.0319376, -0.014461, -0.49362, -1.38341, -0.903887, -0.283601, -0.785392, -0.74022, -0.959183, 0.201041, 0.218586, 0.336737, -0.0500026, -0.186783, -0.512839, -0.211349, -0.286289, -0.467267, 0.098513, 0.1689, 0.259485, 0.293596, 0.226622, 0.76629, 0.233423, -0.0907131, -0.256591, -0.0389223, 0.488557, 0.367521, 0.393913
4.38, 0.0319376, 0.646433, -0.951375, -1.31668, -0.546177, -0.377343, -0.824593, -1.4168, -0.682369, -0.903387, -1.0655, -0.92773, -0.575094, -0.629812, -0.738994, -1.1031, -1.00419, -0.523199, -0.699407, -0.645147, -0.469077, -0.281853, -0.252505, -0.210452, -0.380136, -0.187828, -0.713549, -0.573466, -0.438642, -0.362678, -0.537094
4.4, 0.0319376, -0.449826, -0.233971, -0.924322, -1.39977, -0.543536, -0.412384, -1.45094, -0.743658, -1.16709, -0.664346, -0.32737, -0.40377, -0.71322, -1.2667, -0.792646, -0.349094, -0.9681, -0.915232, -0.56775, -0.600242, -0.880876, -0.727942, -0.456252, -0.351892, -0.663262, -0.971656, -0.451728, -0.522884, -0.779503, -0.862252
4.42, 0.0319376, -0.929829, -0.110089, -0.057805, 0.0688979, -0.079763, -0.958618, -0.912881, -0.829896, -0.292336, -0.471887, -0.390879, -0.0281254, -0.0581397, -0.399828, -0.794507, -0.55462, -1.11618, -1.09721, -0.949895, -0.663015, -0.478156, -0.72838, -0.786563, -0.668891, -0.258964, -0.0707269, -0.125773, -0.101418, -0.205924, 0.321039
4.44, 0.0319376, 0.125416, 0.547942, 0.0952279, -0.0460639, 0.179476, 0.528518, 0.541974, 0.81971, 0.889188, 0.712168, 0.738613, 0.540418, 0.715692, 0.631357, 0.414987, 0.401998, 0.478293, 0.544661, 0.86731, 0.779978, 0.293028, -0.00841747, 0.305677, -0.115595, -0.0366534, -0.0168018, 0.254089, 0.201585, 0.178234, 0.0107789
4.46, 0.0319376, 1.89757, 2.37171, 2.04062, 1.51138, 1.44375, 2.08805, 1.71376, 1.51466, 2.0234, 1.83788, 1.76209, 2.0927, 1.60166, 1.72581, 1.67061, 1.58259, 1.40617, 1.43318, 1.80003, 1.83767, 1.44851, 0.62538, 1.24295, 0.793373, 0.51767, 0.559437, 1.08435, 0.910762, 0.935173, 0.539521
4.48, 0.0319376, 1.53219, 1.43732, 1.19764, 0.812603, 0.646973, 0.616507, 0.834331, 1.17106, 0.913586, 0.406377, 0.459065, 1.08226, 1.31523, 0.698207, 0.437613, 1.19796, 0.934659, 0.698093, 0.75201, 0.878143, 0.531829, 0.465494, 0.382851, 0.268235, 0.190866, 0.159125, 0.226791, 0.201506, -0.163158, -0.356751
4.5, 0.0319376, 1.36202, 1.13251, 0.937754, 0.566932, 0.603783, 0.53302, 0.465741, 0.761346, 0.561748, 0.634643, 0.383469, 1.19048, 0.897944, 0.583337, 0.840868, 0.297837, 0.686698, 0.445776, 0.500647, 0.569658, 0.807239, 0.544675, 0.503452, 0.165012, 0.158293, 0.157849, -0.0105822, -0.160501, -0.299047, -0.367853
4.52, 0.0319376, 0.618707, 0.892449, 0.74395, 0.420824, 0.66016, -0.024255, -0.127704, 0.780274, 1.09043, 0.292514, 0.219418, 0.62889, 0.707062, 0.93989, 0.764849, 0.430036, 0.489128, 0.395793, 0.299948, 0.304159, 0.046413, 0.297579, -0.131917, -0.249708, -0.351117, -0.370934, -0.317127, -0.42343, -0.670144, -0.884647
4.54, 0.0319376, 0.385496, -0.000736866, -0.370543, -0.341161, -0.320984, -0.21529, 0.0844291, 0.138188, -0.201594, 0.332618, 0.488565, 0.494396, 0.460582, 0.448449, 0.138368, -0.0391508, 0.161281, -0.244671, 0.112285, 0.383132, -0.17595, -0.307415, -0.0489528, -0.179403, -0.601171, -0.545512, -0.824881, -0.649134, -0.871028, -1.05399
4.56, 0.0319376, 0.196444, 0.22913, -0.34689, -0.526459, -0.401036, 0.172662, -0.204726, 0.127591, -0.114082, -0.762203, -0.248768, 0.218727, -0.4313, -0.165854, -0.294565, -0.112925, 0.228761, 0.237272, 0.0234982, -0.05418, -0.263619, -0.575504, -0.630602, -0.738298, -0.48102, -0.794067, -0.921881, -1.00268, -0.896565, -1.05375
4.58, 0.0319376, 0.376159, -0.360947, -0.306554, -0.215545, -0.650052, -0.969987, -0.221813, 0.192036, -0.0496516, -0.167079, -0.0490531, 0.218605, 0.0668058, 0.376246, 0.337127, -0.0425958, -0.211278, -0.673718, -0.251144, -0.0458043, -0.276475, -0.554088, -1.29788, -0.990458, -0.587387, -1.22595, -0.992849, -0.754085, -1.00136, -1.00192
4.6, 0.0319376, -1.10777, -1.036, -0.938461, -0.571081, -0.0670516, -0.410803, -0.436258, -0.101627, -0.160112, -0.581037, -0.257869, -0.19738, -0.65289, -0.375736, -0.402118, -0.587848, -0.715281, -0.495845, -0.498823, -0.756565, -0.352883, -0.713294, -0.824258, -0.906325, -0.808381, -1.15609, -1.07635, -0.952361, -0.9047, -0.911631
4.62, 0.0319376, -0.989669, -0.923532, -1.04701, -1.1026, -0.966487, -0.797058, -0.326013, -1.24303, -0.656987, -0.66086, -1.01655, -0.692675, -0.609816, -0.487849, -0.86223, -0.670852, -0.772545, -1.05744, -0.736749, -0.705636, -0.909858, -0.961683, -0.783763, -0.98161, -1.1444, -1.22126, -1.43036, -1.25764, -1.22701, -1.17004
4.64, 0.0319376, -0.591617, -0.979742, -1.11332, -1.2489, -0.536936, -0.74773, -0.923632, -0.535226, -0.554983, -0.696009, -0.675131, -1.22143, -0.680578, -0.543438, -1.36984, -0.845476, -1.24991, -1.15362, -1.02344, -0.536158, -1.09838, -1.71601, -1.34389, -1.11522, -1.26089, -1.47799, -1.55435, -1.2951, -1.48372, -1.40468
4.66, 0.0319376, -1.50052, -1.26302, -0.799604, -1.32019, -1.49542, -1.03972, -1.03113, -1.02142, -0.639989, -1.1405, -1.4883, -1.45841, -1.20318, -0.764722, -1.07658, -0.965834, -1.05986, -1.17947, -1.36428, -0.830006, -0.945907, -1.54857, -1.60888, -1.71162, -1.7531, -1.48955, -1.40693, -1.49418, -1.31805, -1.39946
4.68, 0.0319376, -1.34566, -1.43663, -1.48473, -1.86603, -2.06723, -1.48929, -1.82536, -1.1767, -1.33474, -1.46559, -0.937394, -1.35214, -2.1159, -1.23211, -1.42937, -1.71168, -1.79668, -1.61942, -1.35774, -1.25128, -1.90509, -1.73442, -2.08174, -1.78515, -2.00308, -2.00193, -1.93988, -1.84696, -2.15202, -1.81435
4.7, 0.0319376, -2.37064, -1.34949, -1.94196, -2.34383, -1.92645, -2.20002, -1.55343, -1.00587, -1.59639, -1.4079, -1.56371, -1.6058, -1.432, -1.89383, -1.81518, -1.484, -1.48005, -1.76349, -1.74779, -1.5519, -2.20897, -1.99295, -2.3869, -2.23501, -2.21168, -2.11641, -1.95981, -1.84391, -1.68713, -1.94264
4.72, 0.0319376, -1.67097, -1.66164, -1.86969, -2.42472, -1.49774, -1.8827, -1.97359, -1.92849, -1.78486, -1.58444, -1.63977, -1.51244, -1.74011, -1.91477, -1.948, -2.76033, -1.71232, -1.51003, -1.57636, -2.17506, -2.02537, -2.16001, -1.87988, -2.18345, -2.51663, -2.59925, -2.46722, -2.25944, -2.37091, -2.24134
4.74, 0.0319376, -2.34082, -2.27543, -2.10947, -1.89619, -2.47401, -2.28474, -2.26372, -1.88496, -1.81135, -2.18972, -2.49303, -1.89887, -2.00599, -1.69219, -2.20831, -2.16622, -1.93114, -2.07225, -1.81705, -2.26694, -2.20894, -2.33705, -2.58355, -2.42456, -2.52348, -2.72976, -2.59425, -2.31946, -2.47573, -2.38972
4.76, 0.0319371, -2.82057, -2.83545, -2.30306, -2.50779, -2.24004, -1.73097, -1.94672, -1.61858, -1.66037, -1.82702, -2.16098, -2.10324, -2.14608, -1.8991, -2.08999, -1.87581, -2.37986, -2.45575, -2.27666, -2.05879, -2.18261, -2.53558, -2.5417, -2.55185, -2.5599, -3.21281, -2.71954, -2.7904, -2.48661, -2.35048
4.78, 0.0319371, -2.53043, -3.22212, -2.30594, -3.12775, -2.67744, -2.83911, -2.83073, -2.20016, -1.94088, -2.00264, -2.13057, -2.46685, -2.13844, -2.02253, -2.54402, -2.24857, -2.86907, -2.61361, -2.30481, -2.27061, -2.64408, -2.67201, -2.57936, -2.66746, -2.74781, -2.69826, -2.59324, -2.49371, -2.38666, -2.69948
4.8, 0.0319371, -1.58785, -2.31634, -1.60386, -1.94529, -1.78027, -0.857565, -0.897552, -1.52571, -1.48112, -1.43831, -1.46559, -2.08407, -1.91941, -2.10491, -2.20048, -1.75723, -2.20079, -2.42205, -2.34608, -2.30677, -2.10324, -2.34735, -2.37459, -2.46286, -2.50976, -2.47848, -2.37589, -2.41952, -1.81757, -2.44229
4.82, 0.0319371, -1.22995, -1.9987, -1.45864, -1.96938, -1.65359, -1.55936, -1.95431, -2.02325, -1.79631, -1.66883, -2.30073, -1.94506, -1.6983, -2.34749, -2.33192, -2.63225, -2.39033, -2.37718, -2.45065, -2.59241, -2.80014, -2.59945, -2.9757, -2.97357, -3.00371, -3.10799, -3.04811, -2.57099, -2.6388, -3.02886
4.84, 0.0319371, -0.823383, -1.34719, -1.69959, -2.39436, -1.49481, -0.854216, -1.40952, -1.87914, -2.16983, -2.32523, -2.60215, -2.86842, -2.53152, -2.65218, -3.22187, -2.63428, -2.78714, -2.92225, -2.95167, -3.00217, -2.95603, -3.11615, -2.477, -2.80314, -2.84031, -3.12898, -2.84651, -2.73489, -2.74482, -2.6293
4.86, 0.0319376, -0.969908, -1.62584, -2.93337, -2.58816, -2.26464, -1.84369, -2.28344, -2.28399, -1.73404, -1.95614, -2.27025, -2.56246, -2.84262, -2.62038, -3.42883, -2.90368, -3.09607, -2.62756, -2.52492, -2.91243, -2.99242, -2.63292, -2.73744, -3.17637, -2.93756, -2.83935, -2.73588, -2.77657, -2.72953, -2.52137
4.88, 0.0319376, -2.23997, -1.87144, -1.52371, -2.10156, -1.90001, -1.7894, -1.73662, -1.39017, -2.32857, -2.84122, -2.34692, -3.0308, -2.72998, -2.43229, -2.94149, -2.72747, -3.00705, -3.10583, -3.34178, -2.86011, -2.87669, -2.88021, -2.97638, -2.89826, -2.80736, -3.0127, -2.88679, -3.01945, -2.91159, -3.04803
4.9, 0.0319376, -2.31484, -2.50983, -2.5424, -3.01603, -2.41162, -2.13869, -3.03963, -2.70161, -2.31363, -2.41808, -2.23646, -2.53184, -3.12961, -2.73253, -3.48425, -3.10286, -3.26078, -3.04815, -3.21183, -3.44965, -3.38243, -3.12116, -3.1268, -3.13229, -3.30439, -3.04253, -3.0294, -2.90162, -3.06244, -2.98463
4.92, 0.0319376, -2.49694, -3.20772, -2.96743, -2.55215, -2.42896, -2.74925, -2.54477, -2.8453, -2.49311, -2.79605, -3.00693, -3.03064, -3.02123, -3.07385, -2.87905, -2.98901, -3.20655, -3.40879, -3.10925, -3.12001, -3.2365, -3.25639, -3.12119, -3.24715, -3.35697, -3.3648, -3.25168, -2.82042, -3.05003, -3.16541
4.94, 0.0319376, -2.92655, -2.63109, -3.36053, -3.00316, -2.53526, -3.13836, -3.36781, -2.48574, -2.90491, -2.86242, -3.01482, -3.40416, -3.60617, -3.63247, -3.41334, -3.36145, -3.33733, -3.33473, -3.23443, -3.26887, -3.43614, -3.82285, -3.86881, -3.87262, -3.61874, -3.55745, -3.46692, -3.11289, -3.2824, -3.24795
4.96, 0.0319376, -3.02607, -3.48104, -4.40985, -3.58433, -3.44434, -2.98726, -3.41243, -3.40679, -3.48326, -3.33384, -3.77029, -2.85103, -3.10929, -3.08988, -3.33797, -3.69432, -3.72553, -4.0323, -3.83189, -3.9146, -3.76507, -4.09995, -3.78925, -3.68251, -3.54859, -3.50103, -3.73152, -3.46043, -3.30542, -3.45152
