# Time (seconds), Duration (seconds), f0, f1, f2, f3, f4, f5, f6, f7, f8, f9, f10, f11, f12, f13, f14, f15, f16, f17, f18, f19, f20, f21, f22, f23, f24, f25, f26, f27, f28, f29
0, 0.0319375, -1.19175, -1.08052, -1.09844, -1.02786, -0.436983, -0.921876, -1.50075, -1.52662, -1.22325, -1.44439, -1.82854, -1.79077, -1.37926, -1.48907, -2.11485, -1.65995, -2.32201, -2.22835, -2.27392, -2.29446, -2.411, -2.60525, -2.58837, -2.68049, -2.91958, -2.53034, -2.59117, -2.65911, -2.5981, -2.72362
0.02, 0.0319375, -1.02069, -1.33076, -1.1049, -1.57101, -1.74388, -1.52425, -1.87005, -1.88454, -2.09428, -2.10298, -2.20958, -2.49366, -2.33112, -2.34206, -2.76399, -2.49218, -2.57556, -2.61837, -2.83636, -3.05221, -3.13742, -2.91135, -2.93943, -3.25738, -2.75876, -2.73059, -2.92131, -2.89079, -2.71401, -2.33522
0.04, 0.0319375, -0.75853, -1.03699, -0.634636, -1.47801, -1.38723, -0.895188, -1.43175, -2.22937, -1.99287, -1.44405, -1.71643, -2.31196, -2.08964, -1.8838, -2.37857, -2.68266, -2.31842, -2.31397, -2.37636, -2.62537, -2.60825, -3.1589, -3.21484, -2.89185, -2.8777, -3.01583, -2.57024, -2.18387, -2.05191, -1.84186
0.06, 0.0319375, -0.690966, -0.97134, -0.904937, -0.761743, -1.04574, -1.3808, -1.86735, -1.76949, -2.01132, -2.35963, -2.48905, -2.22556, -1.87161, -2.42935, -2.56444, -2.68975, -2.58439, -2.91057, -3.2303, -2.54654, -2.51077, -2.28268, -2.55825, -2.62894, -2.93519, -2.50034, -2.08321, -1.6145, -1.89963, -1.47733
0.08, 0.0319375, -0.836887, -0.263083, -0.176762, -0.620579, -0.925046, -1.64658, -1.60175, -1.12651, -1.51665, -2.08428, -1.93852, -1.82745, -1.9927, -1.96602, -1.89688, -2.06684, -2.21239, -2.01403, -2.18335, -2.43883, -1.83783, -1.95176, -1.51001, -1.70883, -1.54661, -1.2701, -1.12758, -1.37667, -1.66165, -1.59825
0.1, 0.0319375, -1.32022, -1.40566, -1.53205, -1.21045, -1.55162, -1.89806, -2.12183, -1.80153, -2.15626, -2.42965, -2.1009, -2.44702, -2.75915, -2.89823, -2.52193, -2.27773, -2.36893, -2.52649, -2.57566, -2.15645, -1.66829, -1.56397, -1.57744, -1.17367, -1.03393, -1.7954, -1.20328, -0.734959, -1.01963, -1.68205
0.12, 0.0319375, -1.76206, -1.48607, -1.18823, -0.685562, -1.24343, -1.56389, -2.01017, -1.60998, -1.99188, -1.78829, -2.19139, -2.7337, -2.67556, -3.1131, -2.99163, -2.50604, -2.99425, -2.94022, -2.89003, -2.32472, -2.4574, -2.71198, -2.42233, -2.54798, -2.56992, -2.26393, -2.47353, -2.72194, -2.32101, -2.20264
0.14, 0.0319375, -0.861282, -0.527956, -0.397078, -0.117518, -0.498409, -0.735961, -1.18073, -0.850373, -0.719345, -1.45571, -1.44413, -1.46845, -1.90139, -1.89193, -1.98451, -1.5907, -1.61006, -1.4904, -1.3688, -1.24715, -1.6941, -1.79851, -2.08614, -2.29611, -2.8393, -2.9893, -2.47284, -2.42597, -2.42042, -2.06027
0.16, 0.0319375, -1.69752, -1.50535, -1.19717, -1.14437, -1.34809, -0.83215, -1.2243, -1.02763, -1.29452, -1.77417, -1.93072, -2.57035, -2.7477, -2.12728, -2.01207, -2.01657, -1.99655, -2.26868, -2.44529, -2.21588, -2.22817, -2.4269, -2.60328, -2.50037, -2.54103, -2.36883, -2.37693, -2.58581, -2.47485, -1.95786
0.18, 0.0319375, -0.647668, -0.851891, -0.675764, -1.14049, -1.40647, -1.79018, -1.80532, -1.43115, -1.42525, -2.06307, -2.35468, -1.98765, -1.99488, -2.14663, -2.29417, -2.61834, -2.58803, -2.75563, -2.33742, -2.66573, -3.14014, -3.05628, -3.26017, -2.94826, -2.68689, -2.61866, -2.63911, -2.77543, -2.31237, -2.35423
0.2, 0.0319375, -1.44659, -1.63682, -2.17564, -2.21436, -1.44221, -2.4882, -2.189, -1.50609, -1.72264, -2.75618, -2.62033, -2.03266, -2.19903, -2.8206, -2.62652, -2.6377, -2.40074, -2.37039, -2.11719, -2.23201, -2.01144, -2.14167, -2.15383, -2.19885, -2.15051, -2.20804, -1.31776, -0.868055, -0.705704, -0.553194
0.22, 0.0319375, -2.55762, -2.53709, -1.5966, -2.15652, -2.14806, -2.43769, -2.60623, -1.89749, -2.25193, -2.1963, -2.06298, -2.62361, -2.8314, -3.4366, -2.45849, -2.69008, -2.35124, -2.83009, -2.686, -2.50275, -2.39033, -2.26203, -2.50961, -2.55002, -2.41696, -2.24371, -2.24869, -2.04761, -2.11092, -1.96478
0.24, 0.0319375, -1.29779, -1.67688, -2.01927, -1.05287, -1.09759, -1.55292, -1.9647, -1.97457, -1.37619, -2.01426, -1.87188, -1.92628, -2.16428, -2.13635, -2.09423, -2.18872, -2.25577, -2.01218, -2.16704, -2.35623, -2.21526, -2.25195, -2.07213, -2.1475, -2.0567, -2.33691, -2.21273, -1.93046, -2.15995, -2.10105
0.26, 0.0319375, -1.09398, -1.72469, -1.07952, -1.75691, -1.59096, -1.46989, -1.46153, -2.18036, -1.95625, -1.53057, -1.78407, -1.92987, -2.28255, -1.99943, -2.29541, -2.20808, -2.29243, -2.17158, -2.61075, -2.6479, -2.11436, -2.16245, -2.36489, -2.52134, -2.5202, -2.24466, -2.30073, -2.30539, -2.34706, -2.40789
0.28, 0.0319375, -0.603051, -1.37598, -1.03807, -0.18515, 0.12376, -0.847045, -1.24433, -1.22635, -1.2064, -1.35369, -1.1916, -1.32828, -1.87532, -1.71531, -1.13698, -1.73318, -1.83381, -1.68144, -1.57659, -1.83011, -1.92148, -2.4035, -1.82539, -1.9265, -1.8449, -1.99954, -2.06834, -2.36091, -2.18899, -1.91465
0.3, 0.0319375, -0.601782, -0.838286, -0.721951, -0.66828, -0.842085, -0.991109, -1.84757, -1.44609, -1.73629, -1.86277, -2.1857, -2.0082, -2.15604, -2.38236, -2.3118, -2.43977, -2.64608, -2.88578, -3.01541, -2.67593, -2.54498, -2.74471, -2.73589, -2.86912, -2.70997, -2.43974, -2.29764, -2.3333, -2.23559, -2.40852
0.32, 0.0319375, -0.918685, -0.917072, -0.450484, -0.592294, -0.487868, -0.839466, -1.51003, -1.23368, -0.916138, -1.37234, -1.91929, -2.34749, -2.02059, -1.8216, -1.52731, -1.78192, -2.44601, -2.20327, -1.75034, -1.89416, -2.30578, -2.49471, -2.29231, -2.46616, -2.04142, -2.12247, -1.97396, -2.31645, -2.11574, -1.71374
0.34, 0.0319375, -1.66633, -1.13934, -1.33952, -1.27547, -1.30583, -1.76087, -1.47475, -0.803687, -1.27935, -1.91864, -1.43835, -1.02256, -1.73482, -1.37652, -1.56989, -1.59902, -1.60925, -1.39092, -1.52891, -1.91695, -1.52515, -1.92188, -2.05873, -1.31889, -1.3249, -0.366451, 0.0308742, -0.00290637, -0.356049, -0.198398
0.36, 0.0319375, -0.607527, -0.75388, -0.668992, -0.661367, -1.09457, -1.65545, -1.77424, -1.10005, -1.32601, -1.82712, -1.62959, -1.85223, -2.06611, -1.85955, -1.65512, -2.25667, -2.85429, -2.66777, -1.82208, -1.19068, -1.65367, -2.25615, -2.65891, -2.38835, -2.03177, -1.50409, -1.88969, -1.96503, -2.09178, -2.09565
0.38, 0.0319375, -0.486375, -1.24967, -0.620684, -0.573352, -0.565687, -1.07166, -1.95458, -1.77445, -1.96843, -1.46648, -1.79336, -1.69754, -1.98773, -1.60943, -2.25683, -2.32555, -1.51522, -1.96747, -2.18009, -1.40379, -1.55851, -1.48961, -1.56488, -0.988143, -0.93532, -0.316724, -0.385187, -0.901256, -0.341742, -0.397387
0.4, 0.0319375, -1.57444, -1.48053, -1.12658, -0.630712, -1.1565, -1.58235, -1.88261, -2.37132, -1.75918, -2.34376, -2.55536, -2.66968, -2.74376, -2.33895, -2.20853, -2.39285, -2.73049, -2.46291, -2.33991, -2.56242, -2.77994, -2.09496, -2.12949, -1.98311, -2.22968, -1.89559, -1.68658, -1.81759, -1.72236, -1.49073
0.42, 0.0319375, -1.38125, -1.23264, -1.68705, -1.36275, -1.05614, -1.1009, -1.74902, -1.23091, -1.46931, -2.14887, -2.26175, -1.71284, -1.66538, -2.27621, -2.3132, -1.24248, -0.897984, -1.27711, -0.585493, -0.984911, -1.62098, -1.32267, -1.23897, -0.650636, -0.834878, -0.74345, -0.103826, 0.312124, 0.19672, -0.455417
0.44, 0.0319375, -1.20809, -1.62301, -1.36924, -1.61733, -1.43843, -1.6019, -1.69111, -1.08048, -1.06058, -1.83478, -2.02744, -1.90247, -2.23818, -2.53028, -2.34409, -2.76514, -2.44716, -2.24481, -2.17335, -2.00596, -1.85415, -2.05491, -2.11064, -2.18093, -2.04523, -1.77217, -1.71537, -1.81974, -2.0541, -1.62798
0.46, 0.0319375, -0.837996, -1.20572, -1.61883, -1.11729, -1.63412, -1.76402, -1.70973, -1.54863, -1.94408, -3.03215, -2.39195, -2.1842, -2.3873, -2.54391, -2.59461, -2.50935, -2.77164, -2.83007, -2.79212, -2.716, -2.46458, -2.77326, -2.91598, -2.4756, -2.30726, -2.33543, -2.40719, -2.4751, -2.17985, -2.05531
0.48, 0.0319375, -0.619392, -0.956635, -1.01997, -0.760412, -1.19039, -1.26861, -1.31425, -1.6361, -1.82138, -1.80513, -2.19454, -2.55212, -1.88617, -1.88987, -1.78117, -1.60677, -2.07557, -1.73279, -2.31097, -1.81258, -1.95745, -2.16188, -2.03493, -2.00219, -1.72075, -1.69106, -1.65285, -1.77245, -2.11661, -2.1434
0.5, 0.0319375, -0.928, -1.22196, -0.615614, -1.83423, -1.06884, -1.22852, -1.19742, -1.29694, -1.73349, -1.54581, -1.56943, -2.4011, -2.59823, -2.5318, -2.22838, -2.85982, -2.45701, -2.48115, -2.32937, -2.05093, -2.32073, -2.18263, -2.12669, -1.62513, -1.67025, -1.44306, -1.52214, -1.5703, -1.21102, -0.98636
0.52, 0.0319375, -2.18467, -1.50922, -0.931873, -1.30751, -1.37805, -1.42366, -1.7032, -1.88592, -2.35736, -2.20936, -2.11833, -2.0842, -1.80808, -1.89111, -1.97247, -2.33835, -2.19427, -2.01491, -2.12468, -2.07415, -2.09735, -2.5599, -2.96685, -2.68105, -2.55479, -2.75113, -2.07951, -2.21471, -2.35087, -2.12732
0.54, 0.0319375, -1.43658, -1.45114, -1.41058, -1.43389, -1.0334, -0.991341, -1.72011, -1.42069, -2.00029, -2.02781, -1.68125, -2.01486, -1.72835, -2.07543, -2.15926, -2.4018, -2.78232, -2.64912, -2.72616, -2.32857, -2.47376, -2.10118, -2.15663, -2.20264, -2.17969, -2.24482, -2.68468, -2.80357, -2.42901, -2.36953
0.56, 0.0319375, -0.764963, -0.0106129, 0.165882, 0.18295, -0.461856, -0.682295, -0.395901, -0.786309, -0.989397, -1.16974, -1.69571, -1.57855, -1.24746, -1.53146, -1.57728, -1.30967, -1.16654, -1.29333, -1.42408, -1.32208, -1.11705, -1.73015, -1.92083, -1.59463, -1.85799, -1.85099, -1.75597, -1.80051, -1.87303, -1.99326
0.58, 0.0319375, -1.38099, -0.596145, -1.36848, -1.33873, -0.689595, -1.06542, -2.12872, -1.21781, -0.977701, -1.70833, -2.20293, -2.03872, -1.33631, -1.38423, -1.55441, -1.41135, -1.6977, -1.6243, -1.70343, -1.53433, -1.49334, -1.7452, -1.78028, -2.03673, -2.43542, -2.13107, -1.85548, -1.72576, -2.00583, -1.83464
0.6, 0.0319375, -0.408665, -0.525264, -0.243545, -0.428338, -0.6425, -0.933726, -1.39862, -1.23142, -1.27349, -1.71471, -1.53038, -1.97191, -1.68191, -1.66699, -1.96717, -1.81544, -1.61754, -1.89087, -1.72493, -1.91959, -1.97889, -1.63985, -1.75421, -1.13127, -0.986039, -1.07639, -1.43309, -1.81199, -2.00424, -1.64347
0.62, 0.0319375, -0.663154, -0.578736, -1.26872, -1.08823, -1.43676, -1.19644, -1.6849, -1.54248, -1.63267, -1.47401, -1.58391, -1.84347, -2.23213, -2.21635, -2.04169, -2.66123, -1.79473, -1.36351, -0.926065, -1.43524, -1.91763, -0.989931, -0.563811, -1.39154, -1.22922, -0.958898, -1.48952, -1.19273, -0.9629, -0.760539
0.64, 0.0319375, -1.58996, -1.83322, -1.55855, -1.48677, -1.64656, -1.50345, -1.97222, -2.36449, -2.63362, -2.63953, -3.34803, -2.89545, -3.15651, -2.89393, -2.64485, -3.19021, -3.25259, -2.65012, -2.48047, -2.87767, -3.13546, -3.11971, -2.71745, -2.32537, -2.26481, -2.4185, -2.73002, -2.61403, -2.38396, -2.27142
0.66, 0.0319375, -2.0026, -1.65413, -1.50551, -1.91141, -1.5695, -1.82094, -1.83793, -1.44517, -2.17517, -2.23152, -1.87804, -2.19019, -2.26125, -2.5322, -2.26477, -2.69246, -2.12915, -2.04839, -2.61745, -2.78244, -2.62636, -2.21758, -2.24224, -2.70952, -2.75066, -2.32107, -2.45765, -2.36933, -2.3399, -2.22849
0.68, 0.0319375, -1.67811, -0.832131, -0.628418, -1.72344, -1.10762, -1.7435, -2.59478, -1.61451, -2.13069, -1.97214, -1.43882, -1.83046, -2.08546, -1.74515, -2.0056, -2.07104, -1.78803, -1.89536, -2.20368, -2.53063, -1.78165, -1.73521, -1.73697, -1.6572, -1.78038, -1.37776, -0.826484, -0.697553, -0.348599, 0.100625
0.7, 0.0319375, -1.39481, -1.28339, -1.0258, -1.07785, -1.32719, -1.80881, -2.45844, -2.17245, -1.95074, -2.2394, -2.37448, -2.6671, -3.18066, -2.73553, -2.43922, -2.39672, -2.31536, -2.34435, -2.26542, -2.46888, -2.4496, -2.38032, -2.36874, -2.50647, -2.26726, -2.30968, -2.44066, -2.29739, -1.86828, -1.51211
0.72, 0.0319375, -2.29811, -0.526715, -0.259215, -0.815219, -1.60254, -1.05117, -1.39248, -1.73145, -1.40086, -1.69449, -2.66129, -2.97738, -2.7131, -2.0837, -2.23849, -1.84489, -2.489, -3.15412, -2.60766, -2.45734, -2.50772, -1.67241, -1.17402, -2.09474, -1.72816, -1.96931, -1.96958, -2.30994, -1.95873, -1.61432
0.74, 0.0319375, -2.29731, -1.55699, -1.53355, -1.38005, -1.37997, -1.32387, -1.82012, -2.05568, -1.90576, -2.86285, -3.26257, -2.56603, -2.42718, -2.53735, -2.66604, -2.64877, -2.47276, -2.74241, -2.73806, -2.44448, -2.09505, -2.02519, -1.96952, -2.2396, -2.2345, -2.02601, -1.8762, -2.09366, -2.21642, -2.44358
0.76, 0.0319375, -1.12113, -0.530922, -0.380127, -0.623635, -0.4726, -0.937259, -1.04749, -1.27225, -1.39209, -1.7775, -1.78596, -1.2017, -1.09667, -1.45723, -1.93619, -1.86337, -1.54468, -2.08779, -1.89823, -1.6273, -1.26008, -1.52306, -1.96776, -1.92312, -1.68864, -1.69214, -2.09531, -1.77998, -1.80476, -1.87954
0.78, 0.0319375, -1.03315, -1.68212, -1.41451, -1.01152, -1.48086, -0.789623, -1.60179, -1.49325, -1.57763, -1.83509, -2.18092, -1.87552, -2.35947, -2.34765, -2.60891, -2.58765, -2.89873, -3.10864, -3.03891, -3.23562, -3.13215, -2.71323, -2.98464, -3.24631, -2.92833, -2.51111, -2.18451, -2.22803, -2.23123, -2.0269
0.8, 0.0319375, -1.71511, -2.28576, -1.80601, -2.0992, -2.00318, -2.44995, -2.43295, -2.67511, -2.75855, -3.3192, -2.86853, -3.65922, -3.43495, -3.54151, -3.33976, -3.28625, -3.24701, -3.1427, -3.01841, -3.68882, -3.34477, -3.09894, -3.2729, -3.19292, -3.04093, -3.07318, -2.7386, -2.86216, -2.98504, -2.20077
0.82, 0.0319375, -1.27012, -0.989427, -1.33017, -1.04234, -1.1131, -1.73797, -2.26428, -1.68007, -1.64857, -2.40002, -2.34029, -2.1874, -1.93152, -2.14406, -2.5134, -2.56954, -3.13583, -3.17415, -2.54318, -2.49566, -2.65288, -2.97664, -2.94148, -3.08637, -2.81108, -2.75666, -2.75602, -2.92565, -2.92222, -2.37261
0.84, 0.0319375, -0.672374, 0.389076, -0.44083, -0.6183, -0.397035, -0.831556, -1.43799, -1.4417, -1.75709, -2.57974, -2.40499, -1.68622, -1.68657, -1.62529, -1.85426, -1.86885, -2.03679, -2.41404, -2.49517, -2.20381, -2.12908, -2.01431, -2.16467, -2.3899, -2.40397, -2.67705, -2.21381, -1.77991, -1.52028, -1.35234
0.86, 0.0319375, -1.87518, -2.13375, -1.73357, -0.904647, -0.811611, -1.04906, -1.23076, -1.06602, -1.05184, -1.7102, -1.88664, -1.55395, -2.11996, -2.09824, -1.70556, -1.66225, -1.63006, -2.40439, -2.30314, -2.68967, -1.9906, -2.20824, -2.21537, -2.17115, -1.83023, -2.11829, -1.51228, -1.29797, -1.22838, -1.27647
0.88, 0.0319375, -1.44527, -2.15114, -1.89572, -2.19863, -2.26529, -2.40293, -2.27949, -2.5407, -2.61451, -2.71092, -2.58543, -2.88087, -2.86818, -2.85149, -2.7532, -2.70794, -3.14099, -2.4875, -2.34876, -2.77195, -2.77077, -2.89813, -2.27328, -1.93745, -1.74127, -1.57166, -1.77999, -1.75345, -1.96648, -1.93438
0.9, 0.0319375, -1.31014, -0.513599, -0.444166, -0.743287, -1.13424, -0.873694, -1.42687, -2.96921, -1.68106, -2.50727, -2.80453, -2.19132, -3.04005, -2.58487, -2.38529, -2.53761, -2.80963, -2.65801, -2.63843, -2.17411, -2.18474, -2.42205, -2.22412, -2.27525, -2.30538, -2.29459, -2.35759, -2.38271, -2.35301, -1.88035
0.92, 0.0319375, -2.02249, -1.2384, -1.36476, -0.797185, -1.96935, -1.94413, -1.62353, -1.91586, -2.15249, -2.12196, -2.64701, -2.59965, -2.21913, -1.99117, -1.99658, -1.79607, -2.16224, -1.861, -1.44591, -1.62703, -1.33183, -1.09399, -1.04774, -0.813688, -0.544378, -0.330682, -0.295491, 0.228239, 0.202647, 0.117573
0.94, 0.0319375, -1.47541, -2.03254, -2.11372, -1.63989, -1.65673, -1.90245, -1.58999, -2.26276, -1.86126, -1.78052, -2.26619, -2.0492, -2.10084, -2.16265, -1.96319, -2.2535, -1.93966, -1.6685, -1.94099, -2.02096, -1.65016, -1.6077, -1.72631, -1.82537, -1.74178, -1.75553, -1.55249, -1.64666, -1.55452, -1.34095
0.96, 0.0319375, -2.48069, -3.85047, -3.11102, -1.50981, -1.56889, -1.56335, -2.08509, -1.99768, -1.65415, -2.11237, -2.22918, -1.84441, -1.86183, -2.09755, -2.19956, -1.49848, -1.70072, -2.16441, -2.09155, -1.94683, -1.42661, -1.39253, -1.35621, -0.687602, -1.39179, -1.44854, -1.43405, -1.27359, -1.22452, -1.23291
0.98, 0.0319375, -1.54447, -1.04052, -1.77439, -2.1755, -1.57209, -1.89341, -2.75018, -2.33823, -2.12887, -2.13825, -2.11847, -2.4265, -2.18461, -2.22513, -2.42105, -2.31557, -2.24653, -2.44322, -1.80286, -1.86234, -1.8317, -1.75533, -1.69785, -2.07971, -1.59482, -1.95187, -1.72489, -1.49213, -1.49419, -1.53758
1, 0.0319375, -1.2263, -1.20884, -1.24082, -0.608486, -0.619994, -1.2998, -1.50745, -1.70647, -1.78782, -2.19336, -2.37239, -1.72453, -1.97082, -2.47246, -2.46976, -2.44831, -2.41875, -2.51781, -2.05913, -2.19974, -1.90628, -1.99706, -2.00459, -2.25798, -2.39377, -2.58464, -2.12397, -2.38903, -2.46921, -2.39363
1.02, 0.0319375, -1.16003, -1.73834, -1.01763, -1.53966, -1.63117, -1.96982, -2.10926, -2.04001, -2.01438, -2.77696, -2.80152, -2.21089, -1.91574, -2.18125, -2.38645, -2.03655, -2.41448, -2.43038, -2.60621, -2.52528, -2.23914, -2.27628, -2.26946, -2.55598, -2.64113, -2.44298, -2.34662, -2.13272, -2.16829, -1.88706
1.04, 0.0319375, -0.76316, -0.88806, -0.578794, -0.436013, -0.390847, -1.14853, -1.05751, -1.18131, -1.25572, -1.59512, -1.91218, -1.30821, -1.29375, -1.62122, -1.54983, -1.57909, -1.42045, -1.19396, -0.572161, -0.275106, -0.179243, -0.722665, -0.155541, 0.802651, 1.10066, 0.545837, 0.465366, 1.30942, 1.01036, -0.409505
1.06, 0.0319376, -1.7585, -1.22805, -0.926054, -1.64493, -1.44197, -2.37203, -1.94263, -1.76313, -1.8213, -2.1689, -2.17032, -1.19632, -1.13392, -1.73627, -1.55806, -1.60237, -2.00303, -1.2769, -0.312448, 0.13551, 0.186308, -0.107089, 0.435246, 1.26444, 1.56887, 1.06733, 0.998042, 1.78832, 1.47681, 0.142241
1.08, 0.0319375, -1.84522, -1.75101, -1.12162, -1.28332, -1.39236, -1.6637, -1.47937, -2.75139, -1.96571, -1.82411, -1.65604, -1.6344, -1.59791, -1.60549, -2.0283, -2.22115, -2.11014, -2.2883, -2.13776, -1.37133, -0.999697, -1.05557, -1.39271, -1.60848, -1.37604, -1.0777, -1.00353, -0.973015, -1.40126, -1.04444
1.1, 0.0319375, -1.67481, -1.20617, -0.877012, -1.04337, -1.3591, -1.96841, -1.52058, -1.26182, -1.77392, -2.11174, -1.69649, -1.96449, -1.94508, -2.07771, -2.23384, -2.4722, -2.45894, -2.1542, -1.96332, -1.62958, -1.25177, -1.32341, -0.836788, -0.713322, -0.584479, -0.612404, -0.503958, -0.521637, -0.42692, -0.185083
1.12, 0.0319375, -2.10531, -2.10797, -2.66241, -2.50878, -2.05338, -2.13956, -1.8531, -1.66516, -2.22722, -2.02538, -2.97459, -2.08675, -2.04116, -1.92002, -1.96832, -2.0638, -2.08341, -2.11942, -1.40405, -1.46864, -1.46301, -1.78109, -1.88281, -2.1537, -1.37166, -1.01358, -1.32749, -1.18123, -1.17887, -1.35069
1.14, 0.0319375, -1.12726, -1.57918, -1.01004, -2.03367, -1.60973, -2.14614, -2.35111, -1.8201, -1.89156, -1.93754, -2.63253, -2.62401, -2.27194, -2.39935, -2.66145, -2.43551, -2.42963, -1.99263, -1.41744, -1.43826, -1.56209, -1.90096, -1.99254, -2.09383, -1.2999, -1.24258, -1.29877, -1.52281, -1.59722, -1.62643
1.16, 0.0319375, -1.11775, -1.47207, -1.17595, -0.459264, -0.430948, -0.928413, -0.290248, 0.130012, 0.113328, 0.00815727, 0.0926498, 0.619735, 0.593144, 1.266, 1.76961, 1.86688, 1.89386, 1.85206, 1.52725, 0.986748, 1.73541, 2.34479, 2.77154, 3.03588, 2.87002, 2.84425, 2.61934, 2.51216, 2.72161, 2.80686
1.18, 0.0319376, -1.05766, -1.51787, -1.34705, -0.820033, -1.12675, -1.47856, -2.00993, -1.88496, -1.74533, -1.37387, -1.1619, -1.04033, -1.19811, -1.10913, -1.11101, -0.985261, -1.17565, -1.75873, -1.10509, -0.805786, -0.644013, -0.799441, -0.812044, -0.453359, 0.0726082, 0.184494, 0.000975848, -0.0856436, -0.0456648, 0.349809
1.2, 0.0319375, -1.58387, -1.43923, -1.14311, -0.840787, -0.920573, -0.973408, -1.28667, -1.37454, -0.988193, -1.93807, -1.97526, -1.66529, -1.86646, -1.13269, -0.468129, -0.214319, 0.110987, 0.577153, 0.676121, 0.354506, 0.461207, 0.302955, -0.49783, -0.0914222, 0.964271, 1.12414, 0.729707, 0.432411, 0.307494, -0.0440053
1.22, 0.0319375, -1.64031, -1.96209, -1.44197, -0.884622, -1.43402, -2.47083, -2.68941, -2.34881, -1.65082, -1.94189, -1.95901, -2.35588, -2.22758, -2.62725, -2.30103, -2.64956, -1.94522, -1.50294, -1.74134, -2.08478, -1.99153, -1.75295, -1.81658, -1.47047, -1.1664, -0.913788, -0.949736, -1.45448, -1.43766, -1.24734
1.24, 0.0319375, -1.65878, -2.14023, -2.01882, -1.61394, -1.58559, -2.16776, -1.87649, -2.05937, -2.29475, -2.67383, -2.2105, -1.80505, -2.55585, -2.69829, -2.45041, -2.57893, -2.02489, -2.1418, -2.39893, -2.17737, -2.32058, -2.21212, -2.23767, -1.86172, -1.43754, -1.62376, -1.65021, -1.79765, -1.83584, -1.70512
1.26, 0.0319375, -1.48906, -0.822107, -0.818978, -0.598824, -1.1897, -1.6173, -1.41152, -1.1907, -1.61908, -2.05098, -1.48892, -0.778168, -0.802843, -0.497857, -0.194948, -0.373758, -0.722634, -0.378237, 0.302774, -0.0933873, -0.659952, -0.0901274, 0.4599, 0.565139, -0.287393, 0.438189, 0.831981, 0.926538, 1.42429, 2.05631
1.28, 0.0319375, -1.50975, -0.975228, -0.617753, -1.18795, -1.47635, -2.25107, -1.80008, -1.59576, -1.36845, -2.00608, -2.08225, -1.60119, -1.35119, -1.68844, -1.84191, -1.55922, -1.80282, -1.42995, -1.51063, -1.10383, -0.667693, -0.145689, 0.0724915, 0.474415, 1.04489, 1.13288, 0.749287, 0.488631, 0.95815, 1.45673
1.3, 0.0319376, -0.807862, -1.13957, -0.171517, -0.575919, -1.55797, -1.42406, -1.89259, -1.41342, -1.23891, -1.63148, -1.85214, -1.19918, -1.64274, -1.47185, -1.48611, -1.46596, -1.6972, -1.87653, -1.69288, -1.51706, -1.18818, -0.798834, -0.804509, -0.368194, 0.276275, 0.290208, -0.351322, -0.82819, -0.203812, 0.323709
1.32, 0.0319375, -0.736662, -1.97405, -1.58177, -1.903, -1.21748, -2.05449, -2.78704, -1.9087, -1.75809, -2.68588, -2.48122, -2.27367, -2.3095, -2.81514, -2.30747, -2.11183, -2.33896, -2.41743, -2.58292, -2.83432, -2.37585, -2.11605, -2.17523, -2.25426, -2.10194, -2.23012, -2.21757, -2.14349, -1.74619, -1.62128
1.34, 0.0319375, -1.46654, -2.00153, -1.85217, -1.32499, -1.18849, -1.93514, -2.92086, -1.75593, -1.58957, -2.33696, -2.62098, -2.3321, -2.33236, -2.64683, -2.38863, -2.068, -2.64049, -2.53759, -2.42193, -2.5674, -2.28574, -2.66152, -2.38859, -2.45738, -2.36608, -2.11881, -1.87723, -1.70559, -1.4835, -1.27588
1.36, 0.0319375, -1.36377, -1.7565, -2.05451, -1.10452, -1.47643, -1.91128, -2.28461, -2.14146, -2.05736, -2.17273, -2.5181, -2.96337, -2.97174, -2.48452, -2.42675, -2.99465, -2.87792, -2.90992, -2.8828, -2.85921, -2.92846, -2.7934, -2.72337, -2.67627, -2.76236, -2.67048, -2.88041, -2.86322, -2.46355, -2.30463
1.38, 0.0319375, -0.85461, -1.63617, -1.41549, -0.753171, -1.19433, -1.11232, -1.81322, -1.56198, -1.45566, -2.13002, -1.56041, -1.59187, -2.52741, -2.37991, -2.39957, -2.57475, -2.85167, -2.52041, -2.58607, -2.24325, -2.27317, -2.65588, -2.4564, -2.78919, -2.57243, -2.44326, -2.22734, -2.18083, -2.06124, -1.78225
1.4, 0.0319375, -0.859018, -0.993395, -0.495112, -0.535934, -0.714232, -1.3584, -2.5659, -1.40993, -1.22517, -1.82752, -1.47167, -1.36311, -1.58563, -2.08168, -1.68797, -2.40909, -2.20186, -1.92924, -1.93606, -1.67073, -1.93479, -2.2542, -1.812, -2.18132, -2.21027, -1.68531, -1.51227, -1.53773, -1.80768, -1.66899
1.42, 0.0319376, -1.32379, -1.65466, -0.83882, -0.606393, -1.02546, -1.56252, -2.13471, -1.92494, -1.64929, -2.41589, -2.03061, -2.22771, -2.71411, -2.52965, -2.83619, -2.9152, -3.32273, -2.44248, -2.72894, -2.62156, -2.25977, -2.12197, -2.08447, -2.10306, -1.9254, -1.8293, -1.71865, -1.95753, -1.83313, -1.66802
1.44, 0.0319375, -1.03149, -1.4002, -1.72484, -0.505359, -0.972687, -1.64559, -1.58563, -1.47329, -1.91494, -2.56069, -1.83138, -1.88305, -2.61463, -2.73058, -3.14085, -3.08444, -2.87906, -2.82055, -2.61109, -2.54545, -2.69563, -2.81062, -2.87609, -2.71974, -2.44127, -2.69947, -2.64318, -2.37832, -2.26433, -2.03432
1.46, 0.0319375, -1.00715, -1.07763, -1.15711, -0.712727, -0.567441, -0.859376, -0.963486, -1.53746, -1.90649, -1.865, -1.67063, -1.44452, -1.84177, -2.06492, -1.95923, -2.29758, -2.27777, -2.08244, -2.44667, -2.13195, -1.84199, -1.6843, -1.80792, -1.75887, -1.83318, -1.76221, -1.61302, -1.78121, -2.12233, -2.01034
1.48, 0.0319375, -1.5793, -2.08317, -1.25024, -0.894208, -1.13949, -1.35691, -1.84459, -1.82254, -1.23604, -1.90949, -1.74444, -2.07018, -2.01467, -2.08697, -2.08614, -1.81098, -2.17492, -1.97347, -2.1993, -1.9995, -1.84376, -1.85364, -1.70096, -1.66337, -1.8165, -2.23037, -1.92062, -1.9841, -2.18876, -2.17714
1.5, 0.0319375, -1.10162, -1.7049, -0.988517, -1.03497, -1.73471, -1.56124, -1.68691, -2.20422, -1.99135, -2.36017, -2.80506, -2.51614, -3.24802, -3.1964, -3.41225, -2.82091, -3.03613, -2.97359, -2.98198, -2.84869, -2.18128, -2.35997, -2.25967, -2.71327, -2.7391, -2.58128, -2.27049, -2.45516, -2.3519, -2.67105
1.52, 0.0319375, -1.01838, -1.48857, -1.10991, -1.06866, -1.13847, -1.50047, -2.17319, -2.17285, -2.27189, -2.5289, -2.58139, -2.61591, -3.07845, -3.26966, -3.07882, -2.94314, -3.16211, -3.09641, -3.08276, -2.78723, -2.3885, -2.43331, -2.25337, -1.91423, -2.55369, -2.67909, -2.36602, -2.13829, -1.86584, -1.94407
1.54, 0.0319375, -1.12375, -0.74456, -0.290509, -0.247183, -1.09248, -1.26966, -1.33902, -1.73466, -1.79399, -2.08639, -2.89114, -1.97579, -2.29472, -2.1937, -1.69485, -2.09969, -2.00623, -2.46408, -2.34472, -2.51347, -2.51395, -2.71628, -2.66091, -2.64912, -2.29823, -2.32037, -2.44844, -2.32129, -2.25184, -2.29504
1.56, 0.0319376, 0.0898515, -0.215749, 0.770543, 0.383326, -0.0584876, -0.362629, -1.16511, -0.994459, -0.97114, -1.22446, -1.53879, -1.46117, -1.53866, -1.96107, -2.40098, -1.74527, -2.07661, -2.09246, -2.04591, -2.09497, -1.11234, -0.998545, -0.910115, -1.341, -1.4984, -1.00963, -1.00987, -1.01161, -0.440403, -0.346605
1.58, 0.0319375, -0.839109, -1.61308, -0.817998, -0.268194, -0.528854, -0.658895, -0.823984, -1.13969, -0.722979, -1.58535, -2.0034, -1.63354, -1.59581, -1.31226, -1.93116, -1.53572, -1.61762, -2.02251, -2.1457, -2.42473, -2.39792, -1.97193, -2.08229, -2.26101, -2.00907, -1.9745, -1.97577, -2.02047, -1.94581, -1.64861
1.6, 0.0319375, -0.855298, -0.790857, -0.735044, -0.578221, -0.497114, -0.721677, -1.11548, -1.1205, -1.9407, -1.88742, -2.24904, -2.22985, -1.8158, -2.09499, -1.98024, -1.87806, -2.37034, -2.45662, -2.40077, -1.63046, -1.73669, -1.47235, -1.57061, -1.12613, -0.88576, -1.23514, -1.58111, -1.10359, -1.56622, -1.67055
1.62, 0.0319375, -1.13569, -1.54754, -0.65295, -0.32117, -0.925634, -1.57629, -1.66031, -0.987032, -1.24485, -1.59101, -1.77984, -1.84588, -1.99935, -1.62799, -1.92785, -2.16336, -2.05082, -1.90785, -2.23893, -1.96618, -1.76127, -1.94935, -1.77052, -1.90337, -1.86331, -1.66719, -1.73533, -1.51769, -1.9259, -1.86896
1.64, 0.0319375, -0.592646, -1.16014, -0.811017, -0.126155, -0.553269, -1.00112, -1.22074, -1.52584, -1.50642, -1.64188, -2.28629, -1.77676, -2.06789, -1.98167, -1.98217, -2.14564, -1.746, -2.17229, -2.08131, -2.35426, -2.26195, -2.08239, -2.20348, -2.20144, -2.13733, -2.33216, -2.20775, -2.23619, -2.05244, -2.04205
1.66, 0.0319375, -0.401557, -1.14529, -0.658684, -0.902475, -1.29575, -1.69127, -1.99699, -1.70587, -1.6777, -1.73543, -1.89604, -2.04806, -2.12264, -2.26935, -2.15488, -1.7702, -2.04338, -2.22793, -2.62046, -2.07671, -2.17688, -2.03421, -2.20896, -2.30912, -2.24109, -2.11247, -2.3086, -2.26447, -1.91987, -1.61405
1.68, 0.0319376, -0.397705, -0.757329, -0.606964, -0.705181, -1.24, -2.196, -1.92456, -1.77442, -1.89146, -1.01526, -1.41365, -1.5692, -1.41463, -1.3021, -0.955114, -1.64759, -1.08277, -1.23928, -1.87093, -1.83942, -1.37742, -1.2612, -1.29936, -0.952199, -1.22496, -1.22005, -1.55657, -1.53814, -1.37532, -1.19803
1.7, 0.0319375, -1.54726, -1.71499, -1.36113, -1.21269, -1.84181, -1.9917, -1.84432, -2.02317, -2.12396, -2.31433, -2.24491, -1.89217, -2.03618, -1.71947, -1.87359, -2.18517, -1.90423, -1.50575, -2.03046, -1.4646, -1.54121, -1.61391, -1.4537, -1.43099, -1.69326, -1.64598, -1.61588, -1.83774, -1.84008, -1.7857
1.72, 0.0319375, -1.40604, -1.83731, -1.37073, -1.58595, -1.97998, -2.26076, -2.65076, -2.08596, -2.24852, -2.16768, -2.46087, -2.266, -2.31318, -2.12849, -2.17922, -2.60037, -1.75912, -1.80088, -1.75819, -1.41478, -1.88224, -1.63636, -1.04188, -1.03557, -1.68367, -1.25071, -1.48978, -1.06343, -1.21871, -1.06884
1.74, 0.0319375, -0.604174, -1.2681, -0.243662, -0.808488, -1.09287, -1.17651, -1.76622, -1.65622, -1.94866, -1.78448, -2.2733, -1.88658, -2.11324, -2.44691, -2.09375, -1.86808, -2.45169, -2.49335, -2.31934, -1.81621, -1.68651, -1.96352, -1.77815, -1.80687, -1.59018, -1.58747, -1.50412, -1.60995, -2.06603, -1.81737
1.76, 0.0319375, -1.28788, -0.436396, -0.061335, -1.66974, -2.17388, -2.29467, -1.82893, -1.52581, -1.83559, -1.65834, -2.12722, -2.23983, -2.56352, -2.37005, -2.56892, -2.57003, -1.95869, -2.3045, -1.73022, -1.89075, -1.81981, -1.90968, -1.91902, -1.65537, -1.68935, -1.81047, -1.93208, -2.30481, -1.69104, -1.73678
1.78, 0.0319375, -1.31034, -0.985039, -0.993, -1.10268, -1.41636, -1.19507, -1.6554, -1.8088, -1.95592, -2.40656, -2.39826, -2.29145, -2.46206, -2.00273, -1.69186, -1.86257, -1.49604, -1.33045, -1.65055, -1.25479, -1.34689, -1.52095, -1.21278, -0.513515, -0.314444, -0.469983, -0.520888, -1.06123, -0.900588, -0.721494
1.8, 0.0319376, -0.274316, -1.28161, -0.797428, -1.18707, -0.710289, -0.763975, -1.48924, -1.05181, -1.85514, -2.1265, -2.35474, -1.7942, -2.18876, -1.92003, -1.86617, -2.27004, -1.8576, -1.94037, -2.15157, -1.97261, -1.72133, -2.2536, -1.96551, -1.62786, -1.06834, -1.28979, -1.85565, -1.55686, -1.60392, -1.45682
1.82, 0.0319375, -0.0668879, -1.36765, -0.816197, -1.09977, -0.424953, -0.652414, -1.15045, -1.30363, -1.62742, -1.91862, -2.00453, -1.90105, -1.99124, -1.92018, -2.05716, -2.26782, -1.60281, -2.36369, -2.54845, -1.66557, -1.77804, -2.00499, -1.7062, -1.70471, -1.52685, -1.8466, -1.57547, -1.36419, -1.13687, -0.850698
1.84, 0.0319375, -0.874231, -1.48852, -1.42386, -0.569036, -0.986638, -1.40093, -1.59843, -2.17545, -1.85211, -1.92706, -2.17989, -2.50175, -2.39551, -2.6633, -2.51625, -2.53159, -2.91958, -2.70104, -2.44399, -2.32259, -2.34828, -1.99557, -2.17154, -2.39943, -1.91712, -1.9659, -1.87934, -1.64987, -1.2802, -1.7188
1.86, 0.0319375, -1.19212, -1.28229, -0.561663, -1.01636, -0.437553, -0.908041, -1.74362, -1.15867, -1.45697, -2.29291, -1.53914, -1.43027, -1.59864, -2.29361, -2.58927, -2.0048, -1.59503, -1.99449, -2.09421, -1.81704, -1.94288, -2.14273, -1.92719, -2.09287, -1.91454, -2.22583, -1.91702, -1.94363, -1.90031, -1.7302
1.88, 0.0319375, -1.59645, -2.26551, -1.79949, -1.51552, -0.89563, -1.21365, -1.23919, -1.10851, -1.26558, -2.76472, -1.82543, -1.58004, -1.69691, -2.00169, -1.92074, -1.81842, -2.4019, -2.76574, -2.79124, -2.15641, -1.85076, -1.9431, -1.8837, -1.77833, -1.83893, -1.96085, -2.03731, -2.02497, -1.82499, -1.25583
1.9, 0.0319375, -0.687512, -1.61511, -0.700075, -0.452981, -0.690895, -1.56667, -1.50837, -1.83093, -1.65766, -2.51421, -2.29181, -2.08859, -2.01909, -2.39484, -2.68087, -2.68365, -2.54403, -2.35998, -2.54406, -2.486, -2.25036, -2.64568, -2.69172, -2.54068, -2.4257, -2.3135, -2.32765, -2.38357, -2.26752, -2.38305
1.92, 0.0319376, -1.45298, -2.27341, -1.03681, -1.33806, -1.27462, -1.75884, -2.47756, -2.03412, -1.87364, -2.45523, -2.59349, -2.60091, -2.89188, -2.6932, -2.70481, -2.80569, -2.62296, -2.67139, -2.65928, -2.57246, -2.79669, -2.68379, -2.45833, -2.84476, -2.58309, -2.41963, -2.39428, -2.15665, -2.29508, -2.19749
1.94, 0.0319375, -0.621945, -1.98323, -1.46033, -0.897711, -1.30011, -1.94266, -1.23032, -1.24899, -1.68089, -2.25767, -1.81267, -2.13143, -2.5876, -2.33649, -2.28873, -2.496, -2.32863, -2.5892, -2.49165, -2.54444, -2.95815, -2.47388, -2.51485, -2.62506, -2.73945, -2.36945, -2.24558, -2.31775, -2.40768, -2.0868
1.96, 0.0319375, -0.513526, -0.741854, -0.46645, -0.890828, -1.50606, -1.43064, -1.39821, -1.74091, -2.2113, -2.58123, -2.56649, -2.06648, -1.95826, -2.99521, -2.37967, -2.4445, -2.42928, -2.52049, -2.36146, -2.24125, -2.50017, -2.4073, -2.47225, -2.031, -1.90826, -1.95391, -1.94368, -1.88219, -1.60634, -1.73727
1.98, 0.0319376, -0.985396, -0.939335, -0.742764, -1.67095, -1.3736, -2.06819, -1.54386, -1.39481, -1.30247, -1.80214, -1.82298, -1.80316, -2.24401, -2.6406, -2.78012, -2.52247, -2.61504, -2.43953, -2.58581, -2.99358, -2.62449, -2.65288, -2.74033, -2.65077, -2.3761, -2.46859, -2.67912, -2.38129, -2.45616, -2.11499
2, 0.0319376, -0.758867, -0.853967, -0.640822, -0.916595, -1.52063, -1.29816, -1.7152, -1.92232, -1.87782, -1.56315, -2.12578, -1.51111, -1.9863, -1.55005, -1.31489, -1.6001, -1.56349, -1.45024, -1.90781, -1.83095, -2.02244, -2.30249, -2.30482, -1.99311, -1.72582, -1.69653, -1.68322, -1.97905, -2.18718, -2.05543
2.02, 0.0319376, -1.05683, -1.89785, -1.53408, -1.21743, -1.03919, -1.22181, -1.63171, -1.74841, -2.18207, -1.96314, -2.18241, -2.38073, -2.43719, -3.17001, -2.90017, -3.05563, -2.99908, -2.50146, -2.31974, -2.47169, -2.53295, -2.67238, -2.75363, -2.85736, -2.57661, -2.89033, -2.69788, -2.35393, -2.56621, -2.23822
2.04, 0.0319376, -1.14161, -1.30888, -0.995729, -1.84365, -1.79626, -1.27833, -1.68014, -2.5573, -2.40258, -2.45025, -2.94454, -2.56471, -2.9356, -2.81835, -2.90199, -2.81846, -2.92881, -2.48627, -2.60498, -2.9275, -2.75644, -2.79529, -2.6991, -2.3957, -2.38194, -2.69451, -2.52815, -2.44973, -2.2081, -1.97256
2.06, 0.0319376, -1.65595, -2.30902, -1.67991, -1.75848, -1.79134, -2.48618, -1.92552, -2.50723, -2.54365, -2.65072, -2.72702, -2.54721, -2.87521, -2.80026, -2.74616, -2.87889, -2.92444, -2.86774, -2.73636, -2.68041, -2.81072, -2.8867, -2.33073, -1.96497, -1.54319, -1.11158, -1.17396, -1.33569, -1.50476, -1.3179
2.08, 0.0319376, -1.13956, -1.16204, -0.977799, -1.08158, -2.08308, -1.52548, -1.51542, -1.28584, -1.54432, -1.74646, -2.24454, -2.49595, -2.44882, -1.36671, -1.47073, -2.3954, -2.02186, -1.94569, -1.53817, -1.52592, -1.61947, -1.32441, -0.945911, -0.778998, -1.32503, -1.42092, -1.15522, -0.67654, -0.11069, 0.227505
2.1, 0.0319376, -1.09472, -1.77194, -1.33255, -1.98811, -1.68717, -1.50607, -1.75379, -2.08177, -2.26145, -1.87976, -2.56788, -2.47624, -2.49962, -2.70454, -2.57562, -2.83053, -2.85067, -1.57947, -1.76878, -2.16394, -1.8152, -2.2054, -1.92537, -1.72723, -2.03206, -1.99055, -2.07644, -2.13786, -2.10008, -1.85697
2.12, 0.0319376, -1.46321, -1.64627, -1.32262, -1.18589, -0.809524, -1.07784, -1.15869, -1.49796, -1.35043, -2.20487, -1.61477, -1.94588, -1.87315, -1.57196, -1.90278, -1.98739, -2.14345, -1.55519, -1.55613, -1.55979, -1.0161, -0.755937, -0.663872, -1.12947, -1.15481, -1.31941, -1.49436, -1.73684, -1.64277, -1.18312
2.14, 0.0319374, -0.394192, -0.325113, -1.75521, -0.96965, -0.67089, -1.70139, -1.49962, -1.71576, -1.38526, -1.10124, -1.91794, -2.26205, -2.43098, -2.13051, -2.51885, -2.85602, -2.33876, -1.77069, -1.71051, -1.46854, -1.33741, -1.20019, -1.03005, -0.730319, -0.783456, -1.04279, -1.20173, -1.55358, -1.55846, -1.02142
2.16, 0.0319374, -0.597604, -0.28921, -1.8128, -0.476013, -0.19724, -0.868965, -1.7965, -2.4725, -0.755154, -0.853997, -1.85458, -1.558, -1.91077, -2.0751, -1.87572, -1.89798, -1.68122, -0.91251, -1.34892, -1.02999, -0.843848, -0.986639, -0.821972, -0.77387, -0.561199, -1.21698, -1.78444, -1.99421, -1.97479, -1.40532
2.18, 0.0319374, -0.562233, -1.08386, -1.80877, -0.210777, 0.366008, -0.608229, -0.553022, -1.42961, -1.29979, -0.781307, -1.29645, -1.56443, -1.75001, -1.76276, -2.22778, -2.04612, -1.02693, -0.832177, -0.696153, -1.03441, -0.847354, -1.00945, -0.689253, -0.561486, -0.373641, -1.15664, -1.65667, -1.83103, -1.59679, -1.35166
2.2, 0.0319374, -0.235753, -0.507437, -0.863538, -1.15109, -0.668331, -0.473413, -0.768033, -1.76872, -0.765485, -0.754136, -1.63155, -0.99124, -2.00529, -1.88916, -1.83525, -2.04553, -1.38215, -1.08019, -1.27454, -0.939143, -0.745933, -0.248505, -0.498542, -0.491821, -0.496417, -1.05836, -1.37659, -0.925328, -1.20253, -1.26696
2.22, 0.0319374, -0.262661, -0.0409773, -0.817349, -1.30952, -0.588325, -1.57689, -1.57394, -2.29945, -1.38754, -1.03847, -2.56677, -2.20969, -1.81092, -2.11846, -2.1081, -1.87258, -1.40159, -1.66855, -1.4118, -1.09319, -0.799785, -0.653418, -0.599642, -0.294088, -0.449061, -0.742054, -1.24835, -1.60437, -1.48658, -1.11896
2.24, 0.0319376, -0.847075, -1.02362, -0.714949, -1.37588, -1.50049, -0.943128, -1.57019, -1.53694, -0.818162, -1.57954, -1.69499, -1.42546, -1.8783, -1.79548, -2.01982, -2.08477, -1.80094, -1.30159, -1.42411, -1.70072, -0.941288, -0.777763, -0.225913, -0.992791, -1.15876, -1.05311, -1.22278, -1.60898, -1.56291, -0.985717
2.26, 0.0319376, -1.08419, -0.801182, -0.465101, -0.937473, -1.05464, -1.08387, -1.43248, -1.5891, -1.05372, -1.28546, -2.06837, -1.43331, -1.97225, -1.45933, -1.61599, -1.4678, -1.1802, -1.38733, -1.40905, -1.29386, -1.21245, -1.27925, -1.18993, -0.814356, -0.914446, -0.693789, -0.692542, -1.28661, -1.31504, -0.785679
2.28, 0.0319376, -0.803204, -0.488506, -0.463046, -0.661334, -1.21008, -1.42725, -1.56949, -1.14129, -0.807999, -1.09266, -2.5107, -2.31488, -2.46161, -1.91544, -2.18929, -2.10335, -1.54129, -1.12358, -1.69623, -1.3623, -1.14148, -1.32356, -0.587888, -0.883946, -0.844719, -1.06439, -0.864308, -0.927075, -1.15742, -0.931425
2.3, 0.0319376, -1.40203, -0.86279, -0.572262, -1.14583, -1.46497, -2.20863, -1.59235, -1.82073, -1.7108, -1.69988, -1.74852, -2.44537, -2.46174, -1.88663, -2.16479, -2.25342, -1.30926, -1.23837, -1.60364, -1.58458, -1.54165, -1.63973, -1.14276, -1.35874, -1.44202, -1.37398, -1.13286, -1.03791, -1.02156, -1.08176
2.32, 0.0319376, -0.503877, -0.650612, -1.06278, -1.52504, -0.927419, -1.02963, -0.894809, -1.04824, -1.45649, -1.82565, -1.85338, -2.53505, -2.07028, -2.20956, -2.33183, -1.85482, -1.63047, -1.54014, -1.83558, -1.90678, -2.1138, -1.58863, -1.24103, -1.7372, -1.3554, -1.73589, -1.8868, -1.54447, -1.47062, -1.50158
2.34, 0.0319376, -0.7577, -1.02129, -0.640273, -0.939098, -1.06419, -1.50664, -1.19674, -0.659431, -1.27646, -1.64619, -1.80145, -2.01595, -2.69503, -2.43314, -2.32359, -2.46552, -2.19703, -1.78747, -1.6735, -1.70144, -2.08426, -1.88691, -1.68669, -1.81417, -1.90785, -2.20143, -1.96687, -1.58823, -1.8328, -1.5735
2.36, 0.0319376, -1.55301, -1.86167, -1.23989, -1.09357, -1.83866, -1.46887, -1.85055, -1.73206, -2.17199, -2.39496, -2.41561, -2.36519, -2.02603, -2.5688, -2.42875, -2.00513, -2.05127, -1.8493, -1.82082, -1.79202, -2.09568, -1.5849, -1.77562, -1.93731, -1.71167, -1.70813, -1.71337, -1.56705, -1.71514, -1.66008
2.38, 0.0319374, -1.40126, -0.354179, -0.663179, -1.5124, -1.20274, -1.19185, -1.48897, -1.48589, -0.90777, -1.64812, -1.36621, -1.28669, -1.96003, -1.70906, -1.43755, -1.33193, -1.0813, -1.36796, -1.42239, -0.803908, -0.714721, -0.979962, -0.800996, -0.67523, -0.3961, -0.179224, 0.0948119, 0.122417, -0.198839, -0.393775
2.4, 0.0319374, -1.01364, -0.804659, -1.33297, -1.47781, -1.63206, -1.53342, -1.5963, -1.95498, -1.8973, -1.58025, -1.6621, -2.45933, -2.37612, -2.10251, -2.00693, -1.9828, -2.2488, -1.77936, -1.79737, -1.83733, -1.67297, -2.267, -1.86652, -2.31959, -1.77638, -1.40575, -1.32123, -1.3241, -1.36531, -1.25174
2.42, 0.0319374, -1.34136, -1.07781, -0.338682, -0.789703, -1.34097, -2.6499, -1.30498, -1.33142, -1.74019, -1.75464, -1.87662, -1.86268, -2.05608, -1.95988, -1.50593, -1.9086, -1.65074, -1.75201, -1.77922, -1.65826, -1.55141, -2.01734, -1.9544, -2.05997, -1.89473, -1.92342, -1.86776, -1.95325, -1.73626, -1.53792
2.44, 0.0319374, -1.29563, -1.74965, -1.13269, -1.4375, -1.01711, -0.824097, -0.946973, -0.667031, -0.791934, -1.01338, -1.21435, -1.72736, -1.78099, -1.63129, -2.18792, -1.90454, -1.66751, -2.01989, -1.95722, -1.54518, -1.53229, -1.74711, -1.72512, -1.53016, -1.66087, -1.87186, -1.97591, -1.63065, -1.87779, -1.88112
2.46, 0.0319374, -1.50119, -2.01837, -1.13425, -0.960984, -1.14875, -1.18984, -1.01098, -1.43325, -1.68387, -2.14139, -2.42618, -2.01263, -1.98811, -1.72777, -1.30597, -1.1141, -1.10182, -1.46407, -1.57929, -1.49136, -1.30483, -1.41901, -1.36907, -1.23119, -1.14806, -1.47592, -1.34907, -1.06722, -1.25756, -1.61432
2.48, 0.0319376, -1.25435, -1.23212, -1.14349, -1.31369, -1.56169, -1.64763, -2.15792, -2.14522, -1.88739, -1.77135, -1.71931, -2.22127, -1.91079, -2.18138, -2.59554, -2.10185, -2.00348, -2.28134, -2.27126, -1.86464, -1.82614, -2.37855, -2.40355, -2.51787, -2.6198, -2.31872, -2.10933, -1.85702, -1.92257, -1.89409
2.5, 0.0319376, -2.1019, -1.52328, -1.78159, -1.80112, -1.63588, -1.70188, -0.822758, -0.797251, -1.78628, -2.33395, -2.16139, -2.08034, -2.24323, -2.48847, -1.95755, -2.11095, -2.42007, -2.50324, -2.34445, -2.5193, -2.30624, -2.34105, -2.32957, -2.5576, -2.40607, -1.95466, -2.05795, -2.36224, -2.11592, -2.44886
2.52, 0.0319376, -1.15162, -1.00473, -0.549124, -0.764654, -1.10301, -0.982198, -0.644506, -1.37846, -1.88077, -2.24277, -2.50672, -1.84862, -2.10713, -2.26984, -2.26517, -2.50006, -2.4426, -1.91779, -2.13006, -2.44533, -2.10136, -2.23117, -2.56645, -2.29586, -1.93052, -2.16527, -2.15961, -2.51477, -2.29548, -1.8837
2.54, 0.0319376, -1.93126, -1.96052, -1.25941, -1.35976, -1.54876, -2.32215, -2.12734, -1.41192, -2.19156, -2.02506, -2.14124, -2.31024, -2.47256, -2.75064, -2.84754, -2.0867, -2.62832, -2.3374, -2.59872, -2.53435, -2.43081, -2.71433, -2.96813, -2.43854, -2.44371, -2.44024, -2.20233, -2.3113, -2.2812, -1.84843
2.56, 0.0319376, -1.28317, -1.51424, -1.42641, -1.73286, -1.68111, -1.20313, -1.68348, -1.83333, -1.86963, -1.85855, -1.99572, -2.14297, -2.15331, -2.2232, -1.82379, -1.95606, -2.3685, -2.57342, -2.46969, -2.22822, -1.95328, -2.04734, -1.96896, -2.07349, -2.18737, -2.36621, -2.28508, -2.01163, -2.13364, -1.73542
2.58, 0.0319376, -1.59654, -0.916189, -1.09591, -2.0712, -2.05559, -1.30054, -0.946911, -1.6385, -1.88187, -1.73701, -1.88706, -2.07115, -1.97982, -2.10228, -2.1315, -2.07584, -2.11365, -1.98454, -2.39737, -2.26549, -2.01336, -2.07235, -2.2676, -2.20339, -2.4354, -2.28411, -1.9739, -2.13389, -1.96116, -1.61439
2.6, 0.0319376, -1.6436, -0.890918, -0.769863, -1.64437, -2.47648, -1.53936, -1.31364, -1.42055, -1.50027, -1.37582, -1.48017, -1.53902, -1.9883, -1.95911, -2.27516, -2.27696, -1.85801, -1.77817, -1.80523, -2.48497, -1.86292, -2.07676, -1.8397, -1.90543, -2.13254, -1.8308, -1.73231, -1.79505, -1.63995, -1.53522
2.62, 0.0319376, -1.22469, -0.319304, -0.644371, -0.610284, -1.78721, -1.6361, -1.29748, -0.771635, -1.33308, -1.62669, -1.76048, -1.52925, -1.6769, -2.2506, -2.31678, -1.76628, -1.96652, -2.0693, -2.17666, -2.30639, -1.85372, -1.96737, -1.70374, -2.2877, -1.9339, -2.26011, -2.40349, -2.37661, -2.3517, -2.25781
2.64, 0.0319374, -0.5957, -0.656012, -0.532042, -0.714616, -1.02503, -0.881882, -1.36281, -1.81584, -2.67307, -1.88069, -2.37722, -2.70504, -1.79333, -2.10213, -2.9098, -3.02412, -2.7062, -2.88063, -2.71198, -2.83208, -2.59268, -2.53165, -2.7768, -2.75785, -2.73307, -2.62168, -2.90171, -2.72336, -2.84347, -2.6425
2.66, 0.0319374, -1.04647, -0.576273, -0.901831, -0.921177, -1.65976, -0.94396, -0.777924, -1.85289, -1.325, -1.63015, -1.87745, -1.80991, -2.09441, -2.53737, -2.14221, -2.57211, -2.48874, -2.12238, -1.97384, -2.62609, -2.28377, -2.75338, -2.55612, -2.60958, -2.69491, -2.87467, -2.78995, -2.74917, -2.43487, -2.17328
2.68, 0.0319374, -0.635006, -1.65018, -1.30307, -1.01095, -1.50783, -0.644383, -0.570422, -1.01563, -1.11985, -1.31782, -0.98938, -1.44562, -1.06977, -1.42614, -1.76191, -1.78015, -1.87275, -2.19257, -2.02051, -2.30293, -2.68761, -2.87483, -2.72504, -2.45362, -2.73474, -2.60307, -2.7208, -2.26704, -2.5743, -2.36245
2.7, 0.0319374, -0.838175, -0.677265, -0.968535, -1.38069, -0.999602, -1.04289, -0.506954, -0.756474, -1.42168, -1.8989, -2.05947, -1.823, -1.86132, -1.9743, -2.10949, -2.54308, -1.78479, -1.50368, -1.69148, -1.86899, -1.91398, -1.66816, -1.74465, -1.74099, -1.67056, -1.85417, -2.10607, -2.00896, -1.65881, -1.33733
2.72, 0.0319374, -1.47876, -0.836626, -0.602187, -0.735278, -0.837809, -0.512202, -0.696274, -0.948516, -0.836444, -1.31601, -1.78734, -1.67124, -1.37368, -0.992251, -1.47334, -1.84905, -1.92527, -2.02993, -1.88203, -1.66639, -1.5059, -1.78848, -1.84946, -1.75613, -1.90457, -2.0337, -2.00936, -1.99352, -2.03019, -1.82782
2.74, 0.0319376, -1.46775, -0.542246, -0.770431, -1.62107, -1.67502, -1.43901, -1.30764, -1.6016, -1.76909, -1.92108, -2.56257, -2.99918, -2.0925, -2.07236, -2.40501, -2.87826, -2.22582, -2.15758, -2.45362, -2.23971, -1.75086, -1.30334, -1.33243, -1.68692, -1.60133, -1.4625, -0.83223, -1.03087, -0.72186, -0.610561
2.76, 0.0319376, -1.47843, -1.24893, -1.18372, -1.6102, -2.0604, -1.83938, -0.914643, -1.08608, -2.06964, -1.99294, -2.38817, -2.31982, -1.96921, -2.00779, -2.38175, -2.31342, -2.25903, -2.20028, -2.15468, -2.38055, -1.8203, -1.66243, -1.80552, -1.69193, -1.42019, -1.2678, -1.32515, -1.31409, -1.22578, -1.1838
2.78, 0.0319376, -1.68167, -1.33987, -1.65866, -1.80686, -2.34673, -1.88859, -1.23309, -1.74101, -2.23537, -2.7737, -3.11779, -2.79132, -2.52679, -2.63034, -2.64717, -3.09483, -2.56069, -2.60805, -2.80933, -3.00693, -2.64956, -2.13228, -2.33981, -2.66914, -2.58685, -2.44256, -2.70949, -2.70062, -2.28041, -2.15223
2.8, 0.0319376, -2.39951, -1.7539, -1.19894, -1.49149, -1.79047, -1.77963, -2.16577, -3.1544, -2.19637, -2.77567, -2.86836, -2.65648, -3.07576, -2.9282, -3.46219, -3.33006, -3.06939, -3.3784, -3.16878, -3.09074, -2.78477, -3.08474, -3.22507, -2.65243, -2.63651, -2.90773, -2.44667, -2.30634, -2.52838, -2.29843
2.82, 0.0319376, -1.26386, -0.72967, -0.449157, -1.37334, -1.27165, -1.25505, -1.81624, -2.62556, -1.96416, -2.18566, -3.36262, -2.94348, -3.14976, -2.70285, -2.51404, -2.72673, -3.29496, -2.8129, -2.57749, -2.494, -2.86975, -2.94372, -3.01571, -2.85627, -2.72321, -2.93941, -2.82199, -2.6783, -2.87051, -2.72645
2.84, 0.0319376, -0.529623, -0.222861, -0.327829, -0.711307, -0.651344, -1.06684, -1.50392, -1.96672, -1.91859, -2.27996, -2.75263, -2.11902, -2.01107, -1.80294, -2.12053, -2.68407, -2.82125, -2.36879, -2.42536, -2.57069, -2.57196, -3.02228, -2.83982, -2.87363, -2.97769, -2.81741, -3.03113, -2.51299, -2.23414, -2.42057
2.86, 0.0319376, -0.864482, -1.53961, -1.13056, -0.325479, -0.415305, -0.505844, -0.989925, -1.78164, -1.56902, -1.59063, -2.11254, -1.62422, -1.56939, -1.91685, -2.42973, -2.55156, -2.05742, -2.06817, -2.15631, -2.29705, -2.83417, -2.57426, -2.19248, -2.63254, -2.59728, -2.60625, -2.32923, -2.38874, -2.46926, -2.39125
2.88, 0.0319374, -1.41373, -1.55312, -1.78355, -1.25465, -2.24005, -1.87591, -1.64609, -1.97493, -2.34834, -2.28002, -1.51857, -1.843, -2.72498, -2.95632, -3.00028, -2.33064, -2.21596, -2.37155, -2.36569, -2.79405, -2.69896, -2.59904, -2.70758, -2.55514, -2.14599, -2.45208, -2.43997, -2.64031, -2.45413, -2.62443
2.9, 0.0319374, -0.595949, -0.87037, -0.541922, -1.15627, -1.10245, -1.31148, -1.3632, -0.969029, -1.39507, -1.98138, -1.51143, -1.32879, -1.82599, -1.31623, -1.89296, -1.76567, -2.14636, -2.87988, -2.2139, -1.91335, -2.24798, -2.44297, -2.42506, -2.24505, -2.31585, -2.84041, -2.71486, -2.65174, -2.43376, -2.24537
2.92, 0.0319374, -1.56341, -1.31591, -0.816746, -0.749812, -0.915637, -1.41243, -1.28578, -1.76499, -2.3245, -2.41485, -2.5955, -3.3447, -2.82457, -2.8075, -2.84323, -2.9552, -2.87264, -2.77465, -2.91019, -2.93926, -3.17759, -2.74444, -2.70132, -2.85478, -2.80343, -2.69773, -2.82588, -2.84191, -2.62386, -2.32921
2.94, 0.0319374, -1.96208, -0.957758, -1.3247, -1.24462, -0.86433, -0.769476, -0.667178, -0.292642, -0.375067, -0.762186, -0.858842, -1.05641, -0.843582, -0.909244, -1.51259, -1.58622, -1.87252, -1.84024, -2.12383, -2.10101, -2.47065, -2.40008, -2.14368, -2.28993, -2.88253, -2.68866, -2.69314, -2.92375, -3.38548, -2.88602
2.96, 0.0319374, -1.3195, -0.645133, -0.0790542, -0.50025, -1.95393, -1.33222, -0.984136, -1.53513, -1.88225, -1.94084, -2.37632, -2.31835, -1.84605, -2.30518, -2.76686, -2.81101, -2.27323, -2.65081, -2.76993, -3.12445, -2.75665, -3.22535, -3.01907, -3.15075, -2.96328, -2.84927, -2.77068, -2.88103, -3.03361, -2.85538
2.98, 0.0319376, -1.66605, -1.11828, -1.02901, -1.10132, -1.27708, -1.67499, -1.62794, -1.58008, -1.70011, -1.82643, -1.6294, -2.15938, -1.97091, -2.16161, -2.14104, -2.75161, -3.16186, -2.95984, -2.90738, -2.67783, -2.76219, -3.10816, -2.69106, -2.92353, -3.10021, -3.08867, -2.98461, -2.60948, -2.38833, -2.57235
3, 0.0319376, -1.71144, -1.41622, -1.51608, -1.47106, -1.84275, -1.03795, -1.14019, -1.40911, -1.43447, -2.08674, -2.09679, -1.98446, -1.68136, -1.87335, -1.52106, -1.62455, -2.56922, -2.15847, -1.99365, -1.58469, -2.35165, -2.67038, -2.5381, -2.18341, -2.06718, -1.7034, -1.49248, -1.59556, -1.9427, -2.10783
3.02, 0.0319376, -1.00585, -1.50114, -0.872413, -1.00199, -1.22935, -1.7087, -1.64067, -1.70993, -2.14683, -2.81591, -1.82085, -2.41943, -1.85516, -2.08724, -2.29334, -2.22311, -2.25261, -2.29715, -2.50154, -2.43574, -2.28564, -2.27268, -2.08344, -2.33616, -2.32353, -2.24446, -2.30167, -2.22653, -1.93686, -2.22765
3.04, 0.0319376, -1.06001, -1.02379, -0.741898, -0.517317, -0.944319, -1.29712, -1.14214, -1.46108, -1.33196, -1.35525, -2.07738, -1.97703, -1.80141, -1.58997, -2.21887, -2.10217, -2.69511, -2.49368, -2.28174, -2.03119, -2.04473, -2.22809, -2.1916, -2.44179, -2.22213, -1.86592, -2.00441, -1.95646, -1.82682, -1.60241
3.06, 0.0319376, -1.04867, -0.744275, -0.804621, -1.62631, -1.81363, -1.20284, -1.58449, -1.82289, -1.84572, -1.20505, -1.28407, -1.92882, -2.20072, -1.72126, -1.95772, -2.52634, -2.52326, -2.75213, -2.69223, -2.52546, -2.49745, -2.32146, -2.45188, -2.41161, -2.09606, -2.09202, -2.02321, -2.13675, -2.27427, -2.0717
3.08, 0.0319376, -2.0743, -0.803235, -0.374907, -0.848991, -1.41057, -0.961181, -1.88391, -1.77676, -1.4734, -1.73338, -1.93614, -1.94373, -2.26546, -1.95281, -2.21505, -3.1361, -2.74098, -2.31101, -2.54111, -2.35025, -2.75793, -2.254, -2.42289, -2.43127, -2.19311, -1.98411, -1.91561, -2.30212, -2.14878, -2.06863
3.1, 0.0319376, -1.29466, -0.454809, -1.15632, -1.51941, -1.74691, -1.82848, -1.41836, -2.01091, -2.01294, -1.82107, -1.75053, -2.24451, -2.59517, -2.54647, -2.69237, -3.05906, -3.13583, -3.12496, -2.8479, -3.37485, -3.20538, -3.13629, -2.51452, -2.6603, -2.75075, -2.54709, -2.31614, -2.24495, -2.11247, -2.11153
3.12, 0.0319376, -1.20891, -1.03998, -1.09352, -1.05248, -2.04022, -1.44691, -0.923866, -1.88005, -1.85625, -2.06574, -2.33291, -2.35138, -2.70835, -2.66783, -2.42813, -2.44742, -2.07266, -1.80464, -1.96132, -2.10358, -2.24822, -2.15952, -1.99949, -1.98135, -2.09783, -2.09904, -2.26526, -2.21401, -2.18401, -1.84317
3.14, 0.0319374, -1.15237, -1.48163, -1.22211, -1.10003, -1.68516, -1.90926, -2.10218, -1.94825, -2.29684, -3.45616, -3.19289, -2.34856, -2.7331, -2.73501, -2.61549, -2.96883, -3.15028, -2.89323, -2.84258, -2.84033, -2.86653, -3.48324, -3.0863, -2.92481, -3.07176, -2.88323, -2.65663, -2.71843, -3.01349, -2.78964
3.16, 0.0319374, -1.29122, -1.05015, -1.57715, -0.927854, -1.27073, -1.34581, -0.961393, -1.78905, -2.02419, -1.40116, -1.23024, -1.24335, -1.29163, -1.38004, -1.37844, -1.76008, -1.631, -1.42621, -1.44388, -1.22055, -0.353994, -0.906986, -0.849035, -0.29612, -0.475141, -0.779075, -0.436372, 0.652712, 0.593601, 1.17943
3.18, 0.0319374, -1.33613, -1.00014, -0.578433, -1.83416, -1.72307, -1.7054, -1.55017, -1.77678, -1.35597, -1.54124, -1.78574, -1.17791, -1.45937, -1.8172, -1.20238, -1.4689, -1.73289, -1.6121, -1.88791, -1.43479, 0.038098, -0.11754, -0.208558, -0.111612, -0.244192, -0.788735, -0.465774, 0.603698, 0.518123, 1.2103
3.2, 0.0319374, -1.22047, -0.953909, -0.684601, -0.339309, -1.18266, -1.38466, -1.26278, -1.61677, -1.58686, -2.08506, -2.7883, -2.00002, -2.16025, -2.06778, -2.34441, -2.46687, -2.54741, -2.38976, -2.78547, -2.11246, -1.56854, -1.95456, -2.20581, -1.93657, -2.2198, -2.01243, -1.49334, -1.52337, -1.8987, -1.60555
3.22, 0.0319374, -1.71856, -0.948958, -1.55131, -2.1926, -1.59886, -1.65917, -1.5178, -1.64738, -1.91909, -2.08632, -2.54143, -2.62593, -2.88542, -2.53787, -2.89912, -2.64441, -2.73977, -2.52791, -3.00549, -2.75787, -2.75402, -2.75537, -2.80525, -2.89289, -2.72031, -2.63284, -2.50726, -2.30431, -2.15755, -2.17508
3.24, 0.0319376, -0.921693, -1.29792, -1.7406, -0.967008, -1.16542, -1.78806, -1.84321, -2.08316, -2.29569, -2.0735, -2.2085, -2.18433, -1.97466, -2.10581, -1.84313, -2.0542, -1.96131, -2.14687, -1.83816, -1.84076, -1.97939, -1.80446, -1.16437, -1.08179, -0.994908, -1.03456, -0.852492, -1.15902, -1.06654, -0.847004
3.26, 0.0319376, -1.6661, -1.09611, -1.35676, -1.66862, -1.52517, -1.75875, -1.34031, -1.70427, -1.99885, -1.90236, -1.69194, -1.38981, -1.97997, -1.96103, -2.23318, -2.2195, -1.92457, -2.03883, -2.24407, -2.63717, -2.86983, -2.07875, -1.56221, -1.42098, -1.72881, -1.6983, -1.80357, -1.8945, -1.72099, -1.18234
3.28, 0.0319376, -1.02491, -0.740844, -0.92816, -0.435556, -1.06388, -1.22895, -1.03251, -1.41043, -1.874, -1.2479, -1.50844, -2.06909, -2.01553, -1.78805, -2.48399, -2.17559, -2.19334, -1.2998, -0.945524, -0.275834, -0.0286909, 0.171513, 0.446399, 0.590556, 0.198056, -0.650387, -0.797838, -0.859664, -0.212128, 0.397375
3.3, 0.0319376, -0.864455, -1.10674, -0.592089, -0.159187, -0.356732, -1.23006, -0.924179, -0.712795, -0.902184, -1.53782, -1.70931, -1.74347, -1.8015, -2.19601, -2.33465, -2.00547, -2.51618, -2.68091, -2.30959, -2.28797, -2.01534, -2.39261, -2.31795, -2.47426, -2.54272, -2.40831, -2.67426, -2.34484, -2.18875, -2.16925
3.32, 0.0319376, -1.77273, -1.27159, -1.37716, -1.51245, -2.11923, -1.56799, -1.42615, -1.76721, -2.0478, -1.98896, -2.09859, -2.08666, -2.24913, -1.80842, -2.52788, -2.36867, -2.40032, -2.46005, -1.50343, -1.31675, -0.696001, -0.692163, -0.76464, -0.562831, -0.627748, -1.09524, -1.34967, -0.65605, 0.164226, 0.444601
3.34, 0.0319376, -3.09991, -2.15195, -1.36457, -1.32553, -1.73127, -2.1835, -2.06629, -1.85632, -2.14194, -2.61263, -2.84974, -2.59763, -2.68061, -2.62647, -2.91843, -2.69008, -2.5385, -2.43391, -2.7172, -2.41087, -2.60701, -2.79046, -2.8811, -2.96377, -2.78014, -2.4662, -2.09737, -2.36547, -1.93598, -2.22188
3.36, 0.0319376, -0.901731, -0.680315, -0.652933, -0.60512, -0.897607, -1.17062, -1.10768, -1.25177, -1.76725, -1.5749, -1.629, -2.01178, -2.26184, -1.61908, -2.40872, -2.04164, -2.35008, -1.72411, -1.5864, -1.54499, -1.36511, -1.47638, -1.44267, -1.58087, -1.28816, -1.30841, -1.80994, -1.91027, -1.21196, -0.972878
3.38, 0.0319374, -1.18291, -0.952012, -0.663874, -0.957878, -1.38662, -1.21762, -0.700524, -1.12524, -1.66797, -1.93668, -2.12661, -1.405, -1.85495, -1.74626, -2.03812, -1.46014, -1.79817, -1.84987, -2.08197, -1.82543, -1.88078, -1.39247, -1.26426, -1.13754, -1.22305, -1.2176, -1.33099, -2.03737, -1.74955, -0.960275
3.4, 0.0319374, -2.67773, -2.415, -1.19814, -0.878942, -1.43527, -3.50314, -2.64972, -2.43154, -2.23119, -2.39139, -2.54228, -2.2363, -2.45745, -2.58201, -2.50863, -2.89339, -3.01222, -2.84108, -2.97663, -2.6926, -2.91709, -2.96325, -2.72963, -2.76938, -2.91612, -2.56667, -2.65333, -2.61969, -2.43899, -2.44897
3.42, 0.0319374, -2.8252, -1.42241, -1.13998, -1.69984, -1.4012, -1.97287, -2.31099, -2.29128, -1.82709, -2.42478, -2.03431, -2.03487, -2.17813, -1.89308, -2.1526, -2.06673, -1.88733, -1.88889, -2.2508, -2.69074, -2.0666, -2.0813, -2.25499, -1.92714, -1.41848, -1.69804, -1.16559, -1.09336, -0.452544, -0.342023
3.44, 0.0319374, -1.4267, -1.08297, -1.212, -1.6703, -1.9772, -2.12233, -2.31683, -2.54713, -2.17465, -2.21933, -1.97934, -1.8408, -2.27073, -1.93726, -2.43937, -2.35045, -1.96187, -2.15425, -2.40502, -2.43475, -1.99158, -2.05474, -2.08136, -1.89676, -1.23216, -1.33442, -1.05569, -0.966681, -0.667115, -0.679147
3.46, 0.0319374, -1.31237, -1.08873, -0.903492, -0.561064, -0.998701, -2.04363, -1.38966, -2.17783, -2.01565, -1.85113, -2.3467, -2.93263, -2.95282, -3.01248, -3.05154, -2.95874, -3.33546, -3.29079, -3.53429, -3.31271, -3.28982, -3.51333, -3.1682, -3.29901, -2.75855, -3.07116, -2.77262, -3.10061, -3.03724, -2.71245
3.48, 0.0319376, -1.72299, -2.0333, -1.50965, -1.0507, -1.39987, -0.891278, -0.930387, -1.5576, -2.00457, -2.6382, -2.9757, -1.9452, -1.98638, -1.79083, -2.09234, -2.1656, -1.80667, -1.77357, -2.22337, -2.27093, -2.35918, -2.22822, -2.19269, -2.09479, -2.47039, -2.69241, -2.36653, -1.90069, -1.96251, -1.99217
3.5, 0.0319376, -1.56347, -1.4715, -1.34995, -1.61052, -1.91608, -2.00144, -2.73498, -2.51514, -2.35552, -3.24719, -3.2727, -2.65664, -2.81449, -2.50404, -3.33564, -3.02156, -3.03019, -3.03007, -3.01694, -3.17197, -3.08915, -3.21099, -3.11004, -2.85087, -2.65783, -2.91193, -2.88643, -2.73388, -2.71367, -2.80091
3.52, 0.0319376, -2.53884, -1.59284, -1.67447, -1.70351, -1.87215, -1.93446, -1.47655, -1.9504, -2.43269, -2.784, -2.64108, -2.97285, -3.0159, -2.93651, -2.87409, -2.81401, -2.37026, -2.24273, -2.14609, -2.05737, -1.81671, -2.03728, -1.61039, -1.70236, -1.2746, -1.65477, -2.13769, -2.3567, -1.93484, -1.47099
3.54, 0.0319376, -1.81435, -1.07696, -1.18768, -1.23007, -1.7981, -1.90756, -1.78514, -2.37687, -2.4028, -2.21509, -2.63395, -2.67128, -2.90002, -2.99628, -3.33336, -2.87627, -2.96532, -3.20903, -3.1588, -3.22226, -3.05025, -2.94579, -2.97223, -3.11832, -2.8504, -2.66102, -2.68635, -2.84486, -2.55351, -2.32925
3.56, 0.0319376, -0.489859, 0.19906, 0.159975, -0.350606, -0.228859, -0.672712, -0.191281, -1.36028, -1.25399, -1.15787, -2.01002, -1.37426, -1.8182, -1.19448, -1.7982, -1.81871, -2.25492, -2.38508, -2.60066, -2.317, -2.37209, -2.6094, -2.56752, -2.32312, -2.21244, -2.06353, -2.06961, -2.47833, -1.88748, -1.35246
3.58, 0.0319376, -1.43688, -1.05506, -0.897812, -0.664294, -0.584201, -0.938075, -0.970611, -1.89489, -2.26473, -1.26351, -1.74555, -1.43386, -1.68703, -1.43518, -1.16126, -1.30224, -1.81898, -1.75222, -1.91681, -1.60837, -1.35868, -1.4066, -1.37327, -1.54484, -1.53539, -1.96002, -1.96578, -2.06049, -2.24557, -2.23392
3.6, 0.0319376, -1.17068, -0.311909, -0.400856, -0.925134, -1.41675, -1.93658, -1.04676, -0.945271, -2.11857, -1.74344, -1.74247, -1.69134, -1.54364, -1.35122, -1.82426, -1.99421, -1.70642, -1.58913, -1.86663, -1.98706, -1.96518, -1.77524, -1.68479, -1.94489, -2.2082, -1.92796, -1.91543, -2.37165, -2.24992, -2.14551
3.62, 0.0319376, -1.15266, -0.85788, -0.829127, -0.795348, -1.37956, -2.15044, -1.97971, -1.74097, -1.73472, -2.37646, -2.23402, -2.2755, -2.35305, -3.20409, -3.07928, -2.66823, -2.68126, -2.87717, -2.76017, -3.19364, -2.95738, -3.00412, -2.71446, -2.96267, -2.65127, -2.89758, -2.71142, -2.83387, -2.87892, -2.37928
3.64, 0.0319374, -1.51132, -1.05737, -0.651108, -0.599306, -1.04771, -0.844926, -1.15531, -1.51995, -1.622, -1.77332, -2.76129, -1.86297, -2.11333, -2.05013, -2.03332, -1.83537, -1.99956, -1.87291, -2.07524, -1.96989, -2.16875, -2.56016, -2.45748, -2.46687, -2.54596, -2.84967, -2.69825, -2.82612, -2.75469, -2.56533
3.66, 0.0319374, -1.68628, -1.36541, -0.515476, -1.17834, -1.53578, -1.70005, -1.36523, -1.13982, -2.30266, -1.50939, -2.31172, -2.06684, -2.10109, -2.09129, -2.67382, -2.63303, -2.16585, -2.23168, -2.23844, -1.92762, -1.82588, -2.52259, -2.09598, -2.11273, -2.15784, -1.83233, -1.95867, -2.45787, -2.82879, -2.61925
3.68, 0.0319374, -1.64234, -1.41003, -0.889659, -0.673781, -0.974929, -2.21928, -1.71854, -1.7229, -1.60244, -1.48836, -2.16788, -1.68114, -2.00662, -2.4355, -2.29619, -2.75903, -2.2723, -2.61392, -2.70028, -2.20154, -2.69483, -2.32406, -2.46121, -2.38964, -2.43473, -2.70707, -2.55881, -2.20321, -2.30057, -2.05914
3.7, 0.0319374, -1.41847, -1.13389, -0.594557, -1.17989, -1.30751, -1.47524, -1.35435, -2.249, -2.69855, -2.7159, -3.11137, -2.39311, -2.51121, -2.78877, -2.5415, -2.73418, -2.66008, -2.50341, -2.33461, -2.38191, -2.28995, -2.5678, -1.82751, -1.54845, -1.97624, -1.80499, -1.27785, -1.7038, -1.85033, -1.2434
3.72, 0.0319374, -1.37286, -0.817777, -0.227488, -0.98968, -0.842122, -1.47578, -0.965522, -1.7225, -1.66052, -0.998493, -1.72473, -1.50156, -1.62254, -1.7021, -2.04953, -1.57623, -1.72944, -1.88881, -2.41454, -2.5391, -2.35086, -2.26989, -2.51425, -2.42187, -2.3188, -2.39428, -2.70747, -2.31826, -2.61851, -2.32646
3.74, 0.0319376, -0.540731, -0.514665, -0.526487, -1.38197, -0.97215, -1.2292, -0.745463, -1.13622, -1.36714, -1.33038, -1.93021, -2.1774, -2.35583, -1.50113, -1.87852, -2.41623, -2.75041, -2.41289, -2.34771, -2.73062, -2.52969, -2.71574, -2.62699, -2.69887, -2.27002, -2.30621, -2.20553, -2.5156, -2.39647, -2.0403
3.76, 0.0319376, -2.27087, -0.892251, -0.728579, -0.889698, -0.821961, -1.3357, -1.37528, -1.44257, -1.63516, -1.81063, -2.0787, -2.12531, -2.14569, -1.93223, -2.261, -2.46701, -2.18396, -2.43419, -2.63432, -2.38035, -2.27733, -2.0874, -2.09966, -2.54317, -2.63676, -2.90037, -2.65973, -2.71993, -2.66297, -2.47957
3.78, 0.0319376, -1.66874, -1.04973, -0.830575, -0.0986471, -0.874117, -1.89719, -2.15774, -1.32393, -1.52106, -1.85955, -2.22664, -2.43867, -2.17567, -2.73115, -2.18801, -2.4463, -2.43864, -2.25148, -2.41204, -2.65207, -2.59635, -2.22758, -2.05621, -2.49235, -2.30248, -2.40002, -2.31029, -2.22312, -2.41716, -2.03773
3.8, 0.0319376, -0.885584, 0.0711058, -0.066676, -0.69137, -0.676534, -1.09418, -0.565106, -1.04315, -1.4263, -0.917286, -2.29136, -2.2359, -2.16334, -1.76123, -2.21248, -2.30269, -2.25476, -2.27965, -2.33413, -2.49374, -2.35233, -2.6283, -2.21947, -2.46382, -2.41669, -2.43142, -2.43187, -2.33806, -2.65685, -2.56433
3.82, 0.0319376, -1.48072, -0.992532, -0.372178, -1.41747, -1.69654, -1.37754, -1.12539, -1.75276, -2.12368, -2.14794, -2.47035, -2.42461, -2.2054, -1.93601, -2.62046, -2.72755, -1.90136, -1.86773, -1.96973, -1.80621, -1.73573, -1.43719, -1.09761, -1.5449, -1.40257, -1.09846, -0.725309, -0.654741, -1.06948, -1.40765
3.84, 0.0319376, -1.63913, -1.79754, -1.19374, -1.84825, -1.55047, -2.32325, -1.72629, -1.70429, -2.25194, -1.89435, -2.1963, -2.57392, -2.5376, -2.71494, -2.6267, -2.73025, -2.84502, -2.58533, -3.09287, -3.13058, -2.5412, -2.52278, -2.4778, -2.4489, -2.78282, -2.46207, -2.55077, -2.36742, -1.92842, -1.95509
3.86, 0.0319376, -1.29424, -0.621569, -0.341081, -0.613662, -0.908618, -1.34016, -1.75668, -1.45169, -1.8784, -1.81506, -1.85707, -2.24983, -2.08595, -2.19879, -2.11121, -2.27695, -2.07797, -1.8185, -1.76593, -2.55727, -1.82499, -1.56699, -2.1538, -2.38987, -2.74277, -2.48105, -2.11541, -2.31292, -2.43379, -2.021
3.88, 0.0319374, -0.853898, -0.485023, -0.584599, -0.564232, -1.09611, -1.3053, -1.43677, -1.83261, -1.74944, -1.18043, -1.53951, -1.08884, -0.642125, -0.583113, -0.629228, -0.559739, -0.791086, -0.951047, -0.834106, -1.24965, -0.797895, -0.329548, 0.078593, 0.339929, 0.781759, 0.998154, 0.982735, 0.612675, -0.0825309, 0.49777
3.9, 0.0319374, -1.16532, -0.347806, 0.130193, -0.740721, -0.932021, -1.00566, -1.23451, -1.36037, -1.60234, -1.78595, -1.44875, -1.53108, -1.66298, -1.41063, -1.81836, -1.72903, -2.36458, -2.18679, -2.35324, -2.07938, -1.55266, -1.40548, -1.39863, -1.50197, -1.87707, -1.67984, -1.48012, -1.53685, -1.6126, -1.17994
3.92, 0.0319374, -2.34134, -1.15464, -0.834611, -0.99238, -1.28646, -1.73816, -1.68899, -1.98188, -2.52886, -2.56741, -2.4633, -2.3663, -2.13506, -2.39563, -2.69757, -2.48483, -2.89057, -2.73715, -2.5859, -2.68644, -2.6166, -2.82097, -2.88997, -2.83322, -2.6751, -2.71912, -2.70595, -2.73256, -2.63629, -2.85888
3.94, 0.0319374, -0.845245, -0.354217, -0.00927974, -0.566011, -1.0065, -0.759649, -0.868112, -1.40048, -1.77085, -1.46961, -1.92545, -1.74105, -1.70232, -1.72998, -2.32573, -2.18241, -2.5083, -2.74233, -2.30971, -2.36798, -2.59726, -2.6354, -2.59119, -2.73704, -2.73288, -2.51908, -2.39934, -1.94402, -1.7864, -2.05183
3.96, 0.0319374, -0.730568, -0.338559, -0.470149, -0.886393, -0.899429, -1.44221, -1.29665, -1.2117, -1.16773, -2.17081, -1.78097, -1.55482, -2.21132, -2.61944, -2.47316, -2.45751, -2.39021, -2.33276, -2.24836, -2.74276, -2.89164, -2.49652, -2.7411, -2.58469, -2.45551, -2.60384, -2.69812, -2.7963, -2.75168, -2.62958
3.98, 0.0319376, -1.24049, -0.519203, -1.1779, -1.15962, -1.50058, -2.21117, -1.82494, -1.36337, -1.81779, -1.82485, -2.30863, -2.05985, -2.14111, -2.20256, -2.01599, -2.17884, -2.39297, -2.20185, -2.33891, -2.12066, -1.92566, -1.7744, -1.47905, -1.25177, -1.17662, -0.924158, -0.771747, -1.26973, -1.17721, -1.07612
4, 0.0319376, -1.81435, -1.64217, -1.00823, -1.45368, -1.33006, -1.76258, -2.30508, -1.81924, -1.63476, -1.76005, -2.58774, -2.35734, -2.59034, -2.07436, -2.16369, -2.45438, -2.28979, -2.05748, -2.32881, -2.05927, -2.32387, -2.36899, -2.36004, -2.60434, -2.42461, -2.3127, -2.19782, -2.32601, -2.41684, -2.18716
4.02, 0.0319376, -1.08965, -0.497465, -0.709424, -1.03603, -1.52266, -0.957427, -1.05705, -0.877716, -1.35412, -2.22987, -1.82029, -1.94537, -1.89796, -1.69931, -2.24354, -2.36016, -2.38362, -1.77141, -1.94826, -1.82593, -1.8942, -1.96105, -1.85871, -2.03802, -2.10056, -2.32256, -1.74685, -2.01441, -1.77769, -1.83396
4.04, 0.0319376, -1.1494, -0.487482, -0.610136, -0.91185, -1.34485, -1.87079, -2.00266, -1.77836, -1.36339, -2.03011, -2.18407, -2.00715, -1.81863, -1.66789, -1.91049, -2.32095, -1.9923, -1.87388, -1.76181, -1.51628, -1.50332, -1.80696, -1.67529, -1.75299, -2.554, -2.35213, -2.34549, -2.17449, -1.75457, -1.35871
4.06, 0.0319376, -0.584172, -0.203979, -0.51949, -1.12796, -0.975715, -2.06324, -1.49241, -2.0563, -2.3367, -2.48938, -2.16679, -1.87612, -2.6572, -2.31303, -2.24746, -2.68596, -2.33722, -2.52161, -2.78416, -3.11793, -3.04837, -3.2623, -2.66515, -2.67239, -2.07512, -2.47653, -2.12547, -1.91636, -2.28126, -1.99194
4.08, 0.0319376, -1.26639, -0.5956, -0.685308, -0.906902, -1.08499, -1.58095, -1.73546, -1.39124, -1.78005, -2.18469, -1.77976, -2.08689, -1.95308, -2.41128, -2.3745, -2.24463, -2.12567, -2.46545, -1.97547, -2.14471, -2.26202, -1.78213, -1.8091, -1.6337, -1.37886, -1.55027, -1.73995, -1.33295, -1.09955, -1.1538
4.1, 0.0319376, -1.2035, -0.247598, -0.264656, -0.547458, -1.03023, -0.842961, -0.472185, -1.15979, -1.35247, -1.12937, -1.55811, -1.87635, -2.01789, -1.97218, -2.01419, -1.79517, -2.08297, -2.48071, -2.07736, -1.89684, -2.16357, -2.15663, -1.71349, -1.87108, -1.74474, -1.43743, -1.71611, -2.1033, -1.9364, -1.81859
4.12, 0.0319376, -0.673062, -0.482655, -1.24352, -0.60179, -0.482153, -1.44016, -1.26696, -2.35964, -1.57647, -2.21293, -2.15793, -2.00349, -1.88248, -2.19036, -1.76534, -2.56868, -2.34153, -2.14879, -2.02436, -1.78968, -1.49716, -1.51338, -1.79174, -1.768, -1.94146, -1.64922, -1.69842, -1.37806, -0.777826, -0.364612
4.14, 0.0319376, -1.34268, -0.656574, -0.800987, -0.604667, -1.08641, -1.46384, -1.9219, -2.21205, -1.7929, -2.59399, -2.80489, -2.18905, -2.08545, -2.30277, -2.93603, -2.4954, -3.06046, -2.98101, -2.66129, -2.60405, -2.58561, -2.4875, -2.79289, -2.5798, -2.5764, -2.59927, -2.82194, -2.64178, -2.67283, -2.53036
4.16, 0.0319376, -0.799008, -0.27342, -0.47535, -1.00183, -1.14697, -0.82065, -0.936053, -1.52298, -2.14639, -1.87557, -1.95603, -2.24306, -2.50633, -2.27636, -2.20831, -2.87743, -2.64566, -2.61305, -2.78946, -2.77558, -2.3513, -2.59192, -2.56653, -2.42735, -2.47131, -2.48907, -2.50512, -1.9649, -1.51938, -1.23017
4.18, 0.0319376, -0.966954, -0.319482, 0.252502, -0.155685, -0.874152, -1.42911, -1.36196, -1.40073, -1.41788, -1.71669, -1.89618, -1.81214, -2.1005, -1.55411, -1.84014, -1.97046, -2.11166, -2.35309, -2.40641, -2.1113, -1.88374, -1.9819, -2.00143, -2.06402, -1.74995, -1.93074, -2.06476, -1.9611, -1.6404, -1.47114
4.2, 0.0319376, -0.669943, -0.288413, -0.034667, -0.523769, -1.50692, -1.44761, -1.18325, -1.46073, -1.66599, -1.75484, -1.93306, -1.49009, -2.26601, -2.14094, -2.46924, -2.40847, -2.38891, -2.31999, -2.67897, -2.45679, -2.39613, -2.01923, -1.95339, -1.9508, -2.21057, -2.09833, -2.56212, -2.53243, -2.15542, -2.19923
4.22, 0.0319376, -1.10546, 0.178271, -0.0846542, 0.145345, -0.271281, -0.819451, -0.484921, -1.39854, -2.25938, -1.91145, -2.25016, -1.88419, -2.51678, -1.88935, -1.89662, -1.85192, -2.1705, -2.16439, -1.87296, -2.13598, -2.14071, -2.07538, -2.37762, -2.14225, -2.08531, -2.00151, -2.26838, -2.41939, -2.41593, -2.10598
4.24, 0.0319376, -0.404311, -0.160654, -0.137989, -0.200071, -1.13763, -1.28567, -0.362896, -0.916793, -1.41682, -1.51629, -2.22514, -1.90574, -1.94026, -2.04801, -2.251, -2.53446, -2.19947, -2.07508, -1.9874, -2.03987, -1.73075, -1.85518, -2.03275, -1.71844, -2.16712, -1.79881, -1.20261, -0.789778, -0.790908, -0.592429
4.26, 0.0319371, -0.629669, 0.196399, 0.00150496, -0.172614, -1.10755, -1.39302, -0.627927, -1.82837, -1.29734, -1.55554, -1.72183, -1.8764, -2.07549, -2.34169, -2.12816, -2.5922, -2.10871, -2.67123, -2.8732, -2.01005, -1.95215, -1.08995, -0.862321, -1.02172, -1.67729, -1.77446, -0.758501, -0.595925, -0.998898, -1.74615
4.28, 0.0319371, -0.104708, 0.577082, 0.175106, -0.186177, -0.266533, -0.467313, -0.779721, -1.36723, -0.966415, -1.01477, -1.54014, -1.79872, -1.54995, -1.83665, -2.63979, -2.52445, -2.1196, -2.38339, -2.31955, -2.11165, -2.44323, -1.74009, -1.99431, -1.97697, -2.12571, -1.69468, -1.41168, -1.37775, -1.88168, -2.04204
4.3, 0.0319371, -1.03555, -1.09565, -0.590333, -1.00525, -0.792052, -1.55134, -1.06547, -1.08303, -1.64325, -1.92893, -2.03612, -2.61098, -2.18167, -2.26022, -2.2696, -2.43152, -2.8665, -2.79169, -2.71043, -2.22752, -2.65966, -2.58828, -2.49845, -1.961, -2.21893, -2.05184, -1.88932, -2.01246, -1.90189, -2.06102
4.32, 0.0319371, -1.42132, -0.138153, 0.368219, -0.896696, -1.01759, -1.17049, -1.02308, -1.12557, -1.59924, -2.46997, -2.4748, -1.97519, -2.19546, -2.37128, -1.84882, -2.06576, -2.04056, -2.14991, -2.59049, -2.64892, -2.44316, -2.66698, -2.37677, -2.39364, -1.58229, -1.42729, -2.01026, -1.80321, -1.9504, -2.13952
4.34, 0.0319371, -0.76658, -0.643434, -0.217899, -1.03997, -1.21763, -1.35974, -2.0141, -1.49121, -0.922286, -1.59235, -2.05518, -2.10747, -2.39842, -2.41544, -2.51622, -2.60477, -3.16019, -2.13331, -2.81131, -2.73507, -2.26154, -2.14995, -2.42611, -2.53029, -2.29878, -2.23862, -2.47017, -2.4389, -2.64518, -2.56168
4.36, 0.0319376, -0.326671, 0.879643, 0.425369, -0.708486, -1.08294, -0.659819, -1.35863, -1.10366, -1.0448, -2.10383, -1.92415, -1.77974, -1.89681, -1.67559, -2.64065, -2.59065, -2.22101, -2.26798, -2.17315, -2.20815, -2.45383, -2.46255, -2.62165, -2.40543, -2.21581, -2.04493, -2.11329, -2.09081, -2.07576, -2.15668
4.38, 0.0319376, 0.2493, 0.499508, 0.107881, 0.162274, -0.566594, -0.201722, -0.331682, -1.1615, -0.569648, -1.80369, -1.33089, -2.07441, -1.88526, -1.80365, -2.45917, -2.82531, -2.341, -2.26287, -2.45331, -1.83712, -2.19884, -2.36328, -2.2098, -2.70862, -2.58476, -2.09588, -2.0889, -2.30153, -2.14277, -2.21921
4.4, 0.0319376, -0.475959, -0.0318946, 0.0732329, -0.120755, -0.706388, -0.480014, -0.215747, -1.20739, -0.915869, -1.24962, -1.06557, -1.57496, -2.0245, -2.27934, -2.07465, -1.65605, -2.13696, -1.76452, -1.78179, -1.63907, -2.16508, -2.42, -2.36117, -2.39426, -2.324, -2.28419, -2.6113, -2.4474, -2.50958, -2.53312
4.42, 0.0319376, -0.403198, 0.0693781, 0.142929, -0.310979, -0.726989, -0.562122, -0.272352, -1.36315, -1.28879, -1.65522, -1.07504, -1.75191, -1.65348, -1.85805, -2.27388, -2.42551, -2.54361, -2.3153, -2.20579, -2.20655, -2.00998, -2.42643, -2.5, -2.52474, -2.49229, -2.79008, -2.49072, -2.47199, -2.84767, -2.7392
4.44, 0.0319376, 0.00370519, 0.364428, 0.43266, -0.324667, -0.702437, -0.496749, -0.976218, -0.916174, -1.00317, -1.71834, -1.88905, -2.24863, -2.27559, -1.17378, -0.734541, -0.12537, -0.468994, -1.498, -1.72685, -2.07826, -1.34712, -1.72081, -1.373, -1.33654, -1.56415, -1.11955, -1.32799, -1.85402, -2.22381, -2.34996
4.46, 0.0319376, -0.493686, -0.0969611, -0.967173, -1.07181, -1.04536, -1.09196, -1.20634, -1.62337, -1.58715, -2.16165, -1.78108, -1.63729, -1.91624, -1.68287, -1.49304, -1.98091, -2.44944, -2.42101, -2.07173, -2.43752, -2.62856, -2.249, -2.05891, -1.88687, -1.98866, -1.81757, -1.84312, -2.02837, -2.08728, -2.14823
4.48, 0.0319376, -0.214058, -0.0511812, 0.550978, -0.380253, -0.620346, -0.704445, -1.46997, -1.80521, -1.24272, -1.80796, -1.7202, -1.71471, -1.77917, -1.97467, -2.31446, -1.8851, -1.84551, -2.14114, -1.82092, -1.93048, -1.86274, -1.63092, -1.16976, -1.08015, -0.926433, -0.818563, -0.678829, -0.946197, -1.24638, -1.6614
4.5, 0.0319376, -1.52949, -0.28887, -0.74021, -1.38591, -1.29291, -1.71421, -1.90562, -1.68748, -1.77181, -1.37411, -1.85737, -2.04908, -1.98072, -2.09701, -2.22169, -2.77976, -2.26419, -2.08683, -1.93311, -1.78426, -1.89294, -2.07962, -2.20579, -1.80497, -1.07989, -1.05163, -1.15616, -1.2751, -1.55176, -1.67347
4.52, 0.0319376, -1.59657, -0.898467, -0.448328, -0.418447, -0.583508, -0.761109, -0.709886, -0.900645, -1.598, -2.08476, -2.12727, -2.25591, -2.139, -1.86221, -1.93778, -1.87982, -2.18165, -2.49014, -2.32902, -2.16075, -1.77388, -1.66612, -1.24692, -1.34102, -1.30934, -1.31474, -1.12367, -0.8534, -1.08122, -0.765684
4.54, 0.0319376, -0.90612, -0.478713, -1.44136, -1.69348, -1.03286, -1.22565, -1.70464, -1.4591, -1.79838, -2.26343, -2.53595, -2.73641, -2.1709, -1.95858, -2.44146, -2.86793, -2.19637, -2.61593, -2.38243, -2.30631, -2.08524, -2.36782, -2.12816, -2.61098, -2.50075, -2.05199, -2.10789, -2.0432, -1.99769, -1.85074
4.56, 0.0319376, -0.865174, -0.126192, -0.630174, -1.25419, -1.12863, -1.64621, -2.32718, -2.23794, -1.55255, -2.22904, -2.53079, -2.20772, -2.60858, -2.489, -2.31058, -2.36433, -2.61448, -2.25571, -2.14746, -1.55765, -1.59576, -2.25334, -2.2777, -2.25288, -2.04694, -2.14627, -1.84195, -1.55229, -2.02769, -1.85604
4.58, 0.0319376, -0.972697, -1.20146, -1.44948, -0.850049, -1.34199, -1.26857, -1.51807, -1.79264, -1.40761, -1.97771, -2.03477, -3.07338, -2.33071, -1.71285, -1.48216, -1.6436, -1.86139, -1.39699, -0.911043, -1.00944, -1.69034, -2.0977, -1.93456, -2.49251, -1.86384, -1.81246, -1.73072, -1.73484, -2.19306, -2.12973
4.6, 0.0319376, -0.998156, -1.09316, -1.29125, -1.35505, -1.61949, -1.00956, -1.30833, -1.87001, -1.52637, -2.1178, -2.51672, -2.19849, -2.09216, -2.14659, -2.62959, -2.34146, -2.96273, -2.61171, -2.4586, -2.47568, -2.62576, -2.75755, -2.53706, -2.58896, -1.98208, -1.9146, -1.97284, -1.90346, -2.06464, -2.0799
4.62, 0.0319376, -1.35892, -0.572329, 0.0773084, 0.331567, 0.265144, 0.111728, 0.391732, 0.336967, -0.266352, -0.00124496, 0.260835, 0.402276, 0.187828, -0.31255, -0.365164, -0.320158, -0.07494, -0.301612, -0.351268, 0.237422, 0.883338, 1.08576, 0.535566, 0.704841, 1.13902, 1.18215, 0.192367, 0.61149, 0.970837, 1.85232
4.64, 0.0319376, -1.2754, -1.05197, -0.824267, -1.1373, -1.00622, -1.38003, -1.73217, -1.46161, -1.6765, -1.26609, -1.28426, -1.83503, -1.19646, -1.5637, -2.0825, -1.53575, -1.96865, -1.94119, -1.36221, -1.66852, -1.73092, -1.25834, -1.4203, -1.2171, -1.49468, -1.29017, -1.27507, -1.16395, -1.35944, -0.919532
4.66, 0.0319376, -0.969571, -0.82343, -0.484665, -1.15773, -1.07822, -2.00461, -2.05918, -1.93572, -2.47741, -2.50251, -1.95749, -2.23413, -1.68995, -1.84114, -2.23086, -1.72656, -2.22447, -1.84665, -1.9365, -2.02707, -2.06172, -1.73195, -1.52981, -1.46046, -1.756, -1.57503, -1.63216, -1.16084, -1.31585, -1.45912
4.68, 0.0319376, -1.83327, -0.0772531, -0.583072, -0.865518, -1.27605, -1.18739, -1.3268, -1.41531, -1.86155, -1.73929, -1.79768, -2.08706, -1.91302, -1.89829, -1.59898, -1.28129, -1.62302, -1.8697, -2.0704, -1.50895, -1.34261, -1.77681, -1.83029, -2.14825, -1.88265, -1.47151, -1.57421, -1.39239, -1.44335, -1.01338
4.7, 0.0319376, -0.535429, 0.249945, 0.417533, -0.213269, -0.99979, -0.841149, -1.90193, -1.46816, -1.69357, -1.41707, -2.19821, -2.38442, -2.15692, -2.15477, -2.31338, -2.17388, -2.06109, -2.06947, -1.73997, -1.69362, -1.42241, -2.10847, -2.03497, -1.98775, -1.96854, -2.4036, -2.28886, -1.6792, -1.66864, -1.59651
4.72, 0.0319376, -0.668642, -0.417732, -0.971763, -1.43344, -2.05964, -1.85526, -1.49418, -1.1983, -1.60575, -2.23227, -2.28162, -3.17493, -2.6062, -2.38295, -2.52476, -2.56747, -2.73623, -1.86881, -1.45928, -1.41522, -2.22041, -2.34481, -2.15043, -2.37542, -2.34241, -2.17438, -2.29594, -2.07848, -2.24205, -2.06292
4.74, 0.0319376, -0.971636, -0.679607, -0.829889, -1.05915, -1.58089, -1.6833, -1.86003, -1.60679, -1.35985, -1.33887, -2.10406, -2.26461, -2.2362, -2.04554, -2.07401, -1.90774, -1.85954, -1.64468, -1.94159, -1.71356, -1.63386, -1.55584, -1.46524, -2.11204, -2.02738, -1.8059, -1.0882, -0.721837, -1.09523, -1.19434
4.76, 0.0319371, -0.361283, -0.282994, -0.611333, -1.3652, -1.46083, -1.3272, -1.85274, -2.4597, -2.64273, -2.6226, -2.48991, -2.24908, -2.12617, -2.02372, -2.2532, -1.72769, -2.07851, -2.30397, -2.19759, -2.41495, -2.39158, -2.45369, -2.55422, -2.38418, -2.31726, -2.27993, -2.05357, -1.71452, -1.84145, -2.14446
4.78, 0.0319371, -1.3811, -0.997099, -1.7466, -1.45635, -1.71124, -1.94456, -1.83845, -1.64814, -1.29817, -1.76681, -2.24921, -2.33089, -2.31264, -1.89264, -0.991953, -0.459292, -1.15731, -1.69663, -1.24851, -1.47733, -0.452013, -0.257939, -0.475242, -0.145917, -0.705241, -1.42226, -0.739051, -0.83727, -0.801323, -1.35719
4.8, 0.0319371, -1.51658, -1.43601, -1.00599, -1.1221, -1.62007, -1.80058, -1.86517, -1.9597, -2.61258, -2.31716, -2.61125, -3.01035, -2.69758, -2.06628, -2.1546, -1.20443, -1.87192, -2.03102, -2.04369, -2.32137, -1.71686, -1.65452, -1.78377, -1.45862, -1.54508, -1.60461, -1.83769, -1.79592, -1.60925, -1.49642
4.82, 0.0319371, -1.37547, -1.65599, -1.5072, -1.3644, -1.70325, -1.43661, -1.65749, -2.07254, -2.01658, -2.13418, -2.99103, -2.72356, -2.23731, -2.37669, -2.44636, -2.40911, -2.57154, -2.13183, -2.19277, -2.44728, -1.95081, -1.71205, -2.27701, -2.11093, -1.63782, -1.55307, -1.43193, -1.31715, -1.35889, -1.55904
4.84, 0.0319371, -1.66738, -1.2461, -0.862757, -0.88765, -1.16739, -1.42709, -1.66849, -1.0425, -1.74865, -2.0372, -2.48066, -2.63941, -2.41733, -2.45344, -2.94902, -2.6353, -2.80855, -2.77767, -2.21423, -2.79033, -2.70743, -2.51024, -2.48538, -2.11066, -2.46709, -2.34443, -2.04106, -1.93273, -1.5671, -1.46956
4.86, 0.0319376, -1.01658, -1.54866, -2.20689, -1.74542, -1.60024, -2.4337, -2.3596, -1.71179, -1.624, -1.74312, -2.38324, -2.40868, -2.58148, -2.4403, -2.11167, -1.73819, -1.68348, -1.15934, -0.819141, -1.25449, -1.29207, -0.510035, 0.23605, -0.110591, -0.0708859, 0.303771, -0.197594, 0.0493223, 0.11714, 0.389542
4.88, 0.0319376, -1.59754, -2.44154, -2.01641, -1.40947, -1.55426, -1.81403, -2.11745, -1.83295, -2.36448, -2.57218, -2.98347, -2.78733, -2.70454, -2.07365, -2.16786, -2.65272, -2.54093, -2.79621, -2.8034, -2.72007, -2.90976, -2.7896, -2.46207, -2.28508, -2.27733, -2.29114, -2.46799, -2.295, -2.40799, -2.01106
4.9, 0.0319376, -2.80195, -1.28911, -1.59033, -1.79031, -1.73712, -2.09956, -2.5108, -2.31959, -2.6939, -2.09314, -2.58501, -2.2655, -3.24349, -3.57166, -3.31533, -2.79282, -3.01323, -2.80873, -2.90748, -2.86127, -2.68925, -2.84292, -2.77573, -2.68538, -2.67724, -2.612, -2.49548, -2.30627, -2.38404, -1.97069
4.92, 0.0319376, -2.35552, -1.45423, -1.2752, -1.7506, -1.92656, -1.73815, -1.45239, -1.40973, -1.66299, -2.64916, -2.86722, -2.56608, -2.2825, -1.65565, -1.97604, -2.42005, -2.14599, -1.91278, -1.96064, -1.84212, -1.79453, -2.05664, -2.00734, -2.10194, -2.20262, -2.30276, -1.98837, -1.9712, -2.00404, -1.77469
4.94, 0.0319376, -1.4295, -1.76786, -2.05663, -1.52132, -1.41953, -2.19189, -1.55837, -1.73132, -2.50257, -2.70653, -2.74698, -3.16815, -2.94274, -3.03302, -2.95318, -2.59251, -2.67717, -2.89776, -2.61117, -2.66116, -2.31631, -2.32161, -2.36026, -2.24536, -2.08013, -1.8626, -1.59295, -1.68243, -1.75145, -1.45163
4.96, 0.0319376, -1.29447, -1.5406, -1.10564, -1.37884, -1.52998, -1.61656, -1.59446, -2.04111, -2.21264, -3.14175, -3.27499, -3.10521, -3.26693, -2.97749, -2.87405, -2.78226, -2.79329, -2.97405, -2.72505, -2.91864, -2.78404, -2.47137, -2.35305, -2.23536, -2.25719, -2.01957, -2.18868, -2.21054, -2.35475, -2.27711
