# Time (seconds), Duration (seconds), f0, f1, f2, f3, f4, f5, f6, f7, f8, f9, f10, f11, f12, f13, f14, f15, f16, f17, f18, f19, f20, f21, f22, f23, f24, f25, f26, f27, f28, f29
0, 0.0319375, 0.539536, 0.153627, -0.442427, -1.71309, -2.49928, -2.29301, -2.69126, -3.04316, -2.17873, -2.24766, -2.44005, -2.17782, -2.0864, -1.07814, -0.923591, -1.39992, -1.75368, -1.43716, -1.44462, -1.60942, -2.28766, -2.141, -1.61074, -1.8841, -1.93632, -2.41185, -2.44754, -2.48558, -2.43882, -2.26378
0.02, 0.0319375, 0.955137, 0.333606, -1.25334, -1.1166, -2.02184, -2.05925, -2.64286, -1.79604, -1.97459, -2.42871, -2.2508, -2.13389, -1.86639, -1.81044, -1.8193, -1.65208, -1.98789, -2.16302, -2.07201, -2.01, -1.99976, -2.26169, -1.78793, -1.63307, -1.81923, -2.28043, -2.6472, -2.54449, -2.52235, -2.36636
0.04, 0.0319375, 0.46716, 0.138442, -1.48951, -1.46205, -1.70897, -2.52824, -2.52638, -2.74458, -2.82382, -3.01519, -3.40604, -2.84229, -2.7842, -2.11804, -2.41006, -1.62284, -1.57634, -1.86081, -2.30394, -2.11049, -2.07303, -2.33161, -1.9909, -1.89388, -1.95539, -2.5636, -2.71299, -2.62992, -2.58415, -2.2235
0.06, 0.0319375, 0.452185, -0.679585, -1.04651, -1.52969, -2.59429, -2.79539, -2.92136, -2.76439, -2.84893, -3.03786, -3.1683, -3.15493, -2.21084, -1.60755, -1.81661, -1.6921, -1.81063, -2.46298, -2.64665, -2.28216, -2.45831, -2.19264, -2.23649, -2.17233, -2.23343, -2.59984, -2.69769, -2.65271, -2.78859, -2.56933
0.08, 0.0319375, 0.000259962, 0.493986, 0.339157, -1.75902, -1.72959, -2.11146, -2.73075, -2.11087, -2.80889, -2.4851, -2.65484, -2.22954, -2.55603, -1.53292, -1.47335, -1.41931, -1.49131, -1.39289, -2.1237, -1.51919, -1.55631, -2.01568, -1.75189, -1.92499, -1.77101, -1.91265, -2.65264, -2.53962, -2.40516, -2.09026
0.1, 0.0319375, 1.09793, 0.841719, 0.665321, -1.28519, -1.70828, -1.97768, -2.44622, -2.19298, -2.4552, -3.19125, -2.85759, -2.60795, -2.61152, -1.86397, -1.83343, -2.14227, -1.46883, -1.5142, -1.7997, -1.43309, -1.84742, -1.73412, -1.76571, -1.71161, -2.07298, -2.19707, -2.21649, -2.28903, -2.49326, -2.34688
0.12, 0.0319375, 1.24669, 0.869262, -0.442853, -0.841363, -1.22211, -1.91088, -2.39575, -2.03013, -2.13254, -2.49908, -2.41293, -2.404, -1.5135, -1.58559, -1.20059, -1.17791, -1.16584, -1.47332, -1.53554, -1.52074, -1.70162, -1.98096, -2.05163, -2.37679, -2.51071, -2.65963, -2.7314, -2.35781, -2.5507, -2.4647
0.14, 0.0319375, 1.18825, 0.0425843, -0.393475, -0.810826, -1.34614, -1.71368, -2.09132, -2.1606, -3.02996, -2.8097, -2.46485, -2.2997, -2.2794, -1.76418, -1.91779, -1.69938, -1.42819, -1.91169, -1.91815, -1.73144, -1.8674, -2.10718, -2.02217, -2.15133, -1.9033, -2.42997, -2.42072, -2.1262, -1.99868, -2.31888
0.16, 0.0319375, 1.4938, 0.566914, -0.723462, -1.74081, -1.59415, -2.56454, -2.92609, -3.36967, -2.83107, -2.99709, -3.51014, -3.17175, -2.85206, -2.3351, -1.91026, -2.45756, -1.64337, -1.74138, -1.90348, -1.91985, -2.06209, -1.68471, -1.66398, -1.75394, -1.39468, -1.77095, -2.28018, -2.11227, -1.77115, -2.12698
0.18, 0.0319375, 1.06538, 0.949089, -0.215975, -0.855111, -1.72412, -2.84906, -2.62685, -3.31439, -3.5418, -2.83913, -2.7011, -2.91706, -2.61455, -1.85923, -1.95008, -1.79138, -1.83199, -1.96013, -1.75895, -2.12465, -2.19104, -1.80734, -1.88854, -1.65648, -1.74464, -1.82689, -1.98648, -2.05577, -1.91417, -1.9693
0.2, 0.0319375, 0.0588802, -0.596194, -0.359245, -1.39407, -1.56498, -2.42608, -2.53863, -2.83593, -2.55864, -3.3648, -3.30327, -2.91016, -2.45657, -1.44769, -1.66198, -1.93218, -2.20458, -2.01815, -1.89247, -1.69659, -1.61952, -1.62165, -1.50873, -0.77136, -0.74261, -1.16069, -0.353692, 0.121234, -0.349896, -0.694394
0.22, 0.0319375, 0.823891, 0.474532, -0.10897, -1.34111, -1.68294, -2.83808, -3.13811, -2.78347, -2.45151, -2.83398, -3.36359, -3.42535, -3.00867, -2.25739, -2.3371, -2.15513, -2.26853, -2.46774, -2.21386, -2.29327, -2.24894, -1.98127, -2.02666, -1.75818, -1.96182, -1.59234, -1.2817, -1.02829, -1.42104, -1.59372
0.24, 0.0319375, 0.186552, -0.0869601, -0.298841, -1.05523, -1.52635, -3.31429, -3.57731, -3.07197, -3.15281, -2.92212, -3.38179, -3.56993, -2.89319, -2.99088, -2.20959, -2.10356, -1.98043, -2.45226, -2.33942, -2.14478, -2.02292, -2.09677, -2.05156, -2.22691, -2.49147, -2.49944, -2.24325, -2.18854, -2.42136, -2.37345
0.26, 0.0319375, 1.30351, 0.552848, -0.923031, -1.56938, -2.23914, -3.49802, -3.66601, -2.94896, -2.66924, -3.57939, -3.15264, -2.7047, -2.83949, -2.18007, -2.19233, -2.20699, -1.66726, -1.54937, -2.01583, -2.13639, -1.91651, -2.48106, -2.10799, -1.98442, -1.93579, -1.8159, -1.67198, -1.28022, -1.21755, -0.83323
0.28, 0.0319375, 1.42993, 0.780217, 0.46342, -0.824509, -1.45775, -2.21642, -2.71687, -3.2995, -3.01133, -2.5607, -3.08013, -3.04805, -2.69082, -1.88425, -1.5788, -1.82802, -1.86364, -1.62524, -1.73429, -1.58143, -2.01658, -2.10828, -2.10504, -2.32936, -2.24492, -2.03774, -2.43558, -2.53285, -2.01484, -1.99362
0.3, 0.0319375, 1.45098, 1.25291, 0.471081, -1.06468, -1.246, -2.28918, -2.40513, -2.18855, -2.58284, -3.04281, -2.62603, -2.06756, -1.50415, -1.2075, -0.694803, -1.0294, -0.825134, -0.761249, -1.41657, -1.55124, -1.43475, -2.1904, -1.96121, -1.40149, -1.86424, -2.15649, -2.29939, -2.39926, -2.35769, -2.2797
0.32, 0.0319375, 1.3396, 0.972025, -0.122777, -1.40021, -1.81797, -2.87823, -2.50093, -2.59187, -2.57589, -2.39114, -2.01606, -1.66038, -1.55019, -1.18712, -1.05737, -1.36944, -1.57437, -1.45296, -1.72885, -1.55625, -1.7535, -1.72099, -1.6183, -2.42291, -2.25713, -2.04438, -2.58258, -2.61446, -2.47042, -2.19824
0.34, 0.0319375, 0.464186, 0.0264442, -0.256527, -1.54719, -2.12965, -2.74267, -2.63757, -3.24893, -3.56044, -3.43712, -3.33978, -3.37752, -3.35213, -2.41594, -2.62189, -2.24737, -2.41692, -2.02263, -1.8907, -2.08414, -1.86964, -2.06418, -2.0637, -1.94229, -2.04327, -2.02529, -2.696, -2.73379, -2.81477, -2.28496
0.36, 0.0319375, 0.849965, 0.0870098, -0.736688, -1.61224, -2.85173, -3.14729, -2.51052, -1.892, -2.49786, -3.05778, -3.18385, -3.16901, -2.07387, -1.57106, -1.97063, -1.72058, -1.55487, -2.06605, -2.0462, -2.36441, -2.15215, -2.52349, -2.1472, -2.57569, -2.20743, -2.72645, -2.53606, -2.48485, -2.83878, -2.32037
0.38, 0.0319375, 0.434171, 0.681641, -0.599921, -1.90266, -2.11754, -2.79029, -4.03926, -3.01771, -2.89389, -3.10335, -3.22096, -2.85357, -2.13062, -1.58209, -1.69793, -2.30345, -1.95974, -1.9712, -2.02412, -1.8197, -2.09847, -2.64947, -1.8093, -1.75388, -1.59054, -1.9537, -2.23964, -2.49549, -2.36688, -1.71961
0.4, 0.0319375, 0.38649, 0.5888, 0.241482, -1.12163, -2.72563, -3.02322, -3.31459, -2.95123, -2.926, -2.71196, -3.61633, -2.68051, -2.49527, -2.0564, -2.0563, -1.56025, -1.51297, -1.34387, -1.48378, -0.980239, -1.2253, -1.6368, -1.15181, -1.56663, -1.46557, -1.49854, -2.26069, -2.08283, -1.99586, -1.85404
0.42, 0.0319375, 0.583366, 0.821691, -0.237435, -1.65371, -1.58572, -1.76905, -2.32587, -2.50673, -2.69191, -2.42445, -2.78716, -3.10403, -2.06596, -1.70857, -1.82329, -1.24712, -1.43773, -1.71657, -2.04853, -2.17849, -1.72031, -1.54475, -1.1334, -1.36446, -1.54656, -2.00549, -2.45411, -2.52124, -2.47211, -1.94499
0.44, 0.0319375, 1.91006, 1.76093, 0.95236, 0.249161, -1.01879, -1.28367, -2.08522, -3.06034, -2.62274, -2.11989, -2.4003, -2.80543, -2.46118, -1.53776, -1.21554, -1.09374, -1.1503, -1.12183, -1.13313, -1.13872, -1.15198, -1.48402, -1.41574, -1.43268, -1.6926, -1.89532, -1.79483, -2.07893, -1.97396, -1.78612
0.46, 0.0319375, 1.48768, 1.78783, -0.224206, -0.688254, -1.42946, -2.36299, -2.90983, -2.48373, -1.99517, -2.37955, -2.81001, -2.96132, -2.61312, -2.07365, -1.90964, -2.0408, -2.39383, -2.32169, -1.96738, -2.24852, -2.07388, -2.12716, -1.96409, -1.98628, -2.14454, -2.27851, -2.57295, -2.68416, -2.64402, -2.09909
0.48, 0.0319375, 1.0534, 0.799595, -0.566984, -1.15308, -1.61875, -2.55945, -2.30898, -2.44638, -3.28619, -3.95401, -3.13739, -3.13332, -2.36041, -2.31353, -2.23065, -2.38586, -2.59396, -2.48482, -2.2585, -2.45824, -2.4085, -2.21642, -2.14943, -2.14138, -2.24342, -2.27851, -2.48007, -2.44733, -2.21872, -2.24672
0.5, 0.0319375, 1.74999, 0.759553, -0.579945, -1.33353, -1.8472, -2.33512, -2.40449, -2.16687, -2.90723, -2.5354, -3.2831, -2.95929, -2.59839, -2.01188, -2.61402, -1.84866, -1.53, -1.82523, -1.66734, -1.90557, -1.99838, -1.73738, -1.89957, -1.99114, -1.94268, -1.85113, -1.94359, -1.5676, -1.4818, -1.40371
0.52, 0.0319375, 1.2407, 0.338615, 0.01032, -1.2356, -1.79265, -1.96571, -2.58617, -2.69962, -3.09355, -3.67562, -3.26836, -2.95989, -2.68217, -2.4957, -2.14973, -2.33964, -2.19961, -2.18962, -2.12052, -1.96675, -1.93128, -1.45552, -1.24435, -1.68598, -1.91185, -2.10924, -2.25663, -2.49853, -2.19871, -1.8494
0.54, 0.0319375, 1.3136, 1.02206, 0.171104, -0.765699, -1.4624, -1.65149, -2.49494, -2.13557, -2.84065, -3.08797, -2.86822, -2.59748, -2.21386, -1.70624, -1.77166, -1.62184, -1.42728, -1.60325, -1.36304, -1.48842, -2.12906, -2.03385, -2.04464, -1.93586, -2.2193, -2.27898, -2.36591, -2.15688, -2.15799, -1.97098
0.56, 0.0319375, 0.685252, 0.671557, -0.557966, -1.13727, -1.73537, -2.65006, -2.99825, -2.81327, -3.18618, -3.28299, -3.68758, -3.53456, -2.85756, -1.867, -1.95415, -1.77826, -1.11299, -1.55747, -2.02482, -1.46021, -1.72952, -2.10141, -1.76509, -2.10211, -2.10197, -1.99715, -2.30932, -1.94291, -2.02692, -1.88533
0.58, 0.0319375, 1.27548, 0.589122, 0.496038, -0.642575, -1.19435, -1.96746, -1.66649, -2.08732, -2.41525, -2.6829, -2.9999, -2.51955, -2.21498, -1.57178, -1.408, -1.88675, -1.82683, -1.51696, -2.10086, -1.51463, -1.84349, -1.95636, -1.62517, -2.02172, -1.74665, -1.89746, -2.21924, -2.29876, -1.943, -1.65419
0.6, 0.0319375, 0.743132, 0.66567, -0.311537, -2.10145, -3.05612, -3.38268, -3.49541, -3.14525, -4.0709, -3.72996, -2.89053, -2.74925, -2.77086, -2.27523, -2.21726, -2.23781, -2.14728, -2.22777, -2.18612, -2.18744, -2.32531, -2.20114, -2.26599, -1.83865, -2.08612, -2.52979, -2.43714, -2.55673, -2.40869, -1.79548
0.62, 0.0319375, 0.751014, 0.757741, -1.09933, -1.12935, -1.60254, -2.70829, -3.24698, -3.33918, -3.10576, -2.79375, -2.85173, -3.02862, -3.00619, -2.32072, -2.49521, -2.44747, -2.15113, -2.22393, -2.50206, -2.86916, -2.04561, -1.99429, -2.17956, -2.37653, -2.35833, -2.30375, -2.76221, -2.4417, -2.3978, -2.22356
0.64, 0.0319375, 2.09667, 0.996308, 0.380198, -1.23422, -2.44807, -2.48755, -2.7919, -1.79358, -2.07645, -2.24092, -2.03834, -2.26503, -2.4558, -1.52703, -1.67524, -2.21513, -1.65493, -1.59364, -1.54654, -2.10079, -1.95641, -1.86571, -1.74418, -1.65558, -1.7451, -1.896, -2.55136, -2.57255, -2.21061, -2.15046
0.66, 0.0319375, 1.27443, 1.11161, 0.36392, -1.05765, -1.49378, -2.48448, -2.80572, -2.44855, -2.44551, -2.85338, -2.34838, -2.58465, -2.6042, -1.95883, -2.31345, -2.12569, -1.99753, -2.33888, -2.00666, -1.99178, -2.00904, -2.2746, -2.087, -2.58113, -2.31038, -2.36519, -2.69517, -2.74555, -2.59865, -2.46735
0.68, 0.0319375, 1.03328, 0.786572, -1.03036, -1.8291, -2.45541, -2.44521, -2.30143, -2.32261, -3.07641, -2.92776, -2.71824, -2.95846, -2.4891, -1.65668, -1.20404, -1.73688, -1.85928, -1.92041, -2.55589, -2.59609, -2.40022, -1.94008, -1.95965, -2.17202, -1.98733, -2.32629, -2.56779, -2.2795, -2.45351, -2.14975
0.7, 0.0319375, 1.6067, 1.68511, 0.297391, -1.38936, -2.71178, -2.81296, -2.6287, -2.38046, -2.37265, -2.8121, -2.55739, -2.56069, -2.72491, -2.2501, -2.00686, -1.53088, -1.04113, -1.28417, -1.39245, -1.3841, -1.19639, -1.85488, -1.8151, -1.82249, -2.06315, -1.83863, -2.27966, -2.73533, -2.54118, -2.583
0.72, 0.0319375, 0.677161, 0.660054, -0.0625003, -1.29952, -2.11395, -2.67635, -3.01782, -2.63451, -3.04534, -2.74755, -2.98666, -3.18694, -2.59554, -2.22644, -1.90041, -1.96517, -1.8156, -1.64119, -1.80584, -1.91407, -1.82191, -1.90214, -1.84687, -1.85266, -2.01058, -2.34447, -2.64733, -2.38553, -2.20258, -1.79723
0.74, 0.0319375, 1.18926, 0.257998, -0.540767, -1.40733, -2.00726, -3.08956, -3.31615, -3.23409, -3.82509, -3.18447, -3.53015, -3.02698, -2.58759, -2.42715, -2.07906, -1.86316, -2.28391, -2.68327, -2.56243, -2.0984, -1.98175, -1.91427, -1.67193, -1.83499, -1.74969, -1.99601, -2.30478, -2.31054, -2.21655, -2.19276
0.76, 0.0319375, 1.06108, 0.723184, -0.790682, -1.31377, -2.18007, -3.50781, -4.1321, -3.69009, -3.84728, -3.8468, -4.01252, -3.49978, -2.58256, -2.27516, -2.21645, -1.92647, -2.12703, -2.2779, -2.20386, -2.08368, -1.94295, -1.55332, -2.06844, -2.01003, -2.17423, -2.2594, -2.27972, -2.50129, -2.69659, -2.38542
0.78, 0.0319375, 0.611509, -0.0497958, -0.254325, -1.49576, -2.29637, -3.01895, -4.10322, -3.66017, -3.64872, -3.38724, -3.32699, -3.60275, -2.98438, -2.90349, -2.22024, -2.00192, -2.06359, -2.21751, -1.66987, -1.44436, -1.46511, -1.89238, -1.92354, -2.02587, -2.2381, -2.3654, -2.46009, -2.86239, -2.52327, -2.3135
0.8, 0.0319375, 0.764216, 0.193626, 0.444935, -0.752341, -1.5491, -2.81204, -3.33869, -2.71854, -2.57215, -2.99278, -2.91019, -2.99087, -2.17973, -1.79466, -1.47858, -2.03226, -1.38758, -1.78978, -1.76167, -2.00853, -2.08924, -2.0185, -1.72359, -2.30527, -2.00069, -2.45282, -2.69421, -2.73112, -2.56696, -2.64849
0.82, 0.0319375, 1.3024, 0.832024, -0.090747, -1.59765, -1.77838, -3.64009, -2.86183, -2.98092, -3.39067, -3.81273, -3.50379, -2.34308, -1.41565, -1.35091, -1.32609, -1.32259, -1.77547, -2.16454, -1.95863, -1.86127, -1.5309, -1.76709, -1.74525, -1.78161, -2.24601, -2.0518, -2.52047, -2.60397, -2.55418, -2.25356
0.84, 0.0319375, 0.562658, -0.202262, -0.682661, -1.03561, -1.61979, -2.53254, -3.36885, -3.13853, -2.80872, -2.4337, -2.06648, -1.45599, -0.846296, -0.291207, -0.105444, -0.0539404, -0.132185, -0.0915948, 0.171092, 0.282519, 0.108126, -0.221508, -1.0486, -1.27186, -0.500288, -0.359824, -0.414, -0.507355, -0.923016, -1.33907
0.86, 0.0319375, 3.30436, 3.18431, 2.49534, 1.26511, 0.600114, 0.0127557, -0.501791, -1.20849, -1.10939, -0.266446, -0.0523668, 0.175208, 1.16546, 1.97499, 1.86447, 1.80877, 1.78915, 1.52627, 2.07645, 2.17692, 1.88771, 1.84702, 1.10507, 1.28403, 1.41124, 1.41122, 1.25799, 1.32903, 0.907151, 0.69976
0.88, 0.0319375, 2.34913, 2.05986, 0.486393, -0.734681, -0.277413, -1.48146, -2.40879, -1.67549, -1.87757, -1.50287, -1.28822, -1.01468, -0.66422, 0.0920047, 0.0306988, -0.14405, 0.383491, 0.0746374, 0.124197, 0.350737, -0.400341, -0.179274, 0.13432, 0.37783, 0.390461, 0.379098, -0.0641142, -0.206305, -0.291287, -0.35124
0.9, 0.0319375, 1.28048, 1.49698, 0.692191, -1.19437, -0.970488, -1.51891, -3.05802, -1.99797, -2.00453, -2.01947, -1.83718, -1.95958, -0.877337, -0.330089, -0.45173, -0.461226, -0.657341, -0.47822, -0.527759, -0.0664455, -0.384861, -0.325604, -0.44341, -0.597826, -0.0775271, 0.0567244, -0.182678, -0.0155032, -0.604164, -0.418584
0.92, 0.0319375, 1.17655, 1.49695, 0.852234, -0.497387, -1.05409, -1.77085, -1.76913, -2.54089, -2.33907, -1.90864, -2.75992, -2.0832, -1.58323, -1.03251, -0.92493, -1.32866, -0.976469, -0.652856, -0.85321, -0.876909, -1.19673, -1.27317, -1.2972, -1.44559, -1.15675, -0.935884, -1.44583, -1.5443, -1.9999, -1.69318
0.94, 0.0319375, 0.733253, 0.659978, 0.435618, -0.611934, -1.1377, -2.47975, -2.58509, -2.07141, -2.64915, -2.98872, -3.68658, -3.091, -2.00106, -1.08741, -0.807036, -1.6128, -1.3205, -1.68222, -1.09474, -1.41829, -1.56743, -2.21818, -2.22283, -1.84141, -1.5389, -1.79812, -1.94512, -2.3109, -2.27011, -2.06693
0.96, 0.0319375, 1.20629, 1.03978, 0.0944615, -1.61657, -2.19493, -2.62766, -2.73968, -3.54919, -2.83765, -3.21809, -2.91199, -2.62292, -2.01028, -1.55336, -1.33693, -1.52327, -1.73274, -1.84328, -1.27425, -1.08583, -1.76299, -1.67255, -1.83977, -1.08258, -1.26918, -1.90769, -1.85985, -1.42062, -1.1666, -0.711922
0.98, 0.0319375, 1.17965, 1.02086, -0.21867, -0.868189, -1.73225, -1.9214, -2.93005, -1.89169, -2.32574, -2.27549, -2.73901, -2.19916, -2.01645, -1.44553, -1.69293, -1.87733, -1.36216, -1.00895, -1.37307, -1.61, -2.27859, -2.29579, -1.90592, -2.07816, -1.93437, -1.97918, -2.45608, -2.23537, -1.94075, -1.80159
1, 0.0319375, 0.384002, 1.0004, -0.414265, -1.58926, -1.28833, -2.3075, -3.59627, -2.55409, -3.21241, -2.70432, -2.95832, -3.11017, -2.83978, -2.07482, -1.82263, -1.96919, -1.93696, -2.04129, -2.03178, -1.94452, -2.31137, -2.4382, -2.09474, -2.22849, -2.37769, -2.73118, -2.71272, -2.27642, -1.93565, -1.94035
1.02, 0.0319375, 1.28778, 0.638529, 0.107282, -0.708831, -1.74789, -2.45931, -3.06693, -3.50504, -4.15338, -3.49493, -3.59315, -3.3824, -2.53624, -1.9006, -1.65071, -1.83056, -2.08345, -2.29107, -2.48214, -2.24432, -2.1334, -1.94619, -2.06544, -2.34441, -2.17728, -2.05228, -2.39799, -2.31127, -1.87451, -2.05201
1.04, 0.0319375, 0.65183, 0.459845, 0.194462, -1.89846, -1.9552, -2.7658, -3.21666, -3.38231, -3.84323, -2.74307, -3.07922, -3.24642, -3.26259, -2.69097, -2.90178, -2.6175, -2.29922, -1.9445, -2.44809, -2.36065, -2.23544, -2.40724, -1.96139, -2.5138, -2.38007, -2.2403, -2.69611, -2.37743, -2.24385, -2.15045
1.06, 0.0319376, 1.0116, 0.633711, 0.421102, -0.645902, -2.06765, -2.464, -2.34708, -3.08841, -3.32483, -3.86631, -3.44877, -2.78756, -3.37681, -2.07579, -2.54668, -1.93722, -1.63443, -2.06364, -2.15848, -1.86439, -1.95027, -1.94695, -1.50388, -1.44329, -1.65605, -2.10037, -2.37691, -2.28791, -1.97298, -2.02082
1.08, 0.0319375, 1.33075, 0.377933, -0.457289, -1.80504, -2.07625, -3.02731, -2.90568, -3.37112, -3.3474, -3.73171, -3.95323, -3.28723, -3.01956, -3.07196, -2.47766, -1.89658, -1.35399, -1.82516, -1.64924, -1.96221, -2.10406, -1.88446, -1.93219, -2.35683, -2.07463, -2.14144, -2.40472, -2.57148, -2.5026, -2.22038
1.1, 0.0319375, 0.664942, 0.312, -0.951676, -1.40711, -1.72879, -2.85471, -3.50242, -4.13166, -3.76415, -3.7354, -3.88982, -3.64976, -3.5977, -3.19899, -2.72572, -2.47769, -2.37803, -2.078, -2.21694, -2.11027, -2.06355, -1.90218, -1.99367, -2.04416, -2.00013, -2.36295, -2.97625, -2.9976, -2.38095, -2.13895
1.12, 0.0319375, 1.92153, 2.07638, 0.944137, -0.651457, -0.568174, -1.67712, -2.45892, -2.69117, -1.77888, -1.13132, -1.97048, -2.72258, -2.21819, -0.736874, -0.446136, -0.00493478, 0.182824, 0.29418, 0.639086, 0.599229, 0.562041, 0.19347, 0.593333, 1.08458, 0.433496, -0.249226, -0.157506, -0.341396, -1.32844, -0.333513
1.14, 0.0319375, 0.708393, 0.589622, -0.00275084, -1.27885, -2.00435, -2.55768, -2.70136, -3.06856, -3.42677, -2.41792, -2.77053, -3.11044, -2.64345, -1.97066, -1.46862, -1.73774, -1.12731, -1.61653, -1.64037, -0.989266, -1.50581, -1.75432, -1.48633, -1.27818, -1.3325, -1.33292, -1.7317, -1.70384, -1.93117, -1.59374
1.16, 0.0319375, 1.00773, 0.360867, -0.71885, -2.05953, -2.90026, -3.1353, -2.4147, -2.38093, -3.01493, -3.25761, -2.97578, -2.42625, -2.04533, -1.6703, -1.96397, -1.96566, -1.68123, -1.4996, -1.28829, -1.22462, -1.13715, -1.28244, -1.16824, -0.801864, -1.22368, -1.28322, -1.54934, -1.75512, -1.61733, -1.53342
1.18, 0.0319376, 1.00562, 0.661328, -0.0400391, -1.22778, -2.39611, -2.29912, -3.13388, -2.69195, -3.63237, -2.43951, -2.61581, -2.578, -2.082, -1.76428, -2.51973, -2.41209, -1.52434, -1.02464, -1.02231, -1.04856, -0.63284, -1.26423, -0.62392, -0.638535, -0.561353, -1.34901, -1.96273, -1.92557, -1.8681, -1.39547
1.2, 0.0319375, 1.32716, 0.859405, -0.889113, -2.32777, -2.97859, -3.46048, -2.82764, -2.89177, -3.94572, -2.62416, -2.99538, -3.65312, -3.12952, -2.42475, -2.64961, -2.1102, -2.05927, -2.00549, -1.99606, -2.07979, -2.08195, -1.85157, -1.78661, -1.86482, -2.01241, -1.88524, -2.33477, -2.45568, -2.32863, -2.26738
1.22, 0.0319375, 1.02304, 0.0537622, -0.285796, -1.80573, -3.03102, -3.69637, -3.42664, -2.90232, -2.95972, -3.24967, -3.21334, -3.4261, -2.60713, -2.1481, -2.35397, -2.24257, -2.17322, -2.30266, -1.84415, -1.98343, -2.1422, -2.38507, -2.00376, -1.99916, -1.88183, -2.45537, -2.54188, -2.6057, -2.499, -1.94252
1.24, 0.0319375, 0.77804, 0.355631, -0.642637, -1.39181, -2.54571, -3.901, -3.50031, -3.06217, -3.47614, -3.51602, -3.68508, -3.69908, -3.08586, -2.84055, -2.20096, -2.00339, -1.86415, -1.88437, -2.16724, -2.25313, -2.40784, -2.55863, -1.91911, -2.15689, -2.2421, -1.90178, -2.5871, -2.62426, -2.50595, -2.51591
1.26, 0.0319375, 1.06242, 0.39955, -0.933778, -1.94945, -2.98169, -3.13943, -3.38572, -2.94403, -3.3805, -2.749, -2.66517, -2.91639, -2.67832, -1.91583, -1.77918, -2.00824, -2.15676, -2.00842, -2.14965, -2.23707, -2.24574, -2.16874, -2.31477, -2.08814, -1.99616, -2.23956, -2.71818, -2.77159, -2.74442, -2.31121
1.28, 0.0319375, 0.675847, 0.695734, -1.00526, -1.94869, -2.38122, -3.30924, -4.03518, -3.60558, -3.19067, -3.21845, -3.12445, -2.40966, -2.09433, -1.68062, -1.41063, -1.90011, -1.94415, -1.88893, -2.10837, -2.46641, -2.35527, -2.26696, -2.11037, -2.05553, -2.33834, -2.17591, -2.42898, -2.67652, -2.56072, -2.39
1.3, 0.0319376, 2.09999, 1.42832, 0.569581, -1.06024, -1.835, -2.48406, -2.88761, -2.92185, -2.93684, -3.40404, -2.81988, -2.79074, -2.86173, -2.06353, -2.24493, -2.09997, -2.09677, -1.73307, -1.8732, -2.03682, -1.79548, -1.83918, -0.993016, -1.26148, -1.5584, -1.80323, -2.22515, -2.15599, -2.07471, -2.01495
1.32, 0.0319375, 2.05975, 1.90148, 1.66312, 0.855424, 0.343018, -0.46947, -1.12205, -0.447884, -0.779982, -0.234313, -0.274995, 0.0892737, 1.11866, 2.21533, 2.17769, 2.19674, 2.05819, 1.4075, 2.08552, 2.41875, 2.34965, 2.40186, 1.99707, 1.7446, 1.5738, 1.32044, 1.28628, 1.56833, 1.24329, 1.19101
1.34, 0.0319375, 1.00138, 0.265827, 0.0879119, 0.084611, -0.305912, -1.50763, -1.14217, -1.56137, -1.46785, -1.27522, -1.71366, -1.00385, -0.283164, 0.614129, 0.28169, -0.0679729, 0.30085, 0.318934, 0.371745, 1.03063, 0.320145, 0.296223, 0.576336, 0.841908, 1.1021, 0.826006, 0.642751, 0.756256, 0.6342, -0.0746595
1.36, 0.0319375, 1.09261, 0.115256, -0.569118, -0.54366, -1.07133, -1.62808, -1.98228, -1.48922, -1.9087, -1.55838, -1.64256, -1.61746, -0.525175, -0.309749, -0.270063, -0.469064, -0.303861, 0.301971, 0.202, 0.712721, 0.452549, 0.561523, 0.509942, 0.479613, 0.554093, 0.439466, 0.576338, 0.76247, 0.0757956, 0.115753
1.38, 0.0319375, 0.504777, -0.0228703, -0.240263, -1.23828, -1.42746, -2.30369, -2.94274, -2.82434, -2.88291, -2.91981, -2.50306, -2.0762, -1.07139, -0.22757, -0.430702, -0.388617, -0.379414, -0.0748917, -0.164964, 0.00754365, -0.107071, -0.248073, -0.289977, -0.329455, -0.228916, -0.0583544, -0.290147, -0.355144, -0.529236, -0.735941
1.4, 0.0319375, 0.744334, 0.144884, -0.855499, -1.72964, -1.9196, -2.90082, -3.61105, -3.5129, -3.32055, -3.38843, -3.12371, -2.85088, -1.71405, -1.01349, -0.826683, -1.05227, -0.478156, -0.312391, -0.270175, -0.694354, -0.392299, -1.08049, -1.13445, -0.733965, -0.762965, -0.741597, -0.718996, -0.751879, -0.983879, -1.43461
1.42, 0.0319376, 0.477187, -0.0776463, -0.653937, -1.85984, -1.99185, -3.31873, -3.46809, -2.9433, -2.78986, -2.99341, -2.6766, -2.57371, -2.49334, -2.10292, -2.06268, -1.68004, -1.46414, -1.3197, -1.05618, -0.810753, -0.702292, -0.798576, -0.3969, -0.338589, -0.737539, -0.828458, -0.979983, -1.15036, -0.966168, -0.890131
1.44, 0.0319375, 0.250136, 0.0507924, -0.660977, -1.62199, -2.30676, -2.74601, -2.92533, -2.85426, -2.82487, -2.64571, -3.22384, -2.77631, -2.58251, -2.08348, -1.53965, -1.47836, -1.63437, -1.56708, -1.14135, -1.06465, -1.37657, -1.30935, -0.879966, -0.625847, -0.875784, -0.78531, -1.12174, -1.03486, -0.914149, -0.643897
1.46, 0.0319375, 0.738317, 0.76682, -1.17483, -0.700639, -2.10652, -2.47515, -3.32818, -3.22236, -3.34639, -2.89611, -2.98179, -3.55109, -2.9641, -2.0434, -2.11716, -2.15305, -1.79051, -1.71456, -1.74399, -1.70387, -1.6264, -2.10667, -1.73699, -1.50436, -1.57032, -1.65785, -1.88262, -1.92439, -2.11694, -2.08822
1.48, 0.0319375, 0.395989, 0.774181, -0.371606, -1.11543, -1.52109, -2.62536, -3.45665, -3.01477, -3.24602, -3.11456, -3.59127, -2.95923, -3.16061, -2.2453, -1.86495, -2.32041, -2.37999, -2.07873, -2.11943, -2.04595, -1.52574, -1.61754, -2.02393, -2.26437, -2.34631, -2.56145, -2.62251, -2.74636, -2.44045, -2.46463
1.5, 0.0319375, 0.802137, 0.034023, -0.705318, -1.25041, -2.60335, -3.43058, -3.44864, -2.72664, -3.01998, -3.25096, -3.18622, -3.55721, -2.93862, -2.41003, -2.58331, -2.08568, -2.3022, -1.93362, -1.88905, -1.83242, -1.6222, -2.16355, -1.99524, -2.14037, -1.66585, -2.24032, -2.62267, -2.57103, -2.89155, -2.32406
1.52, 0.0319375, 1.46056, 0.621906, -0.659355, -0.99531, -2.10938, -2.47123, -3.58688, -3.47465, -3.05705, -3.07793, -2.89351, -2.93705, -2.85697, -2.7069, -2.16864, -2.03173, -2.2774, -2.30008, -2.20796, -2.3246, -2.1099, -2.38386, -1.96831, -2.17187, -1.70835, -2.11772, -2.46463, -2.64242, -2.58519, -2.42397
1.54, 0.0319375, 1.69364, 0.776258, 0.348427, -0.918071, -2.00371, -2.48985, -2.88535, -3.39262, -3.59351, -3.0198, -2.99514, -3.0125, -2.92371, -2.25642, -2.60482, -2.2665, -2.19215, -1.82028, -2.58641, -2.34664, -2.03835, -2.3354, -2.40324, -2.03657, -2.06401, -2.74082, -2.80912, -2.9049, -3.04205, -2.55169
1.56, 0.0319376, 0.893779, 0.712408, 0.38257, -0.781011, -1.73255, -2.40104, -2.89769, -3.02029, -2.82272, -2.8381, -2.82368, -2.12778, -2.29677, -2.10435, -2.23748, -2.14473, -1.94951, -2.21052, -2.43471, -2.01018, -2.21288, -2.19947, -1.53482, -1.85006, -1.99136, -2.28526, -2.59678, -2.49894, -2.44458, -2.16506
1.58, 0.0319375, 1.66534, 1.20182, 0.325756, -1.5408, -1.26089, -1.56474, -2.67301, -2.20369, -2.2115, -2.52889, -2.08889, -2.16637, -2.56014, -1.46955, -2.09322, -1.25213, -1.20521, -1.53845, -1.55233, -1.69846, -1.56788, -1.34569, -1.69508, -1.82118, -1.69038, -1.95117, -2.2888, -2.10707, -2.44786, -2.3252
1.6, 0.0319375, 0.210192, 0.602479, 0.629085, -0.347258, -1.26406, -2.35521, -1.98141, -1.61267, -2.2715, -2.20512, -2.43377, -2.53392, -1.91975, -1.5251, -1.64299, -1.1773, -1.33337, -1.2313, -1.46804, -1.64773, -1.23608, -1.64835, -1.73191, -2.00971, -1.90206, -2.23474, -2.19719, -2.37934, -2.13546, -1.92183
1.62, 0.0319375, 1.93158, 1.6414, 0.431848, -0.661288, -1.73162, -1.93031, -2.57842, -2.01037, -1.57316, -1.3947, -2.50492, -2.37855, -1.9942, -1.57493, -1.65887, -1.61294, -1.61021, -1.80852, -2.14348, -1.85305, -1.62362, -1.59163, -2.06611, -2.104, -2.12223, -2.47264, -2.5693, -2.59713, -2.38168, -2.52267
1.64, 0.0319375, 2.01916, 0.852122, 0.68206, -0.196019, -0.773392, -1.98079, -2.17742, -1.09733, -1.0601, -0.956832, -0.974291, -1.95906, -1.71694, -1.60034, -1.56583, -0.787376, -0.93856, -0.187016, 0.207459, 0.318383, 0.470831, 0.736478, 0.682064, 0.542646, 0.106011, -0.453068, -0.446381, -0.129196, 0.109059, -0.252739
1.66, 0.0319375, 1.07772, 0.477535, -0.31638, -1.64243, -1.64671, -2.39074, -2.53521, -2.52995, -1.93538, -1.74032, -2.08204, -2.17987, -1.7753, -1.7449, -1.78974, -1.87811, -1.69107, -1.78591, -1.68067, -1.15901, -0.959242, -1.30257, -1.19674, -1.18226, -1.50968, -1.31944, -2.08618, -1.81331, -1.66936, -1.8398
1.68, 0.0319376, 1.20103, 0.291418, -0.467509, -1.78197, -1.91332, -2.85714, -2.71245, -2.74306, -2.86381, -2.52002, -2.59005, -2.53218, -2.33927, -1.32919, -1.1828, -1.56712, -1.48504, -1.58054, -1.59389, -1.26617, -1.59454, -1.4356, -1.57901, -2.14351, -1.66748, -1.94663, -2.58826, -2.29641, -2.22552, -2.08596
1.7, 0.0319375, 0.691592, 0.0863991, -0.460395, -1.13189, -1.57993, -1.55879, -1.90427, -2.21184, -2.552, -2.79403, -3.67174, -3.01898, -2.09285, -1.55292, -1.97904, -2.45274, -2.34109, -1.48287, -1.47223, -1.73349, -1.79549, -1.66698, -2.1306, -2.38146, -2.32274, -1.76051, -2.16093, -2.73325, -2.39721, -2.41573
1.72, 0.0319375, 1.37345, 1.41857, 0.0974849, -0.485078, -0.906468, -1.81232, -1.93723, -2.19361, -2.899, -3.2513, -3.77855, -3.05943, -2.41051, -2.02391, -1.71581, -1.71871, -1.87601, -1.5403, -1.85995, -1.61687, -1.28619, -1.80303, -1.35792, -1.69153, -1.91651, -2.34118, -2.26199, -2.24873, -1.90856, -2.0978
1.74, 0.0319375, 1.14089, 0.312913, -0.415416, -2.25832, -2.10208, -2.71863, -2.38654, -2.65454, -2.74593, -2.60952, -2.5502, -2.85921, -1.79799, -1.71088, -2.15224, -1.82675, -2.04773, -2.09404, -1.28181, -1.35531, -1.12511, -1.05523, -1.59218, -1.8011, -1.47334, -1.85799, -2.057, -2.30356, -2.10357, -1.83429
1.76, 0.0319375, 0.772305, 0.481977, -0.528131, -1.78123, -1.75051, -2.57723, -2.31633, -2.99994, -3.17279, -2.42292, -3.12957, -3.15466, -3.01563, -2.48504, -2.30401, -1.79551, -1.73609, -1.52435, -1.47772, -1.69187, -1.6201, -1.98792, -1.97715, -1.99215, -1.9088, -1.99392, -2.3738, -2.57003, -2.5492, -2.34912
1.78, 0.0319375, 0.441261, 0.839655, -0.175893, -0.991068, -1.9303, -2.82711, -2.56855, -2.21773, -3.20236, -2.84651, -3.28828, -3.7459, -3.2443, -1.95603, -1.81667, -1.85215, -1.95249, -1.97238, -2.00506, -1.93011, -1.79716, -1.63139, -1.98762, -1.84462, -1.86015, -1.7719, -1.3412, -0.696779, -1.2753, -0.754015
1.8, 0.0319376, 1.05226, 0.433608, -0.328999, -0.578784, -1.22725, -1.88619, -2.50109, -2.54402, -3.773, -3.60183, -3.22435, -3.10729, -2.66309, -2.31706, -1.90367, -1.74852, -2.05771, -1.96015, -2.06073, -1.60333, -1.61201, -1.54839, -1.47529, -0.988332, -1.71182, -1.16245, -0.87587, -0.318783, -0.5666, -0.59174
1.82, 0.0319375, 0.4767, 0.351781, 0.26876, -1.0138, -1.82248, -2.54466, -2.67611, -3.04216, -3.32178, -3.08477, -3.53043, -2.94291, -2.46384, -1.94846, -1.84412, -1.8508, -2.3561, -2.01106, -1.94975, -2.29462, -2.25729, -2.02354, -2.16532, -2.0979, -2.09653, -2.09331, -2.18007, -2.16863, -2.25878, -2.09749
1.84, 0.0319375, 0.389607, 0.145007, 0.13457, -0.77229, -1.63035, -2.5445, -2.71196, -2.80951, -3.27933, -3.74799, -3.72984, -3.45853, -3.05196, -1.91584, -1.89605, -2.31357, -1.8988, -1.99073, -1.86634, -1.87802, -1.89401, -1.7552, -1.84698, -1.73547, -1.83889, -1.97341, -2.30664, -2.36722, -2.09279, -1.84586
1.86, 0.0319375, -0.567165, 0.0826046, -0.000283222, -1.62471, -1.91567, -2.77323, -3.10261, -3.54192, -3.72934, -3.70233, -3.75233, -3.02369, -2.44766, -1.53099, -1.32452, -1.61657, -2.00127, -1.98245, -1.33687, -1.06594, -0.812044, -0.715274, -0.765289, -1.11473, -1.10757, -1.72734, -1.94487, -1.81753, -1.61763, -1.11799
1.88, 0.0319375, 0.778049, 0.432236, -0.540064, -1.50223, -2.12973, -2.63751, -2.25114, -2.51918, -2.37573, -2.92711, -2.89348, -2.91807, -2.75247, -2.45541, -2.05779, -2.36802, -2.02997, -1.9103, -1.65795, -1.97674, -2.31472, -1.60659, -2.04235, -1.76366, -1.99501, -1.81511, -2.47255, -2.35846, -2.21175, -2.18803
1.9, 0.0319375, 1.12278, 0.686596, -0.131079, -1.63986, -2.40028, -2.50173, -3.25853, -2.90924, -2.91503, -2.91097, -2.8511, -2.99998, -2.75473, -1.82314, -1.61568, -1.92211, -1.53646, -1.79229, -2.18392, -1.6918, -1.99407, -1.95855, -2.09362, -2.13211, -2.10988, -2.20075, -2.49081, -2.59743, -2.25675, -1.8701
1.92, 0.0319376, 0.471188, 0.887286, -0.152284, -1.76185, -1.99822, -2.48356, -2.65842, -3.05699, -2.51743, -2.744, -2.76169, -2.89379, -2.84113, -2.40822, -2.1997, -2.23345, -2.04474, -2.06212, -2.30889, -2.26598, -2.44256, -1.85291, -2.07342, -2.03917, -2.14619, -2.05136, -2.26725, -2.36112, -2.47869, -2.27612
1.94, 0.0319375, 0.367391, 0.57083, -0.890367, -1.39821, -2.21945, -2.63258, -3.11383, -2.77738, -3.5662, -3.41713, -3.31509, -3.00625, -2.98577, -2.25827, -2.13815, -2.16061, -1.77074, -2.11081, -2.24942, -1.78343, -1.95423, -2.20062, -2.14753, -1.76735, -2.01145, -1.86577, -1.91325, -1.98658, -2.21365, -2.05177
1.96, 0.0319375, 0.783783, 0.20234, -0.256869, -1.02619, -1.53385, -2.94277, -3.29679, -3.20285, -3.55412, -3.05688, -3.13448, -2.85807, -2.2483, -1.76529, -2.04549, -1.93375, -2.26781, -2.20456, -2.19026, -2.50154, -2.21009, -2.17322, -1.69072, -1.79185, -1.9773, -2.19701, -2.58428, -2.6832, -2.81753, -2.45362
1.98, 0.0319376, 1.20282, 0.0965036, -0.412321, -0.915412, -2.04789, -2.58194, -2.86659, -2.24667, -1.97796, -2.75511, -3.16605, -2.77534, -2.52338, -2.11499, -1.83166, -1.9603, -1.93828, -2.25706, -1.68068, -1.93853, -1.88698, -1.79282, -2.24024, -2.34385, -2.02986, -2.36054, -2.20167, -1.03585, -1.20511, -1.61135
2, 0.0319376, 0.627914, 0.0583935, -0.629609, -1.42799, -1.39594, -2.04949, -2.90434, -3.00718, -2.70505, -2.8124, -2.6765, -3.10872, -2.72657, -2.47531, -1.9668, -2.39636, -2.48819, -2.07164, -2.34805, -1.69328, -1.88037, -1.89111, -2.17512, -2.08902, -2.29252, -2.18085, -2.40724, -2.32385, -2.21854, -2.07509
2.02, 0.0319376, 2.01041, 1.42165, 0.194176, -0.0945866, -1.37851, -1.97744, -2.39287, -2.17004, -2.27187, -2.41877, -2.76059, -2.514, -2.03165, -1.75522, -2.13319, -2.19568, -1.63626, -1.52315, -1.94267, -1.89064, -1.61687, -1.99206, -1.93759, -1.69497, -1.92287, -2.55533, -2.68258, -2.6844, -2.32711, -1.9917
2.04, 0.0319376, 1.85823, 1.67982, 0.604186, -0.701873, -1.17252, -2.17113, -2.45299, -2.3812, -2.34303, -2.89998, -2.87059, -2.21161, -2.08273, -1.80237, -1.72348, -1.61481, -1.60875, -1.91237, -2.00825, -2.13488, -2.4486, -2.31402, -2.16468, -1.93516, -2.1283, -2.12091, -2.44993, -2.52914, -2.56744, -2.26359
2.06, 0.0319376, 1.1247, 0.280306, 0.202792, -1.90777, -1.96702, -2.69644, -2.69465, -2.76449, -2.90367, -3.05483, -2.9202, -2.83227, -2.69582, -2.3887, -1.23217, -1.38989, -1.76046, -1.54808, -1.52716, -2.05709, -2.29572, -1.80802, -2.15244, -2.24233, -2.15138, -2.02428, -2.39095, -2.54571, -2.28679, -2.10227
2.08, 0.0319376, 0.478934, 0.916613, -0.405499, -1.23065, -1.41591, -2.12546, -2.41206, -2.00868, -3.00046, -2.63468, -2.47138, -2.67565, -2.25873, -1.69691, -1.8127, -2.37016, -1.95709, -1.27709, -1.32181, -1.53237, -2.08592, -2.12155, -2.1988, -1.90013, -2.02714, -2.56164, -2.53212, -2.48024, -2.27153, -2.32892
2.1, 0.0319376, 0.210017, 0.37594, 0.0166435, -0.851225, -1.76548, -2.96705, -3.26018, -2.72826, -2.84726, -2.35704, -2.45253, -2.39156, -2.18293, -1.98909, -1.44086, -1.35938, -1.50624, -1.53912, -1.45524, -2.13546, -1.7175, -2.09489, -2.40208, -1.90999, -1.9766, -2.29999, -2.47554, -2.65475, -2.14983, -2.06577
2.12, 0.0319376, 1.34841, 0.359015, -0.655477, -1.02121, -1.5097, -2.51602, -2.58644, -2.56203, -2.48921, -2.54316, -3.01622, -2.75111, -2.21171, -2.1202, -2.08367, -2.46809, -1.72033, -1.731, -1.72055, -1.98066, -1.6888, -1.82859, -1.89493, -1.98062, -1.85412, -2.49464, -2.38612, -2.34885, -2.07537, -2.12047
2.14, 0.0319374, 1.03471, 0.853926, -0.0456592, -2.16172, -1.35837, -2.53273, -3.35112, -2.66685, -2.80521, -2.8418, -3.04929, -2.25141, -2.02264, -1.6905, -1.58128, -1.62252, -1.90217, -2.0653, -1.91139, -2.13869, -1.87535, -1.72211, -1.58223, -1.8889, -1.73239, -1.97974, -2.34106, -1.99232, -2.00226, -2.09758
2.16, 0.0319374, 1.33775, -0.84215, -0.521441, -0.481781, -1.06246, -1.79798, -2.28314, -1.89636, -2.66795, -3.0962, -2.56352, -3.11631, -2.66497, -1.8967, -2.42311, -2.11612, -1.86331, -1.81976, -1.66305, -2.31822, -2.2393, -2.40046, -2.2529, -2.32955, -2.0968, -2.30932, -2.53245, -2.86446, -2.22929, -2.0408
2.18, 0.0319374, 1.33453, -0.0168625, -0.918004, -1.91278, -2.0445, -2.74211, -3.79101, -2.75587, -3.2468, -3.13675, -3.14244, -3.2725, -2.8424, -2.37611, -1.99252, -1.69108, -2.03181, -2.09672, -2.00488, -2.23884, -2.11646, -2.23627, -2.30889, -2.02197, -2.31778, -2.57616, -2.33306, -2.41607, -2.26246, -2.20272
2.2, 0.0319374, 0.0651622, 0.51712, -1.73255, -1.49525, -2.00806, -2.95474, -2.87292, -2.73795, -2.8674, -2.43678, -2.79286, -2.19771, -1.80934, -1.89005, -1.87225, -1.79729, -2.00293, -2.13754, -1.78631, -1.84003, -2.24477, -1.63279, -1.36224, -1.94333, -2.05353, -2.11225, -2.36671, -2.51864, -2.26111, -2.36733
2.22, 0.0319374, 0.558746, 0.949314, -0.82109, -1.96661, -1.82984, -2.04525, -3.40598, -2.66859, -2.28075, -2.77249, -2.86562, -2.97555, -2.66645, -1.91416, -1.96705, -1.67822, -1.898, -1.85604, -1.85514, -1.53148, -1.53249, -1.38701, -1.29765, -1.55774, -1.64866, -1.77222, -1.82733, -1.78876, -1.84082, -2.18585
2.24, 0.0319376, 0.970669, -0.187635, -1.08429, -2.07917, -2.36038, -3.9505, -4.07898, -2.98409, -3.1472, -2.85373, -2.403, -2.70008, -1.98002, -1.1611, -0.727963, -0.631639, -1.65508, -1.57414, -1.552, -1.61863, -1.44945, -1.91898, -1.79616, -2.10775, -2.20927, -1.96229, -1.8577, -1.88371, -2.10073, -1.91181
2.26, 0.0319376, 1.20046, 0.754213, -0.112552, -1.59845, -1.86873, -2.64996, -3.34475, -3.87963, -3.59438, -2.88916, -3.17384, -2.53691, -1.21253, -0.828874, -1.2556, -1.43233, -1.93292, -1.82975, -1.86625, -2.28767, -1.95654, -1.80369, -1.52585, -1.10846, -0.961674, -1.245, -1.93353, -1.28542, -1.46246, -1.54949
2.28, 0.0319376, 0.756106, -0.160455, -0.644343, -0.908681, -1.91308, -2.10305, -2.71695, -3.13654, -2.99305, -2.85287, -2.88748, -2.92112, -2.42477, -1.64243, -1.44219, -1.83075, -1.94718, -2.0493, -2.02835, -1.99089, -2.12878, -1.90205, -2.4308, -1.90074, -1.67796, -1.67414, -2.22309, -2.29381, -2.35325, -2.15521
2.3, 0.0319376, 1.02279, 0.763379, -0.540869, -1.3537, -1.30954, -2.41109, -2.51164, -2.29639, -2.33409, -2.90962, -2.02445, -1.08374, -0.683345, -0.487296, -0.409686, -0.660435, -0.828826, -1.43191, -1.17376, -1.12242, -1.42337, -1.63051, -1.16382, -1.15368, -1.51235, -1.8154, -2.01718, -1.58096, -1.50023, -1.32296
2.32, 0.0319376, 1.11166, 0.455571, 0.134218, -1.18251, -1.74371, -2.27537, -3.22279, -3.18775, -2.92184, -2.64169, -2.881, -3.1081, -2.59329, -1.99591, -2.13079, -1.86146, -1.76654, -2.13454, -1.79528, -1.9423, -1.71301, -2.1617, -2.11495, -2.01669, -1.91967, -2.05679, -2.20293, -2.25859, -2.16782, -1.85431
2.34, 0.0319376, 1.7518, 0.503124, -0.0291686, -0.557756, -1.20737, -2.23525, -2.70295, -2.43715, -2.75554, -2.96987, -3.12955, -2.38506, -2.09344, -2.04277, -2.19828, -1.94539, -1.91618, -1.58271, -1.66451, -2.21841, -2.047, -1.94218, -1.87861, -2.28824, -2.0803, -2.25814, -2.26524, -2.27105, -2.16875, -2.02229
2.36, 0.0319376, 1.38414, 1.23402, 0.0847428, -0.680084, -1.33967, -1.72094, -2.32104, -2.97808, -3.09838, -2.76181, -3.17926, -2.93424, -2.80432, -2.22684, -1.77193, -1.73772, -1.72864, -1.88425, -2.12579, -2.23166, -1.95871, -2.28425, -1.96516, -2.0737, -2.01145, -1.83901, -2.27411, -1.75242, -1.5554, -1.39994
2.38, 0.0319374, 1.61092, 0.991796, 0.275681, -0.909946, -1.40259, -2.52269, -2.09661, -2.74123, -2.67515, -3.06595, -3.45887, -2.50968, -2.06809, -2.10115, -2.30471, -2.08842, -1.88122, -1.54937, -1.56367, -1.66789, -2.05507, -1.84189, -2.09982, -2.03393, -2.28581, -2.24833, -2.42989, -2.5177, -2.29298, -2.19768
2.4, 0.0319374, 1.66105, 1.0022, 0.426251, -0.0480898, -0.876212, -2.00328, -2.13648, -1.49821, -2.37951, -2.1731, -2.57931, -2.28004, -1.78778, -1.25101, -0.764152, -0.852091, -1.3034, -1.18942, -1.57483, -1.29451, -1.75927, -2.38118, -2.04694, -2.46629, -2.15072, -2.15689, -2.44115, -2.39891, -2.13612, -2.14387
2.42, 0.0319374, 1.01545, 0.264879, -0.0643345, -0.997652, -2.24659, -2.30625, -2.72344, -2.50362, -3.02569, -3.06891, -2.73048, -2.92245, -2.13182, -1.73133, -1.57805, -1.22627, -1.42802, -1.69151, -1.89736, -1.90014, -1.73259, -2.18623, -1.47369, -1.64756, -1.68106, -1.90607, -2.4539, -2.48794, -2.24946, -2.53592
2.44, 0.0319374, 2.10479, 0.80533, -0.0726016, -1.08329, -1.60159, -1.95339, -2.26753, -2.37419, -3.54554, -3.75935, -2.91835, -3.29371, -2.95602, -2.19931, -2.59497, -2.08112, -2.02432, -2.33637, -2.35555, -2.16457, -2.11636, -2.26479, -2.17964, -2.50087, -2.20438, -2.55635, -3.11238, -2.61312, -2.17745, -2.07373
2.46, 0.0319374, 1.46752, -0.204108, -0.703681, -1.58635, -1.47498, -2.29859, -2.604, -2.96084, -3.07002, -2.91517, -3.97292, -4.11048, -2.87208, -2.26882, -2.15697, -1.81315, -2.21472, -2.23813, -2.18597, -2.53075, -2.06304, -2.10094, -2.24334, -2.2089, -2.0127, -2.23622, -2.75628, -2.35548, -2.41718, -2.17298
2.48, 0.0319376, 0.99181, 0.576901, -0.246701, -0.949323, -1.22034, -1.83892, -1.67869, -1.92097, -1.87865, -2.42496, -2.64809, -2.45581, -1.97791, -2.55891, -1.91319, -1.71324, -2.21548, -2.15666, -1.93167, -2.17558, -1.98644, -2.08989, -1.77132, -1.70666, -1.83483, -2.07807, -2.17837, -1.97295, -1.9631, -2.12641
2.5, 0.0319376, 0.802724, 0.36401, -0.663873, -1.18175, -2.17857, -2.68699, -2.64117, -2.73555, -2.79865, -2.68856, -2.57796, -2.66929, -2.82125, -2.36061, -2.58442, -2.01821, -2.04497, -2.29693, -2.04906, -2.5502, -2.65528, -2.47243, -2.02076, -2.05477, -1.99151, -2.2668, -2.31979, -2.17256, -2.19702, -2.14977
2.52, 0.0319376, 1.00732, 0.6318, -0.228783, -1.6121, -2.25628, -2.31142, -3.22495, -3.11185, -3.68285, -3.10678, -3.4591, -3.20869, -3.14898, -2.72555, -2.46585, -2.19145, -1.98854, -1.83945, -2.59282, -2.03637, -2.29679, -2.21701, -2.19473, -2.14893, -1.88262, -2.51205, -2.49218, -2.50212, -2.54983, -2.1493
2.54, 0.0319376, 0.540622, 0.698831, -0.29603, -1.25698, -2.14684, -2.5899, -3.20174, -2.32755, -2.61453, -2.77562, -3.17505, -2.34239, -1.88506, -1.66345, -1.56803, -1.7482, -1.5185, -1.44404, -1.6772, -1.5687, -1.71543, -2.02195, -1.84279, -2.35372, -2.55326, -2.51943, -2.39322, -2.22583, -1.83959, -1.87876
2.56, 0.0319376, -0.117671, 0.511514, -0.72242, -1.2166, -1.85915, -2.19487, -2.41236, -2.49865, -2.68389, -2.51765, -2.65714, -2.49682, -2.49309, -1.96892, -2.319, -2.34496, -1.83692, -2.17922, -1.87422, -1.79198, -2.07893, -2.0738, -2.67808, -2.70017, -2.38299, -2.87537, -2.92407, -2.59702, -2.83548, -2.535
2.58, 0.0319376, 0.432852, 0.906346, 0.658578, 0.00265377, -1.61399, -1.90926, -1.96608, -1.76191, -2.4662, -2.72455, -2.76385, -2.05568, -1.79774, -0.933894, -0.943415, -0.989982, -1.26472, -1.21662, -1.65673, -2.04731, -1.62395, -1.63516, -1.43472, -1.36573, -1.40212, -1.96624, -2.29083, -1.93382, -2.03583, -1.62609
2.6, 0.0319376, 0.575539, -0.121097, -0.803141, -1.92356, -2.51461, -3.05893, -3.14975, -3.1633, -3.00931, -3.41321, -3.44934, -2.49105, -2.21771, -2.32068, -1.82567, -1.93376, -1.70754, -1.68212, -1.80844, -1.86858, -1.88726, -2.13507, -1.93577, -1.45084, -1.70384, -2.0334, -2.41951, -2.3289, -2.19936, -2.00558
2.62, 0.0319376, 0.393296, 0.47388, 0.461265, -0.441006, -1.73306, -3.07941, -2.97664, -3.1943, -2.94604, -3.26333, -3.19652, -3.38273, -3.24924, -2.26891, -2.10884, -2.40068, -2.54048, -2.12463, -1.92258, -1.9741, -2.31401, -1.91042, -1.87864, -1.8951, -2.07367, -2.08343, -2.58404, -2.72415, -2.64521, -2.55649
2.64, 0.0319374, 0.508074, 0.142539, -0.629768, -0.272959, -1.36988, -2.46276, -2.60231, -2.49222, -2.88836, -2.98368, -3.33674, -2.68973, -2.33506, -2.01097, -1.82992, -1.71126, -1.69714, -1.62526, -1.19352, -0.797742, -1.74497, -1.66486, -1.06396, -1.20575, -1.54695, -2.038, -1.9, -1.77355, -1.70246, -1.862
2.66, 0.0319374, 1.94443, 1.23228, 0.47015, -1.17384, -1.71586, -1.8636, -2.12212, -2.22906, -2.75848, -2.82936, -2.61642, -2.45454, -2.30517, -1.77459, -1.7717, -1.86324, -1.701, -1.77126, -1.7163, -1.41145, -1.59277, -1.61667, -1.76877, -1.8722, -1.91497, -2.1053, -2.74838, -2.80475, -2.57524, -2.58922
2.68, 0.0319374, 0.860903, 1.09603, -0.691322, -1.33606, -1.40447, -2.23241, -2.77303, -2.4132, -2.52539, -2.97256, -2.37305, -2.55993, -2.60393, -2.31552, -2.10386, -2.05783, -1.86718, -2.07809, -1.83653, -1.72078, -2.08619, -2.43309, -2.07305, -1.6727, -1.71217, -2.34437, -2.456, -2.28025, -2.34927, -2.01162
2.7, 0.0319374, 0.769626, 0.901432, -0.334194, -0.954625, -1.67179, -2.24152, -2.60934, -2.27542, -2.35951, -2.24824, -2.06091, -1.55541, -0.877923, -0.377323, -0.421111, -0.767586, -1.02619, -1.53773, -0.972257, -0.807467, -0.956283, -1.2375, -1.01726, -1.28947, -1.1781, -1.50785, -1.82619, -1.58249, -1.49248, -1.50355
2.72, 0.0319374, 2.69941, 2.24882, 1.33734, 0.455749, -0.024948, -1.05954, -1.30022, -1.10736, -1.12124, -0.772508, -1.48398, -1.69135, -0.505295, -0.479793, -0.477054, -0.601595, -1.08239, -0.874963, -0.442031, -0.20514, -0.75543, -0.664239, -0.257057, -0.455191, -0.425243, -0.585005, -0.723113, -0.532408, -1.18001, -0.755096
2.74, 0.0319376, 1.90253, 1.26751, 0.740234, -0.0255556, -0.093192, -1.83207, -1.85801, -1.62014, -1.52901, -1.01102, -1.16346, -1.67324, -1.36881, -1.08536, -1.12142, -1.20868, -1.46029, -0.77132, -1.23691, -1.01033, -1.14435, -0.911758, -0.930989, -1.02009, -0.849088, -0.898387, -1.51121, -1.45198, -1.55335, -1.41325
2.76, 0.0319376, 1.6216, 1.52174, 1.27769, 0.0799007, -0.860161, -1.74817, -1.55909, -1.06573, -1.13242, -1.07532, -1.55977, -1.6646, -1.11802, -1.43328, -1.16298, -1.6639, -1.52246, -1.34379, -1.1651, -1.47073, -1.5913, -1.49737, -1.6181, -1.40976, -1.10129, -1.63066, -2.23847, -2.34581, -2.05385, -1.94057
2.78, 0.0319376, 1.39913, 1.45672, 0.0424715, -0.458798, -1.08139, -2.10161, -2.55963, -2.44661, -2.37209, -2.42862, -2.72481, -2.90021, -2.73565, -2.59307, -2.44207, -2.18128, -2.43094, -2.35989, -2.14746, -1.66252, -1.83011, -2.01658, -1.53502, -1.56923, -1.68662, -1.83199, -2.54409, -2.51221, -2.29884, -2.08556
2.8, 0.0319376, 1.66551, 0.373558, 0.0830859, -0.874445, -1.30386, -2.62668, -2.57981, -2.38837, -2.57783, -2.54495, -2.68374, -2.52534, -2.79383, -2.28269, -2.41317, -1.89246, -2.00446, -1.99075, -2.26101, -2.51055, -2.48874, -2.14458, -2.09027, -1.92412, -1.8564, -2.35346, -2.46482, -2.1953, -2.76457, -2.39941
2.82, 0.0319376, 1.59421, 1.35838, -0.45528, -1.15587, -1.72093, -1.94215, -2.74215, -2.23902, -2.26107, -2.67292, -2.77537, -2.232, -2.17808, -2.1305, -2.14547, -2.1182, -1.81522, -2.07128, -1.84291, -1.99126, -2.09494, -2.23739, -2.03266, -2.09881, -2.40391, -2.63505, -2.49316, -2.58242, -2.22431, -2.35273
2.84, 0.0319376, 0.728964, 0.808789, -0.447233, -0.904354, -2.03937, -3.23569, -3.13358, -3.00295, -2.62023, -2.51909, -2.92543, -2.92411, -1.91204, -1.6534, -1.46204, -1.66281, -2.05886, -2.08192, -1.80207, -2.09165, -2.40313, -2.18849, -2.2439, -1.7297, -1.78007, -1.87543, -2.20189, -2.58216, -2.21936, -2.20181
2.86, 0.0319376, 0.3474, -0.17036, -0.653108, -1.58612, -2.24374, -2.48903, -2.62684, -1.95314, -1.54519, -2.26008, -2.40913, -3.17259, -2.26393, -1.07574, -0.954967, -1.64223, -1.9581, -2.44906, -1.93261, -1.85738, -2.27594, -2.15142, -1.60702, -1.11013, -0.377274, -0.993654, -1.74345, -1.78919, -1.64261, -1.82795
2.88, 0.0319374, 1.46927, 0.914249, 0.0608107, -1.10129, -1.6475, -2.57573, -2.51153, -2.94886, -2.99274, -2.44079, -2.82603, -2.73494, -2.69231, -2.40501, -2.16237, -1.97813, -1.83188, -2.31372, -2.10698, -1.82838, -1.55341, -2.15405, -2.00926, -2.25277, -2.24881, -1.82875, -2.34368, -2.16828, -2.40393, -1.96179
2.9, 0.0319374, 0.841246, 0.444701, -0.393892, -1.19563, -2.57616, -3.38327, -2.86245, -3.20567, -3.05963, -3.40245, -3.91277, -3.23145, -2.86903, -1.79807, -1.61916, -1.51296, -1.10553, -1.60933, -1.64322, -1.67346, -1.60283, -2.12615, -1.97021, -1.82951, -1.89947, -1.64432, -1.83054, -1.7635, -1.72678, -1.84478
2.92, 0.0319374, 0.795784, -0.229404, -0.592076, -1.73809, -2.41583, -3.40702, -3.55963, -3.80415, -2.76752, -3.41124, -3.16823, -3.09128, -2.99409, -2.28592, -1.87424, -1.90386, -2.03659, -1.94096, -2.04466, -2.27994, -2.21105, -2.08877, -1.7038, -1.62428, -2.04205, -2.09286, -1.8485, -1.97999, -2.04807, -1.97848
2.94, 0.0319374, 0.237573, 0.240283, -0.52965, -1.58809, -1.31757, -2.07281, -2.96303, -3.42556, -3.62109, -3.1343, -2.81942, -2.89741, -2.31144, -0.943768, -1.27021, -1.2138, -2.09958, -1.58573, -1.78011, -1.39269, -1.23614, -2.07345, -1.49487, -1.37846, -1.54034, -1.71478, -1.55277, -1.96592, -1.52345, -1.5347
2.96, 0.0319374, 1.06933, 0.587114, 0.372804, -1.43678, -2.4142, -3.10549, -3.24122, -3.22038, -3.60896, -3.04786, -2.88606, -2.47284, -2.55925, -1.73652, -1.19041, -1.32453, -1.89958, -1.53606, -1.03666, -0.924263, -1.40456, -1.83142, -1.492, -1.64216, -1.35191, -1.55848, -2.18507, -1.77689, -1.32999, -1.21835
2.98, 0.0319376, 1.27633, 0.540664, 0.0234264, -1.08015, -1.62028, -2.36916, -2.60259, -1.76035, -2.47734, -2.55051, -2.8206, -2.87899, -2.98776, -2.44711, -2.14162, -1.95627, -1.82513, -2.06149, -1.835, -1.78269, -1.80745, -2.19092, -2.0496, -1.98855, -2.01102, -2.42972, -2.61973, -2.31076, -2.47787, -1.97635
3, 0.0319376, 0.516895, 0.72998, -0.531529, -0.595347, -1.60857, -2.17769, -2.50772, -2.44152, -2.88746, -3.03847, -2.68205, -3.07509, -2.47689, -1.96838, -1.72692, -1.78856, -1.52214, -1.84363, -2.11867, -2.28722, -1.79545, -1.26397, -1.37269, -1.75445, -2.05104, -2.12571, -2.06855, -2.43885, -2.10387, -1.88701
3.02, 0.0319376, 0.756727, 0.130336, -0.295749, -1.13967, -2.12506, -3.08563, -2.77968, -2.36928, -2.44263, -2.96832, -2.81123, -2.31744, -2.61173, -1.67723, -1.66879, -1.16259, -1.0368, -0.908813, -1.1808, -1.08118, -1.22108, -1.13676, -0.98231, -0.5286, -0.477472, -1.11162, -1.43689, -1.43522, -1.24404, -0.952773
3.04, 0.0319376, 0.730963, 0.122457, 0.23419, -0.808105, -1.61109, -2.48857, -3.41913, -3.31061, -2.84337, -2.64751, -2.89128, -2.90589, -2.07888, -2.06909, -1.75175, -1.56964, -1.75938, -2.01036, -1.6766, -1.85423, -1.95901, -1.93876, -1.38178, -1.54433, -1.66973, -2.21911, -2.18514, -2.0889, -1.97268, -1.77947
3.06, 0.0319376, 0.635633, -0.379987, 0.0312789, -0.728504, -1.74472, -2.61489, -2.94039, -2.60049, -3.0421, -3.3771, -3.01284, -2.84273, -2.38952, -2.12215, -1.8168, -1.97427, -1.97524, -1.71778, -1.92971, -1.89252, -1.87604, -2.09335, -1.58034, -1.3971, -1.83477, -1.85598, -1.23456, -0.980103, -1.29538, -1.52251
3.08, 0.0319376, 1.00435, 0.657543, 0.40407, -0.902577, -1.67216, -2.08013, -2.74244, -3.07192, -2.90495, -2.93199, -2.68119, -2.62075, -1.86817, -1.60844, -1.93407, -1.00736, -1.19898, -2.02631, -1.76955, -1.70078, -1.86038, -1.69093, -1.94777, -1.75834, -1.99529, -2.24374, -2.20963, -2.38231, -2.38243, -2.03798
3.1, 0.0319376, 1.68464, 0.908875, -0.00365112, -0.912719, -2.40358, -3.19599, -3.07916, -2.52052, -2.30641, -2.64618, -2.31558, -2.54955, -2.41923, -2.27511, -1.95241, -2.02853, -2.00593, -1.44073, -1.57002, -2.05015, -2.398, -2.1893, -1.93532, -2.49668, -1.95383, -2.44991, -2.53497, -2.69373, -2.72835, -2.30491
3.12, 0.0319376, 0.996077, 1.11916, -0.794628, -0.61097, -2.05286, -2.68977, -2.33269, -2.45442, -2.27349, -2.89912, -2.43503, -3.00776, -2.60405, -2.0127, -2.21009, -2.61115, -2.07427, -1.95237, -1.97596, -2.2727, -1.93764, -2.04901, -1.94573, -2.13312, -1.97274, -2.17861, -2.64456, -2.64901, -2.55382, -2.25758
3.14, 0.0319374, 1.17871, -0.179549, -0.21331, -1.0665, -1.84962, -2.36083, -2.7286, -3.17227, -3.32658, -3.06448, -2.76144, -2.35321, -2.13623, -1.9836, -2.07795, -2.09243, -2.07261, -2.21299, -2.4913, -2.30742, -2.2114, -1.95925, -1.78038, -1.89971, -1.84213, -2.02217, -2.05282, -2.30543, -1.92155, -1.72693
3.16, 0.0319374, 1.67328, 1.10076, 0.3006, -0.602009, -1.34298, -2.14055, -2.81768, -2.30474, -3.34476, -3.34883, -2.66436, -2.3425, -1.98859, -1.87164, -1.42085, -1.51128, -1.89251, -1.57025, -2.08741, -2.22727, -2.03185, -1.74441, -2.07968, -2.21858, -1.96105, -2.14826, -2.72939, -2.3571, -2.09446, -2.25465
3.18, 0.0319374, 0.954839, 0.486311, 0.0424546, -0.775605, -2.02399, -2.25902, -2.40878, -2.73623, -2.92129, -2.87844, -3.0117, -2.90414, -1.80905, -1.92147, -1.82514, -1.63758, -1.1377, -1.62729, -1.59097, -1.74822, -1.89104, -2.10662, -1.66986, -1.41291, -1.58196, -1.90429, -2.56354, -2.76432, -2.46494, -2.15416
3.2, 0.0319374, 0.343068, -0.124922, -0.00409936, -1.20776, -1.0394, -1.94329, -2.70191, -2.66811, -2.6373, -3.32395, -2.97549, -2.57113, -2.33371, -1.96225, -1.93227, -2.25416, -1.91985, -1.44543, -1.55976, -1.71499, -2.12983, -2.05953, -1.74573, -1.96009, -1.74934, -2.07856, -2.35706, -2.43297, -2.19352, -1.91835
3.22, 0.0319374, 0.0722354, 0.55233, -0.232235, -1.52394, -1.97217, -2.40105, -2.5837, -2.33809, -3.38934, -3.06282, -3.32633, -2.87582, -2.1704, -1.66431, -1.50295, -1.48625, -1.2308, -0.728311, -0.822197, -1.23866, -0.634403, -0.358156, -0.243371, 0.699839, 0.756659, 0.659046, 0.367566, 0.30316, 0.287328, 0.104122
3.24, 0.0319376, 1.59894, 0.936225, -0.19979, -0.824287, -1.68365, -2.54721, -2.89086, -2.65277, -2.36197, -2.29121, -2.43236, -2.16436, -1.65315, -0.589217, -0.680196, -0.973023, -0.333662, 0.283933, 0.365915, 0.376944, 0.360851, 0.919943, 0.685206, 1.84289, 1.60142, 1.4263, 1.27377, 1.2775, 1.16269, 1.66047
3.26, 0.0319376, 0.712758, 0.457234, -0.0832759, -1.32511, -2.79063, -3.56926, -3.1296, -3.42395, -2.99382, -3.21913, -3.86264, -3.54731, -3.10441, -3.02874, -2.92703, -2.40334, -2.04871, -2.10853, -1.97522, -2.16002, -1.43161, -0.796688, -0.717602, -0.450131, -0.165504, -0.0419031, -0.467874, -0.372386, -0.153885, -0.273121
3.28, 0.0319376, 1.48841, 1.01474, 0.123183, -0.793074, -1.76976, -1.80182, -2.65806, -1.82842, -2.09421, -1.84236, -2.61447, -2.51954, -2.39785, -1.68528, -1.43278, -1.34738, -1.53118, -1.45158, -1.22747, -1.07316, -1.15404, -1.20619, -0.870727, -0.923398, -1.03836, -1.03136, -0.581317, -0.744097, -0.851405, -0.603192
3.3, 0.0319376, 0.265285, 0.196573, -0.195404, -1.15028, -1.73899, -2.46735, -3.73982, -3.17513, -2.63313, -2.72454, -3.01822, -3.39989, -2.55495, -1.96268, -1.96874, -1.87403, -2.03732, -2.24988, -2.13123, -1.82049, -1.74211, -1.1499, -0.88073, 0.0387811, 0.0284123, -1.07259, -0.733798, -0.167508, 0.399007, 0.747927
3.32, 0.0319376, 1.5273, 0.102921, -0.974989, -1.0007, -1.66198, -1.99394, -2.48585, -2.45569, -3.10166, -2.81188, -2.92886, -2.94336, -2.42561, -1.83211, -1.62729, -1.95256, -1.99231, -1.98611, -1.88854, -1.62615, -1.70114, -1.23449, -1.60282, -1.28198, -1.07399, -1.3968, -1.60934, -1.06433, -0.963767, -0.658147
3.34, 0.0319376, 0.450652, -0.0679979, -0.260746, -1.19237, -1.60302, -2.88621, -3.88331, -3.4195, -3.31002, -2.95347, -2.82878, -3.01014, -2.51525, -2.58051, -2.15445, -1.72891, -1.95446, -1.65821, -1.28405, -1.61743, -1.77063, -1.32224, -1.21888, -1.10922, -1.42265, -1.17875, -1.36109, -1.63105, -1.09931, -1.13171
3.36, 0.0319376, 1.25308, 0.502457, -0.31528, -0.859431, -0.843236, -1.53238, -2.25303, -1.97752, -2.64442, -3.07406, -2.91339, -2.72556, -2.43279, -1.94237, -1.99439, -1.88676, -1.91086, -2.21052, -2.22874, -2.40678, -2.21108, -2.1065, -2.47455, -1.63865, -1.71653, -1.82911, -2.23227, -2.30265, -2.42494, -2.2117
3.38, 0.0319374, 1.56824, 0.64224, -0.168736, -0.705732, -1.18312, -1.63723, -1.91759, -2.33898, -2.49439, -2.32544, -2.81756, -3.05112, -2.32111, -1.81728, -1.26956, -1.4337, -1.75258, -1.83555, -1.83094, -1.93288, -2.25539, -2.2145, -1.89405, -1.76503, -1.86328, -1.88793, -1.93167, -2.2768, -2.1157, -1.99595
3.4, 0.0319374, 0.991987, 0.153013, -0.127682, -0.647812, -0.847961, -2.65035, -3.23862, -3.21534, -2.99188, -3.3428, -3.07214, -2.54847, -2.06352, -1.71921, -1.52901, -1.40734, -1.93516, -1.65336, -1.8712, -1.81752, -2.00287, -1.91836, -1.36603, -2.07804, -1.9977, -2.21495, -2.33629, -1.92995, -1.94437, -2.0221
3.42, 0.0319374, 1.04911, -0.634466, -1.04099, -1.81583, -1.86938, -2.65364, -3.40685, -3.23306, -3.86278, -2.88679, -3.25752, -2.92936, -2.16213, -2.21348, -2.62542, -2.14749, -2.26172, -2.05653, -2.14011, -1.77102, -1.54594, -2.15365, -1.70056, -1.77395, -1.68368, -1.97918, -2.4469, -2.22879, -1.96171, -2.06966
3.44, 0.0319374, 0.832268, 0.0245659, -0.464407, -1.20255, -1.8452, -3.2066, -2.94708, -3.19151, -3.27304, -3.54846, -3.59334, -3.43984, -2.44462, -1.66354, -1.66001, -1.89002, -2.14426, -1.53108, -1.08023, -1.1059, -1.44816, -1.61957, -1.32961, -0.968054, -1.13499, -1.07275, -1.29419, -1.82936, -1.43782, -0.818417
3.46, 0.0319374, 0.67103, 0.773374, 0.485873, -0.934388, -1.64591, -1.97258, -2.32427, -2.00864, -2.17425, -2.11992, -2.18591, -1.84409, -1.60351, -1.11639, -0.967555, -0.971985, -1.4711, -0.542766, 0.128695, -0.141092, -0.461748, -0.706441, -0.529197, -0.0938194, -0.422589, -0.216802, -0.631426, -0.79653, -0.487463, -0.0640177
3.48, 0.0319376, 1.51013, 0.691836, 0.0626552, -1.1545, -2.22481, -3.06209, -3.32633, -2.67655, -2.83031, -2.3909, -2.77057, -3.08318, -1.67093, -1.70082, -1.58091, -1.53123, -1.37591, -1.83148, -1.39362, -1.38032, -1.26856, -1.6283, -1.68092, -1.52652, -1.53136, -1.84915, -2.08188, -2.06028, -1.85143, -1.45725
3.5, 0.0319376, 0.9128, 0.35432, -0.896964, -1.45204, -1.91712, -2.71519, -3.23926, -3.47061, -2.3283, -2.53168, -3.26052, -3.27065, -2.24991, -1.53021, -1.51933, -1.04117, -1.4592, -1.92895, -1.8146, -1.88174, -1.6899, -1.32474, -1.81608, -1.94157, -1.75896, -1.71382, -1.90997, -2.11736, -2.3286, -1.8817
3.52, 0.0319376, 1.68723, 1.1745, -0.316463, -0.438234, -2.22857, -2.52406, -2.63934, -2.09128, -2.28203, -2.3843, -2.97927, -2.92669, -2.52923, -1.96824, -2.0674, -1.83176, -1.61317, -1.78022, -2.03963, -1.5492, -1.54008, -1.76618, -1.93624, -2.01002, -2.1886, -2.27106, -2.49258, -2.69662, -2.62432, -2.3694
3.54, 0.0319376, 1.12001, 0.439065, -0.610242, -1.26725, -2.14482, -3.31014, -2.93965, -2.60453, -2.78542, -2.73762, -3.60649, -2.90744, -2.68016, -2.17998, -1.9802, -2.04813, -2.246, -2.22396, -2.04788, -2.05409, -2.47032, -2.3802, -2.16812, -2.23037, -2.077, -2.12672, -2.56282, -2.4137, -2.21232, -2.18282
3.56, 0.0319376, 1.65202, 0.663509, 0.261636, -1.30393, -1.64003, -2.46182, -2.27498, -2.5501, -3.26126, -3.22324, -3.09447, -3.25829, -2.5718, -1.98104, -2.24723, -1.67548, -1.72327, -2.03376, -2.14938, -2.1674, -2.44407, -2.24019, -2.0339, -1.93908, -2.39555, -2.45971, -2.45054, -2.51892, -2.65054, -2.02262
3.58, 0.0319376, 1.33995, 1.02344, 0.492793, -0.364168, -1.81827, -2.48377, -2.52219, -2.50458, -2.76309, -2.26171, -2.19406, -2.33479, -2.28348, -1.45032, -1.06735, -1.03237, -1.1428, -1.54107, -1.41564, -1.77413, -2.12497, -1.88886, -2.23324, -1.82319, -1.88794, -2.48102, -2.64537, -2.27832, -2.19235, -2.16322
3.6, 0.0319376, 1.6979, 0.62753, 0.269798, -0.405611, -1.28854, -2.31921, -2.74517, -2.34964, -2.27307, -2.06619, -2.45712, -2.32827, -2.59066, -1.67334, -2.0812, -2.08362, -1.88605, -1.85729, -1.48071, -1.92346, -1.84993, -1.95806, -1.89937, -1.97776, -2.10963, -2.42607, -2.77302, -2.52121, -2.61573, -2.37538
3.62, 0.0319376, 0.0310643, 0.0660967, -0.00533302, -0.999481, -1.55733, -2.28564, -3.00178, -3.01483, -3.0274, -3.60367, -3.28398, -2.57805, -2.13189, -2.15225, -1.99631, -2.00015, -1.7899, -1.74265, -1.82834, -2.06078, -2.04661, -2.13729, -1.92724, -2.10541, -2.1307, -2.32484, -2.88697, -2.91653, -2.72101, -2.34516
3.64, 0.0319374, 0.0200626, -0.112136, -0.105518, -0.835752, -1.85588, -2.66266, -3.10208, -2.71459, -3.40016, -3.16342, -3.89828, -2.91527, -2.26605, -2.35517, -1.82404, -1.82952, -2.00842, -2.00472, -2.34821, -2.61288, -2.19583, -2.18829, -1.9806, -2.22092, -2.27523, -2.41673, -2.44649, -2.5484, -2.75216, -2.7482
3.66, 0.0319374, 0.783408, 0.562869, -1.17176, -2.06591, -2.55133, -3.31455, -3.15785, -3.25562, -3.51922, -3.53337, -3.42412, -3.15102, -2.50557, -2.04351, -2.435, -2.80818, -1.57873, -2.11471, -1.90606, -1.92094, -1.81435, -2.31473, -2.41151, -1.89595, -2.18185, -2.43088, -2.56639, -2.43533, -2.35792, -2.21894
3.68, 0.0319374, 1.23756, 1.17427, 0.521533, -0.395928, -1.08037, -1.80312, -2.75099, -2.66005, -3.04002, -3.43137, -3.00341, -2.44692, -2.74385, -2.63517, -2.4043, -1.63652, -1.77795, -2.15005, -2.13706, -1.93622, -1.79892, -1.87127, -1.87158, -1.94588, -2.25017, -2.21451, -2.36363, -3.01707, -2.46712, -2.50293
3.7, 0.0319374, 0.816348, 0.146426, -1.63272, -2.42601, -2.09468, -2.84322, -3.45273, -2.72431, -3.46332, -2.85715, -2.33919, -2.21551, -2.41208, -1.279, -2.06984, -1.0974, -0.470467, 0.108435, -0.00823289, -1.16905, -0.356898, -0.989708, -0.854169, -1.49434, -1.49629, -0.981194, -0.921355, -1.50429, -1.91659, -1.92359
3.72, 0.0319374, 1.2716, -0.0963901, 0.0272112, -0.831138, -2.06289, -2.28963, -3.076, -2.69772, -3.54676, -2.94874, -3.14631, -3.09013, -2.60814, -2.29387, -1.94926, -2.05517, -2.03927, -1.73074, -2.04655, -1.98561, -1.46737, -1.57885, -1.48817, -1.64837, -1.81644, -1.99661, -2.45198, -2.38955, -2.66233, -2.24986
3.74, 0.0319376, 1.84713, 0.904667, 0.101973, -0.274143, -1.40742, -2.94559, -2.88683, -2.41358, -2.36296, -2.67647, -2.62291, -2.96339, -2.63012, -1.90405, -1.85599, -2.00458, -2.09102, -2.42405, -1.80106, -1.82089, -1.99949, -1.97341, -1.77544, -1.83516, -2.03367, -2.45406, -2.70849, -2.67735, -2.47686, -2.39502
3.76, 0.0319376, 1.12376, 1.021, -0.833017, -1.56651, -1.86207, -1.9221, -2.99502, -2.48887, -2.73386, -2.79084, -2.96666, -2.64851, -1.95289, -1.32171, -1.49205, -1.95754, -1.58559, -1.39783, -1.85014, -2.13105, -2.14661, -1.8535, -2.22052, -2.31604, -2.15099, -2.18711, -2.59315, -2.38777, -2.08884, -2.16751
3.78, 0.0319376, 1.16016, 1.35272, -0.192092, -0.35443, -1.45352, -2.085, -2.56947, -2.09092, -2.51773, -2.98637, -3.12812, -3.10723, -2.18961, -1.37861, -1.3582, -1.59, -1.36474, -1.64087, -1.6786, -1.60125, -1.57567, -1.8216, -1.88268, -1.48498, -1.53121, -1.93589, -2.40473, -2.20324, -2.14266, -1.92396
3.8, 0.0319376, 0.745125, 0.0302269, -0.253403, -1.04468, -1.57096, -2.59366, -3.08673, -3.01071, -3.28786, -2.97317, -2.58466, -2.71274, -2.36713, -1.45622, -1.26329, -1.2869, -1.46082, -1.27566, -1.09195, -1.13771, -1.58687, -1.76056, -1.94554, -1.84352, -1.98379, -1.85579, -1.77501, -1.70319, -1.70657, -1.88698
3.82, 0.0319376, 0.820706, -0.0259242, -0.717412, -1.84668, -2.46529, -3.04748, -3.97538, -3.52159, -3.34708, -2.94057, -3.08378, -2.67508, -2.26272, -1.89454, -2.40739, -1.7655, -1.55883, -1.59743, -1.63171, -2.2328, -2.12667, -2.15555, -1.79202, -1.95834, -2.08403, -2.30048, -2.17494, -2.39269, -2.3814, -2.28083
3.84, 0.0319376, 0.143452, 0.140177, -0.451399, -1.45882, -2.2087, -3.54622, -3.35165, -2.89094, -3.4892, -3.22244, -2.91584, -2.91423, -2.27683, -1.94783, -1.71443, -1.44274, -1.37508, -2.09967, -2.01824, -1.77668, -1.66486, -1.98458, -2.10184, -1.98068, -1.88164, -2.33653, -2.56538, -2.71438, -2.70672, -2.35457
3.86, 0.0319376, 0.975158, 0.155388, -0.305341, -1.65482, -2.7194, -2.96816, -3.43121, -3.52079, -3.12351, -3.14365, -3.4443, -3.37044, -2.2218, -1.86613, -1.96117, -2.37135, -2.04181, -2.41044, -2.49648, -2.35974, -1.75234, -1.75195, -1.53672, -2.06386, -1.91031, -1.93145, -2.43324, -2.34692, -2.37275, -2.42855
3.88, 0.0319374, 1.12239, 0.688101, 0.126981, -1.09632, -1.76077, -2.32408, -2.9048, -2.61835, -3.8439, -3.27077, -3.19888, -2.99496, -2.33778, -1.53678, -1.90662, -2.20488, -2.21242, -1.77719, -1.91152, -2.33033, -2.54511, -2.13817, -1.85266, -2.1415, -2.02184, -1.96657, -2.60849, -2.64761, -2.17081, -1.99575
3.9, 0.0319374, -0.0226872, 0.167692, -0.374837, -1.81897, -2.15214, -3.38588, -3.29268, -3.1306, -3.10358, -3.60419, -3.15267, -3.34451, -2.3759, -2.04136, -1.56567, -1.73471, -1.9627, -1.70084, -1.90209, -2.26488, -1.77752, -1.92513, -1.53628, -1.58021, -1.6063, -1.66472, -2.13707, -2.0121, -2.25533, -2.12433
3.92, 0.0319374, 1.53168, 1.05293, 0.305467, -1.66561, -1.85715, -3.09009, -3.73365, -3.43427, -3.20744, -3.31268, -3.35752, -2.30751, -2.17842, -1.82253, -1.65783, -1.20918, -1.68907, -1.52733, -1.80438, -2.06315, -2.5633, -1.81378, -1.91164, -2.13223, -2.1504, -2.22483, -2.39718, -2.59633, -2.42938, -2.31638
3.94, 0.0319374, 1.68898, 0.982971, -0.0637439, -1.03924, -1.74695, -3.30203, -3.55313, -2.4796, -2.92163, -3.41975, -3.69485, -2.65181, -2.50935, -2.58694, -1.9851, -1.97825, -1.92282, -1.93999, -1.79882, -1.80891, -1.62598, -1.83524, -1.77095, -2.17783, -1.65553, -2.2333, -2.37381, -2.57275, -2.48323, -2.45654
3.96, 0.0319374, 0.443848, 0.518945, -0.341624, -1.80072, -2.18303, -2.35992, -2.32216, -1.52962, -2.34652, -2.6302, -2.04539, -2.2855, -1.76519, -1.74436, -2.14295, -2.48387, -2.00656, -1.41198, -1.44413, -1.71821, -1.47736, -1.80467, -2.20235, -2.24004, -2.00227, -2.28785, -2.73646, -2.43771, -2.28798, -2.49376
3.98, 0.0319376, 0.990109, 0.979182, 0.416219, -0.784206, -1.29337, -1.52841, -2.45764, -2.31642, -2.50763, -2.81864, -2.84351, -2.52991, -2.22037, -2.43046, -2.07242, -2.0393, -2.41124, -1.83373, -2.15293, -2.27799, -1.89408, -2.14171, -2.12509, -2.04578, -2.05554, -2.55456, -2.625, -2.39935, -2.47569, -2.02679
4, 0.0319376, 1.27618, 0.665762, 0.524252, -0.213245, -1.74869, -2.11523, -1.93994, -1.95298, -2.1493, -1.87019, -2.02712, -1.98349, -1.95064, -1.81164, -1.68561, -1.46329, -1.82576, -1.38002, -1.62345, -2.03785, -2.14483, -1.75408, -1.70355, -2.03621, -2.242, -2.22287, -2.43003, -2.53519, -2.59172, -2.13592
4.02, 0.0319376, 1.57664, 1.44269, -0.106229, -1.36083, -1.43315, -1.84933, -2.13345, -1.13953, -1.58351, -1.93196, -2.09367, -2.2209, -1.95988, -1.72392, -1.69561, -1.40085, -1.75799, -1.89475, -1.77668, -2.11065, -1.94928, -1.98175, -1.95325, -2.04565, -2.23853, -1.82823, -2.60349, -2.53777, -2.14765, -1.65277
4.04, 0.0319376, 1.34613, 1.1454, 0.209236, -0.183503, -0.924317, -2.00649, -2.2505, -1.86556, -1.71528, -1.9978, -1.88196, -1.65604, -1.35567, -1.21113, -0.736573, -0.763028, -0.605711, -0.781429, -1.20049, -1.51465, -1.58706, -1.57848, -1.28852, -1.03548, -1.68736, -2.04744, -2.76068, -2.60475, -2.25368, -2.21074
4.06, 0.0319376, 0.404067, -0.0246541, -0.0957294, -1.05805, -1.1685, -2.54227, -2.58006, -2.6351, -2.90185, -2.49859, -2.46143, -2.4453, -2.19001, -2.02615, -1.57633, -1.7597, -2.04322, -1.93121, -2.12381, -1.85057, -2.30938, -2.43887, -1.83447, -1.99965, -1.95528, -2.35945, -2.62817, -2.59994, -2.57093, -2.53874
4.08, 0.0319376, 1.4387, 0.340549, -0.222375, -0.69768, -2.27068, -2.39738, -2.40132, -2.2603, -2.8035, -2.50915, -2.3162, -2.53839, -2.63174, -1.95552, -1.80218, -2.05735, -1.90997, -1.88077, -2.11496, -1.95084, -2.11533, -1.88311, -1.98936, -2.34658, -2.23908, -2.23012, -2.49466, -2.67541, -2.55389, -2.45457
4.1, 0.0319376, 1.50697, 0.649793, -0.120242, -1.71119, -1.80586, -2.29885, -2.86972, -3.48902, -2.39755, -2.32082, -2.80415, -2.33254, -2.20348, -1.93198, -2.30056, -1.92749, -1.43329, -0.993071, -1.11414, -1.55015, -1.70659, -1.42857, -0.930648, -1.44375, -1.84382, -1.79745, -2.02182, -2.21318, -2.33714, -2.10044
4.12, 0.0319376, 0.583836, 0.055723, -0.358652, -1.45287, -1.92603, -3.29567, -3.49524, -2.90377, -2.6648, -2.41596, -3.09321, -2.30682, -2.2968, -2.10527, -2.37002, -1.87362, -1.4967, -1.15265, -1.61653, -1.65486, -1.43493, -1.33456, -1.39202, -1.56196, -1.81843, -1.90928, -2.3046, -2.28427, -2.28245, -2.24938
4.14, 0.0319376, 1.12924, 0.0930879, -0.325685, -1.53982, -1.87852, -3.34807, -3.72969, -3.82524, -2.94382, -2.50425, -2.95421, -2.96074, -2.43023, -1.75201, -1.1484, -0.792816, -1.40295, -2.41958, -1.65684, -1.38962, -1.42371, -1.8005, -1.51061, -1.34805, -1.51507, -1.71241, -2.35703, -2.14578, -2.27733, -2.24001
4.16, 0.0319376, 1.36808, 0.754445, 0.484201, -0.624615, -1.66987, -2.39183, -3.13431, -3.05567, -2.91465, -2.73308, -2.63966, -2.26972, -1.9071, -1.46443, -1.29567, -1.40985, -2.14554, -2.00956, -1.77815, -2.09038, -2.28029, -2.1706, -2.02564, -1.72734, -1.70847, -2.18277, -2.31321, -2.52441, -2.53366, -2.3739
4.18, 0.0319376, 1.64677, 1.39482, 0.274326, -0.889611, -1.6549, -2.09235, -3.34293, -2.52612, -2.7486, -2.94836, -2.59593, -2.9835, -2.42347, -1.72336, -1.79927, -1.68881, -1.95104, -1.63715, -1.34499, -1.21237, -1.47556, -0.291562, -0.368768, -0.0811738, -0.248015, -0.752456, -1.10253, -0.671431, -1.34214, -0.826337
4.2, 0.0319376, 1.10621, 1.03251, -1.15732, -1.07507, -1.65855, -2.21195, -3.21946, -2.97357, -3.37995, -3.20157, -3.57364, -3.19061, -2.2304, -1.98075, -1.91709, -1.9529, -2.11743, -1.97737, -2.1146, -1.61255, -1.3305, -1.36257, -1.20594, -0.561507, -0.906953, -0.84595, -1.04981, -1.10557, -1.21935, -0.753691
4.22, 0.0319376, 0.693892, 0.298683, -0.634052, -1.33586, -2.29936, -3.03866, -2.94656, -3.12115, -2.87985, -2.87382, -2.23899, -2.71145, -2.59672, -1.62294, -1.66535, -1.93481, -1.52765, -1.51652, -1.73769, -1.85977, -2.2855, -2.34234, -1.77075, -1.50217, -1.76755, -2.10652, -2.04596, -2.06548, -2.17805, -1.95113
4.24, 0.0319376, 0.92649, 0.232431, -0.389015, -0.642709, -1.8063, -3.24098, -3.08398, -3.15739, -3.26617, -2.41697, -2.2898, -2.85803, -2.2396, -1.6945, -1.49252, -1.79843, -1.85519, -1.58692, -1.97371, -1.91209, -2.04025, -1.98584, -2.00939, -2.05656, -1.8897, -2.42636, -2.49939, -2.47668, -2.28269, -2.05269
4.26, 0.0319371, 1.04303, -0.0377002, -0.913496, -2.11806, -1.64363, -2.97101, -3.28553, -3.46321, -4.05281, -3.37943, -3.49045, -2.8423, -2.58393, -1.78513, -2.28544, -1.90163, -1.80527, -1.64989, -1.85298, -2.1267, -2.43633, -1.91869, -1.75566, -2.40476, -1.83965, -1.7615, -2.44342, -2.67463, -2.28881, -2.11701
4.28, 0.0319371, 2.28559, 1.71309, 0.982814, -0.410804, -1.91299, -2.24175, -2.55415, -2.9851, -2.7962, -2.6994, -2.88442, -2.0404, -1.69856, -1.28982, -1.60451, -1.79178, -1.55828, -1.71406, -1.77495, -1.74323, -1.75651, -2.4208, -2.0733, -2.06845, -2.13921, -2.61804, -2.56548, -2.46975, -2.51414, -2.26432
4.3, 0.0319371, 1.08485, -0.0814585, -1.50693, -2.18388, -2.45242, -3.37453, -3.727, -3.00672, -3.35893, -3.42402, -3.80541, -3.12639, -2.56885, -2.30134, -1.98765, -1.64337, -2.04008, -2.24877, -2.21069, -2.47609, -2.32917, -2.39818, -2.65483, -2.27317, -2.2493, -2.18734, -2.56374, -2.61555, -2.45431, -2.49931
4.32, 0.0319371, 1.30048, -0.236906, -1.24744, -2.2343, -2.33828, -3.16481, -2.94683, -2.79275, -3.06459, -3.06964, -2.72552, -2.69822, -1.5004, -1.65919, -1.74508, -2.0327, -2.00145, -1.99084, -1.46855, -2.08146, -1.86535, -1.74116, -1.91222, -1.65815, -1.43552, -2.16999, -2.33537, -2.41513, -2.31388, -1.98889
4.34, 0.0319371, 0.516135, 0.232604, -1.09109, -1.9818, -2.37778, -3.61669, -3.44554, -3.65227, -3.47285, -3.5054, -3.69235, -3.79547, -2.75683, -2.42234, -2.1923, -2.22771, -1.97476, -2.17716, -2.16317, -2.18787, -1.98421, -2.31621, -2.45519, -2.25685, -2.32061, -2.54807, -2.60929, -2.59087, -2.61714, -2.52693
4.36, 0.0319376, 1.43923, 0.461021, -0.0849134, -1.01282, -2.15709, -3.77458, -3.30898, -2.3443, -2.40426, -2.24081, -2.24727, -2.7394, -1.77472, -1.47897, -1.57238, -1.11454, -1.94413, -2.59372, -1.93347, -1.82662, -1.97671, -2.35003, -2.32089, -2.26433, -2.02273, -2.53174, -2.84863, -2.91894, -2.51295, -2.52799
4.38, 0.0319376, 2.66437, 2.24157, 0.898821, -0.266449, -1.30283, -3.29204, -2.69043, -1.80631, -1.59716, -2.18885, -1.79812, -1.75959, -1.77459, -1.64017, -1.37337, -1.26223, -0.933886, -1.4166, -1.72793, -1.62792, -1.70579, -2.08643, -2.13131, -2.09522, -2.17381, -2.31729, -2.50345, -2.81118, -2.67948, -2.08352
4.4, 0.0319376, 1.54656, 0.404017, -0.151156, -0.75563, -1.84821, -2.824, -2.76276, -2.00566, -2.78219, -2.53551, -2.40669, -2.14967, -1.69323, -1.93215, -1.62564, -1.69584, -2.26654, -1.69336, -1.75785, -1.88516, -1.92379, -2.09642, -2.28421, -1.89223, -2.08093, -2.71114, -2.32192, -2.54473, -2.31154, -2.30377
4.42, 0.0319376, 0.502679, 0.103312, -0.250189, -1.19648, -1.6682, -3.04946, -3.60606, -3.68268, -3.32369, -2.55634, -2.60231, -2.50907, -2.22727, -1.99057, -1.80623, -1.67917, -1.96822, -1.24689, -0.55413, -0.457816, -1.08085, -1.47864, -1.26998, -0.867128, -1.57915, -1.89457, -2.40648, -2.34847, -2.32281, -2.21127
4.44, 0.0319376, 1.7568, 0.531749, -0.719643, -0.995138, -2.04128, -2.55953, -3.02434, -3.36265, -4.05227, -4.12696, -4.03403, -3.01472, -2.90865, -2.29813, -2.63612, -2.11119, -2.05793, -2.47198, -2.1957, -2.15769, -2.41778, -2.22396, -1.91768, -2.47009, -1.97566, -2.33572, -2.58462, -3.0286, -2.80136, -2.49389
4.46, 0.0319376, 1.67643, 1.28222, 0.288777, -0.408989, -1.44287, -1.66317, -2.45115, -2.05914, -2.34826, -2.40284, -3.06058, -3.16572, -2.13662, -1.84731, -1.76082, -2.12803, -2.04938, -1.88421, -1.84807, -2.24257, -2.00473, -2.01429, -1.80864, -2.14071, -1.85277, -2.17243, -2.25956, -2.09403, -1.9758, -2.029
4.48, 0.0319376, 1.71155, 1.33913, 0.616572, 0.173743, -0.630688, -2.47558, -2.03426, -1.69657, -1.51585, -1.74107, -1.61835, -1.37247, -1.38718, -0.841806, -0.935823, -1.11464, -1.54485, -1.9444, -1.81561, -1.84393, -1.90547, -1.63992, -1.71338, -1.64175, -1.6231, -1.89354, -2.16127, -1.8702, -1.68537, -1.45247
4.5, 0.0319376, 1.95422, 1.30107, 0.112482, -1.20023, -1.52709, -1.67118, -2.49965, -2.61406, -2.4036, -3.04627, -1.92903, -2.18267, -1.79121, -1.48474, -0.820876, -0.768839, -1.25668, -1.69813, -1.42406, -1.32088, -1.85707, -1.62803, -1.81306, -2.23837, -2.11576, -1.97785, -2.16605, -1.67031, -1.43421, -1.35831
4.52, 0.0319376, 2.16559, 1.32745, 0.5216, -0.543344, -1.14508, -1.5172, -2.71719, -1.74418, -2.59378, -2.13868, -2.15424, -1.97804, -1.49069, -0.782819, -0.760136, -1.15759, -1.62134, -1.10176, -1.49332, -1.83493, -1.92889, -1.88381, -1.76024, -2.03472, -2.45874, -2.28856, -2.4231, -2.22961, -2.23497, -2.06779
4.54, 0.0319376, 0.617588, 0.155374, -0.529711, -0.789218, -1.36674, -2.24991, -3.28124, -3.5688, -2.52909, -2.66798, -3.46911, -2.33023, -2.45377, -1.84173, -1.53057, -1.26026, -1.36337, -1.60102, -1.5759, -1.75655, -1.78912, -1.27528, -1.25996, -2.04385, -1.38691, -1.54545, -1.99426, -1.74158, -2.18556, -1.54679
4.56, 0.0319376, 1.70167, 0.917582, -0.176357, -0.438953, -1.85824, -2.86094, -3.05283, -2.72748, -3.32166, -3.2879, -2.95699, -2.75407, -2.28993, -2.2919, -2.72712, -2.25179, -2.74724, -2.52528, -2.39695, -1.49663, -1.85502, -1.98144, -2.12817, -1.91119, -2.01098, -2.03567, -2.41252, -2.30428, -2.37954, -2.24991
4.58, 0.0319376, 1.10455, 0.906732, -0.658503, -1.6359, -1.76925, -2.14939, -2.46147, -1.97557, -2.81705, -3.47973, -3.40643, -3.0984, -2.34394, -2.20518, -2.44957, -2.2897, -2.65624, -2.31124, -2.09019, -1.87049, -1.59147, -2.20124, -2.07118, -2.18926, -2.11864, -2.11209, -2.28451, -2.35304, -2.37036, -2.33227
4.6, 0.0319376, 1.34393, 0.54831, -0.449551, -1.7607, -2.24574, -2.09143, -2.60851, -2.2898, -2.82201, -2.71376, -2.09609, -2.2651, -1.97935, -1.55909, -1.23202, -1.28447, -1.69792, -1.86923, -1.87519, -1.86467, -1.48397, -1.47255, -1.52286, -1.52289, -1.81601, -1.93167, -2.14751, -2.06392, -1.99711, -1.92973
4.62, 0.0319376, 0.52574, 0.848541, 0.29773, -0.789793, -1.43203, -2.14016, -2.79444, -3.02926, -2.66627, -1.96678, -2.13475, -1.7321, -1.5363, -1.43983, -1.16527, -1.35495, -1.41047, -1.03241, -1.44743, -2.08041, -1.75267, -1.74704, -1.84226, -1.66102, -2.18862, -1.83706, -2.3344, -2.40156, -2.37432, -1.94266
4.64, 0.0319376, 1.55778, 1.23543, 0.11617, -1.51791, -2.25053, -2.51217, -2.58669, -2.61301, -2.97026, -2.30046, -2.69726, -3.41538, -2.44087, -1.74076, -2.0693, -2.00569, -2.04777, -1.88764, -1.53106, -1.97683, -1.91749, -1.83974, -1.95987, -1.91242, -2.45763, -2.59643, -2.60431, -2.59815, -2.57446, -2.11677
4.66, 0.0319376, 1.03196, 0.633036, 0.326747, -0.816553, -1.36291, -1.62612, -1.86009, -1.79766, -2.29865, -1.7421, -1.54602, -2.00232, -1.94189, -0.71143, -0.821662, -0.832134, -1.16784, -1.23932, -1.33484, -1.9285, -1.99852, -1.9484, -1.91332, -1.71836, -1.732, -2.01089, -2.26633, -2.19659, -2.25706, -2.12829
4.68, 0.0319376, 1.00339, 1.82514, 1.64134, 0.271762, -0.302335, -1.15125, -1.46532, -1.51741, -1.45702, -1.24928, -0.955878, -0.872919, 0.183574, 1.16822, 1.37472, 1.45358, 1.09631, 0.241251, 0.905884, 1.23783, 1.25756, 1.27054, 0.599579, 0.604833, 0.628711, 0.38045, -0.0286416, 0.50816, 0.647532, 0.351498
4.7, 0.0319376, 1.15222, 0.663804, 0.419826, -0.607373, -1.17005, -1.59211, -1.7714, -2.20593, -2.64088, -2.11849, -1.68165, -1.6303, -1.23669, -0.998652, -0.761919, -1.04589, -0.948236, -0.595989, -0.416161, -0.0146339, -0.566196, -1.09975, -0.609602, -0.881542, -0.536505, -0.595397, -0.573501, -0.6046, -0.895912, -0.954996
4.72, 0.0319376, 1.45685, 0.966049, 0.488738, -1.04657, -2.12426, -2.52603, -1.95139, -2.36383, -2.55088, -1.43629, -1.50333, -1.58714, -2.18709, -1.19123, -1.23927, -1.28596, -1.87504, -1.04837, -1.08188, -0.990126, -1.47186, -1.25452, -1.20507, -1.42567, -1.41007, -1.45508, -1.44299, -1.37468, -1.64335, -1.94354
4.74, 0.0319376, 0.570261, 0.770451, -0.419001, -0.527152, -1.12871, -2.3744, -2.48613, -2.91033, -2.55213, -3.10331, -2.97609, -3.54483, -3.34157, -2.34008, -1.91564, -2.3824, -2.34649, -1.75987, -2.06386, -2.2403, -1.82096, -2.26693, -1.92371, -1.8393, -1.84188, -2.17459, -2.08019, -2.25236, -2.44192, -2.31098
4.76, 0.0319371, 0.702965, 0.0492437, -0.959376, -1.6539, -2.51037, -2.26772, -1.84819, -2.06948, -2.75792, -2.82038, -2.85634, -2.27425, -1.89374, -1.87663, -2.17707, -2.05435, -1.46268, -0.558963, -0.230346, -0.881844, -0.766169, -1.27599, -0.759878, -0.387062, -0.549825, -1.7382, -1.68538, -1.39778, -1.43775, -1.81103
4.78, 0.0319371, 0.540087, 0.9041, 0.022973, -1.22749, -2.23752, -3.27229, -3.36461, -3.17283, -3.35576, -3.40026, -3.19513, -2.81385, -2.3246, -3.00257, -1.98337, -1.9037, -1.68068, -1.83375, -1.81934, -1.92186, -1.58821, -2.38844, -1.78621, -1.7381, -1.86419, -1.93682, -2.18359, -2.17959, -2.26484, -2.04667
4.8, 0.0319371, 1.22593, 1.03216, -0.579689, -1.09044, -2.14997, -2.96315, -3.33631, -3.60093, -3.69006, -3.35029, -2.94829, -2.72925, -3.10298, -2.23418, -1.89037, -2.35533, -2.11654, -1.86365, -2.54036, -2.20057, -2.32436, -1.97898, -1.69078, -1.68065, -1.57561, -2.01659, -2.16004, -2.17538, -2.16441, -2.21617
4.82, 0.0319371, 0.113178, 0.202531, -0.522281, -1.29153, -2.30841, -3.18255, -3.35231, -2.70597, -3.01915, -2.98865, -3.02339, -2.32983, -1.25754, -0.56842, -0.574213, -0.951048, -1.35351, -0.716298, -0.616263, -1.33521, -1.50739, -1.47082, -0.810079, -0.0384885, 0.62489, 1.20454, 0.872037, 0.166132, 0.274325, -0.580198
4.84, 0.0319371, 1.79077, 0.908095, -0.311072, -0.413995, -1.24221, -2.36601, -2.76074, -2.41758, -2.5201, -2.92719, -3.0089, -2.61609, -1.7471, -1.15009, -1.24767, -1.40354, -1.88097, -1.85076, -1.37111, -1.03395, -0.988896, -1.19628, -1.03435, -0.41008, -0.338324, -0.115564, -0.320399, -0.580494, -0.525863, -0.794336
4.86, 0.0319376, 0.0225935, -0.0506801, -0.277356, -1.37258, -2.22471, -3.57708, -4.1616, -3.99095, -4.15245, -3.03255, -3.23043, -3.04626, -2.46876, -1.78029, -1.97679, -2.04701, -2.27407, -1.90419, -1.77934, -2.18473, -2.27035, -1.9302, -1.89078, -1.65629, -1.56812, -1.26049, -1.40652, -1.3755, -1.81942, -1.59927
4.88, 0.0319376, 1.06787, 0.451587, -0.944862, -2.44641, -2.52225, -2.89767, -3.41679, -2.72196, -2.99552, -3.36561, -3.56478, -4.0125, -2.74153, -1.98168, -2.10997, -1.89914, -2.23966, -2.22189, -2.0558, -2.18386, -2.46233, -2.39962, -1.71273, -1.82156, -2.15294, -1.87606, -1.82943, -1.96777, -1.8438, -2.01197
4.9, 0.0319376, 1.35368, 0.695742, 0.261294, -1.09902, -1.59857, -2.21355, -2.74143, -3.08358, -2.9409, -2.77091, -2.85213, -2.54874, -2.07498, -1.10172, -0.906108, -0.973548, -1.38917, -1.21333, -0.955969, -0.757619, -1.14802, -1.49824, -1.33127, -1.71072, -1.17679, -1.00921, -1.01422, -1.22545, -1.46545, -1.4078
4.92, 0.0319376, 0.697317, 0.940934, 0.576553, -1.08438, -1.45865, -2.85558, -2.82848, -2.91813, -2.65395, -2.83585, -2.83752, -2.42048, -2.34687, -1.83747, -1.3307, -1.53175, -1.33355, -1.52201, -1.49067, -1.94011, -1.70159, -2.06559, -1.92997, -1.62908, -1.90673, -2.04551, -2.46268, -2.24096, -2.24935, -2.1121
4.94, 0.0319376, 1.05494, 0.206292, -0.362873, -1.62134, -1.44091, -2.85492, -3.34513, -2.80506, -2.81193, -2.19072, -2.83139, -2.27821, -2.3387, -2.1494, -1.67481, -2.40246, -2.16024, -2.16607, -2.14599, -2.32618, -2.23008, -1.98554, -2.09597, -1.75548, -2.0972, -2.57723, -2.72849, -2.36358, -2.44487, -2.257
4.96, 0.0319376, 1.05523, 0.614376, 0.310044, -1.10134, -1.9173, -2.84243, -3.18865, -3.049, -2.25603, -1.64766, -2.38971, -2.34409, -1.81851, -0.886021, -0.930805, -1.08249, -1.05863, -1.01104, -1.17211, -1.51663, -1.67002, -1.49513, -1.42638, -1.36749, -1.59422, -1.95643, -2.48516, -2.48368, -2.43062, -2.29467
