# Time (seconds), Duration (seconds), f0, f1, f2, f3, f4, f5, f6, f7, f8, f9, f10, f11, f12, f13, f14, f15, f16, f17, f18, f19, f20, f21, f22, f23, f24, f25, f26, f27, f28, f29
0, 0.0319375, 0.997402, 2.43236, 2.3391, 2.12556, 1.24495, 1.22497, 1.32186, 1.45565, 2.43672, 2.0493, 1.43744, 1.38528, 1.79695, 1.38543, 1.00755, 1.3705, 1.31445, 1.36219, 1.66007, 1.08635, 1.38454, 1.5022, 1.39259, 1.39507, 1.60576, 1.6774, 1.28071, 1.36835, 1.58637, 1.9182
0.02, 0.0319375, 1.29304, 1.375, 1.4037, 1.56083, 1.371, 1.81601, 1.75361, 1.64199, 1.72248, 1.78993, 1.61992, 1.63702, 1.01715, 1.59312, 1.51108, 1.50757, 1.68322, 1.55035, 1.71004, 1.6959, 1.81816, 1.64657, 1.53962, 1.51654, 1.09992, 1.30169, 1.43855, 1.4982, 1.6833, 1.88424
0.04, 0.0319375, 0.58658, 1.07817, 1.55528, 1.54149, 1.60313, 1.57792, 1.38945, 1.10153, 1.70594, 1.06624, 0.892436, 0.75055, 1.45941, 1.42454, 1.45342, 1.65718, 1.72123, 1.10413, 1.68438, 1.71466, 1.38299, 1.26527, 1.46012, 1.15417, 1.28868, 1.31354, 1.03914, 1.33399, 1.45025, 1.64769
0.06, 0.0319375, 0.643187, 0.91594, 1.62419, 1.78776, 1.16617, 1.13537, 0.647613, 1.91212, 1.58793, 1.4457, 1.37471, 1.6271, 1.79007, 1.30405, 1.28031, 1.69279, 1.81871, 1.75026, 1.61965, 1.62636, 1.28479, 1.39359, 1.26284, 1.37821, 1.34718, 1.43926, 1.99878, 1.9767, 1.77988, 1.8344
0.08, 0.0319375, 0.659843, 1.47795, 1.89151, 0.443697, 0.632778, 0.563533, 1.27736, 1.53095, 0.355228, 1.20499, 1.04736, 1.3006, 1.3761, 1.58793, 1.66235, 1.19431, 1.31551, 1.16404, 1.37928, 1.30682, 1.48356, 1.30837, 1.15979, 1.21573, 1.35013, 1.52148, 1.24166, 1.41964, 1.58511, 1.90713
0.1, 0.0319375, 0.23813, 1.28994, 0.719869, 0.639905, 1.08987, 0.977761, 1.52637, 1.56001, 1.44931, 1.35352, 1.09826, 1.41397, 1.03575, 1.84186, 1.60591, 0.901431, 1.43243, 1.20226, 1.57405, 1.40074, 1.3776, 1.50158, 1.46883, 1.31354, 1.25654, 1.20896, 1.2311, 1.48645, 1.47428, 1.41621
0.12, 0.0319375, 1.24689, 1.46358, 1.10445, 0.450563, 1.20711, 1.24936, 0.9212, 0.715182, 1.34027, 1.05132, 1.01703, 1.84214, 1.63159, 1.64189, 1.59445, 1.17155, 1.88205, 1.81864, 1.38837, 1.42031, 1.38965, 1.46448, 1.68299, 1.75773, 1.52169, 1.80405, 1.78995, 2.32645, 2.59618, 2.79457
0.14, 0.0319375, 0.549646, 1.40909, 1.372, 1.50355, 1.7051, 1.89406, 1.39441, 0.954814, 1.76086, 1.40616, 0.988749, 1.09337, 1.32082, 1.11107, 1.37872, 1.60899, 1.40951, 1.93429, 1.65541, 1.23585, 1.47434, 1.56679, 1.67996, 1.64966, 1.97745, 1.70662, 1.77236, 1.78549, 1.9407, 2.24014
0.16, 0.0319375, 1.03559, 1.03195, 1.19199, 0.816283, 1.02641, 1.58259, 1.60893, 1.81161, 1.54347, 1.0918, 0.807995, 0.74283, 1.29407, 1.29294, 1.66223, 1.76286, 1.13504, 1.09877, 1.27572, 1.7194, 1.75764, 1.80971, 1.46265, 1.78029, 1.65895, 1.54325, 1.61225, 1.66328, 1.85459, 1.87174
0.18, 0.0319375, 0.61481, 1.46962, 1.11553, 1.10833, 1.68684, 1.86693, 1.12382, 1.15726, 1.42288, 1.47753, 1.57301, 1.46837, 1.61722, 1.93942, 1.92927, 1.76861, 1.36848, 1.59536, 1.48262, 1.6885, 1.32812, 1.39473, 1.59716, 1.63003, 1.6365, 1.38807, 1.7123, 1.62574, 1.40904, 1.69878
0.2, 0.0319375, 0.712346, 0.789032, 1.01526, 1.04897, 1.86813, 1.58871, 1.69429, 1.28892, 1.73102, 1.5201, 1.69915, 1.69848, 1.7136, 1.67757, 1.60296, 1.15417, 1.26201, 1.59258, 1.29937, 1.6049, 1.57082, 1.44217, 1.36225, 1.43382, 1.38756, 1.31892, 1.67496, 1.50673, 1.10258, 1.44575
0.22, 0.0319375, 0.976289, 1.98089, 1.53381, 0.841147, 1.66759, 1.51179, 1.56944, 1.36296, 0.998573, 1.26411, 1.63957, 1.71272, 1.68573, 1.83109, 1.62444, 1.72789, 1.3502, 1.49118, 1.23265, 1.18144, 1.45496, 1.54948, 1.06213, 1.14421, 1.51619, 1.49188, 1.44076, 1.2959, 1.50658, 1.60916
0.24, 0.0319375, 1.13279, 1.71287, 1.01838, 0.622252, 1.66452, 1.33704, 1.4355, 1.67983, 1.39203, 1.80509, 1.36827, 1.35628, 1.35868, 1.39089, 1.13529, 1.81343, 1.74623, 1.48688, 1.37013, 1.13713, 1.42005, 1.56634, 1.43547, 1.42564, 1.20462, 1.14654, 1.41136, 1.16793, 1.5264, 1.56642
0.26, 0.0319375, 0.605596, 1.7061, 1.86446, 1.6011, 1.79335, 1.73124, 1.59898, 1.50654, 1.7863, 1.88487, 1.50285, 1.7253, 1.74315, 1.5133, 1.67205, 1.3652, 1.39926, 1.29901, 1.23611, 1.76515, 1.61328, 1.25342, 1.49812, 1.82897, 1.25117, 1.65029, 1.99177, 1.49708, 1.78119, 1.82834
0.28, 0.0319375, 1.12788, 1.17636, 1.03118, 0.773378, 0.38176, 0.869677, 1.15668, 1.19525, 1.80936, 1.48391, 1.17079, 1.57894, 1.75291, 1.90716, 1.61732, 2.03243, 1.55857, 1.09495, 1.39625, 1.20766, 1.54976, 1.5414, 1.7714, 1.14199, 1.03527, 1.68948, 1.46836, 1.62548, 1.31216, 1.36631
0.3, 0.0319375, 0.633093, 1.9948, 2.07376, 1.84837, 2.05284, 2.22324, 1.45213, 1.90097, 2.1043, 1.5312, 1.26487, 1.56999, 1.46566, 1.9038, 1.42303, 1.56671, 1.91158, 1.68656, 1.59677, 1.53591, 1.53328, 1.69471, 1.866, 2.16253, 2.258, 2.10363, 1.97573, 1.69802, 2.02478, 2.63964
0.32, 0.0319375, 0.704976, 1.67432, 1.37749, 1.54837, 1.42343, 1.50307, 0.735916, 1.04833, 1.30129, 1.47802, 1.32537, 1.58906, 1.7919, 1.86404, 1.22467, 1.40712, 1.2192, 1.5231, 1.70822, 1.44805, 1.73759, 1.92277, 1.53899, 1.46295, 1.71365, 1.41039, 1.72981, 1.77624, 1.73669, 2.22738
0.34, 0.0319375, 1.6096, 1.96703, 1.41334, 1.42466, 1.3864, 1.34041, 1.23919, 1.4496, 1.69263, 1.16756, 1.13849, 0.994942, 1.26594, 1.6488, 0.920899, 1.747, 1.11601, 1.43729, 1.42792, 1.25821, 1.51915, 1.31544, 1.41116, 1.33285, 1.75332, 1.58112, 1.13103, 1.88512, 1.60641, 1.74018
0.36, 0.0319375, 1.95278, 1.33859, 0.597879, 1.16263, 1.42771, 1.28171, 1.21014, 0.756812, 1.73003, 1.92769, 1.88651, 2.03891, 1.8027, 1.76709, 1.71964, 1.98977, 1.58384, 1.65388, 1.35352, 1.38116, 1.72109, 1.64707, 1.72954, 1.60652, 1.67638, 1.61389, 1.53312, 1.61922, 1.5653, 1.49544
0.38, 0.0319375, 2.2557, 2.43747, 1.97252, 2.09628, 1.90384, 1.728, 2.18911, 2.00571, 2.05495, 2.11333, 2.17077, 2.05271, 1.21842, 2.02616, 1.59682, 1.7008, 1.8212, 1.48067, 1.38751, 1.34508, 1.82088, 1.65909, 1.72474, 1.4582, 1.26176, 1.56133, 2.25663, 2.88766, 2.17497, 2.06846
0.4, 0.0319375, 1.9337, 2.16485, 1.05397, 1.4647, 1.22403, 0.690902, 0.906592, 1.73346, 2.12499, 1.58699, 1.47536, 1.52322, 0.931712, 1.71277, 1.62454, 1.86561, 1.92692, 1.49983, 1.47867, 1.76355, 1.61067, 1.79474, 1.91108, 1.72651, 1.90901, 1.55811, 1.72107, 1.28063, 1.37388, 1.73311
0.42, 0.0319375, 1.95422, 1.83554, 1.49153, 1.63309, 1.67455, 2.22257, 2.18714, 2.21242, 2.30676, 2.23244, 1.72017, 1.63208, 1.37011, 1.99974, 1.84376, 1.97126, 1.8601, 1.85495, 1.64241, 1.62113, 1.7151, 1.53771, 1.80993, 1.77597, 1.75411, 1.49322, 1.67338, 1.53465, 1.59463, 1.79796
0.44, 0.0319375, 0.882091, 1.8202, 1.52216, 1.40329, 1.75357, 2.14231, 1.37342, 1.15334, 1.11951, 1.66882, 1.53661, 1.8456, 1.78785, 1.4262, 1.64733, 1.7418, 1.28639, 1.30233, 1.33838, 1.53371, 1.58303, 1.14465, 1.51334, 1.57149, 1.71453, 1.47148, 1.54568, 1.63937, 1.76157, 1.44741
0.46, 0.0319375, 1.38376, 1.53882, 1.1844, 1.78099, 1.27015, 1.34912, 0.895455, 0.667491, 1.46838, 1.52236, 1.28063, 1.60885, 1.1875, 1.61281, 1.35029, 1.55005, 1.7719, 1.76635, 1.43255, 1.35555, 0.912278, 1.31812, 1.46258, 1.48822, 1.69725, 1.40217, 1.24581, 1.39164, 1.29785, 1.26599
0.48, 0.0319375, 1.41686, 1.97657, 1.34316, 1.5422, 1.65886, 1.49907, 1.56834, 1.82482, 1.98734, 0.760831, 1.35944, 1.24551, 1.32742, 2.03321, 1.11033, 1.26977, 1.54096, 1.1468, 1.40054, 1.43967, 1.52491, 1.11295, 1.2946, 1.57759, 1.59128, 1.84452, 2.30195, 2.49568, 1.80495, 1.85584
0.5, 0.0319375, 1.6099, 1.79855, 2.31027, 2.16707, 1.28046, 1.70408, 1.89041, 2.20995, 2.45625, 1.45889, 1.71521, 1.51573, 1.06837, 1.30138, 1.60991, 1.75219, 1.4643, 1.84282, 2.11043, 1.61303, 1.7262, 1.657, 1.74157, 1.91565, 1.72594, 1.60689, 1.94679, 1.98917, 1.72317, 1.5997
0.52, 0.0319375, 1.30722, 1.24057, 1.41424, 1.48164, 1.01482, 1.63606, 1.58367, 1.32762, 1.00748, 0.758423, 0.815072, 1.53556, 1.69267, 1.32699, 1.51846, 1.60755, 1.49603, 1.19047, 1.46701, 1.62061, 1.69718, 1.45056, 1.57042, 1.65474, 1.55274, 1.62259, 2.069, 2.14546, 1.90355, 1.979
0.54, 0.0319375, 0.939771, 1.51585, 1.63947, 1.89427, 1.82748, 1.54934, 1.09312, 0.931651, 1.1207, 1.11775, 0.925392, 1.40352, 2.09606, 1.4892, 1.68072, 1.86292, 1.75398, 1.95773, 1.79996, 1.59937, 1.64924, 1.023, 1.13494, 1.5793, 1.79366, 1.37452, 1.81257, 1.5345, 1.46223, 1.781
0.56, 0.0319375, 1.27485, 2.32516, 1.59915, 1.41224, 2.17441, 1.34887, 1.17784, 1.44782, 1.36095, 1.22047, 1.43628, 1.51704, 1.55374, 1.78064, 1.13989, 0.721303, 1.23639, 1.47409, 1.28203, 1.27544, 1.23596, 1.59607, 1.74568, 1.45247, 1.40726, 1.2422, 1.45249, 1.52543, 1.49495, 1.49675
0.58, 0.0319375, 2.03102, 2.08701, 1.32999, 1.48936, 1.60616, 1.43916, 1.62093, 1.69737, 2.12373, 1.80769, 1.5601, 1.58065, 1.61927, 1.78121, 1.33103, 1.7449, 1.69569, 1.34105, 1.84922, 1.7671, 1.82234, 1.43967, 1.59309, 1.58905, 1.36334, 1.452, 1.26326, 1.37567, 1.29852, 0.971059
0.6, 0.0319375, 1.19451, 2.45123, 1.74435, 1.14369, 1.8805, 1.74546, 0.70709, 2.00709, 2.13545, 2.00924, 1.58076, 1.88369, 1.91744, 1.60409, 1.53054, 1.37418, 1.51004, 1.28172, 1.72591, 1.5719, 1.3531, 1.21196, 1.56124, 1.53643, 1.68173, 1.40559, 1.19976, 1.33515, 1.37698, 1.34502
0.62, 0.0319375, 1.71886, 2.32023, 1.99053, 2.20327, 1.8908, 2.07405, 1.44463, 1.81855, 2.01885, 2.09256, 1.75822, 1.40203, 1.25507, 2.10365, 1.52265, 1.25612, 1.80988, 1.91848, 2.01917, 1.6877, 1.51646, 1.51808, 1.54247, 1.65052, 1.76693, 1.6879, 1.22325, 1.3626, 1.26216, 1.59061
0.64, 0.0319375, 0.362949, 1.36722, 1.35283, 1.1842, 1.83782, 1.49346, 1.55188, 1.55361, 0.920441, 1.06373, 1.09908, 1.34728, 1.90145, 1.50877, 1.2124, 1.58302, 1.50828, 1.69355, 1.62523, 1.33189, 1.46635, 1.36644, 1.65718, 1.33524, 1.05346, 1.41982, 1.47041, 1.27629, 1.14986, 1.37371
0.66, 0.0319375, 1.3776, 1.39708, 1.00239, 1.59074, 1.83051, 1.53693, 1.50345, 1.64981, 1.61488, 1.17519, 0.840961, 1.83019, 1.29066, 1.50806, 1.76957, 1.68272, 1.78756, 1.88296, 1.22363, 1.18433, 1.30449, 1.73626, 1.35665, 1.52231, 1.36385, 1.18277, 1.49813, 1.55314, 1.6309, 1.6712
0.68, 0.0319375, 1.74719, 1.63212, 1.57514, 1.53264, 1.65815, 1.36014, 1.63865, 1.47521, 1.48806, 1.49486, 1.43601, 1.28728, 1.34645, 2.00004, 1.86682, 1.48141, 1.8981, 1.9529, 1.7096, 1.636, 1.68237, 1.37916, 1.15586, 1.36304, 1.21158, 1.28518, 1.27566, 1.14253, 1.45575, 1.69767
0.7, 0.0319375, 0.958654, 1.04139, 1.58083, 1.22508, 1.77993, 1.75219, 1.02746, 1.38404, 1.40025, 1.57152, 1.01145, 0.978962, 1.3714, 1.55363, 1.62056, 1.31616, 1.56279, 1.19459, 1.0026, 1.36215, 1.70728, 1.4321, 1.29673, 1.38114, 1.19861, 1.30237, 1.35921, 1.21839, 1.28663, 1.42348
0.72, 0.0319375, 1.75732, 1.82254, 1.32273, 1.60587, 1.28767, 1.56896, 1.08332, 1.38669, 1.42891, 1.22925, 1.5058, 1.62011, 2.03169, 1.90149, 1.81986, 1.53505, 1.37742, 1.45104, 1.38922, 1.5037, 1.32453, 1.47052, 1.43547, 1.54929, 1.50164, 1.55834, 1.62499, 1.68368, 1.48862, 1.41581
0.74, 0.0319375, 0.492131, 1.55112, 1.33851, 1.08618, 1.32268, 1.5831, 1.71311, 1.66598, 1.99795, 1.56125, 0.763767, 1.43127, 1.47278, 1.89146, 1.2268, 0.77028, 1.00318, 1.68904, 1.78777, 1.30823, 1.04462, 1.13095, 1.5617, 1.13979, 1.24295, 1.39635, 1.57632, 1.49564, 1.43188, 1.70961
0.76, 0.0319375, 1.81441, 1.79272, 1.55954, 0.809281, 1.50341, 1.1258, 1.1534, 1.42103, 1.36897, 1.72693, 1.47083, 1.47327, 1.93819, 1.86, 1.4441, 1.03043, 1.62452, 1.56932, 1.40386, 1.17154, 1.22323, 1.56977, 1.46609, 1.50089, 1.52792, 1.33442, 1.22836, 0.909882, 1.04366, 1.1796
0.78, 0.0319375, 0.97925, 1.27834, 1.26788, 1.67237, 1.79552, 1.78297, 2.10994, 2.07672, 1.42743, 1.9433, 1.62903, 2.02961, 1.55323, 1.74435, 1.93608, 1.46469, 1.59073, 1.81694, 1.42175, 1.70104, 1.11705, 1.86193, 1.79108, 1.57466, 1.54397, 1.76701, 1.95796, 1.56765, 1.5943, 1.85651
0.8, 0.0319375, 1.4203, 1.49106, 0.830107, 1.0052, 1.38151, 1.3843, 1.39079, 1.59346, 1.8052, 1.5086, 1.38068, 1.34144, 1.52913, 1.49755, 1.684, 1.60279, 1.72138, 1.86979, 1.75708, 1.73872, 1.65939, 1.30893, 1.46934, 1.22903, 1.38082, 1.55969, 1.49661, 1.23406, 1.32212, 1.42475
0.82, 0.0319375, 0.565843, 1.52388, 1.68805, 1.46635, 0.710718, 1.17097, 1.26659, 1.45989, 0.97219, 1.44038, 1.14667, 1.22186, 1.63026, 1.54626, 1.56038, 1.1679, 1.48635, 0.991482, 1.31896, 1.36802, 1.74885, 1.16203, 1.33454, 0.909167, 1.30248, 1.34823, 1.42693, 1.1957, 1.03077, 1.31012
0.84, 0.0319375, 0.566354, 0.454206, -0.0667058, 0.288852, 0.575495, 1.36332, 0.575032, 0.65567, 1.17345, 1.20227, 1.2955, 0.917403, 1.08853, 0.903873, 1.27929, 0.686266, 0.846098, 0.422317, 0.813017, 1.1974, 1.19491, 1.01947, 1.33236, 1.37723, 1.32521, 1.09099, 1.11781, 1.35107, 1.4897, 1.66095
0.86, 0.0319375, 1.09575, 1.49695, 1.33255, 0.58017, 0.932893, 1.23273, 1.18462, 1.90396, 1.66262, 1.21928, 1.33249, 1.24954, 1.5232, 1.33132, 1.35393, 1.52566, 1.27601, 1.225, 0.780176, 1.46124, 1.36493, 1.42585, 1.44317, 1.43674, 1.48513, 1.25203, 1.21835, 1.50849, 1.59911, 1.80274
0.88, 0.0319375, 1.16778, 1.16496, 1.22661, 1.18287, 1.43079, 1.55773, 0.952855, 2.19082, 1.7357, 1.73579, 1.86761, 1.79064, 1.14095, 1.09267, 1.38133, 1.50267, 1.5837, 1.38428, 1.19285, 1.29928, 1.29953, 1.36812, 1.53231, 1.52119, 1.36325, 1.14377, 1.46678, 1.65565, 1.60598, 1.69782
0.9, 0.0319375, 1.50262, 1.60727, 0.706074, 1.04864, 1.32028, 1.85266, 1.41883, 1.59457, 1.64321, 1.86368, 1.36769, 0.852929, 1.21848, 1.33094, 1.25025, 1.11071, 1.29611, 1.57875, 2.18512, 2.34196, 2.14098, 2.27706, 2.66223, 2.77572, 2.63324, 2.21574, 1.89966, 1.64949, 1.75476, 1.5189
0.92, 0.0319375, 1.20306, 1.0622, 0.678397, 0.882401, 1.93642, 1.74276, 1.31074, 1.37957, 1.54817, 2.11258, 1.44571, 2.05221, 1.36029, 1.17445, 1.16082, 0.870277, 1.39116, 1.45766, 1.69744, 1.3724, 1.43604, 1.48078, 2.19628, 2.06457, 2.14733, 1.55158, 1.56652, 1.33617, 1.43659, 1.30213
0.94, 0.0319375, 1.72073, 2.19412, 1.55065, 1.55865, 1.41639, 1.5252, 1.18195, 1.40033, 1.37486, 1.15719, 1.40652, 1.77976, 1.75288, 1.53121, 1.62296, 1.62891, 1.66142, 1.79542, 1.57212, 1.49532, 1.12725, 1.58662, 2.2545, 2.32631, 2.11251, 1.5756, 1.67762, 1.78632, 1.71349, 1.66443
0.96, 0.0319375, 0.815581, 1.37532, 0.599768, 1.39582, 1.89751, 1.22765, 1.24145, 1.16766, 1.42053, 1.14823, 1.45469, 1.84652, 1.55305, 1.54795, 1.30802, 0.940028, 1.63443, 1.52655, 1.31093, 1.61574, 1.62242, 1.51604, 1.56382, 1.8408, 1.67864, 1.64246, 1.87852, 1.76503, 1.55815, 1.29749
0.98, 0.0319375, 0.995634, 1.36254, 1.29913, 1.12983, 0.731489, 1.09124, 1.53674, 1.94532, 1.99247, 1.79222, 1.37602, 1.51854, 1.64267, 1.8466, 1.31094, 1.41381, 1.57485, 1.20046, 1.27612, 1.7126, 1.43353, 2.06012, 1.96433, 1.65852, 1.76765, 1.72847, 1.63736, 1.93037, 1.80769, 1.46674
1, 0.0319375, 1.49433, 1.18608, 1.50001, 1.76987, 1.53741, 1.48914, 0.789235, 1.55233, 1.82697, 1.69149, 1.49845, 1.32501, 1.54175, 1.5306, 1.00208, 1.69941, 1.36542, 1.49576, 1.27448, 1.33268, 1.23583, 1.4956, 1.54001, 1.3443, 1.49206, 1.68317, 1.30077, 1.30539, 1.46098, 1.01366
1.02, 0.0319375, 0.819884, 1.04431, 0.912982, 1.04768, 1.22653, 1.82487, 1.71785, 1.70618, 1.58512, 1.34551, 1.12585, 1.01978, 1.69673, 2.13726, 1.42796, 1.78293, 1.72732, 1.25089, 1.35911, 1.6262, 1.66795, 1.35706, 1.69462, 1.76762, 1.35563, 1.79317, 1.6231, 1.39856, 1.69579, 1.70258
1.04, 0.0319375, 1.11018, 1.43041, 0.770064, 0.176345, 1.51037, 1.83073, 1.92664, 1.48202, 1.95802, 1.06865, 1.05567, 1.24527, 1.45458, 1.36776, 1.34135, 1.92286, 1.52145, 1.67774, 1.43176, 1.69457, 1.77392, 1.70837, 1.84609, 1.86148, 1.65962, 1.47362, 1.61313, 0.862406, 1.36472, 1.52243
1.06, 0.0319376, 0.865077, 1.29274, 1.03595, 0.698078, 1.65465, 1.24154, 1.23425, 1.20098, 1.26782, 0.966282, 1.20432, 1.31851, 1.15816, 1.60114, 1.65639, 1.20816, 1.28875, 1.11466, 1.36511, 1.45782, 1.36914, 1.50636, 1.3691, 1.52192, 1.7874, 1.53713, 1.32117, 1.29537, 1.37086, 1.62524
1.08, 0.0319375, 0.667585, 1.03376, 0.444379, 0.941284, 1.16162, 0.918642, 0.846193, 1.55223, 1.2008, 1.43089, 1.31787, 0.90201, 1.49356, 1.48038, 1.08568, 1.44829, 1.32348, 1.09897, 1.24861, 1.20584, 1.11801, 1.12262, 1.47383, 1.30181, 1.55813, 1.30239, 1.24874, 1.33025, 1.39053, 1.45116
1.1, 0.0319375, 0.81445, 1.30042, 1.8433, 1.49621, 1.69716, 1.80659, 0.818377, 1.14666, 1.05342, 1.48203, 1.38505, 1.39029, 1.46037, 1.3601, 1.2474, 1.31581, 1.55142, 2.08145, 2.00554, 1.43018, 1.61192, 1.70983, 1.97313, 1.79309, 1.85898, 1.76369, 2.13667, 2.10837, 2.28081, 2.58023
1.12, 0.0319375, 0.701595, 1.21289, 0.351619, 1.34011, 1.14836, 0.974644, 0.803378, 1.09756, 2.14776, 1.3745, 1.54503, 1.62818, 1.12461, 1.4282, 1.70407, 1.23524, 1.26265, 1.74271, 1.46307, 1.50202, 1.45216, 1.66873, 1.53881, 1.79801, 1.56842, 1.49883, 1.48254, 1.96787, 1.68678, 1.81767
1.14, 0.0319375, 0.566671, 1.18058, 1.44511, 1.69718, 2.13393, 1.13309, 1.57342, 1.76722, 2.04266, 1.34558, 1.29198, 1.62997, 1.85195, 1.59032, 1.46523, 1.36704, 1.45528, 1.20633, 1.49165, 1.5961, 1.25329, 1.49252, 1.26955, 0.699678, 1.13632, 1.55776, 1.52287, 1.55592, 1.59917, 1.78338
1.16, 0.0319375, 0.175412, 1.41065, 1.40079, 1.54019, 1.05217, 1.654, 1.06742, 1.06959, 1.45283, 1.04085, 1.44342, 1.94733, 1.71915, 1.85252, 1.92919, 1.70577, 1.58786, 1.89926, 1.71962, 1.62239, 1.81304, 1.57674, 1.58817, 1.42876, 1.59669, 1.38319, 1.46661, 1.62314, 1.41228, 1.63734
1.18, 0.0319376, 1.62209, 2.06859, 1.31372, 0.639182, 2.02182, 1.666, 0.647107, 1.50231, 2.12278, 1.4107, 1.67706, 1.83903, 1.89988, 1.8003, 1.41347, 1.3414, 1.24806, 1.61515, 1.85908, 1.92039, 1.77338, 1.54496, 1.49402, 1.19247, 1.61527, 1.44504, 1.29668, 1.32328, 1.5928, 1.42953
1.2, 0.0319375, 1.79274, 1.85619, 1.40438, 1.24248, 1.39105, 1.76756, 1.15329, 1.91647, 1.55534, 1.17531, 1.09924, 0.784888, 1.41789, 1.29828, 1.40399, 0.990758, 1.54841, 0.858986, 0.721909, 1.18556, 1.63147, 1.34902, 1.33805, 1.55646, 1.1481, 1.43548, 1.72273, 1.38446, 1.59317, 1.47436
1.22, 0.0319375, 1.47081, 1.88675, 1.0393, 1.15351, 1.56288, 2.23949, 1.7474, 1.24037, 2.00651, 1.4433, 1.53927, 1.35418, 1.12255, 1.43582, 1.81214, 1.47037, 1.00393, 0.932989, 1.55528, 1.4967, 1.87092, 1.46897, 1.56145, 1.7848, 1.40439, 0.759493, 1.28936, 1.29248, 1.07795, 1.20695
1.24, 0.0319375, 1.58695, 1.59874, 1.7251, 1.05074, 0.684712, 1.51461, 1.87658, 1.88291, 1.46836, 1.41025, 1.27433, 2.01036, 1.68963, 2.1365, 1.76684, 1.68815, 1.11332, 1.5254, 1.74314, 1.77368, 1.52915, 1.53802, 1.3563, 1.685, 1.29723, 1.41239, 1.47426, 1.49228, 1.60312, 1.85285
1.26, 0.0319375, 1.76133, 1.71414, 0.987153, 1.44225, 2.08909, 1.45095, 1.64924, 2.34386, 2.22487, 1.85692, 2.1043, 2.37132, 2.29817, 1.56364, 1.87169, 2.13209, 2.04614, 1.55064, 1.69135, 1.53168, 1.87933, 1.57246, 1.76981, 1.82163, 1.34766, 1.33739, 1.42961, 1.39305, 1.48779, 1.81174
1.28, 0.0319375, 1.10511, 1.80402, 1.16771, 0.540956, 1.94158, 1.80383, 1.82696, 1.55484, 1.78989, 1.81786, 1.55805, 1.75653, 1.42654, 1.3611, 1.53705, 1.74746, 1.40527, 1.44497, 1.42037, 1.66259, 1.90037, 1.51487, 1.60725, 1.43572, 1.25523, 1.74518, 1.16084, 1.09133, 1.18913, 1.89703
1.3, 0.0319376, 1.61804, 1.8042, 1.36534, 0.85756, 1.27443, 1.22531, 1.48275, 1.49631, 1.1522, 1.12494, 1.0396, 1.47635, 1.79811, 1.65018, 1.37747, 1.47204, 1.4616, 1.63478, 1.31438, 1.81334, 1.94891, 1.67683, 1.21723, 1.64379, 1.58631, 1.28842, 1.22103, 1.55719, 1.44702, 1.38597
1.32, 0.0319375, 1.59607, 1.05578, 1.73594, 1.3181, 1.59596, 1.13703, 0.986264, 1.71182, 1.43703, 1.4293, 1.20274, 1.05424, 1.26006, 1.00687, 1.67236, 1.32491, 1.2464, 1.59642, 1.72358, 1.52322, 1.55487, 1.78522, 1.30369, 1.45661, 1.6023, 1.6437, 1.60257, 1.99221, 1.94113, 1.84519
1.34, 0.0319375, 2.15538, 2.03194, 1.30141, 2.10956, 1.29148, 1.8268, 1.93914, 2.09637, 1.80214, 1.91368, 1.70876, 1.52518, 1.57914, 1.60501, 1.73455, 1.8791, 1.46971, 1.07949, 1.59197, 1.56397, 1.66285, 1.24236, 1.67771, 1.80161, 1.60782, 1.2276, 1.52014, 1.52094, 1.29821, 1.6643
1.36, 0.0319375, 1.49764, 1.10728, 1.04356, 0.590496, 1.37437, 1.63339, 1.60804, 1.51412, 1.49265, 1.68143, 1.72231, 1.75194, 1.68164, 1.81574, 1.72645, 1.61663, 1.73285, 1.41994, 1.74877, 1.9247, 1.83201, 1.28916, 1.84412, 1.43207, 1.71047, 1.75969, 1.94632, 1.75373, 1.72751, 1.44473
1.38, 0.0319375, 1.6269, 1.20933, 0.899567, 0.00817288, 0.554425, 0.782509, 1.31082, 1.15947, 1.58464, 1.15722, 1.12088, 1.37156, 1.45048, 1.26734, 1.22593, 1.58911, 1.63339, 1.5611, 1.78035, 1.66052, 1.54385, 1.2504, 1.39453, 1.25731, 1.20088, 1.50649, 1.42729, 1.66016, 1.56381, 1.66432
1.4, 0.0319375, 1.3486, 1.59389, 0.931702, 1.15682, 1.19789, 1.2602, 1.20867, 1.59332, 1.32663, 1.05011, 1.12269, 1.08994, 1.36869, 1.72293, 1.46241, 1.42059, 1.49316, 1.51736, 1.07093, 0.82576, 1.42966, 1.32705, 1.16164, 1.36709, 1.49142, 1.54513, 1.64969, 1.52979, 1.14844, 1.10931
1.42, 0.0319376, 1.71556, 1.59885, 1.1833, 1.02858, 1.70918, 1.42565, 1.31723, 1.3835, 1.26687, 1.60559, 2.04927, 1.97144, 1.68284, 2.03717, 1.64929, 1.27033, 1.59043, 1.18303, 1.63177, 1.49713, 1.01378, 1.17176, 1.29971, 1.12698, 1.44941, 1.46269, 1.52122, 1.27164, 1.47958, 1.70616
1.44, 0.0319375, 1.51242, 2.07635, 1.45286, 1.68712, 1.4213, 1.42284, 1.9825, 1.84497, 2.04285, 2.12685, 1.52214, 1.52911, 1.89504, 1.69786, 1.72859, 1.43849, 1.19915, 1.47572, 1.41305, 1.37973, 1.45776, 1.24251, 1.86923, 1.93152, 1.42457, 1.57979, 1.4349, 1.5231, 1.34004, 1.57847
1.46, 0.0319375, 1.27209, 1.67258, 1.75057, 0.935674, 1.42756, 1.80596, 1.90802, 2.21797, 2.09174, 1.85083, 1.58646, 1.82408, 1.7924, 1.17087, 1.73811, 1.66915, 1.40828, 1.48182, 1.66991, 1.41481, 1.16725, 1.48985, 1.40863, 1.22997, 1.68786, 1.40667, 1.50402, 1.37402, 1.50061, 1.47062
1.48, 0.0319375, 1.81287, 1.62713, 0.1903, 1.46566, 1.34903, 1.34473, 1.52288, 1.61649, 1.85559, 1.52385, 1.07664, 1.34343, 1.47809, 0.989191, 1.43492, 1.54518, 1.47481, 1.2065, 1.40624, 1.34687, 1.22823, 1.76701, 1.44689, 1.27864, 1.47856, 1.26025, 1.37003, 1.32034, 1.35379, 1.40908
1.5, 0.0319375, 1.12284, 1.41972, 0.790038, 0.987585, 0.709192, 0.725745, 1.28378, 1.83727, 1.16566, 1.24153, 1.19411, 1.22012, 0.871773, 1.50293, 1.49141, 1.36178, 1.80542, 2.05338, 1.62512, 1.58483, 1.34652, 1.72501, 2.39669, 1.81191, 1.75245, 1.60075, 1.74911, 1.84811, 1.57059, 2.07516
1.52, 0.0319375, 1.16093, 1.70823, 0.734185, 0.118257, 0.908673, 1.73265, 0.985692, 1.13722, 1.39837, 1.14266, 0.199532, 0.858624, 1.51698, 1.71022, 1.50937, 1.70272, 1.49983, 1.50909, 1.71441, 1.69349, 1.81197, 1.81887, 1.44589, 1.49811, 1.69341, 1.59121, 1.6685, 1.6263, 1.7313, 1.5819
1.54, 0.0319375, 1.0018, 1.91101, 1.71036, 0.475381, 0.502675, 1.23545, 1.21372, 1.29609, 1.76498, 1.04344, 1.55608, 1.23441, 1.5999, 1.74487, 1.58087, 1.31467, 1.91984, 1.6764, 1.23392, 1.44376, 1.36793, 1.07977, 1.32535, 1.44907, 1.80719, 1.58543, 1.59924, 1.41323, 1.50141, 1.52096
1.56, 0.0319376, 1.6657, 1.94203, 1.5641, 1.46109, 0.489629, 1.25749, 1.32327, 1.35219, 1.26936, 0.686202, 1.10676, 1.45008, 1.6976, 1.40202, 1.24204, 1.06831, 1.51403, 1.49378, 1.25016, 1.23459, 1.21397, 1.4583, 1.35647, 1.22122, 1.28503, 1.30824, 1.22554, 1.54075, 1.29953, 1.22845
1.58, 0.0319375, 0.888543, 2.12023, 1.56986, 1.06823, 1.46912, 1.12515, 1.82286, 2.02972, 1.9222, 1.51242, 0.834551, 1.83179, 1.89305, 1.51925, 2.21585, 1.53289, 1.52486, 1.38219, 1.5694, 1.79132, 1.52491, 1.29854, 1.13661, 1.18109, 1.2566, 1.31797, 1.23167, 1.3203, 1.41413, 1.44803
1.6, 0.0319375, 1.24548, 1.20974, 1.16429, 1.272, 1.35711, 1.03429, 1.34565, 1.54301, 1.75955, 1.35144, 1.41054, 1.21415, 1.00321, 1.30711, 1.38331, 1.08616, 1.53228, 1.34847, 0.804164, 1.09733, 1.14344, 1.04184, 1.32363, 1.26945, 1.56189, 1.37444, 1.07294, 1.01573, 1.35189, 1.20576
1.62, 0.0319375, 0.912805, 1.8245, 1.52337, 0.706719, 1.27208, 1.06554, 1.25096, 1.65875, 1.2786, 1.08161, 1.49093, 0.79974, 1.11502, 1.49327, 1.19683, 1.37058, 1.7815, 1.18949, 1.66973, 1.42472, 1.15425, 1.3648, 1.17424, 1.47934, 1.46064, 1.18144, 1.12596, 1.04773, 1.1229, 1.42556
1.64, 0.0319375, 0.697575, 1.30353, 0.93696, 0.958938, 1.29417, 0.635093, 0.196903, 1.06804, 1.58142, 0.959485, 0.781329, 0.825944, 1.39639, 0.878388, 1.03531, 0.914459, 1.15086, 1.05191, 1.31696, 1.50472, 1.30816, 1.22691, 1.23847, 1.2588, 1.57238, 1.52163, 1.50861, 1.31693, 1.79596, 1.60007
1.66, 0.0319375, 0.791541, 1.05456, 0.486326, 0.730661, 1.11045, 0.908485, 0.40117, 1.17658, 1.20678, 1.20933, 1.12407, 0.774626, 0.963924, 1.08212, 1.01379, 1.54386, 1.25489, 1.03403, 1.39282, 1.1506, 1.30408, 1.14242, 1.18213, 1.24315, 1.40525, 1.06135, 1.36844, 1.37007, 1.43196, 1.48089
1.68, 0.0319376, 0.96154, 1.5377, 1.52247, 1.4108, 1.03426, 0.911021, 1.07006, 1.02776, 1.67541, 1.63707, 1.23518, 1.65115, 1.49654, 1.59754, 1.52168, 1.71605, 1.66426, 1.58532, 1.39018, 0.864347, 1.15287, 1.13559, 1.46797, 1.38638, 1.184, 1.52819, 1.47753, 1.35848, 1.76022, 1.89675
1.7, 0.0319375, 0.96885, 1.37815, 1.1584, 1.18502, 0.82731, 1.19979, 1.57175, 1.33604, 1.98623, 1.354, 0.981698, 1.53934, 1.20567, 1.21177, 1.44052, 1.52426, 1.34021, 1.43808, 1.44071, 1.46929, 1.37124, 0.993138, 1.06586, 1.26175, 1.26065, 1.35753, 1.1261, 1.4168, 1.09281, 1.18819
1.72, 0.0319375, 1.78895, 1.26237, 0.851793, 1.22083, 0.974973, 1.82575, 2.03473, 1.76989, 1.88168, 2.0013, 1.48231, 1.78145, 1.91953, 1.55292, 1.40781, 1.69837, 1.791, 1.57066, 1.2395, 1.14545, 1.27756, 1.70312, 1.41355, 1.48262, 1.54783, 1.37864, 1.378, 1.5184, 1.58849, 1.54752
1.74, 0.0319375, 1.36506, 1.6066, 1.46404, 1.31954, 0.946429, 1.27141, 1.14186, 1.33203, 1.31067, 1.17049, 1.31672, 1.63282, 1.61247, 1.89798, 1.37869, 1.35939, 1.51292, 1.23174, 1.1039, 1.33992, 1.41077, 1.15713, 1.33413, 1.52079, 1.67817, 1.24947, 1.16456, 1.284, 1.24486, 1.23219
1.76, 0.0319375, 0.296366, 1.97705, 1.38275, 1.46579, 0.812455, 1.58313, 1.88204, 2.29194, 1.86673, 1.90185, 1.23949, 1.21711, 1.60992, 1.43424, 1.21584, 1.47614, 1.75252, 1.56498, 0.97309, 1.62358, 1.41819, 1.78544, 1.55623, 1.41215, 1.72266, 1.58634, 1.35978, 1.3571, 1.05169, 1.46746
1.78, 0.0319375, 1.05088, 1.92202, 1.74364, 1.40113, 1.88983, 1.99043, 1.76501, 1.53704, 1.3907, 1.67705, 1.28974, 1.10185, 1.34278, 1.31184, 1.4194, 1.3588, 1.27106, 1.14821, 1.29319, 1.18881, 1.39175, 1.13377, 1.55368, 1.21118, 1.07153, 1.42862, 1.42784, 1.48239, 1.68071, 1.54483
1.8, 0.0319376, 0.849471, 1.49858, 1.01725, 1.34139, 1.96761, 1.49515, 1.60179, 1.46212, 1.50552, 1.65381, 1.54924, 1.95196, 1.57056, 1.38365, 0.851499, 1.4836, 1.32385, 1.57512, 1.22921, 1.24282, 1.1269, 1.10477, 1.43658, 1.36336, 1.47727, 1.34441, 1.38409, 1.33236, 1.45354, 1.58519
1.82, 0.0319375, 1.26467, 1.77881, 0.809558, 0.900684, 1.43646, 1.03806, 1.17758, 1.81264, 1.70252, 1.49957, 1.72235, 1.92814, 2.1386, 1.91181, 1.80883, 1.39503, 1.28661, 1.64134, 1.49973, 1.81416, 1.2375, 1.55348, 1.6944, 1.48546, 1.64424, 1.72129, 1.61992, 1.53189, 1.27429, 1.6581
1.84, 0.0319375, 1.73569, 1.26606, 0.736261, 0.883739, 1.74172, 1.42965, 1.09944, 1.30104, 1.06914, 1.33184, 1.65141, 1.28302, 1.57788, 1.1085, 1.2347, 1.40009, 1.06073, 1.26562, 1.41354, 0.963274, 1.10894, 1.30704, 1.0862, 1.48366, 1.62008, 1.39403, 1.05989, 1.23028, 1.47146, 1.58479
1.86, 0.0319375, -0.0390086, 1.61641, 0.844777, 0.780166, 1.87518, 1.07491, 1.83048, 1.91109, 1.65973, 1.48001, 1.15129, 1.31385, 1.31323, 1.60131, 1.76864, 1.74807, 2.00245, 1.4467, 1.7948, 1.54096, 1.82897, 1.75799, 1.84393, 1.72507, 1.73439, 1.74119, 1.80998, 1.62191, 1.63083, 1.82161
1.88, 0.0319375, 0.237901, 0.857881, 1.37789, 1.68775, 1.34531, 1.67951, 1.55789, 1.53119, 1.80671, 1.14668, 0.951932, 1.29934, 1.56304, 1.53348, 1.57257, 1.34998, 1.29307, 1.56847, 1.71929, 1.6696, 1.84509, 1.67856, 1.55565, 1.52507, 1.38622, 1.58912, 1.42014, 1.65408, 1.70007, 1.64792
1.9, 0.0319375, 1.36724, 1.83746, 0.818116, 1.29104, 1.55692, 0.884584, 1.27701, 0.974643, 1.78638, 1.43753, 1.24482, 1.56664, 1.45565, 1.26291, 1.27138, 1.68134, 1.76756, 1.36123, 1.18157, 1.30449, 1.23489, 1.58269, 1.69461, 1.58161, 1.88625, 1.60209, 1.97988, 2.30986, 1.69455, 2.26249
1.92, 0.0319376, 1.18934, 1.58716, 0.604139, 0.58293, 1.01057, 1.21886, 1.37332, 1.32686, 1.57096, 1.38351, 1.72216, 1.66459, 1.91843, 1.19062, 1.24353, 1.58107, 1.91822, 1.60547, 1.47978, 1.3444, 1.50853, 1.39152, 1.75135, 1.49983, 1.62707, 1.54581, 1.77087, 1.91136, 1.81122, 2.18866
1.94, 0.0319375, 1.20026, 1.41906, 0.967523, 1.01797, 1.34984, 1.92883, 1.66839, 1.59126, 1.44854, 1.2428, 1.31089, 1.37341, 1.12176, 1.0426, 1.37784, 1.60733, 1.71792, 1.42689, 1.20464, 1.35322, 1.02479, 1.3415, 1.41137, 1.50547, 1.49946, 1.31966, 1.3038, 1.71439, 1.98186, 1.55302
1.96, 0.0319375, 0.618864, 1.5962, 1.24757, 0.876958, 1.72781, 1.53783, 0.95866, 1.60456, 2.07667, 2.14891, 1.33141, 0.840227, 1.74233, 1.51812, 0.765992, 1.07619, 1.29463, 1.24671, 1.52376, 1.273, 1.46806, 1.5837, 1.54454, 1.55678, 1.45837, 1.03463, 1.54011, 1.63159, 1.35221, 1.31034
1.98, 0.0319376, 1.43316, 1.38579, 1.16855, 1.39578, 1.64068, 1.27099, 1.41249, 1.64402, 1.45864, 1.66449, 1.45765, 1.38973, 1.09186, 1.34442, 1.60439, 1.14186, 1.33947, 1.17102, 1.37039, 1.50545, 1.42742, 1.22372, 1.25427, 1.62689, 1.4774, 1.3956, 1.32183, 1.2319, 1.432, 1.34782
2, 0.0319376, 0.0681959, 0.880615, 1.29154, 1.38519, 1.1459, 0.797742, 1.08427, 1.13379, 1.50256, 1.38345, 1.0662, 1.27355, 1.13157, 1.2981, 1.42202, 1.12319, 1.24861, 1.38783, 0.921205, 0.871146, 1.22334, 0.866317, 1.27239, 1.54232, 1.5824, 1.56987, 1.45364, 1.61823, 1.36257, 1.506
2.02, 0.0319376, 0.944446, 1.42565, 0.292598, 0.238903, 1.45482, 1.58187, 0.796651, 1.53146, 1.55038, 1.35508, 1.33503, 1.05976, 1.36162, 1.51753, 1.43236, 1.63852, 1.46677, 0.975933, 1.37263, 1.58773, 1.16791, 1.20278, 1.03987, 1.43276, 1.5146, 1.27217, 1.55964, 1.53531, 1.32523, 1.47625
2.04, 0.0319376, 0.420681, 0.414282, 0.488914, 0.815116, 0.545185, 0.915477, 1.78207, 1.77513, 0.891331, 0.528828, 0.901389, 1.4115, 1.37542, 1.67854, 1.01764, 1.37882, 1.24982, 1.16027, 1.29984, 1.32139, 1.38197, 1.37966, 1.34346, 1.46026, 1.2912, 1.50705, 1.4146, 1.15063, 1.37995, 1.23162
2.06, 0.0319376, 0.977712, 1.72572, 1.07961, 0.923499, 1.10857, 0.982893, 1.09816, 1.7504, 2.04279, 1.40294, 0.563607, 1.14837, 0.960233, 1.13998, 0.928286, 1.12389, 0.844533, 1.29866, 1.35653, 1.26144, 1.50782, 1.30565, 1.39733, 1.29392, 1.47145, 0.938559, 1.05875, 1.08217, 1.03407, 1.25304
2.08, 0.0319376, 0.859436, 1.51794, 1.59948, 1.29001, 1.11025, 1.46932, 1.14348, 0.882472, 1.02936, 1.27408, 1.44211, 0.860454, 0.962789, 1.30108, 0.921988, 1.11078, 1.25222, 1.35454, 0.979852, 1.33666, 1.07779, 1.12483, 0.916348, 1.48332, 1.25332, 1.19965, 1.18487, 1.13584, 1.20845, 1.27812
2.1, 0.0319376, 1.17848, 1.78059, 1.17368, 1.0592, 1.19087, 1.26706, 0.889669, 1.31507, 0.950119, 0.746889, 1.1492, 1.20538, 1.16297, 1.3201, 1.53037, 1.38014, 1.00017, 1.30009, 1.21371, 1.44907, 0.883439, 1.02935, 1.2618, 1.32528, 1.23566, 1.3932, 1.60536, 1.71118, 1.24389, 1.49871
2.12, 0.0319376, 1.14535, 1.46679, 1.34827, 1.86856, 1.85949, 1.28767, 1.22656, 0.954324, 0.999019, 1.05449, 0.764858, 1.53982, 1.60268, 1.18909, 1.32575, 1.46539, 1.42442, 1.50942, 1.29931, 1.63045, 2.14967, 2.22841, 2.25963, 1.69724, 1.53723, 1.39499, 1.79411, 1.7246, 1.861, 2.12788
2.14, 0.0319374, 1.23787, 1.47389, 0.52214, 0.658524, 1.12869, 1.51998, 0.717808, 1.50512, 1.7138, 1.35367, 1.10334, 1.05506, 1.05536, 1.54759, 1.44221, 1.31787, 1.64745, 1.55896, 1.43564, 1.48963, 1.6636, 1.71928, 1.86118, 1.62607, 1.52806, 1.76951, 1.77799, 1.84528, 1.99171, 2.06892
2.16, 0.0319374, 0.881695, 0.316425, 0.8277, 0.483909, 1.38859, 1.6215, 1.67201, 1.92338, 2.01205, 1.58815, 1.84586, 1.54119, 1.65024, 1.60213, 1.72636, 1.69862, 1.46254, 1.59883, 1.49955, 1.70802, 1.73594, 1.34841, 1.60279, 1.49665, 1.59267, 1.34156, 1.60721, 1.53042, 1.66246, 1.72033
2.18, 0.0319374, 1.17848, 1.45005, 1.31946, 1.06938, 2.04869, 1.54676, 1.48235, 1.39123, 1.32839, 1.72635, 1.77029, 1.63417, 1.82524, 1.52459, 1.50929, 1.87993, 1.6232, 1.23687, 1.10456, 1.52418, 1.86158, 2.00752, 1.54399, 1.66803, 1.34919, 1.53915, 1.27772, 1.23068, 1.42511, 1.59772
2.2, 0.0319374, 1.01853, 1.34128, 1.4189, 1.16204, 1.36821, 1.5846, 1.26625, 0.878527, 1.28961, 1.52588, 1.09219, 0.906409, 1.40909, 2.00767, 1.20519, 1.16885, 1.19886, 1.33089, 1.57443, 1.40243, 1.06899, 1.42707, 1.68274, 1.36116, 1.24479, 1.2583, 1.69271, 1.64339, 1.54585, 1.53629
2.22, 0.0319374, 1.17423, 1.34018, 0.881146, 1.13293, 1.31066, 0.578407, 0.682102, 1.12347, 1.19455, 1.51238, 1.18435, 1.30677, 1.4536, 1.39026, 1.15617, 0.715392, 1.23899, 0.86254, 1.20334, 1.37478, 1.60387, 1.40758, 1.39646, 1.48338, 1.24927, 1.01886, 1.13061, 1.51302, 1.1565, 1.66164
2.24, 0.0319376, 1.28117, 1.22389, 1.11806, 1.14432, 1.35125, 0.855578, 1.56947, 2.23404, 1.48665, 1.59952, 1.41841, 1.67658, 1.54512, 1.22278, 1.10323, 1.44054, 1.46206, 1.39106, 1.34672, 1.50793, 1.3165, 1.40973, 1.35518, 1.60392, 1.41075, 1.13192, 1.51151, 1.43394, 1.90317, 1.60256
2.26, 0.0319376, 0.536585, 0.638186, 1.30718, 1.11575, 1.36385, 1.0472, 0.832485, 0.768728, 1.18109, 0.817161, 1.59476, 1.49417, 1.11736, 1.16977, 0.93696, 1.03978, 0.932632, 1.10105, 1.57519, 1.34829, 1.27201, 1.11852, 1.77282, 1.40078, 1.28964, 1.15984, 1.46163, 1.36491, 1.49069, 1.55525
2.28, 0.0319376, 0.64996, 1.42002, 1.16975, 0.739088, 1.43294, 1.47727, 1.90744, 1.69734, 1.19477, 1.89146, 1.58141, 1.77041, 1.51915, 1.32704, 1.31936, 1.46295, 1.046, 1.70579, 1.51563, 1.61008, 1.51951, 1.23262, 1.11056, 1.15387, 1.60045, 1.65965, 1.52288, 1.47537, 1.33577, 1.57033
2.3, 0.0319376, 1.83959, 1.91148, 1.05442, 1.20222, 1.28459, 0.314106, 1.46356, 1.58969, 1.29886, 1.44166, 1.6786, 1.20872, 1.58971, 1.60518, 1.33531, 1.44697, 1.62041, 1.51092, 1.17719, 1.22946, 1.21741, 1.22392, 1.61423, 1.15927, 1.33864, 1.33614, 1.00804, 1.36924, 1.51875, 1.49533
2.32, 0.0319376, 1.15263, 1.79796, 1.39791, 1.71838, 2.15469, 1.41313, 1.50448, 1.76736, 1.95467, 1.01502, 0.902406, 1.12503, 1.54952, 0.814435, 1.02953, 1.2524, 1.35995, 1.19792, 1.11994, 1.45217, 1.83029, 1.65663, 1.51565, 1.7347, 1.48732, 1.28734, 1.25334, 1.71281, 1.89879, 1.46936
2.34, 0.0319376, 0.363198, 1.2986, 1.67099, 1.65761, 2.01839, 2.09425, 1.52408, 1.53511, 1.75556, 1.55233, 1.86626, 1.54916, 1.66037, 1.83927, 1.35596, 1.20193, 1.05388, 1.70885, 1.74362, 1.53027, 1.65786, 1.33364, 1.52209, 1.62477, 1.6236, 1.54763, 1.58133, 1.35789, 1.24917, 1.42491
2.36, 0.0319376, 1.59885, 2.03625, 1.26408, 1.46051, 1.53587, 1.63245, 1.59954, 2.01108, 1.71008, 1.58165, 1.60783, 1.72009, 1.18391, 1.60945, 1.56753, 1.41881, 1.31513, 1.22123, 1.46031, 1.35664, 1.39084, 1.19146, 1.60746, 1.66661, 1.50955, 1.33497, 1.09075, 1.0633, 1.40783, 1.20737
2.38, 0.0319374, 0.490614, 0.398181, 1.15754, 0.886787, 1.24145, 1.66059, 1.14571, 0.977555, 1.39172, 1.60651, 1.63605, 1.89598, 1.96831, 1.60414, 1.4015, 1.52771, 1.81603, 1.63673, 1.89944, 1.71834, 1.42349, 1.84546, 1.6147, 1.38215, 1.38355, 1.58687, 1.63437, 1.72619, 1.81915, 2.01056
2.4, 0.0319374, 1.4284, 1.30899, 1.16175, 0.722416, 1.4305, 1.93679, 1.94819, 1.73712, 1.61584, 1.44701, 1.1771, 1.52355, 1.36072, 1.51245, 1.71389, 1.58617, 1.30929, 1.53494, 1.59932, 1.60811, 1.59376, 1.32322, 1.60934, 1.65876, 1.78578, 1.45818, 1.51186, 1.6454, 1.52206, 1.67016
2.42, 0.0319374, 0.994075, 1.83612, 1.62352, 1.34856, 0.729325, 1.8566, 1.67472, 1.57961, 1.89288, 1.85521, 1.62285, 1.6537, 0.958331, 1.26707, 1.25925, 1.5741, 1.81266, 1.78785, 1.52122, 1.64145, 1.64809, 1.36169, 1.5925, 1.47909, 1.61587, 1.64936, 1.0701, 1.31003, 0.971684, 1.03911
2.44, 0.0319374, 1.24691, 2.32179, 1.84843, 1.21513, 1.75312, 1.14555, 1.35077, 2.36127, 2.23941, 1.73985, 0.970547, 1.12173, 1.71992, 1.41208, 1.75354, 1.461, 1.34133, 1.54059, 1.71512, 1.66622, 1.40636, 1.80134, 1.34427, 1.64589, 1.56576, 1.25177, 1.34767, 1.66535, 1.23856, 1.13416
2.46, 0.0319374, 1.84724, 1.62675, 1.58209, 0.923064, 1.69725, 1.51265, 1.3734, 1.48186, 1.35862, 1.08321, 1.35529, 1.52086, 1.64064, 1.76872, 1.30422, 1.34369, 1.66461, 1.52252, 1.39868, 1.02722, 1.20404, 1.19108, 1.26218, 1.36303, 1.30417, 1.16076, 1.37459, 1.30067, 1.41574, 1.49826
2.48, 0.0319376, 1.10115, 0.888095, 1.07831, 1.63744, 1.6447, 1.91315, 1.67947, 2.15703, 1.68913, 1.55677, 0.928544, 1.61385, 1.59635, 1.41649, 1.46541, 1.72222, 1.37524, 1.26952, 1.33869, 1.2841, 1.73069, 1.50217, 1.42861, 1.08966, 1.51272, 1.30605, 1.24923, 1.40358, 1.58262, 1.54893
2.5, 0.0319376, 1.38048, 1.04489, 0.705895, 1.40787, 1.70537, 1.57307, 1.42765, 1.29798, 1.54653, 1.37541, 1.33018, 1.12911, 1.76305, 1.57217, 0.473536, 1.21665, 1.18175, 1.10953, 1.46353, 1.10465, 1.52893, 1.60233, 1.68213, 1.39549, 1.43272, 1.09539, 1.23431, 1.29021, 1.33196, 1.41997
2.52, 0.0319376, 0.515168, 1.36552, 1.28336, 1.02772, 0.643916, 1.09821, 1.43957, 1.45671, 1.43977, 1.28722, 1.47007, 1.74088, 1.60566, 1.32203, 1.5798, 1.36419, 1.33202, 1.58364, 1.52534, 1.15215, 1.258, 0.872766, 1.3437, 1.36767, 1.41566, 1.29171, 1.40935, 1.32208, 1.38868, 1.4169
2.54, 0.0319376, 1.32971, 0.972091, 1.40359, 1.16337, 1.39815, 1.50058, 1.41216, 1.406, 1.2643, 0.802215, 1.09914, 1.09423, 1.20043, 1.00974, 1.2747, 1.04533, 1.35259, 1.4231, 1.3175, 1.55091, 1.4982, 1.47866, 1.70182, 1.32177, 1.44616, 1.62674, 1.85172, 1.9223, 1.87279, 1.80156
2.56, 0.0319376, 0.974473, 0.583562, 1.42685, 0.750705, 0.806517, 0.785227, 0.511979, 0.738546, 1.26331, 1.32833, 1.41778, 1.10219, 1.31068, 1.45152, 1.53581, 1.25807, 1.67418, 1.44139, 1.4419, 1.44567, 1.45765, 1.45723, 1.62803, 1.45736, 1.32545, 1.35663, 1.58124, 1.45557, 1.52447, 1.32255
2.58, 0.0319376, 1.28644, 1.80721, 1.35994, 0.9417, 1.40517, 1.32541, 1.25941, 1.40152, 1.22867, 1.34811, 1.45175, 1.07074, 1.47796, 1.0995, 1.34666, 1.04158, 1.29483, 1.09438, 1.51139, 1.402, 1.36921, 1.45586, 1.82229, 1.74366, 1.18196, 1.21574, 1.42322, 1.52964, 1.42836, 1.57622
2.6, 0.0319376, 1.49792, 2.03202, 1.63777, 1.37062, 1.63175, 1.53004, 1.12095, 1.35688, 1.44009, 1.96288, 1.84902, 1.69575, 2.10345, 1.6079, 1.46136, 1.67891, 1.65878, 1.77401, 1.37309, 1.42733, 1.29656, 1.12131, 1.41695, 1.38134, 1.55022, 1.48275, 1.36825, 1.57115, 1.46259, 1.41997
2.62, 0.0319376, 1.61193, 1.48157, 1.24488, 1.04407, 1.3735, 1.32427, 0.850545, 1.02941, 1.66685, 1.31678, 1.42808, 1.9041, 1.42482, 1.78098, 1.55874, 1.52977, 1.49837, 1.12061, 1.21155, 1.27296, 1.19321, 1.388, 1.39757, 1.34191, 1.27351, 1.40098, 1.13673, 1.22207, 1.22902, 1.33971
2.64, 0.0319374, 0.435684, 1.14736, 1.57629, 0.636579, 1.74952, 0.946432, 1.73216, 2.12127, 1.94242, 1.80332, 1.5479, 1.99383, 1.24992, 1.24152, 1.37886, 1.38146, 1.6158, 1.3136, 1.09503, 1.29815, 0.949372, 1.22389, 1.46433, 1.5546, 1.46336, 1.46029, 1.15802, 1.41384, 1.35385, 1.3884
2.66, 0.0319374, 1.4096, 1.42803, 1.36118, 1.49439, 1.37052, 1.25212, 1.39761, 1.62493, 1.2382, 1.12475, 1.13469, 1.33112, 1.62297, 1.19658, 1.36658, 1.76503, 1.66368, 2.17933, 1.63854, 1.61414, 1.23178, 1.2996, 1.73339, 1.42724, 1.60017, 1.54825, 1.88011, 1.80158, 1.29114, 1.44172
2.68, 0.0319374, 0.00724439, 1.83461, 1.51556, 1.0615, 1.89493, 2.0057, 0.962428, 1.89558, 1.66108, 1.74851, 2.12747, 1.4449, 1.58125, 1.71448, 1.57833, 1.46572, 1.4285, 1.57233, 1.47727, 1.60082, 1.89946, 2.08011, 2.18362, 1.89393, 1.82, 1.96693, 1.65652, 1.2874, 1.36723, 1.6724
2.7, 0.0319374, 1.56998, 1.4646, 0.936489, 1.62618, 1.47347, 1.18933, 1.05295, 1.83844, 1.04484, 0.960074, 1.08445, 1.40278, 1.35618, 1.8655, 1.44409, 1.18695, 1.41132, 1.31663, 1.71593, 0.792144, 1.21513, 1.81653, 1.48096, 1.49914, 1.42164, 1.34184, 1.4362, 1.2422, 1.35817, 1.44314
2.72, 0.0319374, 0.689868, 1.07226, 1.07116, 1.55512, 1.37755, 1.39867, 1.12171, 0.991909, 1.46544, 1.47057, 1.4811, 1.62113, 1.4712, 1.30071, 1.59538, 1.37659, 1.13574, 1.40541, 1.34977, 1.36124, 1.56052, 1.52557, 1.59108, 1.35383, 1.37348, 1.26615, 1.356, 1.53561, 1.65171, 1.30424
2.74, 0.0319376, 1.20674, 1.18965, 1.15308, 1.09815, 1.9873, 1.12915, 1.80149, 1.27297, 1.0844, 1.44413, 1.59854, 1.50878, 1.30021, 1.57256, 1.35745, 1.05843, 1.33222, 1.16267, 1.68261, 1.61401, 1.70813, 1.3155, 1.42212, 1.72987, 1.78614, 1.47194, 1.6362, 1.4824, 1.38955, 1.53737
2.76, 0.0319376, 1.29881, 1.28797, 1.60558, 1.7391, 2.01489, 1.80307, 1.75891, 0.912602, 1.02855, 1.13313, 0.517921, 1.45065, 1.34666, 1.82653, 1.61888, 1.3331, 1.53047, 1.897, 1.53758, 1.12171, 1.3644, 1.32514, 1.12203, 1.64366, 1.56861, 1.48943, 1.57874, 1.2866, 1.67783, 1.54151
2.78, 0.0319376, 1.41458, 0.982372, 1.25053, 1.29379, 1.97516, 1.50835, 2.17779, 1.88706, 1.77956, 1.29546, 1.77306, 1.82958, 1.5628, 1.66467, 1.66596, 1.74415, 1.1545, 1.5003, 1.78792, 1.41314, 1.5397, 1.76003, 1.54074, 1.55215, 1.64579, 1.54423, 1.57776, 1.50313, 1.7484, 1.65762
2.8, 0.0319376, 0.0188798, 1.37395, 0.962426, 1.85377, 1.99079, 1.09408, 1.24902, 1.38473, 1.8943, 1.88339, 1.6028, 1.47912, 1.22821, 1.41814, 1.39425, 1.44482, 1.90443, 1.93404, 1.44121, 1.73503, 1.78902, 1.41785, 1.41351, 1.3573, 1.31745, 1.39935, 1.3128, 1.31406, 1.54983, 1.34593
2.82, 0.0319376, 1.67611, 1.63286, 1.37014, 1.82417, 1.71607, 1.26404, 0.199853, 1.31798, 1.63306, 1.37882, 1.65985, 1.32689, 1.87984, 1.939, 1.47529, 1.39789, 1.65713, 1.16495, 1.56775, 1.5415, 1.56443, 1.315, 1.18329, 1.30499, 1.63962, 1.16947, 1.28505, 1.77768, 1.52061, 1.40136
2.84, 0.0319376, 1.10944, 1.16665, 0.984859, 1.54571, 1.35895, 1.3826, 1.3774, 1.86662, 1.62903, 0.831255, 1.19302, 0.922626, 1.08427, 1.39445, 0.67208, 1.4866, 1.66833, 1.39556, 1.28794, 1.08073, 1.21463, 1.32364, 1.66325, 1.73345, 1.37353, 1.47148, 1.53178, 1.00737, 1.35078, 1.45444
2.86, 0.0319376, 0.706029, 1.35019, 1.40727, 1.55328, 1.55525, 1.22669, 1.56006, 1.88276, 1.46298, 1.44783, 1.27982, 0.98123, 1.1041, 1.26405, 1.44502, 1.28516, 1.24643, 1.27629, 1.55277, 1.52544, 1.25417, 1.19545, 1.29051, 1.31886, 1.45062, 1.20892, 1.37063, 1.30453, 1.1341, 0.964713
2.88, 0.0319374, 1.5539, 1.97382, 1.30949, 1.78032, 1.70013, 1.71581, 1.26531, 1.22202, 0.95456, 1.29997, 1.25718, 1.47727, 1.28312, 1.32823, 1.75531, 1.52079, 1.43288, 1.65887, 1.40539, 1.78158, 1.66796, 1.54428, 1.32664, 1.14055, 1.25055, 1.53284, 1.34721, 1.36787, 1.22987, 1.34344
2.9, 0.0319374, -0.0550337, 1.18158, 1.27496, 1.4986, 1.24032, 0.952363, 1.0985, 1.27741, 2.18749, 1.01421, 1.20934, 1.51283, 1.18312, 1.44428, 1.98734, 1.3237, 1.84314, 1.37498, 1.20937, 1.69423, 1.35631, 1.45743, 1.34536, 1.21701, 1.37052, 1.63993, 1.59962, 1.27843, 1.10398, 1.47307
2.92, 0.0319374, 1.80323, 1.85471, 1.33244, 1.62046, 1.95193, 1.91397, 1.46746, 1.69109, 1.83276, 1.9244, 1.56093, 1.79362, 1.6777, 0.913976, 1.37417, 1.51189, 1.58283, 1.39853, 1.44133, 1.43124, 1.00707, 1.57414, 1.28252, 1.10952, 1.4722, 1.31998, 1.29274, 1.0707, 1.4009, 1.25187
2.94, 0.0319374, 1.55699, 1.44849, 1.3487, 1.08407, 1.62, 1.50312, 0.859001, 1.75914, 1.63673, 0.888022, 0.0583599, 1.25349, 1.46504, 1.53855, 1.75953, 1.30401, 1.45548, 1.51424, 1.34395, 1.56244, 1.39941, 1.34225, 1.30339, 1.53148, 1.24119, 1.13438, 1.19316, 1.15943, 1.12192, 1.14015
2.96, 0.0319374, 1.26766, 1.66127, 1.51048, 0.814405, 1.23601, 1.14833, 0.632141, 1.5023, 1.33269, 1.33932, 1.52451, 1.73554, 1.52992, 1.4371, 1.23302, 0.67734, 0.857098, 1.47613, 0.92513, 1.2793, 1.33366, 1.57194, 1.26251, 1.22248, 1.63542, 1.53904, 1.65378, 1.84418, 1.39132, 1.43581
2.98, 0.0319376, 1.81892, 1.59013, 0.640635, 1.25807, 1.50126, 1.60166, 0.513068, 1.09809, 1.79201, 1.43437, 1.41871, 1.23283, 1.41335, 1.43235, 1.36868, 1.521, 1.49663, 0.964988, 1.17572, 1.23259, 1.25531, 1.35399, 1.55661, 1.1447, 1.31755, 1.30626, 1.63776, 1.6038, 1.46896, 1.43585
3, 0.0319376, 1.20925, 1.74511, 1.62889, 0.925982, 1.40451, 1.10334, 0.736454, 1.55437, 1.40443, 1.11453, 1.42654, 1.11632, 1.09186, 1.06843, 1.38243, 1.50363, 1.63231, 0.987363, 1.18495, 1.28814, 1.55344, 1.36921, 1.42155, 1.41073, 1.76604, 1.6602, 1.47399, 1.32136, 1.36909, 1.81727
3.02, 0.0319376, 1.30727, 0.897287, 1.27599, 1.48088, 1.76517, 1.29383, 1.3628, 1.97898, 1.93897, 1.5681, 1.33544, 1.25315, 1.5685, 1.21681, 1.5824, 1.41329, 1.71765, 1.39251, 1.2708, 1.32108, 1.18796, 1.19957, 1.59077, 1.65556, 1.51885, 1.24949, 1.31804, 1.417, 1.30484, 1.65371
3.04, 0.0319376, 1.27511, 1.14886, 0.780179, 0.800777, 1.65102, 1.18507, 1.35862, 2.06287, 1.50832, 1.88599, 1.27712, 1.58705, 1.30403, 1.78065, 1.20287, 1.28526, 1.43073, 1.34695, 1.21384, 1.55579, 1.4158, 1.22693, 1.49337, 1.71535, 1.54581, 1.43651, 1.38398, 1.32992, 1.72879, 1.34469
3.06, 0.0319376, 1.13429, 1.33, 1.64151, 1.34096, 0.692974, 1.04228, 1.86143, 1.81571, 1.86727, 1.38685, 1.585, 1.79383, 1.40125, 1.69401, 1.69841, 1.23513, 1.36892, 1.15264, 1.85118, 1.30098, 1.49085, 1.56041, 1.32849, 1.31765, 1.49625, 1.2258, 1.18298, 1.46162, 1.30431, 0.952017
3.08, 0.0319376, 1.15001, 1.53616, 0.729594, 0.244725, 1.2762, 1.59899, 1.06373, 1.76956, 2.16854, 1.43224, 1.20488, 1.38554, 1.22645, 0.870492, 0.83254, 0.849108, 0.725048, 1.28229, 1.15674, 1.22568, 1.25376, 1.30501, 1.22472, 1.28781, 1.3651, 1.29411, 1.46323, 1.2686, 1.5243, 1.53023
3.1, 0.0319376, 0.203936, 0.747498, 0.180873, 0.145416, 1.28883, 1.13434, 0.796188, 0.7172, 0.751016, 0.9198, 1.38352, 1.17023, 1.17663, 1.44868, 1.45893, 1.30243, 1.26353, 1.15979, 1.01973, 1.14262, 1.07716, 1.05184, 1.20404, 1.6133, 1.56806, 1.19967, 1.03258, 1.03796, 1.30186, 1.29838
3.12, 0.0319376, 0.145363, 1.17075, 0.224036, 0.687316, 0.908435, 1.36445, 1.35897, 1.46058, 1.59351, 1.27274, 1.26559, 1.25401, 1.09055, 1.65006, 1.44079, 1.17789, 0.816237, 1.52797, 1.54841, 1.23585, 1.30657, 1.12743, 1.43104, 1.48347, 1.36015, 1.34653, 1.67842, 1.56491, 1.22217, 1.58397
3.14, 0.0319374, 0.797903, 1.41206, 1.12857, 0.810713, 1.03086, 1.01363, 1.23118, 1.40181, 1.7124, 1.56559, 1.6904, 1.31683, 1.30691, 1.38092, 1.47022, 1.23777, 1.14784, 1.42935, 1.21652, 1.48695, 1.78662, 1.79352, 1.8377, 1.55475, 1.627, 1.37824, 1.52253, 1.72534, 1.60946, 1.7169
3.16, 0.0319374, -0.0210612, 1.14138, 1.05077, 2.03589, 2.57661, 2.15988, 2.07262, 1.56711, 1.21969, 1.65617, 1.96444, 2.27441, 1.34375, 1.5646, 1.01148, 1.24299, 1.82114, 1.77283, 1.4033, 1.37751, 1.36774, 1.57498, 1.72712, 1.92398, 1.80855, 1.54304, 1.3693, 1.54396, 1.34428, 1.67795
3.18, 0.0319374, 1.84452, 1.81027, 0.649669, 0.717233, 1.84176, 2.07501, 1.83493, 1.60545, 1.05977, 1.49035, 1.26967, 1.46718, 1.07827, 1.15989, 1.09362, 1.28189, 1.40271, 1.35117, 1.63243, 1.44139, 1.12569, 1.20157, 1.3042, 0.91113, 1.35081, 1.59992, 1.63489, 1.20966, 1.68922, 1.83654
3.2, 0.0319374, 1.69472, 1.82821, 1.26282, 0.898067, 1.74377, 1.84506, 1.73596, 1.87646, 1.99869, 2.20943, 2.10062, 1.64224, 1.32694, 1.25318, 1.13354, 1.24954, 1.45064, 1.1469, 1.76877, 1.29734, 1.50967, 1.73356, 1.50864, 1.47656, 1.51987, 1.37569, 1.44716, 1.4283, 1.35319, 1.54561
3.22, 0.0319374, 1.74195, 1.86888, 1.4596, 0.681537, 1.31802, 1.09111, 1.12503, 1.69882, 1.23641, 1.5022, 1.08048, 1.65635, 1.47682, 1.329, 1.26809, 1.42495, 1.24385, 1.44137, 1.5836, 1.45075, 1.60266, 1.62226, 1.61049, 1.70664, 1.67255, 1.48177, 1.57873, 1.28035, 1.40333, 1.47525
3.24, 0.0319376, 1.17944, 1.26522, 1.50976, 1.31795, 1.45322, 1.01111, 1.27167, 1.11715, 1.3322, 1.14521, 1.05355, 1.32543, 1.5426, 1.53743, 1.42951, 1.28694, 1.02904, 1.39345, 1.37251, 1.35005, 1.57545, 1.57561, 1.45613, 1.91385, 2.07194, 1.64595, 1.26757, 1.41657, 1.55026, 1.68004
3.26, 0.0319376, 1.00554, 0.900712, 1.20592, 1.82935, 1.60397, 1.54454, 1.31784, 1.10041, 1.35504, 1.47016, 1.6434, 1.66153, 1.39765, 1.34184, 1.17453, 1.48519, 1.18439, 1.19361, 1.15417, 1.77922, 1.45809, 1.37371, 1.41288, 1.82444, 1.93565, 1.49278, 1.19288, 1.41862, 1.32663, 1.43495
3.28, 0.0319376, 0.751062, 0.726015, 0.505744, 1.00382, 1.14017, 1.27215, 1.84095, 1.43658, 1.52809, 1.33638, 0.890127, 1.45683, 1.20471, 1.91746, 1.47692, 1.67149, 1.60466, 1.68873, 1.7499, 1.64962, 1.61268, 1.45228, 1.13373, 1.48175, 1.69719, 1.41861, 1.2461, 1.66516, 1.57426, 1.55901
3.3, 0.0319376, 1.11709, 1.2434, 1.04011, 0.980249, 1.44926, 1.62195, 0.940349, 1.54349, 1.4458, 1.32962, 1.1907, 1.21728, 1.42163, 1.38713, 1.53114, 1.32235, 1.13179, 0.644701, 0.712246, 1.26054, 1.33371, 0.942506, 1.09972, 1.46766, 1.6513, 1.47536, 1.58954, 1.61363, 1.30176, 1.35914
3.32, 0.0319376, 1.01087, 1.53108, 1.22157, 1.5294, 1.08453, 1.13929, 1.20992, 0.910559, 1.39106, 1.52441, 1.14194, 2.09376, 1.51362, 1.0148, 1.01998, 1.00238, 1.32505, 1.62669, 1.97879, 1.91069, 1.2936, 1.65119, 1.47391, 1.51498, 1.47651, 1.36831, 1.49457, 1.02164, 1.37487, 1.46776
3.34, 0.0319376, 0.636416, 1.26079, 1.62502, 1.23416, 1.26136, 1.54805, 1.76501, 1.57689, 1.50554, 1.49062, 1.35189, 1.57782, 1.30513, 1.31877, 1.0992, 1.3257, 1.26724, 1.54181, 1.26366, 1.05726, 1.48703, 1.45064, 1.32887, 1.40203, 1.50736, 1.45979, 1.41472, 1.15362, 1.48091, 1.23122
3.36, 0.0319376, 1.56018, 1.16207, 0.79932, 0.842987, 1.37499, 0.92076, 0.694432, 1.18774, 1.57585, 1.67072, 1.0129, 1.0217, 1.28274, 1.57225, 1.20561, 1.09596, 1.05334, 1.21573, 1.30608, 1.45791, 1.48157, 1.5343, 1.54136, 1.3983, 1.07373, 1.19329, 1.3068, 1.15125, 1.67435, 1.38627
3.38, 0.0319374, 0.834924, 0.65586, 1.51862, 1.53526, 1.68023, 1.18534, 0.918779, 1.68981, 1.65009, 1.562, 0.904448, 1.16985, 1.24677, 1.4393, 1.01309, 1.35186, 1.28766, 1.18955, 1.1626, 1.30918, 1.47664, 1.52559, 1.45774, 1.07051, 1.21469, 1.2029, 1.67176, 2.12266, 1.32463, 2.02289
3.4, 0.0319374, 1.59649, 1.8427, 0.593818, 0.846176, 1.90033, 1.38207, 1.78544, 2.04703, 1.61153, 1.92929, 1.85784, 1.63625, 1.90682, 1.65211, 1.25943, 1.03245, 0.679335, 1.6705, 1.1722, 1.41538, 1.55122, 1.19467, 1.28025, 1.03787, 1.19882, 1.33042, 1.86946, 1.65946, 1.53105, 1.83364
3.42, 0.0319374, 0.850853, 1.63261, 2.12037, 1.66886, 1.96671, 1.56126, 1.22712, 1.38259, 1.66845, 1.52032, 1.36043, 2.15283, 1.75294, 1.74903, 1.36393, 1.36747, 1.75207, 1.43008, 1.65554, 1.65751, 1.19848, 1.38495, 1.02384, 0.803388, 1.5227, 1.81964, 1.53043, 1.47562, 1.33514, 1.60623
3.44, 0.0319374, 0.615367, 1.28418, 0.403177, 0.433412, 1.18728, 1.55946, 1.41225, 1.5598, 1.16297, 1.37758, 1.65637, 1.75132, 1.24609, 1.78341, 1.36773, 1.46528, 1.72277, 1.53806, 1.20344, 1.37579, 1.56359, 1.74808, 1.60621, 1.49592, 1.54678, 1.34808, 1.49387, 1.68497, 1.66193, 1.47173
3.46, 0.0319374, 1.38876, 1.62816, 1.61098, 1.08038, 2.19898, 1.53361, 0.911695, 1.78095, 2.1081, 2.02285, 1.64697, 1.32331, 1.7618, 1.34027, 1.24296, 1.69677, 1.49297, 1.85547, 1.50234, 1.30956, 1.43367, 1.71731, 1.65451, 1.47804, 1.6686, 1.44672, 1.49825, 1.63237, 1.47154, 1.6986
3.48, 0.0319376, 0.677586, 0.830695, 1.61158, 1.76378, 1.69478, 1.59849, 2.53377, 2.12476, 2.00533, 1.67825, 1.96414, 1.71024, 0.829289, 1.48248, 1.75255, 1.18374, 1.4387, 1.40812, 1.36199, 1.68188, 1.38739, 1.02159, 1.7372, 1.53136, 1.6798, 1.49153, 1.72653, 1.75428, 1.65728, 1.70533
3.5, 0.0319376, 1.19618, 1.21891, 1.79602, 1.46452, 1.34812, 1.78478, 2.33768, 2.80794, 2.27489, 1.97612, 1.52125, 1.43322, 1.73956, 1.92691, 1.23614, 1.372, 1.54243, 1.4174, 0.82599, 1.36046, 1.51681, 1.42525, 1.58049, 1.61763, 1.67756, 1.71386, 1.53113, 1.52535, 1.55988, 1.86375
3.52, 0.0319376, 1.0029, 1.59125, 2.01638, 1.51279, 0.899479, 1.22958, 1.31875, 2.00553, 1.86821, 2.20536, 1.63663, 1.28332, 1.35062, 1.42145, 1.16149, 0.79572, 1.02733, 1.09281, 1.54277, 1.45067, 1.63833, 0.892007, 1.27098, 1.47992, 1.66579, 1.71551, 1.32864, 1.44813, 1.30753, 1.41376
3.54, 0.0319376, 1.31663, 1.82079, 1.45959, 1.88429, 1.02948, 1.24049, 1.30814, 1.40117, 1.69664, 1.77626, 1.21383, 1.63132, 1.47816, 1.47101, 1.52968, 1.75726, 1.27253, 1.43882, 1.07518, 1.55183, 1.41312, 1.6306, 1.7116, 1.55007, 1.67478, 1.32655, 1.16647, 1.09912, 1.11591, 1.13522
3.56, 0.0319376, 1.92177, 2.39884, 1.8509, 1.13274, 1.49126, 1.99428, 1.59587, 2.17174, 2.27956, 2.15111, 1.49249, 1.73873, 1.42799, 1.98288, 1.76733, 1.99307, 1.55601, 1.70454, 1.71103, 1.75572, 1.30365, 1.08587, 1.34583, 1.27651, 1.33771, 1.14616, 1.43035, 1.07544, 1.17615, 1.21145
3.58, 0.0319376, 0.884013, 2.08259, 1.27563, 1.50783, 2.3622, 2.0216, 1.9357, 2.0877, 1.14835, 1.75719, 1.90751, 1.50712, 1.52276, 1.8051, 1.69696, 1.51414, 1.83328, 1.62985, 1.55402, 1.69636, 1.66964, 1.64594, 1.12022, 1.5543, 1.78996, 1.66901, 1.35981, 1.44863, 1.32013, 1.25234
3.6, 0.0319376, 1.53684, 2.01768, 1.05918, 1.4198, 1.39173, 1.09664, 1.30278, 1.88441, 2.15613, 1.59483, 1.79566, 1.23949, 1.69261, 1.55565, 0.967249, 1.57536, 1.55076, 1.59869, 1.68396, 1.47101, 1.44464, 1.23575, 1.24029, 0.938308, 1.19226, 1.40407, 1.12751, 1.01412, 1.02798, 1.14024
3.62, 0.0319376, 1.28424, 1.49315, 0.533499, 1.67148, 1.74546, 1.97975, 1.441, 1.75932, 1.05904, 1.41471, 0.823308, 1.09168, 1.72675, 1.34682, 1.04585, 1.72472, 1.88955, 1.6657, 1.34316, 1.52723, 1.85012, 2.03203, 1.79313, 1.77723, 1.49425, 1.4405, 1.14636, 1.28193, 1.4527, 1.4298
3.64, 0.0319374, 1.19887, 2.0368, 1.44642, 1.56685, 1.48174, 1.54191, 1.41772, 1.84873, 1.18125, 0.945633, 1.45141, 1.8199, 1.4544, 1.44934, 1.32655, 0.787684, 1.07352, 1.58534, 1.2179, 1.20912, 1.45322, 1.33874, 1.43201, 1.13239, 1.39452, 1.37669, 1.35952, 1.34908, 1.38723, 1.61832
3.66, 0.0319374, 1.0823, 1.87945, 1.07476, 1.39464, 1.04538, 0.965957, 1.21016, 1.81373, 1.63865, 0.983851, 1.37451, 1.12664, 1.6144, 1.88491, 1.28759, 1.23131, 1.4985, 1.58348, 1.42866, 1.43222, 1.04552, 1.39745, 1.27313, 1.33244, 1.31262, 1.5409, 1.54188, 1.49499, 1.17339, 1.34782
3.68, 0.0319374, 0.351816, 1.62108, 1.93986, 1.74168, 1.33359, 1.68079, 1.81472, 2.09431, 1.90331, 1.57552, 1.17201, 1.199, 1.89516, 1.44136, 1.82051, 1.38238, 1.26535, 1.61419, 1.28277, 1.39209, 1.28296, 1.73543, 1.69155, 1.02382, 1.07082, 1.1108, 1.09843, 1.31522, 1.42428, 1.47714
3.7, 0.0319374, 1.49926, 1.18563, 1.14514, 0.953285, 1.95766, 1.76505, 1.17792, 1.79477, 1.53149, 1.11997, 1.36866, 1.50403, 1.91405, 1.99569, 1.79556, 1.59712, 1.5892, 1.23669, 1.56016, 1.6141, 1.3755, 1.11983, 1.74341, 1.76098, 1.75972, 1.99325, 1.95061, 1.98207, 1.79859, 1.75127
3.72, 0.0319374, 1.20357, 1.19457, 1.41315, 0.619421, 1.76955, 1.69894, 1.40575, 1.6497, 1.03739, 1.644, 1.11615, 1.45542, 1.5543, 1.77742, 1.65688, 1.21899, 1.39751, 1.27706, 1.31054, 1.50451, 1.56175, 1.53242, 1.94917, 1.60405, 1.61852, 1.60821, 1.68354, 1.89584, 1.92162, 2.01799
3.74, 0.0319376, 1.3193, 1.55065, 1.24139, 0.890429, 1.59647, 0.398697, 0.743756, 1.65215, 1.6737, 1.41179, 1.39297, 1.86966, 1.84935, 1.87637, 1.1862, 1.49481, 1.20294, 1.46703, 1.55176, 1.53307, 1.38898, 1.3069, 1.37689, 1.83514, 1.61445, 1.66838, 1.53715, 1.50836, 1.71653, 1.77932
3.76, 0.0319376, 1.41383, 2.018, 1.90022, 1.40024, 1.46554, 1.871, 2.0001, 2.32187, 2.19597, 2.18981, 1.93942, 2.07066, 2.01237, 1.91291, 1.75924, 1.63344, 1.45256, 1.7038, 1.91656, 1.84666, 1.597, 1.98588, 2.14728, 1.65807, 1.72334, 1.66556, 1.65131, 1.70977, 1.78224, 1.587
3.78, 0.0319376, 0.816376, 1.66062, 1.36046, 1.48081, 1.42511, 1.36124, 1.76697, 1.73226, 1.48441, 1.17216, 1.4262, 1.87333, 1.85427, 1.60348, 1.78969, 1.71816, 1.69212, 1.08165, 1.40349, 1.39534, 1.55721, 1.47617, 1.62915, 1.39928, 1.75473, 1.54731, 1.52756, 1.31319, 1.38358, 1.57914
3.8, 0.0319376, 1.13685, 1.18115, 1.26373, 1.60424, 2.17367, 1.49233, 0.856092, 1.93625, 1.9571, 1.93017, 1.55611, 1.66007, 1.67389, 1.71192, 1.68175, 1.56162, 1.66336, 1.62371, 1.41309, 1.32238, 1.18499, 1.58315, 1.67719, 1.5414, 1.33628, 1.53263, 1.70286, 1.44995, 1.38895, 1.55869
3.82, 0.0319376, 0.525382, 1.40274, 1.07854, 0.91868, 1.06096, 0.20528, 1.00026, 1.28362, 1.26542, 1.23288, 1.28852, 1.72638, 1.66474, 1.51839, 1.35266, 1.38953, 1.38424, 1.62332, 1.5877, 1.11188, 1.61318, 1.65352, 1.50415, 0.846423, 1.08266, 1.23282, 1.28179, 1.41572, 1.18846, 1.56652
3.84, 0.0319376, 0.450772, 0.547274, 1.33869, 0.428167, 1.67243, 1.75273, 0.942894, 1.02229, 1.79798, 1.05924, 0.900094, 1.15694, 1.26646, 1.6674, 1.42485, 1.18969, 1.05259, 1.08582, 1.64082, 1.64961, 1.46757, 1.20996, 1.14341, 1.55641, 1.77486, 1.55958, 1.19578, 1.47856, 1.39194, 1.6989
3.86, 0.0319376, 2.10298, 2.1321, 1.94116, 1.71999, 2.12479, 1.83097, 1.79432, 2.12249, 2.06683, 1.64091, 1.23986, 1.39258, 0.965283, 1.53599, 1.7947, 1.77269, 1.59015, 1.83611, 1.38701, 1.71141, 1.59315, 1.54794, 1.51578, 1.47173, 1.63137, 1.51404, 1.0919, 1.1595, 1.31287, 1.6332
3.88, 0.0319374, 0.812, -0.364406, 0.493981, 1.08475, 1.71438, 1.55465, 0.90785, 1.55083, 1.33332, 1.32312, 0.592721, 1.04052, 1.184, 0.899346, 1.15799, 1.33187, 1.4725, 1.42062, 1.37057, 1.46256, 1.57392, 1.49131, 1.27365, 0.875402, 1.57885, 1.63121, 1.66978, 1.83975, 1.89678, 1.99174
3.9, 0.0319374, 0.582816, 1.14944, 1.78597, 1.16637, 2.02043, 1.78465, 2.11252, 1.37171, 1.63611, 1.73952, 1.24134, 1.23484, 1.91347, 1.83771, 1.39799, 1.50618, 1.48931, 1.53567, 1.89553, 1.74335, 1.81382, 1.90988, 1.7819, 1.79671, 2.1254, 1.93313, 2.12586, 2.19461, 2.30403, 2.44899
3.92, 0.0319374, 1.13929, 1.93185, 1.19562, 1.22805, 1.24525, 0.808621, 0.854511, 1.41101, 2.11391, 1.82761, 1.12538, 1.62942, 1.70052, 1.92727, 2.05919, 1.79178, 1.21593, 1.47699, 1.6418, 1.76937, 1.80243, 1.97137, 2.35231, 1.81763, 1.90714, 1.72865, 2.23153, 2.28348, 2.15601, 2.14135
3.94, 0.0319374, 1.87031, 1.59291, 1.61032, 1.45128, 1.64879, 1.31354, 1.48598, 1.69301, 1.34999, 1.02898, 1.96396, 1.96274, 1.60288, 1.23399, 1.63245, 1.45804, 1.11695, 1.93317, 2.0385, 1.95164, 1.60675, 1.85425, 1.60562, 1.6062, 1.45971, 1.49836, 1.91409, 1.70204, 1.78936, 1.74229
3.96, 0.0319374, 0.546294, 1.75413, 1.6114, 1.24324, 1.51632, 1.57729, 1.54247, 1.23462, 1.29899, 1.58194, 2.09852, 1.50938, 1.39064, 1.43757, 1.69884, 1.55471, 1.48434, 1.47916, 2.18493, 1.54748, 2.21566, 2.17524, 1.96075, 1.36372, 1.48693, 1.82822, 1.6943, 1.6224, 1.96224, 1.93863
3.98, 0.0319376, 1.50897, 1.23372, 1.30929, 0.812411, 1.61208, 1.75455, 1.54105, 1.32145, 1.27102, 1.10143, 1.20205, 1.63593, 1.43985, 1.52969, 1.63749, 1.2215, 1.6818, 1.53209, 1.62061, 1.70909, 1.60705, 1.2148, 1.67496, 1.75647, 1.41536, 1.22098, 1.56782, 1.7463, 1.49443, 1.38057
4, 0.0319376, 1.81392, 1.98497, 1.16021, 1.02972, 1.87786, 1.68686, 1.30843, 1.12625, 1.66176, 1.752, 1.33208, 1.52193, 1.43302, 1.94239, 1.86973, 2.00038, 1.89267, 1.89958, 1.78372, 2.30069, 1.93002, 1.4179, 1.90048, 1.8353, 1.72205, 1.49258, 1.66508, 1.78174, 1.87793, 1.76953
4.02, 0.0319376, 1.60555, 1.3737, 1.51589, 1.96039, 2.02025, 2.41665, 1.66573, 1.75292, 1.1951, 1.34947, 0.978603, 1.27993, 1.66366, 1.33858, 0.821666, 1.33603, 1.44342, 1.02945, 1.44862, 1.51591, 1.55288, 1.50824, 1.73223, 1.68968, 1.79484, 1.40032, 1.31908, 1.50542, 1.57265, 1.75293
4.04, 0.0319376, 0.497914, 1.02795, 1.47119, 1.09699, 0.697719, 1.15866, 1.10605, 0.342006, 1.36814, 1.58089, 1.38861, 1.1653, 1.5391, 1.46681, 1.2613, 1.21036, 1.18422, 1.58514, 1.44277, 1.49433, 1.73566, 1.64109, 1.44067, 1.57604, 1.74076, 1.38223, 1.46594, 1.46803, 1.76369, 1.46733
4.06, 0.0319376, 1.44751, 1.62771, 1.66485, 1.3439, 1.18777, 1.60577, 1.50201, 1.64928, 1.79501, 2.2264, 1.56576, 1.75742, 1.55267, 1.70365, 1.73035, 1.39177, 1.51616, 1.23837, 1.23558, 1.32311, 1.38455, 1.27507, 1.29001, 1.50323, 1.5636, 1.38855, 1.52738, 1.31964, 1.04868, 1.19671
4.08, 0.0319376, 0.854125, 1.39249, 1.62029, 0.961397, 1.50525, 1.43164, 1.96716, 2.08352, 1.83044, 1.8433, 1.21663, 1.30755, 1.9337, 1.47518, 1.06954, 2.04117, 2.07812, 1.60099, 1.28897, 1.75875, 1.99026, 1.34451, 1.29516, 1.2473, 1.34184, 1.06641, 1.32373, 1.39742, 1.13667, 1.21132
4.1, 0.0319376, 1.35373, 1.07377, 1.02596, 1.4396, 1.15617, 1.14048, 1.42813, 1.07104, 1.67416, 1.78517, 1.28221, 1.059, 1.40328, 1.60801, 1.47437, 1.44136, 0.907189, 0.868037, 1.32211, 1.111, 1.12934, 1.24166, 1.17715, 1.25737, 1.19034, 1.4714, 1.5013, 1.383, 1.21849, 1.43517
4.12, 0.0319376, 1.1306, 1.36136, 1.1659, 1.69171, 1.64033, 0.258731, 0.271668, 1.34658, 1.87188, 1.37525, 1.40044, 1.70232, 1.69362, 1.54594, 1.05431, 0.910355, 1.45074, 1.40993, 1.35409, 1.5337, 1.2929, 1.44651, 1.81873, 1.74817, 1.54267, 1.58521, 1.16581, 1.24871, 1.49603, 1.69542
4.14, 0.0319376, 0.778536, 1.70096, 1.39613, 0.439317, 1.88055, 1.49562, 1.26782, 1.60104, 1.57115, 1.58216, 1.79724, 1.57077, 1.40403, 1.35253, 1.33426, 1.51874, 1.68713, 1.59126, 1.05171, 1.35681, 1.24992, 1.4785, 1.5599, 1.28398, 0.966685, 1.14729, 1.12801, 1.24433, 1.50894, 1.25119
4.16, 0.0319376, 1.65147, 1.44278, 1.107, 1.50513, 1.95871, 1.04848, 1.3239, 1.86231, 2.08338, 1.70409, 1.90849, 1.71133, 1.69716, 1.37265, 1.48158, 1.71109, 1.61978, 1.57591, 1.45332, 1.11293, 1.27998, 1.37476, 1.70512, 1.40535, 1.01372, 1.27163, 1.41491, 1.60442, 1.43442, 1.46963
4.18, 0.0319376, 0.721915, 1.49327, 1.84252, 0.998024, 2.07189, 1.97435, 1.48963, 1.6301, 1.46573, 1.14399, 0.93492, 1.5106, 1.44087, 1.38989, 0.902175, 1.43106, 1.40432, 1.65547, 1.3794, 0.811731, 1.49394, 1.25862, 1.42605, 1.37436, 1.51708, 1.54543, 1.25101, 1.34578, 1.25073, 1.55547
4.2, 0.0319376, 0.49435, 0.657698, 1.41725, 1.2277, 1.50355, 0.986148, 1.53477, 1.87923, 1.88642, 1.79946, 1.43884, 1.29513, 1.62227, 1.66833, 1.15172, 1.57021, 1.61048, 1.44988, 1.45486, 1.37912, 2.29886, 2.26712, 2.00133, 1.23583, 1.41018, 1.30235, 1.40921, 1.34846, 1.19352, 1.13185
4.22, 0.0319376, 0.629944, 1.18318, 1.78373, 1.25296, 1.25981, 1.65259, 0.963939, 1.30193, 1.4613, 1.08851, 1.76909, 1.57103, 1.65208, 1.86828, 1.41957, 1.55065, 1.48699, 1.70569, 1.31492, 1.036, 1.61374, 1.45283, 1.25683, 1.06466, 1.37435, 1.10252, 1.39412, 1.51614, 1.25109, 1.58405
4.24, 0.0319376, 2.03405, 2.03115, 1.44121, 1.06286, 1.52772, 1.67147, 1.84858, 1.47764, 1.67677, 1.54448, 1.22844, 1.39825, 1.35846, 1.65706, 1.89427, 1.86532, 1.80953, 1.41641, 1.56897, 1.23003, 1.45486, 1.80563, 1.64396, 1.56233, 1.71303, 1.56129, 1.70645, 1.54621, 1.46478, 1.91897
4.26, 0.0319371, 1.42625, 1.77335, 1.36663, 1.66458, 2.04711, 2.31194, 2.15379, 1.71745, 1.63098, 1.61261, 1.82532, 1.71309, 1.59943, 2.2704, 1.74049, 1.36413, 1.50101, 2.14731, 1.83471, 1.60518, 2.16332, 1.63907, 1.20184, 1.61832, 1.40194, 1.52584, 1.45348, 1.55314, 1.39814, 1.50552
4.28, 0.0319371, 1.02788, 1.39482, 1.51398, 1.24525, 1.13441, 1.22425, 1.32849, 1.46778, 1.59932, 1.92645, 1.83617, 1.59494, 1.22305, 1.97712, 1.67978, 1.6578, 1.60305, 1.03751, 1.47917, 1.32416, 1.58791, 1.5166, 1.57475, 0.977191, 1.41553, 1.21741, 1.1688, 1.30261, 1.08596, 1.49869
4.3, 0.0319371, 1.58219, 1.42591, 1.89152, 1.21133, 1.55047, 1.35156, 1.42438, 1.4828, 1.4644, 1.96991, 1.95422, 1.51313, 1.32123, 1.6318, 1.57444, 1.49392, 1.41051, 0.942154, 1.21165, 1.15447, 1.4654, 1.24712, 1.45882, 1.18394, 1.38541, 1.24205, 1.30023, 1.25857, 1.23618, 1.35814
4.32, 0.0319371, 1.07155, 1.65587, 1.57845, 1.52644, 1.08686, 1.7496, 1.86019, 1.45356, 1.48387, 1.70639, 1.1306, 1.26292, 1.71477, 1.00791, 1.11889, 1.07898, 1.12162, 1.19985, 1.34388, 1.54898, 1.33933, 1.10936, 1.00693, 1.11797, 1.33966, 1.269, 1.19336, 0.822372, 1.25537, 1.51905
4.34, 0.0319371, 0.301528, 0.90122, 0.925548, 0.949073, 1.15093, 1.62326, 0.834814, 1.56974, 1.57377, 1.10811, 0.689884, 1.21215, 1.76499, 1.65308, 1.31918, 1.28853, 1.56333, 1.29504, 1.60425, 1.21133, 1.34256, 1.14526, 1.47725, 1.32526, 1.50723, 1.45104, 1.41248, 1.24333, 1.44778, 1.42642
4.36, 0.0319376, 1.29165, 1.53145, 0.765005, 0.425719, 0.823791, 0.985524, 0.909231, 0.832171, 1.24575, 1.34433, 0.66669, 0.490175, 1.28139, 1.13209, 0.967049, 1.04365, 1.10006, 1.33423, 1.38117, 1.20444, 1.38913, 1.16432, 1.4723, 1.48071, 1.53987, 1.4859, 1.68641, 1.32841, 1.44602, 1.55986
4.38, 0.0319376, 1.21259, 1.44897, 0.969384, 0.599315, 1.67684, 1.65093, 1.53808, 1.14846, 1.56115, 1.46361, 1.62948, 1.36847, 1.55204, 1.54289, 1.5217, 1.50299, 1.82938, 1.57864, 1.6162, 1.44037, 1.19742, 1.54369, 1.49284, 1.68518, 1.5421, 1.72175, 1.56396, 1.46808, 1.45618, 1.47231
4.4, 0.0319376, 1.14633, 0.879844, 1.38237, 1.11732, 1.23324, 1.61543, 1.88159, 1.27016, 1.60442, 1.12728, 0.387877, 1.38368, 1.59774, 1.4572, 1.61171, 1.03898, 1.42717, 1.47748, 1.45236, 1.2387, 1.37123, 1.543, 1.76992, 1.46955, 1.75217, 1.511, 1.39079, 1.50771, 1.76286, 1.73634
4.42, 0.0319376, 0.628362, 0.772014, 1.39491, 1.13512, 1.0081, 1.26837, 1.11174, 1.47769, 1.94259, 2.10299, 2.0117, 1.83596, 1.85529, 1.60478, 1.63715, 1.67157, 1.33186, 1.81496, 1.55594, 1.706, 1.46231, 1.41474, 1.35552, 1.22283, 1.28887, 1.37084, 1.52188, 1.41005, 1.43943, 1.30608
4.44, 0.0319376, 0.928495, 0.516054, 1.01167, 1.42274, 1.72116, 0.876211, 1.3671, 1.49567, 1.70889, 1.86796, 1.57114, 1.55704, 1.33363, 1.51292, 0.722391, 1.58403, 1.48081, 1.64097, 1.66873, 1.63749, 1.55985, 1.30103, 1.53777, 1.67435, 1.39822, 1.52206, 1.48626, 2.04737, 2.08737, 2.17317
4.46, 0.0319376, 1.0139, 1.40932, 0.572434, 0.769236, 1.06993, 0.3357, 0.817277, 1.34002, 1.60257, 1.52787, 1.15745, 1.11147, 0.958478, 0.853492, 0.880834, 1.46358, 0.86998, 1.169, 1.00063, 1.50904, 1.85986, 1.33699, 1.4522, 1.55022, 1.52502, 1.47698, 1.51006, 1.54585, 1.69947, 1.7907
4.48, 0.0319376, 0.959351, 1.82993, 0.585704, 0.949925, 1.31431, 1.31231, 1.25161, 1.22934, 1.53539, 1.3524, 1.21761, 1.47881, 1.57655, 1.77033, 1.32756, 0.86573, 1.20888, 1.34561, 0.994898, 1.5319, 1.3051, 1.58439, 1.21823, 1.27321, 1.47399, 1.47922, 1.32821, 1.6162, 1.24493, 1.28261
4.5, 0.0319376, 1.16116, 1.5845, 1.30195, 1.30528, 1.40815, 1.42513, 1.16029, 0.690648, 1.55533, 1.36951, 1.15721, 1.32482, 1.45961, 1.53507, 1.07559, 0.973674, 1.572, 1.42152, 1.32303, 1.50349, 1.60595, 1.50488, 1.16816, 1.16544, 1.22071, 1.37574, 1.5462, 1.55089, 1.50228, 1.61419
4.52, 0.0319376, 0.398077, 1.13452, 0.900724, 0.509382, 0.60052, 0.350791, 0.790317, 1.32215, 0.962769, 1.53357, 1.35504, 0.956487, 1.28803, 1.64775, 1.46283, 1.27624, 1.24113, 1.15122, 1.19447, 1.46543, 1.34127, 1.17957, 1.47011, 1.27627, 1.39793, 1.33741, 1.4426, 1.26311, 1.38757, 1.4663
4.54, 0.0319376, 1.47416, 1.15842, 0.869142, 1.10697, 1.15299, 1.84761, 1.8777, 1.87987, 1.78939, 2.15708, 1.30581, 0.889724, 1.21107, 1.40402, 0.971984, 1.3527, 1.39492, 0.702583, 1.17899, 1.2321, 1.70189, 1.10757, 1.22281, 1.06494, 1.03899, 1.15285, 1.08698, 1.07659, 1.31416, 1.31058
4.56, 0.0319376, 1.33537, 0.926195, 0.750808, 1.22672, 0.984913, 1.18371, 1.00022, 1.799, 1.98844, 1.70069, 1.78325, 1.22915, 1.67537, 2.00571, 1.52863, 1.81947, 1.52109, 1.21209, 1.35055, 1.07533, 1.64064, 1.44932, 1.62854, 1.6141, 1.52805, 1.54089, 1.47596, 1.70152, 1.47113, 1.41927
4.58, 0.0319376, 1.48672, 1.31317, 1.681, 1.49682, 1.46702, 1.14921, 1.85309, 2.34631, 1.68518, 1.72661, 1.54203, 1.71288, 2.19064, 1.91075, 1.66206, 1.97438, 1.62326, 2.17552, 1.44034, 1.47581, 1.3256, 1.14888, 1.74797, 1.76815, 1.82983, 1.5852, 1.55333, 1.55226, 1.51945, 1.62057
4.6, 0.0319376, 1.53501, 1.63176, 1.31672, 1.55306, 1.75373, 0.856295, 1.61321, 1.70255, 2.02865, 1.93353, 1.49982, 1.44971, 0.834967, 1.39477, 1.7476, 1.19197, 1.6623, 1.45936, 1.28235, 1.15254, 1.41677, 0.943487, 1.41273, 1.48628, 1.30984, 1.20985, 1.16348, 1.4924, 1.33343, 1.25277
4.62, 0.0319376, 1.73973, 1.88875, 1.81697, 1.81813, 1.59589, 1.4477, 1.8278, 1.24711, 1.37485, 1.90218, 2.0693, 1.73752, 1.87203, 1.90116, 1.86345, 1.60997, 1.86173, 1.76309, 1.58417, 1.23739, 1.43772, 1.7193, 1.55638, 1.6523, 1.50621, 1.65101, 1.27085, 1.11629, 1.36251, 1.44971
4.64, 0.0319376, 1.03847, 1.69132, 2.19037, 1.05826, 0.64995, 1.17855, 1.39376, 1.78854, 2.13693, 1.587, 1.46631, 1.76398, 1.60995, 1.65595, 1.57374, 1.37859, 1.02749, 1.21779, 1.20929, 1.07396, 0.948483, 1.02077, 1.09935, 1.44243, 1.53188, 1.25294, 1.39025, 1.3505, 1.62453, 1.46888
4.66, 0.0319376, 1.98425, 1.79759, 1.19333, 1.31316, 1.81744, 1.66938, 1.16927, 1.01068, 1.0656, 1.52429, 1.267, 1.72901, 1.57758, 1.84225, 1.2636, 1.70645, 1.40312, 1.72812, 1.04783, 0.906486, 1.01367, 1.30493, 1.33121, 1.50875, 1.52529, 1.48036, 1.48007, 1.45782, 1.66945, 1.41835
4.68, 0.0319376, 1.00814, 1.26062, 1.23269, 1.81033, 1.66419, 1.14985, 1.3343, 1.72583, 1.82155, 1.47767, 1.26349, 1.56159, 0.958241, 0.949152, 0.703363, 1.44096, 1.40771, 1.10312, 1.33026, 1.14087, 1.13473, 1.19463, 1.18743, 1.46883, 1.23849, 0.960873, 0.872991, 1.15872, 1.39546, 1.54732
4.7, 0.0319376, 0.711482, 0.679829, 0.735641, 0.60627, 0.280734, 1.0698, 1.28256, 1.45731, 1.56837, 1.4796, 1.38289, 1.71659, 1.43288, 1.98183, 1.84637, 1.30942, 1.37401, 1.22079, 1.62276, 1.3499, 1.38452, 1.30481, 1.12999, 1.12564, 1.28155, 1.15816, 1.12455, 1.42968, 1.39232, 1.55735
4.72, 0.0319376, 1.86058, 1.83631, 1.56871, 1.7771, 1.77303, 1.85107, 1.56304, 1.37409, 2.04427, 1.44114, 1.41163, 1.62753, 1.70112, 1.82798, 1.34279, 1.33821, 1.41264, 1.36892, 1.51739, 1.72843, 1.65685, 1.30197, 1.1004, 1.23802, 1.04664, 1.41803, 1.21992, 1.54325, 1.4858, 1.57859
4.74, 0.0319376, 1.37996, 1.93552, 0.890676, 1.08853, 1.3459, 1.79971, 1.64013, 2.00366, 1.55022, 1.34569, 1.47724, 1.08512, 1.88481, 2.1405, 1.34396, 1.97221, 1.69908, 1.56151, 1.41632, 1.70972, 1.48721, 1.61156, 2.1364, 1.94308, 1.86111, 1.51914, 1.44094, 1.413, 1.34357, 1.307
4.76, 0.0319371, 1.22189, 1.20638, 1.18527, 0.537616, 1.26052, 1.35235, 1.16578, 1.38345, 0.843954, 0.50141, 0.783783, 0.894878, 1.07657, 1.19756, 0.866869, 1.04272, 0.926564, 1.30135, 1.30545, 0.966755, 1.47871, 1.57548, 1.44247, 1.11717, 1.31012, 1.13111, 0.810116, 0.81485, 1.04283, 1.56643
4.78, 0.0319371, 1.39267, 2.26588, 1.64621, 1.11326, 1.35071, 1.70372, 1.38157, 1.46374, 1.10644, 1.92412, 1.48949, 1.8366, 1.63468, 2.04393, 1.40783, 1.62304, 1.6241, 1.20314, 1.53645, 1.60478, 1.70018, 1.66331, 1.61804, 1.03178, 1.38365, 1.06987, 1.29572, 1.39302, 1.1887, 1.32948
4.8, 0.0319371, 1.21489, 1.32614, 1.36802, 1.72089, 1.4898, 1.78027, 1.73922, 1.6665, 1.35571, 1.37416, 0.944555, 1.76138, 1.67697, 1.60136, 1.49179, 1.7561, 1.41576, 1.8164, 1.41202, 1.19458, 1.22492, 1.30124, 1.41271, 1.29719, 1.23102, 1.13834, 1.29298, 1.3028, 1.52837, 1.49198
4.82, 0.0319371, 0.911188, 1.63819, 1.07814, 0.921678, 0.9651, 1.39586, 1.75316, 1.44511, 1.56345, 1.74486, 1.21295, 1.67752, 1.70282, 1.35916, 1.25046, 1.18968, 1.42924, 1.01067, 1.0995, 1.00944, 0.8761, 1.47166, 1.45819, 1.31024, 1.28056, 1.32516, 1.24515, 1.43922, 1.54409, 1.42756
4.84, 0.0319371, -0.0195748, 1.33054, 0.726111, 0.722359, 1.572, 1.32294, 0.395512, 0.969084, 1.06591, 0.887393, 1.37087, 1.6104, 0.977591, 1.17248, 1.10912, 1.46047, 1.66306, 1.19213, 1.25398, 1.20922, 1.29315, 1.34054, 1.31549, 1.33197, 1.42109, 1.52137, 1.67976, 1.46509, 1.34728, 1.20217
4.86, 0.0319376, 1.06798, 1.39817, 1.68747, 0.885403, 1.2301, 1.08418, 1.21578, 0.900233, 0.913915, 0.607046, 0.70247, 1.1662, 1.04204, 1.27618, 1.21959, 1.57419, 1.37502, 1.54379, 1.49704, 1.25066, 1.3762, 1.20156, 0.852244, 1.11896, 1.49983, 1.41322, 1.576, 1.79082, 1.29437, 1.33973
4.88, 0.0319376, 1.02056, 1.22628, 1.42575, 1.43837, 1.30171, 1.15178, 1.29526, 1.38829, 1.3676, 0.983501, 1.2556, 1.27367, 0.875838, 0.688461, 1.09329, 1.62543, 1.59083, 1.11887, 1.28227, 1.54302, 1.39193, 1.76144, 1.24987, 1.37438, 1.30398, 1.55542, 1.57101, 0.966061, 0.901491, 1.43248
4.9, 0.0319376, 0.91055, 1.87376, 1.54596, 1.46474, 1.59357, 1.49752, 1.28221, 1.81993, 1.69418, 0.914522, 1.0107, 1.63836, 1.70933, 1.32927, 1.42113, 1.38696, 1.46251, 1.09449, 1.34971, 1.59043, 1.58419, 1.51387, 1.62563, 1.32455, 1.15878, 1.2667, 1.44288, 1.47963, 1.17839, 1.21525
4.92, 0.0319376, 0.80078, 1.24286, 0.789117, 1.03759, 1.05259, 1.17801, 1.32879, 1.43485, 1.58114, 1.17328, 0.881776, 0.780733, 1.14147, 1.56668, 1.37117, 1.16378, 0.810733, 1.23998, 1.35233, 1.17295, 1.1281, 1.04258, 1.51339, 1.12261, 1.21643, 1.2252, 1.42956, 1.25505, 1.2226, 1.3791
4.94, 0.0319376, 1.49071, 1.231, 0.532924, 0.345711, 0.499502, 1.41111, 0.449772, 1.26226, 0.916678, 0.985006, 1.21262, 1.41198, 1.18338, 1.36807, 1.02624, 0.948443, 1.45519, 1.17665, 1.17256, 1.31478, 1.41478, 1.5045, 1.18894, 1.09411, 1.45372, 1.33341, 1.08778, 0.86135, 0.950927, 1.26769
4.96, 0.0319376, 0.566365, 0.595683, 1.51875, 1.37143, 1.26341, 0.73609, 1.41072, 1.44923, 2.42022, 1.52595, 1.13904, 1.3192, 1.67592, 1.14888, 1.51943, 1.21236, 1.25476, 1.31149, 1.05792, 1.08882, 1.32952, 1.31094, 1.16386, 0.857131, 1.18652, 1.39612, 1.08043, 1.24405, 1.15214, 1.07554
