# Time (seconds), Duration (seconds), f0, f1, f2, f3, f4, f5, f6, f7, f8, f9, f10, f11, f12, f13, f14, f15, f16, f17, f18, f19, f20, f21, f22, f23, f24, f25, f26, f27, f28, f29
0, 0.0319375, 1.47141, 1.5113, 1.27275, 1.81775, 1.83404, 2.03351, 1.97786, 2.10064, 1.658, 1.86028, 2.51306, 2.35252, 2.5019, 2.5243, 2.48346, 3.0681, 3.03625, 2.51112, 2.79301, 2.80734, 2.95797, 3.00134, 3.3899, 2.99944, 2.95674, 2.80198, 3.8192, 3.67998, 2.97055, 2.83419
0.02, 0.0319375, 1.42491, 0.95377, 1.42417, 1.12034, 1.48115, 1.89134, 2.06499, 2.56901, 2.36615, 3.17619, 2.32689, 2.35894, 2.43426, 2.76435, 2.61209, 2.80181, 2.97063, 2.73533, 2.97133, 2.85809, 2.77399, 2.94691, 3.06457, 3.20233, 2.81259, 2.4948, 2.48689, 2.91526, 2.74317, 2.82472
0.04, 0.0319375, 1.29745, 0.707836, 1.64309, 1.44296, 1.85548, 1.79326, 2.52507, 2.61879, 2.29909, 2.3352, 2.5932, 2.574, 2.34733, 2.76003, 2.60054, 2.89179, 2.90719, 3.15199, 2.73935, 2.70403, 2.59371, 3.07033, 3.02617, 2.80074, 3.00728, 2.58594, 2.68889, 3.01113, 2.82237, 2.83745
0.06, 0.0319375, 1.20514, 0.557653, 1.19465, 1.857, 2.13553, 2.67952, 2.44723, 2.37611, 2.15611, 2.54626, 2.45103, 2.20934, 2.67383, 3.25415, 2.89679, 2.59899, 3.01267, 2.70559, 2.39111, 3.13743, 2.98254, 3.09562, 2.96833, 2.57984, 3.05379, 2.67352, 2.82982, 2.7904, 2.506, 2.4976
0.08, 0.0319375, 1.72841, 1.74707, 1.51159, 1.16588, 1.83986, 2.47042, 2.0691, 1.8011, 2.3704, 2.64603, 2.56824, 2.62887, 2.19348, 2.45605, 2.74805, 2.71452, 2.51359, 2.88262, 2.70907, 2.77946, 2.65059, 2.64792, 2.67247, 2.88297, 2.81937, 2.40953, 2.83639, 2.99479, 2.71386, 2.43953
0.1, 0.0319375, 0.823755, 0.897585, 1.01827, 2.21356, 2.45638, 2.27977, 1.67332, 2.24948, 2.57235, 2.84199, 2.69399, 2.55057, 2.52689, 2.85507, 2.458, 2.4835, 2.85861, 3.03093, 2.79596, 2.67918, 2.8599, 2.94892, 2.96061, 2.99396, 3.09683, 2.88023, 2.96737, 2.88514, 2.74618, 2.74781
0.12, 0.0319375, 1.47854, 1.39165, 1.84379, 1.83662, 1.73744, 2.40057, 1.881, 1.73791, 1.89832, 2.36285, 2.37976, 2.34004, 2.13548, 2.44828, 2.09992, 2.23929, 2.41429, 2.71618, 2.76911, 2.57092, 2.76747, 3.00037, 3.10731, 2.63212, 2.70146, 2.67509, 2.79076, 2.74609, 2.65774, 2.86342
0.14, 0.0319375, 0.698657, 1.01518, 1.14885, 2.24526, 2.51952, 2.96157, 2.0751, 2.99284, 2.48931, 2.16121, 2.61175, 2.3812, 2.69283, 2.0732, 2.49489, 2.45289, 2.82058, 2.80112, 2.53057, 2.52823, 2.89688, 2.71739, 2.60485, 2.65873, 2.78271, 2.97694, 2.94052, 2.83457, 2.4532, 2.5366
0.16, 0.0319375, 0.152131, 1.02254, 1.46719, 2.09625, 2.1892, 1.71169, 1.95685, 2.05452, 2.14951, 1.82562, 2.43703, 2.55471, 2.53961, 2.42881, 2.99035, 3.00277, 2.42585, 2.45778, 2.31378, 2.83905, 2.74216, 2.57032, 2.74751, 2.63154, 2.73978, 2.92433, 2.52896, 2.71601, 2.76817, 2.73828
0.18, 0.0319375, 1.12308, 1.85807, 1.74358, 2.1121, 2.44224, 2.46203, 2.18929, 2.21731, 2.29514, 2.54293, 2.44168, 2.35903, 2.45676, 2.41691, 2.48293, 2.9405, 2.64387, 2.48611, 2.70418, 3.01182, 3.24998, 2.96517, 2.98358, 2.6295, 2.84578, 2.9035, 2.69962, 2.8666, 2.94888, 2.80105
0.2, 0.0319375, 1.29239, 1.6728, 1.73036, 1.84117, 2.04978, 1.81707, 2.01354, 1.80843, 2.55857, 2.28149, 2.58134, 2.42944, 2.5436, 2.22339, 2.11983, 2.49758, 2.74489, 2.64088, 2.79492, 2.73645, 2.86211, 2.75665, 2.50672, 2.91657, 2.72174, 2.96957, 2.83967, 2.98489, 2.66223, 2.60113
0.22, 0.0319375, 1.7032, 1.61443, 1.80456, 2.15708, 2.22445, 1.91588, 1.46347, 1.85076, 2.34234, 2.19219, 2.56645, 2.29693, 2.57716, 2.93284, 2.70595, 2.46228, 2.48553, 2.80722, 3.13193, 2.78412, 3.06378, 2.85908, 2.76332, 2.76937, 2.72761, 2.7255, 3.00281, 2.60758, 2.74177, 2.63412
0.24, 0.0319375, 0.504552, 1.10167, 0.800312, 1.29203, 1.57469, 1.29544, 1.86573, 1.85382, 2.47955, 2.59381, 2.6371, 2.60717, 2.61133, 2.15066, 2.22182, 2.11799, 2.52872, 2.94623, 2.59921, 2.73274, 2.23379, 2.60207, 2.89005, 2.64249, 2.46952, 2.71273, 2.68498, 2.33712, 2.41861, 2.88327
0.26, 0.0319375, 0.989248, 1.37045, 1.73538, 1.12623, 1.79384, 1.83714, 2.02715, 2.80252, 2.4875, 2.94241, 2.39046, 1.93942, 2.22723, 2.46907, 2.41423, 2.59985, 2.82638, 2.88608, 2.97934, 2.89347, 2.81719, 2.67161, 3.08389, 2.86373, 2.95316, 2.97276, 3.04052, 2.69088, 2.55492, 2.72933
0.28, 0.0319375, 0.0193849, 1.02648, 1.15466, 1.88989, 1.91806, 2.33021, 1.8121, 1.85004, 2.49286, 2.6861, 2.24198, 2.70702, 2.26207, 2.56188, 2.8881, 2.32149, 2.33495, 2.66734, 2.64494, 2.92933, 2.78986, 2.8404, 2.72234, 2.91783, 2.80452, 2.8507, 2.88037, 2.52757, 2.77973, 2.86245
0.3, 0.0319375, 1.64853, 1.40526, 0.289717, 1.45427, 1.86032, 1.89498, 1.89703, 2.29033, 1.9624, 1.42625, 1.87722, 2.24746, 2.34254, 2.43752, 2.43905, 2.86975, 2.4936, 2.77892, 3.11213, 3.07389, 3.00148, 2.92849, 3.01645, 3.20388, 2.90564, 2.88319, 2.7553, 2.72847, 2.77687, 2.87007
0.32, 0.0319375, 1.8805, 2.04162, 1.96573, 1.66446, 1.43404, 2.05493, 0.969042, 2.54071, 3.03128, 2.76479, 2.49986, 2.66347, 2.77197, 1.70584, 2.40943, 2.56533, 2.3535, 2.45447, 2.46861, 2.47064, 2.91562, 2.87332, 2.79691, 2.93256, 2.6928, 2.73152, 2.75783, 2.94114, 2.87025, 2.93263
0.34, 0.0319375, 1.66587, 1.80072, 1.66819, 2.08119, 2.28829, 2.2904, 1.92265, 2.23516, 2.3219, 2.05759, 2.12063, 2.69001, 2.84322, 2.49738, 2.62906, 2.8598, 3.16169, 2.79808, 2.19565, 2.83886, 2.85358, 2.99392, 3.08142, 2.62241, 2.46965, 2.75322, 2.53946, 2.56095, 2.79455, 2.59184
0.36, 0.0319375, 1.4161, 1.61091, 1.80226, 1.5369, 2.35863, 1.81977, 2.237, 2.24508, 2.6649, 2.61468, 2.04384, 2.35419, 2.43346, 2.73932, 2.8552, 2.71117, 2.56705, 2.79356, 2.92023, 2.94892, 3.13662, 3.05047, 2.89697, 2.93521, 2.73733, 2.75961, 2.94447, 2.76355, 2.7339, 2.82224
0.38, 0.0319375, 1.36894, 2.04219, 2.05729, 1.80442, 1.71241, 1.67797, 2.19713, 2.71432, 2.60855, 2.53985, 3.16607, 3.35396, 3.31782, 3.10624, 2.58612, 2.62092, 2.63765, 2.98653, 2.66906, 2.89665, 2.87893, 3.26289, 3.1907, 3.29721, 3.13292, 3.16675, 2.90603, 2.8982, 2.71502, 2.93072
0.4, 0.0319375, 0.971546, 1.55662, 1.73247, 2.16785, 2.34971, 1.75478, 1.05298, 2.63475, 2.50242, 2.12977, 2.49146, 2.5576, 2.46862, 2.26744, 2.69504, 2.93633, 2.79786, 3.01791, 3.01195, 2.71019, 2.96071, 2.91166, 3.03696, 3.02401, 3.00191, 2.94184, 2.53557, 2.66809, 2.7213, 2.65203
0.42, 0.0319375, 1.25183, 1.45334, 1.70067, 1.95159, 1.42278, 2.14952, 1.96318, 2.13323, 2.71355, 2.05724, 2.10052, 2.64594, 2.78237, 2.31027, 2.80283, 2.74139, 2.44021, 3.20006, 3.26578, 2.92443, 2.79445, 2.78571, 3.07024, 2.96924, 2.8601, 2.64014, 2.85119, 2.64786, 3.02198, 2.84313
0.44, 0.0319375, 1.24591, 1.6037, 1.74563, 1.82614, 1.31413, 1.71102, 2.18425, 2.47436, 1.96787, 2.09834, 2.36983, 2.66503, 2.51803, 2.75408, 2.80839, 2.76106, 2.2096, 3.08235, 3.03173, 2.60454, 2.71973, 2.64578, 2.91073, 2.77492, 2.79498, 2.79146, 2.68834, 2.70022, 2.7467, 2.72815
0.46, 0.0319375, 0.778198, 1.7128, 1.28506, 1.81868, 1.95262, 2.0201, 2.25779, 2.53992, 2.6426, 2.19388, 2.95101, 2.51294, 2.88326, 2.7692, 2.24328, 2.66571, 2.78394, 2.64477, 3.03247, 3.22331, 3.23102, 3.009, 3.02245, 2.51321, 2.56446, 2.63162, 2.796, 2.94776, 3, 2.56932
0.48, 0.0319375, 0.934375, 0.94254, 1.38635, 1.66999, 1.73476, 1.58658, 1.94555, 1.82955, 2.15706, 2.31905, 2.23559, 2.18572, 2.6588, 2.60374, 2.35385, 2.20969, 2.93131, 3.20983, 2.79726, 2.72916, 3.25524, 2.99219, 3.1826, 3.09764, 2.8248, 3.04034, 3.02601, 2.66603, 2.85869, 2.7364
0.5, 0.0319375, 1.45957, 1.50769, 1.54437, 1.72292, 1.50469, 1.97902, 0.940407, 2.39709, 1.98825, 2.39625, 2.25161, 2.54508, 2.87922, 2.52063, 2.29978, 2.81683, 2.57897, 2.58511, 2.71967, 2.71241, 3.03319, 2.74688, 3.014, 3.09702, 2.73377, 2.76208, 2.80985, 2.7566, 2.7966, 2.89248
0.52, 0.0319375, 1.22689, 1.83626, 2.03389, 1.59659, 2.03004, 2.35791, 1.82614, 2.60005, 2.31985, 1.75582, 2.36824, 2.34703, 2.79661, 2.41091, 3.00068, 2.77049, 2.81611, 2.6161, 2.58388, 2.53096, 3.04708, 2.81396, 2.66084, 3.1916, 2.93951, 2.87118, 2.99074, 2.72192, 2.86101, 2.58792
0.54, 0.0319375, 1.23896, 1.63351, 1.40419, 1.88746, 2.11961, 1.95175, 1.79267, 2.31507, 2.65232, 2.54085, 2.3909, 2.09707, 2.40848, 1.9378, 2.96964, 3.03887, 2.86631, 3.1262, 2.35997, 2.04387, 2.40091, 2.68063, 2.44367, 2.39001, 2.75894, 2.82994, 2.87111, 2.66743, 2.62801, 2.64762
0.56, 0.0319375, 1.47773, 2.22819, 1.79281, 2.27623, 2.00357, 3.04737, 2.56654, 3.02906, 2.89566, 2.92194, 2.96344, 2.73953, 2.88182, 2.99581, 2.88999, 3.02554, 3.19387, 2.48898, 2.8639, 2.89173, 3.03169, 3.11551, 3.62621, 3.55601, 3.43064, 3.32909, 2.75707, 3.02522, 2.743, 2.65357
0.58, 0.0319375, 0.898025, 1.49948, 1.38607, 1.77835, 1.10031, 2.61397, 2.55032, 2.90441, 2.72551, 2.20267, 2.41431, 2.59709, 3.15562, 2.57327, 2.30885, 2.83825, 2.80383, 2.66198, 2.79017, 2.59688, 2.53721, 2.48161, 2.92133, 3.09401, 3.35795, 2.97356, 3.0565, 2.93348, 2.84176, 2.65231
0.6, 0.0319375, 1.42649, 0.99526, 1.61532, 1.84182, 1.85356, 2.35296, 2.13596, 1.91489, 2.36614, 2.41901, 2.57932, 2.74622, 2.74365, 2.78931, 1.8818, 2.85286, 2.78633, 2.8164, 2.76169, 2.82584, 3.03148, 2.97845, 2.74762, 2.84928, 3.0733, 2.88926, 2.58834, 2.68779, 2.96713, 2.64956
0.62, 0.0319375, 1.27817, 1.49573, 1.56038, 2.18909, 1.89514, 2.55295, 2.74006, 2.13243, 2.6433, 2.40504, 2.57422, 2.80124, 2.75315, 2.55133, 2.29377, 3.12049, 2.94475, 3.15375, 2.94069, 2.60195, 3.21385, 3.1341, 3.11185, 2.88017, 2.58611, 2.54291, 2.32696, 2.4542, 2.67742, 2.64483
0.64, 0.0319375, 1.57494, 2.56903, 2.64366, 2.49035, 2.62378, 2.46062, 1.23702, 1.88989, 2.06936, 2.48989, 2.23056, 2.70459, 2.10225, 2.54306, 2.64209, 2.54177, 2.91813, 2.90246, 2.79453, 2.86417, 3.02828, 3.11121, 2.72481, 2.85015, 2.64145, 2.91925, 2.89772, 2.69402, 2.99533, 2.82236
0.66, 0.0319375, 1.90515, 1.57026, 1.61722, 1.75089, 1.78838, 1.64381, 2.37278, 2.61469, 2.31293, 2.80402, 2.64666, 2.5515, 2.50808, 2.63094, 2.54784, 2.2208, 2.97923, 2.7033, 2.89447, 2.86302, 2.93032, 2.69763, 2.75336, 2.99346, 3.17115, 3.0158, 2.94328, 2.86667, 3.14164, 2.7868
0.68, 0.0319375, 0.865598, 1.74459, 1.68325, 1.28447, 1.81304, 2.1285, 1.96123, 2.16202, 2.50794, 2.04566, 2.00219, 2.65342, 2.42321, 2.09515, 2.62695, 2.59738, 2.8171, 3.01907, 3.12, 2.92699, 2.83476, 3.49343, 3.26768, 2.93212, 2.66399, 2.89905, 2.89255, 2.7181, 2.53385, 2.51663
0.7, 0.0319375, 1.33666, 1.19189, 0.942114, 1.25568, 1.48447, 2.4844, 1.90005, 1.27925, 2.28675, 2.57583, 2.43727, 2.6328, 2.34049, 2.01241, 2.18573, 2.23745, 2.54258, 2.59226, 2.71828, 2.82125, 2.28745, 2.91693, 3.12494, 2.7308, 2.78785, 2.77978, 2.71438, 2.64579, 2.51884, 2.55759
0.72, 0.0319375, 1.50563, 1.53121, 1.36923, 0.806615, 1.44188, 1.82942, 1.83656, 1.72306, 2.45552, 2.63381, 1.93932, 2.65623, 2.65426, 2.521, 2.47444, 2.42587, 2.42506, 2.51047, 2.82704, 2.9058, 2.70145, 2.41521, 2.72622, 3.05415, 2.81473, 2.89484, 2.90158, 2.81429, 2.91302, 2.76857
0.74, 0.0319375, 1.30872, 1.85812, 1.36899, 1.25958, 1.94611, 2.23026, 1.75598, 1.64962, 2.14412, 1.89711, 2.09554, 2.28125, 2.44579, 2.47515, 2.48449, 2.71691, 3.02833, 2.73435, 2.826, 3.12823, 3.10768, 3.15039, 2.6994, 2.97275, 2.80883, 2.74653, 2.80169, 2.6993, 2.97506, 2.82399
0.76, 0.0319375, 1.26377, 0.999551, 1.21797, 0.991193, 1.69875, 1.67468, 2.15632, 2.35188, 2.1217, 2.3815, 2.26948, 2.79626, 2.41534, 2.55407, 2.3788, 2.66039, 3.49641, 3.10419, 2.71863, 2.82344, 2.57666, 2.89907, 2.75711, 2.73476, 2.9069, 2.94803, 2.53688, 2.75284, 2.6505, 2.54934
0.78, 0.0319375, 1.73502, 1.4694, 1.21205, 1.79292, 1.93478, 2.03049, 2.19964, 2.19486, 2.79603, 2.15337, 1.99106, 2.33643, 2.10014, 2.06193, 2.547, 2.26545, 2.91257, 2.99215, 2.63989, 2.83418, 2.33036, 2.79774, 2.64574, 2.58455, 2.75045, 2.89376, 2.53348, 2.59957, 2.69058, 2.64541
0.8, 0.0319375, 2.11115, 1.75532, 1.91017, 1.63419, 1.3201, 1.55054, 2.39535, 2.46519, 2.36765, 2.42317, 2.09555, 2.59969, 2.63136, 2.7821, 2.69908, 2.92717, 2.99057, 2.85804, 2.70362, 2.96544, 2.94202, 3.06818, 2.81689, 3.00964, 3.14377, 2.85254, 2.90286, 2.6905, 2.79573, 2.70392
0.82, 0.0319375, 1.30018, 1.37241, 1.61238, 1.55039, 1.81935, 2.42047, 2.33524, 2.6283, 2.39557, 2.03909, 2.58619, 2.35584, 2.55955, 2.68964, 2.61185, 2.75024, 3.01196, 3.0097, 2.71434, 2.40801, 3.01398, 3.16327, 3.25469, 3.23223, 2.96768, 3.01893, 3.0972, 2.66601, 2.72334, 2.6549
0.84, 0.0319375, 1.52453, 1.68192, 1.40992, 1.72624, 1.78516, 2.30438, 2.68241, 2.80412, 1.98174, 1.52397, 2.37754, 2.63717, 2.12977, 2.30008, 2.54013, 2.70029, 2.13604, 2.66893, 2.87306, 2.88308, 3.02903, 2.83544, 3.11804, 3.11221, 2.79105, 2.947, 2.81046, 2.72759, 2.86618, 2.67745
0.86, 0.0319375, 1.35993, 1.89125, 1.14998, 1.63568, 1.76847, 2.15917, 2.03638, 2.67621, 2.65776, 2.27055, 2.4087, 2.58562, 2.82393, 2.68357, 2.5834, 3.19641, 3.15243, 3.11713, 2.81833, 2.87454, 3.04195, 3.11973, 2.96498, 2.95624, 3.25088, 2.91373, 2.77532, 2.84636, 2.78636, 2.75723
0.88, 0.0319375, 1.6956, 2.22175, 2.17086, 2.39724, 2.5483, 2.17287, 1.94957, 1.91502, 2.49946, 2.33773, 1.78874, 2.71052, 2.67183, 2.5906, 2.73078, 2.64045, 2.60102, 2.48739, 2.3946, 2.82537, 2.67913, 2.86104, 3.15809, 3.09164, 2.87471, 2.92632, 2.97095, 2.72079, 2.80011, 2.82166
0.9, 0.0319375, 1.23328, 1.13862, 1.76424, 1.65273, 1.43428, 2.05702, 1.937, 2.72294, 2.20962, 2.35594, 2.63029, 3.14229, 3.08148, 3.04906, 2.69829, 2.97489, 2.81318, 2.53598, 2.6832, 2.94597, 3.16876, 3.252, 2.98485, 3.13796, 3.28598, 2.66897, 2.68897, 2.8062, 3.0061, 2.93505
0.92, 0.0319375, 1.19152, 2.17866, 1.97503, 2.14325, 2.41909, 2.81366, 2.60684, 2.78053, 2.5713, 2.71274, 2.66886, 2.82926, 2.57584, 2.61833, 2.11309, 2.58503, 3.19812, 2.88347, 2.72316, 2.89272, 2.64796, 2.66653, 2.79313, 2.84706, 3.01438, 2.79041, 2.76401, 2.72922, 2.8499, 2.76315
0.94, 0.0319375, 1.22489, 0.535088, 0.771582, 1.20874, 1.81778, 2.01792, 2.0664, 2.13016, 2.29874, 2.37549, 2.42007, 2.68978, 2.49071, 2.60465, 2.98013, 2.98831, 3.35341, 3.15374, 2.8457, 2.94765, 2.75109, 2.93275, 2.84749, 2.84622, 3.03276, 2.68326, 2.94811, 2.77742, 2.68804, 2.83309
0.96, 0.0319375, 1.24529, 1.42385, 1.02878, 2.05635, 2.18287, 2.2867, 3.03091, 2.48295, 2.80746, 2.42024, 2.44922, 2.66847, 2.22456, 3.06283, 2.88441, 2.87214, 2.76692, 3.05284, 3.08933, 2.94702, 2.99234, 2.84648, 3.04556, 3.26427, 3.04136, 3.08772, 2.90788, 2.44171, 2.82368, 2.66962
0.98, 0.0319375, 1.25088, 1.38354, 1.55196, 1.57551, 1.55372, 2.12458, 1.84614, 1.80854, 2.32031, 2.19475, 2.51487, 2.71478, 2.33317, 3.02116, 3.01119, 2.49807, 2.80529, 2.71601, 2.61722, 2.4696, 2.90716, 2.86928, 3.08468, 2.94557, 2.92217, 3.01208, 2.86203, 2.90384, 2.96262, 2.8666
1, 0.0319375, 0.931784, 1.29837, 1.05113, 1.37763, 1.95958, 1.40885, 2.23876, 2.3628, 2.01687, 2.18848, 2.0361, 2.71229, 3.11946, 3.28244, 3.09883, 2.18118, 2.60969, 2.963, 2.78506, 2.37292, 2.81749, 2.77242, 2.55924, 2.8024, 2.87506, 2.97714, 2.86346, 2.50806, 2.52266, 2.52898
1.02, 0.0319375, 1.2629, 1.59914, 2.17802, 1.74712, 1.5965, 2.02231, 2.41812, 2.13944, 2.65743, 3.09692, 2.90151, 2.82857, 2.92036, 2.78949, 2.49995, 3.10525, 2.91341, 2.85384, 3.24282, 2.80288, 2.83898, 2.60441, 3.0883, 3.04953, 2.79725, 2.95639, 2.82142, 2.9781, 2.55493, 2.8246
1.04, 0.0319375, 1.29779, 1.4345, 1.58969, 1.44713, 1.65826, 1.66063, 2.06031, 2.72681, 2.95011, 2.86166, 2.36618, 2.4424, 2.65748, 2.96582, 2.94431, 2.27336, 2.50358, 3.14975, 3.03865, 2.62286, 2.84624, 3.00973, 3.11462, 2.81271, 3.15804, 2.60737, 2.6657, 2.76245, 2.44415, 2.62816
1.06, 0.0319376, 1.77501, 1.39533, 1.18752, 1.7872, 2.53987, 2.18052, 1.89155, 2.55145, 1.97892, 2.04885, 2.49899, 2.6552, 2.79546, 3.05363, 2.23398, 2.39277, 2.94792, 2.79152, 2.71974, 3.27853, 3.27466, 2.87406, 3.2199, 3.2682, 3.13418, 2.73209, 2.61289, 2.82321, 2.58784, 2.76415
1.08, 0.0319375, 1.14296, 1.43287, 1.6823, 2.40432, 1.67765, 2.28369, 2.11183, 3.07759, 3.04623, 2.69588, 2.2619, 2.38301, 2.97153, 2.74535, 2.57294, 2.65719, 2.86382, 2.55626, 2.49642, 2.18672, 2.64419, 2.65877, 2.9082, 2.98553, 2.97663, 3.01869, 2.91019, 2.59078, 2.55725, 2.53674
1.1, 0.0319375, 1.4899, 1.2391, 1.81982, 2.15137, 1.84147, 1.741, 2.72454, 2.38314, 2.45647, 2.48411, 1.91442, 2.24268, 2.7083, 2.56467, 2.6406, 2.68906, 2.5677, 3.1023, 3.27595, 2.46434, 2.91676, 2.92204, 2.98981, 2.82603, 3.05494, 3.13661, 3.40991, 3.24312, 3.10672, 3.14191
1.12, 0.0319375, 1.19167, 1.31564, 1.23205, 1.37237, 1.64214, 1.30988, 1.62616, 2.26197, 2.93915, 2.78617, 2.1767, 2.22088, 2.31809, 2.91132, 2.88141, 2.83252, 3.13936, 2.76998, 2.86631, 2.42783, 2.60876, 2.91069, 2.74845, 2.9071, 2.9473, 2.8575, 2.74135, 2.85764, 2.83295, 2.86879
1.14, 0.0319375, 1.50655, 1.58692, 1.70597, 1.9444, 2.40237, 2.08893, 2.37729, 2.6881, 2.76459, 2.15881, 2.11516, 2.52407, 2.49716, 3.02653, 2.20474, 2.6864, 2.88446, 3.00866, 3.10408, 3.111, 2.97006, 3.37594, 2.98217, 2.74779, 2.90351, 2.62828, 2.90864, 2.9215, 2.73541, 2.86848
1.16, 0.0319375, 1.44714, 1.8132, 2.19888, 1.54809, 2.43466, 2.61374, 1.61947, 2.14659, 2.19326, 2.63458, 2.64914, 2.85965, 2.77515, 2.66481, 2.7974, 2.63119, 2.58136, 2.96596, 3.24534, 2.88472, 3.09715, 3.12631, 2.95269, 2.7124, 2.88547, 3.0824, 2.99278, 2.94097, 2.66995, 2.85908
1.18, 0.0319376, 1.51202, 0.948248, 1.09165, 1.65, 1.973, 2.2758, 2.40776, 2.78571, 3.08084, 2.41004, 2.58872, 3.17104, 3.03342, 2.90362, 2.58077, 2.75374, 2.64234, 2.30624, 2.9889, 3.04142, 3.05407, 2.98181, 2.46426, 2.60153, 2.87871, 2.66569, 2.74211, 2.8712, 2.55861, 2.89416
1.2, 0.0319375, 1.56409, 1.41679, 1.54855, 1.68631, 2.22804, 2.21488, 1.40984, 1.69923, 2.46117, 1.98728, 2.59003, 2.46174, 2.32215, 2.87484, 2.61594, 2.46675, 2.06723, 2.65828, 2.87055, 2.47476, 2.97961, 3.27653, 3.15255, 2.95868, 2.94967, 2.8348, 3.24585, 3.04209, 2.69127, 2.76375
1.22, 0.0319375, 1.15238, 1.40452, 1.9176, 2.45264, 1.58742, 2.14226, 1.83261, 2.18863, 2.24236, 2.52152, 2.65285, 2.51003, 2.58425, 2.53848, 3.17031, 2.5563, 2.6049, 2.64963, 2.68361, 3.02577, 2.55812, 2.78753, 2.69798, 2.89383, 2.6667, 2.73876, 2.4307, 2.60692, 2.64134, 2.57183
1.24, 0.0319375, 1.44539, 1.19411, 1.65546, 1.70432, 1.91008, 1.99465, 1.65817, 2.40441, 1.90521, 2.09784, 2.18627, 2.21374, 3.06538, 3.18778, 2.53331, 2.45132, 2.63947, 2.88071, 2.54213, 3.12383, 2.87811, 2.95045, 3.07701, 3.04149, 2.75196, 2.79014, 2.86247, 3.0125, 2.39541, 2.45631
1.26, 0.0319375, 1.16237, 1.90762, 1.81564, 1.43289, 1.99718, 2.51033, 2.76891, 2.48738, 2.32538, 2.50091, 2.31066, 2.70584, 3.01697, 2.58559, 2.78793, 2.30402, 3.08019, 2.76969, 2.34491, 2.77204, 2.99291, 2.84243, 2.54239, 2.97628, 3.09794, 2.97219, 2.87138, 2.63089, 2.76445, 2.67939
1.28, 0.0319375, 0.887416, 1.63649, 1.85449, 1.63303, 2.51369, 2.22105, 2.29712, 2.57456, 2.61607, 2.75296, 2.51182, 2.68002, 2.7952, 2.83438, 2.65627, 2.98184, 2.74019, 2.89811, 3.05339, 2.63477, 2.77724, 3.16439, 3.01434, 2.97598, 2.79454, 2.88936, 2.91758, 2.84725, 2.76031, 2.44005
1.3, 0.0319376, 2.23547, 1.42029, 1.70074, 1.76424, 1.66891, 2.3894, 1.97016, 1.56563, 2.5647, 2.44598, 2.46556, 2.34229, 2.00918, 1.97705, 2.5031, 2.78996, 3.13953, 2.68226, 2.58215, 2.77582, 3.11959, 2.71526, 3.19861, 2.70518, 2.83537, 2.88608, 2.3918, 2.5487, 2.50416, 2.40772
1.32, 0.0319375, 0.462415, 1.22936, 1.63635, 1.43755, 1.98064, 1.91779, 2.4926, 2.66942, 2.54157, 1.20943, 1.75188, 1.91438, 2.2894, 2.64261, 2.47588, 2.51723, 3.00889, 2.54263, 2.45626, 2.57369, 2.70203, 2.98042, 3.11933, 2.98523, 2.64006, 2.64835, 2.764, 2.7848, 2.81443, 2.51039
1.34, 0.0319375, 1.06516, 1.564, 1.70818, 1.77418, 2.17616, 1.70501, 1.89485, 2.65786, 2.36308, 2.20067, 2.66555, 2.40963, 2.35293, 3.01208, 2.89873, 3.00122, 2.96864, 2.9163, 2.73292, 2.79437, 2.82693, 3.08812, 2.89315, 2.88146, 2.65658, 2.39796, 2.27888, 2.88675, 2.84397, 2.6079
1.36, 0.0319375, 0.626446, 1.29577, 1.6277, 2.13284, 1.92921, 2.16032, 1.82982, 2.38274, 3.08505, 3.11477, 2.68251, 2.7481, 2.39253, 2.37161, 2.41272, 3.03352, 3.10294, 2.09631, 2.45821, 3.02557, 3.16222, 2.61286, 2.65785, 2.37636, 2.31902, 2.69373, 2.36083, 2.7277, 2.57001, 2.39219
1.38, 0.0319375, 1.84391, 1.35453, 2.00677, 1.97322, 2.36968, 2.11152, 1.79515, 2.51088, 2.02259, 2.32289, 2.3966, 2.90893, 3.01353, 2.89215, 2.67377, 2.91336, 3.12282, 3.32316, 2.68271, 2.7131, 2.8492, 3.01236, 2.72077, 2.63561, 2.6768, 2.82707, 2.72812, 2.65997, 2.11345, 2.16416
1.4, 0.0319375, 1.82358, 1.88493, 1.2556, 1.79532, 2.0257, 1.81171, 1.83908, 1.94959, 2.58125, 2.62695, 2.2822, 2.19309, 2.82929, 2.4539, 2.75787, 2.5279, 2.6805, 2.27445, 2.51753, 2.67011, 2.95409, 3.11274, 2.86929, 2.64269, 2.3423, 2.68727, 3.06589, 2.79333, 2.67511, 2.80258
1.42, 0.0319376, 1.50978, 1.58794, 2.05173, 1.89348, 2.03062, 2.21988, 2.25866, 2.38619, 2.37007, 2.34779, 2.56577, 2.46994, 2.71131, 2.82458, 2.52054, 2.72847, 2.93157, 2.96629, 2.85058, 2.88222, 3.0478, 2.8696, 2.92419, 2.63088, 3.02595, 2.94085, 2.80344, 3.04334, 2.92493, 2.80087
1.44, 0.0319375, 2.03237, 1.61784, 2.01939, 2.56016, 2.21079, 2.03108, 1.5204, 2.72746, 2.93251, 2.24456, 2.13852, 2.57869, 2.63904, 2.64869, 2.79496, 2.53666, 2.80238, 3.27168, 3.17063, 3.07311, 3.08876, 3.33404, 2.82903, 2.85617, 3.01449, 2.55576, 3.04348, 2.84308, 2.83799, 2.57264
1.46, 0.0319375, 2.46228, 1.35575, 1.87244, 1.65389, 2.42628, 1.9989, 1.66307, 2.23892, 2.15509, 1.9048, 2.34921, 2.83364, 2.25201, 2.31443, 3.01372, 3.10754, 3.06211, 3.1488, 3.22215, 3.15114, 2.78895, 2.52516, 3.03378, 2.5832, 2.99944, 2.8679, 2.89993, 2.99017, 2.87628, 3.22368
1.48, 0.0319375, 1.79494, 1.66142, 1.95312, 2.17481, 2.41106, 2.50497, 2.00565, 2.43709, 2.68706, 2.41088, 1.93667, 2.51645, 3.12461, 3.1128, 2.88194, 2.63743, 2.76898, 2.76893, 2.70924, 3.02971, 2.914, 3.0047, 3.07522, 2.68062, 2.84135, 2.81851, 2.68457, 3.06332, 2.88241, 2.70723
1.5, 0.0319375, 2.33697, 2.03862, 2.11563, 2.11306, 2.62131, 2.71626, 2.79324, 2.74652, 3.09272, 2.6121, 2.58691, 2.84247, 2.31317, 3.03881, 2.85804, 2.81507, 3.2842, 3.18382, 2.8007, 2.94355, 3.23455, 2.83257, 2.89664, 2.83017, 3.11483, 2.88811, 2.81861, 2.78666, 3.0779, 2.50832
1.52, 0.0319375, 0.910179, 1.73689, 1.34019, 1.79342, 2.18051, 2.66425, 2.24331, 2.70244, 2.38879, 2.29368, 1.50336, 2.38603, 2.69084, 2.34655, 2.54738, 2.53904, 2.49383, 2.65127, 2.61949, 3.13452, 2.76435, 3.01685, 2.48919, 2.63177, 2.97465, 2.86287, 2.70029, 2.38802, 2.72095, 2.83305
1.54, 0.0319375, 1.72649, 1.79098, 0.90885, 1.38351, 2.09732, 2.28456, 2.25734, 2.58957, 2.73152, 2.22693, 2.11558, 2.55003, 3.08503, 2.09246, 2.40345, 2.65407, 2.64432, 2.43413, 2.91736, 2.93123, 2.85162, 2.948, 2.88277, 2.80147, 2.74158, 3.04373, 2.81471, 2.72464, 2.43195, 2.65147
1.56, 0.0319376, 1.8148, 2.34907, 2.14486, 1.88671, 1.70668, 1.67449, 2.44127, 2.80851, 2.77948, 2.40544, 2.53111, 2.49804, 2.23453, 2.60285, 2.23633, 2.70243, 3.21997, 3.17178, 3.31234, 2.99106, 2.90118, 2.67145, 3.33596, 2.99822, 3.0117, 2.9123, 2.90548, 2.7214, 2.71553, 2.62679
1.58, 0.0319375, 1.69227, 1.80004, 2.06194, 2.05349, 2.12153, 2.11733, 2.70946, 2.36118, 2.8244, 2.89165, 2.54854, 2.30038, 2.07615, 2.41871, 2.52075, 2.90052, 2.72222, 2.88357, 3.31819, 2.95869, 3.06166, 3.14478, 3.01548, 3.067, 3.10013, 3.05655, 2.59642, 3.00204, 3.03344, 2.77397
1.6, 0.0319375, 1.07824, 2.31182, 2.03787, 2.22442, 2.48355, 2.46309, 2.37296, 2.51024, 2.58631, 2.51123, 3.07041, 2.34943, 2.64777, 2.38108, 2.2775, 2.77745, 2.99492, 3.1665, 2.87429, 2.77461, 2.94068, 3.11256, 3.10298, 2.9994, 2.87664, 3.02822, 2.75139, 2.47282, 2.66908, 2.58886
1.62, 0.0319375, 0.846455, 1.08837, 1.55692, 2.30761, 1.85962, 1.24086, 1.28992, 2.40314, 2.64361, 2.77428, 3.34327, 2.90715, 1.9946, 2.35287, 2.64199, 2.23762, 2.65389, 2.6839, 2.77132, 2.93139, 3.47766, 3.56378, 3.47504, 3.16379, 3.01601, 2.78886, 2.63203, 2.61632, 3.1276, 2.80829
1.64, 0.0319375, 2.17163, 1.98489, 1.37018, 2.07502, 2.02382, 1.80493, 2.07478, 2.27869, 2.03575, 2.13799, 2.67027, 2.77367, 2.8891, 3.12851, 2.84234, 2.55614, 2.70035, 2.57483, 2.63918, 2.83604, 2.95115, 2.67948, 2.94934, 3.07868, 3.18122, 3.10686, 2.95745, 3.03351, 2.67999, 2.73765
1.66, 0.0319375, 1.58051, 1.69527, 2.02568, 1.66963, 2.26104, 2.27032, 1.79271, 3.00239, 2.89093, 2.7497, 2.31426, 2.6878, 2.78201, 2.55882, 2.42435, 2.48759, 3.00341, 2.58529, 3.02693, 3.08735, 3.32005, 2.97667, 2.93108, 2.75744, 2.82518, 2.8633, 2.76414, 2.81515, 2.66427, 2.73015
1.68, 0.0319376, 1.90644, 1.41598, 1.66909, 2.61378, 2.1663, 1.9757, 1.7546, 2.34254, 2.55144, 2.37838, 2.63994, 2.35258, 2.35452, 2.43885, 2.79503, 2.63746, 3.03003, 2.61842, 2.55134, 3.23501, 2.85929, 2.87132, 3.06563, 2.90413, 2.88686, 2.93489, 2.99653, 2.99579, 2.56148, 2.9516
1.7, 0.0319375, 0.935414, 1.80049, 2.12673, 1.60847, 1.97281, 2.58286, 1.8854, 2.14525, 2.77071, 2.10625, 3.02588, 3.05241, 2.55084, 1.7948, 2.62208, 2.68253, 3.19998, 2.48487, 2.71987, 2.62762, 2.97372, 3.29598, 3.29965, 3.00649, 3.01547, 2.8284, 2.83014, 2.87876, 2.7041, 2.87668
1.72, 0.0319375, 1.98744, 1.44447, 2.60894, 2.0652, 1.94475, 2.42771, 2.18585, 1.95224, 2.08398, 2.19496, 2.22745, 2.33079, 2.60887, 2.07326, 2.92469, 2.45551, 2.80605, 3.14396, 2.94677, 3.09074, 3.01636, 2.59177, 2.98918, 2.77324, 3.02973, 2.8688, 2.88878, 2.91996, 2.76101, 2.89349
1.74, 0.0319375, 1.64525, 1.36992, 1.28922, 1.83364, 2.33928, 2.07359, 1.48371, 2.03968, 2.58265, 2.12271, 2.29544, 1.94648, 1.98894, 2.37803, 2.41097, 2.86372, 2.58914, 2.31838, 2.80943, 2.88147, 2.84155, 2.99097, 2.80527, 2.80878, 2.73461, 2.63235, 2.64149, 2.71107, 2.75229, 2.84575
1.76, 0.0319375, 1.12442, 0.833127, 0.830877, 2.01032, 1.7253, 2.40824, 2.61989, 2.08828, 2.80444, 2.08889, 2.48588, 2.43911, 2.66317, 2.66214, 2.48243, 3.14032, 3.00614, 2.72944, 2.95617, 2.53508, 3.08608, 2.96014, 3.1561, 3.03377, 3.03946, 2.61527, 2.5978, 3.01353, 2.62087, 2.86992
1.78, 0.0319375, 1.79267, 2.05562, 1.46376, 1.14167, 2.07244, 2.10744, 2.00127, 2.68497, 2.69901, 2.52405, 2.62127, 2.62997, 2.9531, 3.04921, 2.32025, 2.76346, 3.34534, 2.92294, 2.67037, 3.23143, 3.53027, 3.19802, 3.46876, 3.1818, 3.29998, 3.25375, 3.16804, 3.08358, 3.06979, 3.18293
1.8, 0.0319376, 2.06636, 1.91321, 2.17626, 2.0541, 1.71687, 1.93845, 2.41046, 2.47715, 2.22071, 3.01809, 2.71983, 2.77946, 2.31714, 2.81076, 2.20232, 2.71374, 2.88036, 2.95749, 3.10108, 2.67882, 2.90798, 3.20483, 2.89393, 2.85929, 2.96028, 3.07571, 2.84651, 2.83999, 2.74111, 2.76017
1.82, 0.0319375, 1.48718, 2.42718, 1.73964, 1.93053, 2.32079, 2.78213, 2.85506, 1.9518, 3.02383, 3.00339, 2.32001, 2.61394, 2.86291, 2.51839, 2.58878, 3.23912, 3.1383, 2.98713, 3.00615, 2.52663, 2.60755, 3.21025, 2.89088, 2.78161, 2.6958, 2.31608, 2.62818, 2.81882, 2.68187, 2.51864
1.84, 0.0319375, 0.986574, 1.6588, 2.3212, 1.56315, 2.21882, 2.21694, 1.9583, 2.39423, 2.56113, 2.33885, 2.33502, 2.30233, 2.5062, 2.51555, 2.95556, 2.76599, 3.10799, 3.07747, 2.67939, 2.74099, 3.0905, 2.86021, 2.7928, 2.83674, 2.82074, 2.92204, 3.06966, 2.66169, 2.77613, 2.86524
1.86, 0.0319375, 1.747, 1.32437, 2.15659, 2.02679, 2.14864, 1.92207, 2.44341, 2.94258, 2.98317, 2.83843, 2.82203, 2.3314, 2.36907, 2.57713, 2.35603, 2.49058, 2.99829, 3.02617, 2.5798, 2.90806, 2.88922, 2.90756, 2.8884, 3.04061, 3.04705, 2.70578, 2.79793, 2.96163, 2.66551, 2.59597
1.88, 0.0319375, 1.84834, 1.98862, 2.09786, 1.86565, 1.84981, 1.71305, 1.67474, 2.55195, 2.45489, 2.83652, 2.37638, 2.05005, 2.73216, 3.06614, 2.79576, 2.52242, 3.02314, 2.56891, 2.52482, 2.55918, 2.80093, 3.24467, 3.00878, 2.77902, 2.9265, 3.07985, 2.92024, 2.90911, 2.67963, 2.99331
1.9, 0.0319375, 0.808162, 1.11244, 1.56589, 1.7197, 2.12995, 2.50505, 1.99278, 2.42736, 2.22146, 2.8315, 3.14243, 2.84014, 2.99746, 2.66235, 2.35648, 3.34303, 3.20933, 3.06289, 2.78125, 2.50453, 2.97483, 3.01276, 3.22701, 3.30772, 3.20322, 2.81736, 2.59335, 3.00671, 3.29775, 3.0231
1.92, 0.0319376, 1.65299, 1.43, 1.2888, 1.79322, 2.35682, 1.98974, 1.93135, 1.95764, 2.24498, 2.38868, 2.88315, 2.54776, 2.91008, 2.64513, 2.93664, 2.82068, 2.08676, 2.83846, 3.23721, 3.18919, 3.07383, 3.34904, 3.13071, 2.93653, 2.99233, 2.7858, 2.98837, 2.5898, 2.87507, 2.74276
1.94, 0.0319375, 2.08801, 2.45248, 2.30779, 1.89057, 1.8231, 2.23894, 2.07288, 1.78773, 2.43189, 2.32545, 2.73816, 3.01165, 2.73009, 2.74141, 2.57586, 3.0773, 3.19602, 2.82447, 3.09046, 3.22216, 3.08949, 2.7465, 2.59131, 2.81586, 2.73629, 2.62869, 2.98231, 2.65143, 2.47318, 3.0843
1.96, 0.0319375, 1.50088, 1.52042, 1.43012, 1.49087, 1.42756, 2.6171, 2.90824, 3.04512, 3.29944, 2.65648, 2.47944, 2.4806, 2.41228, 2.55724, 2.44281, 2.69524, 2.83255, 2.57256, 2.73559, 2.86848, 2.86851, 2.70667, 2.58524, 3.01481, 2.97539, 2.51102, 2.83184, 2.82789, 2.56897, 2.49386
1.98, 0.0319376, 1.39282, 1.10233, 1.46133, 1.66529, 2.3264, 2.5981, 2.05234, 3.26733, 2.38528, 2.24681, 2.36205, 2.37612, 1.96135, 2.12106, 2.22864, 2.50583, 2.56411, 2.72131, 2.76473, 2.92289, 2.46855, 2.44508, 2.90901, 3.01062, 2.70263, 2.66833, 2.44176, 2.53621, 2.40185, 2.45589
2, 0.0319376, 1.8468, 1.47861, 1.47076, 1.15466, 1.32177, 2.47161, 2.22157, 2.41848, 2.54671, 2.23616, 2.06766, 2.39847, 2.51205, 2.47761, 2.65666, 2.38183, 2.66492, 3.23225, 3.33743, 2.88795, 2.99123, 2.81152, 2.94395, 2.93105, 2.70769, 2.51675, 2.89484, 2.73945, 2.66577, 2.88243
2.02, 0.0319376, 0.549506, 1.51353, 1.23931, 1.81295, 2.45931, 2.32802, 2.75692, 2.2145, 2.21993, 2.7604, 2.61045, 2.93714, 2.60926, 2.82666, 2.91617, 3.20155, 3.00726, 2.87595, 2.44285, 2.75184, 2.90336, 3.03462, 3.04771, 2.78211, 2.81154, 3.06004, 2.90491, 3.12359, 3.1437, 3.17296
2.04, 0.0319376, 1.18912, 1.12113, 1.56478, 1.75682, 2.25053, 2.46822, 2.63557, 2.4523, 2.62958, 3.04093, 2.65818, 2.49829, 1.99985, 2.79575, 2.75332, 2.9705, 2.95138, 2.82248, 3.03998, 3.10183, 3.21857, 2.9694, 2.76822, 2.77637, 2.97496, 3.13988, 3.29943, 2.79932, 2.65264, 2.91391
2.06, 0.0319376, 1.69429, 1.60745, 2.2466, 1.43953, 1.96923, 1.63117, 2.15237, 2.62801, 2.68477, 2.75399, 2.13432, 2.94495, 2.8706, 2.58727, 2.58063, 3.13104, 3.14858, 2.61696, 3.13905, 2.89772, 2.86885, 2.76989, 2.75408, 3.00551, 3.33802, 3.03059, 2.9587, 3.17263, 2.76163, 2.71485
2.08, 0.0319376, 1.46972, 1.77628, 1.84106, 2.2331, 2.5021, 2.31292, 2.13156, 2.74862, 2.37851, 1.90102, 2.3459, 2.60543, 3.02984, 2.75346, 2.70143, 2.7758, 2.84268, 2.8168, 2.95945, 2.83477, 3.15049, 2.81851, 2.81979, 3.00955, 2.76561, 2.88831, 2.91787, 2.96066, 2.73057, 2.63383
2.1, 0.0319376, 1.00446, 1.31941, 1.29216, 2.37858, 2.02641, 1.8779, 1.79438, 2.3695, 2.61573, 2.12145, 1.87978, 2.45052, 2.10428, 2.53162, 2.32169, 2.27572, 2.69146, 3.22129, 3.31185, 3.33422, 3.2049, 2.93831, 2.97496, 3.1746, 3.4198, 2.50315, 2.58705, 2.87029, 3.17627, 2.99205
2.12, 0.0319376, 4.37489e-05, 2.05014, 2.09024, 1.48978, 2.327, 2.38882, 1.88979, 2.10962, 2.30848, 2.22748, 2.16952, 2.17213, 2.75086, 2.72413, 2.75926, 1.8538, 2.68186, 3.15532, 3.08815, 3.21073, 3.1266, 2.90194, 3.29269, 3.04693, 3.09533, 3.03107, 2.74914, 2.93202, 2.71687, 2.79257
2.14, 0.0319374, 1.58291, 1.33403, 1.2642, 1.87921, 1.88692, 1.87804, 2.11473, 1.9166, 2.74983, 2.61665, 2.56243, 2.65377, 2.77759, 2.31448, 2.54741, 2.40633, 2.78744, 3.0244, 2.76735, 3.02505, 2.50183, 2.86526, 2.93188, 2.97877, 2.76019, 2.64288, 2.63024, 2.89437, 2.97358, 2.67249
2.16, 0.0319374, 1.09969, 1.6599, 1.61039, 1.8674, 1.74609, 2.0054, 2.57833, 2.19899, 2.66266, 2.92094, 3.09957, 3.29147, 3.2074, 3.11236, 2.82377, 2.79904, 2.71608, 2.86069, 2.8127, 3.17525, 2.92886, 2.6715, 2.97548, 2.77374, 2.96327, 2.99436, 2.63967, 2.54628, 2.68554, 2.58036
2.18, 0.0319374, 0.179372, 1.42888, 1.97922, 1.99526, 2.15783, 1.96943, 2.23343, 3.1338, 2.69187, 2.75352, 2.07659, 2.43671, 2.9451, 2.77205, 2.79997, 2.24843, 2.87637, 2.80784, 2.9244, 2.93044, 2.97121, 2.98498, 3.12744, 3.19955, 2.70143, 2.85659, 2.67104, 2.86613, 2.72216, 2.75259
2.2, 0.0319374, 0.915208, 2.07908, 1.82262, 1.94674, 1.98009, 1.99856, 1.84035, 2.62605, 2.55963, 2.31327, 1.74397, 2.44689, 2.39349, 2.59447, 2.54853, 2.64888, 2.83047, 2.82712, 2.65326, 2.7078, 2.79471, 3.03839, 2.61363, 3.1191, 2.23665, 2.50549, 2.52088, 2.61088, 2.6589, 2.48603
2.22, 0.0319374, 1.87744, 2.10394, 1.98215, 1.01646, 1.91389, 2.46176, 2.19166, 2.65705, 2.03124, 2.04429, 2.30898, 2.62522, 2.2488, 2.47874, 2.21204, 2.89764, 2.89226, 3.00152, 2.63106, 2.5341, 2.58325, 2.93519, 2.90295, 2.86676, 2.53994, 2.62139, 2.55763, 2.67572, 2.80304, 2.68181
2.24, 0.0319376, 1.33507, 1.5911, 1.64631, 1.48065, 2.23148, 2.16482, 2.15789, 1.6246, 2.48205, 2.28913, 2.55019, 2.3301, 2.45902, 2.3672, 2.31919, 2.36325, 3.10126, 2.90399, 2.82405, 2.78586, 2.93178, 2.83473, 2.48389, 2.68187, 2.82222, 2.86831, 2.62838, 2.59668, 2.58829, 2.83116
2.26, 0.0319376, 1.33924, 1.20419, 1.33219, 1.92306, 2.27201, 2.23671, 1.79749, 2.36954, 2.1289, 2.64018, 2.52229, 2.12769, 2.55366, 2.80919, 2.70588, 1.93801, 2.46362, 2.64565, 2.69628, 2.8618, 2.73026, 2.76949, 2.78708, 3.09148, 3.00511, 2.85894, 2.60452, 2.66736, 2.77349, 2.47566
2.28, 0.0319376, 2.22972, 1.7709, 1.16723, 1.74841, 2.63766, 2.83139, 2.3758, 2.08891, 2.18732, 2.06542, 2.84427, 1.90529, 2.41172, 2.46681, 2.6114, 2.21461, 2.35723, 2.66852, 2.7168, 2.82592, 2.96258, 2.99058, 2.79873, 2.90749, 2.81549, 2.97342, 2.94982, 2.86534, 2.68226, 2.52992
2.3, 0.0319376, 0.794197, 1.28202, 1.34017, 1.9681, 1.48102, 2.21668, 1.42913, 2.38277, 2.54799, 2.06302, 1.62381, 1.89012, 2.22857, 1.96788, 2.26935, 2.14359, 2.45922, 2.53778, 3.10479, 2.78016, 2.60969, 2.57417, 2.75303, 2.61634, 3.0648, 2.62649, 2.52645, 2.56884, 2.49418, 2.38932
2.32, 0.0319376, 1.45923, 1.25659, 1.60392, 1.08099, 1.74348, 1.32394, 1.18435, 1.96778, 2.24543, 1.60389, 1.68917, 1.94093, 2.25961, 2.25891, 2.47775, 2.45533, 2.7956, 3.19431, 2.86467, 2.86342, 2.72306, 2.61104, 2.76416, 2.67739, 2.86085, 2.81517, 2.73574, 2.36302, 2.61733, 2.3182
2.34, 0.0319376, 1.0131, 1.70906, 1.10709, 1.17227, 1.88591, 1.49528, 2.09615, 2.03269, 2.47626, 2.54129, 1.71101, 2.27219, 2.05336, 1.88183, 1.65037, 2.1051, 2.40077, 2.46635, 2.89518, 2.77461, 3.01296, 2.99675, 3.16037, 2.75595, 2.88825, 3.00934, 2.84561, 2.41809, 2.52243, 2.35251
2.36, 0.0319376, 1.10133, 1.49243, 1.36036, 0.436767, 1.10187, 2.30815, 1.93526, 2.39095, 1.72693, 2.61089, 2.50362, 1.97526, 1.44236, 2.2104, 2.24219, 2.45419, 2.35706, 2.47814, 2.53048, 3.0366, 2.79731, 2.29564, 2.69213, 2.62578, 2.85167, 2.75369, 2.54353, 2.39443, 2.55378, 2.79734
2.38, 0.0319374, 0.696728, 0.879546, 1.03804, 1.22702, 1.31443, 1.78122, 1.57112, 1.73315, 1.49579, 1.87228, 1.53195, 2.06433, 2.4137, 2.16377, 1.67697, 2.22812, 2.01513, 2.49635, 2.3573, 2.12177, 2.80858, 3.12881, 2.80219, 2.50299, 2.54849, 2.83048, 2.50716, 2.53254, 2.48886, 2.49507
2.4, 0.0319374, 0.976247, 0.893839, 1.73747, 1.81287, 1.46187, 1.89938, 2.48522, 2.27464, 2.10683, 2.31814, 1.83418, 2.21149, 2.10848, 2.05276, 2.11704, 2.50409, 2.92179, 2.45855, 2.6484, 2.74051, 2.60586, 2.57441, 2.59334, 2.34559, 2.75095, 2.57055, 2.24011, 2.65148, 2.31481, 2.50102
2.42, 0.0319374, 1.22005, 1.88663, 1.93516, 1.25598, 1.97288, 1.43926, 1.88458, 2.17288, 2.44373, 2.7949, 2.25255, 2.40089, 2.53174, 2.81041, 2.1309, 2.78235, 2.7417, 2.60693, 2.32066, 2.23378, 3.10523, 3.65189, 3.30693, 2.97172, 2.71816, 2.76361, 2.63424, 2.77961, 2.68482, 2.51544
2.44, 0.0319374, 1.51355, 1.78643, 1.9887, 1.85932, 1.88236, 2.07238, 1.85051, 2.28058, 2.00007, 1.8654, 2.05574, 2.41772, 2.48001, 2.25958, 2.13663, 2.64205, 2.79977, 2.44076, 2.92768, 2.86092, 3.01461, 2.87822, 2.78187, 2.55344, 2.75398, 2.88742, 2.90454, 2.22641, 2.24753, 2.70718
2.46, 0.0319374, 0.475966, 1.81168, 2.12072, 1.6261, 1.6307, 1.40523, 1.3958, 2.58423, 2.12428, 2.48246, 2.51096, 2.62586, 2.48743, 2.42702, 2.44504, 2.67491, 2.79483, 2.65481, 2.35371, 2.89825, 2.67496, 2.67365, 2.92441, 2.71173, 2.69151, 2.55708, 2.40022, 2.71237, 2.55584, 2.5469
2.48, 0.0319376, 1.09279, 1.54296, 1.04956, 1.4653, 2.33286, 1.80184, 1.2101, 2.17636, 2.35157, 2.51837, 2.17882, 2.18481, 1.493, 2.04762, 2.43636, 2.74199, 2.84859, 3.1966, 3.12653, 3.13145, 2.87001, 2.95554, 2.73463, 2.66463, 2.66413, 2.25589, 2.7883, 2.66404, 2.80291, 2.56863
2.5, 0.0319376, 1.22194, 1.64763, 1.35958, 1.55269, 2.15114, 2.11777, 2.16016, 2.40206, 2.14173, 2.19484, 1.78182, 1.49663, 1.93492, 2.36212, 2.59383, 2.88247, 2.52431, 2.50828, 2.47853, 2.99048, 2.88954, 2.64174, 2.69747, 2.71988, 2.70277, 2.67932, 2.44721, 2.62409, 2.40948, 2.52158
2.52, 0.0319376, 1.22462, 2.04428, 2.15319, 1.71376, 1.70807, 1.932, 1.9984, 2.21937, 2.12262, 1.92346, 2.15278, 2.34597, 2.28281, 2.24338, 2.1115, 2.55012, 2.64431, 2.41163, 2.58514, 2.66674, 2.1277, 2.33357, 2.70745, 2.66498, 2.56067, 2.66613, 2.57885, 2.24771, 2.33387, 2.49168
2.54, 0.0319376, 0.657633, 1.91519, 1.21028, 1.84608, 1.93056, 1.48671, 1.72459, 1.85219, 1.93153, 2.16615, 1.79656, 2.31373, 2.26216, 1.69768, 2.73235, 2.43455, 2.64932, 2.42197, 2.08609, 2.50598, 2.84393, 2.91727, 2.67576, 2.55611, 2.45702, 2.75823, 2.66253, 2.48951, 2.48639, 2.38113
2.56, 0.0319376, 1.61744, 1.82005, 1.45526, 0.933953, 1.96715, 1.56657, 2.07772, 2.21586, 2.14745, 2.23948, 1.7289, 2.16771, 2.12553, 2.02359, 2.38592, 2.35605, 2.45436, 2.26849, 2.48074, 2.48852, 2.75006, 2.71478, 2.73231, 2.61423, 2.54749, 2.87441, 2.73762, 2.55758, 2.49175, 2.59623
2.58, 0.0319376, 1.37141, 1.65685, 1.47577, 1.07139, 1.91579, 1.58719, 1.55269, 1.69914, 1.85545, 1.85742, 1.77663, 2.34763, 2.23384, 2.61911, 2.12674, 2.36912, 2.42314, 2.82542, 2.56537, 2.47555, 2.48732, 2.83004, 2.94364, 2.85976, 2.6482, 2.61017, 2.51394, 2.61215, 2.2184, 2.62452
2.6, 0.0319376, 0.595743, 1.76154, 1.20546, 1.75105, 1.98333, 2.34428, 2.11253, 2.45633, 2.75026, 2.64684, 2.20527, 2.31342, 2.32481, 1.86979, 2.10492, 2.90435, 2.94293, 2.89803, 2.6311, 2.78826, 2.95208, 2.55573, 2.58179, 2.84118, 2.53056, 2.7198, 2.80851, 2.96264, 2.47509, 2.71568
2.62, 0.0319376, 1.60355, 1.47223, 1.69194, 1.25037, 1.59017, 2.24121, 1.62925, 2.45469, 2.60185, 1.79162, 2.15033, 1.95061, 2.27306, 2.01271, 2.11378, 2.26801, 2.99475, 2.64307, 2.75742, 2.80791, 2.76145, 2.42116, 2.94874, 2.81584, 2.80734, 2.33675, 2.41208, 2.53447, 2.46503, 2.69443
2.64, 0.0319374, 1.09677, 0.424498, 0.647098, 1.05343, 2.15648, 2.01042, 2.40631, 1.79153, 2.41193, 2.36595, 1.54341, 1.94486, 2.54444, 2.30557, 2.4447, 2.27531, 2.52352, 3.10676, 2.55107, 2.30419, 2.27394, 2.4342, 2.84519, 2.66038, 2.7631, 2.52794, 2.77508, 2.75521, 2.59913, 2.65821
2.66, 0.0319374, 1.20302, 1.30408, 0.999659, 1.80745, 1.53952, 1.73922, 1.96166, 2.29002, 2.12252, 1.87281, 1.57227, 1.97768, 1.82744, 1.78333, 2.41539, 2.52794, 2.1303, 2.33334, 2.33323, 2.20379, 2.62492, 2.30225, 2.41243, 2.38282, 2.5522, 2.85242, 2.23806, 2.75439, 2.50447, 2.62906
2.68, 0.0319374, 1.30819, 1.64572, 1.81799, 2.12701, 2.04451, 1.89345, 1.68569, 2.04638, 2.44962, 1.66723, 2.55664, 2.75474, 2.579, 2.69092, 2.24842, 2.32919, 2.53127, 2.26752, 2.35389, 2.79505, 2.44495, 3.0177, 2.71441, 2.72778, 2.56529, 2.69486, 2.45756, 2.3623, 2.38181, 2.22806
2.7, 0.0319374, 0.715688, 1.38706, 1.60153, 1.81333, 2.21861, 1.95856, 1.21385, 1.74571, 2.27791, 2.60552, 2.12962, 2.15563, 1.76755, 2.40752, 2.30534, 2.62974, 2.66177, 2.6581, 2.55606, 2.60418, 2.40745, 2.31005, 2.71006, 2.72481, 2.65617, 2.51985, 2.31262, 2.72047, 2.52291, 2.11201
2.72, 0.0319374, 1.6018, 1.4281, 1.00598, 1.65957, 1.71907, 2.17107, 1.41744, 2.49599, 2.54135, 2.31321, 1.25137, 2.32542, 2.40909, 2.44619, 2.35692, 2.53635, 2.10622, 2.76116, 2.85929, 2.68325, 2.75572, 2.63613, 2.9236, 2.80574, 2.91473, 2.46422, 2.57694, 2.58692, 2.37208, 2.39555
2.74, 0.0319376, 1.00872, 0.517155, 0.454386, 1.65852, 2.14192, 2.41695, 2.0798, 2.89039, 2.46255, 2.56571, 2.82315, 2.21307, 2.12609, 2.30675, 2.3416, 2.27355, 2.3511, 2.34952, 2.63329, 2.6385, 2.47261, 2.79367, 2.7371, 2.20528, 2.5119, 2.27476, 2.6822, 2.92706, 2.95531, 2.72595
2.76, 0.0319376, 1.46383, 0.756159, 0.820942, 1.25145, 1.55484, 1.70579, 2.04505, 2.41097, 2.04442, 2.33237, 2.74506, 2.86532, 2.90409, 2.25089, 1.89485, 2.64799, 2.26393, 2.09048, 2.59948, 2.6741, 2.72053, 2.58335, 2.82362, 2.56206, 2.92797, 3.37004, 2.7002, 2.26897, 2.65306, 2.62807
2.78, 0.0319376, 1.6767, 1.57253, 0.992837, 1.54881, 1.46377, 1.50677, 2.28875, 2.36534, 1.96945, 1.61932, 1.72401, 1.44682, 1.96093, 2.18552, 2.25388, 2.61781, 2.58053, 2.5389, 2.34791, 2.75281, 2.54508, 2.50099, 2.73012, 2.5103, 2.77774, 2.72247, 2.72495, 2.81776, 2.58737, 2.71425
2.8, 0.0319376, 1.93157, 1.52677, 1.73205, 1.76421, 1.48317, 2.07942, 1.36164, 1.78398, 1.89935, 1.95123, 1.84536, 2.03043, 2.11604, 2.31733, 1.79664, 2.44357, 2.52543, 2.54501, 3.12221, 3.07639, 2.70428, 2.98826, 2.84271, 2.7365, 3.27601, 2.90428, 2.62619, 2.62597, 2.75485, 2.64667
2.82, 0.0319376, 1.85003, 1.27791, 0.644071, 0.795414, 1.63562, 1.7232, 1.73714, 2.42283, 2.36316, 2.43256, 2.8356, 2.08694, 2.19723, 2.06102, 2.2185, 2.13046, 2.18853, 2.16183, 2.09986, 2.66219, 2.9883, 3.1003, 2.80234, 3.00972, 3.04827, 2.65493, 2.75198, 2.76106, 2.68304, 2.49705
2.84, 0.0319376, 0.118522, 1.23839, 2.01309, 1.8155, 1.43557, 1.83303, 2.15445, 2.20655, 1.93652, 1.77882, 2.52817, 2.59712, 2.10464, 2.30603, 2.5377, 2.18639, 2.53298, 2.38898, 2.16078, 2.8063, 2.82125, 2.64942, 2.60833, 2.81773, 3.09883, 2.68018, 2.51995, 2.42001, 2.37503, 2.52169
2.86, 0.0319376, 1.72862, 1.52828, 1.04283, 1.27553, 1.72724, 2.40287, 1.9559, 2.81656, 2.82562, 2.7031, 3.10283, 2.41795, 2.30851, 2.68529, 2.52993, 2.90196, 2.72993, 2.30392, 2.40824, 2.86305, 2.45757, 2.4948, 2.30893, 2.47947, 2.75352, 2.70357, 2.4222, 2.45838, 2.43632, 2.43504
2.88, 0.0319374, 1.79391, 1.63313, 1.91754, 1.70429, 1.22054, 1.62489, 0.839581, 0.943825, 1.84358, 1.88189, 2.17033, 1.61359, 2.10784, 2.6123, 2.6714, 2.83042, 2.78903, 2.51232, 2.44695, 2.73938, 2.68382, 2.71771, 2.4927, 2.95135, 2.73743, 2.70853, 2.17075, 2.59281, 2.76964, 2.80409
2.9, 0.0319374, 1.69392, 1.94599, 1.36913, 0.190264, 2.19623, 2.26835, 1.96256, 2.57236, 2.35323, 2.11564, 2.52157, 2.74324, 2.57778, 2.37562, 2.78652, 2.67921, 2.66862, 2.03437, 2.28233, 2.42991, 2.60328, 2.33381, 2.44442, 2.8614, 2.58712, 1.93704, 2.42172, 2.61242, 2.68226, 2.55774
2.92, 0.0319374, 0.856231, 1.07005, 0.990389, 1.92895, 2.05077, 2.19024, 2.15826, 2.52812, 2.56227, 2.20323, 1.71232, 1.75359, 2.73436, 2.57857, 2.0779, 2.82515, 2.7922, 2.71481, 2.33038, 2.3734, 3.04308, 2.85821, 2.77795, 2.78564, 2.58155, 2.57941, 2.4677, 2.43738, 2.54102, 2.47609
2.94, 0.0319374, 1.87998, 1.80512, 1.90546, 1.89313, 1.65701, 1.83513, 1.66908, 1.68968, 2.32759, 2.08553, 2.22333, 2.64887, 2.08309, 2.50512, 2.16, 2.26296, 2.69061, 2.87045, 2.92895, 2.91153, 2.60084, 2.9071, 2.54624, 2.34612, 2.86689, 3.05822, 2.79817, 2.94594, 2.95983, 2.73996
2.96, 0.0319374, 1.77316, 1.81445, 1.58315, 1.56375, 1.69586, 1.51141, 2.00219, 2.08547, 2.56349, 2.51282, 1.99283, 2.34513, 2.33673, 2.32108, 2.18559, 2.38338, 2.33553, 2.49504, 2.55276, 2.9263, 2.73572, 2.86244, 2.97908, 2.56249, 2.43719, 2.60885, 2.24823, 2.45244, 2.36531, 2.56971
2.98, 0.0319376, 1.99541, 1.25587, 1.86413, 2.25602, 1.73935, 1.70551, 2.01811, 2.35554, 2.66105, 2.17187, 2.03753, 2.64164, 2.51383, 2.37815, 2.6161, 2.63372, 2.86352, 3.01495, 2.46174, 2.67208, 2.5989, 2.72392, 3.18827, 2.88847, 2.76137, 2.64007, 2.55959, 2.84711, 2.94861, 2.98698
3, 0.0319376, 0.820503, 1.37366, 1.67052, 1.62006, 2.36444, 2.08643, 1.4475, 1.93008, 1.65912, 2.15946, 2.096, 2.62675, 2.36786, 1.63442, 1.779, 2.06103, 2.64296, 2.47666, 2.48655, 2.51803, 2.51281, 2.52638, 2.47636, 2.80241, 2.7177, 2.73129, 2.64046, 2.26764, 2.61364, 2.66909
3.02, 0.0319376, 1.24798, 1.17766, 1.9074, 1.59649, 2.26141, 2.40407, 1.58759, 1.80753, 1.7306, 1.73756, 1.60402, 2.57098, 2.75336, 2.53026, 2.38562, 2.46452, 2.18314, 2.30639, 2.50927, 2.35289, 2.67861, 2.71251, 2.71601, 2.93993, 2.24562, 2.65232, 2.80878, 2.79293, 2.31564, 2.30751
3.04, 0.0319376, 1.48136, 2.12807, 1.98039, 1.8122, 1.8064, 1.97114, 2.20448, 2.42114, 2.52522, 1.8709, 2.30261, 2.58954, 2.31008, 2.33278, 2.60858, 2.52498, 2.78882, 2.99083, 2.94996, 2.97036, 2.98629, 2.84716, 2.98538, 2.94324, 2.85569, 2.87363, 2.98996, 2.76787, 2.87816, 2.74531
3.06, 0.0319376, 1.53942, 1.76039, 1.80071, 2.11733, 2.20055, 2.37015, 2.50185, 2.55413, 2.6608, 2.69653, 2.6807, 2.77479, 2.784, 2.74134, 2.6966, 2.74629, 3.1098, 3.26752, 3.19982, 3.21303, 3.32597, 3.26641, 2.74932, 2.80858, 3.11451, 3.16346, 2.9014, 3.09631, 2.99248, 2.8769
3.08, 0.0319376, 1.25953, 1.40121, 1.51243, 1.79103, 2.06705, 2.33822, 1.93582, 2.07834, 2.41265, 2.16413, 1.98513, 2.68092, 2.43498, 1.92729, 2.12669, 2.83388, 3.01873, 2.85691, 2.4192, 2.55797, 3.11317, 3.04751, 3.19269, 2.82077, 2.79853, 2.71892, 2.74031, 3.05741, 3.03717, 2.88829
3.1, 0.0319376, 1.27798, 1.52084, 1.64141, 1.76749, 2.11537, 2.15058, 1.63605, 2.12714, 1.82634, 2.05863, 1.96216, 2.52231, 2.25995, 2.29434, 2.38224, 2.39934, 2.68591, 2.23465, 2.4622, 2.49642, 2.50588, 2.77521, 2.95655, 2.58104, 2.55252, 2.43084, 2.61311, 2.54319, 2.63756, 2.35144
3.12, 0.0319376, 1.42256, 1.30648, 1.96858, 1.8515, 2.15633, 2.45955, 1.56065, 1.99961, 2.4286, 2.41156, 2.14003, 1.94065, 2.13938, 2.58129, 2.41397, 2.27286, 2.18786, 2.42612, 2.49081, 2.69484, 2.51948, 2.63099, 2.55945, 2.53341, 2.7508, 2.69218, 2.88674, 2.74551, 2.27475, 2.42041
3.14, 0.0319374, 0.62886, 1.32644, 1.64787, 1.53115, 1.33092, 1.55136, 1.80699, 1.80044, 2.19039, 2.18316, 2.02669, 1.8959, 2.07981, 2.45701, 2.0818, 2.21015, 2.06905, 2.23846, 2.57391, 2.46432, 2.72935, 2.50061, 2.48346, 2.41244, 2.8674, 2.87384, 2.49335, 2.54444, 2.56249, 2.43747
3.16, 0.0319374, 1.27422, 2.05685, 1.99562, 1.42492, 1.62537, 2.46225, 3.02612, 2.72469, 2.48323, 2.22896, 1.92115, 2.11192, 2.44055, 2.37187, 1.94246, 2.28024, 2.69082, 2.63191, 2.68287, 2.3925, 2.69942, 3.06553, 2.87579, 2.81354, 3.05535, 2.94948, 2.86445, 2.6153, 2.34593, 2.5853
3.18, 0.0319374, 0.703626, 1.11893, 1.0993, 1.4119, 1.98339, 1.82829, 1.93163, 2.08664, 2.07433, 1.9605, 1.47698, 1.38271, 1.63158, 1.97946, 1.85565, 1.96643, 2.48864, 2.23499, 2.38929, 2.24746, 2.88497, 2.61983, 2.41744, 2.62931, 2.63539, 2.51433, 2.60809, 2.46738, 2.36289, 2.20499
3.2, 0.0319374, 0.316894, 1.67291, 2.02834, 1.74016, 1.75883, 2.05311, 2.0606, 1.73896, 2.4923, 2.19281, 2.07955, 1.74062, 2.38663, 2.80454, 2.60179, 2.51991, 2.21351, 2.51297, 2.81697, 2.86035, 3.28443, 2.80216, 2.78406, 2.61572, 2.78599, 2.66337, 2.64262, 2.62156, 2.49779, 2.50831
3.22, 0.0319374, 1.03708, 0.974394, 1.46782, 1.21156, 1.40259, 2.01079, 1.69585, 1.39808, 1.76186, 1.7585, 2.36666, 2.33381, 2.74416, 2.5233, 2.63937, 2.73619, 2.63475, 2.67471, 2.77077, 2.44403, 2.39133, 2.68273, 3.10532, 2.65774, 2.88552, 2.7371, 2.33375, 2.64805, 2.61543, 2.4399
3.24, 0.0319376, 1.47742, 1.98231, 1.9045, 1.44988, 2.05821, 2.25287, 2.02694, 2.72848, 1.96694, 1.69172, 2.17113, 2.40142, 2.70387, 2.45853, 1.93646, 2.46915, 2.31921, 2.7422, 2.37397, 2.69257, 2.55794, 2.55534, 2.82581, 2.85558, 2.87769, 2.65995, 2.63672, 2.85136, 2.64032, 2.82981
3.26, 0.0319376, 1.4661, 1.63207, 1.6376, 1.13017, 1.8141, 1.58759, 1.9198, 2.24951, 1.93819, 2.12818, 2.03216, 1.5616, 1.78439, 2.09324, 1.99125, 2.23662, 2.6005, 2.67395, 2.62098, 2.24054, 2.34157, 2.04714, 2.33689, 2.77992, 2.76284, 2.81446, 2.39775, 2.23449, 2.24538, 2.37992
3.28, 0.0319376, 0.625349, 0.77543, 0.743399, 1.06454, 1.15153, 1.68336, 1.95962, 1.97489, 2.22235, 2.81681, 2.75928, 2.54209, 2.24154, 2.47971, 2.53344, 2.65773, 2.58096, 2.55558, 2.77261, 2.66128, 2.90453, 2.58817, 2.7434, 2.4442, 2.90251, 3.17515, 2.97408, 2.60133, 2.53977, 2.70946
3.3, 0.0319376, 1.15097, 0.880299, 1.18505, 0.96697, 1.24928, 1.80358, 2.2764, 1.61092, 1.45251, 2.13082, 1.85235, 1.96533, 2.12354, 2.67077, 2.1271, 2.16286, 2.14528, 2.24581, 2.08267, 2.38453, 2.41776, 2.85949, 2.94856, 2.40121, 2.53906, 2.60756, 2.77409, 2.6762, 2.56653, 2.5875
3.32, 0.0319376, 1.57805, 0.796092, 1.57284, 1.86954, 1.93125, 2.21143, 2.31279, 1.84579, 1.8936, 2.15061, 1.81134, 2.01947, 2.24539, 2.28456, 2.1939, 2.93589, 3.05229, 2.44708, 2.70377, 2.83263, 2.65998, 2.39796, 2.68951, 2.63738, 3.07514, 2.3736, 2.72441, 2.51051, 2.44881, 2.59651
3.34, 0.0319376, 1.33293, 1.72882, 0.979087, 1.05544, 0.97761, 1.50337, 1.06869, 2.51003, 2.61454, 2.0913, 2.1026, 2.33636, 2.4312, 2.26021, 1.97938, 2.64718, 2.09593, 2.23585, 2.74209, 2.65467, 2.55723, 2.5936, 3.18668, 2.83066, 2.39509, 2.90019, 2.63512, 2.91956, 2.72402, 2.64964
3.36, 0.0319376, 1.78542, 0.900844, 1.91584, 1.7511, 1.21008, 1.58813, 2.01435, 1.93998, 2.3223, 1.44979, 1.75423, 2.43044, 2.2946, 2.10543, 2.39623, 2.71021, 2.88566, 2.8512, 2.90363, 2.49892, 2.68393, 2.46014, 2.6784, 2.77461, 2.86509, 2.97236, 2.74538, 2.59645, 2.43876, 2.47252
3.38, 0.0319374, 0.396158, 0.70465, 1.89896, 1.49011, 1.63245, 2.46758, 2.05503, 1.21362, 1.96045, 1.78201, 2.32434, 2.08919, 2.2696, 2.4889, 2.45473, 2.49801, 2.58843, 2.7396, 2.79744, 2.5458, 2.54959, 2.49958, 2.51228, 2.8666, 2.70928, 2.52425, 2.59499, 2.66455, 2.72633, 2.27739
3.4, 0.0319374, 1.63207, 0.23404, 1.14517, 1.3649, 1.79838, 1.69763, 2.03792, 2.22502, 1.62779, 1.89019, 1.55317, 1.86348, 2.07844, 2.37716, 2.12508, 1.66629, 1.79696, 2.33998, 2.47594, 2.66827, 3.04641, 2.30723, 2.38813, 2.66791, 2.54073, 2.37153, 2.44927, 2.56616, 2.63349, 2.62685
3.42, 0.0319374, 1.8501, 1.54458, 0.912981, 1.40368, 1.42706, 1.53056, 1.89899, 2.42494, 1.37545, 2.53284, 2.15945, 1.82506, 2.02704, 2.68896, 2.31142, 2.41081, 2.52659, 2.56269, 2.65479, 2.68192, 2.65467, 2.41874, 2.41704, 2.40052, 2.47496, 2.44247, 2.4993, 2.50594, 2.3206, 2.30899
3.44, 0.0319374, 1.50625, 1.44378, 1.55098, 1.51098, 1.96195, 2.09208, 2.17283, 2.06863, 2.03373, 2.43536, 2.2171, 2.47643, 2.2054, 1.70161, 2.0513, 2.7448, 2.54998, 2.72558, 2.18243, 2.28342, 2.67936, 2.88397, 2.81849, 2.66835, 2.60143, 2.77746, 2.6408, 2.56798, 2.47173, 2.46103
3.46, 0.0319374, 0.790439, 1.26184, 0.978295, 1.44751, 2.11956, 2.23472, 2.16152, 2.1613, 2.24327, 2.07312, 2.43848, 1.83584, 2.07822, 2.37125, 2.40531, 2.65872, 2.36436, 2.3619, 2.58924, 2.86994, 2.33562, 2.64879, 2.89675, 2.86188, 2.54819, 2.78476, 2.43984, 2.69603, 2.64092, 2.5752
3.48, 0.0319376, 1.55614, 1.65933, 1.98373, 1.82742, 1.94274, 1.67727, 1.76653, 2.27808, 2.48865, 2.11134, 1.7954, 2.28966, 2.09268, 2.22756, 1.76001, 2.51429, 2.32901, 2.74054, 2.6446, 2.73494, 2.78809, 2.6582, 2.68479, 2.56057, 2.6362, 2.75377, 2.77454, 2.44697, 2.58323, 2.53456
3.5, 0.0319376, 1.16542, 1.17832, 1.03296, 1.67207, 2.10905, 1.71927, 1.63367, 1.80482, 2.65677, 1.83157, 2.15097, 2.15865, 2.37597, 2.76169, 2.22499, 2.26508, 2.4362, 2.16558, 2.42521, 2.69865, 2.4884, 2.82112, 2.65146, 2.80774, 2.60496, 2.73367, 2.64954, 2.62896, 2.58811, 2.87681
3.52, 0.0319376, 1.33175, 1.39126, 2.2379, 2.14269, 1.88689, 1.52708, 1.54236, 2.34733, 2.2659, 1.77341, 2.11578, 1.50843, 2.16118, 2.42084, 2.01188, 1.90748, 2.87083, 2.89612, 2.76023, 2.97235, 2.92076, 2.90917, 2.45281, 2.77108, 3.10539, 2.87307, 2.76208, 2.91688, 2.81436, 2.79143
3.54, 0.0319376, 0.871504, 1.69839, 1.62086, 1.84354, 1.7734, 2.37266, 1.87863, 1.61346, 2.06176, 2.07171, 2.01155, 2.33228, 2.43124, 2.19256, 2.07994, 2.7408, 2.8266, 2.62481, 2.11577, 2.21479, 2.32994, 2.46924, 2.4882, 2.7478, 2.86517, 2.49439, 2.53411, 2.42665, 2.3587, 2.72856
3.56, 0.0319376, 1.26523, 0.82828, 1.59705, 1.86388, 2.26561, 1.87845, 1.82088, 2.53635, 2.22815, 2.41395, 2.37766, 2.46318, 2.57871, 2.31335, 2.2583, 2.68201, 2.85906, 2.94486, 2.68118, 3.00966, 2.60481, 2.82762, 2.96372, 2.97758, 2.83833, 2.81306, 2.46882, 2.66273, 2.90701, 2.70254
3.58, 0.0319376, 0.274681, 0.90057, 1.42446, 1.63694, 1.24114, 2.15696, 2.08832, 2.52911, 2.93823, 3.16936, 2.22863, 2.09528, 2.04999, 2.29826, 2.52666, 2.77183, 2.69212, 2.52605, 3.07402, 2.90063, 2.82413, 3.04456, 2.75271, 2.5205, 2.55806, 2.71846, 2.66507, 2.69866, 2.61944, 2.40708
3.6, 0.0319376, 1.21162, 1.36438, 1.86076, 1.60573, 1.80497, 2.11991, 1.84859, 2.17925, 2.62335, 1.95236, 2.08009, 2.15976, 2.44589, 2.70856, 2.59333, 3.11655, 2.76323, 3.01326, 2.50919, 2.16146, 2.6417, 2.64561, 2.82805, 2.39646, 2.73194, 2.92808, 2.4536, 2.46691, 2.56225, 2.68376
3.62, 0.0319376, 0.977116, 1.21272, 1.32723, 1.22564, 1.84942, 1.5547, 2.06106, 1.94944, 2.62262, 1.93348, 1.11189, 2.38692, 2.5429, 2.37277, 2.08589, 2.31258, 2.19448, 2.27904, 2.88377, 3.04284, 2.77693, 2.76874, 2.50199, 2.6692, 2.76063, 2.77096, 2.83955, 2.8407, 2.42681, 2.72901
3.64, 0.0319374, 0.68834, 2.06049, 1.68753, 1.15357, 1.94133, 1.89172, 2.00369, 2.20939, 1.99914, 2.28737, 2.08257, 1.96775, 1.86, 2.16563, 2.25394, 2.46395, 2.48232, 2.74886, 2.84106, 3.03314, 2.96728, 2.5273, 2.60586, 2.88996, 2.9784, 2.7912, 2.6728, 2.84807, 2.48373, 2.49237
3.66, 0.0319374, 1.17405, 1.43633, 1.38788, 1.62492, 2.22212, 1.64596, 1.71032, 1.88133, 2.4924, 1.83321, 1.74989, 2.15756, 2.15643, 2.31493, 2.69407, 2.39096, 2.47644, 2.42309, 2.20208, 2.71309, 2.7791, 2.74539, 2.61163, 2.51779, 2.58894, 2.72745, 2.70532, 2.89204, 2.46559, 2.47182
3.68, 0.0319374, 1.25723, 1.6637, 1.92526, 1.41419, 2.36076, 1.80435, 1.89643, 1.60366, 1.98322, 1.57477, 1.90274, 1.65709, 2.30127, 2.2756, 1.93747, 2.47607, 2.42575, 2.49818, 2.72476, 2.88491, 2.67347, 2.49969, 2.60293, 2.68559, 2.83804, 2.4989, 2.54985, 2.72755, 2.62909, 2.45685
3.7, 0.0319374, 0.783523, 1.41886, 1.69034, 1.6458, 1.79751, 1.71313, 2.48546, 2.09767, 1.24773, 1.88964, 2.00407, 2.52351, 2.22541, 1.91465, 1.88421, 2.28917, 2.50708, 2.96948, 2.53829, 2.27702, 2.54792, 2.62098, 2.71134, 2.88647, 2.52926, 2.1824, 2.39699, 2.40289, 2.42806, 2.26278
3.72, 0.0319374, 0.359106, 1.69556, 1.58338, 1.73465, 2.02833, 2.32052, 2.10006, 2.6393, 2.42357, 2.10928, 1.8679, 2.42908, 2.29183, 2.55432, 2.29091, 2.82592, 2.58954, 2.43449, 3.04746, 2.70548, 2.98631, 2.54694, 2.70914, 2.69946, 2.55015, 2.57531, 2.35167, 2.7574, 2.81631, 2.57257
3.74, 0.0319376, 1.3159, 1.11864, 1.27547, 2.14007, 1.75242, 2.16884, 1.96943, 2.03135, 1.6547, 2.09806, 2.54871, 2.43156, 2.63078, 2.50873, 2.59315, 3.04444, 3.15259, 2.7792, 3.07801, 2.84536, 2.88017, 2.80091, 2.6519, 2.82416, 2.83293, 2.83678, 2.85866, 2.51286, 2.43835, 2.81947
3.76, 0.0319376, 1.21826, 1.16918, 2.10219, 1.5817, 1.72616, 1.6256, 1.63798, 2.65914, 2.48855, 2.66694, 2.80738, 2.45256, 2.52288, 2.84279, 2.44077, 2.64522, 2.90624, 2.71272, 2.71578, 2.75314, 3.04185, 2.6015, 2.86997, 2.76044, 2.92847, 3.09981, 2.86697, 2.64049, 2.55295, 2.60626
3.78, 0.0319376, 1.28108, 2.14699, 1.83646, 1.5775, 1.56626, 1.77211, 1.69749, 2.88219, 2.69098, 2.59239, 2.20716, 2.22944, 2.20987, 1.46005, 2.0685, 2.10839, 2.71591, 2.93443, 2.70901, 2.63448, 2.78016, 2.35354, 3.03133, 2.807, 2.77743, 2.44463, 2.71449, 2.6874, 2.81918, 2.78041
3.8, 0.0319376, 0.985798, 1.07474, 1.63167, 1.32518, 2.04366, 1.94204, 1.89732, 2.25127, 2.31668, 2.36895, 2.74692, 2.47781, 1.99693, 2.08021, 2.45184, 2.1511, 2.53429, 2.7135, 2.43298, 2.87431, 3.00733, 2.92669, 2.9902, 2.90627, 2.55257, 2.63161, 2.63252, 2.72582, 2.66716, 2.69623
3.82, 0.0319376, 0.80357, 1.45202, 2.00759, 1.50725, 1.6769, 1.99019, 2.15622, 1.90867, 2.41503, 2.15226, 1.68378, 2.0991, 2.7554, 2.63412, 2.3524, 2.03746, 2.44271, 2.86833, 2.68545, 2.37462, 2.7, 2.88811, 2.74587, 2.93874, 2.65579, 2.70412, 2.9245, 2.8972, 2.55624, 2.68248
3.84, 0.0319376, 0.868713, 1.33501, 0.858041, 1.30294, 1.83135, 1.5371, 1.67907, 2.02121, 2.28435, 2.0513, 2.26331, 2.58586, 2.4301, 2.82773, 2.73784, 2.37007, 2.64015, 2.7273, 3.07015, 2.51243, 2.81711, 3.32579, 2.89437, 2.70719, 2.75814, 3.0375, 2.90996, 2.7932, 2.17059, 2.5292
3.86, 0.0319376, 1.19635, 1.35435, 1.61979, 1.68086, 2.38244, 1.70101, 1.56985, 2.40659, 2.44697, 2.64998, 2.35309, 2.53716, 2.22459, 2.01602, 2.6808, 2.63531, 3.0829, 3.49407, 3.15662, 2.61102, 2.67162, 2.87951, 2.89495, 2.88973, 2.87292, 3.28129, 3.23409, 2.74956, 2.77901, 2.7014
3.88, 0.0319374, 0.94478, 1.24036, 1.77574, 1.86446, 1.46857, 2.30932, 1.71292, 2.58109, 2.66092, 2.43535, 2.38346, 2.54621, 1.86925, 2.0903, 2.84468, 2.78173, 2.7532, 2.7912, 2.8833, 2.91728, 2.99686, 2.73133, 3.07122, 3.08055, 2.67482, 2.74548, 2.86317, 2.71116, 2.71567, 2.74134
3.9, 0.0319374, 1.48301, 1.41473, 1.60404, 1.31133, 2.03355, 2.34737, 2.57458, 1.42198, 2.2247, 2.41595, 2.19818, 2.2074, 2.22793, 2.54312, 2.44926, 2.35923, 2.64773, 2.34204, 2.72576, 2.61935, 2.87333, 2.7139, 2.61695, 2.87593, 3.09422, 2.94381, 2.90209, 2.90985, 2.79634, 2.82852
3.92, 0.0319374, 1.12017, 0.296811, 0.443491, 0.806984, 1.93678, 1.9539, 2.01204, 1.6103, 2.05902, 2.20723, 2.30673, 2.47599, 2.49081, 2.52936, 2.30783, 2.81959, 2.99319, 3.46761, 3.01745, 2.77787, 3.16391, 3.34853, 3.10924, 2.97064, 2.77601, 2.79662, 2.82065, 2.91861, 2.78805, 2.66262
3.94, 0.0319374, 0.911266, 1.30618, 1.73078, 1.40872, 1.34572, 1.80612, 0.922256, 1.83654, 3.02797, 2.97211, 2.30138, 3.23818, 3.0437, 2.47201, 2.61024, 3.03335, 3.15104, 2.72863, 2.99428, 2.90534, 3.00979, 2.8924, 2.89941, 2.90529, 3.27163, 3.06349, 2.92593, 2.80288, 2.51349, 2.76878
3.96, 0.0319374, 1.36169, 1.53195, 1.7718, 1.3992, 2.17903, 1.72314, 1.66314, 2.25069, 2.21084, 1.79919, 1.84631, 2.04785, 2.34996, 2.06089, 2.32758, 2.72864, 2.4534, 2.99365, 2.6901, 2.59958, 2.93333, 2.72409, 2.71473, 3.12308, 3.06969, 2.61296, 2.79916, 3.09017, 2.6956, 2.55905
3.98, 0.0319376, -0.129604, 0.199125, 1.2193, 1.856, 1.86515, 1.72052, 1.67542, 1.64506, 1.47235, 2.26579, 2.61454, 2.72227, 2.46998, 2.64998, 2.55343, 2.37648, 2.73704, 2.79202, 2.72341, 2.73766, 2.97508, 2.70179, 2.99491, 3.2094, 3.04281, 2.85876, 2.68204, 2.60898, 2.53396, 2.70884
4, 0.0319376, 0.984739, 1.56674, 1.52988, 1.49469, 1.61552, 2.35202, 1.87553, 2.06728, 2.15355, 1.64427, 2.22081, 2.41226, 2.12169, 2.43685, 3.08103, 2.50087, 2.56997, 2.31408, 2.5443, 2.65864, 2.9133, 2.84252, 2.82167, 2.7537, 2.48142, 2.32698, 2.60071, 2.78278, 2.64077, 2.48203
4.02, 0.0319376, 0.579797, 1.58628, 1.93344, 1.96405, 2.25513, 1.6739, 2.13325, 2.22367, 2.57315, 2.35821, 2.43539, 2.53814, 2.35969, 2.3189, 2.41421, 2.51857, 2.89688, 2.53636, 2.54884, 2.6265, 2.57751, 2.72363, 2.90036, 2.65516, 2.57574, 2.32409, 2.61005, 2.86518, 2.6654, 2.64402
4.04, 0.0319376, 0.901069, 1.62816, 1.82622, 1.16373, 1.54957, 0.911127, 1.79395, 2.20199, 2.1459, 2.24484, 2.31563, 2.03676, 1.8928, 2.29485, 2.21442, 2.56346, 3.15228, 2.76927, 2.49997, 2.99613, 2.62977, 3.00142, 2.80495, 2.61315, 2.91458, 2.72983, 2.68433, 2.44552, 2.55834, 2.53
4.06, 0.0319376, 1.28138, 1.76837, 1.6046, 1.0286, 1.25753, 1.69166, 2.42007, 2.22025, 1.9647, 1.95079, 1.81114, 1.98831, 2.05828, 2.08398, 2.48885, 2.32458, 2.81346, 2.66702, 2.16848, 2.97677, 2.68621, 2.76694, 2.85648, 2.61075, 2.91038, 2.69094, 2.8105, 2.61758, 2.45776, 2.69323
4.08, 0.0319376, 1.29211, 1.61166, 1.55981, 2.1986, 2.08457, 1.56539, 1.94011, 2.21395, 2.46756, 2.2758, 2.27256, 2.50906, 2.36895, 2.39835, 2.5729, 2.37923, 2.28369, 2.7121, 2.79411, 3.05869, 2.76774, 2.88251, 2.7877, 3.09526, 3.12354, 2.83126, 2.73438, 2.70973, 2.85032, 2.71875
4.1, 0.0319376, -0.184658, 1.1524, 1.51413, 1.14838, 1.58063, 1.19975, 1.54226, 1.72266, 2.04654, 2.44812, 2.66389, 2.23744, 2.4325, 2.50815, 2.36192, 2.24556, 2.40249, 2.55729, 2.11333, 2.79013, 2.74953, 2.56074, 2.74519, 2.80015, 2.91962, 2.85342, 2.54082, 2.62301, 2.38202, 2.53434
4.12, 0.0319376, 1.50266, 1.38669, 1.8711, 1.6306, 1.69644, 1.45804, 2.14434, 2.47349, 2.82594, 2.25972, 2.5233, 2.06485, 2.32165, 2.39232, 2.32692, 3.06463, 3.05889, 3.06993, 2.94623, 2.6266, 3.01597, 2.73154, 2.97118, 2.71621, 2.36138, 2.67686, 3.01905, 2.79311, 2.73422, 2.77806
4.14, 0.0319376, 0.796913, 1.20523, 1.05218, 1.14408, 2.29661, 2.18988, 2.0036, 2.8975, 2.97477, 2.15093, 1.50383, 2.48531, 2.90249, 2.76312, 2.28099, 2.60567, 2.78719, 2.6729, 2.40642, 2.75056, 2.68969, 2.37324, 2.3638, 2.74711, 2.48274, 2.53533, 2.53391, 2.71433, 2.55083, 2.70038
4.16, 0.0319376, 0.478995, 1.18542, 1.02777, 0.786115, 1.68084, 2.47357, 2.23566, 2.20364, 2.31358, 2.11138, 2.51487, 2.26996, 2.156, 2.33809, 2.8703, 2.50732, 2.72531, 2.80451, 2.6321, 2.62671, 2.88219, 2.86138, 3.47277, 3.15794, 3.11251, 2.67182, 2.66609, 2.68743, 2.84443, 2.98131
4.18, 0.0319376, 0.869091, 1.74395, 2.10412, 1.68817, 1.98236, 2.12159, 1.81081, 1.59642, 2.21718, 2.43136, 2.53809, 2.48489, 2.29972, 2.61612, 2.77457, 2.76179, 2.8449, 2.34266, 2.32773, 2.81425, 2.46438, 2.27884, 2.99384, 3.24981, 2.8395, 2.75437, 2.52914, 2.72348, 3.15144, 2.90869
4.2, 0.0319376, 1.28746, 1.16669, 1.18956, 1.84974, 2.32378, 2.20951, 1.99108, 2.37457, 2.18214, 2.06888, 2.55269, 2.4824, 1.86225, 2.77383, 2.48216, 2.14778, 2.76847, 2.90763, 2.34138, 3.10146, 2.96696, 2.98711, 2.85012, 2.73382, 2.6355, 2.87503, 2.45771, 2.55617, 2.53187, 2.50216
4.22, 0.0319376, 0.991771, 0.916523, 1.33011, 1.58511, 2.29342, 1.20554, 1.60737, 2.26118, 2.81321, 2.01245, 1.88199, 2.45443, 2.49011, 2.8349, 2.64704, 2.34869, 2.5398, 2.52465, 3.17792, 2.87021, 2.71394, 2.34153, 2.66565, 2.7175, 2.98937, 2.82374, 2.88167, 3.06518, 2.75181, 2.66993
4.24, 0.0319376, 0.941379, 1.18951, 1.66902, 1.80362, 2.13486, 2.09079, 1.41997, 2.08027, 2.45013, 2.66949, 2.66398, 2.3147, 2.21297, 2.02536, 2.01194, 2.70196, 2.21613, 2.41852, 2.84769, 2.69611, 2.68565, 2.93999, 3.1479, 2.86069, 3.00007, 3.06007, 2.82165, 2.69035, 2.79819, 2.97349
4.26, 0.0319371, 1.34088, 1.12633, 1.42421, 1.71474, 2.21731, 2.41043, 2.34738, 1.63611, 2.50954, 2.83395, 2.1748, 2.51979, 2.27375, 2.56149, 2.41573, 2.61902, 2.76056, 2.741, 2.66382, 3.11347, 2.64224, 2.55148, 2.82678, 2.88219, 3.10002, 2.97031, 2.99237, 3.11578, 2.65818, 2.69433
4.28, 0.0319371, 0.734154, 1.06767, 0.704793, 1.33944, 1.97692, 2.36192, 1.80829, 1.0887, 1.44733, 2.4774, 2.4893, 2.27579, 2.31911, 2.32333, 2.50847, 2.53115, 2.38724, 2.62262, 2.45484, 2.66229, 2.8907, 2.8317, 2.65213, 2.64784, 2.6582, 2.60784, 2.78179, 2.65446, 2.36152, 2.61692
4.3, 0.0319371, 1.43003, 1.34833, 1.48697, 1.58777, 1.90401, 1.82127, 1.75835, 2.46742, 2.20075, 1.89228, 2.29365, 2.20176, 2.02521, 2.7233, 2.40345, 2.3389, 2.63073, 2.82705, 2.27923, 2.53009, 2.51647, 2.98276, 2.77492, 2.59458, 2.62244, 2.784, 2.66294, 2.69692, 2.82652, 2.82251
4.32, 0.0319371, 0.87186, 1.05169, 1.28131, 1.33467, 1.75984, 1.75924, 1.53125, 2.3923, 2.2265, 2.32141, 2.23708, 2.21885, 2.66491, 2.56015, 2.48297, 2.94162, 2.81157, 2.72371, 2.68889, 2.97775, 2.7505, 2.73662, 2.64339, 2.59021, 2.82726, 2.96709, 2.9724, 2.99315, 2.42372, 2.33689
4.34, 0.0319371, 1.05899, 0.829258, 1.62965, 1.10223, 1.56319, 1.86381, 1.75495, 2.37221, 2.80073, 1.90802, 2.65864, 2.26342, 2.08039, 2.21614, 2.60794, 2.57017, 2.73055, 2.37556, 2.74236, 2.41403, 2.4806, 2.74725, 2.48606, 2.59188, 2.56129, 2.54885, 2.76964, 2.68434, 2.4619, 2.58772
4.36, 0.0319376, 1.49456, 1.38167, 1.40538, 1.44434, 1.4105, 1.30568, 1.72833, 2.43019, 1.88735, 1.78106, 1.36021, 2.10014, 2.41226, 2.22173, 2.43345, 2.78709, 2.51203, 2.30699, 2.38062, 2.45346, 2.6825, 2.76766, 2.43018, 2.92242, 2.69151, 2.4297, 2.65289, 2.43728, 2.09019, 2.43376
4.38, 0.0319376, 0.828669, 1.56094, 1.7322, 1.55881, 1.44813, 1.99357, 1.82399, 1.91998, 2.4339, 2.30549, 2.15324, 2.06457, 2.45796, 2.61998, 2.22467, 2.53436, 2.74978, 2.85923, 2.99768, 2.67557, 2.95264, 2.8762, 3.00241, 2.90323, 2.92397, 2.56674, 2.57267, 2.7496, 2.33593, 2.42662
4.4, 0.0319376, 1.0039, 1.16639, 1.47683, 1.40624, 1.89821, 1.99737, 1.48694, 2.69774, 2.85549, 2.54857, 1.58573, 1.73153, 2.267, 2.3804, 2.07685, 2.04252, 2.6234, 2.64317, 2.72468, 2.68619, 2.84398, 2.84211, 3.2283, 2.69065, 2.83459, 2.84248, 2.45035, 2.99769, 2.88885, 2.64068
4.42, 0.0319376, 1.35211, 1.3837, 1.49802, 1.40311, 1.77469, 1.95559, 1.63711, 1.67916, 2.31638, 2.31981, 2.0313, 1.97406, 1.74179, 2.19004, 2.03857, 2.42416, 2.96654, 2.71695, 2.73819, 2.8528, 3.18229, 2.86755, 2.89324, 2.94696, 2.5588, 2.54924, 2.52054, 2.57528, 2.5401, 2.33148
4.44, 0.0319376, 0.884456, 1.01942, 1.00958, 1.24689, 1.77383, 1.72978, 1.78396, 1.66284, 1.50188, 2.02198, 2.43209, 2.22844, 1.82462, 2.21222, 2.44167, 2.58123, 2.56273, 2.75653, 2.70358, 2.80266, 2.93065, 2.88652, 3.03186, 2.8859, 2.88361, 2.77251, 3.08697, 2.76033, 2.46694, 2.57981
4.46, 0.0319376, 1.59609, 0.859802, 1.48798, 1.53309, 1.96293, 2.35889, 1.92137, 2.09708, 1.90361, 1.8628, 2.13636, 2.25849, 2.69835, 2.34484, 2.64433, 2.35119, 2.2576, 2.17034, 2.19076, 2.75869, 2.68577, 2.65447, 2.26963, 2.64698, 2.66005, 2.93269, 2.60035, 2.54145, 2.29163, 2.50052
4.48, 0.0319376, 1.23929, 0.783975, 1.50246, 2.0352, 1.86851, 2.07109, 1.95989, 2.18404, 2.51718, 2.73173, 2.45405, 2.28973, 2.32857, 2.29182, 1.86511, 2.46326, 2.57827, 2.84506, 2.39424, 2.65967, 2.63932, 2.56406, 2.75052, 2.57347, 2.30755, 2.62917, 2.72433, 2.75457, 2.63908, 2.62113
4.5, 0.0319376, 0.623612, 1.70601, 1.74976, 2.32965, 1.59328, 1.80398, 1.72033, 2.14122, 2.11303, 2.12166, 2.16776, 2.23394, 2.04964, 2.12855, 2.52952, 2.6012, 2.355, 2.31687, 2.88965, 2.84868, 2.92936, 2.90956, 2.81622, 2.89608, 2.63906, 2.82161, 2.77303, 2.51418, 2.46935, 2.46798
4.52, 0.0319376, 1.25508, 1.02622, 1.12113, 0.587245, 1.24996, 2.59251, 2.26671, 2.11158, 2.28762, 1.94759, 2.41966, 2.51645, 2.533, 2.07577, 2.09623, 1.9039, 2.32133, 2.84361, 2.64864, 2.75824, 2.90255, 2.79109, 3.04549, 2.57391, 2.54233, 2.44355, 2.78865, 2.64538, 2.78393, 2.6915
4.54, 0.0319376, 0.760576, 1.38692, 1.26148, 1.97022, 1.85688, 1.81505, 1.6494, 2.29854, 2.19866, 2.01346, 2.47586, 2.65168, 2.63187, 2.51006, 2.69422, 2.51873, 2.62419, 2.76768, 2.62214, 2.46324, 2.72254, 2.58624, 2.5082, 2.78374, 2.84573, 2.89072, 2.69214, 2.4918, 2.2426, 2.21655
4.56, 0.0319376, 1.54566, 1.26186, 1.23521, 1.83949, 1.77599, 1.85712, 1.91854, 1.75761, 1.90399, 1.28399, 1.69457, 2.323, 2.3755, 2.2442, 2.21448, 2.49969, 2.55488, 2.56674, 2.48735, 2.55123, 2.65537, 2.85712, 2.88079, 2.89384, 2.72559, 2.94455, 2.81979, 2.26568, 2.26903, 2.55922
4.58, 0.0319376, 1.07221, 1.19695, 1.07708, 1.26195, 2.28044, 1.96348, 2.48051, 2.31531, 2.20597, 2.52987, 2.28476, 2.25143, 2.17394, 2.33217, 2.48068, 2.32774, 2.74252, 2.60669, 2.48151, 2.5942, 2.48938, 2.64919, 2.66438, 2.76412, 3.09329, 2.89405, 2.6215, 2.70936, 2.7919, 2.48063
4.6, 0.0319376, 0.733594, 1.63534, 1.84655, 1.62497, 1.9554, 1.95474, 2.29732, 2.31989, 2.10836, 2.06217, 1.6771, 2.03286, 2.22938, 2.49685, 2.42446, 2.01196, 2.61389, 2.34515, 2.63596, 2.55332, 2.79992, 2.81344, 2.87193, 2.61056, 2.4973, 2.80249, 2.61678, 2.59083, 2.5718, 2.28056
4.62, 0.0319376, 1.51563, 1.21728, 1.90889, 1.86985, 1.68289, 1.62516, 1.97868, 2.19736, 2.02073, 2.17346, 2.38755, 1.88291, 2.22543, 2.67747, 2.4828, 2.80919, 2.32056, 2.81587, 2.69848, 2.81208, 2.69091, 2.55901, 2.68851, 2.87262, 2.90649, 2.65825, 2.6686, 2.70401, 2.44907, 2.59762
4.64, 0.0319376, 1.03707, 1.61546, 2.04268, 1.88251, 2.2613, 1.32566, 1.49138, 1.91308, 2.03979, 2.05492, 2.19264, 2.4227, 2.11359, 2.49554, 2.03929, 2.24299, 3.09155, 2.91787, 2.31948, 2.28788, 2.38952, 2.70911, 2.43019, 2.78137, 2.9727, 2.80021, 2.75484, 2.45409, 2.64595, 2.60053
4.66, 0.0319376, 1.54837, 1.37032, 1.57031, 1.73657, 2.2616, 2.64045, 2.122, 2.21423, 2.01689, 2.04443, 2.05602, 2.65726, 2.61204, 2.58442, 2.28473, 3.02437, 2.94359, 2.64076, 2.61987, 2.71375, 2.68724, 2.60424, 2.73597, 2.67656, 2.66666, 2.87827, 2.79117, 2.721, 2.67202, 2.6315
4.68, 0.0319376, 1.84026, 1.71913, 1.8481, 1.68276, 1.71026, 1.82597, 1.93219, 2.59957, 2.30784, 2.57539, 2.52528, 2.85506, 2.74343, 2.72712, 2.77745, 2.86652, 2.95097, 2.72703, 2.76072, 3.27475, 3.35171, 3.21226, 2.83005, 2.61252, 2.78167, 2.77317, 2.74094, 2.85225, 2.95704, 2.5304
4.7, 0.0319376, 1.29275, 1.57251, 1.86128, 1.53261, 1.73442, 1.91719, 1.90348, 2.1597, 1.99377, 2.1945, 2.30791, 2.08939, 2.29579, 2.33478, 2.73006, 2.57357, 2.8087, 2.56222, 2.94049, 2.85527, 2.85621, 2.5895, 2.89192, 2.86278, 2.92679, 2.8006, 2.98434, 2.8549, 2.70167, 2.42203
4.72, 0.0319376, 1.15659, 1.20629, 0.740585, 1.45662, 1.89935, 2.07993, 1.8173, 2.29574, 2.6795, 2.87257, 2.59874, 2.39492, 2.50933, 2.26562, 2.88664, 2.90121, 3.29753, 2.7993, 2.48204, 2.88237, 2.64238, 3.13389, 3.08515, 2.57386, 2.67283, 2.51839, 2.70065, 2.78818, 2.2436, 2.68198
4.74, 0.0319376, 1.12968, 1.17364, 1.56562, 1.64255, 1.45801, 2.00504, 1.87763, 2.17489, 2.48959, 2.53855, 1.98042, 2.68556, 2.72734, 2.42293, 2.33095, 2.25932, 2.94708, 3.00347, 2.5772, 2.39375, 3.0092, 2.71802, 2.49978, 2.65972, 3.03645, 2.71362, 2.59457, 2.66838, 2.39071, 2.6674
4.76, 0.0319371, 1.40253, 1.38279, 2.11237, 2.22039, 1.76876, 1.82229, 1.88266, 1.8269, 2.27543, 2.38561, 2.14814, 1.85673, 2.4646, 2.48223, 2.40219, 2.846, 2.94598, 2.67338, 2.6647, 2.80403, 2.7546, 2.78136, 3.02903, 2.57113, 2.68221, 2.55939, 2.52925, 2.68024, 2.35551, 2.55164
4.78, 0.0319371, 1.3663, 0.939374, 1.24932, 1.20209, 1.62607, 2.16609, 1.90159, 2.38684, 2.56006, 2.29084, 1.83179, 1.99907, 2.25632, 2.23186, 2.60646, 2.39408, 2.69578, 2.63213, 2.34465, 2.93782, 2.63063, 2.30591, 2.64703, 2.68523, 2.44355, 2.60326, 2.78964, 2.63782, 2.75999, 2.31399
4.8, 0.0319371, 1.1772, 1.53424, 1.08409, 1.54009, 1.91347, 1.30874, 1.64338, 1.42625, 1.92042, 2.06624, 2.12491, 2.56274, 3.10092, 2.83189, 2.35683, 2.5558, 2.75697, 3.14485, 2.76708, 3.31205, 3.16476, 3.1718, 2.8746, 2.88695, 2.8272, 2.90348, 3.10879, 2.67773, 2.4603, 2.55625
4.82, 0.0319371, 0.701656, 0.979632, 1.02839, 1.43754, 2.12476, 2.41506, 1.74839, 2.38383, 2.52904, 2.34418, 2.176, 2.37274, 3.09092, 2.56726, 2.32086, 2.14024, 2.5634, 2.70992, 2.42289, 2.78643, 2.63044, 2.63442, 2.67598, 2.72842, 2.65824, 2.70153, 2.82227, 2.82844, 2.70381, 2.52929
4.84, 0.0319371, 1.53093, 1.68515, 1.63201, 1.11427, 1.58287, 1.99204, 1.57908, 1.87105, 1.69944, 1.8804, 2.47508, 2.18858, 2.50976, 2.51157, 2.3106, 2.48288, 2.65665, 2.47627, 2.81259, 3.46095, 2.88721, 2.35275, 2.83032, 2.8411, 2.33185, 2.50023, 2.47866, 2.31369, 2.49049, 2.61118
4.86, 0.0319376, 0.422036, 0.815981, 1.39172, 1.59553, 1.65019, 2.37753, 2.41265, 1.99005, 2.45516, 2.07246, 2.56087, 2.57575, 2.21295, 2.18578, 2.42183, 2.33046, 2.48772, 2.41776, 2.81105, 2.73033, 2.60846, 2.31922, 2.28923, 2.7038, 2.61159, 2.42508, 2.60587, 2.89193, 2.82562, 2.7736
4.88, 0.0319376, 1.20077, 1.11004, 1.00225, 1.91239, 1.37012, 1.84003, 2.21637, 1.8491, 1.86253, 2.01419, 2.13605, 2.43784, 1.83527, 2.41623, 2.56689, 2.68343, 2.53676, 2.65606, 2.74039, 2.70521, 2.67513, 2.71626, 2.70723, 2.60634, 2.60212, 2.24663, 2.73675, 2.75922, 2.49406, 2.45351
4.9, 0.0319376, 1.31986, 1.59012, 1.4258, 1.56914, 1.97134, 2.23969, 2.16037, 2.46895, 2.64674, 2.45056, 2.28505, 2.40285, 1.96632, 2.39872, 2.53009, 2.53347, 2.32466, 2.67302, 2.54842, 2.36603, 2.58998, 2.59605, 2.86001, 2.85362, 2.96445, 2.49532, 2.72177, 2.48596, 2.59835, 2.33662
4.92, 0.0319376, 1.59914, 1.23061, 1.19201, 1.4325, 1.5176, 1.81789, 1.9945, 2.76252, 2.59844, 2.59226, 2.52599, 2.42024, 2.49201, 2.95318, 3.02444, 2.82588, 2.76, 2.67697, 2.48682, 2.52778, 3.18514, 2.66364, 2.94244, 3.18779, 2.86265, 3.02074, 2.93638, 3.00556, 2.85379, 2.57378
4.94, 0.0319376, 0.351531, 1.24417, 1.50201, 1.6977, 1.65704, 1.73096, 1.97214, 1.92907, 1.96146, 2.27205, 1.73141, 1.44391, 2.41316, 2.15523, 2.51539, 2.6164, 2.89444, 2.3375, 2.49061, 2.2845, 2.61571, 2.79222, 2.94066, 2.54407, 2.54546, 2.50271, 2.66286, 2.42421, 2.48277, 2.58757
4.96, 0.0319376, 1.14868, 1.00325, 1.40467, 1.49028, 2.06174, 2.06005, 1.55385, 1.88385, 2.28583, 2.4208, 2.21566, 1.84116, 2.1079, 2.60379, 2.53353, 2.81215, 2.55198, 2.42865, 2.79605, 2.75458, 3.02194, 2.60126, 2.35097, 2.82972, 2.78484, 3.05434, 2.63263, 2.53797, 2.68231, 2.54778
