# Time (seconds), Duration (seconds), f0, f1, f2, f3, f4, f5, f6, f7, f8, f9, f10, f11, f12, f13, f14, f15, f16, f17, f18, f19, f20, f21, f22, f23, f24, f25, f26, f27, f28, f29
0, 0.0319375, -1.08625, 0.333425, 1.66163, 0.958071, 1.7938, 2.38081, 2.86157, 2.6372, 2.35235, 2.69058, 1.7844, 1.00365, 1.8748, 2.2327, 1.67923, 1.71991, 1.43604, 1.6807, 1.38097, 0.149078, 0.0416074, -1.03858, -0.866436, -0.760954, -0.67839, 0.644946, -0.729505, -0.933443, -1.02301, -0.15942
0.02, 0.0319375, -0.832763, -0.767439, 1.39507, 2.1566, 1.84619, 1.75752, 4.2032, 4.68164, 2.7205, 2.72968, 1.91207, 1.51113, 3.18877, 3.47427, 2.34855, 1.99084, 1.85589, 3.25588, 2.76353, 1.14926, 0.792028, 1.01235, -0.0582569, 0.0451205, 0.0176404, -0.119266, 0.00379331, 0.266431, 0.4561, 0.611392
0.04, 0.0319375, -1.16684, -1.25848, -0.129936, 1.52709, 1.88875, 2.10556, 3.46223, 4.38554, 2.43924, 2.18711, 1.21415, 0.628412, 1.9357, 2.59017, 2.39064, 1.49745, 0.76295, 2.13487, 1.95534, 0.787677, 0.2967, 1.24186, 0.984412, -0.131445, -0.114755, -0.426157, -0.189234, -0.27803, 0.217928, 0.00766089
0.06, 0.0319375, -1.90881, -0.991992, 0.418437, 0.382839, 0.53688, 1.21514, 2.85291, 4.12488, 2.30972, 2.05416, 1.116, -0.250951, 1.22029, 2.118, 1.71315, 1.25943, 0.660745, 1.67675, 1.24855, 0.12746, -0.529006, 0.158066, -0.0540609, -0.579972, -0.48294, -0.553913, -0.583174, -0.831761, -0.224822, -0.288747
0.08, 0.0319375, -2.04756, -1.42987, 0.587931, 1.69717, 0.977074, 0.882658, 2.93657, 3.54032, 1.66035, 1.67408, 1.35266, 0.141787, 1.01295, 1.54394, 1.31822, 0.578231, 0.317639, 0.651162, 0.378188, -0.221639, -0.737287, 0.343288, 0.112424, -0.405265, -0.582939, -0.492694, -0.680539, -1.27207, -0.662687, -0.889924
0.1, 0.0319375, -2.53021, -1.18421, 0.539838, 2.02526, 1.32703, 1.4328, 1.87887, 3.24396, 1.31957, 1.36925, 0.348479, -0.475829, 1.16853, 1.11947, 0.910056, 0.31434, 0.320513, 0.839744, 0.53272, -0.151349, -0.391447, -0.14429, -0.0723976, -0.392748, -0.389667, -0.36463, -0.885514, -1.25873, -1.12689, -0.96285
0.12, 0.0319375, -1.25122, -0.992215, 1.37032, 2.35804, 0.952578, 0.85373, 0.614686, 1.93967, 0.818963, 1.04764, 0.211493, -0.469909, 1.10648, 0.722428, 0.231912, -0.23782, -0.266498, 0.551205, 0.677544, -0.126808, 0.34009, -0.00720479, 0.370896, -0.0244762, -0.317828, -0.685931, -0.593349, -1.00939, -0.870317, -0.939973
0.14, 0.0319375, -0.781486, -0.773363, 1.94402, 2.87213, 1.11046, 0.815908, 1.12715, 1.96119, 1.22458, 0.685079, 0.00142211, 0.798614, 1.25851, 0.871032, 0.412348, -0.704906, -0.222081, 0.234115, 0.900101, 0.0731096, 0.681138, 0.111034, 0.45989, 0.288548, 0.183875, -0.0595641, -0.0856917, -0.410014, -0.436788, -0.299024
0.16, 0.0319375, -0.932519, 0.500798, 2.5147, 1.40388, 1.39042, 1.60368, 1.41324, 1.18798, 1.21415, 0.433452, 0.27324, 1.06929, 1.66921, 0.977054, 0.658834, -0.190605, -0.0863418, 1.01868, 0.906499, 0.278316, 0.494915, 0.178444, 0.558384, 0.864362, 0.82526, -0.053849, 0.0182986, 0.0715151, 0.238568, -0.149802
0.18, 0.0319375, 0.536295, 0.933129, 2.21471, 1.90512, 1.37503, 1.68598, 1.32936, 2.24666, 2.58105, 2.27332, 2.85098, 2.26779, 2.97538, 2.16348, 2.04522, 1.59898, 2.08709, 2.50433, 1.7723, 1.41925, 2.39174, 1.46324, 1.44068, 1.82042, 1.56343, 0.8257, 0.366618, 0.558993, 0.448864, 0.900015
0.2, 0.0319375, -0.532443, 0.162633, 1.16535, 0.377079, 1.55702, 0.960333, 0.919132, 2.55577, 3.61783, 2.47217, 2.89606, 2.34297, 3.04276, 2.02593, 2.78216, 2.37476, 1.70274, 2.70603, 2.46685, 1.76692, 2.1267, 1.77801, 2.56977, 2.10761, 1.94666, 1.34532, 1.28379, 1.42442, 1.04551, 1.18553
0.22, 0.0319375, -0.747478, -0.658486, 1.33719, 2.46157, 1.25404, 1.38514, 1.4725, 2.38473, 3.33083, 2.09018, 1.75924, 2.1054, 2.21248, 2.41836, 2.47348, 1.78729, 1.93983, 2.39319, 2.1564, 0.802663, 1.22034, 1.51741, 2.59634, 1.70407, 1.56732, 1.64939, 1.26884, 1.36632, 1.11262, 1.11744
0.24, 0.0319375, -0.454178, 0.366038, 2.16393, 2.77741, 0.976504, 0.220666, 1.05448, 1.6063, 2.58037, 1.80546, 2.43219, 2.1585, 1.71705, 1.84947, 2.34147, 1.48633, 1.58371, 2.04591, 1.49163, 0.720703, 0.801608, 1.106, 2.10704, 1.23235, 1.46015, 1.34273, 0.711308, 0.784261, 0.915266, 0.70346
0.26, 0.0319375, -0.0681632, -0.331671, 1.51454, 2.11495, 1.00424, 0.867191, 2.25229, 1.89211, 2.04577, 1.67874, 1.89274, 1.46174, 1.73414, 2.20314, 2.11967, 1.34675, 1.04023, 1.74993, 1.53525, 0.625702, 0.985445, 0.913372, 1.99992, 1.19133, 0.512027, 0.599499, 0.674792, 0.653252, 0.519376, 0.236499
0.28, 0.0319375, -0.286163, 0.105275, 1.07136, 2.39821, 2.19346, 1.94923, 2.42205, 1.98579, 1.86561, 1.47591, 1.1802, 0.855403, 1.53326, 1.65201, 1.26251, 0.64503, 0.75584, 1.83111, 1.25083, 0.0764046, 0.739954, 0.460461, 1.33451, 0.814831, 0.722566, 0.30884, 0.33257, 0.154026, 0.134493, 0.234083
0.3, 0.0319375, -0.304806, -0.223016, 0.465249, 2.01953, 2.08653, 2.1258, 1.70838, 0.95144, 1.31142, 1.69178, 0.922577, 0.931891, 0.898083, 1.67546, 1.42688, 1.01326, 0.999127, 1.17925, 1.37142, 0.399656, 0.455843, 0.678742, 1.10326, 0.362642, 0.0618328, 0.243494, 0.142823, -0.12537, -0.165472, -0.274598
0.32, 0.0319375, -0.50386, -0.227376, 0.753002, 1.0657, 0.8999, 1.92755, 1.85923, 1.55839, 1.81417, 1.60956, 0.822495, 0.851195, 0.934149, 1.52084, 1.7013, 0.461982, 1.0285, 1.54874, 1.06724, 0.502459, 0.407796, 0.536988, 0.923304, 0.813115, 0.639612, 1.23498, -0.113816, -0.125559, -0.122877, -0.201317
0.34, 0.0319375, 0.317586, 0.504546, 1.95185, 1.95849, 1.69597, 2.23415, 1.56052, 2.72081, 4.00444, 2.94093, 3.35214, 2.53916, 3.18962, 2.51874, 2.79507, 2.66759, 2.62681, 2.52834, 2.25017, 1.6771, 2.63306, 2.04845, 2.25916, 1.84604, 1.83303, 1.14393, 1.05537, 1.30911, 0.998639, 0.855535
0.36, 0.0319375, 1.12373, 0.232393, 1.09831, 1.9544, 2.13535, 2.27656, 2.82713, 2.57692, 5.0171, 4.36396, 3.11153, 3.1855, 3.8542, 3.15906, 2.69246, 2.815, 2.43099, 2.9694, 2.64118, 2.60059, 3.21388, 2.7706, 2.15542, 1.82782, 2.15452, 1.48684, 1.97606, 1.96889, 1.60043, 1.80326
0.38, 0.0319375, 1.32995, 2.19743, 1.9028, 1.17771, 1.43842, 3.3633, 3.79523, 2.43209, 3.30418, 3.88201, 3.53429, 4.76005, 5.18233, 3.9679, 2.31194, 3.03785, 3.62372, 3.86766, 3.60757, 3.668, 3.18564, 3.25512, 2.78996, 2.70336, 2.60591, 2.34908, 2.64435, 2.9685, 2.46802, 3.01325
0.4, 0.0319375, 0.913742, 1.50903, 1.15167, 0.862339, 2.24597, 3.02456, 3.55898, 3.38752, 3.82518, 3.9956, 3.74848, 4.64659, 4.71349, 3.5761, 3.49895, 3.79199, 3.83257, 3.3973, 3.8028, 3.4195, 2.58303, 2.43689, 2.78758, 2.92934, 3.35303, 3.08822, 2.90421, 2.61928, 3.04857, 2.97887
0.42, 0.0319375, -0.17382, 0.524633, 0.89112, 1.81954, 1.77042, 2.50996, 4.41537, 3.70535, 3.83448, 3.90925, 3.24233, 4.1553, 4.76495, 3.30424, 3.24643, 3.32331, 2.77232, 3.09242, 3.24766, 2.72622, 2.36396, 2.53413, 2.24747, 2.40639, 2.46042, 2.2105, 2.29894, 2.32674, 2.18062, 2.06774
0.44, 0.0319375, -0.36199, -0.72204, 0.765114, 1.46018, 1.96852, 2.69745, 3.74123, 3.70553, 3.20734, 3.70988, 3.18559, 3.391, 3.72254, 2.39023, 2.50611, 3.17997, 3.17132, 2.77024, 2.53153, 2.35808, 1.68166, 1.74157, 1.58926, 1.59211, 1.63334, 1.61136, 1.45505, 1.47259, 1.78535, 1.58151
0.46, 0.0319375, -0.0719169, 0.0876026, 0.709066, 1.92578, 1.9379, 2.50465, 3.57416, 3.10544, 2.90553, 2.73904, 2.79026, 3.69845, 3.61388, 2.2886, 2.35296, 2.41384, 2.00026, 2.20903, 2.3353, 2.02646, 1.25506, 1.42086, 1.11973, 1.16028, 1.45871, 0.848981, 0.876284, 1.09613, 1.64755, 1.24645
0.48, 0.0319375, -0.636559, -0.370045, 0.519594, 0.379612, 1.53726, 2.37698, 3.00997, 2.51406, 2.50221, 2.31858, 2.15929, 2.45356, 2.73101, 1.95757, 1.44669, 1.83387, 2.52192, 1.99248, 1.98376, 1.24162, 0.281127, 0.541895, 0.850645, 0.703771, 0.856421, 0.510649, 0.568947, 0.774755, 0.75299, 0.419141
0.5, 0.0319375, -1.13622, -0.557507, 0.0542511, 0.431295, 0.992961, 1.57821, 2.32912, 1.84639, 2.36271, 2.29926, 1.27689, 2.36177, 2.99584, 1.58407, 1.03032, 1.57226, 1.83169, 1.34819, 1.70448, 0.407369, 0.47243, 0.827989, 0.357203, 0.38952, 0.545296, 0.614028, 0.529449, 0.527997, 0.710872, 0.227166
0.52, 0.0319375, -0.810513, 0.971296, 2.43492, 2.18031, 1.06577, 0.838006, 0.99178, 1.99581, 3.01515, 2.37584, 1.92801, 2.33006, 2.22561, 1.832, 1.72869, 1.6356, 1.95813, 1.80484, 1.85703, 1.43994, 2.02583, 1.4888, 0.791823, 0.492525, 0.937571, 0.889302, 0.347765, 0.905032, 0.968684, 1.02637
0.54, 0.0319375, 0.56808, 0.486368, 1.81985, 2.10843, 1.52611, 0.87333, 1.77222, 1.98223, 3.86645, 4.35237, 3.56992, 4.33917, 4.65047, 2.54679, 2.27084, 2.00434, 2.11315, 3.27058, 3.13644, 2.96316, 3.41432, 2.75851, 2.19215, 2.26761, 2.53664, 1.98724, 1.9893, 2.06628, 1.76421, 2.29649
0.56, 0.0319375, 1.08672, 0.353945, 1.01694, 1.66677, 2.02001, 1.20022, 1.32404, 1.75979, 2.24619, 2.57608, 1.97702, 3.22908, 5.45728, 3.99959, 2.13263, 2.37589, 2.519, 2.77491, 2.60941, 1.84017, 1.5885, 1.74547, 2.04005, 2.44502, 3.47699, 3.29394, 2.77915, 2.91112, 2.5866, 2.23836
0.58, 0.0319375, 1.38607, 1.27416, 1.44412, 2.55188, 2.0798, 2.73477, 2.7641, 2.39047, 2.47151, 3.2842, 3.62921, 4.72133, 5.46196, 4.05585, 3.62997, 3.27609, 3.86375, 3.56801, 3.14568, 2.43334, 2.26933, 2.3155, 2.89105, 2.66235, 3.29982, 3.05618, 3.32558, 3.22487, 3.15561, 2.723
0.6, 0.0319375, 0.713199, 1.78365, 1.40867, 1.19387, 2.09474, 3.52556, 4.39412, 3.22207, 2.87356, 3.73048, 3.61413, 4.44427, 5.24735, 3.68921, 3.75039, 4.10444, 4.06595, 3.52648, 2.88475, 2.79807, 2.74453, 3.07746, 3.74086, 3.15661, 3.38119, 2.94766, 3.14582, 2.78416, 2.60463, 2.82854
0.62, 0.0319375, 1.63289, 1.87685, 1.91298, 2.12753, 2.42045, 3.26709, 4.76554, 3.7292, 3.0639, 3.24737, 3.12821, 4.12202, 5.01896, 3.24749, 3.27313, 3.54546, 3.46807, 2.95407, 2.75744, 2.9501, 3.10625, 2.80363, 3.04774, 2.79707, 2.93673, 2.47298, 2.82864, 2.45136, 2.32057, 2.16676
0.64, 0.0319375, 1.04044, 0.817481, 2.08103, 1.82474, 1.86293, 2.66395, 3.92935, 3.71225, 2.82625, 3.16498, 3.17976, 3.68291, 4.68919, 3.6189, 2.64819, 3.48042, 3.51624, 2.66135, 2.60852, 2.12911, 1.76042, 2.17675, 2.75295, 2.04908, 2.1459, 1.62999, 1.83841, 1.73645, 1.91705, 1.44159
0.66, 0.0319375, 1.13809, 0.0994312, 1.09274, 1.66379, 2.02151, 2.27959, 3.572, 2.82437, 2.71772, 3.43416, 3.32637, 3.35331, 4.38037, 3.08563, 2.91262, 3.20559, 3.19212, 2.76736, 2.13994, 1.60374, 1.46677, 1.91553, 2.40568, 1.18799, 1.30269, 0.90196, 1.32119, 0.927064, 1.02826, 1.17708
0.68, 0.0319375, -0.00815201, -0.30713, 0.780508, 1.80853, 1.33984, 2.39639, 2.85894, 2.32154, 1.99016, 2.543, 2.63879, 3.07752, 4.06351, 2.8436, 1.73211, 2.12262, 2.61267, 2.06913, 1.36762, 0.922768, 0.96441, 1.26038, 1.33292, 0.861403, 1.0698, 0.48021, 1.09211, 0.958131, 0.817871, 0.728393
0.7, 0.0319375, 0.32908, -0.345048, -0.116694, 0.914048, 0.82143, 1.67552, 2.20196, 1.16538, 1.49214, 2.18814, 2.18308, 2.72205, 3.92072, 2.25499, 1.25035, 1.67666, 2.17624, 1.15164, 1.38456, 0.855785, 0.888959, 0.890067, 0.932624, 0.56837, 0.550243, -0.0557058, 0.348119, 0.2477, 0.118186, -0.0720751
0.72, 0.0319375, -0.565183, -0.227759, 0.777759, 1.04575, 0.862289, 1.52656, 1.82561, 1.61912, 1.45484, 1.95887, 1.72459, 2.0522, 3.26426, 1.66452, 1.43469, 1.5007, 1.82611, 0.856255, 0.597631, 0.888526, 0.562261, 1.14484, 1.09576, 0.63695, 0.269924, 0.00671724, -0.0188309, 0.0231629, -0.0791836, -0.382006
0.74, 0.0319375, -0.753811, -1.3347, 0.486105, 0.631535, 0.191724, 0.865042, 2.26549, 1.30248, 1.29639, 1.14232, 0.342815, 1.5957, 2.92205, 1.61686, 1.43378, 1.29005, 1.31445, 0.369236, 0.227131, 0.16358, 0.374136, 0.494198, 0.904236, 0.626351, -0.0535043, -0.289063, -0.406944, -0.585831, -0.669826, -0.810807
0.76, 0.0319375, -0.247274, -1.09399, 0.0899256, 0.541372, 0.36756, 0.0983205, 1.40119, 0.616368, 0.231576, 0.449474, 0.804347, 1.4295, 2.27086, 1.19022, 0.572384, 1.05015, 1.24261, 0.50418, 0.217677, 1.0006, 0.999216, 0.703244, 0.753927, 0.0214409, -0.235683, -0.413339, -0.601301, -0.752614, -0.627761, -0.488787
0.78, 0.0319375, -0.518464, -1.04388, -0.638761, -0.0357811, -0.376606, 0.57533, 1.35264, 0.854646, 0.177883, 0.524242, 0.225511, 0.84184, 1.37461, 0.77101, 0.253867, 0.504384, 0.383056, 0.657858, -0.0113868, 0.551204, 0.693337, 0.41481, 0.325622, -0.208135, -0.494943, -1.00019, -0.842628, -0.667848, -0.979241, -1.05818
0.8, 0.0319375, -1.43108, -2.17528, -1.01602, -0.346438, -0.572554, 0.11767, 1.79863, 0.513199, -0.213205, -0.0187995, 0.248055, 0.0954084, 0.854248, 0.592404, -0.460872, 0.207425, 0.487678, 0.137989, -0.203829, 0.253244, -0.1317, 0.0429476, 0.177278, -0.766619, -0.991807, -1.64002, -1.39296, -1.23608, -1.30787, -0.944372
0.82, 0.0319375, -0.907297, -1.48123, -1.15028, -0.571878, -1.06247, -0.939397, 0.934662, 0.261677, -0.388845, -0.693872, -0.53897, 0.302595, 0.848162, -0.310726, -0.582762, -0.778385, -0.143107, -0.591991, -0.95889, -0.777974, -0.50078, -0.902715, -0.843693, -1.34069, -1.41474, -1.64484, -1.35856, -1.59026, -1.81549, -1.9003
0.84, 0.0319375, -1.30973, 0.0688348, 0.804694, 0.980743, 1.41992, 1.60922, 1.93903, 1.15417, 1.08965, 0.234055, 0.586639, 1.28854, 1.16102, 0.365275, 0.953916, 0.208459, 0.56642, 1.03521, 0.386437, 0.139512, -0.642358, -0.999798, -1.01546, -1.39041, -1.669, -2.03763, -1.51216, -1.47991, -1.38277, -1.53242
0.86, 0.0319375, 1.47253, 2.51122, 2.76169, 2.24437, 2.90982, 4.47169, 4.95956, 2.97938, 2.51233, 3.71091, 3.70968, 4.33479, 3.86588, 3.35136, 3.58523, 3.40265, 3.21169, 3.15138, 3.33418, 2.565, 2.30976, 2.55454, 2.85297, 2.34027, 2.1863, 1.86395, 1.92674, 1.74725, 2.03534, 1.98599
0.88, 0.0319375, 1.24764, 2.2107, 2.37897, 2.62985, 2.88558, 4.22148, 4.08817, 3.76375, 3.55641, 3.94002, 4.08789, 5.1311, 4.02808, 3.87291, 3.94708, 3.93013, 4.09644, 4.03993, 3.92576, 3.08709, 3.09512, 3.01352, 3.26233, 3.16828, 3.02548, 3.11399, 2.85147, 3.05818, 2.88947, 2.82256
0.9, 0.0319375, 2.12356, 2.27788, 2.45635, 3.62357, 3.4804, 4.17891, 3.98507, 4.40419, 3.91294, 3.96135, 3.62516, 4.49117, 4.71455, 4.16244, 4.32443, 3.75862, 4.18262, 3.39653, 3.6232, 3.57368, 3.52184, 2.7734, 3.01131, 3.11391, 3.21192, 2.83175, 2.87091, 2.99076, 2.9485, 2.58289
0.92, 0.0319375, 0.874048, 2.54242, 2.70591, 3.50838, 4.11572, 3.47912, 3.9672, 3.89504, 4.41118, 4.9219, 4.02848, 3.92783, 4.0442, 3.74645, 3.95463, 3.86443, 3.71982, 3.45244, 3.40836, 3.04393, 3.21187, 2.66591, 2.14409, 2.49249, 2.78162, 2.68941, 2.82379, 2.5982, 2.51407, 1.94473
0.94, 0.0319375, 1.51912, 1.46274, 2.54291, 4.0101, 4.21988, 4.41484, 3.83231, 4.07026, 4.05834, 4.63447, 4.16748, 4.21885, 3.87579, 4.30516, 4.20992, 3.21282, 3.56154, 3.46167, 2.25818, 2.46754, 3.03581, 2.65801, 2.56558, 2.73639, 2.60362, 2.78043, 2.33078, 2.41917, 2.22332, 2.06585
0.96, 0.0319375, 1.913, 2.12552, 3.31029, 4.63622, 4.46182, 4.23161, 3.82373, 3.56491, 3.50396, 3.18632, 3.33243, 3.84877, 3.73326, 3.72246, 3.63072, 3.15085, 2.9321, 2.92191, 2.48239, 2.40301, 2.20967, 2.08532, 2.06584, 1.96095, 1.60407, 1.51107, 1.67529, 1.49353, 1.35768, 1.41016
0.98, 0.0319375, 0.0745319, 2.13404, 2.37281, 3.04321, 3.77534, 3.61588, 3.21707, 3.74663, 3.67523, 4.23063, 3.48029, 2.60698, 3.10015, 3.44196, 3.4104, 2.64015, 3.14809, 2.57941, 2.06616, 1.46578, 1.83305, 1.24348, 0.905075, 0.997649, 1.07916, 0.801431, 1.02187, 1.17905, 1.17085, 1.37264
1, 0.0319375, 0.263795, 1.78713, 2.21313, 3.89273, 3.78876, 3.75136, 3.29858, 3.67772, 3.19525, 3.06489, 2.21988, 2.72964, 3.03946, 2.86067, 2.75143, 2.34768, 2.58062, 2.08312, 1.67087, 1.10798, 1.23918, 0.742029, 0.907887, 0.507079, 0.566907, 0.543446, 0.719113, 0.993026, 0.760115, 0.757726
1.02, 0.0319375, 0.239089, 0.470617, 1.39341, 2.82485, 3.0066, 2.72682, 2.22091, 2.66347, 2.55967, 2.73199, 2.04909, 2.49835, 2.71723, 2.09042, 1.82289, 1.55076, 1.90899, 1.66325, 1.71784, 0.89942, 0.763262, 0.372493, 0.564896, 0.183867, -0.187562, -0.143909, 0.329262, 0.412205, 0.375801, 0.37912
1.04, 0.0319375, -1.60232, 1.21511, 2.0878, 3.00995, 2.58151, 2.31909, 2.01748, 2.52699, 2.47361, 2.26414, 2.04317, 1.64088, 1.91028, 2.05679, 2.13535, 0.693268, 1.5053, 1.27018, 0.722427, -0.0318846, 0.355157, 0.222619, 0.0283677, -0.0929557, 0.0424661, -0.222726, -0.0181333, 0.536331, 0.193083, -0.164554
1.06, 0.0319376, -0.334819, 0.669782, 2.23766, 2.82185, 2.78147, 2.5032, 2.29998, 2.19121, 2.46706, 2.28399, 1.53175, 2.03205, 1.61312, 1.33782, 1.66793, 0.571958, 0.700876, 0.948329, 0.962247, 0.0758208, 0.0115336, -0.291893, -0.650477, -0.52811, -0.373935, -0.586886, -0.236009, 0.00990653, -0.349144, -0.525709
1.08, 0.0319375, -0.891869, 0.934215, 2.29624, 2.2646, 1.98267, 2.08667, 1.75951, 1.45221, 1.77954, 2.21897, 1.57558, 1.37842, 1.58831, 1.0027, 0.899065, 0.574939, 1.33389, 0.889574, 0.556784, 0.117399, -0.14371, -0.263281, -0.308528, -0.643163, -0.626327, -0.843352, -0.239339, -0.119304, -0.253431, -0.402092
1.1, 0.0319375, -0.260523, 0.46732, 1.00195, 1.42103, 1.95581, 1.57523, 1.45376, 1.40655, 3.74881, 4.51808, 3.96871, 3.09004, 1.61372, 1.58261, 1.23474, 3.14231, 4.28062, 3.70213, 2.83813, 2.07312, 2.2071, 1.55848, 1.56546, 1.51052, 1.26984, 1.02443, 1.27189, 1.2754, 1.43827, 1.27834
1.12, 0.0319375, 0.687244, 2.19186, 2.7432, 3.224, 3.23832, 2.61791, 2.98007, 3.20623, 3.3233, 3.60679, 4.65345, 4.17864, 3.95401, 4.33225, 4.00563, 4.05258, 4.0178, 4.16769, 3.96994, 3.20138, 2.39121, 2.5278, 2.6371, 2.62958, 2.63605, 2.83912, 2.72713, 2.44203, 2.52938, 2.64187
1.14, 0.0319375, 1.4315, 2.03533, 3.29163, 4.08756, 4.24144, 3.8711, 3.65122, 3.10351, 3.51929, 4.46299, 4.71985, 3.59828, 4.29808, 4.68175, 4.07229, 3.93037, 4.1148, 3.83645, 3.63716, 3.03361, 3.15589, 3.3982, 3.05461, 2.66869, 2.59337, 2.9343, 2.86377, 2.76683, 2.57904, 2.40175
1.16, 0.0319375, 1.8517, 1.79707, 3.21721, 3.84448, 4.35941, 4.00835, 3.87799, 4.10237, 4.05862, 4.07247, 3.67015, 4.13759, 3.9055, 4.00159, 3.82993, 3.74663, 3.98718, 3.39362, 3.15386, 2.80271, 2.4014, 2.16433, 2.57509, 2.30748, 2.73411, 2.72062, 2.35386, 2.4807, 2.34208, 2.75116
1.18, 0.0319376, 1.01546, 2.5863, 3.31014, 4.33054, 4.56463, 3.6716, 4.04618, 3.50155, 3.38011, 3.98506, 3.49409, 4.12813, 4.17533, 4.13622, 3.36991, 3.23319, 3.63735, 3.08563, 2.87685, 2.66623, 2.60935, 2.70376, 2.40769, 2.3291, 2.74306, 2.41899, 1.86733, 2.20536, 2.02316, 2.00886
1.2, 0.0319375, 0.999002, 1.75648, 2.98545, 4.9165, 4.53813, 3.18152, 3.43047, 3.35672, 3.12065, 3.51488, 3.80136, 3.60536, 3.44014, 3.66548, 3.52291, 3.24098, 3.82139, 3.12138, 2.82707, 2.6123, 2.59954, 2.63974, 2.15397, 2.47511, 2.32741, 2.12112, 1.79322, 1.89694, 1.74745, 1.75158
1.22, 0.0319375, 0.498714, 1.52798, 2.51089, 3.66904, 4.4828, 2.89956, 3.21976, 3.38106, 3.14538, 3.2894, 3.2116, 2.90622, 2.89979, 3.25057, 2.7571, 2.92501, 3.08539, 2.51224, 2.43075, 1.86056, 1.33804, 1.58219, 1.30407, 1.44719, 1.64968, 1.00847, 0.99936, 1.15016, 1.1117, 1.24342
1.24, 0.0319375, 0.64083, 1.60607, 2.84702, 4.22107, 4.39571, 2.39212, 2.04818, 2.5266, 2.78125, 3.18619, 2.90597, 3.27691, 3.36299, 3.36364, 2.62649, 2.27635, 2.83031, 2.10312, 1.39113, 1.44192, 0.85855, 0.405794, 0.719518, 0.938115, 1.04587, 0.379915, 0.553787, 0.754377, 0.776617, 0.739041
1.26, 0.0319375, 0.956082, 0.377737, 2.72886, 3.61658, 3.61756, 2.08384, 2.28269, 2.8819, 2.77841, 2.95807, 2.83281, 2.83162, 3.04014, 2.65537, 2.10234, 1.96526, 2.73781, 1.46828, 0.996394, 0.618571, -0.0265607, 0.0980315, 0.270147, 0.582881, 0.373672, 0.201627, 0.27538, 0.955149, 0.209165, 0.403509
1.28, 0.0319375, 0.203437, 1.34379, 2.46712, 3.14079, 3.39117, 2.18774, 1.20503, 1.789, 1.95984, 2.24747, 1.95434, 1.428, 2.27093, 2.38105, 1.3105, 1.50888, 2.22726, 1.93315, 0.957509, 0.404658, -0.346177, -0.367572, -0.0232954, 0.677618, 0.0950751, -0.348506, -0.362044, 0.314145, 0.201164, -0.193605
1.3, 0.0319376, -1.18708, -0.0765676, 1.62869, 2.62456, 2.7728, 1.78612, 0.832231, 1.79119, 1.94924, 2.32454, 1.29442, 1.17539, 1.78174, 1.33197, 0.883682, 1.19683, 1.44605, 1.06549, 0.471811, 0.175632, -0.793825, -0.189646, -0.582758, -0.187753, -0.0658684, -0.655444, -0.384088, -0.220566, -0.763916, -0.456999
1.32, 0.0319375, -0.708555, -0.381394, 1.61081, 3.24429, 3.25257, 1.14259, 1.03338, 1.10587, 1.09442, 1.39621, 1.42584, 0.936058, 1.26186, 1.50109, 0.627473, 0.860388, 1.25955, 0.763197, 0.403227, -0.13139, -0.641479, -0.949707, -0.774551, -0.39803, -0.81636, -1.0732, -0.914206, -0.795474, -1.01965, -0.852277
1.34, 0.0319375, -1.12837, -0.127352, 0.528969, 1.92143, 1.94023, 0.799679, 0.772559, 1.43605, 1.59024, 0.745688, 0.348008, 1.3091, 1.08599, 0.791049, 0.121565, 0.343255, 1.16073, 0.457226, -0.259663, -0.531666, -1.04553, -1.13881, -0.819493, -1.03172, -1.08335, -1.26269, -1.11436, -0.871943, -1.12571, -1.26733
1.36, 0.0319375, -0.318105, -0.485752, 0.48208, 1.85007, 2.11041, 0.752715, 0.466772, 0.932469, 0.659356, 1.19263, 0.708188, 0.628886, 0.287876, 0.252479, -0.43769, -0.525685, -0.335932, -0.569546, -0.85849, -0.972104, -1.49929, -1.03076, -0.66196, -0.802503, -1.00953, -1.43544, -1.46374, -1.21677, -1.54554, -1.49775
1.38, 0.0319375, -0.95502, -0.998021, 0.254781, 2.4471, 2.2778, 0.272804, 0.633632, 0.367876, 0.197356, -0.296438, -0.723578, -0.108385, 0.309015, 0.0867406, -0.276575, -0.0357065, 0.457346, -0.18282, -0.730431, -1.0059, -0.621311, -0.12628, 0.0907185, -0.286009, -1.08544, -1.63755, -1.72205, -1.45785, -1.58485, -1.50338
1.4, 0.0319375, -0.726432, -0.155139, 0.118655, 0.364064, 0.497366, -0.353623, -0.283589, 0.102968, 0.282126, 0.0517617, -0.101869, -0.604543, -0.104886, 0.0761385, -0.33227, -0.58136, -0.342268, -0.895803, -1.41811, -1.34709, -1.3428, -0.616885, -0.496181, -0.925949, -1.53502, -2.06849, -2.29333, -1.98622, -1.8669, -2.07389
1.42, 0.0319376, -0.169763, 0.981963, 1.57008, 2.62514, 3.63821, 3.14511, 1.92329, 2.08421, 2.53348, 3.23107, 2.8975, 2.29832, 2.36566, 3.12399, 2.79475, 2.55293, 3.17884, 1.72835, 1.57232, 1.9709, 1.07348, 0.729156, 0.469122, 0.165379, 0.0420244, -9.96639e-05, 0.0998417, 0.723478, 0.808107, 0.428329
1.44, 0.0319375, 2.36161, 2.21203, 3.45178, 3.17845, 4.30866, 4.62597, 3.99736, 2.94611, 3.46987, 4.12883, 3.72916, 3.98761, 4.34156, 4.1707, 3.64272, 4.0354, 4.42715, 2.88551, 2.6372, 2.98285, 2.82473, 2.40858, 2.26796, 2.46089, 2.41439, 2.20721, 2.11486, 2.21314, 1.68959, 1.9843
1.46, 0.0319375, 1.90595, 3.06376, 3.53836, 3.38746, 4.76593, 4.91155, 3.86956, 3.66764, 3.572, 3.40325, 4.07853, 3.72995, 3.98647, 4.07851, 3.56272, 3.44657, 3.27268, 2.95262, 3.58418, 2.89086, 2.86684, 2.66223, 2.61637, 2.5166, 2.40322, 2.22424, 1.89545, 1.99069, 2.19303, 2.03748
1.48, 0.0319375, 2.57223, 2.83613, 2.7198, 4.04641, 4.4305, 3.95319, 4.80089, 4.35846, 4.45802, 3.94415, 3.07619, 3.79205, 3.98944, 4.00603, 3.6549, 3.4931, 3.19956, 3.34022, 3.12863, 3.26393, 3.10023, 2.78514, 2.63655, 2.31952, 2.35063, 2.32103, 2.31777, 2.4583, 1.97128, 2.03724
1.5, 0.0319375, 1.39506, 2.45635, 2.67455, 3.66791, 4.20044, 4.30934, 4.32264, 4.38137, 4.3353, 4.7661, 4.2823, 3.78418, 4.22064, 4.359, 3.46393, 3.4146, 3.2984, 2.97692, 2.83098, 2.72866, 2.86958, 2.77875, 2.82388, 2.75702, 2.71188, 2.57331, 2.01752, 2.01926, 2.04749, 2.01371
1.52, 0.0319375, 1.80739, 2.95137, 3.81247, 5.04299, 4.53319, 3.79386, 3.57789, 3.72786, 4.14555, 3.54974, 3.37735, 3.83448, 4.00084, 3.71069, 3.56504, 3.50865, 3.21724, 2.62874, 2.58834, 2.78949, 2.42947, 2.62346, 2.28316, 2.06055, 2.07758, 1.45569, 1.5012, 1.83332, 1.81063, 1.58083
1.54, 0.0319375, 1.58546, 2.12128, 3.26074, 4.39775, 4.73232, 4.06462, 4.33255, 4.15502, 3.66991, 3.99395, 3.01518, 2.91771, 3.5595, 3.53876, 2.95421, 3.21224, 2.66194, 2.60576, 2.61354, 2.00595, 1.82595, 1.84586, 1.31403, 1.78846, 1.5042, 1.02138, 1.57298, 1.64764, 1.49011, 1.45274
1.56, 0.0319376, 1.1424, 1.0851, 2.42568, 3.83261, 4.82795, 4.12631, 2.72693, 3.69618, 3.29594, 3.22384, 2.98559, 2.96373, 2.63423, 2.74047, 2.42593, 2.85892, 2.16987, 2.33696, 1.7913, 1.40029, 1.41389, 1.4301, 0.840064, 0.649779, 0.414221, 0.435831, 0.463436, 0.416207, 0.491492, 0.8884
1.58, 0.0319375, 0.778203, 1.01682, 2.94432, 3.88395, 3.64406, 2.51437, 2.67416, 3.01583, 2.57197, 3.12247, 2.69578, 2.36669, 2.70234, 2.17145, 2.15988, 2.09022, 2.20047, 1.93784, 1.27523, 0.980834, 0.173283, 0.51278, 0.346519, 0.0699104, 0.110722, 0.265033, -0.0314708, 0.363389, 0.372249, 0.336448
1.6, 0.0319375, 0.401094, 1.47281, 2.54828, 3.2204, 2.84601, 2.77901, 2.19939, 2.78219, 2.69085, 2.52703, 1.90009, 1.88019, 2.34896, 2.22218, 1.95669, 1.91944, 1.59947, 1.29581, 0.801823, -0.0113923, -0.248876, -0.0394224, -0.438481, -0.253116, -0.463838, -0.535625, -0.325145, -0.24423, -0.415939, -0.510139
1.62, 0.0319375, -1.20676, -0.289639, 1.65255, 3.00358, 2.83079, 2.21402, 2.14324, 1.97267, 2.36165, 1.58698, 1.72528, 1.60228, 2.26087, 1.98156, 1.4945, 1.31892, 1.25754, 0.819217, 0.203453, 0.0256257, -0.341614, -0.516334, -0.533664, -0.581318, -1.05148, -0.859811, -0.94304, -0.4623, -0.399484, -0.306918
1.64, 0.0319375, -1.1686, -0.316674, 2.01483, 2.86077, 2.63419, 2.35549, 1.80367, 1.68973, 1.71754, 1.98788, 1.05301, 1.22604, 1.22329, 1.43904, 1.12995, 0.742491, 0.18367, 0.338305, -0.177327, -0.556972, -0.453031, -0.666707, -0.775413, -0.842643, -1.11152, -1.37438, -1.23585, -0.974381, -1.14552, -0.944454
1.66, 0.0319375, -0.419188, -0.07562, 1.30523, 1.8637, 2.01285, 1.64991, 1.90858, 1.76342, 1.84858, 1.39603, 0.534222, 0.34058, 0.923168, 1.31261, 0.412345, 0.00895803, 0.424939, 0.602872, -0.5781, -0.990654, -1.08712, -0.347838, -0.164169, -0.989209, -1.12611, -1.89253, -1.55517, -1.27452, -1.44097, -1.20541
1.68, 0.0319376, -1.53836, -1.29426, 0.0118994, 1.81424, 1.69539, 1.4787, 1.78967, 1.33248, 1.20668, 0.541671, 0.510401, 0.840682, 1.02907, 0.436093, 0.235911, 0.0500994, 0.134227, 0.410416, -0.676808, -1.14265, -1.24734, -1.13628, -0.505021, -1.02268, -1.6708, -2.2177, -1.83812, -1.78215, -1.73088, -1.3913
1.7, 0.0319375, -1.4845, -1.1331, 0.562674, 2.53496, 2.25745, 1.10307, 0.685106, 0.836745, 1.18993, 0.0637699, -0.410829, -0.294427, 0.45884, -0.0389444, -0.754711, -0.28309, -0.120458, -0.452624, -1.02923, -1.63402, -1.53204, -0.803648, -0.558652, -1.6005, -1.77768, -2.49133, -1.94043, -2.11214, -2.15029, -2.02138
1.72, 0.0319375, -0.643575, -0.458204, 0.420102, 0.824505, 1.83419, 1.32002, 0.377052, -0.0208419, 0.36974, 0.0716556, -0.434414, -0.157442, -0.202277, 0.0701549, -0.309004, -0.36371, -0.880235, -0.819954, -1.70431, -1.43288, -1.76662, -1.59904, -1.28452, -1.89292, -2.25027, -2.53086, -2.44435, -2.57201, -2.46381, -2.53105
1.74, 0.0319375, 1.32075, 0.58434, 1.85354, 1.76783, 1.79812, 3.14815, 2.74756, 1.68248, 2.12863, 2.50465, 1.5218, 1.72501, 1.82284, 1.15589, 1.49479, 1.50771, 1.06358, 0.342998, 0.253777, -0.355947, -0.848894, -0.867153, -0.910565, -1.75409, -2.58436, -2.51205, -2.07524, -0.882557, -0.912087, -0.952427
1.76, 0.0319375, 1.66666, 2.50396, 3.09977, 2.72152, 3.00985, 3.76989, 3.71696, 3.43016, 4.03524, 3.64315, 3.74146, 4.31673, 3.46767, 2.59951, 2.46791, 3.17064, 3.70503, 2.36878, 2.36251, 2.14579, 1.6025, 1.47221, 1.21126, 1.31033, 1.11576, 0.79716, 1.07972, 1.36842, 1.19371, 0.589068
1.78, 0.0319375, 1.75141, 2.14304, 3.50935, 3.01019, 3.53378, 4.94222, 4.28943, 3.8254, 3.65601, 4.09981, 4.48066, 3.461, 3.8299, 3.59798, 3.94052, 3.84152, 3.81968, 3.24703, 3.28619, 2.8731, 2.80073, 2.76437, 2.55321, 2.6781, 2.29256, 2.42987, 2.01553, 2.14932, 2.26183, 2.03622
1.8, 0.0319376, 1.42087, 2.3987, 2.51696, 2.80024, 4.31174, 4.92436, 4.03506, 3.7895, 4.09065, 4.63167, 4.05519, 3.56016, 4.09329, 3.8475, 3.43564, 3.58915, 3.51665, 3.67404, 3.09946, 2.99715, 3.1181, 2.98397, 2.79694, 2.59811, 2.74296, 2.56081, 2.52241, 2.35898, 1.83542, 2.23846
1.82, 0.0319375, 2.42526, 2.35994, 3.0685, 3.93331, 3.87057, 4.79583, 4.10845, 4.83924, 3.88664, 3.89281, 3.61943, 3.72204, 3.76022, 4.15351, 3.85971, 3.60166, 3.41017, 3.25005, 2.8318, 3.12678, 3.23066, 2.94071, 2.73965, 2.5011, 2.62309, 2.44012, 2.34647, 2.3625, 2.28483, 2.20077
1.84, 0.0319375, 2.07303, 2.18331, 3.06204, 4.11637, 4.57943, 4.43385, 3.71409, 4.07066, 4.01336, 4.09445, 3.64524, 3.7592, 3.74127, 3.67306, 3.42105, 3.687, 3.38969, 3.18083, 2.91167, 2.5451, 2.56383, 2.56416, 2.41352, 2.44544, 1.95612, 1.89517, 1.77074, 2.12522, 2.05367, 2.00798
1.86, 0.0319375, 2.56219, 3.0571, 3.75504, 4.49452, 4.47053, 4.56789, 3.54423, 4.09551, 4.37095, 3.87216, 3.4955, 3.50332, 3.05341, 3.44162, 3.22274, 3.34613, 2.67808, 2.96818, 3.11718, 2.67706, 2.34211, 2.06808, 2.36472, 2.1346, 1.98094, 1.55998, 1.51459, 1.76354, 1.60735, 1.67227
1.88, 0.0319375, 1.26253, 1.60323, 2.70763, 4.04005, 4.17517, 4.15219, 3.63269, 3.86078, 3.61851, 3.93909, 2.85199, 2.5786, 3.38596, 3.12864, 2.69381, 2.65033, 2.53145, 2.10195, 2.22373, 1.8946, 1.25969, 0.957432, 1.0794, 1.10288, 0.976338, 1.06834, 0.934063, 1.08693, 0.976766, 0.89414
1.9, 0.0319375, 0.616389, 1.35369, 3.24319, 3.57441, 3.94115, 4.29101, 3.65842, 3.76523, 3.04016, 3.0035, 2.37528, 2.47079, 2.424, 2.67552, 2.03187, 2.2541, 2.31759, 2.06038, 1.55746, 1.31212, 0.71471, 0.40313, -0.374517, 0.140489, 0.243054, 0.370902, 0.584217, 0.399508, -0.161106, 0.52918
1.92, 0.0319376, 0.266372, 1.21358, 2.83917, 3.09203, 2.73114, 2.63817, 2.35231, 3.68119, 2.86998, 2.15545, 1.97117, 2.41868, 2.28069, 2.34308, 2.04414, 1.88602, 1.80239, 1.40453, 1.30664, 0.753273, 0.153769, 0.097995, -0.334804, -0.363952, -0.213298, -0.54174, -0.57192, -0.106412, 0.0298918, 0.122308
1.94, 0.0319375, 0.0638507, 1.10578, 2.59326, 3.62567, 3.17702, 1.90861, 1.21534, 2.69356, 2.81335, 2.374, 1.46191, 1.77862, 1.98761, 2.19122, 1.70631, 1.05444, 1.45158, 1.21209, 1.15688, 0.668089, -0.265867, -0.471708, -0.483641, -0.769837, -0.686402, -0.771677, -0.956853, -0.72192, -0.711482, -0.387826
1.96, 0.0319375, -0.630931, 0.382573, 2.30174, 2.36962, 2.49295, 1.85675, 1.85307, 2.97531, 2.38312, 1.4746, 0.597124, 1.32733, 2.03365, 1.38678, 1.12559, 0.936875, 1.0299, 0.655539, 0.506817, 0.160956, -0.364011, -0.684568, -0.848799, -0.681796, -1.12832, -1.42697, -1.18308, -0.936307, -0.919301, -0.554779
1.98, 0.0319376, -0.111015, 0.72766, 2.12686, 2.28331, 2.3309, 2.14054, 1.8955, 2.56964, 2.2195, 1.75002, 0.871937, 0.604989, 0.896264, 0.903773, 0.714561, 0.575514, 0.666856, 0.587013, 0.0309344, -0.705816, -0.579811, -0.891187, -1.00953, -1.14253, -1.58807, -1.56793, -1.98694, -1.39156, -1.32464, -0.833097
2, 0.0319376, -1.25834, -0.770899, 1.11641, 2.42075, 2.42448, 1.42249, 1.91898, 1.80907, 1.80171, 1.29568, 0.864563, 0.561069, 0.628356, 1.0567, 0.563111, 0.124912, 0.669321, 0.539845, -0.582508, -1.05142, -0.953629, -0.843553, -0.700261, -1.49406, -1.48172, -2.32863, -1.85817, -1.86558, -1.76451, -1.45683
2.02, 0.0319376, -0.633173, -0.766258, 0.677587, 1.62053, 1.98305, 1.63884, 0.912617, 1.57977, 1.16855, 0.902285, 0.364184, 0.502942, 0.0192235, 0.709839, -0.291009, -0.0874418, -0.422694, -0.50066, -0.815622, -1.07792, -0.971738, -0.556006, -0.707776, -1.86863, -1.64143, -2.22013, -2.04856, -1.91171, -2.21294, -1.57201
2.04, 0.0319376, -1.37966, -1.06091, -0.0521856, 2.11045, 1.81955, 1.61769, 0.818294, 1.65271, 1.6188, 0.277653, -0.689456, -0.186737, -0.141096, 0.556509, -0.19096, -0.581586, -0.399638, -0.883771, -1.21892, -0.96613, -1.45579, -0.675799, -0.800891, -1.61015, -2.06526, -2.67336, -2.20746, -2.17257, -2.32495, -2.13112
2.06, 0.0319376, -0.895517, -0.921645, 0.301099, 1.3513, 1.43853, 0.975175, 0.444388, 1.27909, 1.1432, 0.240531, -0.297681, -1.04352, -0.575442, -0.602158, -0.775635, -1.10875, -1.45489, -1.2902, -1.31433, -1.00141, -1.96971, -1.65515, -1.43452, -2.31043, -2.84991, -2.65397, -2.80737, -2.69104, -2.54262, -2.03744
2.08, 0.0319376, 1.04521, -0.0393174, 0.815386, 1.34625, 1.30066, 2.51197, 1.69355, 1.12782, 1.09272, 1.87015, 0.515858, 0.00287405, 0.604619, 0.195786, 0.377218, 0.577054, 0.34158, -0.16762, -0.37308, -0.356782, -1.23052, -1.312, -0.718382, -1.51743, -2.00113, -3.0352, -2.70838, -2.38805, -2.33712, -2.11625
2.1, 0.0319376, 0.687686, 2.08816, 2.26303, 1.75104, 3.16392, 4.05726, 2.9389, 2.65389, 3.2462, 3.35103, 2.8188, 3.23319, 2.74039, 2.45705, 2.45086, 2.68465, 2.30922, 1.13935, 1.26518, 1.34821, 0.727387, 0.820939, 0.779561, 0.293283, -0.00473049, -0.0493349, 0.00735823, 0.181372, -0.266568, -0.157519
2.12, 0.0319376, 1.23326, 1.7144, 2.6261, 2.50174, 4.18794, 5.04319, 3.31403, 2.66629, 3.24323, 4.10433, 3.9818, 3.30393, 3.50508, 3.55506, 4.01952, 3.2633, 3.20318, 2.9888, 2.7208, 3.0521, 2.5133, 2.30179, 2.51869, 2.17794, 2.27406, 1.8249, 1.9755, 1.8079, 1.56672, 1.77167
2.14, 0.0319374, 2.22996, 2.52138, 3.47977, 3.28327, 3.87617, 4.81899, 4.32424, 3.90935, 4.07453, 4.27853, 4.526, 3.93326, 3.70391, 4.12521, 4.00062, 3.69365, 3.18172, 3.26145, 3.54391, 2.86237, 2.79602, 2.68565, 2.65489, 2.70453, 2.55458, 2.56875, 2.19398, 2.20364, 2.11589, 2.1187
2.16, 0.0319374, 2.44363, 2.22429, 2.54566, 4.07371, 3.96002, 4.57081, 3.65351, 4.21284, 4.67065, 4.18402, 4.33629, 3.79285, 4.13876, 4.03054, 3.04698, 3.27601, 3.38255, 3.35788, 3.27355, 2.82356, 2.95684, 3.02058, 2.72076, 2.10205, 2.09649, 2.40166, 2.1925, 2.10166, 1.94289, 2.31838
2.18, 0.0319374, 2.3939, 2.38999, 2.97684, 4.8721, 3.95088, 4.23344, 4.08957, 3.73389, 4.02744, 4.35374, 3.88581, 3.24964, 3.93802, 3.70509, 3.15786, 3.07977, 3.20326, 3.42613, 3.33068, 2.88891, 2.75431, 2.50714, 2.25035, 2.41759, 2.58179, 2.52908, 2.43921, 2.16293, 2.22875, 2.1313
2.2, 0.0319374, 2.15541, 2.6948, 3.79255, 5.05574, 4.4574, 4.40303, 3.74784, 3.41148, 3.65591, 4.02259, 3.97433, 2.90124, 3.48852, 3.39605, 3.10317, 3.32911, 3.2958, 3.15809, 3.19262, 2.25225, 2.34475, 2.58325, 2.51884, 2.30229, 2.18426, 2.20338, 1.86531, 1.62862, 1.84635, 1.92373
2.22, 0.0319374, 1.10802, 1.97736, 3.54841, 3.99168, 4.35541, 3.99632, 4.40556, 3.75114, 3.45074, 3.69736, 3.56608, 3.05907, 2.68145, 3.18771, 3.03226, 2.53925, 2.23574, 2.29389, 2.13482, 1.79816, 1.48462, 1.42916, 1.68737, 1.52083, 1.58822, 1.23833, 1.1986, 1.22688, 1.53558, 1.56105
2.24, 0.0319376, 1.1058, 0.814554, 3.22034, 4.49719, 4.06228, 4.26157, 3.75773, 2.48971, 2.74537, 3.15019, 3.15833, 2.87506, 2.83444, 2.85373, 2.65931, 2.24826, 2.78643, 2.45533, 2.01956, 1.42677, 1.10519, 0.783342, 0.716952, 0.903377, 1.04033, 0.691837, 0.642481, 0.608859, 0.621839, 1.20624
2.26, 0.0319376, 0.645622, 1.46818, 3.10669, 3.83542, 3.6926, 3.00089, 2.72261, 2.77791, 3.19864, 3.44968, 2.515, 1.78511, 2.42818, 2.51398, 2.20295, 1.59474, 1.53198, 1.88918, 1.49977, 0.933417, 0.638273, 0.297614, 0.241158, 0.414496, 0.405956, -0.00397135, -0.249379, -0.0558603, 0.337241, 0.654225
2.28, 0.0319376, -0.311842, 1.09575, 2.34233, 3.85867, 3.36623, 2.58122, 1.64998, 1.99854, 2.36117, 2.50101, 1.60964, 1.44008, 1.92679, 2.17076, 1.56216, 1.13618, 1.579, 1.3965, 0.914849, 0.0992364, 0.0463368, 0.106598, -0.331447, -0.242613, -0.497111, -0.881818, -0.537831, -0.189488, -0.217713, 0.227879
2.3, 0.0319376, 0.203341, 0.22727, 2.04511, 2.62849, 2.84102, 2.12887, 1.58247, 1.63961, 2.20559, 1.72562, 1.73574, 1.21017, 2.05307, 1.69059, 1.49172, 0.649222, 0.924878, 1.4059, 0.779189, -0.382021, -0.573706, -0.777346, -0.971568, -0.817617, -0.878216, -1.32269, -1.19825, -0.747027, -0.725499, -0.257173
2.32, 0.0319376, 0.401221, 0.520903, 2.28972, 2.93654, 2.47931, 2.13712, 1.33042, 1.44501, 1.90693, 1.9548, 1.00553, 1.27164, 1.58442, 1.72105, 1.03402, 0.50653, 1.00238, 0.991392, 0.531301, -0.254918, -0.784175, -1.34708, -1.31487, -0.533671, -0.845883, -1.54716, -1.19651, -0.989788, -0.977255, -0.613981
2.34, 0.0319376, 0.373074, -0.235923, 1.45202, 2.3284, 1.94413, 2.12446, 1.98235, 1.31156, 1.57406, 1.59592, 0.874021, 0.542318, 0.9123, 0.950008, 0.24533, -0.0973282, 0.344188, 0.59932, -0.453025, -0.799909, -1.13038, -0.97196, -0.978538, -1.19585, -1.22452, -1.74998, -1.81899, -1.74763, -1.52318, -1.16985
2.36, 0.0319376, -0.0552564, -0.69869, 0.57918, 2.73834, 2.5737, 1.69164, 1.65517, 1.4948, 0.92287, 0.53345, 0.116681, -0.182263, 0.103401, 0.0969202, -0.0486936, -0.15999, 0.184154, 0.447986, -0.613532, -1.51437, -1.36375, -0.976191, -1.00921, -1.34961, -1.68867, -2.39986, -2.05181, -1.96979, -1.66208, -1.28126
2.38, 0.0319374, -0.212549, -0.898697, 0.647066, 2.33174, 2.11907, 1.4254, 0.275452, 0.640315, 0.937226, 0.296417, 0.0362117, -0.249315, -0.0263389, -0.157652, -0.197506, -0.758519, -0.249292, -0.605741, -0.882999, -1.36557, -1.6397, -1.09447, -1.59901, -1.62391, -1.90267, -2.55498, -2.49404, -2.55941, -2.34491, -2.03006
2.4, 0.0319374, -0.4736, -0.987527, 0.308765, 1.44626, 1.17464, 1.12852, 1.15744, 0.368976, 0.22783, 0.152062, -0.230001, -0.676024, -0.666097, -0.155677, -0.506572, -1.16999, -1.11068, -0.665733, -1.87467, -2.32711, -1.97305, -1.80159, -1.83804, -1.80769, -2.53338, -3.12331, -2.71064, -2.74249, -2.57888, -2.26633
2.42, 0.0319374, -0.416986, -0.63149, 0.813842, 1.61122, 1.3112, 1.0007, 0.275871, 0.425446, 0.631787, 0.726321, -0.186951, -0.62996, -0.268152, -0.734698, -1.08348, -0.737495, -0.464961, -0.832628, -1.40774, -1.0519, -1.79865, -1.52256, -1.3256, -1.73599, -1.88961, -3.20979, -3.10864, -2.77682, -2.55789, -2.26713
2.44, 0.0319374, 1.41673, -0.563962, 0.895516, 1.2416, 1.24299, 2.53426, 1.29335, 1.89877, 1.44943, 1.65708, 0.0287282, 0.033049, 0.968884, 0.312056, 0.0639427, 0.405011, 0.688926, 0.224536, 0.524824, -0.0326648, -0.64743, -1.03481, -0.632297, -1.34905, -1.9367, -2.73853, -2.4894, -1.92586, -1.77941, -1.70051
2.46, 0.0319374, 1.77474, 0.774946, 0.136648, 1.19807, 1.63298, 1.98889, 2.50218, 2.45551, 1.76322, 2.46733, 1.05381, 1.35214, 1.12064, 0.850453, 0.617652, 1.0654, 0.967614, 0.0876354, 0.390239, -0.331641, -0.937808, -1.27177, -1.0467, -1.21841, -2.02647, -2.11643, -1.81945, -1.74355, -1.09777, -0.814152
2.48, 0.0319376, 1.8406, 1.70216, 1.55701, 2.35108, 3.32723, 3.38378, 2.77851, 2.91464, 2.52419, 2.36223, 2.14305, 2.69294, 2.63052, 1.92599, 2.27528, 2.21033, 2.33436, 1.14137, 0.594053, 0.723369, 0.203774, -0.0301923, -0.12846, -0.64459, -0.951566, -1.2781, -1.05337, -0.903237, -0.351271, -0.0654706
2.5, 0.0319376, 1.49059, 2.42465, 2.65697, 1.93065, 3.92833, 4.17154, 3.1444, 3.33895, 3.81473, 3.29503, 3.52869, 3.81853, 4.01014, 3.23107, 3.57332, 3.55585, 3.89816, 2.72203, 2.21343, 2.28752, 2.06765, 1.75924, 1.71638, 1.76388, 1.6912, 1.26933, 1.00688, 1.1648, 1.23026, 1.11755
2.52, 0.0319376, 2.30632, 2.46385, 3.06442, 2.78677, 4.61241, 4.84802, 3.18213, 2.86349, 3.77776, 3.98533, 4.38083, 4.01919, 3.44653, 3.78172, 4.35826, 3.91798, 4.04278, 3.53394, 3.178, 3.48535, 3.07917, 2.85099, 3.21154, 3.20993, 2.80077, 2.70831, 2.50105, 2.07627, 2.34485, 2.53868
2.54, 0.0319376, 1.44137, 2.06386, 3.32697, 3.57487, 4.38827, 5.06292, 3.7774, 3.7856, 3.14582, 3.95635, 3.81771, 3.88774, 3.88764, 4.11245, 4.03209, 3.38507, 3.74459, 3.44281, 3.02913, 3.13214, 3.16596, 2.48477, 2.89712, 2.63225, 2.60249, 2.61035, 2.56399, 2.3807, 2.32987, 2.39891
2.56, 0.0319376, 1.93472, 1.85238, 2.82933, 2.98285, 4.38739, 4.36454, 4.03013, 4.44412, 4.30571, 4.12438, 3.55923, 3.95911, 3.97827, 4.69624, 4.35333, 3.56392, 3.3193, 3.04483, 3.41113, 3.50949, 3.05138, 3.02396, 3.29499, 2.99938, 2.63269, 2.34652, 2.77403, 2.51572, 2.59998, 2.57304
2.58, 0.0319376, 2.0591, 2.40081, 3.59023, 4.87438, 4.02297, 3.87221, 3.42305, 4.12941, 3.72962, 4.02613, 3.40423, 4.11879, 4.34354, 4.08154, 3.82128, 3.82181, 3.51693, 3.01619, 2.84119, 2.96429, 2.66811, 2.9504, 2.86962, 2.31498, 2.34383, 2.2121, 2.16026, 2.22857, 2.18588, 1.84236
2.6, 0.0319376, 2.32028, 3.10866, 3.13327, 4.11747, 4.58592, 4.12794, 4.0895, 4.47657, 4.0884, 3.76181, 3.77031, 3.98418, 3.85847, 3.97497, 3.20937, 3.78163, 3.30682, 3.26492, 3.02483, 2.56952, 2.51467, 2.73304, 2.47389, 2.21011, 2.16206, 1.90426, 2.05865, 2.09818, 1.94645, 1.97214
2.62, 0.0319376, 0.0747064, 1.8314, 3.22291, 3.79167, 4.3767, 4.05864, 2.99535, 3.60458, 3.86598, 3.69777, 3.11304, 2.87412, 3.54891, 3.86177, 3.14783, 3.41649, 2.48133, 2.69124, 2.19286, 1.69859, 1.44534, 1.92591, 1.4062, 1.45141, 1.20012, 1.02887, 1.29385, 1.39484, 1.3894, 1.59288
2.64, 0.0319374, 1.19543, 1.03727, 2.095, 3.89342, 4.43742, 4.25927, 3.50693, 3.68536, 3.60405, 3.79881, 2.67819, 3.11895, 2.97765, 3.42264, 2.84053, 2.79707, 2.25907, 1.86422, 1.50206, 1.11443, 1.43892, 1.52883, 1.11418, 0.953239, 0.533482, 0.780678, 0.767786, 1.08491, 0.870427, 0.901938
2.66, 0.0319374, -0.342699, 1.32435, 2.35989, 2.42401, 3.29281, 3.3387, 2.30138, 3.45122, 3.36325, 3.45629, 2.45396, 2.49062, 2.61707, 2.99785, 2.41759, 2.16414, 1.99615, 2.25393, 1.60415, 0.837294, 0.542976, 0.530566, 0.309432, 0.252387, -0.0953052, -0.376213, 0.0751834, 0.190025, 0.359656, 0.593298
2.68, 0.0319374, -0.643224, 1.04627, 2.53364, 3.51882, 3.23122, 2.76871, 1.9055, 2.75845, 2.92999, 3.02435, 2.11736, 2.16063, 2.00546, 2.21252, 2.29521, 1.48909, 0.940662, 1.4509, 1.34249, 0.354106, -0.261658, -0.0464899, -0.260686, -0.742444, -0.601694, -0.551526, -0.585933, -0.51439, -0.173737, 0.298951
2.7, 0.0319374, 0.275127, 1.1004, 2.0547, 3.09178, 2.9206, 2.18037, 2.27669, 2.77525, 2.46422, 2.37409, 1.48002, 1.68002, 1.96215, 2.13814, 1.73987, 1.1162, 1.19197, 1.01676, 0.567282, 0.572145, -0.0979764, -0.507297, -0.533414, -0.545321, -1.2074, -1.12022, -0.994506, -0.716439, -0.424166, -0.104807
2.72, 0.0319374, -0.00930194, 0.28504, 1.84119, 2.50383, 2.50838, 2.34734, 1.03397, 1.9529, 1.9163, 2.33633, 1.11316, 1.14375, 1.296, 1.76947, 1.64374, 0.434329, 0.365792, 0.772341, 0.315454, -0.426841, -0.5409, -0.641472, -0.554312, -0.876288, -1.09765, -1.2859, -1.06547, -0.952313, -0.93443, -0.548161
2.74, 0.0319376, 0.022396, -0.16658, 1.6656, 2.43275, 2.53813, 2.24167, 1.44843, 1.48516, 1.68272, 1.8873, 1.03823, 0.77299, 0.694563, 1.35207, 1.1521, 0.345978, 0.447928, 0.467555, 0.0897031, -0.696434, -0.741783, -0.59272, -0.842591, -1.20403, -1.3826, -1.82916, -1.69673, -1.34257, -0.975866, -1.10214
2.76, 0.0319376, -0.511052, -0.617844, 0.659839, 2.37705, 1.5998, 1.60967, 1.00544, 1.35134, 1.27922, 1.17081, 0.694759, 0.640233, 0.102395, 0.875994, 0.563818, -0.276239, 0.242687, 0.30667, -0.605457, -1.01889, -0.894523, -0.369286, -0.4586, -1.19242, -1.80574, -2.15703, -1.72838, -1.5846, -1.56005, -1.43914
2.78, 0.0319376, -0.696514, -1.6537, 0.0419257, 1.15964, 1.23201, 1.37457, 0.560104, 0.892217, 1.23449, 0.82367, 0.184361, -0.268474, 0.379014, 0.815809, 0.145006, -0.714269, -0.469082, 0.228444, -0.921541, -1.01942, -1.42055, -1.18946, -0.791197, -1.82876, -2.3384, -2.56731, -2.54437, -2.21399, -1.97325, -1.71592
2.8, 0.0319376, -0.756394, -1.15461, -0.0963151, 1.26198, 1.40025, 1.48071, 0.714944, 0.863103, 1.03646, 0.42041, -0.754191, -0.484353, -0.392649, 0.434227, -0.161616, -1.24889, -1.05335, -0.771937, -1.35699, -1.60547, -1.56006, -1.92533, -1.2765, -2.09682, -2.64002, -2.88983, -2.70266, -2.48335, -2.20241, -2.12605
2.82, 0.0319376, 0.330901, -0.590677, 0.28746, 1.28094, 1.22182, 0.981667, -0.00900731, 0.583767, 0.586775, 0.457128, -0.399516, -0.266681, -0.129873, -0.572656, -0.950395, -0.0760741, -0.350343, -1.22264, -0.740768, -0.465582, -1.02651, -1.06876, -0.899169, -1.08817, -2.29944, -2.62033, -2.4261, -2.49522, -2.45111, -2.17693
2.84, 0.0319376, 1.65328, -0.367155, 1.13279, 1.69831, 1.42191, 2.64677, 1.60866, 0.55013, 1.06667, 1.69792, 0.259814, 0.2488, 0.488117, 0.469712, 0.267915, 0.927636, 0.925247, 0.0813107, 0.0238708, -0.219996, -0.597811, -0.920707, -0.815246, -1.17886, -1.79563, -2.5777, -2.62884, -2.15488, -1.73131, -1.48496
2.86, 0.0319376, 1.64827, 1.31783, -0.00911094, 0.877957, 1.58469, 2.08674, 2.23003, 2.43574, 2.27773, 2.51502, 1.11805, 0.982898, 1.43918, 1.32096, 0.814922, 1.13598, 1.18825, -0.133077, -0.410374, -0.316529, -0.863833, -0.713923, -0.615775, -1.36252, -1.88441, -2.41318, -1.90732, -1.35386, -0.590241, -1.19769
2.88, 0.0319374, 1.5551, 1.38924, 1.14471, 1.77728, 3.33283, 2.85527, 2.049, 2.17513, 1.44084, 1.37651, 0.946176, 0.951504, 2.18569, 1.4255, 1.31149, 1.74981, 2.07371, 0.459703, -0.233183, -0.422108, -0.54307, -0.510817, -0.342508, -0.371986, -0.596944, -1.25955, -1.44994, -0.862374, -0.42013, -0.707772
2.9, 0.0319374, 0.80314, 1.4602, 1.12206, 0.590077, 3.00686, 2.82648, 1.23754, 2.04529, 1.88197, 1.6016, 0.324178, 0.32193, 0.869126, 0.697585, 0.700195, 1.04911, 0.485531, -0.139184, -0.22758, -0.330396, -0.477289, -0.207031, -0.0266418, -0.0282657, -0.753695, -1.31307, -0.709248, -0.874172, -0.377736, -0.601199
2.92, 0.0319374, 0.930577, 0.662832, -0.276898, 1.47722, 2.91785, 2.64368, 2.14853, 1.74831, 1.14064, 1.10417, 0.378525, -0.339722, 0.231451, 0.211919, 0.127311, 0.344868, 0.596841, 0.0666993, -0.764216, -0.960819, -0.965473, -0.222084, -0.443896, -0.279346, -0.535143, -1.2725, -1.29282, -1.45527, -0.804213, -1.10507
2.94, 0.0319374, 0.750033, 0.324765, 0.4054, 1.04065, 1.66622, 1.85482, 0.506781, 0.960684, 0.310089, 0.89204, -0.242064, -0.201166, 0.497329, 0.0858698, -0.292397, -0.0671568, -0.0137248, -1.05741, -0.949561, -1.35682, -1.20791, -0.775662, -0.284499, -0.565739, -0.989117, -1.54589, -1.5636, -2.07086, -1.35966, -1.78523
2.96, 0.0319374, 0.727331, 0.118597, 0.0265437, 0.49168, 1.25915, 1.34971, 0.570916, 0.931642, 0.227296, -0.270824, -0.837601, -0.883413, -0.520551, -0.719073, -0.71363, -0.680128, -0.274305, -1.64287, -1.67954, -1.75232, -1.83856, -1.16236, -1.08336, -0.958291, -1.47891, -2.26114, -2.32209, -2.4297, -1.9502, -2.12923
2.98, 0.0319376, 0.506494, 0.0473109, -0.398249, 0.233707, 1.00986, 0.405134, -0.13889, 0.566201, 0.34947, -0.113389, -1.36256, -1.35022, -0.0336293, -0.859174, -1.61154, -0.928431, -0.616437, -1.64264, -1.44785, -1.57532, -2.10657, -1.72309, -1.66094, -1.64888, -1.41959, -2.07506, -2.45353, -2.57847, -2.22424, -2.25064
3, 0.0319376, -0.167087, -0.60182, -0.483042, -0.595366, 0.486615, 0.849204, 0.0113899, 0.240388, -0.472778, -1.02517, -1.67341, -1.63876, -0.577907, -1.44143, -1.08195, -1.40425, -1.26298, -1.91087, -2.13149, -2.06543, -2.49876, -2.20281, -2.21065, -1.81807, -2.09209, -2.50232, -2.76119, -2.92207, -2.89915, -2.75984
3.02, 0.0319376, -0.0597216, -0.923795, -1.13451, -0.252404, 0.676467, 0.838775, -0.0603483, 0.174114, -0.4419, -0.772667, -1.84998, -2.38914, -1.70462, -1.55855, -2.05188, -1.76867, -1.33189, -2.12908, -2.00795, -2.20386, -2.32074, -1.90854, -1.97492, -1.88116, -2.14668, -3.00361, -2.85252, -2.73507, -2.85278, -2.94471
3.04, 0.0319376, -0.78263, -0.831344, -1.68268, -0.583057, 0.363742, 0.205839, -0.776005, -1.15343, -2.11326, -1.22995, -1.90175, -2.7392, -2.46615, -2.04297, -2.36383, -2.52337, -1.68684, -2.54288, -2.3343, -2.5198, -2.79362, -2.58125, -2.30181, -2.68351, -3.34838, -3.36426, -3.265, -3.21126, -3.21846, -3.49818
3.06, 0.0319376, -1.16111, -2.25869, -1.58232, -1.41578, -1.35854, -0.727379, -1.07019, -1.21958, -1.42145, -1.93421, -2.73268, -2.31192, -2.00413, -2.11313, -2.24044, -2.29179, -1.84153, -2.41497, -2.65245, -2.35297, -2.95053, -2.60054, -2.42132, -2.77088, -2.90516, -3.44274, -3.55079, -3.55953, -3.43222, -3.47192
3.08, 0.0319376, 1.17237, 0.579498, 0.0338442, 0.968995, 0.731421, -0.638344, 0.156052, 0.299841, -0.162538, -0.318957, -1.19866, -1.11441, -0.744086, -1.009, -0.944482, -0.418394, 0.423197, -0.751556, -1.26455, -1.31753, -1.97283, -0.895882, -0.75687, -2.18902, -2.65093, -3.19654, -3.05852, -2.78573, -2.72215, -2.13875
3.1, 0.0319376, 1.1655, 1.88812, 2.57616, 2.28321, 2.13728, 2.01097, 1.61011, 2.19279, 2.48328, 2.58859, 2.28329, 1.89553, 2.24821, 2.04765, 2.43669, 1.81221, 2.09318, 1.4753, 0.678489, 0.551816, -1.18832, -0.0303719, -0.0244488, -0.983625, -1.86573, -2.05381, -0.83918, -0.352526, -0.422795, -0.500821
3.12, 0.0319376, 0.436649, 2.7169, 4.05487, 3.37165, 2.95696, 3.15012, 3.48741, 2.678, 3.07204, 4.43144, 4.09096, 3.21915, 3.81811, 3.38894, 3.73371, 3.73632, 4.34974, 3.49848, 2.99012, 2.7365, 1.9815, 1.74127, 1.78319, 1.86887, 1.93446, 1.79161, 1.92622, 2.08419, 1.7577, 1.48719
3.14, 0.0319374, 1.11801, 2.68345, 3.18561, 4.0587, 4.21147, 3.53985, 3.63608, 3.534, 3.50627, 4.34938, 4.63598, 4.02232, 3.83512, 4.49188, 4.29147, 4.12027, 4.3751, 3.75888, 3.3085, 2.80807, 2.7062, 2.65733, 2.70377, 2.7514, 2.79881, 2.53066, 2.84645, 2.61857, 2.38262, 2.19933
3.16, 0.0319374, 1.80081, 2.55223, 2.40567, 3.95225, 4.39927, 3.4362, 3.83718, 4.22787, 3.87307, 4.56147, 4.74786, 4.07613, 4.34556, 4.54432, 3.7352, 3.24416, 3.38684, 3.31291, 3.18658, 2.87247, 3.36532, 3.4422, 2.5945, 2.81877, 2.73236, 2.88618, 2.58113, 2.61854, 2.37924, 2.5527
3.18, 0.0319374, 1.40045, 1.78486, 3.11025, 4.22341, 4.30943, 3.97755, 3.21546, 3.65155, 3.93319, 4.64711, 4.21568, 3.85227, 4.23557, 4.56459, 4.14164, 3.50049, 3.49058, 3.18309, 2.91879, 2.62032, 2.8887, 3.18306, 2.98928, 3.0085, 2.96347, 2.67476, 2.35322, 2.33271, 2.40798, 2.12833
3.2, 0.0319374, 2.65496, 2.72574, 4.07457, 4.99003, 4.58076, 3.76854, 3.93, 4.06715, 3.3544, 3.85119, 3.64606, 3.35777, 3.89727, 4.10533, 3.68719, 3.58668, 3.63962, 3.12437, 2.86572, 3.08926, 2.92003, 2.91884, 2.65738, 2.36309, 2.33427, 2.19617, 2.25934, 2.09755, 2.02905, 1.84905
3.22, 0.0319374, 1.56979, 2.24329, 2.84689, 3.79054, 3.79892, 3.84851, 3.88041, 3.83882, 3.2012, 4.35271, 3.99399, 3.34199, 3.35349, 4.33497, 3.57462, 3.37921, 2.92452, 2.97445, 2.41863, 1.99923, 1.74931, 2.18858, 1.74157, 1.75767, 1.68339, 1.96145, 1.53244, 1.55003, 1.82305, 1.88445
3.24, 0.0319376, 1.35631, 1.48287, 3.08484, 3.99794, 4.19738, 3.47663, 3.42219, 3.76632, 3.42088, 4.02029, 3.34479, 2.46345, 3.21717, 3.89346, 3.1656, 3.12903, 2.04095, 2.2096, 2.14643, 1.75265, 1.09537, 0.945471, 1.05613, 1.06164, 0.976617, 0.412091, 0.707139, 1.0305, 0.904018, 1.15728
3.26, 0.0319376, 0.236621, 0.867814, 2.79955, 4.00169, 3.81137, 3.07455, 2.97831, 2.88963, 2.55592, 3.03054, 3.30667, 2.63707, 2.79597, 3.10463, 2.33099, 2.37746, 2.20832, 1.8179, 1.85194, 0.93018, -0.0164039, 0.729085, 0.194289, 0.178126, 0.0404853, 0.357912, 0.188908, 0.0460104, 0.193951, 0.677482
3.28, 0.0319376, -0.256123, 1.13589, 2.40568, 3.35386, 2.85957, 2.51308, 2.08543, 2.36699, 2.45919, 2.09105, 2.14064, 1.6282, 2.67149, 2.52352, 2.0731, 1.6409, 2.13379, 1.84828, 1.42013, 0.608817, -0.117624, 0.294778, 0.20948, 0.218157, -0.483128, -0.223968, -0.537338, -0.0374919, 0.160935, 0.447379
3.3, 0.0319376, 0.0902365, 0.906932, 2.51169, 3.10455, 3.08522, 1.7346, 1.99134, 2.33226, 2.17624, 2.13647, 1.98426, 1.82015, 2.22656, 2.09373, 1.57584, 1.32283, 1.72766, 1.36807, 0.623621, 0.190875, -0.590866, -0.429492, 0.0113327, -0.16372, -0.668505, -0.651601, -0.746175, -0.310475, -0.365882, -0.220198
3.32, 0.0319376, -0.204886, 0.623411, 2.32608, 3.19343, 2.61402, 1.47538, 1.51575, 0.978965, 1.52558, 2.03826, 1.8404, 1.3643, 1.66836, 1.72085, 1.33687, 1.03609, 0.651099, 0.786493, 0.105258, -0.18843, -0.416845, -0.897598, -0.694588, -0.642354, -0.58069, -0.930429, -1.44105, -0.928172, -0.796954, -0.477501
3.34, 0.0319376, -0.189184, -0.686827, 1.28604, 2.21348, 2.22238, 1.37738, 1.5799, 1.71004, 1.71851, 1.72011, 0.797494, 0.756035, 1.04056, 1.91068, 0.595078, 0.469472, 0.842138, 0.809261, -0.0382311, -0.802542, -1.3296, -1.26247, -0.926593, -0.838864, -1.30526, -1.40186, -1.65604, -1.41159, -1.15809, -0.725937
3.36, 0.0319376, -0.648218, -0.821781, 0.597623, 2.29992, 2.08022, 1.15555, 0.691716, 0.789741, 1.38772, 1.63894, 0.864803, 0.231444, 1.01353, 1.35092, 0.482692, -0.136493, 0.144856, -0.0542173, -0.926623, -1.18357, -1.68102, -0.999664, -1.27287, -1.5964, -1.8406, -2.01386, -2.0617, -2.00731, -1.75276, -1.3036
3.38, 0.0319374, -0.727532, -0.379698, 1.02509, 2.44048, 1.79387, 0.548473, 1.02849, 0.884873, 0.994888, 0.414221, 0.206312, -0.0359146, 0.662202, 1.26337, -0.0439581, -0.85992, 0.018025, -0.467287, -0.694854, -1.43835, -1.76441, -1.32335, -1.46019, -1.51207, -2.19767, -2.42462, -2.3565, -2.35876, -2.05605, -1.72327
3.4, 0.0319374, -1.08862, -0.954028, -0.378544, 1.14517, 1.76377, 0.552037, 0.663054, 0.80018, 0.714902, 0.665276, -0.0727446, -0.605319, 0.0394932, 0.12736, -0.616022, -0.452707, -0.289606, -0.516304, -1.49304, -1.61652, -2.56946, -1.5156, -1.83607, -2.10571, -2.16906, -2.32501, -2.3321, -2.16436, -2.41939, -2.0586
3.42, 0.0319374, -1.32402, -1.2086, 0.181617, 1.27623, 1.23463, 0.595713, 0.375604, -0.313052, 0.0494579, 0.252001, -0.594357, -1.07028, -0.223354, -0.0742313, -0.787913, -1.05964, -1.15837, -1.27917, -1.52314, -2.1049, -2.53271, -1.79674, -2.02113, -2.44386, -2.93618, -3.22691, -3.00508, -2.69918, -2.61517, -2.52366
3.44, 0.0319374, -2.18923, -1.89162, -0.414228, 0.751111, 0.0557893, -0.227693, 0.253675, -0.667048, -0.675675, 0.121955, 0.309498, -0.780124, -0.0523969, -0.205444, -0.603949, -1.10257, -0.422131, -0.546475, -0.510349, -1.09865, -1.74866, -0.687367, -0.691927, -1.2129, -1.35936, -2.05547, -2.80872, -2.8405, -2.73443, -2.78029
3.46, 0.0319374, -0.929436, -1.50183, -0.455396, 0.173086, -0.513843, -0.281634, -0.892678, -0.6277, 0.0771888, 0.616081, -0.0589054, -0.266802, -0.707951, -0.541133, -0.837559, -1.09635, -0.15997, -0.224693, -0.430811, -0.170985, -1.15695, -0.411841, -0.290603, -0.459189, -0.295686, -1.45591, -1.99162, -1.97538, -2.05695, -2.06143
3.48, 0.0319376, -1.77763, -2.02159, -0.577542, -0.147832, -0.0424227, 0.192692, -0.436989, -0.227798, -0.100933, 0.350768, -0.219579, -0.440827, -0.733389, -1.19673, -1.23868, -0.692493, -0.671882, -1.30225, -1.38911, -0.826877, -1.55129, -0.677261, -0.499423, -0.640567, -1.15597, -1.67935, -2.13358, -2.18847, -1.9087, -2.08963
3.5, 0.0319376, -1.37687, -2.20427, -1.45629, -1.30851, -0.309917, -0.69738, -0.645614, -0.430672, -0.512568, -0.15406, -0.563074, -1.44773, -1.5791, -1.32399, -1.54678, -1.95884, -1.4432, -1.31986, -1.81194, -1.26849, -1.69869, -0.975283, -1.17941, -1.1644, -1.14027, -1.84048, -2.49134, -2.54716, -3.0461, -2.81789
3.52, 0.0319376, -1.34439, -2.34467, -0.722598, 0.0650173, -0.475225, -1.56612, -1.27127, -0.750925, -0.936663, -0.55547, -1.03306, -1.57449, -1.7629, -1.53578, -2.30048, -2.13154, -1.47953, -2.09837, -2.60816, -2.56193, -2.10274, -1.19891, -1.11885, -1.58148, -2.00399, -2.8404, -3.04486, -3.29249, -3.36602, -3.26619
3.54, 0.0319376, -1.53021, -1.92253, -1.54591, -1.32342, -0.595138, -1.08964, -1.44052, -0.899866, -1.39434, -0.806412, -0.870594, -1.69742, -2.14869, -2.07871, -2.70577, -2.53173, -2.20198, -1.92289, -2.2172, -2.40138, -2.64523, -2.02248, -1.99597, -1.63322, -2.23395, -3.07941, -3.53288, -3.55553, -3.45295, -3.42579
3.56, 0.0319376, -1.86175, -2.27949, -2.176, -1.57522, -1.33358, -1.98556, -1.6498, -1.64996, -1.18083, -1.13828, -1.58951, -2.21069, -2.70462, -2.4548, -2.64179, -2.37845, -1.92404, -2.20673, -2.26599, -1.85208, -2.65866, -1.82807, -1.82938, -2.22635, -2.38545, -3.01695, -3.94308, -3.556, -3.66399, -3.65321
3.58, 0.0319376, -2.7007, -3.68645, -2.30388, -1.16365, -1.23909, -1.82166, -2.28128, -2.22287, -2.00499, -2.07901, -2.15509, -2.97691, -2.80282, -2.144, -2.47019, -2.76691, -2.49368, -2.94456, -2.67987, -2.70778, -2.89432, -2.98696, -2.21899, -2.27433, -2.90357, -3.64631, -3.70764, -3.93568, -4.09337, -3.81436
3.6, 0.0319376, -2.1208, -2.95523, -2.81526, -2.15528, -2.38126, -2.89403, -2.81429, -2.09338, -2.35207, -2.49815, -2.99012, -3.83721, -3.55657, -3.31278, -3.13548, -2.936, -2.98216, -2.97968, -3.19043, -3.54017, -3.08127, -2.82914, -3.01179, -3.45491, -3.73503, -3.84684, -3.9136, -4.2041, -4.04873, -4.02422
3.62, 0.0319376, 0.198551, -0.645114, -0.663727, -0.697184, -0.49223, -0.562094, -0.579663, -0.32665, -0.253367, -0.448991, -0.172138, -0.770666, -0.625903, -1.00499, -1.40021, -1.28434, -0.577566, -0.592149, -0.693175, -0.693746, -0.851913, -0.787449, -1.11987, -1.10481, -1.31258, -1.75327, -2.06191, -1.93193, -2.13075, -2.50011
3.64, 0.0319374, 1.15035, 1.39699, -0.27678, 0.133651, 0.860349, 0.329309, 0.333052, 2.59307, 1.9191, 1.9105, 1.21975, 0.479031, 0.731056, 0.998493, -0.0127322, 0.670436, 1.22023, 0.456021, 0.158191, -0.0152002, 0.080002, -0.38386, -0.452577, -0.527671, -0.680984, -1.66068, -1.29855, -0.790046, -1.22123, -0.999111
3.66, 0.0319374, 1.20179, 0.993267, 0.609027, 2.02565, 2.41648, 2.00784, 2.01338, 2.4034, 2.19522, 1.26766, 1.42541, 0.0784403, 0.547571, 0.658855, 0.307685, 0.616478, 0.966804, 0.639103, 0.215094, 0.348728, -0.0194063, -0.322535, -0.0305973, -0.282534, -0.990718, -1.47702, -1.21191, -0.849501, -1.22849, -0.918157
3.68, 0.0319374, 0.214025, 0.522173, 0.0379777, 1.7637, 1.9975, 1.59878, 1.49126, 1.8643, 2.46432, 1.65696, 0.810114, 0.0628619, 0.189638, -0.0541465, -0.356095, 0.166822, 0.280455, -0.133898, 0.27183, 0.267956, 0.114634, 0.123988, -0.0410147, 0.0198415, 0.0206837, -0.744665, -0.539474, -0.787619, -0.904437, -0.632075
3.7, 0.0319374, -0.00344894, 0.177601, -0.8657, 1.2481, 1.36141, 0.342936, 1.10131, 1.75635, 1.6784, 1.07452, 0.552487, -0.338806, -0.0468052, -0.169876, -0.446773, 0.248676, 0.505662, -0.162507, 0.172823, 0.510429, 0.0326755, 0.160327, -0.331018, -0.0613204, 0.0903257, -0.449862, -1.06219, -1.38187, -1.16422, -0.774077
3.72, 0.0319374, -0.360384, -0.232067, -1.03139, 0.214444, 0.407827, 0.485719, 0.201732, 0.632775, 0.854805, 0.723438, 0.45415, -1.00197, -0.767963, -0.825187, -0.596007, -0.433326, 0.0468893, -0.711531, -0.645219, -0.360288, -0.437064, 0.275422, -0.339966, -0.0165646, -0.1868, -0.782501, -1.17805, -1.72321, -1.92266, -1.09342
3.74, 0.0319376, -0.129222, -0.601255, -0.638457, 0.747304, 0.494447, -0.254428, -0.156981, 0.902516, 0.858748, 0.241949, -0.542865, -1.32507, -0.874559, -1.0417, -1.03514, -0.830829, -0.623378, -1.07569, -0.728043, -0.747564, -1.1084, -0.87811, -1.09494, -0.884955, -1.11988, -1.16014, -1.75561, -2.22209, -2.14213, -1.63816
3.76, 0.0319376, 0.261533, -0.0931105, -0.821799, 0.44229, 0.520413, -0.377585, -1.2434, 0.411084, 0.547091, -0.461569, -0.722617, -1.55243, -1.08845, -1.41313, -1.61238, -1.27706, -1.3141, -1.90948, -1.19724, -1.03324, -1.14739, -1.10457, -1.67029, -1.15644, -1.0457, -1.28214, -2.12198, -2.28887, -2.39834, -1.91454
3.78, 0.0319376, -0.476656, -0.834544, -1.54215, 0.0289482, -0.53624, -1.51518, -1.42522, 0.0793309, 0.256623, -0.82665, -1.20114, -1.81236, -1.78198, -2.17475, -1.83517, -1.91423, -2.03483, -1.48739, -1.54841, -1.67989, -2.18277, -1.29303, -1.70456, -1.53846, -1.89593, -2.0941, -2.12816, -2.53242, -2.82162, -2.29954
3.8, 0.0319376, -0.500148, -1.43832, -1.48673, -0.272488, -0.226311, -0.623923, -1.38745, -0.419111, -0.437618, -1.68284, -2.04436, -2.68239, -2.38782, -1.93989, -2.27564, -1.48963, -1.31019, -2.05602, -1.99189, -1.70943, -2.0592, -1.46421, -1.5229, -1.83071, -2.20694, -2.20496, -2.66498, -2.90694, -3.27666, -2.84821
3.82, 0.0319376, -1.20372, -1.57846, -1.57739, -0.892684, -0.780033, -1.61223, -1.39136, -0.314101, -0.196199, -2.01756, -2.07011, -2.56977, -2.19924, -2.37125, -2.85435, -2.36629, -1.99968, -1.92344, -2.241, -2.06982, -2.07968, -1.89489, -1.73664, -1.73871, -2.02091, -2.58786, -2.80964, -3.0325, -3.24691, -3.05706
3.84, 0.0319376, -1.14341, -2.1621, -1.98806, -0.960204, -1.33485, -1.71217, -1.67457, -1.39586, -1.27959, -2.53944, -2.7863, -3.86398, -2.87938, -2.56141, -2.66191, -2.49077, -2.24551, -2.54933, -2.50283, -2.63584, -2.63082, -2.28674, -2.40476, -2.27112, -2.60743, -3.02418, -2.91618, -3.48026, -3.72708, -3.18786
3.86, 0.0319376, -1.19539, -2.09332, -1.53122, -0.827121, -0.956956, -1.58663, -1.47607, -0.587182, -0.449966, -1.09692, -1.14894, -1.2153, -1.21681, -1.14775, -1.76207, -2.18142, -0.893985, -1.57068, -1.7607, -2.00254, -1.96864, -1.62837, -1.70424, -1.60221, -2.156, -2.63177, -3.21491, -3.04638, -2.97006, -3.37027
3.88, 0.0319374, 1.13653, 1.07195, 0.401268, 0.303123, 0.762652, 0.708434, 1.33025, 2.17273, 1.90222, 1.33101, 0.503694, -0.427011, 0.102112, 0.725883, -0.0731928, 0.232493, 0.677292, 0.66469, 0.23263, -0.393239, -0.959906, -0.919039, -1.21469, -0.847765, -1.02308, -1.45751, -1.75073, -1.50897, -1.91702, -1.65975
3.9, 0.0319374, 0.97818, 0.298437, 0.71644, 1.85529, 2.38026, 2.00245, 2.76964, 3.61749, 2.73581, 2.57513, 2.16377, 2.09501, 2.4076, 2.58122, 1.51185, 2.0475, 2.38916, 1.94551, 1.41946, 1.38501, 0.520206, -0.528282, -0.385332, -0.487283, -0.66781, -0.956739, -0.995946, -1.06099, -0.576126, -0.289612
3.92, 0.0319374, 0.557067, 0.870677, 2.30843, 2.6458, 3.27906, 3.27326, 2.74691, 3.46514, 3.85425, 3.65878, 1.773, 2.84347, 3.51779, 3.48991, 2.2939, 2.33388, 2.19985, 2.62688, 1.94789, 1.63471, 0.980249, 0.845102, 0.856883, 0.508941, 0.536318, 0.20966, 0.539446, 0.335505, 0.510838, 0.695539
3.94, 0.0319374, -0.316152, 0.0494949, 1.58325, 1.39364, 2.92293, 3.00954, 3.59632, 4.13599, 2.21758, 2.35533, 1.5608, 2.34302, 2.56304, 2.39948, 1.81356, 1.98598, 2.20247, 2.25244, 1.79603, 1.79181, 0.885124, 1.00975, 0.828993, 0.3445, -0.171078, -0.597101, -0.174374, -0.648968, 0.127108, 0.108137
3.96, 0.0319374, 0.129108, 0.221281, 0.873559, 0.943514, 1.35759, 2.47247, 3.37472, 3.84106, 2.60105, 2.78768, 1.19816, 1.22658, 1.65512, 2.33631, 1.37512, 1.1701, 1.49039, 1.91932, 0.93259, 0.618686, 0.778009, 0.580847, 0.103822, -0.112272, -0.924577, -0.631539, -0.0505775, -0.320401, -0.148185, -0.262127
3.98, 0.0319376, -0.855184, -0.637526, 0.952249, 1.06825, 1.68378, 1.95896, 2.43817, 3.22003, 2.54643, 2.72369, 1.29578, 1.10778, 1.59542, 1.76622, 1.09063, 0.845539, 1.10649, 1.39332, 0.741616, 0.334146, 0.245726, 0.190318, 0.205695, -0.0983969, -0.811003, -1.08978, -0.542421, -0.601655, -0.58172, -0.438529
4, 0.0319376, 0.324186, 0.618579, 2.17332, 1.52437, 0.805298, 1.34334, 2.11865, 2.8136, 2.05358, 2.17123, 0.851289, 1.24281, 1.60127, 1.0878, 0.396333, 0.533541, 1.16244, 0.886838, 0.867582, 0.348062, 0.797365, 0.14134, -0.254126, -0.297167, -0.817982, -0.629378, 0.00066318, -0.117509, -0.730743, -0.862193
4.02, 0.0319376, 1.31416, 1.39727, 0.698965, 1.5089, 1.2936, 0.747622, 1.56238, 1.54786, 1.43625, 1.60452, 0.0860482, 0.090674, 0.634299, 1.38318, 0.646926, 0.699987, 0.692019, 0.599959, 0.733324, 0.653637, 0.73782, -0.283802, -0.440265, -0.21225, -0.62441, 0.180493, 0.456615, 0.349647, -0.248294, -0.336832
4.04, 0.0319376, 0.623625, 0.508867, 1.08244, 0.995924, 0.585527, 0.729231, 1.21218, 1.70372, 0.986242, 1.06567, -0.373096, -0.00787976, 0.563288, 0.814509, 0.651635, -0.180851, 0.399395, 0.147763, 0.645816, 0.428103, -0.0138738, -0.41643, -0.357061, -0.569512, -0.748732, -0.272222, -0.290477, 0.240399, -0.0259166, 0.0826532
4.06, 0.0319376, -0.149678, 0.291041, 0.768099, 1.106, 0.823003, 0.983433, 0.234187, 1.25972, 0.880074, 1.02962, -0.340567, -0.936355, -0.384721, 0.477374, -0.34704, -0.450808, -0.0550677, -0.0663662, 0.56653, 0.0720609, -0.27295, -0.821176, -1.18094, -1.24083, -1.11548, -0.897317, -0.838115, -0.278583, -0.43386, -0.328106
4.08, 0.0319376, -0.0993462, -0.280782, 0.180026, -0.154277, -0.680608, 0.366902, 0.177674, 0.356576, 0.660294, 0.44289, -1.06788, -1.15387, -0.480813, 0.338019, -0.907034, -1.10758, -0.735324, -0.326026, -0.31487, -0.752797, -0.881643, -1.91405, -1.84266, -1.57625, -1.3819, -1.75256, -1.59857, -0.769611, -1.27652, -1.08012
4.1, 0.0319376, -0.347173, -0.310345, 0.805668, 0.129238, -0.851408, -0.370298, -0.676506, 0.594467, -0.0382657, -0.0580165, -1.74612, -1.14702, -0.800642, -0.190199, -1.20669, -1.28028, -1.21109, -0.779739, -0.946399, -1.3422, -1.27772, -1.77455, -1.81866, -2.00541, -1.76637, -1.79511, -2.01716, -1.52043, -1.64007, -1.14899
4.12, 0.0319376, -0.397731, -0.804689, -0.243882, -0.206348, 0.20889, -0.727603, -0.0923715, 0.403063, -0.219443, -0.741145, -1.91007, -1.6145, -1.17924, -0.621264, -1.53921, -1.9615, -1.26878, -1.49915, -1.56414, -1.6392, -1.67787, -1.98983, -1.83464, -2.37015, -2.04671, -2.00186, -2.22714, -1.51983, -1.73447, -1.87775
4.14, 0.0319376, -0.796347, -1.18475, -1.01425, -0.818652, -0.0423841, -0.270658, -0.505393, -0.290987, -0.667471, -0.905601, -2.10427, -1.72237, -1.37283, -1.21424, -1.27622, -1.70621, -1.57531, -1.68327, -1.15433, -1.37764, -1.95299, -2.07468, -1.93334, -1.46565, -1.97673, -2.30643, -2.34597, -1.96129, -2.37015, -2.38593
4.16, 0.0319376, -1.53169, -1.48263, -0.995581, -1.13341, -0.950711, -1.16721, -0.623451, -0.863946, -0.805119, -0.809315, -2.49508, -2.59834, -1.71505, -1.43016, -2.1375, -2.00314, -1.8584, -1.57631, -1.46511, -1.545, -2.22256, -2.46417, -2.28469, -1.91047, -2.48971, -2.48381, -2.94198, -2.25724, -2.63881, -2.87849
4.18, 0.0319376, 0.182702, 0.310167, 0.273428, 0.649936, 0.711524, 0.938334, 1.1395, 0.9874, 0.327947, 1.13228, 0.233074, 0.242916, -0.00858212, -0.00855645, 0.310381, -0.0669303, -0.807601, -0.241371, -0.630705, -0.740941, -1.77643, -2.00601, -2.05526, -2.05822, -2.66141, -2.79805, -2.8304, -2.25723, -2.7136, -2.42057
4.2, 0.0319376, 0.0650263, 2.04285, 2.3159, 2.43743, 2.56237, 3.28496, 3.59346, 3.7266, 3.60902, 3.78514, 3.53413, 3.82012, 3.90482, 3.42117, 3.19201, 2.81881, 3.40124, 2.51115, 2.26597, 2.07143, 1.42592, 0.907727, 1.24246, 1.21244, 1.21356, 1.14956, 1.23564, 1.23691, 1.22347, 0.920655
4.22, 0.0319376, 1.95056, 2.99947, 2.80869, 3.65147, 3.28908, 4.53394, 4.4386, 3.76784, 3.75106, 4.24862, 4.17234, 4.02718, 3.98162, 4.27173, 3.84038, 3.63888, 3.84808, 3.45598, 3.23418, 3.60502, 2.76229, 2.85624, 2.71157, 2.50639, 2.69489, 2.3644, 2.21878, 2.41116, 2.14362, 2.29518
4.24, 0.0319376, 1.87137, 2.57365, 2.82269, 3.79233, 4.05284, 4.46979, 4.22186, 4.08349, 3.52722, 4.17869, 4.17971, 3.63144, 4.26123, 4.77066, 3.59532, 3.19307, 3.38803, 3.26971, 3.26412, 3.20698, 2.95426, 2.91813, 2.8812, 2.83691, 2.90026, 2.55541, 2.80025, 2.49115, 2.47523, 2.50982
4.26, 0.0319371, 1.832, 2.96768, 2.77026, 3.83201, 3.77161, 4.75561, 4.40573, 4.11738, 4.33469, 4.8188, 3.688, 4.24557, 4.42184, 3.96706, 3.01134, 3.62168, 3.5942, 3.24397, 3.21477, 3.1183, 3.49404, 3.1785, 3.05805, 2.87516, 2.96404, 2.46323, 2.48435, 2.36462, 2.45385, 2.27998
4.28, 0.0319371, 2.00891, 2.61909, 3.02315, 4.49534, 4.67641, 3.94594, 4.14645, 3.59462, 4.25094, 3.95052, 3.62723, 4.10635, 4.13303, 4.53866, 3.27525, 3.18663, 3.23183, 3.36812, 3.47449, 3.40285, 2.82578, 2.36511, 2.48455, 2.49542, 2.61326, 2.40798, 2.39184, 2.04506, 1.95794, 1.99106
4.3, 0.0319371, 2.13006, 2.91478, 4.08742, 4.85589, 4.12808, 3.80587, 3.58265, 3.99455, 3.52701, 3.90982, 3.45515, 3.26256, 3.45048, 3.55365, 3.12387, 2.83822, 3.03473, 2.98504, 2.73844, 2.51139, 2.24405, 1.86854, 2.15966, 1.74711, 1.99232, 1.75459, 1.69727, 1.78381, 1.69225, 1.66945
4.32, 0.0319371, 1.09682, 1.95033, 3.43873, 4.5723, 4.14491, 3.83128, 3.3566, 3.48868, 3.40076, 3.77023, 3.3051, 3.10791, 3.11925, 3.65085, 2.78079, 2.2762, 2.6665, 2.9325, 2.07912, 2.18556, 1.97579, 1.75184, 1.55692, 1.48606, 1.67177, 1.03868, 1.17062, 1.13202, 1.29372, 1.33501
4.34, 0.0319371, 0.970972, 1.55599, 3.25583, 4.33425, 4.12552, 3.49971, 2.65591, 3.32967, 3.51229, 3.57429, 2.90661, 2.73428, 3.12222, 3.50748, 1.92293, 2.03023, 2.05409, 2.18526, 1.93907, 1.15038, 0.913308, 0.671882, 0.620923, 0.945042, 0.631085, 0.599035, 0.47416, 0.570602, 0.428512, 0.874672
4.36, 0.0319376, 0.356183, 1.43916, 2.991, 3.5739, 2.48104, 2.71616, 2.7902, 2.88098, 2.49354, 2.78045, 2.52774, 2.44312, 2.92666, 2.79884, 1.65307, 1.87488, 2.09053, 1.88331, 1.50274, 0.794211, 0.51266, 0.200766, 0.32757, 0.460012, -0.031397, -0.169968, -0.037699, 0.057766, 0.200744, 0.483197
4.38, 0.0319376, 0.273233, 1.22171, 2.58902, 3.84208, 3.10924, 2.55762, 2.51879, 1.99814, 2.75638, 2.55445, 1.65838, 1.85627, 2.11065, 2.1057, 1.75232, 1.80222, 1.55014, 1.18614, 0.806341, 0.277579, 0.0230216, 0.0183703, -0.152596, -0.573419, -0.665762, -0.777782, -0.636449, -0.522521, -0.184441, -0.220669
4.4, 0.0319376, 0.155222, 0.571202, 2.47262, 2.72248, 2.9982, 1.6719, 2.00829, 2.22758, 1.95751, 2.17387, 1.59718, 1.29517, 1.96, 1.93669, 0.727407, 0.870532, 1.13788, 1.0788, 0.248087, 0.17788, -0.361456, -0.27874, -0.274168, -0.645482, -0.967357, -1.08162, -1.18575, -0.933675, -0.696477, -0.496084
4.42, 0.0319376, 0.0809286, 0.635795, 2.35834, 2.6403, 1.98757, 1.72425, 2.06164, 1.74075, 1.86715, 1.90499, 0.964378, 1.21731, 1.43467, 1.29897, 0.663569, 0.0657168, 0.258311, 0.564039, -0.040386, -0.623436, -1.29769, -1.32656, -0.919086, -0.67458, -0.939854, -1.40509, -1.2652, -1.08617, -0.999442, -0.888478
4.44, 0.0319376, -0.510453, -0.195654, 1.61416, 2.47339, 2.16333, 0.891742, 1.48756, 1.25183, 1.39683, 0.782078, 0.613142, 0.254632, 0.696496, 1.19186, 0.427573, 0.141959, 0.526785, 0.568845, -0.187657, -0.447314, -0.88253, -0.357484, -0.696376, -0.928731, -1.52352, -1.91091, -1.8203, -1.44504, -1.49335, -1.23402
4.46, 0.0319376, -0.742101, -0.351558, 0.786759, 1.87885, 1.74513, 1.15607, 0.954577, 0.102425, 0.620181, 0.89594, -0.112045, 0.364877, 0.824772, 0.556211, -0.531132, -0.349923, -0.184622, -0.0983839, -0.927682, -0.758351, -0.755299, -0.977355, -0.975771, -0.825935, -1.33891, -2.14288, -1.76826, -1.58696, -1.89651, -1.59609
4.48, 0.0319376, -0.49375, -0.65397, 0.360534, 2.37525, 1.75344, 1.28986, 0.219692, 0.502336, 1.20229, 0.575238, -0.0401076, -0.0276776, 0.487931, 0.606149, -0.587368, -0.467889, -0.535811, -0.699453, -1.26709, -1.32071, -1.14896, -1.52291, -1.36025, -1.27923, -2.0894, -2.55518, -2.04092, -2.15413, -2.25231, -2.18826
4.5, 0.0319376, 1.06349, 1.33508, 2.95521, 2.77035, 2.16637, 1.92562, 2.33963, 2.0494, 2.20629, 2.55677, 2.40524, 2.13101, 1.63973, 1.49428, 1.67022, 1.54717, 1.44308, 0.104696, -0.468948, -0.146281, -0.54825, -0.0503927, -0.502208, -1.70033, -1.6975, -1.61745, -1.44022, -0.734623, -0.482898, -0.451255
4.52, 0.0319376, 0.892647, 2.11247, 3.44054, 2.95657, 4.06221, 3.9379, 2.81904, 3.10477, 3.41189, 4.23498, 3.78294, 3.31889, 3.95711, 4.10735, 4.00084, 3.24588, 3.95917, 2.62406, 2.46897, 2.37111, 1.98888, 1.82461, 2.00206, 1.81872, 1.70807, 1.33492, 1.46102, 1.5077, 1.10446, 1.23237
4.54, 0.0319376, 2.18081, 2.30398, 3.19945, 3.38437, 4.52729, 4.54198, 4.31819, 3.74722, 3.4177, 4.57926, 3.9274, 3.53074, 3.82142, 4.13577, 3.90025, 3.2614, 3.35545, 3.33757, 3.08312, 3.19103, 2.85682, 2.67741, 2.98658, 2.46512, 2.29869, 2.47477, 2.1314, 2.27081, 2.14046, 2.2937
4.56, 0.0319376, 2.53821, 2.16325, 2.85182, 3.63379, 4.34793, 4.51517, 4.10069, 3.37795, 4.45204, 4.52703, 3.57114, 3.61739, 4.72893, 3.82274, 3.38725, 2.7985, 2.9511, 3.47253, 3.20228, 2.93817, 3.26431, 3.29908, 2.98173, 2.81098, 2.63595, 2.5208, 2.22085, 2.402, 2.29458, 2.36527
4.58, 0.0319376, 2.09772, 1.99, 3.46654, 5.07282, 4.12659, 3.58447, 4.0356, 3.20655, 4.09633, 4.0789, 3.03707, 3.36432, 4.31547, 3.94351, 3.02368, 3.112, 3.79671, 3.02841, 3.40329, 2.80647, 2.88259, 2.78509, 2.70895, 2.57252, 2.52875, 2.24092, 1.95634, 1.89991, 2.15494, 2.32927
4.6, 0.0319376, 1.52748, 2.35748, 3.67019, 4.57326, 3.76215, 3.32402, 3.69162, 4.19581, 3.79765, 4.43614, 3.60886, 3.23948, 4.23376, 4.04852, 3.4512, 3.21258, 3.35752, 2.98, 2.62714, 2.8512, 2.91617, 2.67017, 2.50481, 2.30165, 2.08462, 2.05432, 1.83112, 1.83284, 1.87913, 2.00698
4.62, 0.0319376, 1.26987, 1.82931, 2.51312, 3.9197, 4.21343, 3.88314, 3.8421, 3.85663, 4.02001, 4.4341, 3.38924, 2.94695, 3.65605, 3.61786, 2.81695, 2.31739, 2.70258, 2.56024, 1.95497, 1.87431, 1.98666, 2.00155, 1.74557, 1.46846, 1.30941, 0.935248, 1.07404, 1.27071, 1.37504, 1.50618
4.64, 0.0319376, 1.62549, 1.56529, 2.07535, 3.95646, 3.98325, 3.01801, 2.76441, 3.35607, 3.08821, 3.43902, 2.97163, 2.39489, 3.27226, 2.94435, 2.57382, 1.99084, 2.80968, 2.37213, 1.81353, 1.2437, 0.853769, 1.10369, 0.814813, 0.573761, 0.460529, -0.0348787, 0.271826, 0.490314, 0.795634, 0.806801
4.66, 0.0319376, 1.1078, 1.93778, 2.63115, 3.74498, 4.30894, 2.79564, 3.26398, 2.86453, 3.0511, 2.91093, 2.63107, 1.99876, 2.57495, 2.43888, 1.89511, 1.15602, 2.23454, 1.81104, 1.03615, 0.854566, 0.232585, 0.210726, 0.482718, 0.419293, 0.166487, -0.486996, -0.266, 0.230464, 0.497595, 0.406961
4.68, 0.0319376, 0.496454, 1.16354, 2.60871, 3.81833, 3.64915, 3.11584, 2.27209, 1.84417, 3.28554, 2.93926, 1.81389, 1.56269, 2.64174, 2.19493, 1.39377, 1.35191, 2.08227, 0.861544, 0.583885, 0.589954, -0.18567, -0.201732, -0.428886, -0.2609, -0.334956, -0.349001, -0.256347, -0.224058, -0.448066, 0.0609105
4.7, 0.0319376, 0.218855, 0.765782, 2.21611, 3.36258, 2.83564, 1.99281, 1.89703, 2.20069, 2.11485, 1.35739, 1.41098, 1.02986, 1.94526, 1.49984, 0.953122, 0.868209, 0.993714, 1.05592, 0.460149, 0.0376948, -0.50471, -0.139683, -0.477873, -0.797525, -1.07085, -1.2797, -1.20621, -0.619972, -0.420263, -0.238715
4.72, 0.0319376, 0.113941, 0.197545, 1.47022, 2.67496, 2.2438, 1.30246, 2.3587, 1.93177, 1.73808, 1.75245, 0.866855, 0.616889, 1.35074, 1.29735, 0.719478, 0.442055, 0.875509, 0.436385, -0.0323289, -0.94321, -1.20662, -0.721055, -0.570258, -0.915406, -1.28884, -1.53841, -1.42389, -0.98155, -0.844872, -0.711239
4.74, 0.0319376, -0.0602514, -0.186755, 1.43816, 2.53318, 2.5327, 1.57114, 1.27735, 1.46259, 2.04746, 1.20856, 0.23319, 0.288959, 1.0699, 0.90904, 0.64578, 0.131838, 0.431641, -0.157459, -0.551414, -0.66419, -0.97402, 0.436485, -0.150652, -0.266277, -0.842892, -1.37829, -1.25594, -1.50727, -1.42448, -1.10186
4.76, 0.0319371, -0.213186, -0.848971, 0.92136, 2.77664, 1.96722, 1.16921, 1.6872, 1.28537, 1.36192, 1.32974, 0.427298, -0.13318, 0.884887, 0.684549, 0.117515, -0.463408, 0.268865, 0.106152, -0.523652, -1.13923, -1.02683, -0.0117747, -0.0954309, -0.480873, -0.890541, -1.64517, -1.32944, -1.7384, -1.70434, -1.56429
4.78, 0.0319371, -0.338869, -0.626803, 0.315794, 1.85336, 2.34277, 0.962376, 1.16428, 1.03139, 1.54104, 0.443859, -0.796658, -0.319784, 0.782724, 0.375661, 0.151985, -0.169666, 0.0742133, 0.030792, -0.669091, -1.12613, -1.28178, -0.0536336, -0.0552367, -0.54838, -1.19555, -1.60136, -1.46234, -1.49042, -1.79554, -1.37088
4.8, 0.0319371, -0.499853, -0.356172, 0.00677467, 1.23797, 1.43739, 0.462445, 0.395198, 0.0643341, 0.874731, 0.0453586, -0.720631, -0.563838, 0.506066, -0.0820548, -0.420091, -0.459278, -0.514156, -1.09586, -1.30306, -1.60744, -1.83337, -0.695063, -0.596873, -1.00079, -1.3699, -2.13592, -2.12495, -2.26157, -2.14618, -2.30187
4.82, 0.0319371, 0.807555, 0.538065, 1.46037, 1.86547, 1.94844, 1.40867, 0.911298, 1.12544, 0.74539, 0.794232, 0.127318, -0.263483, 0.224518, 0.0957323, 0.10718, -0.416767, -0.0139164, -0.429988, -1.00337, -1.52543, -1.62049, -1.36152, -0.93539, -1.35906, -1.89484, -2.47585, -2.43624, -2.09977, -1.7053, -1.72587
4.84, 0.0319371, 0.781291, 2.33975, 3.16477, 3.06245, 3.38029, 2.99554, 2.75505, 2.99617, 3.28297, 3.57499, 2.82528, 3.03566, 3.27898, 3.406, 2.97331, 2.90347, 2.81335, 2.60134, 1.49183, 0.35515, -0.00260089, 0.69583, 0.383632, 0.108348, 0.229228, 0.237727, 0.121677, 0.512094, 0.808858, 0.773472
4.86, 0.0319376, 0.821993, 2.03688, 3.97044, 3.39346, 4.31388, 4.2799, 3.85212, 3.23737, 3.92233, 4.45879, 4.10964, 3.41027, 4.10453, 4.31796, 4.02376, 2.92296, 3.63008, 3.18386, 2.6101, 2.20796, 2.23197, 2.47918, 2.13269, 2.10291, 2.32709, 2.06388, 2.1379, 2.01093, 1.87432, 1.38442
4.88, 0.0319376, 2.28058, 2.59467, 3.67577, 4.09199, 3.82484, 4.38511, 3.44498, 4.28007, 3.8369, 4.27609, 4.4772, 3.83943, 4.15246, 4.15902, 3.73617, 3.18898, 3.45325, 3.69231, 3.22824, 3.23585, 2.60209, 2.4443, 2.4381, 2.6801, 2.45811, 1.99714, 1.93783, 2.05966, 2.05068, 2.217
4.9, 0.0319376, 1.34549, 2.49013, 2.73682, 4.02796, 4.27612, 4.43022, 3.80022, 3.885, 4.64919, 4.44899, 4.01888, 3.41638, 4.39103, 3.96293, 3.07096, 3.29621, 3.39934, 3.40345, 3.38873, 3.3329, 2.60322, 2.55489, 2.61359, 2.72876, 2.43574, 2.30085, 1.79715, 2.02426, 1.85372, 1.9475
4.92, 0.0319376, 2.9322, 2.81763, 3.58944, 5.12218, 3.8541, 3.41786, 4.15078, 3.82435, 4.22059, 4.16266, 3.33693, 3.25443, 3.9577, 3.78234, 3.39046, 3.72467, 3.62351, 3.18623, 3.03254, 3.23131, 2.76042, 2.81745, 2.90197, 2.58318, 2.31811, 2.3116, 2.16695, 2.03866, 1.94552, 1.68522
4.94, 0.0319376, 2.07797, 2.96887, 4.00154, 4.43242, 4.46052, 4.34491, 4.39701, 3.92973, 4.26057, 4.18119, 3.70732, 3.2955, 3.92393, 3.93779, 3.55171, 2.67252, 2.66512, 2.69429, 2.74575, 2.75704, 2.00422, 2.36385, 2.34834, 2.06035, 1.7129, 1.61, 1.72533, 1.73733, 1.58615, 1.6798
4.96, 0.0319376, 1.89466, 1.62778, 1.88217, 3.60027, 4.15163, 3.7014, 4.16562, 3.23892, 3.73185, 4.11133, 3.18579, 3.27551, 3.55896, 3.36444, 2.58604, 2.39106, 3.02512, 2.63857, 1.99692, 1.70307, 1.41306, 1.74453, 1.33223, 0.912058, 1.01198, 0.717977, 0.676668, 0.851177, 0.8144, 1.04616
