# Time (seconds), Duration (seconds), f0, f1, f2, f3, f4, f5, f6, f7, f8, f9, f10, f11, f12, f13, f14, f15, f16, f17, f18, f19, f20, f21, f22, f23, f24, f25, f26, f27, f28, f29
0, 0.0319375, 0.689916, 1.34609, 1.49427, 1.61084, 1.65727, 1.84713, 1.91133, 2.41836, 2.53748, 1.96738, 2.19787, 2.52968, 2.31928, 2.45041, 2.718, 2.59756, 2.97247, 2.66145, 2.46601, 2.49997, 2.7893, 2.87781, 3.21657, 3.49519, 3.30451, 3.12728, 3.45233, 3.83005, 3.37452, 3.23126
0.02, 0.0319375, 1.51325, 2.10165, 1.53024, 2.22127, 1.15251, 1.48024, 2.69464, 3.15721, 3.38094, 2.92977, 3.29431, 3.67159, 4.07063, 3.90792, 3.32286, 3.64588, 3.84538, 3.50584, 3.09293, 3.5567, 3.08153, 3.10879, 3.48642, 3.53485, 3.38398, 3.2264, 2.98006, 2.75812, 3.60205, 5.00034
0.04, 0.0319375, -1.54889, 0.0583065, 1.07157, 1.61871, 1.35324, 1.67749, 1.78053, 2.021, 2.00925, 1.90495, 2.37881, 2.44187, 2.34079, 2.23811, 2.23856, 2.18171, 1.78591, 1.36124, 1.76521, 1.89291, 2.02299, 1.54011, 1.8131, 1.87313, 2.2501, 2.76586, 2.60968, 2.85971, 2.99676, 4.01631
0.06, 0.0319375, -0.75575, -0.0441766, 0.719724, 1.24696, 1.10702, 1.04542, 1.10282, 1.47272, 1.33899, 1.18195, 1.47413, 1.44299, 1.16919, 1.31494, 2.07035, 2.78058, 2.08284, 1.25805, 1.00066, 1.66176, 2.25658, 2.89931, 2.84137, 2.98617, 3.38995, 3.65088, 4.68005, 4.71275, 3.7179, 2.82473
0.08, 0.0319375, 1.62429, 1.59886, 1.19832, 0.469477, 1.71864, 2.1251, 2.43827, 3.14462, 3.38365, 3.49631, 3.49972, 3.74799, 4.03261, 3.89645, 3.58801, 3.63041, 3.50835, 2.744, 1.88175, 2.7676, 2.90351, 2.89334, 2.96035, 2.74887, 3.04908, 2.97035, 3.09847, 2.69503, 3.01381, 3.26613
0.1, 0.0319375, -0.41148, 0.0343569, 0.0993456, 0.478245, 0.320482, 0.353039, 1.25533, 1.31643, 0.754983, 2.01243, 1.72512, 1.2764, 1.43151, 1.37595, 1.6386, 2.36323, 1.90776, 1.16522, 1.2182, 0.656132, 1.63079, 3.29537, 3.35843, 2.27713, 2.04091, 1.72164, 2.22094, 2.87839, 2.6449, 2.45589
0.12, 0.0319375, 1.36832, 1.67782, 2.02622, 1.28781, 1.65496, 2.35033, 2.57744, 2.69741, 2.94578, 3.30653, 3.46351, 3.59235, 3.54342, 3.54906, 3.17074, 3.56839, 3.93946, 3.54725, 2.80964, 2.05542, 2.74653, 3.48224, 3.03485, 2.50043, 2.4628, 2.831, 3.01582, 2.96891, 3.25314, 2.80537
0.14, 0.0319375, 0.756009, 1.77657, 0.851171, 0.631074, 0.390656, 0.633899, 0.0858935, 1.09079, 0.853919, 0.901564, 1.50698, 0.605687, 1.2387, 1.35687, 2.20943, 2.93571, 2.97422, 2.46906, 2.5326, 2.38286, 2.24481, 2.07059, 2.16991, 2.03807, 2.34768, 2.7415, 1.91179, 2.7181, 2.04587, 3.11796
0.16, 0.0319375, 1.03318, 1.32257, 0.461614, -0.187537, -1.02086, -0.744541, -0.854096, -0.0323305, 0.261467, -0.0788167, 0.0936736, 0.325864, 0.798208, 0.184258, 1.21425, 1.76783, 1.7371, 1.06531, 0.426069, 0.947998, 0.655137, 1.35589, 1.28121, 1.3558, 1.32716, 1.33701, 2.12152, 2.32787, 2.02416, 2.33711
0.18, 0.0319375, -0.241603, 0.49461, 0.447334, 0.139919, 0.447059, 0.09118, 0.183455, 1.0318, 1.91068, 1.91073, 2.16436, 2.43414, 2.72119, 2.68572, 2.88048, 3.42285, 3.12155, 2.60285, 2.18658, 2.15864, 1.57189, 1.60031, 2.08438, 2.13706, 2.15658, 2.55379, 2.65045, 3.10206, 3.34955, 2.82835
0.2, 0.0319375, 0.0587325, 0.223837, 0.355507, 0.525637, 0.651276, 0.574366, 0.110378, 0.53563, 1.69687, 1.10406, 0.79834, 1.45027, 1.62754, 1.82837, 1.79267, 3.04502, 2.71258, 1.87728, 1.51623, 1.3231, 1.47264, 1.74142, 2.19991, 2.06477, 2.4788, 2.56961, 2.15827, 2.8176, 3.01413, 2.45139
0.22, 0.0319375, -0.146107, 0.15, 0.00774689, -0.907867, 0.879914, 1.24186, 0.961413, 0.881339, 0.653229, 0.641495, 1.4967, 2.07292, 2.30682, 2.30481, 2.582, 3.20647, 2.83529, 2.11393, 2.01328, 2.01367, 1.61186, 1.26053, 1.39842, 2.0381, 2.13181, 2.25377, 2.4685, 2.82034, 2.54701, 2.64143
0.24, 0.0319375, -1.60812, -1.32845, -1.14873, -0.772585, -0.526673, -0.381032, -0.721196, -0.910909, -1.06157, -0.753405, -0.373243, 0.0175617, -0.592895, -0.153495, 0.263363, 1.27916, 0.4601, 0.224122, -0.109535, 0.159841, 0.620009, 0.650585, -0.18994, 0.727184, 0.450854, 0.452655, 0.502201, 0.72811, 0.53344, 0.404206
0.26, 0.0319375, -2.52219, -1.82382, -1.60603, -1.69623, -1.53716, -1.40385, -2.07285, -2.31962, -1.59604, -1.74044, -1.83059, -1.70131, -1.25522, -0.840928, -1.0694, -0.089612, -0.486185, -1.4722, -1.24541, -1.42163, -0.178693, 0.186971, -1.04744, -1.06682, -0.95285, -0.668494, -0.84516, -0.873558, -0.371924, -0.197127
0.28, 0.0319375, -1.71647, -2.42684, -2.49626, -2.15633, -2.31967, -2.91656, -2.6205, -2.61745, -2.03282, -1.99224, -2.25793, -1.70711, -1.33251, -2.21904, -1.33887, -0.851053, -1.3698, -1.38078, -1.40851, -0.985202, -0.45219, -0.0985449, -0.898656, -0.598923, -0.320136, -0.747349, -0.645649, -0.699721, -0.037866, -0.580541
0.3, 0.0319375, -2.55906, -2.86193, -2.88055, -2.40564, -2.31138, -2.55595, -3.5706, -2.97779, -2.24734, -2.28019, -2.78316, -2.23255, -1.4252, -2.25789, -1.91034, -1.05369, -1.74118, -1.75951, -2.20036, -1.9446, -1.34324, -0.854959, -1.4619, -1.46234, -1.21881, -1.28459, -0.807561, -0.546957, -0.435482, -0.838318
0.32, 0.0319375, -0.0343234, 0.410388, 1.07878, 1.23361, 1.43844, 1.93834, 2.26372, 2.40154, 2.54722, 2.63215, 2.8486, 3.15558, 3.1502, 3.03338, 2.79513, 2.31311, 1.81036, 1.25655, 0.599033, 0.727724, -0.188546, -1.13458, -1.13941, -0.240808, 0.272266, 0.408303, -0.771581, -0.167135, -0.648554, -0.378315
0.34, 0.0319375, -0.940218, -0.519984, -0.463348, -0.473967, -0.128831, 0.175198, 0.0573663, -0.328985, -0.627801, -0.499501, 0.652498, 0.613985, -0.196456, -0.030041, -0.373016, -0.533463, -0.511648, -0.255483, -1.02686, -1.41234, -1.32226, -1.44901, -0.895598, -0.687871, -0.536528, -0.770515, -0.712185, -0.0776815, -0.562787, -0.450268
0.36, 0.0319375, -1.52725, -1.07481, -0.974225, -1.14493, -1.40983, -1.11393, -1.37724, -1.28912, -1.41021, -1.34443, -0.69327, -0.688916, -0.944218, -1.15022, -1.20981, -2.00814, -1.56429, -1.99023, -1.49067, -2.25279, -2.03736, -1.64151, -1.71959, -1.64914, -1.77961, -1.76637, -1.37848, -1.12012, -1.57833, -2.03317
0.38, 0.0319375, -2.79752, -1.90081, -2.01063, -2.46205, -3.00304, -3.31506, -3.2766, -2.24937, -2.19001, -1.88354, -2.0142, -1.76897, -1.70776, -1.726, -1.79358, -2.12152, -1.95063, -2.34776, -2.15347, -2.61689, -2.01161, -1.57162, -1.92967, -1.83357, -2.09141, -1.88551, -1.83087, -1.89556, -2.07345, -2.0065
0.4, 0.0319375, -1.86169, -1.04069, -0.775994, -0.794355, -0.66384, -0.97832, -1.04762, -1.73996, -1.96489, -2.42268, -1.90537, -1.94022, -1.89222, -1.96165, -1.62439, -1.0655, -1.25343, -1.96549, -2.38652, -2.58303, -1.88281, -1.44173, -1.4475, -1.42749, -1.76087, -1.62858, -0.95566, -0.213467, -0.389106, -1.33017
0.42, 0.0319375, -3.19442, -1.93405, -2.19411, -2.2458, -2.19428, -2.16554, -2.09433, -2.46181, -2.10125, -2.15822, -1.41213, -0.71413, -0.552319, -0.113907, 0.126621, 0.0870832, -0.378596, -0.973682, -1.2198, -0.659906, -0.636127, -1.11948, -1.26926, -0.841349, -0.886671, -0.254043, -0.0875109, 0.642653, -0.000657417, 0.247623
0.44, 0.0319375, -2.77769, -3.30285, -2.61044, -2.17328, -2.85922, -2.70652, -2.74608, -2.39217, -1.76814, -1.61842, -1.44948, -0.610797, -0.378112, -0.434151, -0.2819, 0.324117, -0.17594, -0.672679, -1.32894, -1.03828, -0.952958, -1.07119, -0.938587, -0.519739, -0.245929, 0.133019, 0.0209604, 0.472239, 0.739208, 0.425097
0.46, 0.0319375, -1.2469, -0.986924, -1.58313, -1.44237, -1.48261, -1.91792, -1.75064, -1.16868, -0.861542, -0.296891, 0.272084, 1.00805, 1.15933, 1.04932, 0.913509, 0.799631, 0.4416, 1.52369, 1.7923, 0.91256, -0.14257, 1.01769, 1.09834, 0.315883, 0.148527, 1.10224, 1.45753, 1.54226, 1.60195, 1.20544
0.48, 0.0319375, -2.45538, -1.87563, -1.59205, -1.33531, -1.79878, -2.17907, -2.32389, -2.13406, -2.65951, -1.8595, -1.79684, -1.25351, -1.13555, -1.28988, -0.641989, -0.0700728, -0.954438, -1.36414, -1.26584, -1.44604, -1.53444, -1.79004, -1.75665, -1.57884, -0.58889, -0.209082, -0.505235, -0.367839, -0.520285, -0.573921
0.5, 0.0319375, -4.62981, -4.0313, -3.34836, -3.79238, -4.69633, -3.87304, -3.98645, -3.58786, -3.60698, -3.33722, -3.58431, -2.96165, -3.0878, -2.94749, -2.33057, -2.05279, -2.29026, -2.07647, -2.16163, -2.52104, -2.73729, -2.75812, -2.71012, -2.57459, -2.38656, -1.7952, -1.51761, -1.51204, -2.2716, -2.34561
0.52, 0.0319375, -6.11674, -5.20726, -5.80789, -5.11347, -5.71149, -5.17148, -5.36397, -5.44163, -5.47912, -4.97707, -5.48844, -5.00582, -4.23298, -4.15307, -3.9386, -4.03682, -3.73956, -3.92813, -4.0087, -4.0445, -3.766, -4.16112, -4.18517, -3.98386, -4.20419, -3.93084, -3.59515, -3.25911, -3.47496, -3.39945
0.54, 0.0319375, -2.95269, -3.01768, -3.60975, -3.50748, -3.40608, -3.7176, -3.46375, -2.48153, -2.42568, -2.74638, -2.77357, -2.87372, -2.79816, -2.4284, -2.92665, -2.81349, -2.2358, -2.11896, -2.29443, -2.19366, -2.66613, -2.4951, -2.27714, -2.4128, -2.59526, -2.31643, -2.18562, -1.79592, -1.97205, -1.7783
0.56, 0.0319375, 2.72969, 3.06154, 2.64625, 1.9779, 2.48339, 3.33704, 3.95992, 4.20724, 4.2978, 3.87366, 3.11625, 2.89206, 2.77579, 2.86888, 3.17849, 3.68623, 3.38813, 3.13406, 2.80678, 2.98746, 3.87743, 3.33925, 3.10496, 2.8449, 3.15189, 2.93004, 3.35766, 3.733, 3.43846, 3.82818
0.58, 0.0319375, 2.36866, 2.84168, 2.65921, 2.1682, 2.30679, 2.34596, 3.11213, 3.15272, 3.6791, 3.52264, 3.11252, 2.87477, 3.12821, 3.60882, 3.67156, 3.80263, 3.23487, 3.80234, 4.02937, 3.91906, 3.98638, 3.99355, 3.97553, 4.40347, 4.06439, 3.85762, 3.85867, 4.7389, 4.46933, 4.36584
0.6, 0.0319375, 0.629823, 1.83136, 1.81084, 2.33928, 2.41729, 2.87924, 2.45403, 2.91181, 3.65857, 3.21765, 2.80577, 3.42296, 3.0416, 3.07704, 2.99907, 3.10743, 3.06993, 2.9596, 2.86991, 3.6321, 3.89716, 3.55355, 3.08208, 3.46287, 3.40808, 3.58361, 3.8902, 4.18607, 4.21077, 4.13436
0.62, 0.0319375, 1.41206, 3.2103, 3.40646, 2.6519, 2.47007, 2.15379, 2.1798, 2.84537, 2.4752, 2.36049, 1.95158, 2.45003, 2.46965, 2.53956, 2.30616, 3.10025, 3.02993, 2.64681, 3.3209, 3.80686, 3.19891, 2.98747, 4.14607, 4.36197, 3.46232, 4.03196, 3.24867, 3.88227, 4.16103, 3.57049
0.64, 0.0319375, 0.824298, 2.30993, 3.43625, 3.36452, 2.9447, 1.58426, 1.17523, 2.07833, 1.87035, 1.666, 1.49412, 1.83122, 1.49386, 1.95869, 2.25959, 2.44926, 2.46056, 3.06159, 3.30747, 3.88398, 3.04697, 3.06534, 4.0461, 4.28641, 3.21799, 3.67652, 3.06082, 3.34273, 3.85974, 3.21857
0.66, 0.0319375, 2.09272, 1.81431, 1.86341, 2.42893, 1.54829, 0.992383, 2.04063, 2.31211, 1.95746, 1.43529, 1.63945, 2.00072, 2.10697, 2.17992, 2.65338, 3.02648, 3.01963, 3.68712, 3.62566, 3.47445, 3.73828, 3.67816, 4.01775, 4.05869, 3.98221, 4.18765, 3.58039, 4.00783, 4.01395, 3.75424
0.68, 0.0319375, 0.0732811, 1.14923, 1.39188, 2.01374, 1.38932, 1.68194, 1.87604, 1.52353, 1.70705, 1.86004, 1.18089, 2.00853, 2.52666, 2.58584, 3.40551, 3.45557, 3.51238, 4.6611, 4.75796, 4.81016, 4.37401, 3.48228, 3.86901, 3.78972, 3.36328, 3.87025, 3.93175, 3.94297, 4.16731, 3.9292
0.7, 0.0319375, 0.750389, 1.25507, 1.37246, 1.4598, 1.32405, 0.678599, 1.65247, 1.90766, 2.13399, 2.39005, 2.83916, 2.13146, 2.31544, 2.34644, 3.27972, 3.38455, 3.47313, 4.55172, 4.5689, 4.94491, 4.50304, 3.61798, 3.84176, 3.49021, 2.84401, 3.55032, 3.35283, 3.23804, 3.6595, 3.33526
0.72, 0.0319375, 0.211441, 1.38612, 1.19008, 0.576101, 0.560168, 0.158905, 0.831704, 1.05397, 0.556944, 0.0305425, 0.847757, 1.42627, 1.26547, 1.84217, 2.09137, 1.97461, 2.22337, 4.32235, 4.37787, 4.30309, 4.06987, 2.4702, 3.01607, 2.77935, 2.82962, 3.75859, 3.08545, 3.68848, 3.41917, 3.88537
0.74, 0.0319375, 1.29018, 1.48747, 1.77741, 1.55746, 1.77051, 1.15101, 1.59094, 2.01309, 2.10752, 1.45258, 2.17546, 2.24003, 2.74349, 2.62465, 2.34774, 3.18528, 3.16052, 3.7661, 4.08274, 4.15842, 3.608, 2.77418, 3.57184, 3.24724, 4.3881, 5.02646, 4.17317, 4.33975, 3.72841, 3.45427
0.76, 0.0319375, 0.606401, 2.01015, 1.56966, 1.63231, 0.501052, 0.470334, 1.12369, 1.5854, 1.29031, 1.61846, 1.29202, 1.44333, 1.96231, 1.71702, 2.35452, 2.78013, 2.74971, 3.26547, 3.44176, 3.37146, 3.09907, 2.95458, 3.57679, 3.76351, 4.08267, 4.46444, 3.42963, 3.44848, 3.67996, 3.15199
0.78, 0.0319375, 1.0644, 2.24128, 2.23463, 1.59581, 0.787426, 1.17442, 1.48693, 0.872964, 1.96674, 1.86743, 1.95985, 1.35746, 1.73984, 2.34561, 2.26329, 2.2846, 2.5808, 3.19221, 3.33678, 3.45734, 2.8839, 3.0474, 3.39706, 3.32869, 3.67494, 4.12556, 3.33729, 3.57133, 3.67583, 2.8433
0.8, 0.0319375, 0.376388, 0.880904, 1.29316, 0.63236, 0.16152, 0.373632, 0.365262, 0.142377, 0.265636, 1.27297, 0.990335, 1.41451, 1.74238, 1.92251, 1.8123, 2.13836, 1.90007, 2.94276, 3.51441, 3.89483, 3.06219, 2.85362, 2.96151, 3.28661, 3.18411, 3.6256, 3.43654, 3.22083, 3.43142, 2.59808
0.82, 0.0319375, 1.25917, 0.855694, 1.22582, 1.33006, 0.804372, 0.484028, 0.572464, 1.11751, 1.0469, 1.32889, 1.65847, 2.05168, 2.11209, 2.2746, 1.93378, 1.8562, 2.06084, 3.1853, 3.07519, 3.31699, 3.37705, 3.5396, 3.9648, 3.86674, 3.71261, 3.69942, 3.8157, 4.02714, 4.37269, 3.98977
0.84, 0.0319375, 0.95487, 1.35329, 0.778367, 0.205804, 0.451568, 0.40455, 0.928021, 1.45146, 1.77008, 1.44485, 1.51238, 2.21806, 2.37832, 2.45007, 2.3765, 2.19135, 2.50523, 3.45237, 3.19412, 3.22108, 3.53561, 3.56191, 4.59611, 4.52481, 3.02151, 3.72757, 3.68684, 3.65653, 4.73226, 3.95522
0.86, 0.0319375, 1.20496, 0.932528, 0.828003, 0.56875, 0.58307, 0.606671, 0.802792, 1.31069, 1.61265, 1.67083, 1.65569, 1.44448, 1.95107, 2.08164, 2.13218, 2.48837, 3.04859, 3.52356, 3.70924, 3.75036, 3.72885, 3.6869, 4.45387, 4.46377, 3.33971, 3.92134, 3.69525, 4.25495, 4.70712, 4.18394
0.88, 0.0319375, 1.49742, 1.74776, 1.58967, 1.55784, 1.70708, 1.65556, 1.28088, 1.77618, 1.86688, 2.08554, 2.12639, 2.03034, 2.69434, 2.9494, 2.86146, 3.20672, 3.45476, 3.5962, 3.66603, 4.546, 4.56846, 3.84483, 3.8107, 4.06011, 3.51653, 3.31657, 3.01215, 3.08054, 4.54646, 3.9801
0.9, 0.0319375, 0.80971, 1.73977, 1.64837, 0.927693, 0.473058, 0.108131, 0.76981, 0.523531, 0.836318, 1.47647, 1.23671, 2.1438, 2.37156, 2.25176, 2.66086, 2.80204, 3.0249, 2.99528, 3.37085, 4.51588, 4.07038, 4.20114, 3.42551, 3.51956, 3.00837, 3.23512, 2.71591, 2.86315, 4.07351, 3.70706
0.92, 0.0319375, 0.139106, 0.0435974, 0.63084, 0.0632089, -0.176346, -0.342009, -0.10606, 0.0604205, 1.22565, 1.92544, 0.863165, 0.90155, 1.56001, 0.988817, 1.41136, 2.02119, 2.23609, 2.09055, 3.08007, 4.57009, 4.19796, 3.75557, 3.50922, 3.40047, 2.84158, 2.64957, 2.97917, 2.40305, 3.7461, 3.59665
0.94, 0.0319375, -0.440651, 0.5897, 0.671547, 0.129847, 0.950217, 0.379281, 0.565846, 1.06977, 1.06954, 1.39535, 1.28302, 1.91931, 2.18731, 1.97354, 2.11447, 2.55325, 2.05242, 2.89701, 2.99274, 4.03754, 4.15141, 3.56825, 3.30866, 3.8688, 3.64364, 3.31812, 3.57809, 3.37033, 4.00348, 4.13453
0.96, 0.0319375, -0.0615458, 0.268575, 0.0438413, -0.296789, 0.320019, 0.278229, 0.131802, 1.16041, 1.41922, 1.65739, 1.79509, 2.10296, 2.23556, 2.20418, 2.61385, 2.73106, 3.14308, 2.56574, 3.31201, 3.97645, 4.15924, 3.98529, 3.6759, 3.18937, 3.61234, 3.29322, 3.68501, 3.20241, 3.42559, 3.61222
0.98, 0.0319375, 1.72819, 1.47834, 1.40591, 1.15582, 1.20438, 0.719008, 0.767639, 0.925201, 2.11264, 2.41663, 1.54266, 2.23267, 2.45665, 2.78159, 2.34321, 2.87519, 3.29888, 3.17199, 2.87202, 3.97063, 3.76743, 2.92461, 3.48802, 3.2597, 3.42902, 3.55448, 3.56916, 3.55278, 3.69565, 3.53824
1, 0.0319375, 1.33547, 1.18293, 1.24357, 1.87223, 1.75845, 1.79399, 1.02614, 1.83987, 2.38194, 2.31423, 2.26215, 2.93146, 3.05094, 2.75577, 2.32101, 2.95059, 3.3119, 3.29476, 3.70117, 3.83071, 3.76598, 3.79346, 3.85295, 4.13843, 3.91663, 4.14266, 3.88259, 4.30426, 3.944, 4.28264
1.02, 0.0319375, 0.723908, 0.899417, 0.0541595, 0.180387, 0.13102, 0.105184, 0.221532, 1.74441, 2.01732, 2.07534, 2.05814, 2.08438, 2.20626, 2.19994, 1.92244, 2.51986, 2.5783, 2.43627, 2.914, 3.87837, 3.70318, 3.49075, 3.74812, 3.59213, 3.32938, 3.43235, 3.40524, 3.69778, 3.67299, 3.39554
1.04, 0.0319375, 1.37255, 1.19165, 0.591504, 1.22991, 1.06745, 0.592583, 1.14537, 2.14863, 1.90545, 1.78344, 1.49837, 1.72655, 1.63813, 2.40571, 2.92716, 3.51573, 3.47705, 2.93221, 2.99434, 3.95854, 3.98971, 4.14612, 3.90618, 4.07846, 3.74655, 3.51869, 3.17792, 3.3945, 3.20791, 3.04518
1.06, 0.0319376, 0.841923, 0.559893, 0.329311, -0.119903, 1.10566, 1.41164, 0.932692, 1.44288, 1.44668, 1.44992, 1.3355, 1.44434, 1.89792, 2.4998, 2.08378, 1.98388, 2.90821, 2.92709, 2.96168, 3.09684, 3.32475, 2.57201, 2.89309, 3.09462, 2.44396, 2.50059, 2.3159, 2.62728, 2.61773, 2.41195
1.08, 0.0319375, -0.864234, 0.237935, 0.136313, 0.231404, 0.224985, 0.304999, 0.18555, 0.552307, 1.12351, 1.24347, 1.3048, 1.12383, 1.76372, 1.46643, 1.63746, 1.61792, 2.11888, 1.912, 1.61727, 2.78175, 3.1486, 2.45495, 3.13827, 3.16792, 2.85155, 3.05278, 2.62925, 2.52983, 2.85095, 2.97292
1.1, 0.0319375, -0.0377191, 0.530019, 0.365131, 0.677904, 0.415767, 0.0390292, 0.26009, 0.810719, 0.985216, 0.911566, 1.09891, 1.03659, 1.41713, 1.46597, 1.74839, 1.34356, 2.39207, 1.8081, 2.06363, 2.6028, 3.06028, 2.76002, 3.21763, 3.08469, 3.02186, 3.45406, 3.09297, 2.5256, 2.88029, 3.49576
1.12, 0.0319375, -0.657994, -0.180425, -0.385545, -0.375561, 0.860932, 0.724411, -0.150804, 1.10698, 1.67211, 1.30425, 1.06135, 1.15484, 1.84872, 1.83499, 1.93028, 2.13442, 2.68823, 2.78572, 1.56036, 3.31175, 3.73819, 3.35511, 3.25352, 3.06444, 2.7966, 3.5709, 2.94496, 2.46588, 2.72884, 3.11598
1.14, 0.0319375, -1.00624, -0.516216, -0.817449, -0.123654, 0.000400463, 0.17608, 0.692286, 1.2884, 1.47121, 1.20031, 1.09025, 0.845398, 1.02257, 1.02133, 1.93455, 1.959, 2.03045, 1.8819, 1.92986, 2.66145, 3.17199, 2.91931, 2.70387, 2.82421, 2.69399, 2.63666, 2.76338, 2.72258, 2.55156, 2.68796
1.16, 0.0319375, -1.17, -0.66411, -0.618438, -0.30676, -0.451138, -0.488516, -0.184019, -0.251766, 0.351562, 0.00767438, 0.305557, 0.0443348, 0.979536, 1.0637, 1.37465, 1.05524, 1.069, 1.54335, 1.75695, 2.38339, 2.73027, 2.58043, 2.38019, 2.1244, 1.98338, 2.12104, 2.09529, 2.45783, 2.35097, 3.00161
1.18, 0.0319376, -0.485867, -0.648934, -0.807168, -0.0180198, 0.286252, -0.019357, 0.0848459, 0.315622, 0.774716, 0.898212, 1.29187, 1.07919, 0.717546, 1.34513, 1.43248, 1.82566, 2.51699, 1.89214, 2.04726, 2.73055, 2.93088, 2.73833, 2.51874, 2.7817, 2.55882, 2.66889, 2.19469, 2.51065, 2.68555, 3.09202
1.2, 0.0319375, -0.927443, -0.0308762, -0.514433, -0.778395, -0.0508982, -0.145005, -0.360859, 0.854606, 1.10182, 0.490629, 0.673308, 0.785622, 0.760918, 1.66344, 1.89191, 1.63258, 1.74661, 1.80227, 2.00273, 2.71623, 3.18504, 3.2576, 4.75016, 4.89253, 2.79784, 2.587, 2.36304, 2.50885, 3.62762, 2.8602
1.22, 0.0319375, -1.75558, -1.05341, -1.20171, -1.09504, -0.820006, -0.565177, -0.35401, -0.144904, 0.156195, 0.469958, 0.378623, 0.62267, 0.372727, 1.00279, 1.31524, 1.23022, 1.34238, 1.87608, 1.66712, 1.7469, 2.20512, 2.11586, 3.88762, 4.00162, 1.91988, 1.49379, 1.85017, 1.99851, 2.95916, 2.60952
1.24, 0.0319375, 0.148715, 0.185757, 1.08654, 0.290417, 0.846273, 0.32084, 0.479776, 0.679267, 0.846691, 0.43923, 0.453771, 0.904884, 1.11794, 0.884613, 0.964175, 2.16461, 2.39993, 2.43339, 1.99766, 1.87032, 2.50318, 2.43357, 3.30254, 3.44019, 2.87688, 3.2551, 2.76705, 2.27731, 2.64946, 2.4801
1.26, 0.0319375, 0.0718828, 0.818865, 1.26988, 0.940689, 1.346, 0.577695, 0.539322, 0.429137, 0.957868, 0.851917, 0.407127, 0.898961, 1.31892, 1.22448, 1.39784, 2.4002, 2.51474, 2.30682, 2.51313, 3.00749, 2.82896, 2.54923, 2.8849, 3.07526, 3.06834, 3.75919, 2.53957, 2.4099, 2.41534, 2.17673
1.28, 0.0319375, -1.55766, -0.56679, -0.166049, 0.0908684, 0.571682, 0.341264, 0.165274, 0.483605, 0.673552, 1.04607, 0.137151, 0.136686, 0.902202, 0.961237, 1.27811, 1.40217, 1.47202, 1.47914, 1.45978, 1.93879, 2.58242, 2.12749, 3.29497, 3.31416, 2.34032, 3.31995, 2.29103, 1.97871, 2.46678, 2.19572
1.3, 0.0319376, -0.552112, -0.390321, -0.226193, -0.466515, -0.415758, -0.709074, -0.167988, 0.254637, 0.017714, 0.382079, 0.731619, 0.350574, 0.689997, 1.24641, 1.73, 1.47141, 1.51454, 1.99513, 1.21925, 2.14715, 2.01362, 2.08558, 3.73472, 3.87911, 2.45533, 3.03064, 2.82235, 2.61971, 2.44029, 2.92602
1.32, 0.0319375, -0.672043, -0.791702, -0.866263, -1.28398, -1.09827, -0.85847, -1.20924, -0.183838, 0.0227185, -0.0656089, -0.238923, -0.347039, 0.509274, 0.806167, 1.17238, 1.24531, 1.35632, 1.2732, 1.25261, 1.41572, 2.24152, 2.07898, 3.60653, 3.66854, 2.58151, 2.80541, 2.43375, 2.3019, 2.42726, 2.58255
1.34, 0.0319375, -0.633884, -0.487114, -0.724756, -0.309199, -0.421766, -0.419183, -0.442286, -0.263383, 0.157748, 0.600899, 0.26181, 0.660189, 0.401803, 1.10037, 0.966951, 1.16507, 1.35486, 1.37642, 1.66322, 2.12717, 2.27254, 2.03674, 3.09995, 3.24274, 2.87525, 3.01008, 2.60241, 2.33935, 4.59231, 3.77946
1.36, 0.0319375, -0.172702, 0.648672, 0.410788, 0.498075, 0.660876, 0.384212, 0.43255, 0.244608, -0.237018, 0.358938, 0.610578, 0.5595, 1.1704, 1.60238, 1.50286, 2.17528, 1.68077, 2.26251, 2.1135, 2.28046, 3.05525, 2.42616, 3.54094, 3.4467, 2.32936, 2.91805, 2.34771, 2.35372, 4.26928, 3.43366
1.38, 0.0319375, -1.04458, -0.593284, -1.00538, -1.30115, -0.571239, -0.505884, -1.47285, -1.17186, -0.609945, 0.306123, 0.243767, 0.283371, 0.775144, 1.03999, 1.10033, 1.23624, 0.464756, 0.716889, 0.510113, 1.14948, 2.0523, 1.84588, 2.54308, 2.60634, 1.76815, 1.85017, 1.31081, 1.42838, 3.47379, 2.59234
1.4, 0.0319375, -1.49009, -0.65978, -0.304947, -0.412574, 0.180849, -0.0219398, -0.387417, -0.222945, -0.453553, -0.111148, -0.528936, 0.0954431, 0.775022, 0.730984, 0.248289, 0.867202, 1.32301, 0.973673, 1.03305, 1.19452, 1.34187, 1.30882, 2.02699, 2.07131, 1.89272, 2.72542, 1.853, 1.73455, 3.39929, 2.68348
1.42, 0.0319376, -2.03626, -0.900625, -1.54218, -0.887648, -1.11236, -1.50392, -1.50284, -1.07415, -0.433801, -0.738752, -0.612587, -0.925535, -0.480775, 0.703385, 0.320097, 0.251393, 0.191774, 0.260694, -0.129212, 0.616786, 0.912832, 0.98979, 1.10505, 1.284, 1.90205, 3.14581, 2.0547, 1.50477, 2.92206, 2.09753
1.44, 0.0319375, -1.15431, -0.52829, -0.16034, -0.202177, 0.284217, -0.538622, -1.07955, -1.42931, -0.826486, -0.837292, -1.02988, -0.233398, -0.348465, 0.372254, 0.401292, 0.803348, 0.763869, 0.478099, 0.554429, 0.669411, 1.03413, 0.577762, 0.805709, 0.925125, 1.37044, 1.94318, 1.40385, 0.903435, 2.16545, 1.73843
1.46, 0.0319375, -1.95916, -0.248663, -0.114061, -0.968357, -1.03682, -0.748133, -1.14105, -0.888178, -0.733675, -0.627197, -0.854077, -0.870086, -0.865273, 0.133207, -0.374391, 0.14875, -0.431526, 0.202827, 0.530447, 0.721361, 1.53323, 0.672479, 0.612772, 0.918063, 1.14476, 1.0243, 0.870376, 1.32858, 1.54533, 0.886195
1.48, 0.0319375, -1.595, -1.04817, -0.872278, -1.15793, -0.895804, -0.241828, -0.632514, -0.329761, -0.664931, -0.723475, -0.80521, -0.629797, -0.45093, 0.00480592, -0.450353, -0.371051, -0.00689788, 0.356233, 0.0563796, 1.4552, 2.04775, 0.588488, 0.223914, 0.15588, 0.111089, 0.202625, 0.28384, 0.369666, 0.999311, 0.746603
1.5, 0.0319375, -1.29016, -1.0653, -1.4313, -1.45227, -0.765179, -0.763668, -0.643968, -0.466166, -0.574003, -0.17667, 0.20254, -0.21804, 0.0633974, 0.432214, 0.295621, -0.120785, 0.298189, 0.924334, 0.855832, 1.20838, 1.60691, 0.635306, 0.20612, 0.133276, 0.444715, 0.393202, 0.24879, 0.180757, 0.369291, 0.294916
1.52, 0.0319375, -1.18164, -1.03256, -1.47761, -1.71305, -1.57512, -1.45365, -0.646169, -0.794774, 0.0699114, 0.206734, -0.560824, -0.619787, -0.12384, -0.262868, -0.246838, -0.240215, -0.267688, -0.154307, 0.225908, 0.831169, 0.822524, 0.111642, 0.0643995, -0.205817, -0.256773, -0.2286, -0.300105, -0.681253, 0.272033, 0.155059
1.54, 0.0319375, -2.72493, -1.43791, -1.501, -1.19694, -0.66963, -1.24308, -1.60727, -1.40085, -1.04909, -0.380981, -1.14691, -1.08125, -0.740737, -0.380506, -0.118517, 0.199382, 0.195659, 0.152479, -0.133011, 0.22831, 0.324114, 0.0807452, -0.29488, -0.769725, -0.682463, -0.948441, -1.13665, -1.33525, -0.0159005, -0.410877
1.56, 0.0319376, -2.11997, -1.46902, -1.85415, -1.514, -1.57298, -1.80342, -1.39868, -1.92338, -0.794483, -0.858605, -0.431117, 0.0108487, -0.253172, -0.334036, 0.0985302, -0.0787177, 0.046512, 0.296271, 0.0358135, -0.0735296, 0.337598, 0.506738, -0.203269, -0.639869, -0.133571, 0.0066835, -0.105522, -0.339112, -0.519879, -0.5443
1.58, 0.0319375, -1.63028, -1.50217, -1.62913, -1.76131, -2.45368, -2.254, -2.65964, -2.27198, -2.11823, -2.35884, -2.00351, -1.81159, -1.39943, -1.4748, -1.26089, -1.53006, -1.0157, -1.18608, -1.25458, -1.44222, -1.11026, -0.948668, -0.682712, -0.499059, -0.846811, -0.680854, -0.539694, -1.01542, -0.820697, -0.426193
1.6, 0.0319375, -2.68477, -2.11665, -1.54402, -2.68897, -2.57083, -2.88121, -2.98015, -2.38072, -2.41966, -2.57384, -2.3716, -2.86086, -2.11965, -1.26546, -0.818937, -0.447001, -0.551527, -0.0732421, -0.0099605, -0.0450302, -0.414263, -0.839789, -0.651169, -0.837795, -0.741179, -1.06361, -0.978188, -1.15102, -0.939271, -1.06498
1.62, 0.0319375, -3.00607, -2.66679, -2.69507, -2.30397, -2.1565, -1.87802, -2.49039, -2.01968, -1.32342, -1.36798, -1.78828, -1.42826, -1.81343, -1.99487, -1.72019, -0.78988, -0.870991, -0.49643, -0.378342, -0.515821, -0.767232, -1.22311, -0.529211, -0.531742, -0.33967, -0.227091, -0.275558, -0.667317, -0.838017, -0.823441
1.64, 0.0319375, -2.44034, -2.2089, -2.15952, -2.98686, -2.53123, -2.48365, -2.22569, -2.00401, -1.87187, -2.18484, -1.82645, -0.964711, -0.519656, -0.85318, -0.808317, -0.636407, -1.03849, -0.916485, -1.64997, -1.31898, -0.935459, -0.563346, -0.405473, -0.780018, -0.443922, -0.491045, -1.00067, -0.912952, -0.80002, -0.517535
1.66, 0.0319375, -3.99525, -3.52527, -3.88516, -3.43525, -3.41342, -3.0707, -2.90455, -2.09061, -1.99985, -1.92753, -1.58172, -1.65151, -1.96345, -1.54458, -1.99197, -1.02997, -0.782576, -0.82328, -1.02091, -1.44572, -1.27589, -1.26887, -1.19002, -1.33881, -1.55287, -1.74093, -1.31989, -1.34656, -1.90784, -0.969233
1.68, 0.0319376, -2.42549, -2.32016, -3.20455, -2.96671, -2.90046, -2.1217, -2.53374, -2.04816, -1.64268, -2.84847, -2.04545, -1.61424, -1.92443, -1.22068, -1.04643, -1.18671, -1.36094, -1.37919, -1.18245, -0.900094, -0.908765, -1.37898, -1.00027, -0.485392, -0.202584, -0.435857, -0.948687, -1.4442, -1.3248, -1.33601
1.7, 0.0319375, -3.80913, -3.01891, -2.96381, -2.74438, -2.67458, -2.40191, -2.16257, -1.9131, -2.47668, -2.589, -1.8807, -1.76034, -1.65461, -1.49571, -1.13224, -0.892444, -1.02272, -1.49301, -1.2628, -1.32263, -1.47803, -1.00557, -0.633041, -0.786583, -0.548526, -0.376705, -0.745862, -1.47856, -1.19739, -1.13392
1.72, 0.0319375, -2.477, -2.83219, -2.78543, -2.65359, -2.04374, -2.03943, -2.28687, -1.77098, -1.59394, -2.09392, -2.18991, -1.76783, -1.70155, -1.37591, -0.659602, -0.888458, -0.639233, -0.767687, -0.719532, -0.520037, -0.505188, -0.291734, -0.403249, -0.259762, 0.328749, 0.0970542, 0.274286, 0.116573, -0.239642, -0.406813
1.74, 0.0319375, -2.81426, -2.18077, -2.93325, -2.38016, -2.64565, -2.1297, -2.56852, -1.06845, -1.10044, -1.79131, -0.673336, -0.837927, -1.0138, -1.67779, -1.25829, -1.43309, -0.272375, 0.209278, 0.391625, -0.0423688, 0.0398739, 0.482832, 0.669856, 0.407679, 1.40475, 1.08161, 1.08471, 0.991397, 0.750914, 0.767272
1.76, 0.0319375, -3.95349, -2.98442, -3.63534, -3.50883, -3.27278, -3.03332, -2.50356, -2.07933, -1.93457, -2.36514, -1.91857, -2.32267, -2.08214, -2.12603, -2.20825, -2.00529, -1.44388, -0.955714, -0.751143, -1.27555, -1.00814, -0.878906, -0.780877, -1.00657, -1.01967, -0.710252, -0.252739, -0.38419, -0.585506, -0.134731
1.78, 0.0319375, -3.39839, -2.73214, -3.69338, -3.35674, -3.38401, -3.42821, -3.62405, -2.79132, -3.03617, -3.34308, -3.26282, -2.83924, -2.22618, -2.51372, -2.73046, -2.40342, -2.70822, -2.57877, -2.03086, -2.1589, -2.05596, -2.12126, -2.089, -2.07092, -1.96696, -2.25925, -2.02106, -2.07233, -2.05683, -1.84868
1.8, 0.0319376, -2.02947, -2.30176, -2.73876, -3.54138, -3.9288, -3.6002, -3.47471, -3.55921, -3.38831, -3.36128, -3.22417, -2.48279, -2.53435, -2.59279, -2.81403, -3.09431, -3.03509, -3.05554, -2.98664, -3.14268, -2.81451, -2.5017, -3.04493, -2.62456, -2.72302, -2.57174, -2.1131, -2.2734, -2.13834, -2.14655
1.82, 0.0319375, -3.97176, -3.78988, -3.39992, -3.56053, -3.8778, -3.75031, -3.26707, -3.01138, -3.1275, -2.7187, -2.78306, -2.83116, -2.89709, -2.82175, -3.28871, -3.06965, -2.84484, -2.89021, -2.81332, -2.86351, -2.97512, -2.83322, -3.13523, -3.18065, -2.37863, -2.42079, -2.47677, -2.7458, -2.6478, -2.44152
1.84, 0.0319375, -3.79566, -3.46495, -3.46332, -3.85079, -3.98403, -3.87346, -4.42022, -4.32545, -4.54699, -4.35125, -3.89446, -3.33525, -3.30487, -3.37298, -3.72846, -3.74867, -3.47222, -3.47186, -3.0679, -3.14185, -3.33917, -2.93061, -2.74262, -3.04484, -2.8963, -3.05144, -2.62573, -2.58271, -2.73897, -2.6976
1.86, 0.0319375, -4.68065, -4.51155, -4.24117, -4.22471, -4.4675, -5.50553, -5.36548, -4.8294, -4.72303, -5.16469, -5.10284, -4.92187, -4.88714, -4.34387, -4.78861, -4.57718, -4.52649, -4.50161, -3.84291, -4.22889, -4.35184, -4.48326, -3.95765, -3.63619, -3.79209, -3.76902, -3.4739, -3.51644, -3.84504, -3.69171
1.88, 0.0319375, -2.65784, -2.95677, -3.19446, -2.59051, -2.30765, -2.98644, -2.94732, -2.07084, -1.87846, -1.70042, -0.838178, -0.726238, -1.02297, -1.24507, -0.688107, -0.661311, -1.58858, -1.16746, -0.913096, -1.00764, -1.36407, -0.692186, -0.631981, -0.00160197, 0.312385, 0.500567, -0.587318, -0.375099, -0.180265, 0.274186
1.9, 0.0319375, 2.46056, 2.93239, 3.09307, 2.99385, 3.35607, 3.74661, 2.90525, 3.66, 3.16528, 3.55979, 3.57416, 4.10488, 4.37775, 4.21216, 3.65155, 4.05279, 4.15266, 3.9883, 4.31997, 3.77858, 3.6488, 3.92662, 4.33516, 4.80792, 4.3789, 4.53486, 4.43653, 4.74452, 4.93156, 4.64987
1.92, 0.0319376, 1.83471, 2.4438, 2.88592, 3.03088, 3.49073, 3.02746, 3.71352, 3.64103, 4.14753, 3.81552, 3.34907, 3.73967, 4.82321, 4.04748, 3.70432, 4.09897, 4.35796, 4.48438, 4.44541, 3.97724, 3.93435, 4.39241, 4.56031, 4.50529, 5.17592, 4.5348, 4.46798, 4.90261, 4.57683, 4.50557
1.94, 0.0319375, 1.39809, 2.32618, 2.72867, 2.83669, 3.37457, 2.59487, 3.43986, 3.61369, 3.34572, 2.98311, 2.70704, 3.83254, 5.05193, 4.24329, 3.81979, 4.23859, 4.7821, 4.70851, 4.79791, 3.83454, 4.32522, 4.30671, 4.73941, 4.5917, 4.63801, 4.50637, 4.41999, 4.57837, 4.14598, 4.45396
1.96, 0.0319375, 2.39307, 2.61032, 2.67331, 2.55225, 3.01236, 2.8953, 3.19201, 2.81217, 2.4033, 3.30827, 3.46828, 3.52201, 4.38456, 3.62291, 4.08517, 4.02735, 4.88323, 4.80827, 5.35914, 4.63788, 4.54895, 4.20227, 4.09582, 4.50774, 4.32162, 4.23991, 4.13273, 4.55966, 4.30253, 4.32548
1.98, 0.0319376, 1.85684, 2.62377, 2.59998, 2.50797, 2.88323, 3.30672, 3.17822, 3.33221, 3.00973, 3.56412, 3.21356, 3.54827, 4.20441, 4.04697, 3.53807, 3.66591, 5.36554, 4.75416, 5.22272, 4.48956, 4.28354, 4.19605, 4.47978, 4.80502, 4.58979, 4.50237, 4.32594, 4.16548, 4.11483, 4.63358
2, 0.0319376, 2.12212, 1.73346, 2.60854, 2.02992, 2.98446, 2.76029, 3.27589, 3.83361, 3.37561, 3.40967, 3.76941, 3.71881, 4.07335, 4.10893, 3.51022, 4.11322, 5.20871, 4.91378, 5.33295, 4.53857, 4.49639, 3.988, 4.41528, 4.08388, 4.14364, 4.48467, 4.40584, 4.47227, 4.19234, 4.29328
2.02, 0.0319376, 1.62664, 1.92628, 2.42315, 2.22823, 2.44479, 2.93042, 2.92795, 3.06967, 3.61402, 3.68175, 3.82087, 3.71194, 3.93618, 3.33085, 2.80674, 3.82201, 5.20031, 4.51133, 4.85468, 3.97433, 3.98081, 4.2189, 4.38031, 4.54933, 4.72388, 4.67095, 4.82349, 4.68306, 4.18569, 4.36819
2.04, 0.0319376, 2.34199, 2.51654, 1.65432, 2.35957, 2.74293, 2.42189, 3.03582, 3.01827, 2.74961, 2.9838, 3.45475, 3.59926, 3.38044, 3.39372, 2.72558, 3.7128, 5.05151, 4.3591, 5.29096, 4.67015, 4.10365, 4.20831, 3.92844, 4.28696, 4.41991, 4.26731, 4.37433, 4.806, 4.00564, 4.21928
2.06, 0.0319376, 1.78271, 1.90781, 2.3027, 3.11833, 3.00696, 3.08276, 2.40481, 2.8028, 2.51182, 2.98102, 3.31978, 3.33436, 3.41828, 3.51742, 2.90401, 3.4933, 4.53646, 4.11087, 4.90607, 3.95987, 3.99906, 3.70532, 4.16601, 4.29727, 4.81893, 5.48867, 5.1313, 4.93189, 4.70678, 4.65275
2.08, 0.0319376, 2.53523, 2.40124, 2.33415, 1.99754, 2.06555, 2.28569, 3.15194, 3.04814, 2.88214, 2.56358, 2.91373, 3.16359, 3.6182, 3.2391, 3.2648, 3.77495, 4.69629, 3.92685, 5.06909, 4.49028, 3.76919, 3.87442, 4.13152, 4.43071, 4.65596, 4.8034, 4.88929, 4.67238, 4.35269, 4.72614
2.1, 0.0319376, 1.62958, 1.34453, 1.09071, 2.55357, 2.66696, 1.66067, 2.37706, 3.02828, 2.54355, 2.67443, 3.06058, 3.46745, 4.03999, 3.63417, 2.95497, 3.66954, 4.19679, 3.49377, 4.34083, 4.16682, 5.15625, 5.02516, 4.55553, 4.54696, 5.06578, 4.64326, 4.98778, 4.40135, 3.97261, 4.63504
2.12, 0.0319376, 2.05788, 1.74566, 2.56559, 3.16858, 3.04036, 3.0132, 3.1837, 3.86051, 3.10125, 2.86082, 3.19812, 3.18199, 2.80543, 3.19872, 3.81433, 3.51685, 4.06976, 3.80467, 4.24218, 3.80429, 5.15586, 4.69261, 4.10675, 4.1731, 4.58632, 4.16324, 4.09186, 4.28099, 4.54636, 4.88641
2.14, 0.0319374, 1.51376, 1.22572, 1.34321, 2.12721, 2.66899, 2.62645, 2.04787, 2.13919, 3.05951, 2.84532, 2.94249, 3.13092, 3.51532, 3.34568, 4.0095, 2.93863, 3.5319, 3.60649, 3.76304, 3.86924, 4.61316, 4.56237, 4.1004, 4.91063, 5.23651, 4.34443, 4.58152, 3.71559, 4.2928, 4.48154
2.16, 0.0319374, 1.36366, 1.83526, 1.81206, 2.12379, 2.03439, 1.9306, 2.17346, 2.23164, 2.49035, 2.57925, 2.58723, 2.66813, 2.28457, 1.9764, 2.55975, 3.08744, 3.97171, 3.61241, 3.51734, 3.39417, 4.71397, 4.3403, 3.38891, 4.87062, 5.47424, 3.81033, 4.30404, 4.06154, 3.97957, 4.02099
2.18, 0.0319374, 1.0111, 1.98054, 1.32845, 1.8782, 2.07329, 1.77577, 2.2281, 2.39871, 3.07285, 2.30923, 2.08388, 2.55888, 2.95938, 2.94558, 3.24895, 2.82589, 3.52354, 3.16133, 3.59081, 3.66361, 4.63627, 4.49263, 3.79745, 4.86789, 5.28545, 4.12027, 4.92556, 4.26526, 4.2079, 4.19237
2.2, 0.0319374, 1.46034, 1.876, 1.5966, 1.52915, 1.56583, 1.55268, 1.62863, 2.26383, 2.53097, 2.36595, 1.83238, 2.52827, 2.56885, 2.75369, 2.75407, 3.0231, 3.66011, 3.91448, 3.50016, 3.11994, 4.49755, 4.55276, 4.74989, 4.89805, 5.17032, 4.27721, 4.79582, 3.74364, 4.07649, 4.40237
2.22, 0.0319374, 1.99572, 1.78991, 2.60176, 2.77123, 3.26983, 3.19284, 2.77892, 2.78482, 3.24913, 3.01366, 3.24851, 2.96431, 2.86379, 3.46279, 3.28181, 3.65502, 3.73017, 3.36846, 3.53714, 3.20338, 3.8964, 4.03678, 5.35919, 4.29075, 4.31678, 4.32941, 4.29871, 4.40423, 4.22546, 4.14043
2.24, 0.0319376, 1.75454, 2.15149, 2.46535, 2.89712, 2.32779, 2.74453, 2.37286, 2.63659, 2.94708, 3.33353, 2.94024, 2.82617, 3.06064, 3.11294, 2.98789, 3.0709, 3.64328, 3.08477, 3.35496, 3.26482, 4.33349, 4.07583, 5.06462, 4.18711, 4.51356, 4.38606, 4.08609, 3.98368, 3.85703, 3.99507
2.26, 0.0319376, 1.58899, 1.62901, 1.56379, 1.70996, 2.60079, 2.42549, 1.7561, 1.54515, 1.93451, 2.33079, 2.47854, 2.83384, 2.80866, 3.28279, 3.10059, 3.34756, 3.2, 3.19972, 3.28261, 3.30973, 4.29677, 4.28346, 5.20141, 4.66298, 4.91811, 3.93462, 4.32461, 4.13341, 4.53674, 4.98892
2.28, 0.0319376, 1.27961, 1.38319, 1.15413, 1.45535, 1.98089, 1.82909, 2.27665, 2.50314, 2.78181, 2.83679, 2.42411, 2.30162, 2.70835, 2.96341, 3.28362, 2.99885, 3.46398, 3.59111, 3.8037, 3.5433, 4.32769, 4.20144, 4.86937, 4.35384, 4.61435, 3.81334, 5.18596, 4.45514, 4.06539, 4.02525
2.3, 0.0319376, 0.713675, 1.57695, 2.21137, 1.06673, 1.43881, 1.33242, 1.80924, 1.82328, 2.19603, 2.05702, 2.32908, 3.2007, 2.73973, 2.72564, 3.04662, 2.96241, 2.61936, 3.1899, 3.31965, 3.23594, 4.59948, 4.27658, 4.15777, 3.89675, 4.35828, 3.59092, 4.98875, 4.03681, 3.66322, 3.57344
2.32, 0.0319376, 0.366272, 0.948285, 0.878392, 0.666224, 1.44997, 1.31669, 1.73909, 1.44769, 2.23792, 2.14282, 1.93395, 2.63619, 2.62416, 2.42946, 2.29711, 2.41331, 2.75986, 3.17833, 2.92258, 2.93338, 3.81832, 4.20814, 4.68451, 3.76195, 4.21493, 3.07411, 4.91918, 3.97062, 2.95165, 3.22463
2.34, 0.0319376, 1.01951, 0.980722, 1.41405, 0.802579, 1.87597, 1.24296, 1.25879, 2.14308, 2.3062, 2.50135, 2.53951, 1.87722, 2.4276, 2.27861, 2.26557, 2.40957, 2.76684, 3.06215, 3.16106, 2.86452, 3.52531, 4.02121, 4.41012, 4.87489, 5.61631, 4.07745, 3.64823, 3.46759, 3.33579, 3.7757
2.36, 0.0319376, -0.375803, 0.382323, 1.16571, 0.468786, 0.102278, 0.255685, -0.0969169, 0.686366, 1.08001, 1.25146, 1.46791, 1.62428, 2.00256, 1.96643, 1.87858, 2.07877, 2.38388, 2.35173, 2.77899, 2.31348, 3.59257, 3.88556, 4.39907, 4.09906, 4.75738, 2.73033, 2.68506, 2.453, 2.43555, 2.61708
2.38, 0.0319374, 0.592756, 0.354783, 0.739448, 0.890448, -0.203768, -0.0835873, 0.67362, 0.403174, 1.493, 1.52062, 1.22046, 1.64269, 1.6848, 2.07968, 1.58248, 2.10395, 2.04992, 2.23919, 2.53947, 2.32676, 3.76444, 4.17194, 4.43045, 4.24418, 4.88517, 3.10501, 3.57607, 3.62544, 3.9302, 4.14253
2.4, 0.0319374, -0.294543, -0.622032, -0.327333, -0.963496, -0.126273, 0.317483, 0.686948, 0.132964, 1.05687, 1.1493, 1.27549, 1.70211, 1.50796, 1.67615, 1.95421, 1.32448, 1.73393, 2.13507, 2.10828, 2.18157, 2.81283, 3.44814, 4.56742, 3.3667, 3.7777, 2.48758, 3.27088, 2.7141, 2.81946, 3.11129
2.42, 0.0319374, -0.272228, 0.113003, 0.267656, 0.43017, 0.271842, -0.190186, 0.988789, 0.347586, 0.458163, 1.22299, 1.22851, 1.02911, 1.12804, 0.800192, 1.04557, 1.27121, 2.25424, 2.01429, 2.26286, 1.74646, 2.82742, 3.19118, 4.3584, 3.7487, 3.9566, 2.3309, 2.44873, 2.49403, 2.99208, 2.8768
2.44, 0.0319374, 0.447572, 0.97183, 1.14983, 1.19401, 0.599145, 0.354932, 1.00042, 1.20491, 0.52824, 1.36325, 1.78637, 1.76059, 1.42869, 1.56669, 1.7528, 1.85624, 2.21457, 2.18816, 2.00887, 2.7271, 3.53769, 3.33274, 4.27903, 3.31837, 3.22799, 3.35798, 3.85858, 3.82371, 4.09506, 3.67806
2.46, 0.0319374, 1.42676, 1.65533, 1.20635, 0.989897, 1.14899, 1.80707, 0.989137, 1.31905, 1.68891, 1.76812, 1.87717, 1.82653, 1.40019, 1.79372, 1.56832, 1.77378, 1.9941, 1.63624, 2.69572, 2.88423, 3.53917, 3.52708, 4.4669, 3.95699, 4.94655, 3.02788, 2.93584, 3.18645, 3.17899, 3.33951
2.48, 0.0319376, -0.341886, 0.191784, 0.659735, 0.400473, 0.297894, -0.20729, 0.273371, 1.01844, 1.38509, 0.735502, 0.409404, 0.96991, 0.91293, 0.464366, 1.42537, 1.70537, 1.50903, 1.71319, 1.7928, 1.77672, 2.97061, 3.3017, 4.56741, 3.48697, 4.24321, 2.42023, 2.55634, 2.24393, 2.77251, 2.93429
2.5, 0.0319376, -1.164, -0.383673, 0.0637528, 0.133837, 0.339535, 0.365379, -0.112157, 0.0766928, 0.980949, 0.372841, 0.213767, 0.849257, 1.26756, 1.26216, 0.40427, 0.818848, 1.26828, 1.64133, 2.22329, 1.60724, 2.96838, 2.99082, 3.96943, 3.10389, 3.73203, 2.62719, 2.55386, 2.67475, 2.84937, 2.91466
2.52, 0.0319376, -0.161247, -0.271935, 0.467533, -0.107035, -0.00150896, 0.343372, 0.175581, 0.0814859, -0.0382539, 0.83168, 1.0255, 0.262374, -0.0910488, 0.79213, 1.07698, 1.18277, 1.39929, 0.898467, 1.68307, 1.31031, 3.12402, 3.02868, 4.48397, 2.90593, 3.04396, 2.76631, 2.60134, 2.57523, 3.29401, 3.25858
2.54, 0.0319376, -1.0925, -1.01287, -1.07311, -0.869157, -1.16721, -0.416543, -0.059538, 0.0394359, 0.458745, 0.274004, 0.347582, 0.552816, 0.399511, 0.464554, 0.565785, 0.668678, 0.45155, 0.769596, 1.01123, 1.11763, 2.0937, 2.38075, 4.24878, 2.47953, 2.77083, 1.32093, 1.82855, 2.09098, 2.20834, 2.20624
2.56, 0.0319376, 0.539923, 0.466867, -0.444281, 0.47857, 0.548207, 0.453948, -0.0734458, -0.155423, 0.296223, 0.700888, 0.546479, 0.490457, 0.565545, 0.764939, 1.0498, 0.585877, 1.274, 1.65366, 1.58809, 1.33103, 2.30031, 2.96065, 3.98042, 3.33052, 3.10655, 2.34473, 2.84053, 2.66526, 3.74054, 3.99074
2.58, 0.0319376, -1.73518, -0.527627, -0.332949, -0.438807, -0.080272, 0.026541, -0.366366, -0.413697, 0.432814, 0.989253, 0.361678, 0.285793, 0.342469, 0.566301, 0.518639, 0.391022, 0.774718, 1.04171, 0.936248, 1.73107, 2.17695, 2.26793, 4.01528, 2.50357, 2.63508, 1.98128, 1.72957, 1.87856, 2.26085, 3.94331
2.6, 0.0319376, 0.0806206, 0.0290772, -0.25454, -0.66294, -0.276696, -0.201438, -0.0600994, -0.0989764, 0.0739214, 0.565004, 0.813819, 0.32875, 0.48423, -0.218176, 0.114109, 0.458006, 0.670821, 0.714892, 0.875756, 1.01642, 2.17626, 2.19353, 3.91052, 2.81982, 2.6896, 2.46309, 2.30425, 2.71669, 3.115, 3.58181
2.62, 0.0319376, -1.7434, -1.10708, -1.37759, -1.41735, -0.759989, -0.520794, -0.280783, -1.03342, -0.513308, -0.505147, -0.704961, -1.01621, -0.549255, -0.287937, 0.292861, 0.290485, 0.250495, 0.279848, 0.635324, 0.684559, 1.30887, 1.9174, 2.99329, 2.07059, 2.39218, 1.4577, 1.67733, 2.00911, 2.27206, 2.56582
2.64, 0.0319374, -1.01453, -1.74908, -1.91632, -1.54633, -1.49397, -0.720421, -1.46108, -1.04011, -1.23209, -1.20021, -1.08008, -1.01482, -0.883302, -0.964515, -0.903709, -0.541789, -0.708456, -0.571384, 0.295531, 0.264097, 0.657767, 1.15046, 2.69052, 1.1602, 1.70461, 0.842348, 0.970413, 1.02982, 1.49086, 1.88879
2.66, 0.0319374, -2.00326, -1.97304, -1.9457, -1.94832, -1.59542, -1.51685, -1.97486, -2.14972, -1.78753, -2.214, -2.10829, -1.72264, -1.41382, -1.42952, -1.3007, -0.845391, -0.688478, -0.492763, -1.04075, -0.853756, 0.176018, 0.758374, 2.00342, 0.662573, 0.535558, 0.337101, 0.581128, 0.57815, 1.08546, 0.928984
2.68, 0.0319374, -2.42152, -1.80986, -2.08098, -2.58829, -2.56918, -2.45471, -2.01166, -1.76649, -1.51462, -1.18783, -1.53592, -1.73509, -1.60923, -1.34301, -0.837382, -1.29233, -0.912823, -1.25066, -0.906393, -1.1693, -0.234577, 0.447536, 1.26462, -0.0970881, 0.3355, -0.726932, -0.304291, -0.482426, -0.235281, -0.337512
2.7, 0.0319374, 0.551851, 0.913182, -0.0862422, -0.566122, -0.565491, -0.646501, -1.21841, -1.3085, -1.30046, -1.25419, -1.27231, -1.81134, -1.59068, -1.09301, -1.36355, -1.1082, -1.28673, -0.489032, -0.981123, -0.828051, -0.637532, -0.109778, 0.937587, 0.172687, 0.772137, -0.167482, -0.907644, -0.899622, -0.261062, 0.199358
2.72, 0.0319374, -0.732528, 0.119172, -0.810779, -2.41043, -1.95847, -1.73938, -1.48614, -1.60522, -2.09906, -2.04872, -2.05308, -2.16287, -1.96983, -1.9363, -1.46881, -1.3951, -1.3035, -0.645041, -1.28651, -1.61962, -1.37321, -0.803253, 0.488672, -0.33718, -0.201717, -0.984183, -1.08451, -1.02721, -0.582045, -0.445468
2.74, 0.0319376, -1.14481, 0.0567545, -0.651342, -0.967541, -1.48903, -1.83104, -1.6466, -1.76156, -1.563, -2.33858, -2.71396, -2.86991, -2.83235, -2.41779, -2.42731, -2.08492, -1.72838, -0.931462, -1.29346, -1.05815, -1.60063, -1.21298, -0.223463, -1.35553, -0.803527, -1.17612, -1.15324, -1.63484, -1.25909, -1.09836
2.76, 0.0319376, -0.360347, -0.855473, 0.523187, 0.0681587, -0.607583, -1.3017, -2.13908, -2.158, -2.72326, -2.56997, -2.61146, -2.58896, -2.16163, -2.23983, -2.32154, -1.11222, -0.587637, 0.662995, 0.651273, -1.33942, -1.17296, -0.937815, -0.0170198, 1.35581, 2.46627, 0.880193, -0.364416, -0.121902, 1.27405, 2.22547
2.78, 0.0319376, -1.85759, -0.929353, -1.07374, -1.50962, -1.84173, -1.88348, -2.1581, -1.92441, -1.70081, -1.99147, -1.54946, -2.14442, -1.58879, -1.97147, -1.58457, -1.70151, -1.31077, -0.140506, -0.182495, -2.12088, -1.42784, -0.991278, -0.851046, 1.15169, 2.35738, 0.481339, -0.804687, -0.767385, 0.82712, 1.53233
2.8, 0.0319376, -2.39898, -1.25192, -0.849101, -1.31816, -1.93445, -2.25091, -2.17901, -1.89669, -2.13281, -3.01439, -3.06497, -2.73331, -2.31764, -2.86314, -2.47428, -2.17837, -2.09621, -0.98237, -0.731538, -2.15817, -1.95075, -1.95797, -1.43372, -0.938992, 0.119597, -0.865015, -1.39461, -1.58361, -0.278427, -0.549135
2.82, 0.0319376, -2.72664, -3.16049, -2.46748, -2.38761, -2.91857, -3.62466, -3.38588, -2.63917, -2.97097, -3.35868, -3.3706, -3.27807, -2.81336, -3.04993, -3.26448, -3.23116, -3.01218, -1.70664, -1.19387, -2.38538, -2.49871, -2.60949, -2.11215, -1.84019, -1.70895, -1.66428, -2.39479, -2.59125, -1.81484, -2.05519
2.84, 0.0319376, -3.59118, -2.8083, -3.16675, -3.15274, -3.7416, -3.6496, -4.15719, -3.75124, -3.84268, -4.17269, -4.64726, -4.15237, -3.72581, -3.70115, -3.57733, -3.46108, -3.4733, -2.50302, -2.32181, -2.93714, -3.22714, -3.52907, -2.83033, -3.08734, -2.90263, -2.52646, -2.65144, -3.10252, -2.89725, -2.83417
2.86, 0.0319376, -5.16044, -4.34006, -4.13735, -4.19932, -4.26791, -4.64455, -4.90349, -4.74086, -4.51892, -4.73418, -4.74266, -3.9659, -5.01364, -4.3644, -4.49118, -4.22236, -3.77816, -3.53781, -3.3286, -3.86992, -4.2064, -3.94182, -3.42495, -3.58533, -3.42501, -3.92315, -4.08656, -3.87627, -3.93616, -3.46855
2.88, 0.0319374, -5.49283, -5.26985, -5.33103, -6.01556, -5.19101, -5.33703, -6.15996, -6.11488, -5.63703, -5.41495, -6.0728, -5.18846, -5.28962, -4.64582, -4.96413, -5.01452, -4.73306, -4.57128, -4.87464, -4.90893, -4.80585, -4.83614, -4.51844, -4.40002, -4.13668, -4.64527, -5.29286, -4.92341, -4.7838, -4.48031
2.9, 0.0319374, -7.35152, -6.69208, -6.45552, -6.62211, -5.97047, -5.98132, -7.15914, -6.93434, -6.21507, -6.31863, -5.87789, -5.75075, -5.24304, -5.64644, -5.48435, -5.59412, -5.1689, -5.26125, -4.79059, -4.45225, -4.54611, -4.76408, -4.86258, -4.30008, -3.86382, -4.27814, -4.03708, -4.09635, -4.37353, -3.88626
2.92, 0.0319374, -5.33124, -4.59797, -4.6652, -4.61314, -3.74034, -3.61649, -3.87536, -3.8218, -4.68066, -5.02394, -4.6976, -4.63776, -4.05468, -3.85693, -3.7289, -3.671, -3.11279, -2.92858, -3.33162, -2.8084, -2.93439, -3.07266, -2.73846, -1.82765, -2.01276, -1.90424, -1.8819, -1.62934, -1.94557, -1.46076
2.94, 0.0319374, 1.71382, 2.0739, 1.80454, 1.73626, 2.26338, 1.91782, 2.39834, 1.85479, 1.93949, 1.89205, 2.4482, 2.60074, 2.72102, 3.17515, 2.90229, 3.0064, 3.40917, 3.49136, 3.67767, 3.85674, 3.34161, 3.72588, 3.77648, 4.259, 3.85365, 3.46854, 3.81603, 3.8536, 3.88521, 4.05575
2.96, 0.0319374, 2.3636, 2.56509, 2.259, 1.98641, 1.94927, 2.99596, 2.87819, 2.86181, 2.72974, 3.2539, 3.07016, 3.10015, 3.42181, 3.71062, 3.32483, 3.22012, 3.8287, 4.23227, 3.77079, 3.87832, 4.37084, 4.76735, 4.62957, 4.13188, 4.6682, 4.67845, 4.0011, 4.76701, 4.58659, 5.02195
2.98, 0.0319376, 2.23014, 2.2782, 1.90435, 3.20168, 3.17438, 3.18736, 3.13514, 3.14713, 3.13904, 3.40048, 2.54752, 2.49798, 3.38238, 3.60807, 3.66232, 3.87678, 3.68213, 3.94299, 3.97725, 3.62849, 4.1363, 5.03183, 4.74795, 4.06373, 4.1799, 4.83952, 4.13877, 4.47513, 4.71638, 4.84319
3, 0.0319376, 2.27561, 2.74982, 2.22625, 3.02748, 3.54831, 3.58608, 3.46464, 3.85552, 3.32262, 3.17175, 3.48168, 3.01597, 3.34173, 3.94862, 3.55409, 3.53164, 3.62902, 3.66008, 4.2675, 3.89925, 3.93037, 4.35953, 4.3107, 4.46724, 4.64337, 4.64992, 4.43372, 4.32206, 4.55315, 4.43898
3.02, 0.0319376, 1.6186, 2.26864, 2.42341, 1.93556, 2.87271, 2.82925, 3.13808, 3.53964, 3.57218, 3.21799, 2.72074, 2.56068, 3.11973, 3.46056, 3.68021, 3.53869, 3.59779, 4.40343, 4.93, 4.38725, 4.23875, 4.41224, 4.82898, 4.2234, 4.12272, 4.57901, 4.6055, 4.57063, 4.59587, 4.21565
3.04, 0.0319376, 1.54391, 1.80877, 2.46683, 2.6134, 2.69926, 2.67812, 2.17721, 3.33179, 3.08755, 2.52212, 2.6752, 2.81991, 3.2602, 3.54847, 3.91091, 3.35146, 3.66918, 3.91626, 4.76213, 4.44909, 4.69838, 4.5305, 4.3538, 4.0324, 4.24977, 4.51721, 4.76914, 4.98422, 4.7166, 4.53044
3.06, 0.0319376, 2.49858, 2.04527, 2.21528, 3.06758, 3.09501, 2.27416, 3.10357, 3.33045, 3.45744, 3.47981, 3.96589, 3.62497, 3.44949, 3.17589, 3.29725, 3.67108, 3.99289, 4.07196, 4.06641, 3.78601, 3.93702, 4.47738, 4.74955, 4.3063, 4.49899, 4.39927, 4.52511, 5.23614, 4.3396, 4.63471
3.08, 0.0319376, 2.52401, 2.70447, 2.82176, 1.90742, 2.60598, 2.42351, 2.35487, 2.88716, 2.90191, 2.79993, 3.51717, 3.90765, 3.35605, 3.56541, 3.47858, 3.17048, 4.10219, 4.46764, 3.73983, 4.0238, 3.87109, 4.35544, 3.97139, 3.6418, 4.16486, 4.81197, 4.70119, 5.34131, 4.37371, 4.87166
3.1, 0.0319376, 2.42276, 3.13974, 2.85499, 2.6219, 3.27329, 2.82427, 3.43805, 3.34868, 2.99647, 3.01489, 3.23805, 3.61965, 3.34073, 3.50119, 3.79818, 4.08217, 3.81388, 4.19574, 3.72976, 4.02411, 4.0127, 4.58188, 3.91416, 4.27077, 4.20807, 4.94058, 4.83168, 4.77747, 4.33719, 5.02392
3.12, 0.0319376, 1.92894, 2.30653, 2.38666, 2.30886, 2.44429, 2.41219, 3.26737, 2.99717, 2.73835, 3.58411, 3.1068, 3.69987, 3.68554, 3.50724, 3.61826, 4.07876, 4.24897, 4.83891, 4.22301, 4.08923, 4.2044, 4.19955, 3.83428, 4.1169, 4.4325, 4.77342, 4.25451, 4.84909, 4.27236, 4.76843
3.14, 0.0319374, 2.18526, 2.92647, 2.82715, 2.38366, 3.55797, 3.35351, 2.63863, 2.70348, 3.21857, 3.34135, 2.74973, 3.49624, 3.55202, 4.25429, 4.21545, 3.66149, 3.98558, 4.40838, 4.40656, 4.02803, 3.96254, 4.0934, 4.14902, 4.48741, 4.55594, 4.55332, 4.19042, 5.03591, 4.36387, 4.78408
3.16, 0.0319374, 2.0159, 2.11476, 2.64402, 2.5344, 2.83501, 2.51737, 2.67337, 2.89508, 3.14795, 3.18271, 2.60854, 3.31011, 4.02194, 3.93576, 3.70748, 3.70179, 3.36117, 3.73533, 4.45198, 4.11949, 4.04777, 4.16258, 4.25738, 4.53668, 4.30825, 4.93007, 4.51195, 4.57843, 4.12631, 4.85246
3.18, 0.0319374, 1.58845, 1.97265, 2.51978, 2.24619, 2.87566, 2.89036, 3.28062, 2.63324, 2.19376, 2.42435, 2.9697, 3.43047, 3.81803, 3.3504, 3.35298, 4.1813, 3.8579, 4.1069, 4.2019, 4.31034, 4.16455, 3.53431, 3.83702, 4.39879, 4.43564, 5.09338, 4.61307, 4.72589, 4.28144, 4.6312
3.2, 0.0319374, 2.34045, 2.14005, 1.51156, 1.39578, 1.88184, 1.557, 1.65426, 2.65111, 2.25935, 2.58038, 2.58856, 2.93036, 3.68459, 3.24041, 3.6179, 4.035, 4.12053, 4.0936, 3.95452, 4.27092, 4.38314, 4.37998, 4.31527, 3.87037, 3.88011, 4.24533, 4.53963, 4.56552, 4.60511, 5.09409
3.22, 0.0319374, 1.6947, 2.74639, 2.20711, 1.70858, 2.00741, 2.18576, 1.76044, 2.76229, 2.4387, 2.95201, 3.30829, 3.61115, 2.59809, 2.82582, 3.06653, 3.26821, 3.60898, 3.99821, 4.1459, 3.96288, 3.99591, 4.1538, 4.16649, 4.01158, 4.23608, 4.48233, 4.51636, 4.35787, 4.70605, 5.23419
3.24, 0.0319376, 1.37466, 1.6782, 1.75141, 2.19333, 2.25282, 2.42876, 1.92228, 2.84007, 3.15207, 2.77558, 3.03249, 3.24673, 3.28425, 3.25704, 2.7219, 4.01718, 3.63608, 3.53512, 3.858, 3.70031, 4.0222, 3.81547, 4.30442, 4.04638, 4.20399, 4.40079, 4.60609, 4.85634, 4.59922, 5.07086
3.26, 0.0319376, 1.7482, 2.41977, 2.07043, 2.26826, 2.43119, 2.79912, 2.45843, 2.35705, 1.9678, 2.84425, 2.85938, 3.26486, 3.59341, 3.48323, 3.54005, 3.56602, 3.36368, 4.21583, 4.2276, 3.75409, 3.4198, 4.13211, 3.6143, 4.36637, 4.1154, 4.18575, 3.91167, 4.26879, 4.18767, 4.86034
3.28, 0.0319376, 1.41119, 2.20587, 2.12422, 1.9419, 2.6206, 2.31617, 2.53892, 1.50089, 2.49567, 2.75672, 2.84569, 2.91325, 3.17663, 2.92922, 3.17465, 3.17559, 3.8231, 4.47619, 3.88773, 3.34781, 3.33816, 4.04089, 4.14062, 3.99633, 4.08595, 4.30101, 4.00512, 4.54136, 4.12295, 4.14424
3.3, 0.0319376, 1.16387, 2.17075, 2.26048, 1.53656, 2.82829, 2.18717, 2.16543, 2.5098, 2.5887, 2.28838, 2.69223, 3.32395, 3.45523, 3.34659, 3.51503, 3.42392, 3.52348, 3.67245, 4.09097, 3.71625, 3.60148, 3.94425, 3.848, 4.09627, 4.54886, 4.10578, 3.98808, 4.03093, 4.09189, 4.29796
3.32, 0.0319376, 0.870725, 1.60978, 1.99062, 1.8857, 1.8386, 2.35673, 2.51699, 1.76306, 1.83455, 2.95078, 3.57401, 3.38763, 3.98217, 3.67071, 3.70435, 3.42947, 2.96268, 3.80209, 3.86096, 4.02228, 4.10028, 4.04415, 3.39408, 3.74901, 4.53612, 3.96356, 4.03239, 4.31456, 4.12714, 4.34936
3.34, 0.0319376, 1.6243, 1.82732, 1.09862, 2.37944, 2.52541, 2.16533, 2.14818, 2.48669, 2.52313, 2.49895, 2.60236, 2.68645, 2.90369, 2.75162, 3.06821, 2.87031, 3.11717, 3.79181, 3.21697, 3.36555, 3.50328, 3.64178, 3.07236, 4.39484, 5.28631, 4.07518, 3.92214, 4.11331, 3.7526, 4.03615
3.36, 0.0319376, 1.79214, 2.19059, 1.95037, 2.40331, 2.30807, 1.99584, 1.65795, 1.72333, 2.56753, 2.84222, 2.27725, 2.33119, 3.01705, 3.1602, 3.25271, 3.51457, 3.39727, 3.55947, 3.6639, 3.76474, 3.96083, 3.88688, 3.1251, 4.25313, 4.71176, 3.92913, 3.78106, 4.14786, 3.82234, 4.05492
3.38, 0.0319374, 1.61995, 1.61392, 1.04087, 1.15767, 1.78765, 2.02471, 1.24284, 0.882554, 1.71932, 2.08004, 2.54816, 2.17969, 3.0561, 2.86111, 2.76582, 2.94395, 2.53175, 3.07998, 3.13445, 3.20415, 3.39374, 3.79299, 2.61009, 3.75888, 4.78049, 3.4961, 3.40779, 3.84225, 3.41047, 3.6402
3.4, 0.0319374, 1.38579, 2.14025, 1.61194, 1.42168, 1.7656, 1.62029, 0.997205, 2.06993, 1.22739, 1.92149, 1.98986, 2.22959, 2.66533, 2.48801, 2.28957, 2.78804, 2.63148, 3.25127, 3.05707, 2.97608, 2.45604, 3.02794, 2.90814, 3.67163, 4.45242, 3.98936, 3.48745, 3.83988, 3.1101, 3.73483
3.42, 0.0319374, 1.4274, 2.0414, 1.22957, 1.06456, 1.56844, 1.25451, 1.30296, 1.35214, 1.456, 1.79084, 2.17198, 1.82662, 2.194, 2.70151, 2.26807, 2.44406, 2.96587, 2.76006, 2.47371, 2.98925, 3.21937, 3.74745, 3.56829, 4.5072, 4.74714, 3.76687, 3.93441, 3.49124, 3.7795, 3.91238
3.44, 0.0319374, 1.46778, 2.16322, 1.69953, 1.13349, 0.967298, 1.42589, 1.7094, 1.62638, 2.23485, 2.12801, 1.87433, 2.7206, 3.02783, 2.92839, 3.12337, 3.06588, 2.99389, 3.23725, 3.22589, 3.03286, 2.96052, 3.21035, 3.77513, 5.00605, 4.89412, 3.67315, 3.41927, 3.56615, 3.84644, 4.05723
3.46, 0.0319374, 1.45271, 2.10968, 1.52688, 1.5084, 1.97725, 2.21101, 2.29769, 2.78215, 2.44229, 2.794, 2.64285, 2.41704, 2.95447, 2.89792, 2.5329, 2.47356, 2.96567, 3.08961, 3.05237, 3.78671, 4.25921, 3.54278, 3.49337, 4.17719, 4.16776, 4.42979, 4.06488, 4.22917, 3.84679, 3.48197
3.48, 0.0319376, 1.14255, 1.54113, 1.30358, 0.901246, 1.04332, 1.35414, 1.54965, 1.71479, 2.21623, 2.63175, 2.51497, 2.23211, 3.15309, 2.94132, 2.45882, 3.23143, 3.0937, 3.57224, 3.42457, 3.81058, 4.55788, 3.88324, 3.92095, 4.47777, 4.8266, 4.5412, 4.06369, 4.02333, 3.78819, 3.98173
3.5, 0.0319376, 0.746693, 1.19589, 0.833907, 1.41161, 1.54016, 2.20137, 1.99169, 1.34742, 2.41148, 2.31985, 2.54761, 2.71108, 3.33508, 2.78282, 2.89659, 3.25177, 3.00024, 3.23795, 3.58522, 3.97448, 4.01015, 4.11562, 3.91826, 4.33647, 4.76261, 4.16063, 3.89884, 4.14835, 3.92087, 4.18915
3.52, 0.0319376, 0.273102, 0.872658, 0.860467, 1.22643, 1.4635, 1.28803, 1.91737, 2.02968, 2.26555, 1.90383, 2.31912, 2.12077, 2.96184, 2.50134, 2.60098, 2.61629, 2.79845, 3.19338, 3.35395, 4.00146, 4.38242, 3.96907, 3.58052, 3.55555, 3.83817, 3.7544, 3.75513, 3.8294, 3.7943, 3.96609
3.54, 0.0319376, 1.62178, 1.55552, 1.05354, 0.0964418, 0.811954, 1.45751, 1.93707, 1.66927, 1.30354, 1.54687, 2.18818, 2.01067, 2.28699, 2.28518, 2.83218, 2.42933, 2.70249, 3.0949, 3.29736, 3.48661, 4.22324, 4.04433, 3.91504, 3.51012, 3.80246, 3.62308, 3.93346, 3.45668, 3.4809, 3.44764
3.56, 0.0319376, 0.342921, 1.29782, 0.837591, -0.0749357, -0.577372, 1.25077, 1.51802, 1.10865, 1.5366, 1.73252, 2.43367, 2.18122, 2.17311, 2.28035, 2.14847, 2.36637, 2.35108, 2.14313, 2.17105, 3.03207, 3.96027, 3.82948, 3.7734, 3.60506, 4.12079, 3.64672, 3.01884, 3.07541, 3.20968, 3.52249
3.58, 0.0319376, -0.10421, 0.656083, 0.89686, 0.12965, 1.32647, 1.87794, 1.67819, 1.3975, 1.7159, 1.63416, 2.34116, 2.33547, 3.0636, 2.67516, 2.65956, 2.85089, 3.09995, 2.58675, 2.65771, 2.68983, 3.30613, 3.95919, 3.4552, 3.16933, 3.35444, 3.03869, 2.99607, 3.16656, 3.17775, 3.3985
3.6, 0.0319376, 0.252679, 1.37879, 1.71187, 1.39261, 1.07049, 1.20614, 1.9156, 1.69623, 1.82653, 2.01818, 2.24107, 1.77751, 2.1811, 3.01715, 2.98221, 3.186, 3.29714, 3.13203, 2.9367, 3.18907, 3.43147, 3.71941, 3.50622, 3.68805, 4.19588, 3.42512, 3.22739, 3.92588, 3.33673, 3.6749
3.62, 0.0319376, 0.635256, 0.929292, 1.17925, 0.932172, 0.548746, 1.05949, 0.799839, 1.7132, 1.82727, 2.5795, 2.51161, 2.12668, 2.41478, 2.50833, 2.59344, 3.57726, 3.39544, 2.69669, 2.8808, 3.13018, 3.50161, 3.43064, 3.30955, 3.54725, 3.66103, 3.06759, 3.19833, 3.55315, 3.31285, 3.25869
3.64, 0.0319374, 0.635606, 1.54479, 1.67812, 1.73582, 1.03996, 1.15757, 0.874036, 0.805798, 0.902899, 1.95427, 1.35477, 1.5315, 1.65849, 1.70439, 2.09235, 3.53746, 3.13148, 2.00723, 2.22424, 2.73247, 2.85802, 3.34817, 3.33832, 3.62021, 4.51606, 3.51893, 2.89242, 3.56266, 3.02393, 3.09314
3.66, 0.0319374, 0.00244271, 0.771914, 0.817731, 0.980693, 1.12118, 1.10332, 0.275152, 1.38979, 1.16099, 1.42339, 1.85636, 1.65343, 2.20891, 2.37392, 2.0196, 3.70313, 3.33636, 2.51948, 2.73676, 2.78857, 3.14357, 2.94478, 2.44757, 3.17427, 3.80476, 2.72299, 3.01137, 3.11987, 2.64984, 2.87154
3.68, 0.0319374, 0.187753, 1.0827, 1.18346, 1.10427, 0.625235, 0.137876, 0.90174, 1.46065, 1.16398, 1.10991, 1.43825, 1.84727, 2.17417, 1.82733, 2.09415, 2.9252, 2.63491, 2.83763, 2.80025, 2.66564, 2.95768, 2.61395, 2.37165, 3.04449, 3.73027, 3.0853, 2.98772, 3.29954, 3.29703, 3.08161
3.7, 0.0319374, -0.325729, 0.833725, 0.696641, 0.928522, 0.870151, -0.260985, 0.588242, 1.21159, 1.37585, 0.857987, 1.56918, 1.13397, 1.98379, 2.0394, 1.91684, 3.10198, 2.80807, 1.80251, 2.84742, 2.81267, 3.21492, 2.98822, 2.62543, 3.41978, 3.35315, 3.12657, 3.04309, 3.02889, 3.03289, 3.24156
3.72, 0.0319374, -0.178877, 0.39863, -0.227908, -0.112164, 0.369519, -0.0322076, 1.02264, 1.48663, 0.846997, 0.0881699, 1.20713, 1.3288, 1.80024, 1.3407, 1.24152, 2.82325, 2.71456, 2.67544, 2.7298, 2.66303, 2.25214, 2.54711, 2.13998, 2.92861, 2.66687, 2.59592, 2.38568, 2.57154, 2.81735, 2.84163
3.74, 0.0319376, 0.403378, 0.978369, 0.626002, 0.330747, 0.2823, 1.15059, 0.09102, 0.784148, 0.819672, 0.515629, 1.54018, 1.47927, 1.63978, 1.5799, 1.89256, 2.89425, 2.46908, 2.36621, 2.9385, 3.70829, 4.1407, 3.47281, 2.79092, 2.99239, 2.89412, 3.239, 2.82032, 3.28856, 3.41205, 3.74607
3.76, 0.0319376, 0.830503, 0.471452, 0.511974, 1.02333, 0.612504, 1.11778, 0.761416, 2.12007, 1.97169, 2.1038, 2.07055, 1.59862, 2.14575, 2.63391, 2.20035, 3.2679, 2.8559, 2.10331, 2.98378, 4.01696, 4.19033, 3.59593, 3.14898, 3.10729, 3.67229, 3.51276, 3.80023, 4.65655, 4.33513, 4.23996
3.78, 0.0319376, 0.6486, 0.995207, 1.06557, 0.502611, 0.813716, 0.488203, 1.1474, 1.48588, 1.56946, 1.47835, 1.24552, 1.62783, 2.60735, 2.21793, 2.20616, 2.6468, 2.46381, 2.42606, 2.76487, 3.12844, 3.73467, 3.12112, 3.46799, 3.42785, 3.25371, 3.38489, 3.26661, 4.30345, 4.05112, 4.00981
3.8, 0.0319376, 0.0409986, 0.283625, -0.177429, 0.129197, 0.53311, 0.780163, 0.560839, 0.767962, 1.03464, 0.863097, 1.61735, 2.12571, 2.05186, 1.55454, 1.91856, 2.30309, 2.45251, 2.29132, 2.52175, 3.02071, 3.97647, 2.87299, 3.07006, 3.10143, 2.82081, 3.17472, 3.01601, 4.33781, 3.70094, 3.62922
3.82, 0.0319376, -0.0423101, 1.06939, 0.594712, 0.25195, -0.463601, 0.654833, 0.468769, 1.10004, 1.58328, 1.1219, 1.2846, 1.21886, 1.22499, 1.12291, 1.40188, 1.56681, 1.64751, 1.42968, 2.57016, 2.71148, 3.57827, 3.13066, 3.36827, 3.00326, 2.8275, 2.78163, 2.46913, 3.95251, 3.40668, 3.20146
3.84, 0.0319376, -0.572928, -0.056877, 0.427617, -0.305997, 0.231531, 0.17838, 0.0157225, -0.0920838, 0.250583, 0.729325, 1.04421, 1.43966, 1.83585, 1.91554, 1.94915, 2.16803, 2.0635, 2.02317, 2.71571, 2.82905, 2.97364, 2.66193, 3.1093, 2.79493, 2.06806, 2.7529, 2.79623, 3.89103, 3.43396, 2.9529
3.86, 0.0319376, -0.486486, 0.0442171, 0.127406, 0.273039, 0.10659, 0.0029159, 0.389693, 0.782689, 0.889584, 0.976759, 1.30475, 0.826091, 1.28797, 1.44481, 1.71668, 2.0144, 2.36391, 1.99816, 2.70593, 2.73485, 3.09276, 2.66723, 2.89982, 2.71598, 1.91572, 2.64357, 2.86803, 3.24923, 3.11546, 2.66078
3.88, 0.0319374, -0.667852, -0.38155, -0.513818, -0.558917, 0.110507, 0.171744, 0.449952, 0.609365, 0.691343, 0.805112, 0.714554, 1.00884, 0.759753, 1.1514, 1.07575, 1.8974, 2.04697, 1.42388, 2.26203, 2.04256, 2.81, 2.56855, 2.87992, 2.52786, 2.17744, 2.17181, 2.565, 3.37578, 3.12574, 2.66616
3.9, 0.0319374, -0.232163, 0.0379204, -0.238738, 0.115906, 0.174444, 0.175737, 0.402425, 0.227201, 0.737287, 0.482595, 0.877505, 0.764035, 1.00624, 1.09165, 1.00267, 1.64397, 1.6731, 1.16101, 2.00857, 2.28912, 2.49841, 2.10409, 2.07523, 1.81962, 1.45662, 1.79481, 1.97243, 3.09275, 2.86631, 2.60328
3.92, 0.0319374, -0.20518, 0.192851, 0.082772, -0.0147458, 0.334565, 0.0184462, -0.45476, 0.364702, 0.938317, 0.599158, 0.2212, 0.494169, 0.962733, 1.39961, 1.10706, 1.56632, 1.25613, 1.09912, 1.45969, 1.64261, 1.81412, 1.43884, 2.24422, 2.05428, 2.03603, 1.9036, 1.70183, 3.14753, 2.60225, 2.26779
3.94, 0.0319374, -0.825256, -0.0514686, -0.407107, -0.111951, -0.19971, -0.31415, 0.277202, 1.07246, 0.848982, 0.68682, 0.662228, 1.23708, 1.23828, 1.50635, 1.24284, 2.22866, 2.12772, 1.65763, 1.57136, 1.40245, 2.0136, 1.39166, 1.88982, 1.62496, 1.30259, 1.33304, 1.09979, 2.39979, 1.96252, 1.92641
3.96, 0.0319374, -0.0715328, 0.211207, 0.441424, 0.0520612, -0.210647, -0.113905, 0.161208, 0.504879, 0.980106, 0.860543, 0.414188, 1.17137, 0.726498, 1.03024, 1.50857, 1.77866, 1.70341, 1.60729, 0.800561, 1.14157, 1.80707, 1.3662, 1.31516, 1.72506, 1.55814, 1.24394, 0.682728, 1.76892, 1.71054, 1.57717
3.98, 0.0319376, -0.307381, -0.670002, -0.755193, -0.242171, -0.278077, -0.550738, -0.369438, 0.67351, 0.413796, 0.541214, 0.904225, 1.05059, 0.964689, 0.692289, 0.424322, 1.21549, 1.20294, 1.16019, 0.321772, 1.12773, 1.75039, 1.15082, 0.958387, 1.30419, 1.28795, 1.49907, 1.29985, 1.78393, 1.88776, 1.58426
4, 0.0319376, -0.668274, 0.427967, 0.085039, -0.236484, -0.503726, -0.235792, 0.280347, 0.445246, 0.52115, 0.723614, 0.611279, 0.924616, 0.643576, 0.776342, 1.02635, 0.901879, 0.927037, 1.06392, 1.4954, 0.880076, 1.11587, 1.24054, 1.41795, 1.13951, 1.06414, 0.958902, 1.42141, 2.01228, 2.25582, 1.65486
4.02, 0.0319376, -0.54689, -0.349111, 0.19195, -0.964948, -0.18709, -0.257439, -0.372705, 0.169202, 0.361283, 0.146339, -0.141249, 0.597868, 0.717983, 0.656159, 0.323685, 1.26211, 1.67265, 0.745419, 1.0669, 1.22607, 0.980449, 0.725629, 0.833289, 0.736203, 0.910016, 0.592579, 0.837275, 1.3111, 2.20678, 1.4208
4.04, 0.0319376, -0.127844, -0.486543, -0.413754, -1.16661, 0.340004, -0.267972, -0.0418414, 0.596995, 0.296855, -0.15242, 0.216413, 1.01029, 0.351993, 0.406651, 0.754408, 1.42516, 1.9832, 0.601546, 0.808644, 0.527972, 0.715511, 0.844326, 0.643831, 0.385622, 0.494348, 0.343704, 0.661633, 0.948822, 1.83808, 0.966425
4.06, 0.0319376, -0.3491, -0.34396, -0.873152, -1.27288, -0.699874, -0.66051, -0.134751, 0.00333123, -0.183524, 0.229296, 0.423634, 0.445181, 0.515868, 0.836552, 0.899145, 1.08896, 0.493751, 0.308599, 0.430568, 0.352261, 0.819199, 0.963595, 0.653539, 0.513434, 0.454745, 0.593938, 0.494261, 0.828089, 1.56069, 0.644914
4.08, 0.0319376, -1.50531, -0.570704, -0.554085, -1.01204, -1.05846, -0.808209, 0.0253449, -0.0924975, -0.784162, -0.375413, 0.1225, -0.0268429, 0.500939, 0.848355, 0.548126, 1.15775, 1.11677, 0.0529951, 0.122048, 0.528267, 0.330303, 0.394488, 0.683419, 0.708621, 0.363947, 0.4315, 0.551778, 0.65263, 0.896815, 0.27427
4.1, 0.0319376, -1.36535, -1.48502, -0.995978, -1.2451, -0.66529, -0.695622, -0.962027, -0.359516, 0.269134, 0.213427, -0.0721636, -0.153358, -0.105463, -0.0415697, 0.102157, 0.715797, 0.702255, -0.182888, 0.181171, 0.393982, 0.49936, 0.0178914, 0.709267, 0.891976, 0.478394, 0.521819, 0.579354, 1.02432, 0.875482, 0.43268
4.12, 0.0319376, -1.22787, -1.00737, -1.17773, -0.41883, -0.0726996, -0.392292, -1.03349, -0.373491, -0.614851, 0.155577, 0.669366, 0.63506, 0.946867, 1.14514, 1.26767, 1.93669, 1.49945, 1.69985, 1.59418, 1.31818, 1.37067, 0.978092, 0.585885, 0.8537, 0.977382, 0.952434, 1.62418, 2.21415, 1.71016, 1.79742
4.14, 0.0319376, -0.491283, -1.28044, -1.2025, -0.779398, -0.465075, -0.479609, -0.506731, 0.374254, 0.172901, 0.143361, -0.0323757, 0.322358, 0.402798, 0.347269, 0.845384, 1.45847, 0.839952, 0.973642, 0.987687, 0.789774, 0.602705, 0.574547, 0.656835, 0.858212, 0.765215, 0.5846, 1.27861, 2.51593, 1.16969, 1.08728
4.16, 0.0319376, -0.73249, -0.317706, 0.168729, -0.849106, -1.12918, -0.737104, 0.125775, -0.630113, 0.29293, 0.398215, 0.703169, 0.310466, 0.471764, 0.409742, 1.53859, 2.56821, 1.79408, 0.814203, 0.670344, 0.614659, 0.6559, 0.954121, 1.11314, 1.30604, 1.43232, 2.04123, 1.39455, 1.8248, 1.57934, 1.27661
4.18, 0.0319376, -1.3256, -0.640709, -0.143924, -0.755711, -0.938748, -0.4293, -0.337577, 0.0845716, -0.104301, 0.111137, -0.228494, 0.451763, 0.631082, 0.801098, 1.19294, 2.0869, 1.30455, 0.804353, 0.979073, 1.04794, 1.18969, 1.18389, 1.14224, 1.53505, 1.51352, 2.99568, 1.70279, 1.70936, 1.25705, 1.5881
4.2, 0.0319376, -1.0763, -0.917687, -0.676187, -0.859548, -0.932538, -0.873422, -0.620393, -0.618257, 0.564445, 0.509902, 0.288656, -0.10373, 0.53632, 0.302444, 0.104821, 1.69651, 1.09868, 0.68284, 0.769802, 0.699219, 0.750351, 1.14723, 1.00989, 1.34449, 1.21736, 2.97588, 1.57706, 2.31164, 0.74392, 0.905038
4.22, 0.0319376, -1.40512, -0.545144, -1.01455, -1.60676, -1.48728, -1.07856, -1.22748, 0.0603415, 0.223168, -0.0738659, -0.417621, -0.150858, 0.254648, 0.467638, 0.636869, 1.78565, 1.28566, 0.761115, 0.623381, 0.764565, 0.77862, 0.767633, 0.9894, 1.15154, 1.3286, 2.81366, 1.7035, 1.94539, 1.16868, 1.19095
4.24, 0.0319376, -0.332952, -0.195869, -0.810952, -1.80072, -1.51646, -1.00517, -0.419052, -0.069162, 0.160539, 0.268553, 0.558192, 0.885476, 0.397575, 0.318697, 0.797862, 1.37496, 0.885979, 0.807479, 0.77723, 0.922845, 0.94701, 1.04998, 1.40369, 1.35185, 1.51653, 1.74212, 1.49431, 2.85997, 1.51364, 1.40518
4.26, 0.0319371, -1.32786, -0.968765, -1.92858, -1.09325, -0.975242, -0.766304, -0.779426, -0.300821, -0.699471, -0.174342, -0.286689, 0.0950129, 0.290749, 0.503044, 0.422667, 1.44671, 1.12264, 0.941196, 0.852811, 0.360883, 1.0523, 0.95328, 1.11016, 1.21219, 1.06511, 1.73837, 1.7843, 3.30178, 1.36322, 1.39874
4.28, 0.0319371, -2.03774, -1.13369, -0.892568, -1.04096, -1.06309, -0.913899, -0.544192, -0.571311, -0.058981, -0.0533783, -0.292477, -0.414916, 0.568279, 0.130987, 0.753224, 0.942232, 0.672682, 0.531905, 0.256703, 0.556927, 0.778997, 0.664204, 0.798475, 0.69638, 1.32771, 2.16978, 1.6862, 2.89986, 1.33139, 1.27463
4.3, 0.0319371, -1.31658, -0.682451, -0.771041, -0.958998, -1.13806, -0.925033, -0.857945, -0.866615, -0.516904, -0.0311238, -0.344293, -0.449209, 0.177464, 0.398626, 0.447207, 0.676109, 0.430448, 0.893291, 0.520679, -0.0430056, 0.497396, 0.791084, 0.704701, 1.1473, 1.04305, 2.24436, 1.6569, 2.93723, 0.847795, 0.959192
4.32, 0.0319371, -1.15204, -1.50452, -0.845899, -1.0751, -1.12325, -0.947891, -1.63942, -1.11037, -0.425831, -0.54112, -0.118132, -0.565527, 0.0524305, 0.249362, 0.823433, 0.944387, 0.758953, 0.339854, 0.344095, 0.492804, 0.49736, -0.231974, -0.236459, 0.249722, 0.429895, 2.00487, 1.62656, 2.59147, 1.18105, 0.951093
4.34, 0.0319371, -2.15631, -1.41075, -1.70438, -1.54711, -1.35448, -1.29255, -0.846547, -0.703433, -0.716325, -0.929062, -0.479779, -0.950503, -0.433727, -0.703999, -0.085237, 0.895254, 0.442815, 0.303364, 0.236798, 0.082598, 0.298272, 0.341591, 0.00108517, 0.165836, 0.590132, 2.23592, 1.36781, 2.16573, 0.390342, 0.368741
4.36, 0.0319376, -2.58578, -1.51191, -1.35208, -1.72302, -1.50959, -1.88646, -1.62017, -1.05795, -0.610343, -0.868034, -1.59023, -0.500799, -0.281656, -0.670506, -0.564004, 0.243954, -0.141339, -0.624521, -0.640092, -0.482672, 0.0703193, 0.109249, 0.200465, 0.482778, -0.0800347, 1.73599, 0.821343, 1.73383, 0.286103, 0.274538
4.38, 0.0319376, -2.09966, -1.00444, -1.37665, -2.25433, -1.75801, -2.13866, -2.11429, -1.1356, -1.04406, -1.33889, -1.2281, -0.744543, -0.899602, -1.29662, -0.90232, 0.00226325, -0.110926, -0.459388, -0.449612, -0.464556, -0.521577, -0.686449, -0.00318366, -0.324079, 0.138817, 1.73532, 0.728222, 1.68708, 0.029057, -0.238433
4.4, 0.0319376, -1.89521, -2.0395, -1.62518, -1.20881, -1.84609, -2.08037, -2.16972, -1.81049, -1.78166, -1.88182, -1.67462, -1.19723, -0.771, -1.63625, -1.21766, -0.525957, -0.672454, -0.721564, -1.08457, -1.09426, -0.855524, -0.731289, -0.578212, -0.770453, -0.391452, 1.28444, 0.380599, 1.6237, -0.192401, -0.322691
4.42, 0.0319376, -2.54117, -2.22979, -1.43184, -1.38283, -2.25225, -2.44821, -2.49003, -1.98816, -2.01449, -1.95896, -1.77995, -1.76285, -1.13216, -1.20828, -1.32853, -0.546476, -1.03666, -1.28083, -1.13676, -1.34351, -1.45627, -0.831973, -0.687709, -0.704961, -0.596497, 0.0361279, -0.229701, 1.31787, -0.685853, -0.722974
4.44, 0.0319376, -2.50176, -2.0595, -2.51948, -2.32542, -2.60679, -2.4341, -1.4246, -1.46129, -1.37991, -1.71235, -1.69443, -1.30528, -1.57815, -1.19054, -1.51138, -0.940552, -0.99223, -0.930548, -1.24721, -1.16919, -1.01078, -0.887687, -0.998491, -0.570472, -0.589943, 0.184266, -0.192461, 0.83197, -0.396644, -0.796038
4.46, 0.0319376, -2.01359, -1.50769, -2.05483, -2.42577, -1.8412, -2.66286, -2.31752, -2.32694, -2.06679, -1.67664, -2.45698, -1.55004, -1.4646, -1.47202, -1.45807, -1.00692, -1.3661, -2.17715, -1.71497, -1.6898, -1.58941, -1.24561, -1.42799, -0.452497, -0.840041, 0.122111, -0.313666, 0.802361, -1.04475, -1.21096
4.48, 0.0319376, -2.45161, -1.31346, -1.66467, -2.25195, -2.1798, -1.79705, -2.25559, -1.72825, -1.16671, -1.88817, -2.23294, -1.89199, -2.43155, -2.0147, -1.84018, -1.47522, -1.75561, -1.60388, -1.71702, -1.72139, -1.3849, -1.7243, -1.81424, -0.911035, -1.76204, -0.209771, -0.787949, -0.0715238, -1.43496, -1.15032
4.5, 0.0319376, -2.81628, -1.88946, -1.57909, -2.71106, -2.29589, -2.20876, -2.41054, -2.1288, -1.97858, -2.50546, -2.30649, -2.09782, -2.08009, -2.03069, -2.07825, -1.62098, -2.27547, -2.27889, -2.30221, -2.06783, -1.72777, -1.83294, -1.79614, -1.06014, -1.87388, -0.754354, -1.22959, -0.198337, -1.45579, -1.43533
4.52, 0.0319376, -1.62245, -2.19444, -2.6899, -2.26717, -1.57659, -2.09869, -2.63827, -2.81638, -3.42145, -2.81839, -2.25633, -2.13593, -2.5147, -2.28382, -2.65532, -2.11011, -1.74809, -1.68906, -1.82604, -2.41839, -2.41722, -2.22269, -1.947, -1.47995, -2.14148, -0.836384, -1.43106, -0.744999, -1.49207, -1.98599
4.54, 0.0319376, -3.31943, -2.50872, -2.4995, -3.10192, -2.15577, -2.41858, -2.50536, -2.64328, -2.15555, -2.54161, -2.01729, -2.36321, -2.00181, -2.45141, -2.76089, -2.5613, -1.82184, -2.62922, -3.19356, -2.92758, -2.09032, -2.0459, -2.0598, -2.11619, -1.91622, -1.07363, -1.36612, -0.170767, -1.66831, -1.86604
4.56, 0.0319376, -4.46322, -5.57485, -5.63054, -4.87576, -4.54909, -5.03298, -4.74921, -4.8035, -4.15927, -4.11458, -4.26268, -4.59365, -4.27281, -4.11386, -4.29893, -3.67164, -3.89441, -4.33254, -4.00864, -4.63274, -4.08058, -3.77809, -4.08506, -3.95045, -3.94709, -3.65265, -3.126, -2.95547, -3.03806, -3.17256
4.58, 0.0319376, -6.15489, -6.08689, -6.23644, -5.55137, -5.09225, -5.05691, -5.66827, -5.11964, -4.65945, -4.83441, -5.16045, -4.14472, -4.39094, -4.68863, -5.04191, -4.73027, -4.22175, -4.39219, -3.93402, -3.91543, -3.95138, -4.12332, -4.63784, -4.14489, -3.99389, -3.95351, -4.00754, -3.54236, -3.52739, -3.68101
4.6, 0.0319376, 0.121142, 0.376454, 0.0835321, 0.225112, 0.435035, -0.135241, -0.095281, 0.549217, 0.274682, 0.690109, -0.08876, -0.186279, -0.251098, -0.296929, -0.34789, 0.271091, 0.847039, 1.19664, 0.835433, 0.378143, 0.977653, 0.714013, 1.03236, 1.27035, 0.827549, 1.47638, 1.52301, 1.79566, 1.47275, 1.41569
4.62, 0.0319376, 3.28562, 4.16614, 4.39304, 4.1508, 3.79513, 3.94363, 3.59159, 3.47668, 3.25203, 3.33369, 2.47708, 2.47516, 3.5211, 3.67091, 3.25187, 3.56401, 3.76444, 3.70479, 3.09327, 4.14693, 4.20193, 3.97904, 3.82984, 3.95893, 4.48728, 4.37683, 3.84764, 4.38261, 4.1396, 4.14732
4.64, 0.0319376, 3.63677, 4.1509, 3.43349, 3.74779, 3.5614, 2.97718, 3.3903, 2.99579, 3.88765, 3.95743, 2.85442, 3.56314, 3.33806, 3.50039, 3.71424, 3.42527, 4.00687, 3.46881, 3.9814, 3.62566, 3.97288, 3.81872, 3.85269, 4.03277, 4.14298, 4.66345, 4.31908, 4.57192, 4.6307, 4.67635
4.66, 0.0319376, 1.91642, 3.4741, 3.97021, 3.20384, 2.95719, 3.22703, 4.15321, 3.80775, 3.85895, 3.65388, 2.99223, 2.94751, 2.7441, 3.07579, 3.29943, 3.3337, 3.61356, 3.57289, 4.0608, 4.10031, 4.1128, 4.15614, 4.16798, 3.92454, 4.76608, 4.6252, 3.7089, 4.30361, 4.65713, 4.45447
4.68, 0.0319376, 2.11807, 2.65295, 3.94684, 3.72926, 3.70753, 3.99311, 3.69306, 3.90459, 3.2853, 3.41009, 3.104, 2.79663, 3.58671, 3.31993, 3.64877, 3.79371, 4.00093, 3.86444, 3.4323, 3.38951, 3.96086, 4.31623, 4.37975, 4.39622, 4.65253, 4.95245, 4.27892, 4.45378, 4.58928, 4.19034
4.7, 0.0319376, 2.40131, 3.89669, 3.73941, 2.95787, 3.69516, 3.87302, 2.8011, 3.13385, 3.21871, 2.68341, 2.85388, 3.6201, 3.60497, 3.98403, 3.73624, 3.1476, 4.16285, 3.82715, 3.71846, 3.38869, 3.88762, 4.0205, 3.84346, 4.07843, 4.78683, 4.62639, 4.16855, 4.353, 4.5047, 4.50012
4.72, 0.0319376, 2.55555, 2.95565, 3.32858, 3.69711, 4.09373, 3.67736, 3.19455, 3.23149, 3.52878, 3.35411, 3.00744, 3.54037, 2.89967, 4.00794, 3.96336, 3.39, 3.75755, 3.85841, 3.70327, 4.01944, 3.7817, 4.03784, 3.99777, 4.17383, 4.86239, 4.6933, 4.63258, 4.55598, 4.72841, 4.71482
4.74, 0.0319376, 3.02725, 3.00686, 2.98175, 3.46769, 4.03737, 3.73623, 3.27684, 2.72211, 2.60519, 2.96244, 2.97369, 3.60055, 3.85675, 3.76981, 3.83681, 3.77808, 3.56943, 3.74978, 4.11403, 4.27247, 4.3141, 4.03073, 4.32925, 3.92583, 4.21218, 4.40148, 3.60814, 4.41649, 4.38897, 4.92228
4.76, 0.0319371, 2.56652, 2.45269, 2.63258, 2.65683, 3.3256, 3.25012, 3.51689, 3.25718, 3.18684, 2.91064, 3.1507, 3.13804, 3.61407, 3.35215, 3.57576, 4.05481, 3.94119, 3.2711, 4.14303, 4.57743, 4.24823, 4.42725, 4.20198, 4.12641, 4.72467, 4.42652, 3.96323, 3.71816, 4.35325, 4.89245
4.78, 0.0319371, 1.97664, 3.04696, 3.59985, 3.35282, 3.50739, 3.5647, 3.30548, 2.80258, 3.40993, 3.37972, 2.91694, 3.61647, 3.79994, 2.94183, 3.35886, 3.66472, 4.49131, 4.0711, 4.00158, 3.98326, 3.97826, 3.98875, 3.85414, 3.67392, 4.51366, 4.71796, 4.70725, 4.26705, 4.10319, 4.80955
4.8, 0.0319371, 2.23045, 2.73408, 3.03483, 2.91066, 3.85317, 2.64581, 2.62227, 3.04309, 3.50497, 3.01624, 3.57725, 3.36806, 3.73014, 3.3254, 3.61056, 3.389, 3.83158, 3.81553, 3.75465, 4.03415, 4.05333, 4.05144, 4.01726, 4.47098, 4.64742, 4.38114, 4.67274, 4.70437, 4.42292, 4.556
4.82, 0.0319371, 2.25889, 2.64204, 2.53104, 2.56755, 2.98817, 2.89864, 2.95086, 2.65886, 2.99348, 3.03499, 2.88441, 3.20496, 3.4468, 3.38777, 3.42824, 3.75458, 4.42138, 3.26594, 4.1957, 3.55265, 3.83026, 4.32668, 4.36984, 4.56324, 5.02588, 4.27259, 4.50512, 4.70154, 4.75256, 4.87918
4.84, 0.0319371, 2.00465, 2.22373, 2.85871, 2.18737, 2.23955, 3.09873, 3.26402, 2.92014, 2.31347, 2.15896, 3.17766, 3.2866, 3.16227, 3.37775, 3.88924, 3.92556, 4.33533, 3.17933, 4.02344, 3.624, 3.78736, 4.25986, 4.22065, 4.09778, 4.87234, 4.58051, 4.26392, 4.67764, 4.59502, 4.94177
4.86, 0.0319376, 2.8842, 2.89806, 2.25474, 2.87404, 3.22253, 3.18673, 2.5646, 2.8272, 3.41912, 3.43753, 3.52081, 3.48376, 3.26192, 3.21416, 3.6938, 4.01897, 4.05374, 3.74592, 3.88425, 4.03938, 4.34799, 3.81618, 4.29986, 4.12771, 4.87978, 4.17481, 4.21035, 4.55571, 4.18449, 5.44013
4.88, 0.0319376, 1.80857, 1.6176, 1.72621, 1.95565, 2.46909, 2.36355, 3.28262, 2.77298, 2.578, 3.05988, 2.93014, 3.33193, 3.85022, 3.68495, 3.58955, 4.79498, 4.63379, 3.7309, 3.96734, 3.78905, 3.77802, 3.40867, 3.6889, 3.75332, 4.43316, 4.54707, 4.63406, 4.2479, 4.40276, 4.8835
4.9, 0.0319376, 1.85866, 2.25464, 2.66747, 2.48779, 2.39849, 2.67684, 2.44237, 2.62219, 3.25022, 3.12616, 3.09869, 3.17275, 3.49963, 3.8033, 3.29759, 4.34126, 4.01587, 4.38313, 3.96114, 4.16983, 3.7039, 4.16555, 4.03935, 4.01123, 4.59854, 4.66633, 4.4358, 4.40362, 4.62575, 4.97459
4.92, 0.0319376, 0.748068, 1.16125, 1.10563, 1.91827, 2.72884, 2.93033, 2.72261, 2.65818, 3.03671, 2.58748, 3.10931, 3.09556, 3.17743, 3.41328, 3.84091, 4.40251, 4.17174, 3.63641, 3.66145, 3.81939, 3.47698, 4.33952, 3.86911, 4.3085, 4.28534, 4.15139, 4.21802, 4.53852, 4.71547, 4.84405
4.94, 0.0319376, 1.43044, 1.12817, 2.42845, 2.46475, 2.73546, 2.0037, 2.10085, 2.67719, 2.99031, 2.39445, 2.64085, 3.27412, 3.48499, 3.56451, 3.27398, 3.92431, 4.17258, 4.04533, 3.57747, 3.86699, 3.82392, 4.03962, 3.62996, 4.21525, 4.06744, 4.37581, 4.746, 4.67873, 4.72056, 4.66111
4.96, 0.0319376, 1.22655, 1.80224, 1.96834, 2.89801, 3.54871, 3.10656, 2.44447, 3.10669, 2.76439, 2.84079, 2.91102, 3.67065, 4.07169, 3.90969, 3.32624, 3.64926, 4.16856, 3.74947, 4.16783, 3.99057, 3.6631, 3.27089, 4.14795, 4.53046, 4.0888, 4.14857, 4.21303, 4.65011, 4.57327, 4.8396
