# Time (seconds), Duration (seconds), f0, f1, f2, f3, f4, f5, f6, f7, f8, f9, f10, f11, f12, f13, f14, f15, f16, f17, f18, f19, f20, f21, f22, f23, f24, f25, f26, f27, f28, f29
0, 0.0319375, -1.12025, -1.44439, -1.54164, -1.22672, -0.745153, -0.199279, -0.0610873, -0.294762, 0.11575, -0.194185, 0.100581, 0.00604112, 0.03043, 0.161603, -0.391364, -0.070373, -0.248111, -0.336242, 0.350736, 0.490031, 0.453979, 0.153973, 0.18205, 0.450806, 0.260418, 0.197133, 0.586501, 0.74213, 0.864071, 1.18086
0.02, 0.0319375, -1.79753, -1.62448, -0.950755, -0.982623, -0.437635, -0.318193, -0.0322752, 0.40134, -0.272163, -0.410585, -0.0155704, 0.310573, 0.23054, -0.28692, -0.0171671, -0.214327, -0.00104715, 0.0936966, 0.452951, 0.0338956, 0.326122, 0.405698, 0.829439, 0.95599, 1.0018, 0.998927, 0.93902, 1.07607, 0.646564, 0.885921
0.04, 0.0319375, -2.2848, -2.01708, -1.59177, -1.00675, -0.507509, -0.258261, -0.0121924, 0.0289115, 0.317129, -0.0110944, -0.280399, 0.181413, -0.259895, -0.49693, -0.596907, -0.0489267, 0.29413, -0.172273, 0.0529222, 0.00377692, 0.584978, 0.141483, 0.390359, 0.245834, 0.61225, 0.606011, 0.648497, 0.675016, 0.847469, 1.02531
0.06, 0.0319375, -2.78303, -1.6793, -1.26009, -0.879016, -1.39814, -0.479003, -0.465714, 0.0699501, 0.229171, -0.623222, -0.27913, -0.345191, 0.0240762, 0.244758, -0.28288, 0.0901988, -0.339622, 0.15868, -0.0554822, -0.304336, -0.0640197, -0.0381876, 0.274227, 0.816509, 1.2185, 0.922001, 0.745584, 0.819764, 0.908924, 1.23039
0.08, 0.0319375, -1.87888, -1.0871, -1.14132, -0.708025, -0.483757, -0.389916, -0.597247, -0.918203, -0.306076, -0.648702, -0.720802, 0.0523996, 0.0725044, 0.184156, -0.857829, -0.596979, -0.172255, -0.420131, -0.299857, 0.136676, 0.012997, 0.00633186, 0.087613, 0.0279592, 0.342762, 0.0352959, 0.448907, 0.39486, 0.381163, 0.381293
0.1, 0.0319375, -2.77252, -1.72902, -0.876659, -1.79578, -0.761602, -0.162768, -0.171575, -0.320751, -0.684056, -0.215166, -0.192555, 0.223961, -0.685862, -0.769538, -0.462623, -0.439152, -0.356838, -0.415845, -0.40175, -0.0938633, 0.149393, 0.288704, 0.348049, 0.322975, 0.39713, 0.554509, 0.490952, 0.270767, 0.502054, 1.13725
0.12, 0.0319375, -1.61987, -1.43728, -1.55328, -1.39215, -0.53422, -0.423839, -0.120869, -0.375175, -0.204807, -0.172737, -0.278188, -0.274936, -0.371976, -0.204166, -0.141204, -0.0789424, 0.0399743, 0.0579621, 0.0534624, 0.010667, -0.236871, 0.257468, 0.335963, 0.399504, 0.378654, 0.248402, 0.286423, 0.803437, 0.581551, 0.440852
0.14, 0.0319375, -1.94122, -1.34879, -1.30749, -0.935033, -0.40481, -0.588603, -0.323539, 0.0240015, 0.0208081, -0.071102, -0.49277, 0.00404754, -0.192199, -0.605931, -0.601945, -0.0940532, 0.1221, -0.180555, -0.0727625, -0.16023, -0.0846505, 0.252184, 0.0252636, -0.102845, 0.299975, 0.440716, 0.120069, 0.54872, 0.666624, 0.534639
0.16, 0.0319375, -1.54615, -0.26894, -0.174244, 0.655217, 0.517286, 0.578212, 0.74543, 0.863193, 0.515106, 0.878136, 0.615733, -0.0925195, 0.218117, 0.535904, 0.614972, 0.762935, 0.578772, 0.70647, 0.810801, 1.23986, 1.66199, 1.65973, 1.54822, 1.18259, 1.38955, 1.54511, 1.72938, 1.96803, 1.47364, 1.6605
0.18, 0.0319375, -2.03289, -1.51007, -1.63675, -1.39663, -1.44218, -1.12692, -0.808186, -0.954872, -0.84021, -0.652754, -0.461944, -0.876118, -0.754329, -0.537022, -0.830043, -0.540968, -0.174358, -0.590463, -0.761048, -0.208624, -0.193369, -0.0716928, -0.192349, -0.0710126, -0.214511, 0.00224767, -0.0935358, -0.0500572, -0.134054, 0.277571
0.2, 0.0319375, -2.03715, -1.90475, -1.52665, -2.01601, -1.57038, -1.55079, -1.71273, -1.53026, -1.26644, -1.3353, -1.30602, -1.16609, -1.40518, -1.49415, -1.23149, -1.23343, -0.987895, -1.40473, -0.877877, -0.982575, -1.05405, -1.04123, -0.980744, -0.706364, -0.0508868, -0.0839174, -0.416031, -0.331542, -0.27956, 0.208658
0.22, 0.0319375, -3.01081, -2.29102, -2.66775, -2.82357, -2.6332, -2.00499, -2.14255, -1.50505, -1.1228, -1.51619, -1.54794, -1.49997, -1.59115, -2.13356, -1.6201, -1.36673, -1.352, -1.3135, -1.3757, -1.34464, -1.31578, -1.19822, -1.45481, -1.34209, -1.26249, -1.09432, -0.959795, -0.729525, -0.96733, -0.780628
0.24, 0.0319375, -3.48476, -2.20316, -2.68385, -2.09818, -1.6561, -2.09158, -1.74211, -1.90065, -1.38558, -1.71222, -2.15147, -1.75135, -1.60783, -1.61499, -1.29737, -1.56864, -1.83051, -1.88016, -1.54058, -1.38287, -1.27873, -1.69319, -1.14006, -1.32149, -1.38003, -1.05818, -1.0997, -1.09019, -1.30625, -1.18833
0.26, 0.0319375, -4.06339, -3.06405, -2.00541, -2.09095, -2.42237, -2.0254, -2.03017, -1.68203, -1.7757, -1.55937, -1.61124, -1.49386, -2.38944, -1.70523, -1.83213, -1.61625, -1.447, -1.46066, -1.67158, -1.77651, -1.62181, -1.56283, -1.48025, -1.72264, -1.64774, -1.58042, -1.28583, -1.27464, -1.37588, -1.24899
0.28, 0.0319375, -3.5476, -2.96684, -2.32129, -2.35081, -2.35747, -2.13739, -2.52609, -1.54701, -1.54506, -2.42125, -2.20389, -1.78556, -1.69694, -1.53284, -2.08297, -2.00463, -2.15838, -2.05875, -1.66265, -1.39218, -1.52452, -1.47175, -1.61458, -1.62852, -1.37526, -1.02321, -1.50445, -0.977204, -1.08376, -1.09259
0.3, 0.0319375, -2.03757, -1.95554, -1.75658, -1.26528, -1.08675, -1.07465, -1.09998, -0.995, -0.821672, -0.544777, -0.607855, -0.357458, -0.0164654, 0.239713, 0.165718, 0.550063, 0.51795, 0.109219, 0.0194317, -0.0995398, -0.214763, -0.666114, -1.30022, -0.979057, -0.57504, -0.398363, -0.171662, -0.462158, -0.702033, -0.480362
0.32, 0.0319375, -2.00934, -1.63188, -1.34387, -1.2562, -0.972979, -1.01709, -0.832348, -0.380587, -0.540885, -0.748885, -0.60279, -1.03419, -1.0055, -1.06005, -0.827867, -0.446799, -0.601393, -0.976745, -0.774296, -1.0645, -0.481902, -0.375459, -0.703098, -0.736928, -0.447943, -0.492501, -0.613147, -0.609626, -0.291955, -0.173934
0.34, 0.0319375, -1.08225, -0.55646, -0.843148, -2.11351, -1.13615, -0.309945, -0.150725, 0.147735, 0.456439, 0.586065, 0.226604, -0.0580492, -0.296573, -0.714379, -0.336167, -0.637071, -0.402066, -1.23235, -0.666572, -0.546038, -0.354939, -0.521951, -0.822562, -0.460388, -0.416204, -0.38552, -0.295279, -0.534697, -0.668725, -0.582463
0.36, 0.0319375, -1.42151, -0.768824, -0.542664, -0.56128, -0.418817, -0.783345, -0.836182, -0.954788, -1.17199, -1.43982, -0.922489, -1.27222, -1.47561, -1.49424, -1.19001, -1.33077, -1.44747, -1.51456, -1.31713, -1.01713, -1.01101, -1.01585, -0.911684, -1.03346, -1.19197, -0.818364, -0.73496, -0.46854, -0.710201, -0.335694
0.38, 0.0319375, -1.22212, -0.890208, -1.10199, -1.26222, -0.710299, 0.0847979, 0.104095, 0.115431, -0.238626, 0.00766148, 0.673446, 0.477035, 0.611146, 0.255602, 0.661689, 0.61443, 0.312234, 0.485053, 1.04696, 1.50293, 1.4653, 1.07058, 1.24951, 1.65588, 1.56321, 1.44555, 1.42177, 1.64642, 1.52098, 1.42027
0.4, 0.0319375, -1.73915, -1.55437, -0.872762, -0.379702, -0.264314, 0.133356, 0.0192433, -0.557424, -0.570271, -0.427179, 0.00320718, 0.155824, 0.336513, 0.454815, 0.314047, 0.588684, 0.802312, 0.62115, 0.560245, 0.950891, 1.16755, 0.572117, 2.00064, 1.80063, 1.67307, 1.18907, 1.36062, 1.63971, 1.80807, 1.84813
0.42, 0.0319375, -2.53836, -2.15678, -2.08549, -1.49847, -1.67871, -2.01892, -1.38894, -0.924163, -1.41749, -1.20131, -1.62683, -0.867564, -0.890491, -1.03266, -0.901429, -1.07217, -1.06475, -0.706191, -0.609241, -0.339225, -0.600987, -0.0468448, -0.346048, -0.162684, -0.245503, -0.323993, -0.134311, -0.0868187, 0.183708, 0.323007
0.44, 0.0319375, -2.40362, -1.65578, -1.147, -1.11136, -1.08002, -0.340014, -0.81594, -0.999108, -0.325227, -0.710706, -0.471964, 0.166601, 0.771958, 0.301681, -0.68659, -0.708126, -0.603196, -0.70412, -0.00434196, -0.068313, -0.208059, -0.507378, -0.127826, 0.13628, 0.290818, 0.242067, 0.044858, -0.0967385, 0.452852, 0.539774
0.46, 0.0319375, -1.18188, -0.994244, -1.24653, -0.769379, -0.670662, -0.216404, 0.123699, 0.167985, 0.692457, 0.401744, -0.116512, 0.413873, 0.189709, -0.138993, -0.127522, -0.15711, -0.5305, -0.652369, -0.226704, -0.190479, 0.393849, 0.241807, 0.43998, 0.642673, 0.758169, 0.666522, 0.299816, 0.412422, 0.46912, 0.704613
0.48, 0.0319375, -2.2444, -1.5997, -0.549081, -0.676387, -0.733745, 0.197799, 0.780862, 0.936162, 0.907392, 0.409557, 0.271954, -0.177984, -0.0506978, 0.228087, -0.0799227, 0.371593, 0.87019, 0.647656, 0.109701, 0.15063, 0.661126, 0.44051, 0.60392, 0.679979, 0.904618, 0.967915, 1.54149, 1.28282, 1.18475, 0.890557
0.5, 0.0319375, -1.10754, -1.30524, -0.990325, -0.600204, 0.00713408, 0.387725, -0.0496305, -0.0728282, 0.486249, 0.475519, -0.522457, -0.058993, 0.195729, 0.045844, -0.0113449, 0.454557, 0.576901, 0.582572, 1.06104, 1.02187, 1.04991, 0.887177, 1.30225, 1.62229, 1.6587, 1.30501, 0.902096, 0.851513, 1.28016, 1.1285
0.52, 0.0319375, -2.36527, -1.87573, -0.938172, -0.924753, -0.75663, -0.432321, -0.274366, -0.199768, -0.832878, -0.531368, -1.17334, -1.08559, 0.131157, 0.0823096, -0.558708, -0.601172, -0.0927562, 0.212205, 0.411812, 0.762782, 0.538687, 0.389957, 0.41475, 0.357652, 0.426137, 0.691352, 0.36567, 0.229932, 0.33054, 0.336669
0.54, 0.0319375, -2.11644, -1.39752, -1.56562, -1.19732, -1.38032, -0.905282, -0.29583, -0.381111, -0.105011, -0.505093, -0.157108, -0.237232, -0.112002, 0.183742, -0.169305, -0.562535, -0.0213318, 0.386148, 0.309688, 0.231318, 0.407429, 0.543828, 0.586515, 0.746991, 0.741518, 0.334744, 0.0734389, 0.630026, 0.915046, 0.946962
0.56, 0.0319375, -0.876766, -0.946161, -0.357691, -0.52036, -0.24721, 0.477671, 0.138498, 0.171163, 0.696123, 0.810611, 0.384466, 0.38203, 0.970766, 1.0567, 0.961975, 0.797306, 1.33444, 1.15206, 1.39009, 1.91428, 1.79083, 1.76302, 1.58422, 1.99358, 1.4235, 1.26075, 1.09215, 1.64065, 1.60513, 1.3652
0.58, 0.0319375, -0.952024, -1.83078, -1.73761, -0.523159, 0.0258632, 0.604996, 0.580866, 0.81214, 0.84502, 0.514564, 0.482462, 0.734409, 1.06765, 0.883101, 0.431811, 0.576524, 0.859659, 1.07994, 1.08606, 0.99293, 1.32281, 1.55358, 1.97237, 1.62797, 1.44373, 1.19169, 1.11581, 1.2648, 1.5274, 1.75349
0.6, 0.0319375, -1.15831, -1.1871, -0.610062, -1.09341, -0.504478, 0.0492155, -0.328882, -0.115199, -0.400637, -0.553425, -0.615657, -0.370906, 0.181021, 0.407414, 0.520739, -0.0897064, 0.292668, 0.699272, 0.579004, 1.04082, 1.14402, 1.45727, 1.24319, 1.22136, 1.13517, 1.07631, 1.47219, 1.463, 1.45941, 1.43746
0.62, 0.0319375, -1.44983, -1.46122, -1.00447, -1.05929, -1.44018, -0.413353, 0.0682013, -0.234437, -0.26165, -0.589789, -0.840097, -0.529864, -0.0792263, -0.252002, 0.0235677, 0.0795878, -0.248202, 0.0930003, 0.145467, 0.517921, 0.371686, 0.364221, 0.557296, 0.840243, 0.639572, 0.632514, 0.701986, 0.635677, 0.788087, 0.86045
0.64, 0.0319375, -1.36261, -1.34168, -0.273032, -0.631912, -1.35363, -1.33224, -0.878031, 0.15221, 0.43659, 0.222032, 0.129078, -0.348876, -0.00699547, 0.422901, 0.578951, 0.79211, 0.0302257, 0.403728, 0.674071, 1.02412, 0.782482, 0.697439, 0.70527, 0.829162, 0.720128, 0.676276, 0.768502, 0.857868, 0.82239, 1.06458
0.66, 0.0319375, -1.69813, -1.36326, -0.929738, -0.953013, -0.678804, -0.547678, -0.528159, -0.33364, -0.279022, -0.713335, -0.496173, -0.122965, -0.250892, -0.129266, 0.00653357, -0.0233101, -0.151216, -0.0258272, -0.0687639, 0.421717, 0.271283, 0.286624, 0.364437, 0.264638, 0.563632, 0.519005, 0.529646, 0.564065, 0.812334, 0.603182
0.68, 0.0319375, -2.08175, -1.25121, -0.80856, -0.193097, -0.497759, -0.44741, -0.350535, -0.0442159, 0.148339, 0.18972, 0.730683, 0.219954, 0.300701, -0.0560526, 0.0152497, 0.290563, 0.417069, 0.733271, 0.805241, 0.564173, 0.710959, 1.17836, 1.19492, 1.27303, 1.326, 1.19442, 1.40834, 1.50104, 1.30605, 1.28396
0.7, 0.0319375, -0.411392, -0.179334, -0.295497, -0.696495, 0.251635, 1.05644, 0.743166, 0.933678, 0.631379, 0.32014, 1.02723, 0.309469, 0.431824, 1.06071, 1.25254, 1.33932, 1.24055, 0.976534, 1.61703, 2.13933, 1.91111, 1.82784, 2.02535, 1.84953, 1.89435, 1.80483, 2.01732, 1.79624, 1.99475, 2.14573
0.72, 0.0319375, -0.325636, 0.345588, 0.0838738, -0.538169, 0.161328, -0.103912, 0.506506, 0.794366, 0.910429, 0.996704, 0.871176, 0.966078, 0.969754, 0.942071, 0.217459, 0.781167, 0.842077, 1.30607, 1.75106, 1.80783, 2.01634, 2.37487, 2.34692, 2.19158, 2.18591, 2.13774, 2.3654, 2.52103, 2.21833, 2.31469
0.74, 0.0319375, -0.359516, -1.17543, -0.668197, -1.29388, 0.083709, 0.0447918, -0.987135, 0.344632, 0.755112, 0.770455, 0.253727, 0.703102, 0.380155, 0.321986, 0.686264, 0.943725, 0.862943, 1.25059, 1.31543, 1.36554, 1.36276, 1.30496, 1.46498, 1.8189, 1.77302, 1.40516, 1.85393, 1.8364, 1.86119, 1.86958
0.76, 0.0319375, -1.36721, -0.762041, -1.40765, -0.932806, -0.544957, -0.73603, -0.224943, -0.187949, 0.431047, 0.750419, 0.686365, 0.466374, 0.302655, 0.20612, 0.32341, 0.0957767, 0.542888, 0.781875, 0.556429, 1.02399, 1.40188, 1.59735, 1.3272, 1.47376, 1.59565, 1.4247, 1.42593, 1.44539, 0.850923, 1.23547
0.78, 0.0319375, -1.22224, -0.785911, -0.296356, 0.051177, 0.468596, 0.340637, 0.445999, 0.676505, 0.966919, 0.886557, 1.30538, 0.865621, 1.1597, 0.651575, 0.443664, 0.85351, 0.643716, 0.856913, 0.716089, 0.485098, 0.813472, 1.34881, 1.52008, 1.1224, 1.03824, 1.30323, 1.34291, 1.53603, 1.38237, 1.1528
0.8, 0.0319375, -1.12406, -1.36695, -1.41362, -1.34596, -1.03838, -0.408032, -0.352199, 0.112443, 0.347815, 0.824331, 0.142821, 0.144301, 0.270023, 0.418869, 0.0701134, 0.285844, 0.465177, 0.647998, 0.653688, 0.639329, 0.512274, 0.916389, 0.940285, 1.03059, 1.35489, 1.07776, 1.54937, 1.40375, 1.1704, 1.36464
0.82, 0.0319375, -1.38433, -0.871651, -0.220499, 0.350976, 0.806169, 1.00458, 1.10324, 1.33284, 1.679, 1.37592, 0.872923, 0.56385, 0.121933, 0.281334, 0.657967, 1.13102, 0.967897, 1.12473, 1.04496, 0.951125, 1.08317, 1.58691, 1.49421, 1.04523, 1.41085, 1.6057, 1.71826, 1.54384, 1.8545, 1.90616
0.84, 0.0319375, -0.992911, -0.789488, -0.644763, -0.515047, -0.742858, -0.507424, -0.468352, 0.0769593, 0.134254, -0.261687, -0.959432, 0.0443119, 0.210916, 0.297595, 0.176759, 0.556131, 0.522346, 0.468438, 0.691747, 0.889696, 0.944854, 0.952535, 0.827517, 0.808033, 1.04133, 1.16813, 1.25237, 1.32128, 1.52638, 1.51552
0.86, 0.0319375, -1.33877, -1.46825, -2.16626, -1.34601, -1.79145, -1.09167, -0.983339, -0.577592, -0.547507, -0.709291, -0.56085, -0.639906, -0.943116, -0.621282, -0.434064, 0.115893, -0.0250567, -0.202135, -0.174555, 0.219614, -0.219489, 0.136115, 0.183643, 0.0190821, 0.380721, 0.588825, 0.706973, 0.741593, 1.01025, 0.861389
0.88, 0.0319375, -2.19101, -1.4993, -1.21657, -1.68137, -1.28674, -0.676158, -0.156721, -0.26501, -0.0870582, -0.404493, -0.225124, -0.325716, -0.261394, -0.481423, -0.519393, -0.099351, -0.079042, 0.0542921, -0.0895026, 0.0829807, 0.160391, 0.500261, 0.52254, 0.468646, 0.578559, 0.766186, 0.756197, 0.92353, 1.04278, 1.18693
0.9, 0.0319375, -1.94887, -1.21613, -1.10587, -0.897153, -1.37149, -1.26839, -0.959441, -0.687314, -0.473186, -0.487966, -0.686154, -0.473224, -0.398515, -0.14078, -0.566949, -0.0819225, -0.246618, 0.113279, 0.429018, 0.585226, 0.472454, 0.65386, 0.482922, 0.741436, 0.994845, 1.16519, 1.05153, 0.665832, 1.04267, 1.24592
0.92, 0.0319375, -2.13465, -2.41546, -2.28149, -1.81977, -1.35605, -1.17243, -1.32601, -0.999762, -0.997676, -1.04986, -1.13869, -0.634904, -0.256217, -0.137625, 0.20778, 0.44647, 0.599901, 0.779477, 0.837204, 0.774575, 0.809235, 0.891234, 1.02946, 1.41361, 1.43195, 1.43084, 1.29581, 1.03973, 0.973767, 1.25107
0.94, 0.0319375, -2.13647, -1.87803, -1.1926, -1.34461, -1.15615, -1.30426, -1.70552, -1.42349, -0.679756, -0.743864, -1.21343, -0.438552, -0.470308, -0.601469, 0.0111683, -0.407318, -0.349873, -0.105841, -0.340076, 0.0438392, 0.190796, 0.504679, 0.418651, 0.464989, 0.716162, 0.403386, 0.876852, 0.967127, 1.15177, 1.33331
0.96, 0.0319375, -1.83531, -1.2508, -1.26414, -1.66372, -1.33283, -1.28852, -1.25158, -1.20135, -0.493318, -0.16297, -0.306879, -1.2588, -0.547327, -0.416854, -0.412315, -0.470302, 0.164972, -0.0841392, 0.00154352, 0.0704554, -0.208807, 0.0284926, 0.311688, 0.395739, 0.473195, 0.80254, 1.02169, 0.62693, 0.874615, 1.30218
0.98, 0.0319375, -1.52926, -1.63179, -0.599741, -0.757421, -0.556111, -0.873681, -0.616368, -0.568054, -0.459864, -0.368071, -0.905579, -1.16996, -0.270608, -0.301591, -0.114912, -0.003074, 0.295567, 0.313949, 0.644861, 0.124378, 0.295623, 0.52014, 0.973882, 0.860059, 0.812952, 1.309, 1.13981, 1.25551, 1.13712, 1.20346
1, 0.0319375, -1.69615, -1.32892, -1.23213, -1.47805, -2.13998, -1.53279, -1.33643, -1.40023, -0.806735, -0.984453, -0.925686, -0.626714, -0.712731, -0.508333, -0.648267, -0.218148, -0.0960503, -0.266912, -0.182108, -0.119421, -0.0135962, 0.133329, 0.643238, 0.752336, 0.70873, 0.989075, 0.627274, 0.691857, 0.777362, 0.837832
1.02, 0.0319375, -1.81637, -1.4722, -1.46069, -2.35696, -1.7851, -1.30743, -0.99509, -0.913249, -0.650211, -0.474281, -0.693465, -0.351073, -0.216841, -0.499112, -0.0424055, 0.187211, -0.291474, 0.150289, 0.296447, 0.609119, 0.00736924, 0.928762, 1.37469, 1.31889, 1.5314, 1.49241, 1.68386, 1.46525, 1.3976, 1.92092
1.04, 0.0319375, -1.94677, -1.65982, -1.46067, -1.99051, -1.16624, -1.42919, -1.64254, -1.29342, -0.636849, -0.793105, -0.607019, -0.536471, -0.163142, -0.418899, -0.889003, -0.935213, -0.560085, -0.545298, -0.793062, -0.103963, 0.0681175, 0.0222843, -0.220647, -0.124822, 0.292321, 0.697631, 0.601452, 0.699529, 0.113595, 0.271783
1.06, 0.0319376, -1.05685, -0.509491, -1.25829, -2.04979, -1.24013, -0.822572, -1.05306, -0.840497, -0.875224, -0.911584, -1.3577, -0.677651, 0.159543, 0.246301, -0.650778, -1.33053, -0.706267, -0.766135, -0.702147, -0.498459, -0.331207, -0.224189, -0.354088, -0.199594, 0.212462, 0.196565, 0.263199, 0.499071, 0.524859, 0.615603
1.08, 0.0319375, -1.76566, -2.11126, -2.21088, -1.59075, -1.62838, -2.01266, -1.4089, -1.2676, -1.66377, -1.3133, -1.29946, -0.707124, -0.795715, -1.12237, -1.31501, -1.54055, -1.53962, -1.52826, -1.12132, -0.836134, -0.851777, -0.906769, -0.756783, -0.819474, -0.383936, -0.208887, -0.04939, 0.0444531, 0.170135, 0.689792
1.1, 0.0319375, -1.85392, -2.61618, -2.50455, -2.00355, -1.51093, -1.5202, -1.33451, -1.44064, -1.43857, -1.5398, -1.56071, -1.61797, -0.884953, -1.14215, -1.48167, -1.58422, -1.37811, -1.64359, -1.42512, -1.26074, -1.01886, -1.3141, -1.48296, -0.842949, -0.913257, -0.892034, -0.599741, -0.777421, -0.690709, -0.348744
1.12, 0.0319375, -1.60111, -2.75359, -2.29557, -1.74243, -1.97429, -1.9343, -1.80874, -1.75723, -1.92923, -2.15271, -1.66112, -1.35015, -1.12683, -1.01216, -1.37132, -1.51076, -1.56632, -1.7326, -1.28956, -1.2215, -0.688286, -0.62495, -0.407339, -0.559591, -0.526966, -0.168523, 0.170402, 0.091439, 0.236821, 0.613435
1.14, 0.0319375, -2.24028, -2.55967, -3.0037, -2.16709, -2.49861, -2.35652, -1.84281, -1.68224, -2.00731, -1.86995, -1.92863, -1.36952, -1.41731, -0.76302, -1.27626, -1.60671, -1.80228, -1.82998, -1.64911, -1.37612, -1.40034, -1.15347, -1.09897, -1.05802, -0.835398, -0.754617, -0.204491, -0.159112, -0.210021, -0.0108681
1.16, 0.0319375, -2.0012, -2.05654, -2.65568, -2.44099, -2.3537, -2.19945, -1.37996, -1.47984, -2.10505, -1.70501, -1.47609, -1.02569, -1.0012, -1.19375, -1.54728, -1.88451, -1.86851, -1.92828, -2.08417, -1.98757, -1.72305, -1.358, -0.850739, -0.531987, -0.514128, -1.04241, -0.887202, -0.878282, -0.466111, -0.220621
1.18, 0.0319376, -3.00505, -3.20331, -3.10766, -2.41943, -2.24946, -2.40428, -2.45953, -1.94132, -1.93828, -1.69629, -1.52138, -1.84681, -1.19335, -1.44995, -1.7441, -1.43145, -1.32151, -1.38612, -1.46895, -0.75006, -0.376108, -0.0783107, 0.0359775, 0.144495, 0.113383, 0.193393, 0.597783, 0.372662, -0.60573, -0.50826
1.2, 0.0319375, -2.41292, -2.91958, -2.27886, -2.1944, -2.89133, -2.6368, -2.20675, -1.82402, -1.76654, -1.41967, -1.34025, -1.26874, -0.934203, -0.992156, -1.04437, -0.960599, -1.13409, -1.00668, -1.01258, -0.87374, -0.957595, -0.652841, -0.758149, -0.964401, -0.861342, -0.915624, -0.841188, -0.671544, -0.531674, -0.51051
1.22, 0.0319375, -2.66451, -2.88941, -3.14125, -2.77047, -2.22671, -1.93568, -2.12257, -1.49544, -1.33748, -1.83395, -1.26343, -1.22344, -0.930993, -0.803019, -0.6162, -0.473233, -0.258243, 0.0737215, -0.0113194, 0.00708496, 0.314053, 0.895428, 1.11135, 0.990808, 0.934911, 1.17246, 1.55368, 1.23762, 0.46514, -0.0839396
1.24, 0.0319375, -2.80982, -3.24788, -3.42213, -3.1099, -3.03248, -2.53842, -2.33638, -1.87982, -2.24741, -2.12189, -2.78219, -1.78613, -1.64765, -1.40044, -0.795968, -1.12857, -1.55999, -1.15201, -1.28969, -1.60478, -1.32643, -1.19227, -0.861511, -0.863137, -1.00954, -1.04447, -0.495255, -0.266903, 0.0140322, 0.155094
1.26, 0.0319375, -3.11763, -3.59992, -3.69938, -2.97434, -3.14049, -2.61072, -2.54728, -1.87618, -1.84557, -2.9881, -2.18709, -1.75126, -1.9675, -1.57413, -1.92816, -1.9144, -2.12889, -2.51396, -2.31337, -2.29066, -2.11691, -1.71714, -2.0765, -1.94948, -1.73759, -1.91302, -1.66253, -1.36575, -1.36253, -1.05505
1.28, 0.0319375, -2.24137, -2.38548, -2.97037, -3.41867, -2.73794, -2.28203, -2.68449, -2.49772, -2.05489, -1.48203, -1.85651, -2.01272, -1.21839, -1.31603, -1.78357, -1.88808, -1.2692, -1.1216, -0.868681, -1.148, -1.23669, -1.07369, -0.564586, -0.529433, -0.358197, -0.192747, -0.116309, -0.657645, -1.10903, -0.842189
1.3, 0.0319376, -3.15315, -3.04885, -2.36933, -2.22737, -1.96303, -1.65648, -1.43329, -1.45603, -2.2552, -2.30723, -1.89948, -1.59141, -1.97553, -1.05919, -1.56742, -2.03179, -1.98757, -1.87574, -1.81513, -1.68533, -1.65035, -1.51823, -1.03735, -0.893937, -1.00345, -0.965777, -0.83817, -0.89736, -0.846362, -1.0145
1.32, 0.0319375, -1.55036, -2.01956, -1.41123, -2.00971, -1.77544, -1.58978, -1.39436, -1.76111, -1.48902, -1.53187, -1.04152, -0.783162, -1.10574, -0.765154, -1.34407, -1.49379, -0.343891, -0.794664, -0.873977, -1.11672, -1.18823, -0.590627, -0.356703, -0.535819, -0.269939, 0.142912, 0.519877, 0.644965, 1.02213, 1.04175
1.34, 0.0319375, -2.14754, -2.40488, -1.77856, -1.76226, -1.98135, -1.72371, -1.45122, -1.5128, -0.978008, -1.34025, -1.45912, -1.81891, -1.38126, -1.04318, -1.10916, -1.36858, -0.865342, -0.808554, -0.421691, -0.610501, -0.912065, -0.55217, -0.124919, -0.0964597, 0.0168301, 0.0143141, 0.207014, 0.113334, 0.348075, 0.309337
1.36, 0.0319375, -1.81504, -1.94002, -1.18876, -1.04171, -1.26977, -1.17222, -0.79491, -0.741128, -0.951027, -0.257401, -0.299391, -0.933869, -0.308662, -0.0447434, -0.438065, -0.568986, -0.201399, 0.095697, -0.0831212, 0.152148, 0.0352487, 0.329975, 0.159254, 0.142246, 0.263203, 0.6101, 0.747734, 0.600919, 0.554361, 0.54623
1.38, 0.0319375, -1.34731, -1.18432, -0.812489, -1.30346, -0.264807, 0.102005, -0.476958, 0.243183, 0.271845, -0.302337, -0.25402, -0.127329, 0.0747095, -0.443305, -0.938914, -0.400791, -0.370031, -0.23928, 0.176751, 0.176406, 0.510821, 0.67421, 0.593463, 0.43632, 0.309372, 0.505218, 0.869495, 1.01465, 0.819054, 1.05751
1.4, 0.0319375, -1.66464, -0.588171, -0.422443, -0.0766793, 0.421811, 0.778423, 1.06641, 1.30124, 1.3988, 1.06956, 0.769492, 0.438498, -0.152521, 0.102665, -0.00227059, 0.583681, 0.20517, 0.20165, 0.177131, 0.800301, 0.651096, 0.736448, 0.938295, 0.53061, 0.344509, 0.960993, 0.882109, 1.00851, 1.05471, 1.05289
1.42, 0.0319376, -0.0943443, 0.318624, 0.131572, 0.874718, 1.26438, 1.53176, 1.86944, 2.01702, 1.97011, 1.58461, 1.11353, 1.01544, 0.681795, 0.469468, 0.298091, 0.274849, 0.584627, 0.60804, 0.622601, 0.362795, 0.506035, 0.594862, 0.530428, 0.701378, 0.860435, 0.560675, 0.390609, 0.404245, 0.556277, 0.771286
1.44, 0.0319375, -1.52785, -1.10282, -0.532615, -0.0330241, 0.0905553, -0.22019, 0.00381338, -0.145027, 0.10088, 0.317552, 0.346838, -0.10802, 0.203304, 0.168609, -0.382563, -0.42776, 0.290868, 0.465145, 0.151042, 0.245179, 0.329088, 0.689062, 1.26873, 0.898422, 0.700399, 0.890148, 0.904967, 0.829844, 0.732536, 0.712422
1.46, 0.0319375, -1.78289, -0.896508, -0.759812, -0.509622, -0.70278, -0.086727, 0.0212437, 0.0175948, 0.837523, 0.891224, 0.592439, 0.601001, 0.563358, 0.231222, 0.544922, 0.65034, 0.275338, 0.384752, 0.556364, 0.475396, 0.31897, 0.501368, 0.587197, 1.12214, 0.895733, 0.548635, 1.07309, 0.464805, 0.402119, 0.854014
1.48, 0.0319375, -1.33154, -1.71056, -1.99656, -0.96363, -0.681041, -0.193381, 0.0238146, 0.281709, 0.498878, 0.407422, 0.601828, 0.804096, 0.697726, 0.935529, 0.259105, 0.251618, 0.232686, 0.598732, 0.334137, 0.898043, 0.871075, 0.695947, 0.598286, 0.73704, 0.802595, 0.76703, 0.742153, 0.720227, 0.952682, 1.05366
1.5, 0.0319375, -2.05042, -1.68643, -0.941067, -1.2542, -0.799026, -1.09732, -1.28874, -1.02704, -0.596704, 0.0698665, -0.238066, -0.807972, -0.511524, -0.131011, -0.402631, -0.758827, -0.272444, 0.0159572, 0.149376, 0.125918, 0.335527, 0.138251, 0.602094, 0.670362, 0.612253, 0.688888, 0.903715, 0.789904, 0.702268, 0.706185
1.52, 0.0319375, -0.563685, -0.140014, -0.394741, -0.563772, -0.423922, -0.507808, -0.85586, -0.666765, -0.742109, -0.898782, -0.347848, -0.36422, -0.599994, -0.288248, -0.350268, -0.539777, -0.35945, -0.28592, 0.0827822, 0.156179, 0.197769, 0.553517, 0.336181, 0.285751, 0.29327, 0.35137, 0.309092, 0.557592, 0.758398, 0.927591
1.54, 0.0319375, -2.52404, -1.63838, -1.50281, -1.71422, -1.51932, -1.15096, -1.31665, -1.27061, -1.008, -1.14777, -1.03925, -1.37164, -1.14415, -0.573644, -0.841289, -0.920099, -0.718041, -0.64188, -0.247927, -0.44199, 0.114921, 0.0266605, -0.094907, -0.141635, 0.138655, 0.0426359, 0.298088, 0.321324, 0.578556, 0.545895
1.56, 0.0319376, -1.75809, -1.56041, -1.82491, -1.87984, -2.15337, -1.89928, -1.75459, -1.43133, -1.14675, -1.58383, -1.6354, -1.121, -0.766306, -0.925627, -0.878404, -1.04517, -1.41605, -1.1106, -0.826806, -0.700625, -0.168885, -0.00727234, 0.0351925, 0.0306455, 0.139432, 0.524277, 0.891262, 1.02932, 0.826298, 0.718146
1.58, 0.0319375, -2.11378, -2.48954, -2.06009, -3.41541, -2.71743, -2.1486, -1.95204, -1.92971, -1.09251, -1.91888, -2.16252, -1.67808, -1.62069, -1.37864, -1.14348, -1.35077, -1.79033, -1.1802, -1.33317, -0.860869, -0.848803, -0.336285, -0.640283, -0.56252, -0.200546, -0.296358, 0.175147, -0.038423, 0.249194, -0.0937734
1.6, 0.0319375, -2.56713, -2.40683, -2.27434, -2.48123, -2.18, -1.82322, -2.48295, -2.46788, -1.82833, -1.75178, -1.694, -1.27055, -1.34183, -1.47622, -1.6962, -1.47122, -1.50553, -1.52765, -1.63785, -1.57871, -1.46269, -1.269, -1.08774, -1.09758, -1.04901, -1.04618, -1.0271, -0.8574, -0.821634, -0.814564
1.62, 0.0319375, -2.60983, -2.922, -3.05368, -2.71303, -2.49917, -2.50825, -2.7731, -1.92972, -1.29809, -1.8745, -2.36167, -0.979667, -1.14882, -1.25688, -1.35407, -1.0753, -1.49293, -1.60227, -1.31534, -1.54118, -1.13149, -1.44023, -1.2001, -0.869924, -0.720585, -0.745205, -1.00514, -0.539637, -0.661535, -0.51865
1.64, 0.0319375, -2.68623, -2.34384, -2.08895, -2.72213, -2.25863, -2.57742, -2.01845, -2.01996, -1.91867, -2.53199, -1.5201, -1.31283, -1.3013, -1.37417, -1.18575, -1.87089, -1.97927, -2.18861, -2.11444, -1.77126, -2.0943, -1.9672, -1.97967, -1.48276, -1.44492, -1.58284, -1.30254, -1.22972, -1.04768, -1.38953
1.66, 0.0319375, -3.07355, -3.34766, -2.24695, -2.94149, -2.51538, -2.31405, -2.08444, -1.74472, -1.69934, -1.94488, -1.89282, -1.989, -1.3498, -1.1347, -1.68617, -1.53945, -1.72855, -2.19219, -1.75685, -1.57967, -1.97331, -1.85413, -1.70047, -1.64972, -1.57159, -1.78526, -1.24921, -1.04144, -1.03962, -1.49272
1.68, 0.0319376, -2.75322, -3.02582, -2.63491, -2.50873, -2.16788, -1.56556, -1.4563, -1.26914, -1.11035, -1.65146, -1.47189, -1.18052, -1.50198, -0.84027, -1.1161, -1.30003, -1.0945, -0.871713, -0.9203, -1.1785, -1.12452, -1.22725, -1.45886, -1.65889, -1.75138, -1.78107, -1.85933, -1.82951, -1.95304, -1.53175
1.7, 0.0319375, -3.77144, -3.08379, -1.99832, -2.11736, -2.08614, -2.03189, -1.6987, -1.97737, -1.443, -2.18282, -2.29104, -1.49494, -1.60818, -1.33194, -1.64256, -1.43977, -1.6128, -1.8232, -1.86615, -1.38144, -1.6915, -1.45981, -1.56553, -1.53031, -1.46936, -1.51011, -1.42396, -1.6604, -1.71784, -1.36033
1.72, 0.0319375, -3.52415, -3.88175, -2.77859, -3.06248, -3.04715, -2.06711, -1.86517, -1.14229, -1.2249, -1.47895, -1.30893, -1.32419, -1.07463, -1.30189, -1.56013, -1.21364, -1.29026, -1.2448, -1.07846, -1.34808, -1.26492, -1.13159, -1.18549, -1.53057, -1.26356, -1.19735, -1.46425, -1.12818, -1.07658, -1.26334
1.74, 0.0319375, -3.88253, -4.04076, -3.62558, -2.55551, -2.34319, -2.86553, -1.9116, -1.54541, -2.12106, -2.24329, -1.89248, -1.29437, -0.835408, -1.42165, -1.57794, -0.996408, -1.42937, -1.57523, -2.18132, -1.17309, -1.26707, -1.70918, -1.68838, -1.49686, -1.19059, -1.23252, -1.12841, -1.15282, -0.980674, -0.853277
1.76, 0.0319375, -2.51039, -3.38489, -4.33692, -3.27151, -2.8008, -2.56344, -2.98943, -1.82061, -1.42619, -1.9824, -2.02474, -1.30402, -1.00668, -1.04789, -1.4221, -1.14776, -1.80787, -1.63574, -1.82743, -1.87685, -1.48478, -1.17016, -1.37945, -1.76806, -1.22486, -0.88878, -0.424754, -0.528369, -1.66368, -1.67414
1.78, 0.0319375, -1.58233, -1.32055, -1.11916, -0.648836, -0.226691, -0.132067, -0.00527118, 0.263942, 0.57594, 0.731547, 0.779547, 0.814542, 0.830226, 0.703871, 0.459424, 0.467749, 0.64293, 0.510409, 0.254936, -0.0817278, -0.315437, -0.270003, -0.206807, -0.432347, -0.743681, -1.20472, -1.40757, -0.802263, -0.1649, 0.16038
1.8, 0.0319376, -1.3278, -1.23337, -0.791981, -0.456416, -0.0689393, -0.0639764, -0.276925, 0.213873, 0.515095, 0.752827, 0.813793, 0.7616, 0.774481, 0.562475, 0.19236, 0.195011, 0.682688, 0.409731, 0.046063, -0.289276, -0.587154, -0.392008, -0.238955, -0.442385, -0.513332, -0.790026, -1.18714, -0.830103, -0.306541, -0.0746653
1.82, 0.0319375, -3.37667, -2.69765, -1.89288, -2.29977, -2.40508, -1.56373, -1.87715, -1.51185, -1.8175, -1.86163, -1.61718, -1.32655, -1.21012, -0.962278, -1.292, -1.27625, -1.30142, -1.47188, -1.92458, -1.52177, -1.5322, -1.62075, -1.39715, -1.55948, -1.88515, -1.79287, -1.30419, -1.39418, -1.43232, -0.888236
1.84, 0.0319375, -2.13065, -2.21825, -2.46632, -2.47961, -2.16061, -1.43052, -1.2911, -1.72761, -1.75363, -1.6713, -1.32171, -0.953072, -1.10419, -1.35422, -1.60359, -1.52157, -1.75564, -1.81721, -1.7219, -1.45009, -1.51613, -1.56386, -1.24828, -0.741127, -0.29137, 0.0360976, 0.0445702, -0.314748, -0.700297, -0.831761
1.86, 0.0319375, -3.5327, -3.04188, -2.91137, -2.93294, -2.6891, -1.76092, -2.37265, -1.85328, -1.52863, -2.18491, -2.09182, -1.06191, -0.966946, -1.19943, -1.61217, -1.69316, -1.51654, -1.68426, -2.04073, -2.28958, -1.85433, -2.02506, -1.95069, -1.86497, -1.65867, -1.76288, -1.67007, -1.34123, -1.24856, -1.55989
1.88, 0.0319375, -3.35322, -3.24341, -2.69406, -2.92852, -2.61222, -1.92551, -2.32146, -1.38425, -1.31206, -1.81001, -1.82217, -1.34858, -0.91519, -1.36086, -2.08764, -1.72436, -1.64922, -2.08252, -1.72486, -2.13517, -2.00894, -1.78405, -1.92537, -2.19779, -1.95798, -2.18648, -2.62727, -2.41918, -2.45276, -2.43832
1.9, 0.0319375, -2.47249, -3.18505, -2.692, -2.58221, -2.34825, -1.82155, -1.2755, -0.96804, -1.35723, -1.5454, -1.73356, -1.40965, -0.852224, -0.777908, -1.65318, -1.40783, -1.98089, -2.11233, -2.09079, -2.10397, -2.42654, -2.48589, -2.19794, -2.18696, -2.02068, -2.41765, -3.15633, -2.91114, -2.85674, -2.90992
1.92, 0.0319376, -3.85896, -3.00361, -3.21531, -3.6794, -2.55477, -1.96319, -1.70352, -1.44797, -1.6477, -1.83802, -2.01972, -1.77072, -1.81901, -1.41209, -0.903142, -1.23462, -1.63656, -2.33888, -2.01383, -1.70607, -1.465, -1.83996, -1.73369, -1.58664, -2.12106, -2.65933, -2.75103, -2.72408, -2.82703, -2.6995
1.94, 0.0319375, -3.15007, -2.65695, -3.34562, -2.43672, -2.29443, -2.06512, -2.00286, -1.48589, -1.57507, -2.16524, -2.51775, -1.91719, -1.71955, -1.2392, -1.51121, -1.06045, -1.58328, -1.81652, -1.86331, -1.52943, -1.89126, -1.98589, -1.82505, -1.87152, -1.6728, -1.87274, -1.94797, -1.84344, -1.75438, -1.85419
1.96, 0.0319375, -3.33364, -3.26087, -3.08832, -2.06913, -1.81932, -1.72537, -2.01605, -1.28641, -1.50496, -1.88201, -2.07603, -1.53463, -1.4399, -1.32082, -1.60129, -0.933744, -1.69984, -2.06338, -2.61995, -1.98614, -1.98976, -2.00342, -2.0202, -2.16378, -1.86415, -2.15387, -2.18259, -2.21992, -2.40452, -2.06957
1.98, 0.0319376, -4.20548, -3.24678, -2.92033, -3.5778, -2.24718, -1.99441, -1.4521, -0.955637, -1.89604, -1.80624, -2.00958, -1.24788, -1.26318, -1.27897, -1.33473, -1.73952, -1.93519, -2.09076, -2.4336, -1.96373, -2.00356, -1.94647, -2.11783, -2.0969, -2.28416, -2.43715, -2.59909, -2.40042, -2.86282, -2.62224
2, 0.0319376, -3.45665, -3.30774, -3.88585, -3.08963, -2.50624, -2.55356, -2.27905, -1.80404, -1.86737, -1.66484, -1.32438, -1.19959, -1.40939, -1.02626, -1.16286, -1.55161, -1.6379, -1.72362, -2.22788, -2.13486, -1.91267, -1.98543, -1.89989, -2.06267, -2.34273, -2.1956, -2.7839, -2.76141, -2.5843, -2.62378
2.02, 0.0319376, -3.06848, -2.59439, -3.40788, -2.68389, -2.26789, -2.42089, -1.91048, -1.3774, -1.60318, -1.70619, -1.71795, -1.64838, -1.31505, -1.31457, -1.01617, -1.3526, -1.35306, -1.97353, -1.97147, -2.09588, -2.17884, -2.00329, -1.82805, -2.11453, -2.27796, -2.25348, -2.41869, -2.55253, -2.57263, -2.3365
2.04, 0.0319376, -3.32082, -2.85161, -2.56934, -2.15223, -1.81796, -1.83847, -2.09657, -1.63563, -2.07778, -1.95382, -1.38695, -1.37157, -1.55594, -0.942406, -1.29634, -1.6994, -1.76593, -2.14054, -1.80153, -1.70039, -2.04597, -1.73582, -1.99689, -1.92604, -1.8281, -2.14366, -2.42128, -2.62658, -2.74164, -2.23191
2.06, 0.0319376, -2.0702, -3.26395, -3.14989, -2.78842, -2.31838, -2.5875, -1.94553, -0.862296, -1.05736, -1.47516, -1.55141, -1.21013, -1.12644, -1.11217, -1.12433, -1.2062, -1.34373, -1.40014, -1.52593, -1.82409, -1.8717, -1.5902, -1.56336, -1.38526, -1.41316, -1.50483, -1.64701, -1.821, -1.99881, -2.07013
2.08, 0.0319376, -0.185621, 0.0455698, 0.527237, 0.754618, 0.81327, -0.453669, -0.436906, 1.30391, 1.80475, 1.10149, 1.13135, 0.240021, 1.00821, 1.33024, 1.3483, 1.05838, 0.708773, 0.617183, 0.699364, 0.41616, 0.104079, 0.0549977, 0.279054, -0.0067104, -0.0787876, 0.169341, -0.51913, -0.708501, -0.595727, -0.800451
2.1, 0.0319376, -0.544767, -0.165368, -0.463986, -1.28864, -0.598588, -0.118763, -0.412067, 0.125828, 0.824597, 1.02996, 0.933684, 0.746902, 0.452128, 0.251485, 0.607846, 0.577271, 0.6325, 0.509349, -0.38083, 0.491001, 0.115985, 0.455625, 0.372246, 0.0174932, -0.176688, -0.229758, -0.306956, -0.328851, -0.593241, -0.706049
2.12, 0.0319376, -1.63626, -0.68112, -0.403101, -0.547604, 0.141967, -0.267386, 0.291935, 0.350047, 0.704158, 0.456056, -0.123537, 0.456707, 0.323911, 0.0951923, -0.0855452, 0.0905808, -0.309812, -0.583457, -0.650387, -0.521387, -0.36364, -0.525908, -0.420131, -0.569561, -0.295388, -0.412101, -0.596687, -0.717341, -0.651845, -0.886403
2.14, 0.0319374, -1.13125, -0.468251, -0.481177, -0.564355, -0.423338, -0.130566, -0.139962, 0.00980018, 0.223435, 0.850673, 1.00315, 1.12923, 1.01371, 0.749538, 0.867701, 0.196148, 0.183783, 0.129313, -0.224273, -0.343966, -0.49341, -0.393435, -0.230057, -0.400425, -0.381186, -0.714937, -0.785274, -0.723679, -0.624379, -0.621881
2.16, 0.0319374, -1.28008, -1.57958, -1.18597, -0.636199, -1.24884, -1.00515, -0.87235, -0.291119, -0.411654, -0.198701, -0.260819, 0.236127, 0.494103, 0.246785, -0.176868, -0.609442, -0.221638, -0.417736, -0.625068, -0.587451, 0.0479367, -0.186339, -0.277207, -0.381734, -0.166959, -0.388009, -0.27907, -0.335513, -0.593613, -0.356037
2.18, 0.0319374, -1.61238, -1.0364, -0.662326, -0.00846183, 0.794717, 1.02079, 1.20878, 1.29077, 1.34591, 1.20752, 1.18393, 0.658287, 0.0722684, 0.290271, 0.105692, -0.108118, 0.320432, 0.0311633, -0.271936, -0.287314, -0.179954, -0.345366, -0.643968, -0.263272, -0.374141, -0.334505, -0.160435, -0.172383, -0.49874, -0.673571
2.2, 0.0319374, -0.519179, 0.236103, 0.485437, 0.0618011, 1.12427, 0.781307, 1.24679, 1.45062, 1.38716, 1.40761, 1.3892, 1.26296, 1.50047, 1.59809, 1.07508, 0.919731, 1.00252, 1.13304, 1.22656, 0.763628, 0.0530509, 0.384322, 0.734325, 0.923218, 0.937814, 0.752951, 0.602853, 0.602852, 0.939896, 1.24761
2.22, 0.0319374, -1.54149, -1.02342, -0.664585, -0.489479, -0.486542, -0.341099, -0.747171, -0.396499, -0.261111, -0.284158, -0.443879, 0.0540944, -0.0701644, 0.0559773, -0.353792, -0.70109, -0.478783, -0.622932, -0.344117, -0.770248, -1.21056, -1.07515, -0.999924, -0.776813, -0.811926, -0.795348, -1.16221, -0.927323, -0.734736, -0.520525
2.24, 0.0319376, -2.06361, -1.25523, -1.45385, -1.23491, -0.903087, -0.683975, -0.74327, -0.853486, -0.581648, -0.983869, -1.22502, -0.476465, -1.52195, -0.386223, -0.730763, -1.03369, -0.781289, -0.836503, -0.784943, -1.18383, -1.08458, -1.3352, -1.07766, -1.24256, -1.12481, -1.03608, -0.941193, -1.25649, -1.19959, -1.35811
2.26, 0.0319376, -2.29406, -1.49061, -1.24348, -1.24228, -0.285739, -0.151915, -0.96175, -0.895509, -0.0514976, -0.0993498, -0.14432, -0.642722, -0.377634, -0.0806289, -0.234864, -0.227749, -0.289026, -0.372859, -0.653644, -0.521348, -0.643659, -0.754349, -0.603827, -0.438091, -0.320402, -0.26962, -0.428902, -0.632798, -0.742967, -0.875813
2.28, 0.0319376, -2.66682, -2.68561, -2.11619, -2.54453, -1.51925, -1.221, -1.34015, -0.950384, -0.76319, -0.701491, -0.74816, -1.27757, -1.543, -1.0052, -0.863217, -1.13013, -1.28678, -1.45945, -1.2331, -1.14309, -1.14083, -1.13875, -1.11884, -1.17209, -1.13822, -0.744477, -0.978724, -1.14388, -1.08315, -1.02076
2.3, 0.0319376, -2.21118, -2.48055, -2.08859, -1.60351, -1.65475, -1.14133, -1.20157, -1.28075, -0.756459, -1.19407, -0.680194, -0.788554, -0.538824, -0.949971, -0.92203, -1.46923, -1.38037, -1.45754, -1.85849, -1.61086, -1.41496, -1.70515, -1.65838, -1.61562, -1.46603, -1.39944, -1.71982, -1.56179, -1.38618, -1.60769
2.32, 0.0319376, -1.93626, -2.28458, -2.21316, -2.4734, -1.78813, -1.43073, -1.50328, -1.95521, -0.840162, -1.43018, -1.91203, -1.30431, -1.18821, -1.008, -1.77847, -1.86822, -1.7895, -1.913, -1.57274, -1.24289, -1.81118, -1.60343, -1.5816, -1.83176, -1.75555, -1.59597, -1.56247, -1.60828, -1.32478, -1.65561
2.34, 0.0319376, -2.14634, -1.72646, -1.62464, -1.78481, -1.43138, -1.20073, -1.12909, -1.41924, -1.23887, -0.818741, -1.30596, -1.14483, -0.579699, -1.02305, -1.33535, -1.17106, -1.02896, -1.16769, -1.26141, -1.56909, -1.87009, -2.15223, -2.21536, -2.13835, -2.18002, -2.36801, -1.9315, -2.03507, -2.41706, -2.40009
2.36, 0.0319376, -1.81262, -1.32977, -1.39792, -2.13379, -1.36817, -1.59122, -1.74518, -1.58794, -1.10746, -1.95851, -1.78183, -1.8104, -1.22949, -1.03221, -1.53711, -1.20717, -1.56253, -2.18027, -1.79034, -1.75521, -1.92353, -2.10474, -2.2258, -2.59701, -2.21085, -2.34073, -2.6994, -2.71179, -2.49373, -2.56459
2.38, 0.0319374, -2.01709, -2.28568, -2.10797, -1.98271, -1.54033, -1.96615, -1.73539, -1.65848, -1.51911, -1.94818, -1.45552, -1.70738, -1.52191, -1.51988, -1.51059, -1.78821, -2.11795, -2.24667, -2.58522, -2.43644, -2.24947, -2.18498, -2.45164, -2.69085, -2.71494, -2.62521, -2.53705, -2.81007, -2.63051, -2.51564
2.4, 0.0319374, -1.12986, -0.69315, -0.97667, -1.08353, -1.05316, -0.256778, 0.334631, 0.888096, 1.16687, 1.38628, 1.43587, 1.52418, 1.64455, 1.59083, 1.46396, 1.54545, 1.36945, 0.874368, 0.569332, -0.130306, -1.02952, -1.35048, -0.488744, -0.624136, -0.545639, -0.710415, -0.787068, -0.802605, -0.799779, -0.890964
2.42, 0.0319374, -2.11015, -1.77357, -1.78536, -2.215, -1.54935, -1.25234, -1.40136, -0.924378, -0.573829, -1.17352, -0.704432, -0.807993, -0.888567, -1.22325, -1.33309, -1.71165, -1.68236, -1.9336, -1.73451, -1.90192, -1.71759, -1.67763, -2.12381, -2.11474, -2.24035, -2.32492, -2.30491, -2.35321, -2.28475, -2.08081
2.44, 0.0319374, -2.94048, -1.69428, -1.61384, -1.53978, -1.41787, -1.67596, -1.41805, -0.969423, -1.17679, -0.952328, -1.31412, -1.46421, -1.32961, -1.26397, -1.42103, -2.00639, -1.74331, -2.20722, -1.82388, -2.05618, -2.16029, -2.18605, -2.185, -1.99351, -2.26817, -2.39939, -2.16507, -1.97551, -2.22294, -1.99334
2.46, 0.0319374, -2.17486, -2.30096, -2.31235, -1.6409, -1.818, -1.41507, -1.74561, -1.89864, -1.23614, -0.791259, -1.56035, -1.22278, -0.874004, -0.678562, -0.887049, -1.50322, -1.4125, -1.4473, -0.969155, -0.349072, -0.116214, -0.140145, -0.250158, -0.559514, -1.0254, -1.01434, -1.124, -1.56988, -1.8727, -1.96847
2.48, 0.0319376, -2.332, -2.46421, -1.74735, -2.17788, -1.65508, -2.05037, -2.01851, -1.73213, -1.95367, -1.3288, -1.33992, -1.15463, -1.53418, -1.66683, -1.50121, -1.70329, -2.08013, -1.93335, -2.58717, -2.46047, -2.1602, -2.34609, -2.4914, -2.13888, -2.46051, -2.35458, -1.94049, -2.24698, -2.38676, -2.1818
2.5, 0.0319376, -3.47057, -3.23291, -3.21472, -2.90289, -1.80217, -1.9715, -2.07325, -1.3967, -1.09379, -1.92458, -1.99427, -1.79275, -1.60623, -1.53012, -1.67085, -1.8526, -1.6727, -2.31196, -2.30248, -2.71629, -2.30844, -2.2063, -2.68347, -2.88857, -2.27718, -2.63638, -2.82813, -2.57136, -2.54414, -2.65452
2.52, 0.0319376, -2.86159, -2.98559, -2.92939, -3.34401, -2.88535, -2.94569, -2.7444, -1.81002, -1.78712, -2.12067, -1.64675, -2.29991, -2.34825, -1.89043, -1.72349, -2.19748, -2.52175, -2.48144, -2.46422, -2.58063, -2.65391, -2.94559, -3.00325, -3.06957, -3.07779, -2.63736, -2.68768, -3.21924, -2.52145, -2.67693
2.54, 0.0319376, -3.57387, -2.88999, -3.00183, -2.32095, -2.45058, -2.0511, -2.20032, -1.73459, -1.71151, -1.57125, -1.39459, -1.67281, -1.84783, -1.25546, -1.85133, -2.03213, -2.01956, -1.93951, -2.32257, -2.8042, -2.69061, -2.47583, -2.75569, -2.43643, -3.11504, -2.97492, -2.93505, -2.95897, -2.97239, -2.70651
2.56, 0.0319376, -2.82337, -3.33151, -3.07261, -2.58979, -2.13851, -2.28267, -2.05299, -2.25611, -1.42333, -1.78724, -1.92667, -1.40912, -1.6409, -1.07467, -1.35436, -2.01302, -2.15744, -2.16502, -2.51594, -2.01439, -2.35135, -2.76276, -2.75612, -2.48935, -2.33722, -2.65441, -2.58994, -2.818, -2.99401, -2.84691
2.58, 0.0319376, -2.34065, -2.42839, -3.10289, -2.94132, -2.28944, -2.68937, -2.32622, -1.87519, -1.29581, -1.50402, -1.74733, -1.55052, -1.16054, -1.25188, -1.14479, -0.956261, -0.67856, -0.687912, -0.755293, -0.92879, -0.949503, -1.36758, -2.04597, -2.33136, -2.02519, -2.33136, -1.86, -1.28858, -1.38221, -1.51661
2.6, 0.0319376, -3.303, -2.60821, -2.17649, -2.16835, -1.49796, -1.34082, -1.06011, -1.17261, -0.642349, -0.614739, -0.657129, -0.550649, -0.496958, -0.243533, -0.0962327, -0.0353634, -0.150781, -0.416223, -1.02511, -1.15787, -0.873486, -0.762954, -1.02429, -2.0149, -2.17481, -2.20538, -2.11619, -2.23409, -2.49779, -2.7429
2.62, 0.0319376, -2.47824, -1.81558, -1.54608, -1.04439, -0.554866, -0.599454, -0.81755, -0.770533, -0.334584, -0.336689, -0.345326, -0.401905, -0.456859, -0.0156497, 0.272661, 0.260705, 0.115478, -0.13135, -0.913666, -1.25279, -0.692657, -0.493146, -0.669256, -1.84027, -1.93916, -1.90619, -1.79573, -2.01816, -2.06585, -2.25256
2.64, 0.0319374, -2.64709, -3.51575, -2.68558, -2.59737, -2.57848, -2.98416, -2.17486, -1.58503, -1.76964, -1.96421, -1.87868, -1.71761, -1.42254, -1.77694, -2.15921, -2.11838, -2.33255, -2.34586, -1.9256, -2.53049, -2.59034, -2.42334, -2.54348, -2.64277, -2.25574, -2.52852, -2.79334, -2.58969, -2.5629, -2.47627
2.66, 0.0319374, -2.84172, -2.89105, -3.01509, -2.49401, -3.04739, -2.45352, -1.92648, -1.68684, -1.47359, -1.41535, -1.493, -1.99705, -1.56022, -1.72723, -2.05292, -2.61475, -1.701, -2.10455, -2.22627, -2.67693, -2.60271, -2.87716, -3.004, -3.00181, -2.7603, -2.80528, -2.59348, -2.28291, -2.46502, -2.45164
2.68, 0.0319374, -3.27777, -3.47058, -2.76831, -3.11682, -2.78853, -3.10132, -2.27034, -1.37844, -1.45614, -2.02371, -1.79709, -1.8425, -1.41638, -1.7307, -2.43868, -2.48856, -2.36915, -2.63476, -2.48012, -2.56039, -2.5669, -3.13021, -2.85987, -2.79739, -2.82605, -3.02154, -2.95633, -3.17401, -2.57923, -2.71302
2.7, 0.0319374, -2.67041, -2.76152, -2.57486, -2.94938, -2.41169, -1.991, -2.20141, -1.92665, -2.01574, -2.16364, -2.24695, -1.99202, -1.79151, -1.86346, -2.01219, -2.20251, -2.37738, -2.49421, -2.53637, -2.52295, -2.80282, -2.84407, -2.72586, -2.48995, -3.12528, -2.76102, -2.88205, -3.03033, -2.66168, -2.42516
2.72, 0.0319374, -3.56129, -3.40681, -2.7658, -2.46339, -2.65923, -2.81717, -2.47628, -2.27382, -1.64203, -1.67107, -1.88655, -1.74883, -1.70566, -2.23238, -1.7833, -2.19567, -2.62445, -2.15396, -2.27723, -2.23737, -2.23555, -2.56947, -3.06068, -2.40753, -2.4306, -2.40677, -2.38756, -2.64395, -2.55403, -2.40691
2.74, 0.0319376, -3.4585, -3.80846, -3.1711, -2.67493, -3.67662, -2.19993, -2.01823, -1.68899, -2.17964, -1.7365, -1.87423, -2.03247, -1.31582, -1.76195, -2.01071, -2.00625, -1.6648, -1.69608, -1.76546, -2.2724, -2.52768, -2.47522, -2.40283, -2.22257, -1.98315, -2.20766, -1.948, -2.40697, -2.43258, -2.26813
2.76, 0.0319376, -4.46237, -3.51466, -3.21699, -2.35793, -2.36245, -2.78189, -2.45745, -2.61538, -2.74475, -2.2787, -2.05261, -1.62073, -1.67668, -1.88845, -1.95517, -2.19323, -2.13347, -2.01031, -2.56097, -2.4015, -2.38656, -2.7026, -2.79505, -2.97894, -2.71871, -2.54485, -2.59329, -2.36435, -2.36621, -2.04615
2.78, 0.0319376, -3.58147, -3.35427, -2.8866, -2.42845, -2.55521, -2.33658, -2.18266, -2.2545, -2.05831, -2.07164, -1.49608, -1.26477, -1.57162, -1.1704, -1.48605, -1.6623, -1.80714, -1.84803, -2.08417, -2.09285, -2.04883, -2.51044, -2.28244, -2.31327, -2.42912, -2.46507, -2.50577, -2.52358, -2.56947, -2.21664
2.8, 0.0319376, -0.942366, -0.797155, -0.112745, -0.289868, -0.318445, -0.478739, -0.595564, 0.482448, 0.00366647, -0.515093, -0.0641907, -0.131831, -0.45818, -0.449943, -0.114312, 0.29016, 0.200043, -0.317247, -0.351117, -0.713047, -1.21012, -1.35389, -0.840952, -0.686881, -0.729934, -0.384859, -0.687149, -0.575793, -0.748269, -0.77219
2.82, 0.0319376, 0.721571, 0.879693, 0.928531, 1.09169, 1.45446, 1.78686, 2.16175, 2.74983, 3.14568, 3.10555, 2.96211, 2.8904, 2.87514, 2.81498, 2.53415, 2.37262, 2.03164, 1.68244, 1.47135, 1.49122, 1.48473, 1.15304, 1.08024, 0.93915, 0.918332, 0.452866, -0.349982, -0.411805, -0.447068, -0.140522
2.84, 0.0319376, -0.523636, 0.290984, 0.714203, 1.27022, 1.67425, 1.6783, 1.52025, 2.00621, 2.18055, 1.56438, 1.93729, 1.70131, 1.78358, 1.64155, 0.985277, 0.493932, 0.240145, -0.279487, -0.52279, -0.688829, -0.831166, -0.646229, -0.0158351, -0.0910204, -0.225273, -0.714093, -0.342531, -0.144516, -0.365052, -0.152791
2.86, 0.0319376, 0.329268, -0.310305, 0.085723, 0.798856, 1.27718, 1.49511, 1.98185, 2.41192, 2.59344, 2.38446, 2.02101, 1.63775, 1.75316, 1.74599, 1.58407, 1.43386, 0.888923, 0.0125256, -0.264728, 0.334577, 1.05035, 1.13245, 0.319173, 0.69548, 0.236745, 0.342793, 0.119345, 0.0680984, 0.289786, 0.422512
2.88, 0.0319374, -0.380731, 0.178755, 0.373178, 0.644123, 0.351051, 0.491293, 1.19725, 1.38097, 1.50255, 1.40862, 0.797771, 1.15145, 1.53839, 1.11221, 0.620177, 0.462935, 0.24238, 0.000307155, 0.289154, -0.111496, 0.262286, 0.00902502, 0.0117766, 0.0628346, -0.30601, -0.21054, -0.276508, 0.0149997, -0.114071, 0.0166464
2.9, 0.0319374, 1.31134, 2.09866, 2.47175, 2.10455, 2.13193, 2.39558, 2.25626, 2.61394, 2.66747, 2.59967, 2.95794, 3.09635, 3.15729, 2.58297, 1.47872, 1.3292, 0.970821, 1.00394, 1.50807, 1.5006, 1.35952, 1.12663, 1.0289, 0.54556, 0.808423, 1.2279, 1.41572, 0.94299, 0.416767, 0.35126
2.92, 0.0319374, -1.06587, -1.23372, -1.38784, -0.822362, -0.493846, 0.00345253, -0.0962627, -0.398379, -0.801705, -0.281634, 0.204693, 0.0911742, 0.104787, -0.244511, -0.595399, -0.795669, -0.490431, -0.288883, -0.596161, -0.59464, -0.737377, -0.583319, -0.694505, -0.36063, -0.455397, -0.538314, -0.547384, -0.743888, -0.946807, -0.909417
2.94, 0.0319374, -0.969738, -0.400244, -0.437118, -0.112621, -0.236012, 0.180543, 0.580002, 0.532083, -0.300489, -0.164545, 0.525001, 0.435966, 0.139172, -0.435469, -0.563753, -0.560565, -0.355349, -0.177978, -0.110414, -0.0268669, 0.0446795, -0.0356674, -0.0739651, -0.0678212, 0.164881, 0.242122, 0.451648, 0.686121, 0.758761, 0.845913
2.96, 0.0319374, -2.32254, -1.63885, -1.68426, -1.1771, -0.836234, -0.784544, -0.734058, -0.777962, -0.515728, -0.328874, -0.174643, -0.402762, -0.0627793, 0.127734, 0.307129, -0.0726009, 0.356749, 0.673447, 0.671305, 0.62837, 0.580626, 0.628019, 0.561693, 0.371651, 0.104789, -0.111003, -0.471473, -0.955053, -1.18994, -1.2606
2.98, 0.0319376, -2.1847, -1.44141, -1.56704, -1.5665, -1.79756, -1.09639, -0.140538, 0.312769, 0.498294, 0.347591, 0.292444, -0.0907716, -0.521924, -0.234621, 0.488966, 0.794561, 0.761217, 0.426306, 0.763193, 1.56996, 1.56696, 0.890882, 1.14767, 0.712862, 0.667439, -0.0435409, 0.454821, -0.0168743, -0.686791, -0.368172
3, 0.0319376, -1.72231, -1.64982, -1.98056, -2.11397, -1.63597, -2.30817, -2.52903, -2.35863, -2.07704, -1.79431, -1.12017, -1.6588, -1.54249, -1.00297, -1.38965, -1.57753, -1.68794, -1.24126, -1.33738, -1.93394, -1.58274, -1.82403, -1.47725, -1.53386, -1.65832, -1.69956, -1.42538, -1.47009, -1.61969, -1.32757
3.02, 0.0319376, -2.77292, -2.06764, -2.39848, -2.09383, -1.98443, -2.11169, -1.83678, -1.59569, -1.63817, -1.48383, -1.70673, -2.27135, -1.67603, -1.23067, -1.76011, -1.59633, -1.69193, -2.06435, -1.97691, -1.81704, -1.93838, -1.91644, -1.96545, -1.95438, -1.85092, -1.48831, -1.22176, -1.40825, -1.31643, -1.0798
3.04, 0.0319376, -2.15282, -2.20385, -2.07069, -1.94038, -1.88567, -1.99257, -2.95343, -2.05475, -1.55334, -1.44643, -1.85938, -1.65804, -1.5829, -1.06718, -1.40992, -1.44637, -1.59513, -2.15471, -2.37528, -2.44845, -1.90186, -2.07137, -1.86562, -2.51656, -2.45831, -2.43749, -2.14925, -2.52224, -2.55144, -2.40958
3.06, 0.0319376, -3.00194, -2.77046, -2.56529, -3.28077, -2.11327, -1.7826, -2.50314, -1.44341, -1.3804, -1.52185, -1.77143, -1.31131, -1.45456, -1.69185, -1.73158, -1.41966, -2.0485, -2.57301, -1.99678, -2.10654, -2.58206, -2.46435, -2.61409, -2.51362, -2.2763, -2.61419, -2.55707, -2.46637, -2.54342, -2.55277
3.08, 0.0319376, -3.01707, -3.07748, -2.75165, -3.22947, -2.6841, -2.29414, -2.53753, -1.89877, -2.09243, -1.7673, -2.12051, -1.89102, -1.62456, -1.25641, -1.78074, -1.69683, -1.33939, -1.51738, -1.19422, -1.27646, -1.52013, -1.25069, -1.05521, -1.27682, -1.34795, -1.3517, -1.3785, -1.01184, -1.18202, -1.30258
3.1, 0.0319376, -3.79093, -3.45741, -3.81715, -3.21251, -2.82172, -2.60013, -2.28167, -1.21095, -1.48447, -2.12875, -1.79644, -1.77004, -1.67752, -1.37348, -1.46336, -1.89038, -1.96236, -2.19185, -1.96145, -2.44063, -2.34101, -2.30262, -2.47822, -2.28557, -2.74399, -2.63189, -2.77313, -2.89654, -3.01248, -2.90215
3.12, 0.0319376, -2.7014, -3.34583, -3.13111, -3.24938, -2.16042, -2.60686, -2.59723, -2.11248, -2.13311, -2.27693, -1.88488, -1.72501, -1.3689, -1.44175, -1.40038, -1.74107, -1.5475, -2.24138, -2.29185, -2.39564, -2.81969, -2.38678, -2.34621, -2.75626, -2.59379, -2.49475, -2.68755, -2.77089, -2.78171, -2.688
3.14, 0.0319374, -2.88229, -3.1081, -2.89541, -2.77908, -2.7596, -1.8997, -2.02417, -1.50311, -1.53694, -1.41669, -1.42039, -1.90945, -1.29101, -1.12458, -1.67603, -1.78495, -1.94152, -1.62435, -2.05357, -2.22374, -2.11825, -2.57242, -2.28003, -2.53416, -2.88239, -2.38691, -2.80389, -3.15163, -3.01903, -2.52405
3.16, 0.0319374, -3.21292, -2.73092, -2.34496, -2.99968, -2.69407, -2.50173, -2.7066, -1.9067, -1.43372, -1.56198, -1.86961, -2.09069, -1.6701, -1.44, -1.97576, -1.30704, -1.85971, -1.95922, -2.23635, -2.21335, -2.3394, -2.64682, -2.77938, -2.83375, -2.80837, -2.76931, -2.77247, -2.69669, -2.8302, -2.7324
3.18, 0.0319374, -3.25681, -2.44956, -3.86549, -3.49535, -3.17354, -3.07422, -2.57405, -2.24587, -1.67375, -1.43345, -2.05504, -1.53251, -1.23883, -1.24552, -1.36124, -1.19539, -1.51088, -1.91615, -1.83943, -1.9842, -2.19908, -2.72001, -2.69417, -2.52037, -2.21314, -2.69869, -2.56615, -2.87512, -2.86664, -2.91717
3.2, 0.0319374, -2.78823, -2.69322, -2.72459, -2.78448, -2.12964, -2.40095, -2.58572, -3.072, -1.65449, -1.81719, -1.77158, -1.62441, -1.40089, -1.01088, -0.917612, -1.39041, -1.61497, -1.74455, -1.97828, -2.17561, -2.53603, -2.5994, -1.76133, -2.18071, -2.37786, -2.68158, -2.15849, -2.29762, -2.68391, -2.81249
3.22, 0.0319374, -2.48509, -2.30848, -2.05522, -2.21876, -2.69795, -2.64301, -2.12974, -1.81181, -1.37381, -1.63539, -1.90555, -1.73789, -1.09444, -1.42093, -1.79805, -2.02781, -1.89492, -2.26657, -2.57378, -2.51111, -2.19079, -2.4723, -2.63591, -2.10241, -2.50953, -2.40854, -2.12385, -1.7444, -2.24422, -2.23753
3.24, 0.0319376, -2.47129, -2.74764, -3.08336, -2.44027, -2.89853, -2.52456, -2.17913, -1.93151, -1.72669, -1.88673, -1.78569, -1.40716, -1.05224, -1.149, -1.46004, -1.48793, -1.83143, -2.23874, -2.38773, -2.35733, -2.69631, -2.43004, -2.33675, -2.14729, -2.16273, -2.29265, -2.37078, -2.58682, -2.26925, -2.18206
3.26, 0.0319376, -2.94295, -3.05918, -3.34037, -2.88517, -2.95577, -2.74029, -2.88574, -2.32906, -1.86477, -2.35933, -2.46213, -1.84099, -1.24741, -1.9435, -1.50473, -1.27073, -1.84514, -2.26135, -2.00603, -2.14027, -2.39492, -2.33361, -2.50304, -2.55615, -2.49913, -2.47855, -2.24967, -2.49574, -2.53232, -2.60614
3.28, 0.0319376, -2.80242, -3.28248, -3.06986, -2.85557, -3.12348, -2.71501, -2.31551, -1.72935, -1.78098, -1.79765, -1.95168, -1.99546, -1.68755, -1.38062, -1.59433, -2.07275, -2.07738, -2.05434, -2.07354, -1.98473, -2.56568, -2.48453, -2.52572, -2.84467, -2.75581, -2.7118, -2.85739, -3.4239, -2.94673, -2.72943
3.3, 0.0319376, -1.92624, -3.69159, -3.11177, -3.89451, -2.86748, -3.14252, -2.80198, -1.61521, -1.75278, -2.24693, -1.73149, -2.23192, -1.26504, -1.25251, -1.72857, -1.98691, -1.81834, -2.39832, -2.27166, -2.02713, -2.35241, -2.33022, -2.67001, -2.70026, -2.67817, -2.99366, -2.57838, -2.47509, -2.31124, -2.29843
3.32, 0.0319376, -2.50903, -3.11896, -3.25068, -2.97243, -2.65803, -2.68792, -3.09911, -2.61901, -1.8122, -2.12417, -2.42154, -2.40336, -1.64929, -1.33855, -1.4228, -1.57867, -1.70264, -2.31581, -2.31179, -2.58059, -2.80841, -2.80138, -2.83944, -2.91576, -3.0214, -2.80181, -2.77319, -2.86207, -2.94196, -3.09858
3.34, 0.0319376, -2.97331, -3.76481, -3.29152, -3.02751, -3.38261, -3.34803, -3.16751, -2.39417, -2.31999, -2.52281, -1.52553, -1.83345, -2.25146, -1.57989, -1.79996, -1.84042, -2.17566, -2.4285, -2.16824, -2.39404, -2.47845, -2.48176, -2.66112, -2.79513, -2.5197, -2.34076, -2.36452, -2.35954, -2.39534, -2.26801
3.36, 0.0319376, -2.87962, -3.25713, -3.311, -3.76338, -3.60878, -3.07372, -3.08806, -2.02174, -1.19938, -2.17824, -2.39347, -1.44548, -1.72114, -1.78089, -1.67733, -1.72153, -2.1462, -2.45793, -2.58407, -2.87364, -2.58277, -2.8236, -2.85488, -2.76319, -2.96241, -2.8718, -2.8552, -2.85854, -2.89028, -2.81595
3.38, 0.0319374, -2.83612, -3.02106, -3.26533, -2.59637, -2.6109, -2.5409, -3.12509, -2.767, -2.20727, -2.02737, -2.7861, -2.61883, -2.10313, -2.09476, -1.46959, -1.73204, -1.94808, -1.76989, -2.31872, -2.44773, -2.43984, -2.82059, -2.58968, -2.31385, -2.49978, -2.46655, -2.80956, -2.70131, -2.83115, -2.71106
3.4, 0.0319374, -2.71468, -2.76903, -2.39744, -2.24955, -1.93078, -2.81744, -2.80045, -3.26017, -2.05091, -2.53105, -2.48016, -1.78459, -1.70184, -1.4181, -1.5138, -1.6715, -2.06933, -1.95146, -1.97225, -2.01614, -2.2722, -2.43509, -2.40181, -2.35895, -2.53518, -2.20475, -2.32688, -2.62004, -2.54318, -2.57355
3.42, 0.0319374, -2.36141, -1.83958, -2.0346, -1.97606, -1.23601, -1.62687, -2.23991, -2.33403, -1.66189, -1.85687, -1.95397, -1.62636, -1.79876, -1.71384, -1.65741, -1.36981, -1.33309, -1.28843, -1.27492, -0.868336, -1.07181, -1.15046, -0.872518, -0.921371, -1.02976, -0.822433, -0.843398, -1.17753, -1.15134, -1.07423
3.44, 0.0319374, -3.70288, -2.68254, -3.66752, -2.97546, -1.99223, -2.92494, -2.96357, -1.9759, -2.08702, -2.73824, -2.27377, -1.9978, -1.73484, -1.37489, -1.38125, -1.22418, -1.52861, -1.81153, -1.63362, -1.48011, -2.25814, -2.24754, -2.39933, -2.59832, -2.39906, -2.33455, -2.2313, -2.23638, -2.72079, -2.55102
3.46, 0.0319374, -2.88888, -2.50359, -1.93084, -1.39553, -0.0341283, -0.208993, -0.245417, -0.0727136, 0.161763, 0.21207, -0.23551, -0.634986, -0.536534, -1.2702, -0.487424, -0.332918, -0.722148, -0.911154, -0.664445, -0.454029, -1.19572, -1.80112, -1.24573, -0.993447, -0.839321, -1.02029, -1.19322, -1.30905, -1.29633, -1.13249
3.48, 0.0319376, -0.641328, -0.0746221, -0.901713, -0.703383, -0.450505, 0.292051, 0.544175, -0.0726571, -0.201037, 0.63801, 0.7804, 0.590592, 0.0607867, 0.177897, -0.341502, -0.0187813, -0.370218, -0.162547, 0.474879, 0.143962, -0.0201001, 0.13722, -0.284258, -0.500377, -0.0974162, -0.279, -0.26686, 0.0843366, 0.520832, 0.516186
3.5, 0.0319376, -0.460742, -1.16686, -1.05519, -1.23028, -0.805055, -1.39646, -1.36297, -0.806532, -0.616629, -0.595586, -0.0341077, -0.557254, -0.378353, -0.253235, -0.580562, -1.18258, -1.18969, -1.58217, -1.26914, -1.84698, -1.52788, -1.20824, -1.49271, -1.53713, -1.49463, -1.93878, -2.18567, -1.89408, -1.80695, -1.52289
3.52, 0.0319376, -2.48543, -2.02969, -2.02992, -1.69473, -1.7881, -1.64221, -1.76686, -1.09558, -0.609174, -1.0031, -2.05545, -1.29097, -1.13621, -1.58752, -1.22918, -1.48767, -1.38352, -1.71686, -1.71311, -2.13117, -1.92169, -1.9096, -2.09482, -2.05956, -1.881, -1.89308, -1.80946, -1.58314, -1.73081, -1.75046
3.54, 0.0319376, -0.826358, -0.888349, -0.558432, -0.517877, -0.0968747, -0.909821, -0.414693, 0.840779, 1.41621, 1.08233, 1.26763, 1.51255, 1.62509, 1.61729, 1.6161, 1.42269, 1.24516, 1.05111, 0.873435, 0.291583, -0.583842, -0.236524, -0.993879, -1.19965, -1.58023, -1.34965, -0.556266, -0.364484, -0.417682, -0.633155
3.56, 0.0319376, -1.96469, -1.43952, -1.20779, -1.69302, -0.572676, 0.31089, 0.0773831, 0.266897, 0.972596, 1.25883, 1.58965, 1.24294, 1.19377, 0.775595, 0.631369, -0.144768, -0.708802, -0.84665, -0.514345, 0.0705129, 0.453521, 0.297467, 0.354781, 0.492375, 0.493185, 0.0846644, -0.628375, -0.832005, -1.1263, -1.22216
3.58, 0.0319376, -0.119761, -0.0887066, 0.0818996, -0.166904, 0.114357, 0.692285, 1.06934, 1.35159, 1.2437, 1.01702, 0.815274, 0.467279, 0.109793, 0.00112244, 0.0121006, 0.0189871, -0.0227053, -0.330788, -0.958032, -1.22219, -0.964282, -1.35505, -1.32612, -1.24122, -1.11128, -0.768042, -1.11014, -1.44482, -1.46705, -1.10986
3.6, 0.0319376, 0.0558951, 0.615942, 0.684262, -0.212438, 0.239022, 0.64341, 0.70671, 1.19229, 1.1184, 1.35445, 1.62225, 1.61405, 1.70888, 1.17811, 1.47773, 1.30661, 0.690115, 0.572072, 0.650222, 0.433326, 0.581329, 0.292554, 0.354314, 0.303616, -0.0462616, -0.118615, -0.13528, 0.241955, -0.120292, -0.150842
3.62, 0.0319376, -0.878221, -0.219769, -0.510933, -0.187059, 0.308323, 0.359827, 0.324354, 0.52077, 1.39223, 1.83744, 1.5373, 1.36302, 1.62271, 1.69086, 1.40532, 0.932622, 0.80252, 0.419129, 0.263194, 0.605748, 0.453972, -0.160434, 0.317819, 0.22471, -0.120782, 0.0888271, -0.217052, -0.294445, -0.37254, -0.51584
3.64, 0.0319374, -1.64641, -1.06014, -0.654411, -0.737641, -0.788796, -0.691242, 0.179201, 0.127602, -0.291158, 0.27139, 0.957801, 0.718499, -0.0575565, 0.193394, -0.62077, -0.743094, -1.19164, -1.04893, -1.02392, -1.10058, -0.892778, -1.16114, -0.826641, -1.14722, -1.45393, -1.45547, -1.33697, -1.23499, -1.33057, -1.35762
3.66, 0.0319374, -2.73875, -2.70244, -3.02839, -2.09776, -2.41161, -1.79391, -1.94154, -1.28465, -0.443298, -0.48416, -0.499717, -1.07197, -1.03119, -0.914663, -1.42038, -1.045, -0.729521, -0.9674, -1.17957, -0.897655, -0.78445, -0.997711, -1.00824, -1.18037, -1.08806, -1.15591, -1.25756, -1.81038, -1.87222, -1.56837
3.68, 0.0319374, -2.17736, -2.62941, -2.9797, -3.16292, -2.25785, -1.93342, -1.67612, -1.85094, -1.5163, -2.05404, -1.55668, -1.75693, -1.63067, -1.09489, -1.19462, -1.5258, -1.87169, -1.68596, -1.94428, -1.50573, -1.73162, -2.17636, -2.12861, -2.37389, -1.90826, -1.91587, -1.99183, -2.20985, -2.14011, -1.92437
3.7, 0.0319374, -1.90454, -1.58159, -1.81311, -2.12123, -2.15588, -2.18195, -2.31396, -2.83835, -1.92843, -1.61976, -1.62942, -1.60074, -1.47197, -1.06341, -1.07787, -1.58932, -1.29324, -1.24047, -1.35208, -1.34171, -1.29619, -1.56583, -1.6784, -1.46827, -1.73078, -1.8584, -2.16129, -2.37671, -2.04994, -2.07212
3.72, 0.0319374, -1.78452, -2.35478, -1.8894, -2.27335, -2.26982, -2.39526, -2.40378, -1.75484, -1.56466, -1.74505, -1.7655, -1.78818, -1.70587, -1.28664, -1.3125, -1.71649, -1.73932, -1.99343, -1.80503, -2.31359, -2.2803, -2.28765, -2.2449, -2.32141, -2.12882, -2.26686, -2.13693, -2.11807, -2.11205, -1.95358
3.74, 0.0319376, -2.1563, -2.09836, -1.60025, -1.47616, -1.79949, -2.2858, -1.77144, -1.10075, -1.54252, -1.94027, -1.44384, -1.59545, -1.31108, -1.31489, -1.65163, -1.5755, -1.7223, -2.06871, -1.8178, -2.30233, -2.06923, -2.06944, -1.83929, -1.72779, -1.67261, -1.66411, -1.74845, -1.8797, -2.03152, -2.05795
3.76, 0.0319376, -2.16065, -2.25247, -2.75552, -2.36598, -2.08584, -2.33935, -1.87941, -2.06531, -1.67559, -1.21473, -1.07725, -1.13334, -1.28073, -1.31306, -1.23888, -1.56761, -2.11951, -2.33839, -2.13384, -1.8591, -1.90792, -1.92746, -2.07201, -2.00145, -1.95372, -1.85256, -1.58471, -1.71834, -1.99526, -2.20661
3.78, 0.0319376, -1.47282, -0.566191, -0.860728, -0.762168, -0.94647, -1.34631, -1.44697, -1.74896, -1.73301, -1.19282, -1.13086, -0.852441, -0.983936, -0.581316, -1.00694, -1.63743, -1.14346, -1.24066, -1.14812, -1.32183, -1.10413, -1.40599, -1.39578, -1.47043, -1.2825, -1.08655, -1.22322, -1.92929, -2.38518, -1.93801
3.8, 0.0319376, -2.57014, -2.57383, -2.22024, -3.02988, -2.66939, -2.58534, -2.78282, -2.57541, -1.60279, -2.04706, -2.15974, -1.71925, -1.92372, -2.146, -1.85815, -1.65617, -1.85893, -2.59325, -2.13958, -2.4826, -2.73269, -2.70691, -2.347, -2.38099, -2.63596, -2.43455, -2.49518, -2.74247, -2.53669, -2.60294
3.82, 0.0319376, -3.20059, -1.8778, -1.79272, -2.3897, -2.74325, -2.40141, -2.42238, -1.67849, -1.61366, -1.82858, -1.99101, -2.01127, -1.62589, -1.40091, -1.88921, -1.36496, -1.46314, -2.10753, -2.0197, -2.12785, -2.05398, -2.44388, -2.09426, -2.23731, -2.18939, -1.97834, -2.05292, -2.13219, -2.11444, -2.4452
3.84, 0.0319376, -2.34369, -1.51852, -1.57487, -1.38509, -1.42846, -1.76565, -1.37136, -1.22169, -1.25575, -1.28147, -1.36546, -0.838958, -0.605334, -0.431161, -0.992808, -0.933833, -1.33294, -1.53222, -1.64854, -1.48986, -1.34424, -1.0236, -1.17739, -1.34198, -1.47733, -1.32244, -1.4649, -1.71997, -1.27586, -1.48594
3.86, 0.0319376, -2.38219, -0.977487, -0.25661, -0.145968, -0.284904, -0.1242, -0.0277958, -0.157128, 0.159049, 0.039494, -0.11519, 0.134888, 0.243116, 0.137411, 0.135127, -0.0449684, -0.474336, -1.0642, -1.01446, -0.459943, -0.196404, -0.202193, 0.023171, 0.13027, -0.118804, -0.580221, -0.107277, 0.485175, 0.449257, -0.0971372
3.88, 0.0319374, -2.05281, -2.18116, -2.408, -3.5669, -2.5704, -2.6711, -2.48302, -2.67754, -1.88025, -1.79505, -1.85113, -1.81804, -1.29969, -1.46778, -2.06615, -2.40531, -2.33441, -2.2805, -2.06956, -2.28185, -2.3233, -2.18756, -2.38269, -2.49428, -2.40209, -2.229, -2.18181, -2.26443, -2.21448, -2.02417
3.9, 0.0319374, -2.89838, -2.48241, -2.95344, -2.99431, -2.64143, -2.19908, -2.16141, -2.16592, -2.09351, -1.84919, -1.72423, -1.27555, -1.49311, -1.53562, -1.01011, -1.43852, -1.95294, -2.32198, -2.08294, -1.88559, -1.62079, -1.55091, -1.5896, -1.65133, -1.72056, -1.57092, -1.85433, -1.8484, -1.81003, -1.8538
3.92, 0.0319374, -2.05297, -2.37856, -2.46921, -2.68205, -2.17644, -2.20939, -2.39766, -2.15599, -1.8588, -2.69109, -2.07851, -2.09275, -1.93505, -1.81288, -1.84022, -1.5669, -2.14307, -2.30924, -2.74937, -2.75931, -2.56528, -2.41893, -2.48087, -2.45265, -2.7666, -2.64099, -2.86277, -2.70104, -2.45047, -2.84747
3.94, 0.0319374, -2.91234, -3.09304, -3.07795, -2.53962, -2.28827, -2.98968, -2.59869, -2.51181, -1.90211, -1.34068, -1.40932, -1.40546, -0.974305, -0.65437, -0.98459, -1.16457, -1.37495, -1.4758, -1.53119, -1.43403, -1.55517, -1.6505, -0.991678, -0.59701, -0.665977, -0.963789, -1.21957, -1.52882, -1.68532, -1.52189
3.96, 0.0319374, -3.42434, -2.97455, -3.78679, -3.19989, -2.83563, -2.92789, -3.13736, -3.10884, -2.90172, -2.94006, -2.49981, -2.13072, -1.83767, -2.14365, -2.14747, -1.74084, -1.74407, -2.24762, -2.20735, -1.92895, -1.47415, -1.23862, -1.47482, -1.95867, -2.14802, -2.50897, -2.40174, -2.56965, -2.785, -2.45233
3.98, 0.0319376, -3.49453, -3.37073, -3.05102, -2.70386, -2.54458, -3.26876, -3.52218, -3.01062, -2.30396, -2.1338, -2.39275, -2.28526, -2.29852, -1.81147, -1.71886, -1.59111, -2.1167, -1.89059, -1.61367, -1.75702, -1.44513, -1.37864, -1.52199, -1.41748, -1.59179, -2.09446, -1.88399, -2.08722, -2.02847, -1.85495
4, 0.0319376, -3.31276, -3.3086, -2.87359, -2.43693, -1.91876, -2.03981, -2.08512, -1.57748, -1.79262, -1.51674, -1.33169, -0.644881, -0.590868, -0.440718, -0.496913, -0.343733, -0.507535, -0.714042, -0.983665, -1.58947, -1.55879, -1.33197, -1.13658, -1.62011, -2.02482, -2.09778, -2.65959, -2.60902, -2.61452, -2.74179
4.02, 0.0319376, -3.83883, -3.05136, -3.08179, -3.65447, -3.20281, -3.77519, -3.23583, -2.97358, -3.06678, -2.98523, -2.87992, -2.56383, -2.30952, -2.11827, -2.37337, -1.99224, -2.1676, -2.82924, -2.38449, -2.56957, -2.52599, -2.55906, -2.64539, -2.551, -2.46391, -2.60323, -2.8881, -2.74665, -2.77571, -2.86469
4.04, 0.0319376, -3.59456, -2.82737, -3.16608, -2.91445, -3.14535, -2.91848, -2.8862, -2.51597, -3.67454, -3.12128, -2.50796, -2.678, -2.7368, -2.1443, -2.28478, -2.84432, -2.00387, -2.30652, -2.31241, -2.76508, -2.49591, -2.78398, -2.45181, -2.19563, -2.19146, -2.3849, -2.44107, -2.77147, -2.86232, -2.93194
4.06, 0.0319376, -3.17169, -3.1303, -3.20912, -3.22774, -2.81819, -2.87075, -2.58311, -1.7034, -2.0264, -2.51217, -3.32362, -2.69649, -2.37274, -2.17125, -2.24777, -2.13838, -1.90685, -2.19787, -2.25958, -2.78314, -2.63291, -2.57759, -2.36609, -2.61062, -2.72549, -2.91617, -2.61219, -2.57838, -2.98559, -2.61015
4.08, 0.0319376, -3.37703, -3.64281, -3.23904, -2.82445, -3.26285, -3.54019, -3.45442, -3.08614, -2.72134, -3.50486, -3.78766, -3.55394, -3.47348, -2.45094, -2.36616, -2.61546, -2.51347, -2.49048, -2.69212, -2.54937, -2.7095, -2.72064, -3.07306, -2.75529, -2.59068, -2.60637, -2.9048, -2.83037, -3.34019, -2.95625
4.1, 0.0319376, -3.85546, -3.5109, -3.92797, -3.64389, -3.46397, -3.3357, -3.42735, -3.53881, -3.20653, -2.89296, -3.32958, -3.1906, -2.62137, -2.57319, -2.77687, -2.68458, -2.69553, -2.3556, -2.51183, -2.45836, -2.60258, -2.64822, -2.53341, -2.3546, -2.33268, -2.35934, -2.40621, -2.3841, -2.63761, -2.53455
4.12, 0.0319376, -3.46217, -3.40551, -3.63779, -3.60583, -2.99226, -3.26046, -3.22941, -2.71854, -2.88407, -3.5248, -3.03867, -2.7812, -2.87599, -2.56245, -2.81529, -2.65119, -2.22497, -1.99555, -2.12006, -2.24146, -2.53644, -2.72357, -2.55019, -2.91306, -2.5889, -2.73118, -2.52637, -2.57573, -2.75822, -2.59271
4.14, 0.0319376, -3.18171, -3.637, -3.58261, -3.25401, -3.7239, -3.44816, -3.06437, -3.16482, -3.17896, -3.46966, -3.45118, -3.33373, -2.58828, -2.53615, -2.58739, -2.79534, -2.80518, -2.45826, -2.21193, -2.4512, -2.83326, -2.7182, -2.60449, -2.75182, -2.90442, -2.84731, -2.6466, -2.82518, -2.89925, -2.89662
4.16, 0.0319376, -3.46201, -3.40213, -3.97874, -3.8192, -4.24738, -3.86048, -3.36807, -2.77494, -3.35058, -3.47516, -3.00694, -2.99067, -2.71582, -2.91266, -2.86408, -2.95692, -2.46089, -2.34273, -2.51324, -2.12841, -2.76172, -2.61751, -2.5005, -2.27487, -2.32083, -1.86387, -2.13321, -2.14714, -2.5346, -2.53962
4.18, 0.0319376, -2.94591, -2.82153, -2.99966, -3.27792, -3.15611, -2.4278, -2.47767, -2.83483, -2.42025, -2.69865, -3.42198, -2.77652, -2.16755, -2.35287, -2.14426, -2.69914, -2.67335, -2.41448, -2.27872, -2.48587, -2.29696, -2.60872, -2.60482, -2.58707, -2.28398, -2.24754, -2.47626, -2.53219, -2.69012, -2.51456
4.2, 0.0319376, -0.775492, -0.7564, -1.30496, -2.04805, -1.32705, -1.5778, -1.36861, -1.28492, -1.04913, -1.44443, -1.81463, -1.67336, -1.62379, -1.20603, -1.07987, -1.3608, -1.17596, -1.1966, -1.03583, -0.784051, -0.672196, -1.08038, -1.08907, -1.36658, -1.03909, -1.19161, -1.20526, -1.30715, -1.1968, -1.02009
4.22, 0.0319376, -1.84656, -1.22737, -1.4725, -1.51577, -1.28503, -0.701745, -1.38917, -1.09248, -0.877776, -0.884089, -0.912375, -1.33067, -1.28518, -1.0448, -1.57005, -1.60731, -0.829961, -0.535617, -0.694782, -0.0230338, -0.112391, 0.222731, 0.0461263, -0.777393, -0.748882, -0.832666, -1.09041, -1.03197, -1.1843, -1.40593
4.24, 0.0319376, -2.4166, -0.631698, -0.580978, -1.21482, -0.861106, -0.32617, -0.940379, -0.135408, 0.693851, 0.146643, -0.122292, -0.133002, -0.156347, -0.430559, -0.219018, -0.582839, -0.366954, -0.224088, -0.291593, -0.500857, -0.41598, -0.238687, 0.0113168, -0.224653, 0.095829, -0.19559, -0.440416, -0.740206, -1.13017, -0.980656
4.26, 0.0319371, -0.91397, -0.592562, -0.895905, -1.18816, -0.792493, -0.442164, -0.479717, 0.135328, 0.0613927, -0.0884507, -0.598447, -0.558761, -0.781448, -0.927677, -0.8156, -0.783925, -0.60637, -0.617766, -0.324075, -0.262428, -0.373428, -0.651675, -0.362079, -0.631023, -0.804528, -0.64142, -0.741948, -1.07285, -0.952017, -0.742018
4.28, 0.0319371, -0.637445, 0.6024, 0.385858, 0.355448, 0.612029, 0.822085, 1.01237, 1.22387, 1.49521, 2.15461, 1.78053, 1.75573, 1.91881, 1.48791, 0.732438, 0.164137, 0.142256, -0.064018, 0.339499, 0.409982, 0.457687, 0.717798, 0.284899, 0.05696, 0.321418, 0.439143, 0.504554, 0.271856, 0.302554, 0.753445
4.3, 0.0319371, 0.351034, 1.46841, 2.04217, 1.43863, 2.48829, 2.45639, 2.88109, 3.23833, 3.66319, 3.68694, 3.52736, 2.91525, 1.75444, 2.15247, 1.88493, 1.4064, 1.21849, 1.11555, 1.5187, 1.43284, 1.23534, 0.770459, 0.724858, 0.841968, 0.765714, 0.398082, 0.469554, 0.666195, 0.321501, 0.287532
4.32, 0.0319371, -0.423176, 0.20541, 0.698218, 0.104575, 0.244423, 0.973183, 0.912862, 0.327707, 0.480613, 0.871413, 1.2061, 1.00707, 0.87814, 1.0397, 0.713237, 0.391691, 0.379615, 0.282674, 0.374272, 0.390519, 0.113031, 0.010767, 0.000892836, -0.295454, -0.308169, -0.143668, -0.29606, -0.183113, -0.160569, -0.394082
4.34, 0.0319371, -0.189411, -0.443944, -0.289981, 0.851548, 0.964629, 0.701508, 0.242345, 0.621136, 1.5644, 1.87328, 1.59223, 1.51517, 1.83481, 1.97722, 1.65173, 1.31609, 0.828553, 0.534084, 0.534402, 0.185723, -0.0110357, -0.242358, -0.111365, -0.713791, -0.286773, -0.395097, -0.587899, -0.516342, -0.307442, -0.141701
4.36, 0.0319376, -2.50463, -2.07501, -1.77516, -1.62709, -0.961601, -0.594076, -0.620265, -0.438155, -0.218678, 0.0077838, -0.350547, 0.0507952, 0.30746, 0.185017, -0.0925422, -0.260903, -0.486728, -0.813172, -0.691501, -0.538289, -0.723624, -0.526055, -0.776395, -0.786009, -0.735023, -1.01983, -1.0003, -1.11638, -0.899067, -1.07588
4.38, 0.0319376, -1.69425, -1.50969, -1.56611, -1.38796, -1.4729, -0.91782, -0.857952, -0.30373, -1.16189, -1.38994, -1.567, -1.13559, -0.83317, -1.08447, -1.4903, -1.27845, -1.43944, -0.629072, -0.931557, -0.792152, -1.15285, -1.08423, -1.35275, -1.01505, -0.789926, -0.908349, -0.74447, -0.490995, -0.741979, -0.154397
4.4, 0.0319376, -1.15547, -1.03319, -1.23128, -0.624506, -0.0973665, -0.842436, -0.876406, -1.25411, -1.59495, -1.32566, -1.21987, -0.96068, -0.679437, -0.860821, -0.866059, -0.706133, -0.126357, -0.355926, -0.670003, -0.591286, -0.535323, -0.356231, -0.441858, -0.693524, -0.735775, -0.754261, -1.08192, -1.14841, -1.16933, -0.992538
4.42, 0.0319376, -1.46205, -1.22722, -0.556999, -1.09395, -1.32458, -0.966804, -0.804312, -0.98215, -1.15361, -1.06888, -0.933242, -1.32097, -1.4048, -1.32182, -1.2679, -1.24075, -0.988589, -0.803225, -0.756884, -0.503664, -0.679032, -0.461987, -0.495015, -0.544512, -0.280275, -0.285755, -0.0386502, -0.12036, -0.0487033, 0.00538873
4.44, 0.0319376, -2.91268, -2.67701, -3.01211, -2.93381, -2.57625, -2.62305, -2.60465, -1.72018, -2.2581, -1.69601, -1.87673, -1.89837, -1.71133, -1.59487, -1.62217, -1.37648, -2.08024, -2.23858, -1.91738, -1.70239, -1.79618, -1.92932, -1.70716, -1.78849, -1.26631, -1.43242, -1.30212, -1.38662, -1.20692, -1.38155
4.46, 0.0319376, -3.59406, -2.77327, -2.73551, -2.4201, -2.89028, -2.30325, -2.63302, -3.05647, -2.76462, -2.55286, -2.55442, -2.62473, -2.09651, -1.82776, -1.91148, -2.32298, -2.2623, -2.19741, -2.24766, -2.37528, -2.66365, -2.75126, -2.38855, -2.46885, -2.24351, -2.27441, -1.8733, -1.95835, -2.19383, -2.05871
4.48, 0.0319376, -2.38727, -2.58444, -2.33464, -2.44331, -2.43235, -3.20017, -2.84351, -2.70664, -2.54929, -2.01682, -2.72974, -1.56333, -2.08341, -1.98389, -1.78859, -1.6936, -1.5372, -1.68853, -1.87427, -1.50604, -1.98367, -1.55606, -1.40312, -1.46192, -1.2357, -1.30938, -1.07844, -1.15675, -1.39559, -1.46645
4.5, 0.0319376, -3.12512, -2.76722, -2.75262, -2.84672, -2.69101, -2.72013, -2.48241, -2.35051, -2.76126, -2.64373, -2.50542, -2.10317, -1.97349, -1.57603, -1.92389, -2.1704, -2.43519, -2.22131, -2.13744, -2.46799, -2.25878, -2.36386, -2.39555, -2.36785, -1.97424, -2.10655, -2.13633, -2.36162, -2.25692, -2.03107
4.52, 0.0319376, -2.77057, -2.61999, -2.32418, -2.66785, -1.98633, -2.52002, -2.27966, -2.66324, -2.24464, -2.10011, -2.28789, -1.66678, -1.24626, -1.40804, -1.5077, -1.75399, -1.66322, -1.56342, -1.46194, -1.41248, -0.971292, -0.767565, -0.620244, -0.474224, -0.535689, -0.503025, -0.399356, -0.281525, -0.0707469, 0.038319
4.54, 0.0319376, -1.59192, -1.93437, -2.10684, -1.89563, -1.68154, -1.48105, -1.24833, -0.77848, -0.416847, -0.0210904, -0.0611055, -0.128411, -0.0993725, -0.010162, -0.256738, -0.567162, -0.719189, -0.919729, -1.2694, -1.01485, -1.17777, -1.36419, -0.716438, -0.893054, -1.07101, -0.796235, -0.589865, -0.612918, -0.916502, -1.11442
4.56, 0.0319376, -2.45812, -1.97708, -1.82064, -1.90481, -1.66835, -1.51755, -1.70249, -1.55924, -1.41936, -1.46154, -1.90773, -1.33299, -1.40842, -1.49308, -1.86814, -2.03808, -2.087, -1.90348, -2.31975, -1.76667, -1.36668, -0.979478, -0.754961, -0.46353, -0.234514, -0.167073, 0.283495, 0.49362, 0.421995, 0.407226
4.58, 0.0319376, -3.30975, -3.18585, -2.82287, -2.66647, -3.03201, -2.9368, -3.51544, -3.07451, -2.28117, -2.49407, -2.92065, -2.82642, -2.54518, -2.4232, -2.16076, -1.93664, -2.16998, -2.51069, -2.40164, -2.47175, -2.43889, -2.66187, -3.05071, -2.67227, -2.48667, -2.22817, -2.2225, -2.17347, -2.39039, -2.55566
4.6, 0.0319376, -1.72435, -1.99982, -2.34482, -2.43636, -1.96424, -1.96761, -2.1186, -2.42501, -2.24823, -1.822, -1.57223, -1.57439, -1.59878, -1.02592, -1.21168, -1.54671, -1.6312, -2.13402, -2.14549, -2.31285, -2.24966, -2.50937, -2.29069, -2.2818, -2.01924, -2.1419, -1.94745, -1.86695, -2.00615, -1.65713
4.62, 0.0319376, -3.2863, -2.75214, -2.25651, -2.6177, -2.21311, -1.91277, -1.84734, -1.90917, -1.60848, -0.981111, -1.33417, -1.43976, -1.58104, -1.50823, -1.44137, -1.65843, -1.59868, -1.62257, -1.71046, -1.4548, -0.989696, -1.02224, -1.06904, -0.644593, 0.0817694, 0.421345, 0.79147, 0.918084, 0.417551, 0.516894
4.64, 0.0319376, -3.60361, -3.08144, -3.03985, -3.58986, -3.08448, -2.49112, -2.7204, -2.3553, -2.37219, -2.61795, -2.39441, -2.73818, -2.00455, -1.56733, -1.65709, -2.8664, -2.2559, -2.1493, -2.31429, -2.67585, -2.42757, -2.69042, -2.52888, -2.26278, -2.40287, -2.50112, -2.36927, -2.46749, -2.50829, -2.43235
4.66, 0.0319376, -3.4385, -2.7972, -2.32493, -1.78024, -1.16264, -0.91511, -0.912768, -0.804554, -0.565762, -0.340211, -0.193675, -0.248618, -0.33392, -0.820752, -1.05209, -0.814952, -0.74842, -0.677777, -0.963068, -1.38692, -1.80373, -2.05665, -2.28825, -2.27873, -2.25874, -2.02534, -1.9082, -1.67239, -1.91934, -1.78394
4.68, 0.0319376, -3.16755, -2.30663, -2.23057, -2.14245, -1.95199, -2.18331, -1.52372, -1.59908, -1.7188, -2.30155, -1.92308, -2.17472, -2.04195, -1.51937, -1.44631, -2.00662, -2.04002, -1.50249, -1.57618, -1.83807, -1.89525, -1.74292, -1.46895, -1.55542, -1.93103, -1.63279, -1.74484, -1.81646, -1.93142, -2.04375
4.7, 0.0319376, -3.58428, -3.66631, -2.86858, -2.48883, -2.45115, -2.44472, -2.09827, -2.05602, -2.27519, -2.20102, -2.40471, -2.13176, -1.98243, -1.74906, -1.73828, -1.3312, -1.18401, -1.04845, -0.930901, -0.976859, -1.19059, -1.55574, -1.80326, -2.07726, -1.99936, -1.62359, -1.35944, -1.39626, -1.66444, -1.61305
4.72, 0.0319376, -3.3195, -2.87074, -2.10877, -2.5684, -2.03691, -2.3236, -2.60698, -2.25763, -1.77084, -1.68569, -2.11656, -2.02877, -1.99286, -1.87619, -2.10197, -2.30383, -2.07852, -1.7685, -2.42804, -2.30411, -2.37979, -2.36297, -2.4288, -2.67114, -2.57527, -2.29618, -2.35592, -2.27287, -2.43323, -2.44688
4.74, 0.0319376, -2.48548, -2.31533, -2.3771, -2.95587, -2.65004, -2.47234, -2.07656, -1.8652, -2.1097, -1.25372, -1.52347, -1.52126, -1.63653, -1.41239, -1.1683, -0.953998, -0.957536, -1.43987, -1.64343, -1.60254, -1.55469, -1.96572, -1.97685, -1.61934, -1.40969, -1.69736, -1.48246, -1.22586, -1.22198, -1.33305
4.76, 0.0319371, -2.79199, -2.76441, -2.73587, -2.16908, -2.32347, -2.54928, -2.56474, -1.55142, -2.03431, -1.81252, -1.64622, -1.84044, -1.60227, -1.48072, -1.67134, -1.80562, -2.28508, -1.96055, -1.92093, -1.88023, -1.43375, -1.72678, -1.58831, -1.97393, -1.62817, -1.17378, -1.16562, -1.16791, -1.49708, -1.65638
4.78, 0.0319371, -3.54271, -2.90232, -3.26655, -1.95936, -1.86329, -1.81991, -1.45533, -1.57422, -1.97133, -1.20366, -1.60112, -2.61272, -2.02484, -2.02914, -1.46175, -1.47506, -1.85946, -1.52415, -2.04004, -1.87797, -1.44443, -1.34431, -1.06536, -0.98582, -1.36066, -1.121, -0.748756, -0.82039, -0.490862, -0.773531
4.8, 0.0319371, -1.97675, -2.60337, -1.94287, -2.00487, -1.53032, -1.33864, -2.25368, -2.3597, -2.26913, -1.79162, -2.15649, -2.91508, -2.0183, -2.33692, -1.89506, -2.09961, -2.18146, -2.18346, -2.69716, -2.62297, -2.41445, -2.38615, -2.53565, -2.78903, -2.79895, -2.56557, -2.55275, -2.278, -2.28278, -2.54993
4.82, 0.0319371, -3.54057, -3.3094, -2.79453, -2.06752, -2.05033, -2.68859, -2.91661, -2.72687, -2.69451, -2.79812, -2.24492, -2.1834, -2.75715, -2.50513, -2.58134, -2.54759, -2.76664, -2.56566, -2.81187, -2.75146, -2.89526, -3.06529, -2.8573, -2.96179, -2.92951, -2.86415, -3.00131, -3.08864, -3.03615, -3.06001
4.84, 0.0319371, -3.70176, -3.49266, -3.03092, -3.44313, -3.10955, -3.25114, -2.97983, -3.34478, -3.05798, -2.44701, -2.44678, -2.79644, -2.5385, -2.37821, -2.63721, -3.01813, -2.86691, -3.02899, -2.62985, -2.62748, -2.55878, -3.07549, -3.11533, -3.00823, -2.94831, -3.04304, -2.84343, -2.94961, -2.97405, -2.98777
4.86, 0.0319376, -3.73783, -4.13631, -3.42169, -2.72995, -3.51964, -3.7474, -3.70365, -3.39596, -2.80576, -3.1477, -3.35926, -3.16917, -3.10271, -2.54566, -2.48367, -2.86611, -2.75036, -2.61988, -2.49688, -2.82992, -2.55202, -2.90597, -2.88073, -3.07176, -2.92266, -2.74826, -2.85853, -2.53009, -2.97912, -2.47195
4.88, 0.0319376, -3.07331, -3.0161, -2.94787, -2.98291, -3.01196, -2.79841, -2.82915, -2.23928, -2.18994, -2.37178, -2.99579, -2.77098, -2.29671, -1.79383, -1.9749, -2.69572, -2.70642, -2.84711, -2.40033, -2.30355, -2.28188, -2.55374, -2.58425, -2.64882, -2.61806, -2.7003, -2.36942, -2.35758, -2.50509, -2.46935
4.9, 0.0319376, -3.41738, -2.96567, -2.35747, -2.54526, -2.53637, -2.53051, -2.59132, -1.8103, -2.18487, -1.89701, -2.3558, -1.85217, -1.61832, -1.48428, -1.59917, -1.66706, -1.32896, -1.04659, -1.13104, -1.49313, -1.22918, -0.500347, -0.03887, 0.248276, 0.305496, 0.181521, 0.345056, 0.38016, 0.263556, 0.316351
4.92, 0.0319376, -2.72227, -2.43337, -2.56283, -2.27041, -1.76053, -1.41828, -1.29201, -1.13602, -1.67459, -2.07073, -1.75501, -1.28394, -1.36116, -1.53084, -1.70797, -1.66162, -2.02926, -1.94577, -1.87532, -2.23838, -2.57639, -2.47156, -2.30363, -2.09152, -1.8835, -1.82467, -2.00047, -1.99099, -2.1514, -2.08241
4.94, 0.0319376, 1.03924, 0.661494, 0.34606, 0.636613, 0.733406, 0.721856, 0.844548, 1.32069, 1.49359, 1.45178, 1.24305, 0.978127, 1.20601, 1.17583, 0.960194, 0.773497, 0.238118, -0.193051, 0.0277825, -0.204057, -0.646677, -1.15477, -1.11101, -1.09683, -1.1635, -0.819625, -0.231343, -0.0751748, -0.730265, -0.85884
4.96, 0.0319376, -0.367864, -0.296814, -0.299245, -0.200335, -0.677149, -1.19579, -0.933208, -0.763466, -0.079802, -0.112715, -0.667396, -0.369055, 0.302304, 0.187288, -0.609787, -0.28517, -0.416653, -0.881922, -1.40597, -1.22929, -1.23254, -1.34194, -1.50933, -1.51131, -1.65104, -1.43766, -1.38243, -1.43079, -1.25191, -1.17186
