# Time (seconds), Duration (seconds), f0, f1, f2, f3, f4, f5, f6, f7, f8, f9, f10, f11, f12, f13, f14, f15, f16, f17, f18, f19, f20, f21, f22, f23, f24, f25, f26, f27, f28, f29
0, 0.0319375, 1.99493, 1.47996, 0.794775, 0.786989, 1.15195, 0.615986, 0.897351, 1.373, 1.32106, 1.30121, 1.76679, 2.0649, 2.31245, 2.2747, 1.96718, 2.60248, 2.43422, 2.34403, 2.08645, 1.83167, 2.34301, 1.99233, 2.05351, 2.25439, 2.19469, 1.89309, 1.86132, 1.79604, 1.41292, 1.71064
0.02, 0.0319375, 1.20656, 1.23983, 0.722067, 0.789684, 0.409062, 0.816588, 0.783891, 1.6224, 1.31359, 1.02622, 0.562422, 1.49753, 1.93375, 2.29744, 1.79418, 1.79888, 1.66367, 2.20235, 2.30365, 1.6392, 1.67025, 1.81008, 2.07629, 2.17726, 1.94157, 1.86434, 2.05648, 2.14882, 1.95068, 1.96431
0.04, 0.0319375, 0.812279, 0.63318, 0.237511, 0.406897, 0.51075, 0.77162, 0.661808, 0.528889, 1.53843, 1.53727, 0.263285, 1.22403, 2.12947, 2.01692, 1.94653, 1.88549, 2.46031, 2.39387, 1.86692, 1.93647, 1.9271, 1.44825, 1.8688, 2.07788, 1.73115, 2.06863, 2.38295, 2.06786, 2.07597, 1.86417
0.06, 0.0319375, 0.468579, 1.30279, 0.241378, 0.0525182, 0.871154, 0.8303, 1.10408, 1.78189, 1.08567, 1.44879, 1.28315, 1.8412, 1.8696, 1.89445, 1.64444, 1.52364, 1.88417, 2.49282, 1.89845, 2.16412, 2.07654, 1.81939, 1.9114, 2.1424, 1.80177, 1.59756, 1.97575, 2.01979, 1.83946, 1.70531
0.08, 0.0319375, 1.76491, 1.18342, 0.798652, 0.592349, 0.297069, 0.632118, 0.74312, 1.52754, 1.49823, 1.70518, 2.02836, 2.00798, 1.88068, 1.97808, 1.77358, 2.22293, 2.59035, 2.82851, 2.26023, 1.9576, 2.51009, 2.28836, 2.24207, 2.37375, 1.91608, 1.92614, 2.05687, 2.19223, 2.03956, 2.16148
0.1, 0.0319375, 1.24993, 1.04221, 1.21255, 0.71058, 0.658342, 0.45956, 0.656906, 1.10081, 1.18831, 0.950875, 1.51909, 1.93103, 1.72755, 2.28791, 1.78344, 2.34253, 1.93694, 2.14028, 1.68293, 1.49559, 1.93229, 1.85859, 2.41767, 2.173, 2.13879, 2.17924, 2.11578, 1.99145, 1.68505, 1.47652
0.12, 0.0319375, 1.19024, 0.532701, 0.663195, 0.724807, 0.8809, 0.789348, 0.847557, 1.22699, 1.61722, 2.05452, 1.48384, 1.3081, 1.83129, 2.08254, 1.8587, 2.22297, 2.30042, 2.66999, 2.62001, 2.05637, 1.90448, 1.49971, 1.92014, 1.9135, 1.59341, 1.85195, 1.99913, 1.99364, 1.79352, 1.87333
0.14, 0.0319375, 0.294113, 0.320149, 0.0417818, 0.0365248, 0.543662, 0.612802, 0.767198, 1.22607, 0.942541, 0.616562, 1.1423, 1.34497, 2.25297, 2.50193, 1.72169, 2.47055, 2.63791, 2.23827, 2.10819, 2.00294, 2.01534, 1.81093, 2.06448, 2.14895, 2.30398, 2.19747, 1.84479, 2.08285, 1.90533, 1.98918
0.16, 0.0319375, 1.45532, 0.887317, 0.299634, 0.648556, 0.518289, 0.374354, 0.147878, 1.05904, 1.00555, 0.484287, 1.63913, 2.21006, 2.22478, 2.00787, 1.80541, 2.54227, 2.5357, 2.4046, 2.29868, 1.49096, 1.70539, 1.73524, 1.89468, 1.85115, 1.92378, 2.20144, 2.05717, 2.04263, 1.73544, 2.0505
0.18, 0.0319375, 1.61135, 0.619046, -0.416208, -0.037687, 0.216821, 0.382495, 0.929159, 1.80402, 1.44333, 0.692931, 1.71495, 1.88599, 2.03146, 1.70778, 2.12598, 2.40137, 2.04639, 2.17263, 2.27312, 1.93113, 2.02329, 2.17335, 2.13748, 2.30533, 2.37333, 2.12801, 1.88777, 1.71777, 1.65655, 1.59716
0.2, 0.0319375, 0.687078, 0.889604, 0.686983, 0.749001, 0.453918, 0.254441, 0.966607, 1.1203, 1.28826, 1.47808, 1.86268, 1.76094, 1.90466, 1.54483, 2.34189, 2.33409, 2.77213, 2.72185, 2.35028, 2.2242, 2.03727, 1.93021, 2.10476, 1.79554, 2.13237, 1.77822, 1.93895, 2.26975, 2.00975, 1.95705
0.22, 0.0319375, 1.6575, 0.774364, 0.284488, 0.915114, 0.646763, 0.900072, 0.679292, 0.805156, 1.10615, 1.27661, 1.11413, 2.15782, 2.1406, 2.02449, 2.32194, 2.38745, 2.85631, 2.91308, 2.13945, 2.51859, 2.21721, 2.18457, 2.3824, 2.38911, 2.40358, 2.03363, 2.20481, 2.29707, 2.14695, 1.95623
0.24, 0.0319375, 0.457162, 0.479437, 0.660276, 0.21962, 0.906892, 0.774808, 0.60597, 1.09137, 1.35977, 1.52192, 1.29194, 1.87751, 1.78082, 1.8674, 1.63864, 1.80504, 2.29295, 2.22326, 2.11264, 2.24321, 2.13221, 2.28119, 2.01084, 2.19104, 2.21533, 1.9892, 2.30052, 2.19706, 2.24989, 2.12489
0.26, 0.0319375, -0.0355292, 0.0979035, 0.587609, 0.533934, 0.688014, 0.85449, 0.444253, 1.18909, 1.0467, 1.28198, 2.05138, 1.93942, 1.51897, 1.99951, 2.23416, 2.48488, 2.38037, 2.65457, 2.36956, 2.20116, 2.04513, 2.26895, 2.13281, 1.89812, 1.76599, 1.94672, 1.9654, 2.12034, 1.90582, 1.66096
0.28, 0.0319375, 0.530211, 0.297459, 0.282818, 1.06632, 0.452404, 0.0904057, 0.674011, 1.39923, 1.90228, 1.75216, 1.84271, 1.71664, 2.36853, 1.85913, 2.21664, 1.92662, 2.34871, 2.64459, 2.30285, 2.10198, 1.93246, 1.91162, 1.74658, 2.14099, 2.05688, 1.54819, 2.15232, 2.14796, 2.09698, 1.86624
0.3, 0.0319375, 0.986104, 0.980073, 0.293891, 0.689203, 0.525945, 0.277913, 0.3869, 1.61741, 1.95133, 1.49135, 1.74737, 2.07998, 1.90728, 1.9469, 2.39491, 2.29206, 2.40491, 2.45317, 2.39091, 2.15882, 1.91759, 1.83503, 2.07657, 2.0518, 2.1924, 2.08017, 2.18052, 2.29419, 1.91862, 1.81329
0.32, 0.0319375, 0.79165, 0.0426969, 0.334277, -0.0323912, -0.0654716, 0.159402, 0.0927069, 0.79791, 1.56151, 1.62987, 1.31328, 1.78985, 2.08403, 1.96917, 2.21353, 2.38954, 2.37653, 2.11917, 2.09461, 1.57319, 1.98765, 1.79893, 1.81053, 1.99824, 1.89108, 2.03406, 1.98508, 2.1105, 2.11789, 2.0768
0.34, 0.0319375, 1.09366, 0.327749, 0.13244, -0.0913774, 0.401192, 0.883598, 0.863297, 1.715, 1.47697, 1.53482, 1.40062, 1.7282, 1.64867, 2.3409, 1.88706, 2.23704, 2.21906, 2.37311, 2.5332, 2.20015, 2.08545, 1.91226, 2.22586, 2.15967, 2.16476, 1.89491, 2.15906, 2.20499, 1.93157, 1.7244
0.36, 0.0319375, 0.754669, -0.438754, -0.0544573, -1.06745, 0.100301, 0.399383, 0.567536, 1.08056, 1.30649, 1.77294, 1.54439, 2.09002, 2.24842, 1.77059, 2.16937, 2.11767, 2.6982, 2.51527, 1.97284, 1.82924, 2.09778, 2.03164, 2.11767, 2.31164, 2.01108, 2.09185, 2.28743, 1.96931, 1.76465, 1.83317
0.38, 0.0319375, 0.858354, 0.452105, 0.452852, -0.177243, -0.355446, -0.221892, 0.201046, 1.12399, 1.3509, 1.47915, 1.60294, 1.69933, 1.84938, 2.0113, 2.21255, 2.34618, 2.6716, 2.85308, 2.01738, 1.76953, 2.27184, 2.14182, 2.15586, 2.0661, 1.67722, 1.81503, 1.97342, 2.2069, 2.01831, 1.6545
0.4, 0.0319375, 0.253702, 0.762067, 0.842316, -0.203761, -0.105766, -0.0347371, 1.02061, 1.4315, 0.888767, 1.67411, 1.91083, 1.97945, 2.12871, 2.12321, 1.91137, 2.45793, 2.65119, 2.71524, 2.2603, 2.1641, 2.18039, 1.81778, 2.05848, 2.17596, 1.73954, 1.46441, 1.83713, 2.34872, 2.13718, 2.09734
0.42, 0.0319375, 0.622117, 1.03323, 0.937135, 0.138508, 0.139067, 0.555256, 0.924964, 1.04041, 1.49215, 1.35776, 1.18835, 1.17807, 1.51769, 1.78687, 2.06233, 2.09115, 2.71059, 2.58556, 2.17533, 1.84947, 1.87027, 1.96807, 2.05796, 2.38752, 2.06893, 1.77842, 2.01087, 2.08945, 1.69671, 1.70905
0.44, 0.0319375, -0.114581, 0.218521, 0.768596, -0.135314, 1.02423, 1.30993, 0.314043, 1.10241, 1.35209, 1.53026, 1.86168, 1.83503, 2.42302, 2.20125, 1.88323, 2.41262, 2.13892, 2.07107, 2.22601, 1.88636, 1.85076, 1.47277, 1.65806, 1.84155, 1.79259, 1.99894, 1.89646, 1.92934, 1.73232, 1.8674
0.46, 0.0319375, 0.813824, -0.354116, 0.229421, 0.114918, 1.4356, 0.857673, 0.570959, 1.30615, 1.74797, 1.45063, 2.17171, 1.77101, 1.70131, 1.97435, 1.46106, 2.51875, 2.93166, 2.30004, 1.93768, 1.95231, 1.88583, 1.52261, 2.01587, 2.26862, 2.07015, 1.70116, 1.75148, 1.58076, 1.70005, 1.66494
0.48, 0.0319375, 0.4192, 0.174232, 0.957068, 0.0997744, 1.00271, 0.872166, 0.44616, 0.734495, 1.10031, 1.23476, 1.07373, 1.1917, 2.13888, 1.69562, 1.84726, 2.135, 2.41387, 2.25657, 2.00174, 1.92999, 2.0358, 1.89434, 1.82416, 2.1372, 1.8947, 1.51531, 1.8034, 1.76942, 1.81916, 1.57212
0.5, 0.0319375, 0.514279, 0.197435, 0.224148, 0.290735, 0.868343, 0.349871, -0.782763, 0.385089, 0.942283, 1.15912, 1.51109, 1.41542, 1.99533, 1.99128, 2.06375, 2.37305, 2.23369, 2.58805, 2.10982, 1.86911, 1.44389, 1.68166, 1.4416, 1.81924, 1.91844, 2.03123, 1.71399, 1.9298, 1.63319, 1.60358
0.52, 0.0319375, 1.03667, 0.672611, -0.484985, 0.552498, 1.06204, 0.67129, 0.635076, 1.07624, 1.11155, 1.35918, 1.96766, 1.98903, 2.25012, 2.0475, 2.37579, 2.48445, 2.49311, 2.45171, 1.76197, 1.85138, 1.90721, 2.0217, 1.63944, 1.98567, 1.76833, 1.81775, 2.03433, 2.0592, 2.09843, 1.92675
0.54, 0.0319375, 0.0295263, 0.289089, -0.146125, -0.320735, 0.370146, 0.107389, 0.597181, 1.13136, 1.39399, 1.45009, 1.44203, 1.63717, 1.61068, 1.89729, 2.1069, 2.69627, 2.91393, 3.29395, 3.59633, 3.44071, 2.78014, 1.98236, 2.55739, 2.98127, 2.76117, 2.23476, 2.27879, 2.41975, 2.05018, 1.9034
0.56, 0.0319375, 0.732766, -0.115528, 0.0839943, 0.0782468, 0.65645, 0.373817, 0.0490975, 0.941719, 1.0068, 1.1386, 1.6716, 1.74405, 1.74936, 1.9762, 2.09292, 2.15894, 2.61387, 2.47031, 2.71625, 2.40142, 2.16266, 2.4957, 2.60289, 2.70747, 2.77521, 2.43171, 2.04404, 2.09579, 2.06808, 1.65793
0.58, 0.0319375, -0.114452, -0.417809, -0.0107041, 0.362045, 0.171951, 0.500048, 0.405285, 1.15855, 1.56297, 1.62783, 1.82612, 1.71398, 1.95907, 1.93723, 1.53568, 1.67721, 2.68245, 2.50249, 2.08555, 1.98565, 2.03985, 1.80687, 2.13289, 2.42916, 1.68731, 2.13029, 2.10447, 2.04411, 2.1465, 1.79144
0.6, 0.0319375, 0.870608, 0.799509, 0.408414, 0.358455, 0.221522, 0.397325, 1.01119, 1.19915, 1.21516, 1.83785, 2.11069, 2.03908, 2.17935, 2.05548, 1.86687, 1.9548, 1.83369, 2.24143, 1.66826, 1.78624, 2.10747, 1.59126, 2.36734, 2.09321, 2.15878, 1.78915, 1.90083, 2.15109, 2.24025, 2.08001
0.62, 0.0319375, 0.91686, 0.458997, 0.377006, 0.366492, 0.628868, 0.365571, 0.748265, 0.830457, 1.05435, 1.12092, 1.82855, 1.77872, 2.15108, 2.14153, 1.99537, 1.96384, 2.36138, 2.08032, 2.05006, 2.00094, 1.37975, 1.61357, 1.78952, 2.06944, 1.93702, 1.96165, 1.98457, 2.27096, 2.33689, 1.9981
0.64, 0.0319375, 0.406178, 0.722304, -0.0681665, 0.328103, 1.2145, 0.631355, 0.962437, 0.914591, 0.940393, 1.06719, 0.809977, 1.88296, 1.82064, 2.52943, 2.0431, 2.56468, 2.62006, 2.41772, 2.32762, 1.81538, 1.89198, 1.70628, 2.21636, 1.83448, 2.06762, 1.66626, 2.0283, 1.9862, 2.17093, 1.84895
0.66, 0.0319375, 1.12766, 1.36963, 0.542766, 0.15787, 0.577942, 0.88582, 0.313715, 1.3006, 1.2214, 1.60264, 1.96058, 1.89024, 2.11566, 2.05766, 2.01645, 2.32786, 2.59968, 2.86495, 2.20906, 1.68342, 1.85024, 1.64913, 1.92445, 2.33139, 2.33503, 2.04908, 2.08862, 2.43794, 2.23509, 1.94241
0.68, 0.0319375, -0.243408, -0.0725351, 0.806926, 0.516085, 0.708365, -0.0497916, -0.185831, 0.306555, 1.81527, 1.72848, 1.3275, 1.3596, 2.0195, 2.29586, 2.11155, 2.76961, 2.99989, 2.69012, 2.26268, 2.04872, 2.1299, 2.14259, 2.01074, 2.37452, 1.93788, 1.7631, 2.18115, 2.18114, 2.34017, 2.04959
0.7, 0.0319375, 0.0225477, -0.00366153, 0.514675, 0.288084, 0.797896, 0.430765, 0.959377, 1.60688, 1.79252, 1.6957, 2.06571, 1.75259, 2.34535, 2.38788, 2.05333, 2.22289, 2.65584, 3.02763, 2.87872, 2.25494, 2.24966, 2.17024, 2.17383, 1.97717, 2.10446, 2.20899, 1.90901, 2.42818, 2.17218, 2.08091
0.72, 0.0319375, 1.23877, 0.458191, 0.069184, 0.840553, 0.899506, 0.121297, -0.0120629, 1.15152, 0.694908, 1.85454, 1.08772, 1.2384, 1.63671, 2.12189, 2.09285, 2.55334, 3.04235, 2.53018, 2.21514, 2.20367, 1.98937, 2.15921, 2.23548, 2.44365, 2.23291, 2.28779, 2.35523, 2.24849, 2.06043, 2.15905
0.74, 0.0319375, 0.434957, 0.733158, 0.387762, 0.467318, 0.248285, -0.0738695, 0.288171, 1.26881, 1.82323, 1.58862, 1.57228, 1.89611, 1.62171, 2.44938, 2.80674, 2.30823, 2.77841, 2.45417, 2.39865, 2.26963, 2.42384, 2.25322, 2.34021, 2.27101, 2.00689, 2.60827, 2.67417, 2.63645, 2.01687, 1.7118
0.76, 0.0319375, 0.607273, 0.304728, -0.0447339, 0.480724, 0.949987, 0.511452, 0.658867, 1.31993, 0.895999, 1.33695, 1.5635, 1.50277, 2.29838, 2.31054, 2.32123, 1.79277, 2.43684, 2.90484, 2.34061, 2.18538, 2.21901, 2.10158, 2.03159, 2.33766, 1.96379, 2.09097, 2.23109, 2.31135, 2.08633, 1.94225
0.78, 0.0319375, 0.309644, 0.456434, -0.310266, 0.0676307, 0.365281, 0.371426, 0.165309, 0.956738, 1.07383, 1.50903, 1.36778, 1.60441, 2.07034, 1.78576, 1.31638, 2.56536, 2.2161, 1.60109, 1.90219, 2.08735, 2.05655, 1.85285, 1.90263, 2.19574, 2.09144, 1.92759, 2.08457, 1.96682, 1.68071, 1.85841
0.8, 0.0319375, 0.813021, 0.45158, 0.685853, 0.452199, 0.364421, 0.563577, 0.912823, 1.14003, 1.42776, 1.90819, 1.78815, 1.41843, 1.88736, 1.89449, 1.93339, 2.21017, 2.62145, 2.5737, 2.22214, 1.91624, 1.88316, 1.92926, 2.11141, 2.20704, 2.07349, 1.77004, 2.01584, 2.0249, 1.8864, 1.67469
0.82, 0.0319375, 0.336125, 0.637619, -0.178349, 0.0302668, 0.143667, 0.741561, 0.463586, 1.0089, 1.07979, 0.990403, 1.73414, 1.63161, 1.7794, 2.09244, 2.04021, 2.03125, 1.91286, 2.09991, 2.23844, 1.77444, 1.80906, 1.80846, 1.98994, 1.84766, 1.91492, 2.05468, 1.92475, 1.57887, 1.71983, 1.60528
0.84, 0.0319375, 0.175305, 0.169646, -0.529587, 0.126153, 0.0828648, 0.458441, 1.00672, 1.25075, 1.7057, 0.763412, 1.53365, 1.69011, 1.89566, 1.7287, 2.17456, 2.90078, 2.39722, 2.48604, 2.71176, 1.94825, 1.7994, 1.37147, 1.80828, 2.12824, 2.05321, 1.7593, 2.12062, 2.28224, 2.07143, 2.03193
0.86, 0.0319375, 0.337385, 0.413233, -0.583509, -0.438717, 0.499525, 0.632179, 1.1206, 1.24064, 1.61191, 1.97402, 1.96643, 2.20027, 1.92142, 1.32405, 1.99457, 2.11742, 2.42217, 2.34361, 2.32774, 1.9926, 2.18457, 1.96721, 2.14279, 2.10239, 2.33528, 2.02067, 2.1873, 2.22378, 2.25654, 1.9457
0.88, 0.0319375, 0.430098, 0.173478, -0.357595, -0.290154, 1.07182, 0.525084, 0.444221, 1.05183, 1.24884, 1.37954, 1.38897, 2.07232, 2.1042, 2.65711, 2.25866, 2.18704, 2.14241, 2.9479, 3.49779, 2.06319, 2.15931, 1.67205, 2.26625, 2.01982, 2.27837, 1.92203, 2.23326, 2.29971, 2.17518, 1.74656
0.9, 0.0319375, 1.12235, 0.10395, 0.0125351, 0.164, 0.563829, 0.714922, 0.246564, 1.22743, 1.30254, 1.1595, 1.1191, 2.10502, 2.12657, 2.36915, 2.23503, 1.97877, 2.43808, 2.03801, 2.20701, 2.34677, 1.92235, 2.24326, 2.19018, 2.20839, 1.86629, 1.78529, 2.23571, 2.26034, 1.89326, 1.77742
0.92, 0.0319375, 0.554522, 0.418179, 0.248113, 0.256899, 0.282375, 0.360563, 0.414415, 1.18681, 1.89676, 1.13613, 1.03552, 2.01083, 1.86704, 2.1642, 2.10192, 2.20311, 3.09415, 2.77985, 2.3813, 2.27914, 2.49627, 2.30494, 2.26627, 1.91086, 2.00471, 2.3095, 2.0292, 2.24299, 2.1552, 2.03736
0.94, 0.0319375, 0.368398, 0.170298, -0.379036, -0.301542, 0.792365, 0.671052, 0.813533, 1.55131, 1.09194, 1.50344, 1.9946, 2.10437, 1.83504, 2.51021, 2.44808, 2.53763, 2.82225, 2.60306, 2.30329, 2.30625, 2.02797, 2.19297, 2.34099, 2.4013, 1.89319, 2.22512, 2.02304, 2.22617, 1.85944, 2.13146
0.96, 0.0319375, 0.668571, 0.175587, -0.12584, -0.0291733, 0.812693, 0.68075, 0.694631, 1.30288, 1.36247, 1.32592, 1.44074, 1.92497, 2.25948, 2.23317, 2.23799, 2.36747, 2.53212, 2.63099, 2.33495, 2.51091, 1.99802, 1.77998, 2.12628, 2.1015, 1.86235, 2.14055, 2.07948, 2.31492, 2.11893, 1.70792
0.98, 0.0319375, 0.679053, 0.780214, 0.346686, 0.35228, 0.44722, 0.381424, 1.01514, 1.41396, 1.31951, 1.84719, 1.30344, 1.50776, 2.12294, 1.84849, 2.02685, 2.72163, 2.89793, 2.88967, 2.44672, 2.60784, 2.24825, 2.37339, 2.47999, 2.4298, 2.18002, 1.90925, 1.93116, 2.35426, 1.91, 1.66242
1, 0.0319375, 0.157194, 0.896298, 0.462894, 0.323408, 0.87846, 0.664618, 1.35923, 1.48933, 1.28716, 1.8827, 2.06089, 2.02766, 2.01781, 2.41571, 2.70609, 2.36331, 2.83535, 2.74489, 2.62308, 2.08218, 1.81136, 2.22355, 2.5339, 2.23057, 2.25531, 2.06915, 2.18656, 2.05596, 1.98136, 1.7816
1.02, 0.0319375, 0.731696, 0.268402, 0.345869, 0.816744, 0.78199, 0.137597, 0.395705, 1.1597, 1.03946, 1.35354, 1.73582, 2.54104, 2.25015, 1.59396, 2.06076, 2.44185, 2.68511, 2.7425, 2.01263, 1.89622, 2.25086, 2.03662, 1.77187, 2.34671, 2.2839, 1.98757, 2.03828, 1.78933, 1.86379, 1.62155
1.04, 0.0319375, 0.904071, 0.829974, 0.349905, 0.383775, 0.172217, -0.152064, 0.566848, 0.979659, 1.09384, 1.17265, 1.58745, 1.9888, 1.99769, 2.23766, 2.03588, 2.30547, 2.37678, 1.74484, 1.43849, 1.6009, 1.78897, 1.66205, 1.77594, 1.99533, 2.02004, 1.81022, 1.78728, 2.16426, 1.79056, 1.55342
1.06, 0.0319376, -0.242933, -0.148726, -0.216712, 0.630366, 0.982978, 0.965029, 0.618463, 0.862455, 1.17229, 1.75796, 1.57649, 1.81591, 2.06344, 2.4501, 2.19621, 2.55843, 2.41371, 2.47935, 2.16038, 2.07055, 1.5064, 1.64042, 2.03926, 1.80898, 1.9237, 1.85842, 2.22725, 2.23132, 1.88888, 1.98655
1.08, 0.0319375, 0.529272, 0.249735, 0.781829, 0.257999, 0.0612257, 0.679311, 0.315234, 1.16937, 1.79327, 1.94934, 1.56447, 1.79349, 1.96633, 2.28513, 2.01205, 2.03614, 2.0078, 2.32135, 2.33163, 2.05351, 1.99153, 1.69112, 2.21073, 2.38174, 2.05907, 1.92434, 1.86956, 1.72128, 2.15117, 1.77521
1.1, 0.0319375, -0.413499, 0.314679, 0.383567, 0.407836, 0.70751, 0.773056, 0.83306, 1.31891, 1.39328, 1.82995, 1.69668, 1.92341, 2.08669, 2.34471, 2.42209, 2.20463, 2.3948, 2.30322, 2.50522, 2.03869, 1.90531, 2.23956, 2.40155, 2.41618, 2.00347, 2.12161, 2.00363, 2.05433, 2.01431, 1.87646
1.12, 0.0319375, -0.159205, -0.0964958, 0.143163, -0.116917, -0.65301, 0.415459, 0.883721, 1.03792, 1.55662, 1.52275, 1.89967, 1.94943, 2.15778, 2.14895, 2.08091, 2.6393, 2.61311, 2.6714, 2.45264, 2.21003, 2.3664, 1.78844, 2.47741, 2.05189, 1.85871, 1.91614, 1.89951, 1.99656, 2.04694, 1.58494
1.14, 0.0319375, -0.025672, -0.374772, -0.649777, 0.0469949, 0.000686291, 0.126493, 0.589163, 1.04106, 1.21622, 1.66301, 1.64017, 1.51603, 2.12157, 2.45371, 2.14683, 2.69845, 2.52225, 2.73046, 2.57576, 2.37018, 1.64568, 1.90233, 2.51701, 2.40138, 2.43829, 2.20709, 1.97125, 1.84698, 2.07126, 1.95168
1.16, 0.0319375, 0.826452, 0.017408, 0.203977, 0.334634, 0.184825, 0.795681, 0.594039, 0.938478, 1.29238, 1.93795, 2.02393, 2.20442, 2.27656, 2.03499, 1.75694, 2.91303, 2.85443, 2.24027, 2.37918, 2.26245, 2.27471, 1.97107, 2.16477, 2.37345, 2.20473, 2.0613, 2.34005, 2.23205, 2.22138, 1.79496
1.18, 0.0319376, 0.230441, 0.812489, 0.58855, 0.603729, 0.631048, 0.456943, 0.308312, 0.940904, 1.19889, 1.92615, 1.3002, 1.82634, 2.0147, 2.12939, 2.04586, 2.21091, 2.91092, 2.57241, 2.22443, 2.49918, 2.37541, 1.83579, 1.92709, 2.29814, 2.14591, 1.78683, 1.96396, 2.17615, 2.00387, 1.88865
1.2, 0.0319375, 0.607139, 0.0207576, 0.279345, 0.463919, 0.662599, 0.384748, 0.995236, 1.81366, 1.60416, 1.81239, 1.22489, 1.6627, 2.46956, 2.84371, 2.325, 2.53168, 2.5585, 2.31951, 2.72593, 1.9792, 1.95511, 2.04995, 2.43767, 2.32872, 2.40646, 1.87423, 2.00663, 1.90244, 2.06505, 1.98597
1.22, 0.0319375, 0.175917, 0.0865318, 0.0289433, 0.0892946, -0.197429, -0.294478, 0.500875, 0.726258, 1.34657, 1.3423, 1.48198, 2.26377, 2.66719, 2.70552, 2.71948, 3.17368, 3.64714, 3.78506, 3.8598, 3.33942, 2.46789, 2.1652, 2.15878, 2.29958, 2.11662, 1.98653, 1.93167, 1.83174, 1.92435, 1.98131
1.24, 0.0319375, 0.231109, 0.0206646, -0.948431, 0.416892, 0.546107, 1.04025, 0.628282, 0.945816, 0.855138, 1.62854, 1.45074, 1.69752, 2.45795, 2.71241, 2.84026, 2.62387, 2.78743, 2.9581, 2.34667, 2.26565, 2.26989, 2.11061, 2.43792, 2.65801, 2.22457, 1.86347, 1.96793, 2.05736, 2.12722, 2.01942
1.26, 0.0319375, 0.163512, 0.0904571, 0.624666, 0.209241, 0.707619, 0.457405, 0.683841, 1.34048, 1.37461, 1.77795, 1.81199, 2.19159, 2.40681, 1.7817, 2.45906, 2.49654, 2.89972, 3.04078, 2.69041, 2.29346, 2.12017, 2.02998, 2.16913, 2.37097, 2.27794, 1.94727, 1.75044, 2.1127, 1.86373, 2.02006
1.28, 0.0319375, 0.874652, 0.607635, 0.594239, 0.453301, 0.978074, 0.911544, 1.12546, 1.18864, 1.12197, 1.53383, 1.76199, 2.26883, 1.85691, 2.29612, 2.43846, 3.08691, 3.24484, 3.08414, 2.3566, 2.23326, 2.08219, 2.00439, 2.24779, 2.42023, 2.18575, 2.06138, 1.88384, 2.19654, 2.03494, 1.88967
1.3, 0.0319376, 0.025294, 0.868018, 0.730625, 0.060969, 0.407811, 1.03723, 0.312371, 0.731872, 1.51341, 1.99223, 2.29871, 1.94232, 2.34138, 2.4095, 2.48223, 2.69855, 3.18263, 2.80722, 2.37819, 1.9613, 2.06154, 1.98642, 2.03321, 2.10408, 2.18659, 1.93864, 2.0384, 2.11748, 1.78193, 1.85832
1.32, 0.0319375, 0.429899, 0.357491, 0.831324, 0.581596, 0.685469, 0.700677, 0.21764, 0.816212, 0.53051, 1.41427, 1.89872, 2.25146, 1.99881, 1.92952, 2.48618, 2.84919, 3.24785, 2.99731, 2.85171, 2.55168, 2.50383, 2.1628, 1.97639, 1.96069, 2.00306, 1.49775, 1.83984, 2.21819, 2.22377, 1.82956
1.34, 0.0319375, -0.167995, 0.427985, 0.651482, 0.0946016, 0.892337, 0.932205, 0.764441, 1.2232, 1.62166, 1.6241, 2.27741, 2.2773, 2.40102, 2.50348, 2.40581, 3.0222, 3.18402, 3.06788, 2.60472, 2.40579, 2.28192, 2.29392, 2.46955, 2.26892, 2.34164, 2.09392, 2.13229, 2.2821, 2.3, 1.93535
1.36, 0.0319375, -0.288587, 0.157136, 0.84547, 0.172083, -0.308916, 1.02708, 0.930323, 1.30811, 1.5665, 1.89825, 1.88803, 2.46596, 2.02105, 2.67951, 2.49091, 3.00849, 3.19794, 3.44733, 3.4719, 3.05468, 2.26853, 2.19681, 2.31424, 2.12558, 2.35791, 2.33581, 2.58423, 2.55769, 2.50464, 2.18775
1.38, 0.0319375, 0.286286, 0.481588, -0.141514, 0.438883, 0.34961, 0.272464, 0.276681, 0.92224, 1.85625, 2.15933, 1.38948, 2.07112, 2.45408, 1.92998, 1.98077, 2.51241, 2.85924, 2.91036, 2.15529, 2.46364, 2.21806, 2.38543, 2.41875, 2.59326, 2.2233, 1.9919, 2.25843, 2.62848, 2.3627, 2.50241
1.4, 0.0319375, 0.536046, 0.470198, 0.757309, 0.371813, 0.523297, 1.02515, 1.02451, 0.939589, 1.10542, 1.69859, 1.8134, 1.90856, 2.11058, 2.24442, 2.38252, 2.83163, 2.80888, 2.80766, 2.48746, 1.96611, 2.48318, 2.65882, 2.34707, 2.61444, 2.28536, 1.82052, 1.86247, 2.10214, 1.91618, 2.0537
1.42, 0.0319376, -0.13966, 0.220656, 0.336029, 0.347391, 0.174769, 0.604536, -0.202333, 0.519735, 1.15043, 1.27895, 1.69559, 2.25639, 2.43552, 2.27073, 2.39678, 2.94337, 2.82273, 2.49279, 1.95477, 2.11917, 2.43779, 1.79584, 2.3495, 2.30982, 1.91497, 1.55515, 2.21131, 2.1996, 2.39743, 2.29457
1.44, 0.0319375, -0.0513492, -0.343268, -0.249757, 0.244131, 1.31946, 0.670134, 1.03568, 1.11621, 1.1779, 1.54181, 2.09247, 2.33525, 1.98185, 2.31078, 2.59385, 2.99016, 3.40091, 2.70131, 1.72241, 2.25536, 2.64555, 2.59867, 2.22275, 2.45952, 2.03742, 2.2411, 2.30795, 2.26001, 2.12394, 2.08642
1.46, 0.0319375, 0.195523, -0.692082, 0.435117, 0.186152, 0.989735, 0.765656, 1.11555, 1.34209, 1.72373, 2.58885, 3.07144, 2.88562, 2.3884, 2.69453, 2.87921, 2.71732, 2.38384, 3.00891, 2.7421, 1.98294, 2.41639, 2.5499, 2.36947, 2.54935, 2.36912, 2.08212, 2.22985, 2.29978, 2.34265, 2.27387
1.48, 0.0319375, -0.11893, -0.318693, -0.0917126, -0.236977, 0.884426, 0.206704, 0.312896, 0.802185, 0.848368, 1.69723, 1.61485, 1.83878, 2.22566, 2.24992, 2.35864, 2.75386, 2.90307, 2.33607, 2.35901, 2.2367, 2.36968, 2.10327, 2.49885, 2.81044, 2.55083, 2.51757, 2.34278, 2.38017, 2.30931, 2.179
1.5, 0.0319375, 0.4427, 0.529461, 0.176703, 0.0395719, 0.595911, 0.831449, 0.936503, 1.30234, 1.44231, 1.7669, 2.01925, 2.2784, 2.2151, 2.60811, 2.28492, 2.85252, 2.68303, 2.55196, 2.15828, 1.68783, 2.33859, 2.3816, 2.39938, 2.41603, 2.48979, 2.04828, 2.07452, 1.86554, 2.11142, 2.05649
1.52, 0.0319375, -0.549571, 0.952273, 0.917479, 0.195758, 0.349833, -0.441103, 0.396107, 0.735083, 1.09304, 1.60106, 1.88793, 1.96181, 1.81936, 1.86805, 2.84597, 3.09788, 2.95598, 2.97734, 2.4154, 2.0701, 2.37745, 2.51522, 2.44885, 2.50168, 2.11557, 1.85843, 2.06916, 2.46703, 2.08402, 2.23322
1.54, 0.0319375, -0.319961, 0.779638, 0.659641, 0.306609, 0.987726, 0.63227, 0.136772, 0.901415, 1.55976, 2.01653, 2.00078, 1.57478, 1.87192, 1.82752, 2.32226, 2.51652, 2.71393, 2.75428, 2.84291, 2.7241, 2.7876, 2.60882, 2.12607, 2.23998, 2.68774, 2.30938, 2.22374, 2.31489, 2.12192, 2.17088
1.56, 0.0319376, -0.771774, -0.270317, 0.132334, 0.666121, 0.759288, 0.579205, 1.06042, 0.843994, 1.37717, 1.3711, 1.38874, 2.19935, 2.28668, 2.26905, 2.19699, 2.90129, 2.76401, 2.22743, 2.36847, 2.28981, 2.38279, 2.64001, 2.52585, 2.46624, 2.17186, 2.02626, 2.1185, 2.37896, 2.27807, 2.11757
1.58, 0.0319375, 0.460843, 0.553067, -0.261225, 0.495139, 0.843564, 0.905477, 0.824355, 0.304127, 0.784629, 1.39699, 1.53172, 2.30294, 2.15865, 2.38401, 2.39378, 2.68688, 3.07878, 2.48054, 2.84996, 2.34583, 2.215, 2.14692, 1.94128, 2.33053, 1.93195, 2.1105, 1.89871, 2.2489, 2.28332, 1.97981
1.6, 0.0319375, -0.216801, 0.56462, 0.997727, 0.750701, 1.19239, 0.784883, 0.410721, 0.69938, 1.09043, 1.13656, 1.8614, 2.28063, 1.80361, 2.40404, 2.60056, 2.46455, 2.96234, 2.83757, 2.22196, 1.58318, 1.86423, 2.1598, 2.21545, 2.08861, 2.1189, 2.00072, 2.04918, 2.00767, 1.82738, 1.80938
1.62, 0.0319375, -0.298132, -0.482608, 0.348933, 0.61711, 1.03276, 0.764334, 0.895839, 0.947745, 0.722162, 1.29738, 1.60078, 1.66113, 2.40851, 2.47712, 2.18512, 2.60444, 2.59554, 2.54598, 1.99382, 1.87818, 2.12719, 1.67691, 1.98401, 2.3254, 2.14861, 1.85489, 2.23684, 2.34529, 2.04609, 2.19362
1.64, 0.0319375, -0.000523108, 0.236062, 0.295801, 0.495677, 0.5911, 0.199635, 0.892406, 1.11553, 1.56129, 1.9548, 1.76181, 2.42328, 2.40819, 2.05752, 1.85577, 2.82466, 2.98586, 2.26775, 2.05529, 1.72053, 1.96141, 1.42296, 1.91416, 2.32286, 2.19923, 1.95952, 1.82053, 2.07697, 2.24509, 2.11436
1.66, 0.0319375, 0.358021, 0.690007, 0.331238, 0.935282, 0.291892, 0.659841, 0.856704, 1.49628, 1.81525, 2.14697, 1.41353, 1.89343, 2.03576, 2.539, 2.44488, 2.70439, 2.38655, 2.51322, 2.47055, 2.10188, 2.1498, 2.1173, 2.61804, 2.13916, 1.93158, 2.11483, 2.2796, 2.29886, 2.10771, 2.10891
1.68, 0.0319376, -0.29264, 0.41808, 0.616274, 0.224159, 1.11968, 0.973752, 1.42864, 1.73168, 1.91281, 2.06857, 1.75206, 1.89276, 1.80989, 2.51395, 1.99122, 2.69447, 3.06455, 2.6186, 1.99622, 1.69968, 2.11153, 2.39732, 2.39842, 2.6142, 2.19365, 2.42222, 2.41038, 2.19654, 1.94944, 2.12349
1.7, 0.0319375, -0.0405304, -0.343812, 0.811894, 0.762243, 1.0566, 0.702477, 0.564373, 1.82381, 1.85169, 2.20773, 1.85903, 2.27036, 2.30241, 2.39179, 2.58434, 2.43345, 2.77814, 2.8009, 2.62421, 2.17388, 2.3791, 2.00308, 2.19003, 2.16433, 2.01576, 2.05313, 1.99756, 2.0978, 2.02541, 1.9854
1.72, 0.0319375, -0.0830342, 0.149411, 0.467037, 0.789308, 1.05524, 0.528392, 1.39287, 1.77707, 1.05542, 1.50668, 1.61044, 1.9979, 2.07655, 2.17133, 2.47514, 2.43836, 2.44176, 2.64123, 2.55102, 2.43586, 2.3661, 2.02476, 2.46053, 2.3036, 2.24204, 2.22509, 2.07664, 2.33812, 2.36675, 1.73583
1.74, 0.0319375, 0.47093, 0.552225, 0.997383, 0.438479, 1.22754, 0.872124, 1.15423, 1.60238, 1.61426, 2.12118, 2.01381, 1.6641, 1.70052, 2.4202, 2.13602, 2.84294, 3.02475, 2.99296, 2.89033, 2.37171, 2.06999, 2.29147, 2.47277, 2.37647, 1.97732, 1.94215, 2.27997, 2.2686, 2.18194, 2.22669
1.76, 0.0319375, 0.796099, 0.354895, 0.413539, 0.494618, 0.98141, 0.817724, 1.05367, 1.25081, 1.17541, 1.44881, 1.45352, 1.892, 2.32532, 2.50883, 2.35987, 2.29552, 2.55127, 2.20009, 2.29687, 2.0359, 2.22533, 2.0655, 2.27945, 2.53626, 2.4251, 1.93348, 2.13423, 2.37497, 1.93665, 2.13737
1.78, 0.0319375, 0.641581, 0.59181, 0.751359, 0.448745, 1.58301, 1.07387, 0.226355, 1.23689, 1.41557, 1.86239, 2.03976, 2.26893, 2.421, 2.19925, 2.55524, 2.811, 3.03058, 2.54703, 2.16796, 1.89363, 2.30278, 1.76043, 2.02715, 2.46162, 1.96671, 2.08275, 2.51674, 2.38805, 2.31754, 2.27342
1.8, 0.0319376, -0.458307, 0.217424, 0.555178, 1.03956, 1.48713, 0.406693, 0.257571, 1.48405, 1.94046, 1.89584, 1.83912, 1.78417, 2.16544, 1.9591, 2.36219, 2.48813, 2.46417, 2.72443, 2.24132, 2.01216, 1.62701, 1.66011, 1.84508, 1.76238, 1.64931, 2.27126, 2.46345, 2.4124, 2.31119, 2.29677
1.82, 0.0319375, -0.425148, 0.0620693, 0.447716, 0.73638, 1.0684, 0.993062, 1.13694, 1.38563, 2.03854, 2.0417, 1.71212, 2.02301, 1.54862, 1.23622, 1.99013, 2.4683, 2.30161, 2.26132, 2.3487, 2.4772, 2.56264, 2.13003, 2.30378, 2.32511, 2.22602, 2.15012, 2.17332, 2.32344, 2.12144, 2.10532
1.84, 0.0319375, 0.241863, 0.154577, 0.430879, 1.26284, 0.572397, 0.836284, 0.679877, 0.627428, 1.57985, 1.99466, 1.46693, 2.16189, 2.50004, 2.46198, 2.57932, 2.52904, 2.31345, 2.67986, 2.21771, 2.47016, 2.3241, 2.14706, 2.30195, 2.18539, 2.02892, 1.90856, 2.40347, 2.53021, 2.25233, 2.10338
1.86, 0.0319375, 0.452159, 0.279911, 0.170707, 0.632903, 1.12338, 0.969606, 1.32175, 1.90728, 2.00889, 1.67282, 2.20334, 2.16202, 2.40058, 2.3351, 2.70779, 2.31589, 2.54092, 2.19433, 2.29057, 2.2802, 2.35179, 1.90696, 2.24465, 2.39823, 2.29993, 2.08247, 2.14528, 2.15178, 2.25179, 1.75994
1.88, 0.0319375, 0.321072, 0.629609, 0.609788, 0.91622, 0.957609, 0.81215, 0.0851115, 1.15811, 0.902291, 1.35266, 1.08664, 1.70806, 2.09111, 1.98052, 2.60668, 2.83803, 3.23281, 2.93482, 2.67076, 2.44487, 2.43141, 2.16335, 2.41504, 2.75809, 2.35687, 2.22541, 2.09817, 2.51302, 1.9415, 1.94229
1.9, 0.0319375, 0.0775297, 0.208251, -6.84285e-05, 0.416001, 1.31725, 0.958624, 0.900942, 1.36417, 1.4802, 1.38225, 1.26117, 2.01465, 2.44076, 2.72615, 2.57216, 2.92071, 2.57583, 2.43179, 2.29034, 1.96051, 2.0154, 2.18223, 2.48896, 2.64565, 2.01628, 2.23737, 2.68206, 2.45252, 1.92342, 1.92845
1.92, 0.0319376, -0.0769079, 0.0897796, 0.293052, 0.333928, 0.583096, 1.01475, 0.535086, 0.85846, 1.50928, 2.02753, 1.6696, 1.99778, 1.64474, 2.00733, 2.36991, 2.708, 2.49417, 2.28935, 1.83994, 1.58486, 2.07529, 2.08531, 1.97676, 2.45994, 2.27383, 2.31126, 2.25936, 2.35837, 2.2813, 2.10927
1.94, 0.0319375, 0.01932, 0.359035, 0.10223, 0.469898, 1.56424, 0.643206, 1.27622, 1.32322, 1.29132, 1.64587, 1.51871, 1.71709, 2.08869, 2.17613, 2.00843, 2.07551, 1.94731, 2.45261, 2.13949, 2.18653, 1.99374, 1.62967, 1.88472, 2.49481, 2.18999, 1.91199, 2.31625, 2.55447, 2.10835, 2.04781
1.96, 0.0319375, 0.31578, -0.0777078, -0.0904427, 0.724705, 1.12085, 0.627827, 0.387906, 1.14765, 1.04833, 1.55826, 1.51616, 1.69277, 1.69037, 2.14169, 2.35259, 2.31964, 2.24742, 2.63216, 2.60181, 2.27222, 1.52437, 2.29721, 2.06415, 2.20784, 2.06571, 1.72802, 2.15694, 2.41787, 2.43321, 2.38694
1.98, 0.0319376, -0.589255, 0.201394, -0.653796, 0.462718, 0.745686, 0.873707, 0.3984, 1.19534, 1.08258, 1.5721, 1.83458, 1.78674, 1.93614, 2.40295, 2.23488, 2.42062, 2.63907, 2.50112, 1.71056, 1.90674, 2.0442, 2.00034, 1.84811, 2.39021, 2.14672, 1.96289, 1.88338, 2.34941, 2.08506, 2.15909
2, 0.0319376, 0.8624, 0.133481, -0.44237, 0.127334, 0.747853, 0.389416, 0.455486, 0.91581, 1.3764, 2.10133, 1.87699, 2.03695, 2.04757, 2.04503, 2.6362, 2.85557, 2.56129, 2.48094, 2.47806, 1.65978, 1.72163, 1.57372, 2.04912, 2.25208, 2.02794, 1.85804, 1.90674, 1.95283, 2.1616, 1.83478
2.02, 0.0319376, 0.479991, 0.331251, 0.641287, 0.913539, 1.11943, 0.759719, 0.374225, 1.15183, 0.903016, 1.59555, 1.77825, 1.98713, 1.90332, 2.14761, 1.58311, 2.30478, 2.80865, 2.5966, 2.21573, 2.26367, 2.34904, 2.36487, 2.31657, 2.1469, 2.09887, 1.92736, 2.03477, 2.14375, 2.36813, 2.19398
2.04, 0.0319376, 0.320603, 1.11109, 0.740556, 0.360101, 0.611187, 0.18226, 0.143264, 0.34789, 0.951342, 1.56632, 1.31437, 1.02783, 2.00056, 2.36588, 2.41294, 2.01375, 2.48449, 2.55742, 2.36135, 2.27681, 2.16268, 2.06101, 2.31063, 2.2423, 2.19617, 1.99386, 2.02597, 2.37016, 2.28287, 2.17474
2.06, 0.0319376, -0.665785, -0.196546, 0.428801, 0.224732, 0.313084, 0.669999, 0.531917, 1.58125, 1.67251, 1.84717, 1.59808, 1.97753, 1.9317, 2.35184, 1.85531, 1.74182, 2.76879, 3.02526, 2.12, 1.95546, 1.8107, 2.00169, 2.04665, 2.09244, 2.44657, 1.74419, 2.208, 2.07693, 1.96597, 2.00337
2.08, 0.0319376, 0.578197, 0.871821, -0.0231722, -0.553236, 0.157038, 0.610651, 0.753102, 0.29649, 0.691566, 1.60842, 1.91548, 1.7992, 1.83673, 1.81166, 1.9717, 2.43153, 2.74152, 2.52912, 1.9254, 2.03623, 1.98642, 1.92922, 1.90218, 2.2726, 1.81921, 1.7201, 1.57724, 2.2157, 2.02306, 1.91547
2.1, 0.0319376, -0.145928, -0.232848, -0.305157, -0.0789929, 0.775917, 0.533653, 0.700085, 0.707726, 1.38538, 2.13975, 1.70976, 1.44652, 1.64289, 2.14663, 1.87962, 2.22312, 2.56101, 2.12733, 2.14286, 1.7756, 1.72345, 1.89003, 1.90312, 2.32599, 2.1306, 1.82816, 1.78156, 1.94325, 2.1643, 1.85639
2.12, 0.0319376, 0.741596, 0.0164777, 0.45724, 0.348957, -0.0249729, -0.124827, 0.259897, 1.49807, 1.37194, 1.70592, 1.80867, 1.75625, 2.32565, 2.28613, 2.23845, 2.44438, 2.89283, 2.98965, 2.51317, 1.66777, 1.73825, 1.76036, 2.42834, 2.48085, 2.16772, 2.18024, 2.38057, 2.16656, 1.87, 2.05848
2.14, 0.0319374, 0.0576008, 0.693831, 0.514304, 0.449367, 1.36361, 0.56522, 0.668145, 1.58719, 1.66265, 1.56531, 1.35224, 1.68353, 2.20993, 2.15741, 2.12982, 2.59216, 2.75681, 2.55816, 2.23537, 1.94962, 1.81529, 2.28292, 1.9533, 2.0114, 1.90471, 1.92704, 1.91507, 2.06104, 2.26294, 2.06173
2.16, 0.0319374, 0.589422, 0.443964, 0.00559016, 0.362814, 0.235326, 0.335592, 0.661092, 1.43072, 1.83392, 1.37048, 1.67035, 1.82546, 2.56153, 2.32465, 2.50172, 2.54197, 2.69106, 2.70227, 2.5583, 2.36717, 2.77833, 2.19876, 2.50363, 2.43534, 2.49358, 2.01511, 1.94323, 1.94264, 2.04187, 2.0486
2.18, 0.0319374, 0.279332, 0.225584, 0.293048, 0.691861, 0.32147, 0.441015, 0.598241, 1.59778, 1.31867, 1.81242, 1.55553, 1.71352, 2.19854, 2.40852, 2.30402, 2.8914, 2.91689, 2.79126, 2.54801, 2.21383, 1.96648, 2.26997, 2.21181, 2.47749, 2.52153, 2.27429, 2.38893, 2.25375, 2.15933, 2.06402
2.2, 0.0319374, -0.157874, 0.296234, 0.412809, 0.103937, 0.00454061, 0.739398, 1.29524, 1.20392, 1.47439, 1.67599, 2.20514, 2.27189, 1.85603, 1.97958, 2.79084, 2.98607, 2.76514, 2.5141, 2.28711, 2.52532, 2.4232, 2.11039, 2.27686, 2.97956, 2.54168, 2.34048, 2.26818, 2.03022, 2.04336, 1.98995
2.22, 0.0319374, 0.498156, -0.139683, -0.532573, 0.424339, 0.586645, 0.773983, 0.556273, 1.24808, 1.2393, 1.56748, 1.5478, 1.89789, 2.03467, 1.89848, 2.04601, 2.2788, 2.78383, 2.78449, 2.30772, 2.16386, 2.36797, 2.04401, 2.24152, 1.96794, 2.02034, 1.97799, 2.1881, 2.59172, 2.44773, 1.83378
2.24, 0.0319376, 0.205282, -0.217634, -0.370109, -0.930181, 0.499982, 0.798367, 0.5031, 0.681587, 0.991256, 1.77438, 2.27311, 2.1525, 1.90795, 2.52496, 2.17032, 2.64099, 2.80782, 2.95996, 2.13659, 2.17323, 1.93572, 2.02413, 1.96346, 2.16638, 1.94428, 2.25877, 2.32826, 2.38289, 2.25663, 2.07795
2.26, 0.0319376, 0.127603, 0.866725, 0.579917, 0.038283, 0.832175, 0.924059, 0.828821, 0.793421, 1.36315, 1.94554, 1.97855, 1.90913, 1.76226, 2.29967, 2.66778, 2.74496, 2.91617, 2.85054, 2.46653, 2.26678, 2.24741, 2.45072, 2.22464, 2.34794, 2.13747, 2.30945, 2.10033, 2.17672, 2.28685, 2.14081
2.28, 0.0319376, 0.336522, 0.762875, -0.139976, 0.117995, 0.38885, 0.486655, 0.805552, 1.42404, 1.77564, 1.10545, 1.64996, 1.53611, 2.35241, 2.63202, 1.95543, 2.31192, 2.79922, 3.00192, 2.2736, 2.09313, 1.97816, 2, 2.27884, 2.20354, 2.1124, 2.10767, 2.22915, 2.24015, 2.30415, 2.16925
2.3, 0.0319376, 0.208002, 0.00796901, -0.261394, -0.159672, 0.15989, 0.296348, 0.76577, 0.734741, 1.22415, 1.44177, 1.87948, 1.278, 1.4415, 2.06559, 2.46069, 2.80067, 3.08057, 2.96421, 2.25184, 1.98498, 2.20998, 2.11157, 2.4314, 2.42992, 2.31182, 2.24128, 2.07442, 2.55409, 2.59953, 2.12851
2.32, 0.0319376, 0.233296, 0.27828, 0.323479, 0.32893, 0.302746, -0.243971, 0.864286, 1.02717, 1.44435, 1.68984, 1.94531, 1.55652, 1.70219, 2.13505, 2.00017, 2.10662, 2.30983, 2.09334, 2.00194, 1.97451, 2.15264, 1.84356, 1.93748, 2.3957, 2.10288, 1.80878, 2.0142, 2.27636, 2.0082, 1.99397
2.34, 0.0319376, 0.858395, 0.424758, 0.954182, 0.340109, -0.13159, 0.141895, 0.93401, 1.5845, 1.87798, 1.74961, 1.53319, 1.67621, 1.8674, 2.30008, 2.22952, 2.27337, 2.51724, 2.49954, 2.13146, 2.04092, 1.99481, 2.30898, 1.98811, 2.03536, 2.23079, 2.28793, 2.09858, 2.30093, 2.04678, 2.00058
2.36, 0.0319376, 0.818292, 0.263516, -0.116461, 0.312825, 0.562705, 0.218697, 0.191657, 0.782021, 0.816327, 1.15956, 1.47381, 1.0949, 2.2414, 2.08413, 2.34011, 2.63304, 2.70255, 2.55302, 2.18197, 2.18235, 2.52752, 2.2867, 2.2881, 2.36309, 2.18068, 2.16946, 2.42945, 2.45142, 2.39062, 2.24691
2.38, 0.0319374, 0.570799, 0.610265, 0.474212, 0.374903, 0.615205, 0.758757, 0.410339, 0.293531, 0.871214, 1.45686, 1.70718, 1.83965, 1.9119, 2.09312, 2.46316, 2.41198, 2.68926, 2.40124, 1.59965, 2.21186, 1.89823, 2.00536, 1.89195, 2.17407, 2.46694, 2.41156, 2.03431, 2.02845, 2.28377, 2.32121
2.4, 0.0319374, 0.407664, 0.476502, 0.724412, 0.578047, 0.192051, -0.0722854, 0.360591, 0.387916, 0.914807, 1.45248, 1.9105, 1.88138, 1.85474, 1.88668, 2.54797, 2.77354, 2.87746, 2.88786, 2.14303, 1.71787, 2.56164, 2.30412, 2.22511, 2.23198, 1.88127, 1.95284, 2.26815, 2.43867, 2.3281, 2.19984
2.42, 0.0319374, 0.455371, 0.857492, -0.0171378, 0.517775, 0.507731, 1.0571, 0.645863, 1.42919, 1.1024, 1.17849, 1.72433, 1.75462, 1.90115, 1.94811, 2.02358, 2.18171, 2.10312, 2.69938, 2.95236, 2.49414, 2.44927, 2.23109, 2.3184, 2.00622, 1.83555, 1.92045, 1.77694, 2.39683, 2.65065, 2.30141
2.44, 0.0319374, 0.400039, 0.334341, -0.0924132, 0.292364, 0.791205, 0.750829, 0.287699, 1.55864, 1.396, 1.38686, 1.5861, 2.18226, 2.03031, 1.95052, 2.30899, 2.30124, 2.92035, 3.14523, 2.66149, 2.05341, 2.13068, 1.94969, 2.21882, 1.85689, 1.77058, 1.9852, 2.08451, 2.20414, 1.98397, 2.21038
2.46, 0.0319374, -0.0645604, 0.33793, 0.449318, 0.368958, 0.571177, 0.57665, 0.885173, 1.33478, 1.98455, 1.40748, 1.6507, 1.73153, 2.13099, 2.23975, 2.03346, 2.71588, 2.84891, 2.90988, 2.23068, 1.70546, 2.19124, 2.38546, 2.31254, 2.62323, 2.34851, 1.9143, 2.11527, 2.27889, 2.42771, 2.41408
2.48, 0.0319376, 0.829422, -0.0863734, 0.0830294, 0.21051, 0.844899, 0.704938, 1.24439, 0.954647, 1.43876, 1.60425, 1.92897, 1.95065, 2.35347, 2.25942, 1.94737, 2.68203, 2.53112, 2.9216, 2.84211, 2.03581, 1.60541, 1.8579, 2.39413, 2.30762, 1.94338, 1.73276, 2.15742, 2.46441, 2.26641, 2.31205
2.5, 0.0319376, 0.102179, -0.0299837, 0.117045, 0.462069, 0.471793, 0.373547, 0.754291, 1.4104, 1.31216, 1.38005, 1.76362, 2.12719, 2.25083, 1.75242, 2.00896, 2.43445, 3.016, 2.63032, 2.43238, 1.78211, 1.88178, 2.04451, 2.18447, 2.57003, 2.2681, 2.30754, 2.20843, 2.34575, 2.40506, 2.28355
2.52, 0.0319376, 0.1413, 0.262144, -0.468682, -0.196883, 0.68003, 0.429629, 0.75219, 1.17276, 1.84568, 2.14982, 2.09179, 2.41239, 1.98124, 2.19657, 2.26334, 2.88062, 2.95365, 2.46859, 2.05408, 1.74652, 2.32829, 1.99173, 1.77746, 2.09472, 2.24409, 2.23347, 2.29336, 1.85072, 1.98434, 2.06188
2.54, 0.0319376, 0.862334, -0.0186738, 0.0529388, 0.261438, 1.15644, 0.833218, 0.725844, 1.36445, 1.71487, 1.24468, 1.06814, 1.42364, 1.73544, 2.109, 2.27738, 2.85308, 3.46714, 3.23078, 2.4534, 2.10008, 2.6299, 2.0307, 2.58217, 2.67093, 2.33509, 2.0536, 2.03345, 2.18911, 1.98968, 1.91831
2.56, 0.0319376, 0.0217807, 0.136063, -0.18501, 0.138403, 0.5367, 0.653356, 0.374733, 0.9379, 1.51245, 2.08772, 1.69265, 1.84564, 2.27159, 2.3766, 2.20594, 2.71888, 3.02726, 2.79289, 2.64794, 2.51629, 2.2134, 2.15718, 2.16887, 2.72179, 2.21528, 2.21769, 2.0547, 2.25398, 2.2956, 2.1115
2.58, 0.0319376, -0.0234462, 0.219997, 0.0609042, 0.612757, 0.372717, 0.109936, 0.552258, 1.12211, 1.279, 2.1576, 1.82633, 1.76854, 1.89875, 2.28202, 2.38724, 2.49585, 2.9593, 2.78722, 2.20689, 2.23306, 2.68019, 2.24937, 2.10658, 2.67237, 2.51252, 2.18092, 2.16122, 2.5318, 2.39181, 2.35162
2.6, 0.0319376, 0.635463, -0.405971, -0.29549, 0.707443, 0.786369, 0.503803, 0.770389, 1.44801, 1.33306, 1.33922, 1.49332, 1.4732, 2.24451, 2.30791, 2.33014, 2.1785, 2.53767, 2.80504, 2.63479, 2.32799, 2.29323, 2.36096, 2.45926, 2.37274, 2.49642, 2.06886, 2.51251, 2.51281, 2.4288, 2.23615
2.62, 0.0319376, 0.179205, -0.158007, 0.340625, 0.182874, 0.562979, 1.00829, 0.785999, 1.02611, 1.0673, 1.07047, 1.65581, 2.17516, 2.51026, 2.09225, 2.48646, 2.73884, 2.71134, 2.63727, 2.33637, 2.00719, 2.1473, 1.9169, 2.2904, 2.4075, 2.09511, 1.97383, 2.31768, 2.13959, 2.14332, 1.81979
2.64, 0.0319374, 0.278737, 0.414431, -0.102819, -0.430579, 0.263067, 0.0559212, 0.233534, 0.546824, 1.54898, 1.54938, 1.55804, 1.81914, 2.3506, 2.15428, 2.59458, 3.07625, 3.05648, 2.36278, 1.88954, 1.97523, 2.15791, 2.38797, 2.08182, 1.88878, 1.79367, 1.89119, 2.25077, 2.55519, 1.98436, 1.91734
2.66, 0.0319374, -0.171345, -0.43537, 0.84014, 0.608254, 0.510288, 0.41084, 1.06967, 1.00261, 1.37386, 1.47794, 1.46887, 2.00413, 1.98316, 2.16636, 2.56424, 3.01722, 2.70196, 2.5209, 2.32451, 2.30097, 2.1941, 2.1769, 2.01253, 2.23183, 2.02826, 1.68256, 2.08494, 2.25313, 2.35067, 2.22287
2.68, 0.0319374, 0.374297, 0.0474897, 0.25764, -0.137394, 0.282109, 0.736001, 0.796216, 0.930909, 1.26339, 1.70579, 1.72596, 1.75994, 1.87773, 2.13795, 2.24169, 2.37713, 2.35223, 2.56388, 2.36433, 2.18784, 1.97005, 2.33494, 1.95704, 2.03184, 2.20374, 1.82952, 1.93139, 1.9811, 2.37058, 2.40296
2.7, 0.0319374, -0.128313, -0.253732, -0.0736374, -0.290864, 0.427925, 0.399836, 0.703699, 0.818275, 1.10315, 0.932382, 1.63698, 2.14917, 1.92317, 2.13935, 1.96764, 2.09138, 2.86626, 2.92492, 2.09774, 1.92752, 2.27665, 2.09251, 2.12072, 1.98261, 1.90507, 1.7374, 1.64073, 1.72061, 1.93373, 1.9184
2.72, 0.0319374, 0.363185, -0.0565984, -0.559118, 0.595861, 0.873607, 0.782825, 0.664554, 1.25561, 1.99411, 1.77293, 1.65926, 1.80419, 1.3629, 2.23568, 2.23041, 2.21589, 2.46287, 3.04465, 2.26958, 1.80436, 1.90529, 1.75649, 1.93405, 1.77556, 1.82244, 1.93499, 1.96869, 2.17202, 2.1129, 2.02096
2.74, 0.0319376, 1.04203, -0.0180187, 0.141284, 0.0750449, -0.149668, 0.548707, 0.663382, 1.07331, 1.56002, 0.768755, 0.832494, 1.10091, 1.65652, 1.65497, 1.55548, 2.1472, 2.6751, 2.82984, 2.07594, 1.85928, 2.15726, 2.13709, 2.33592, 2.5458, 2.01538, 2.37115, 2.67399, 2.51437, 2.06262, 2.33526
2.76, 0.0319376, 0.96429, 0.68721, -0.353974, 0.0632354, 0.42692, 0.586, 1.0701, 1.3242, 1.10989, 1.11776, 1.60973, 1.64351, 1.67089, 1.82924, 1.80228, 2.4046, 2.37939, 2.65506, 1.97394, 1.90501, 2.30007, 2.50356, 2.15929, 2.09056, 2.31614, 2.16401, 2.37062, 2.39463, 1.98194, 2.30596
2.78, 0.0319376, 0.096674, -0.308993, -0.456192, -0.0947147, 0.710376, 0.951629, 0.91118, 1.12143, 1.38752, 1.99732, 2.16513, 2.30184, 1.8157, 2.14065, 2.18879, 2.56769, 2.08338, 2.52041, 2.37652, 1.82973, 2.24183, 2.07145, 2.18404, 2.37605, 2.24703, 1.96947, 2.2492, 2.45452, 2.05056, 2.18201
2.8, 0.0319376, 0.487218, -0.360321, 0.402413, 0.671668, 0.404783, 0.867381, 0.960269, 0.587714, 1.69908, 1.60015, 1.42139, 2.20946, 2.08179, 2.17218, 2.09353, 2.49728, 2.72266, 2.62239, 2.56088, 1.98671, 2.06397, 2.02734, 1.51261, 2.29176, 2.42417, 1.99335, 1.89764, 2.04368, 2.06318, 2.05173
2.82, 0.0319376, 0.230345, 0.523727, 0.725421, 0.657128, 0.756671, 0.557122, 0.71825, 1.41231, 1.06865, 0.932691, 1.11741, 1.84025, 1.96477, 1.99992, 2.0604, 2.6775, 2.85591, 2.45383, 2.27112, 2.56189, 2.52314, 2.0892, 1.99666, 1.77264, 2.0073, 2.01249, 2.09402, 2.18579, 2.21285, 2.00769
2.84, 0.0319376, 0.461194, 0.0250192, -0.0368217, 0.275034, 0.0619752, 0.367589, 1.2418, 1.12785, 1.25583, 1.1762, 1.05136, 1.63831, 1.49757, 2.35967, 2.42238, 2.35213, 2.73531, 2.86672, 2.27761, 2.44045, 2.13858, 1.8508, 1.93554, 2.16173, 2.15683, 1.85634, 1.94383, 2.11827, 1.83036, 1.98382
2.86, 0.0319376, 0.22101, 0.311902, 0.0689045, -0.682177, 0.476171, 0.397814, 0.892212, 1.42805, 1.65963, 1.95649, 1.42954, 1.3717, 1.66868, 2.28396, 2.52731, 2.82713, 2.74004, 1.92889, 1.96341, 2.12776, 2.16797, 1.95061, 2.29023, 2.29672, 2.36816, 2.11173, 2.31857, 2.20593, 2.0399, 1.77507
2.88, 0.0319374, -0.230957, 0.402454, 0.221411, 0.607296, 1.24055, 0.189408, 0.423295, 1.17193, 1.58615, 0.671576, 1.12275, 1.19154, 1.80345, 2.34424, 2.41152, 2.28153, 2.11974, 2.31627, 1.8665, 2.2296, 2.16074, 1.95385, 1.99767, 1.94086, 2.06152, 1.88106, 1.9226, 2.08076, 1.94783, 2.02952
2.9, 0.0319374, 0.316155, -0.0371443, 0.356779, 0.397849, -0.228677, -0.0233964, 0.19892, 0.731326, 1.29828, 1.59856, 1.90543, 2.02705, 2.00435, 1.74017, 2.30033, 2.52097, 2.20412, 2.13983, 2.02878, 2.45582, 2.3579, 2.18521, 2.43993, 2.6118, 2.34056, 2.13141, 2.14224, 2.43396, 2.03343, 1.96539
2.92, 0.0319374, 0.0871944, 0.83551, -0.0343454, 0.740149, 0.487269, 0.0243739, 0.883271, 0.708407, 0.884529, 1.34742, 1.4545, 1.91193, 2.4719, 1.32098, 1.67046, 2.49371, 2.60483, 2.60331, 2.26793, 1.90992, 2.08991, 1.93857, 2.1857, 2.12857, 1.96241, 1.99737, 2.26537, 2.1461, 1.87574, 1.91797
2.94, 0.0319374, 0.131544, 0.331413, 0.616057, 0.407505, 0.415945, 0.740587, 0.777628, 1.46136, 1.74938, 2.14093, 1.80415, 1.83458, 2.14736, 2.06429, 2.69238, 2.49514, 2.70639, 2.58404, 2.15112, 1.99773, 1.94612, 1.80721, 1.90864, 2.18242, 2.24111, 2.00453, 2.07788, 2.12014, 2.22726, 1.98447
2.96, 0.0319374, 0.597265, 0.190361, 0.135978, -0.239883, 0.438942, 0.952419, 0.765023, 1.29588, 1.45576, 1.00355, 1.16442, 1.3679, 1.74811, 2.28107, 2.05288, 2.35183, 2.48703, 2.79269, 3.12336, 2.55348, 2.64819, 2.89161, 3.28582, 2.71998, 2.26378, 2.22312, 2.28178, 2.4393, 2.2316, 2.15628
2.98, 0.0319376, 0.434261, 0.860745, 0.199836, -0.0282969, 0.111714, 0.207643, 0.684777, 0.625241, 1.23478, 1.54943, 1.83022, 1.52479, 1.67586, 2.19983, 2.21649, 2.41131, 2.26539, 2.92771, 2.19254, 2.16914, 2.45509, 2.5869, 2.50306, 2.40007, 1.78249, 2.06652, 2.38743, 2.81415, 2.24379, 2.28596
3, 0.0319376, 0.258927, 0.328986, 0.835769, 0.690983, 0.345629, 0.275356, 0.445165, 1.36844, 1.34962, 1.4403, 1.38645, 1.78743, 1.62124, 2.12502, 1.82863, 2.80114, 3.52352, 3.88038, 3.72656, 2.75348, 2.11467, 2.8002, 2.38096, 2.82206, 2.3846, 2.22695, 2.49722, 2.09738, 2.20695, 1.96456
3.02, 0.0319376, 0.391684, 0.429061, 0.323039, 1.16378, 0.95076, 0.243525, 0.680791, 1.38862, 1.39111, 1.3068, 1.12903, 1.79151, 2.08795, 1.99825, 2.56832, 2.38262, 2.75417, 3.02152, 2.94898, 2.51443, 2.44127, 2.07257, 2.35903, 2.26038, 2.21329, 2.02062, 1.93992, 1.90919, 1.85572, 1.82412
3.04, 0.0319376, 0.288409, 0.290306, 0.474997, 0.170314, 0.874701, 0.608332, 0.57024, 0.828343, 0.986805, 1.01757, 2.25773, 1.86627, 1.87006, 1.81458, 2.05212, 2.12637, 2.62664, 2.33735, 2.13833, 1.91392, 2.01824, 2.02095, 2.36122, 2.74809, 1.99003, 1.92669, 1.96304, 1.92742, 2.19275, 2.17787
3.06, 0.0319376, -0.21337, 0.399382, -0.103702, 0.319056, 0.31936, 0.56592, 0.982517, 1.28445, 1.39081, 0.714532, 1.5289, 1.90146, 1.85658, 2.12849, 2.14834, 2.60445, 2.87119, 2.27931, 2.50232, 1.86734, 1.98004, 1.75357, 1.96227, 2.43342, 2.26793, 1.7678, 1.51247, 1.89576, 1.91733, 2.31851
3.08, 0.0319376, -0.452167, -0.253671, 0.028707, 0.418069, 0.459182, 0.708294, 0.794775, 1.58856, 1.51052, 2.25686, 2.08861, 1.71485, 1.87353, 2.25768, 2.39237, 2.17626, 2.67398, 2.18562, 2.27465, 1.81566, 1.92343, 1.8336, 2.13155, 2.47624, 1.90784, 1.90165, 2.26051, 2.52891, 2.23506, 2.10188
3.1, 0.0319376, 0.531601, 0.442631, 0.270456, 0.0238841, 0.898985, 0.916096, 0.667376, 1.11906, 1.54421, 1.72211, 1.93461, 1.78562, 1.42487, 1.88002, 2.07441, 2.8162, 2.73578, 1.99635, 1.73169, 1.74024, 1.69854, 1.90028, 1.98509, 1.78765, 1.83535, 1.69547, 1.72366, 2.2146, 2.15139, 1.72602
3.12, 0.0319376, 0.141238, 0.366999, -0.463155, -1.22634, 0.38407, 0.316162, 0.428085, 0.719394, 1.22754, 1.01087, 1.68156, 1.98524, 1.73581, 1.94884, 2.07237, 2.74156, 2.54541, 2.38747, 2.23145, 2.22521, 2.00981, 1.93134, 2.03794, 2.02628, 2.30133, 1.93772, 2.25452, 2.36709, 2.18034, 2.04039
3.14, 0.0319374, -0.356017, 0.650695, 0.773108, 0.115043, -0.0336041, 0.205488, 0.311494, 0.947801, 1.25115, 1.29887, 1.61848, 1.57831, 1.62598, 1.93779, 1.75442, 2.65347, 2.86386, 2.51559, 2.29676, 2.65724, 2.45381, 1.79567, 2.37784, 2.647, 2.41756, 2.07655, 2.31441, 2.51456, 2.18314, 2.20063
3.16, 0.0319374, -0.199784, -0.188308, -0.426468, -0.0925584, -0.285276, 0.29993, 0.76354, 1.2577, 1.86601, 1.87038, 2.07607, 1.66061, 2.01719, 2.23278, 2.1879, 2.37977, 2.57612, 2.69391, 2.18093, 2.01559, 2.27324, 1.86895, 2.24295, 2.17744, 2.43279, 2.06871, 2.5071, 2.30679, 1.77008, 1.98053
3.18, 0.0319374, 0.612121, 0.487616, 0.117779, 0.06071, 0.444444, 0.167156, 0.867487, 1.68304, 1.82231, 1.38873, 1.9346, 2.20679, 2.06206, 1.92096, 2.08407, 2.55261, 2.87133, 2.54752, 1.74297, 1.59058, 1.88522, 1.69281, 2.00699, 2.25835, 1.99775, 1.77049, 1.93304, 2.45153, 2.03747, 2.09787
3.2, 0.0319374, -0.626511, 0.314215, -0.378252, -0.00886532, 0.268818, 0.0575654, 0.802637, 0.963912, 1.56148, 1.88719, 2.0469, 2.31714, 2.12252, 2.35657, 2.14152, 2.49316, 2.80917, 2.44138, 2.43628, 2.31818, 2.53102, 1.44477, 2.24298, 2.40791, 2.15488, 2.08464, 2.37705, 2.09884, 2.22499, 2.33368
3.22, 0.0319374, 0.744904, 0.116553, -0.207261, 0.452871, 0.29903, 0.506714, 1.02695, 1.42044, 1.69426, 1.4544, 1.56779, 1.8906, 1.8137, 2.11652, 2.2866, 2.33961, 2.66159, 2.51701, 2.41727, 2.09653, 2.23515, 1.88374, 2.30359, 2.30739, 2.00528, 1.88838, 2.0175, 2.0662, 2.11106, 2.17278
3.24, 0.0319376, 0.171239, 0.0129968, -0.11433, -0.0775805, -0.423629, 0.711987, 0.622334, 1.29766, 1.08352, 1.44422, 1.23931, 1.65721, 1.93044, 1.72806, 1.84112, 2.38819, 2.27855, 2.2727, 2.01701, 1.25962, 1.64374, 1.82669, 1.91388, 2.06758, 1.91774, 2.08881, 2.57418, 2.42673, 2.1226, 1.96967
3.26, 0.0319376, 0.245194, -0.535392, -0.439057, -0.0933041, 0.419103, 0.671603, 0.106788, 0.832454, 0.854713, 1.27889, 1.55075, 1.33136, 1.74376, 1.83586, 2.025, 2.51164, 2.08368, 2.008, 2.34256, 2.33387, 2.12948, 1.98146, 2.1062, 2.43135, 2.48848, 2.18824, 2.11943, 2.51545, 2.16445, 2.17402
3.28, 0.0319376, 0.503373, 0.0223768, -0.00751325, 0.529132, 1.02652, 0.970783, 0.363944, 0.619989, 1.56119, 1.5454, 1.75498, 1.69258, 2.28719, 1.27954, 1.57112, 2.57843, 2.3032, 2.48624, 2.08541, 1.80831, 2.11026, 1.97124, 2.1194, 2.03527, 2.29717, 2.34864, 2.3825, 2.4238, 2.2399, 2.111
3.3, 0.0319376, 0.0800944, 1.10616, 0.804381, -0.0350468, 0.419038, 1.01457, 0.592344, 0.319115, 0.668992, 1.44756, 1.69152, 1.55291, 1.56668, 1.79392, 2.08209, 2.49524, 2.36675, 2.31496, 1.81589, 1.82014, 1.82364, 1.91882, 2.1966, 2.3184, 2.38766, 2.09959, 2.26379, 2.43662, 2.26499, 2.16858
3.32, 0.0319376, 0.156578, 0.0489172, -0.101318, -0.215163, 0.540766, 0.0534696, 0.507974, 0.765138, 1.53328, 1.81307, 2.07459, 1.80908, 1.94701, 2.30291, 2.47177, 2.09154, 2.84859, 3.00534, 2.8972, 2.54908, 2.27531, 1.95579, 2.49994, 2.43931, 2.41142, 2.5432, 2.47361, 2.48702, 2.19312, 2.40274
3.34, 0.0319376, 0.035956, 0.103202, -0.0393184, 0.374558, 0.658325, 0.777919, 0.910478, 1.02272, 1.57333, 1.30523, 1.64702, 1.75246, 1.83424, 2.22255, 1.84276, 2.37631, 2.30864, 2.45813, 2.39674, 1.98583, 2.51918, 2.41086, 2.45506, 2.81332, 2.71793, 2.60176, 2.1711, 2.40005, 2.07035, 2.21407
3.36, 0.0319376, 1.24619, 0.930148, 0.198442, 0.637986, 0.724035, 0.522662, 0.662622, 0.490908, 0.722615, 0.976053, 1.11849, 1.89804, 1.81952, 2.36089, 1.90556, 1.94412, 2.62592, 2.22159, 2.20775, 2.27303, 2.21807, 2.35051, 2.30711, 2.50167, 2.2807, 2.03229, 2.32946, 2.04521, 1.97466, 1.90768
3.38, 0.0319374, -0.506909, 0.89721, 0.553071, 0.507533, 0.408773, 0.475873, 1.09153, 0.829038, 0.73578, 1.26219, 1.34464, 1.83755, 1.59951, 1.9774, 1.69953, 1.85278, 2.27977, 2.02039, 1.62568, 1.7279, 2.21368, 2.27984, 2.47166, 2.52638, 2.22294, 2.02339, 1.99945, 2.21719, 2.22924, 1.6663
3.4, 0.0319374, -0.356162, -0.126836, -0.0610524, 0.317312, 1.00701, 0.603456, 0.637902, 1.04875, 1.87294, 1.79693, 1.37442, 1.74798, 1.47842, 1.85368, 2.2544, 2.33535, 2.38087, 1.97426, 2.20138, 2.19986, 2.34044, 2.06839, 2.58795, 2.43043, 1.80623, 2.19514, 2.19359, 2.34944, 2.06027, 1.88884
3.42, 0.0319374, -0.424114, -0.0796477, 0.201998, 0.663781, 0.639201, 0.973341, 0.472787, 0.989354, 1.32968, 1.33927, 1.74881, 2.1275, 2.05368, 2.53093, 2.22073, 1.89101, 2.30205, 1.95692, 1.91208, 1.88017, 2.18261, 2.04721, 2.41249, 2.63867, 2.34742, 2.12861, 1.83237, 2.24882, 2.05376, 1.82284
3.44, 0.0319374, -0.194177, -0.0241329, 0.0714823, 0.796852, 0.847145, 0.843845, 1.30789, 2.06975, 1.91071, 1.45165, 1.66425, 1.67388, 1.97971, 2.35406, 2.03488, 2.29377, 2.39079, 2.59037, 2.1118, 2.03063, 1.97553, 1.81138, 1.80191, 1.95012, 1.62903, 2.06345, 2.35767, 2.27773, 2.1333, 2.07027
3.46, 0.0319374, 0.364118, -0.201674, -0.528285, 0.127065, 0.355176, 0.105341, 0.598704, 1.13658, 1.53014, 1.95128, 1.56361, 2.13011, 1.52982, 1.94238, 2.03979, 2.40779, 2.70866, 2.60741, 2.27024, 1.84215, 1.43302, 1.82465, 2.20794, 2.36411, 2.12529, 1.9022, 2.07274, 2.43224, 2.14741, 2.18805
3.48, 0.0319376, 1.19716, 0.353329, -0.0158213, 0.739054, 0.194272, 0.299086, -0.0352819, 1.46152, 2.07144, 1.71628, 2.12747, 2.43556, 2.02332, 2.17532, 2.29755, 2.74241, 2.39491, 2.46803, 2.50105, 2.18029, 2.23068, 2.17972, 2.12797, 2.14912, 2.22764, 1.98995, 2.30543, 2.23629, 2.46788, 2.34425
3.5, 0.0319376, 0.0568264, 0.311299, -0.690085, 0.905725, 0.838234, 0.856877, 0.749837, 1.41396, 1.29244, 1.56442, 1.57703, 1.86103, 1.62008, 2.22576, 2.47349, 2.5596, 2.78101, 2.49192, 2.13134, 1.62256, 1.84498, 1.81628, 2.24263, 2.435, 2.14813, 2.03734, 2.25941, 2.43035, 2.02324, 2.12744
3.52, 0.0319376, -0.224842, 0.219222, -0.439125, -0.590522, 0.293866, 0.799023, 1.10378, 0.880178, 1.11114, 1.27336, 1.34918, 2.07793, 2.12071, 1.83512, 2.41186, 2.30616, 2.2978, 2.43235, 1.69625, 2.12127, 1.75364, 1.63446, 2.04759, 2.27508, 2.12955, 2.14112, 2.24782, 2.44364, 2.33687, 1.96494
3.54, 0.0319376, 0.454928, 0.275341, 0.52698, -0.0398869, 0.541335, -0.042403, 0.102272, 1.1284, 1.59165, 1.63524, 2.00878, 2.02659, 2.35538, 2.23814, 2.39459, 2.90968, 2.86236, 2.40922, 2.14113, 2.07742, 2.00609, 2.1229, 2.23945, 2.27153, 1.78897, 1.99725, 2.20693, 1.86327, 1.79019, 1.86506
3.56, 0.0319376, -0.326693, 0.288021, 0.474074, -0.0518799, -0.239318, 0.987188, 1.03645, 1.29002, 1.29564, 1.75974, 1.86442, 1.81477, 2.1677, 1.94335, 2.34008, 2.41225, 2.70777, 2.40303, 1.91885, 1.67244, 1.71284, 1.86693, 1.99551, 2.54197, 2.03843, 1.86411, 2.01223, 2.14183, 2.10705, 1.82288
3.58, 0.0319376, 0.236473, 0.527628, 0.496305, 0.778709, 0.908034, 0.628733, 0.754901, 1.34399, 1.42349, 1.21451, 1.23533, 2.01828, 1.88625, 1.78482, 2.31756, 2.63663, 2.77768, 2.39768, 1.97717, 2.22697, 2.38931, 1.87762, 1.75963, 2.25669, 2.24018, 2.05682, 2.19858, 2.25047, 2.06954, 1.83402
3.6, 0.0319376, 0.35556, 0.0244197, 0.28561, 0.847763, 0.357284, 0.0581766, 0.771604, 1.12458, 1.58761, 1.04164, 0.701646, 1.67271, 2.05156, 1.78066, 1.85849, 2.05613, 2.57289, 2.00888, 1.90745, 1.59264, 1.88358, 1.82966, 1.99945, 2.20192, 2.19128, 1.99413, 2.20527, 2.23828, 1.9849, 1.96057
3.62, 0.0319376, -0.387896, -0.337832, 0.421194, 0.876854, 0.968797, 0.729703, 0.802073, 1.41139, 1.04127, 1.25989, 0.730121, 1.41937, 2.31679, 2.07525, 2.19795, 2.64845, 2.81914, 2.62771, 2.06897, 1.95805, 2.06616, 2.08529, 2.1333, 2.2796, 2.08357, 1.90011, 2.16654, 2.30019, 1.85461, 1.97693
3.64, 0.0319374, 0.109897, -0.398531, -0.285449, 0.135576, 0.338615, 0.245364, 0.736141, 1.30692, 1.66189, 1.93232, 1.99053, 1.89034, 2.49893, 2.07081, 1.80205, 2.11609, 2.80101, 2.04177, 1.71904, 1.64039, 1.61854, 1.33099, 1.75317, 2.01893, 1.96324, 1.95625, 1.95304, 1.74044, 1.81212, 1.8009
3.66, 0.0319374, 0.773258, 0.424104, 0.316086, 0.654906, 0.930443, -0.00920189, -0.470977, 0.882095, 1.15078, 1.17858, 1.44767, 1.79748, 2.0228, 2.23231, 2.09989, 2.16626, 2.7831, 2.44668, 2.38912, 1.87816, 1.56881, 1.53148, 1.53717, 1.76696, 2.06897, 2.1549, 1.91383, 2.10856, 2.07313, 1.85327
3.68, 0.0319374, -0.748778, -0.0889387, -0.294087, 0.507143, 0.0808288, 0.403096, 0.0993408, 0.649094, 1.34037, 1.39559, 1.80882, 1.93268, 2.16787, 1.95141, 2.35296, 2.64422, 2.92312, 2.50235, 1.88723, 2.11998, 2.23155, 1.77372, 1.7445, 1.91885, 1.86593, 1.82727, 2.30293, 2.27289, 2.29211, 1.94156
3.7, 0.0319374, -0.555571, 0.0330712, -0.360795, -0.78666, -0.364853, -0.0849931, 0.426208, 0.989768, 0.958475, 1.17489, 1.94935, 0.888029, 1.67012, 2.22152, 1.98755, 2.32608, 2.68141, 2.71798, 2.19225, 1.65879, 1.75635, 1.85716, 1.96264, 1.91646, 1.70554, 1.74343, 1.89587, 2.12483, 2.24721, 2.24582
3.72, 0.0319374, 0.255406, 0.503003, 0.204123, 0.0128507, 0.823787, 0.559407, 0.456879, 1.34178, 1.7907, 1.90425, 1.36544, 1.17463, 1.88251, 1.75022, 1.94382, 2.53299, 2.54072, 2.70655, 1.94044, 1.69382, 2.03459, 1.56866, 2.00368, 1.9425, 2.07545, 1.95325, 1.70052, 2.19171, 2.30337, 2.35957
3.74, 0.0319376, 0.264368, -0.432528, 0.204488, -0.0487504, 0.402306, 0.258467, 0.55785, 1.02604, 1.36107, 1.24691, 1.72038, 1.51272, 1.52456, 1.70941, 2.44344, 1.97936, 1.45158, 2.04326, 1.95232, 1.5703, 1.94372, 2.04285, 2.29252, 2.20629, 2.02078, 2.12914, 2.14139, 2.33736, 2.18676, 2.50106
3.76, 0.0319376, 0.412414, 0.331798, 0.0663661, 0.270946, 0.835486, 0.550552, 0.504521, 1.20194, 1.21648, 1.6532, 1.49506, 1.42303, 1.79806, 1.83682, 1.80044, 1.97726, 2.44836, 2.50553, 2.09163, 1.94018, 2.3437, 2.25801, 2.30088, 1.72892, 2.13672, 2.01178, 2.13196, 2.17813, 2.34503, 2.09347
3.78, 0.0319376, 0.455617, 0.0545154, -0.393787, -0.134631, 0.164376, 0.139036, 0.310417, 0.800682, 1.08735, 1.2615, 1.74124, 1.34624, 1.66909, 1.89469, 2.41089, 1.94418, 2.16433, 2.53579, 1.97435, 1.68665, 1.95117, 1.74271, 2.11882, 2.14674, 1.82913, 1.98498, 2.03583, 2.1003, 1.92722, 1.80666
3.8, 0.0319376, -0.0547902, -0.104547, -0.248649, 0.0501539, 0.521178, 0.633951, 0.792287, 1.40332, 1.80639, 2.17299, 1.40503, 1.55901, 1.58218, 2.01442, 2.2386, 2.41524, 2.35645, 2.19459, 1.95633, 1.83803, 1.78202, 1.86321, 1.60519, 1.81512, 2.0059, 2.10936, 1.75596, 2.01624, 2.17378, 1.90178
3.82, 0.0319376, 0.077597, 0.496906, 0.151684, 0.58784, 0.742545, 0.50809, 0.397291, 0.802195, 0.850264, 1.58249, 1.71077, 2.03464, 2.05204, 1.91179, 2.16944, 2.48616, 2.52235, 2.50131, 2.08393, 1.75231, 1.71432, 1.3867, 1.91749, 1.99533, 2.02722, 2.19986, 1.7587, 2.05695, 2.07296, 1.94184
3.84, 0.0319376, 0.0376574, -0.22582, -0.176208, -0.253885, -0.0666711, 0.73531, 0.726865, 1.2075, 1.21518, 1.14964, 1.41863, 1.90227, 2.15949, 1.82115, 1.78942, 2.2753, 2.54894, 2.55293, 2.36396, 2.10147, 2.33793, 1.81377, 2.0792, 2.32396, 1.95367, 2.06521, 2.27372, 2.33473, 2.14067, 2.01218
3.86, 0.0319376, 0.281631, 0.691121, 0.0246591, -0.038503, 0.567344, 0.674923, 0.470774, 1.22366, 1.30993, 1.61164, 1.67095, 1.79214, 1.93827, 1.89709, 2.25163, 2.49029, 2.97896, 2.81649, 2.62956, 2.35243, 2.24659, 2.65552, 2.52785, 2.3286, 2.11193, 1.93785, 2.28816, 2.26494, 1.88926, 1.88575
3.88, 0.0319374, -0.200702, -0.306786, 0.706577, 0.884238, 0.615332, 0.842578, 0.362906, 0.744095, 0.672781, 1.0184, 1.08647, 1.54267, 1.62865, 2.15011, 2.14572, 2.39832, 2.66644, 2.4358, 1.92309, 1.95047, 2.40242, 2.33839, 1.93641, 1.97676, 1.69527, 2.04992, 2.3696, 2.09496, 2.15241, 2.11835
3.9, 0.0319374, 0.939573, 0.352263, -0.270648, -0.354057, 0.691107, 0.196648, 0.480957, 1.18037, 1.05089, 1.68318, 1.79966, 1.54364, 1.53144, 1.81944, 2.10415, 2.80605, 2.71857, 1.92133, 2.21653, 2.02411, 2.01463, 1.99023, 1.80964, 1.79707, 2.23686, 2.0057, 2.25562, 2.52208, 2.24896, 2.26945
3.92, 0.0319374, 0.0409618, 0.448742, -0.0521831, 0.375874, 0.267083, 0.698806, 0.712671, 1.26739, 1.44935, 1.49943, 1.13067, 1.49206, 2.02961, 2.33878, 2.20392, 2.47511, 2.49879, 2.46902, 2.11639, 1.72793, 1.70954, 1.6214, 2.0632, 2.1467, 1.97465, 2.03752, 2.07581, 2.26422, 2.41548, 2.41368
3.94, 0.0319374, 0.00678829, 0.377101, 0.118337, 0.53368, 0.790353, 0.288163, 0.438252, 1.27384, 0.96803, 1.5488, 1.73438, 1.89015, 1.85973, 1.7116, 1.24052, 1.85558, 2.59941, 2.52902, 2.37758, 1.72796, 1.88246, 2.00964, 1.73403, 2.04553, 2.22525, 1.86075, 2.26503, 2.24547, 2.36574, 2.12552
3.96, 0.0319374, 0.174962, 0.425669, -0.249844, -0.419877, -0.00421044, 0.892634, 0.966926, 0.837822, 1.01585, 1.27569, 1.45719, 1.54633, 2.10896, 2.46983, 1.92567, 2.07371, 2.30471, 2.07958, 1.75986, 1.87561, 1.82687, 1.6804, 2.25808, 2.33744, 2.22762, 1.91258, 2.17816, 2.24268, 2.25176, 2.08283
3.98, 0.0319376, -0.31532, 0.153022, -0.211675, 0.245899, 0.52186, 0.233377, 0.727248, 1.51102, 1.15179, 0.895872, 1.23868, 1.71235, 2.27189, 1.76571, 2.19922, 2.83092, 2.77655, 2.54522, 2.31624, 1.61703, 1.69133, 1.87178, 1.94468, 2.31461, 2.03488, 2.0899, 2.31804, 2.28583, 2.42737, 2.30925
4, 0.0319376, 0.0673775, 0.850182, 0.820569, 0.327167, 0.48166, 0.536115, 0.595985, 1.06261, 1.62531, 1.60797, 1.17483, 1.72784, 2.46657, 2.27767, 2.32941, 2.81965, 2.64576, 2.62961, 2.1928, 1.88215, 1.89439, 2.55388, 2.72643, 2.5781, 2.23475, 1.94678, 1.85988, 2.10367, 1.98508, 2.17317
4.02, 0.0319376, -0.0987744, 0.0624291, 0.574783, 0.655601, 0.256, 0.536544, 0.713639, 0.879846, 1.81392, 1.91244, 1.9037, 1.70995, 1.89804, 1.94372, 2.33075, 3.33816, 3.18847, 2.68257, 2.64075, 2.46195, 2.54657, 2.4608, 2.23101, 2.48737, 2.56834, 2.26708, 2.37282, 2.23672, 2.50179, 2.1601
4.04, 0.0319376, 0.412508, 0.996989, 0.515353, 0.173303, 0.281409, 0.62827, 0.95462, 0.886695, 1.18221, 1.24411, 1.79169, 1.62388, 2.17985, 1.83378, 1.79187, 2.77294, 2.93372, 2.74977, 2.65848, 2.62252, 2.88993, 2.73442, 2.74391, 2.76486, 2.43469, 2.27228, 1.6826, 2.33, 2.36043, 2.13538
4.06, 0.0319376, 0.478803, 0.749932, 0.539971, 0.27575, 0.3577, 0.48473, 1.23835, 1.2333, 1.85557, 1.02885, 1.57822, 1.68641, 2.09462, 2.81072, 2.52947, 2.63331, 2.39137, 2.45346, 2.42033, 2.49474, 2.53922, 2.64061, 2.19226, 2.36142, 2.2123, 2.14045, 2.13511, 2.20682, 2.06139, 1.70573
4.08, 0.0319376, 0.848195, 0.299545, 0.227809, -0.357602, 0.634865, 0.360506, 0.602373, 1.05568, 1.18526, 0.957605, 1.22201, 1.5304, 1.36659, 1.69203, 1.82696, 2.6536, 2.42539, 2.88427, 2.2204, 1.80924, 1.80291, 1.93021, 2.04825, 2.48872, 1.85982, 2.20496, 2.52562, 2.51892, 2.10353, 1.98388
4.1, 0.0319376, 0.418201, 8.45158e-05, -0.457297, 0.792753, 1.26847, 0.902637, 1.18013, 1.3802, 1.29251, 1.44878, 1.35147, 1.86537, 2.08763, 2.25087, 2.30478, 2.32541, 2.6318, 2.2794, 2.45969, 1.91322, 2.38371, 2.34458, 2.49105, 2.70906, 2.26011, 2.20591, 2.39217, 2.48166, 2.09094, 2.22828
4.12, 0.0319376, -0.228181, 0.276167, 0.39272, 0.356058, 0.801005, 0.68618, 0.799397, 1.26117, 1.1456, 1.45209, 1.4224, 1.27228, 1.49941, 2.15813, 2.21862, 2.45489, 2.22292, 2.07795, 2.05356, 1.79468, 2.07843, 2.05115, 2.0002, 2.27591, 1.98227, 2.06567, 2.20915, 2.64396, 2.16066, 2.07254
4.14, 0.0319376, 0.270585, 0.14725, -0.372183, -0.0469108, 0.602673, 0.43734, 0.224466, 0.84045, 1.35853, 1.82126, 1.94376, 1.62715, 1.59385, 2.04742, 2.12516, 2.27093, 2.52109, 2.37286, 2.03436, 1.58982, 2.037, 1.83191, 2.32516, 2.2294, 2.16727, 1.94609, 2.06793, 2.46036, 2.23386, 2.01089
4.16, 0.0319376, -1.14061, 0.744633, 0.408552, -0.226084, -0.0993729, 0.610255, 1.01449, 0.939826, 0.974583, 0.921199, 1.61984, 1.79867, 2.43348, 2.40263, 2.45443, 2.38867, 2.78815, 2.50117, 2.30418, 1.83265, 2.14468, 2.30132, 2.60106, 2.6517, 2.44674, 2.35517, 2.30526, 2.46334, 2.18605, 1.94944
4.18, 0.0319376, 0.384925, 0.852799, 0.09825, 0.543681, 0.514498, 1.05334, 0.757903, 1.31021, 1.29435, 0.860622, 1.46018, 1.42917, 2.15184, 2.28767, 1.77744, 2.30695, 2.41735, 2.21099, 2.36076, 2.374, 2.2164, 2.15393, 2.53527, 2.42149, 2.39437, 2.01473, 2.06868, 2.3753, 2.11727, 2.03097
4.2, 0.0319376, 0.601818, -0.203172, 0.21444, -0.326227, 0.683563, 0.994491, 0.917576, 1.36599, 1.10799, 1.71206, 1.63559, 1.82773, 1.87903, 2.1462, 1.78934, 2.01421, 2.31309, 2.39977, 2.25852, 1.90756, 1.70684, 1.98732, 1.95157, 2.17039, 2.07149, 2.01746, 1.9218, 2.43286, 2.12646, 2.08845
4.22, 0.0319376, 0.881223, 0.355384, 0.679625, 0.0531224, 0.675273, 0.82864, 0.529277, 1.41201, 1.40708, 1.95435, 1.92433, 1.95196, 2.34511, 2.17288, 2.03911, 2.51195, 3.12109, 3.11561, 3.05298, 2.49401, 2.03444, 2.18125, 2.04986, 2.0225, 2.08015, 1.77047, 1.9618, 2.06224, 2.25028, 1.93878
4.24, 0.0319376, 0.54869, 0.87437, 0.528658, -0.0190696, -0.369359, 0.683326, 0.665727, 0.541429, 1.47687, 1.73712, 1.32292, 1.43876, 1.95067, 2.24024, 2.16657, 2.24261, 2.50439, 2.91776, 2.44061, 1.89895, 1.82731, 1.89336, 2.15266, 2.3135, 2.01363, 1.77642, 2.01908, 2.30751, 2.22341, 2.05383
4.26, 0.0319371, -0.185233, 0.0454084, 0.305808, -0.147716, 1.10437, 1.06315, 0.779592, 1.00739, 1.07055, 1.88193, 1.89172, 2.05337, 2.04084, 2.18718, 2.23851, 2.43776, 2.663, 2.58775, 1.93452, 1.80706, 2.10538, 2.14721, 1.74683, 2.31419, 1.95164, 2.00606, 2.2041, 2.55456, 1.9623, 1.9839
4.28, 0.0319371, -0.523625, 0.0924752, 0.0831011, 0.831942, 0.901141, 0.433219, 0.710446, 0.828914, 1.22183, 1.29017, 1.70226, 1.95577, 1.55644, 2.48694, 2.44298, 2.49793, 2.68554, 2.52972, 2.25829, 2.33341, 2.1183, 1.72377, 1.99494, 2.00443, 1.92688, 2.00868, 2.21374, 2.41189, 2.37859, 2.20905
4.3, 0.0319371, 0.0862331, 0.344405, 0.910549, 0.510383, 0.780098, 1.10765, 0.723912, 0.939252, 1.42604, 1.27944, 2.21709, 1.85693, 1.7524, 2.06806, 2.17997, 2.28579, 2.37063, 2.56722, 2.16597, 2.08859, 1.93218, 1.92782, 1.60888, 1.74572, 1.97936, 1.77202, 2.10377, 2.45325, 2.09407, 2.27591
4.32, 0.0319371, 0.198237, 0.220163, -0.340551, -0.0922503, 0.41626, 0.34994, 0.30817, 0.572576, 0.88799, 1.76464, 1.72488, 1.64734, 1.56205, 1.78236, 1.91214, 2.04989, 2.55128, 2.33737, 2.1985, 2.03406, 2.06135, 1.88023, 2.59474, 2.06917, 1.75298, 1.71278, 2.18535, 2.14307, 1.89828, 1.83036
4.34, 0.0319371, -0.364486, 0.428224, 0.218364, 0.0820912, 0.777606, 0.950047, 1.01585, 1.28692, 1.23227, 1.83899, 2.03358, 2.093, 2.19362, 2.21002, 1.32979, 2.43847, 2.27206, 2.26399, 2.10613, 1.71396, 1.97331, 1.92508, 2.08896, 2.31187, 2.35394, 2.34627, 2.01684, 2.23128, 2.29499, 1.9649
4.36, 0.0319376, 0.295828, 0.550425, 0.0607487, 0.107897, 0.56498, 0.959213, 0.522413, 1.14965, 1.29522, 1.10467, 1.40534, 1.74578, 1.83685, 1.95249, 1.77253, 2.45888, 3.15287, 2.85, 2.4807, 2.61625, 2.78859, 2.4198, 2.37965, 2.41377, 1.94677, 1.52938, 1.86925, 2.24027, 2.0967, 2.14051
4.38, 0.0319376, 0.400463, -0.248083, -0.331796, 0.975919, 1.516, 1.32495, 1.13468, 1.16954, 1.80281, 1.67414, 1.92551, 1.90966, 1.88091, 2.27374, 1.94333, 2.66507, 2.79379, 2.80704, 2.38579, 2.76649, 2.1721, 1.83164, 2.73995, 2.58999, 2.201, 2.25179, 2.52605, 2.56086, 2.36655, 2.23938
4.4, 0.0319376, -0.0556236, 0.626181, 0.828029, 0.332168, 0.466789, 0.609892, 0.704913, 0.705477, 1.28708, 1.62431, 1.46022, 1.81336, 1.84732, 2.36464, 2.68101, 2.84041, 2.86405, 2.35456, 1.89372, 1.83489, 1.77192, 2.01881, 2.24601, 1.84007, 2.05102, 1.80147, 2.14357, 2.35574, 2.23871, 1.98465
4.42, 0.0319376, -0.562557, 0.249654, -0.193278, 0.151632, 0.44272, 0.760188, 0.77105, 1.49624, 1.54145, 1.51335, 1.13141, 1.50729, 2.00817, 2.04032, 1.76016, 2.53466, 2.76055, 2.59711, 2.22048, 2.22266, 2.13674, 1.82359, 2.15089, 2.2569, 1.95844, 1.63321, 2.01878, 2.34887, 2.08256, 1.98238
4.44, 0.0319376, 0.840167, -0.0127081, -0.453507, 0.685718, 0.401758, 0.296831, 0.872805, 0.882699, 1.01021, 1.17217, 1.62155, 1.79177, 1.95343, 1.76906, 1.61112, 2.48797, 2.73462, 2.56304, 2.15038, 2.20031, 2.10931, 1.91912, 2.28631, 2.30318, 2.21256, 1.72624, 2.12702, 2.30039, 2.1148, 1.86782
4.46, 0.0319376, 0.064462, 0.206185, 0.0908816, -0.0610507, -0.0447669, 0.173909, 0.607003, 0.763603, 1.24273, 1.40062, 1.20366, 1.76034, 1.82198, 1.8557, 1.69024, 2.50037, 2.52586, 2.17863, 2.34949, 2.10865, 2.09663, 2.04975, 1.87084, 2.11013, 1.8437, 1.85968, 2.43417, 1.97191, 1.89755, 2.09629
4.48, 0.0319376, 0.600881, 0.345387, 0.00141747, 0.357805, 0.255779, 0.575115, 0.668571, 1.06564, 1.34604, 1.91456, 1.02663, 1.84159, 1.89282, 2.11578, 1.89015, 2.6244, 3.15823, 2.79254, 1.86824, 2.20557, 2.0102, 2.20232, 2.55356, 2.47445, 2.41383, 1.90944, 1.92055, 2.40272, 1.87399, 1.70202
4.5, 0.0319376, -1.03698, -0.384305, 0.250988, 0.207766, 0.434791, 0.48999, 0.817041, 1.71411, 1.49373, 1.40893, 1.63171, 2.20194, 2.14627, 2.09709, 2.37231, 3.01155, 2.92392, 2.67375, 2.18527, 1.91727, 2.10178, 2.20729, 2.08237, 1.90741, 1.83413, 2.26653, 2.13492, 2.28267, 1.95483, 1.85519
4.52, 0.0319376, -0.248743, 0.124191, 0.2897, 0.255148, 0.433459, 1.14385, 0.801048, 0.937723, 1.14894, 1.12486, 1.51176, 1.72489, 1.65369, 2.41293, 2.21427, 2.3437, 2.92691, 2.58154, 2.55997, 2.10238, 2.26275, 2.05202, 2.25079, 2.42338, 2.06239, 2.04105, 2.34355, 2.44854, 2.30178, 2.05076
4.54, 0.0319376, 0.077462, 0.558805, 0.44373, 0.518098, 0.408714, 0.558474, 0.7433, 0.92151, 1.22166, 1.9754, 2.147, 1.80268, 2.34896, 2.20533, 2.45, 2.81489, 3.36734, 3.76476, 3.6241, 3.02619, 2.1402, 2.04539, 2.57997, 2.81816, 2.46482, 2.5454, 2.50769, 2.62355, 2.27529, 2.20576
4.56, 0.0319376, 0.0890941, 0.42693, 0.0247211, 0.293705, 0.333583, 0.648451, 1.38442, 1.14458, 1.59152, 1.1331, 1.51971, 2.16921, 1.88359, 2.36028, 2.27203, 2.99418, 3.08798, 2.83156, 2.57399, 2.06927, 2.11245, 1.59578, 2.43974, 2.75896, 2.617, 2.89307, 2.75345, 2.61884, 2.27627, 2.21229
4.58, 0.0319376, 0.520396, -0.550403, -1.01549, 0.4903, 0.0121715, 0.251692, 0.769143, 1.00893, 1.50034, 1.65429, 1.76071, 1.93862, 2.42304, 1.98136, 2.14136, 2.57421, 2.69676, 2.64207, 2.45686, 2.15874, 2.23548, 2.31611, 2.23092, 2.72208, 2.25277, 2.25514, 2.47772, 2.42306, 2.05447, 1.84914
4.6, 0.0319376, 0.608795, 0.525414, 0.277828, -0.110351, 0.0855992, 0.695464, 0.936054, 1.08679, 1.25469, 1.44717, 1.63563, 1.91338, 1.87368, 2.37377, 1.97169, 1.937, 2.92985, 2.30646, 2.0968, 2.22493, 2.39237, 2.34738, 2.48511, 2.43132, 2.21769, 2.12148, 2.16026, 2.06596, 2.06325, 1.80153
4.62, 0.0319376, 0.063808, 0.449194, -0.211724, -0.391421, -0.116409, 0.00930296, 0.0828741, 0.699386, 1.40611, 2.0002, 1.93824, 2.12332, 2.71628, 1.99497, 1.65983, 2.838, 2.97586, 2.72405, 2.46008, 2.12709, 1.94484, 1.95447, 2.51015, 2.33702, 2.36664, 2.18322, 2.2515, 2.05896, 2.02078, 1.94739
4.64, 0.0319376, -0.453337, -0.257245, 0.0219018, -0.22676, 0.586001, 0.3916, 0.749515, 1.11607, 1.27987, 1.26118, 1.7862, 1.85459, 2.30485, 2.70619, 2.61219, 2.51303, 2.76003, 2.64978, 2.10368, 1.92881, 2.08787, 2.04654, 2.15285, 2.1785, 2.20709, 2.50262, 2.11737, 2.26121, 2.19132, 2.09689
4.66, 0.0319376, 0.0665396, 0.0440338, 0.236513, -0.234655, 0.309994, 0.023035, 0.805497, 0.991178, 1.43329, 1.05915, 1.45347, 1.43772, 1.84385, 2.40922, 2.34841, 2.13805, 2.35777, 2.5438, 2.21837, 1.84317, 2.1849, 2.21026, 2.42512, 2.51734, 2.44211, 2.34871, 2.41664, 2.38076, 2.24178, 2.0858
4.68, 0.0319376, -0.114268, -0.735771, -1.03605, -0.521196, 0.197216, 0.990276, 0.591073, 0.60309, 1.88047, 2.04034, 1.84695, 1.57434, 2.10715, 1.83699, 2.12196, 2.36122, 3.06409, 3.15834, 2.27514, 2.14292, 1.87939, 2.1196, 2.60504, 2.83886, 2.40285, 2.09606, 2.36761, 2.43135, 2.04454, 2.0038
4.7, 0.0319376, -0.461194, 0.0131939, 0.37964, 0.704021, 0.855431, 0.166689, 0.0797385, 1.09582, 1.36499, 1.79706, 2.04668, 1.52659, 2.16845, 2.43116, 1.99136, 1.85566, 2.54148, 2.38306, 2.20544, 1.85324, 2.1486, 1.80428, 2.04351, 2.21455, 1.81027, 1.85627, 2.06009, 2.25329, 1.93228, 2.01175
4.72, 0.0319376, 0.180532, 0.087381, -0.132055, 0.25558, 0.82232, -0.340081, -0.504823, 0.700272, 1.77222, 1.50233, 1.06502, 2.01681, 2.10016, 1.78468, 1.33141, 2.15602, 2.52101, 2.40881, 2.23363, 2.04274, 1.81132, 1.56518, 2.0426, 2.32171, 2.23511, 2.37047, 2.4707, 2.20256, 2.15525, 1.89595
4.74, 0.0319376, 0.367279, -0.0654183, -0.393599, 0.631581, 0.907756, 0.420727, 0.543006, 1.11041, 1.31658, 1.40991, 1.40555, 1.58685, 1.78025, 2.06074, 1.78971, 2.59784, 2.44203, 2.14072, 2.10076, 2.29355, 2.47602, 2.10518, 1.96266, 2.3369, 1.98999, 1.94508, 1.94775, 2.18314, 2.22337, 2.44446
4.76, 0.0319371, -0.462069, 0.565094, 0.0973774, -0.713369, 0.159943, 0.397303, 0.823933, 0.555933, 1.45369, 1.85045, 1.4477, 1.8855, 2.17712, 2.31937, 2.97073, 2.9344, 2.53931, 2.58851, 2.41591, 2.2767, 2.23952, 1.80344, 2.13066, 2.42304, 1.9944, 2.26854, 2.26977, 2.26863, 2.13676, 2.20685
4.78, 0.0319371, -0.393728, -0.049262, -0.157522, 0.382881, 0.691012, 1.05885, 1.09013, 1.40372, 1.14243, 1.44588, 1.48696, 1.47813, 2.01993, 2.33361, 2.69579, 2.94071, 2.85525, 2.72201, 2.25682, 1.95828, 2.20435, 2.17091, 2.49161, 2.29629, 2.1163, 2.18072, 2.44398, 2.41896, 2.35771, 1.93731
4.8, 0.0319371, -0.0488324, 0.192935, -1.27694, -0.27241, 0.659331, 0.837849, 1.03113, 1.44034, 1.17738, 1.14291, 1.61699, 1.58034, 2.1828, 2.02065, 2.44547, 2.51345, 2.77686, 2.3409, 2.05002, 2.05094, 2.08217, 2.45377, 2.39728, 2.66089, 2.39466, 1.91931, 2.34966, 2.47687, 2.558, 2.03395
4.82, 0.0319371, -0.493417, -0.190661, -0.340635, -0.486934, 0.361216, 0.451907, 0.428988, 1.08863, 1.36856, 1.02565, 1.55381, 1.73203, 1.95567, 1.91393, 2.19562, 2.74866, 2.66149, 2.23375, 2.30705, 1.9695, 2.14868, 2.24081, 1.87659, 2.4075, 2.69383, 2.20571, 2.14939, 2.39986, 2.43702, 2.1765
4.84, 0.0319371, 0.378882, 0.224198, -0.0370477, -0.351901, 0.0387204, 0.175654, 0.682112, 1.28676, 1.18146, 1.3563, 1.64418, 1.57387, 1.68355, 2.03684, 2.30356, 2.32413, 2.64468, 2.50917, 2.1655, 2.16901, 1.82295, 2.08753, 2.45241, 2.27349, 1.7778, 1.76478, 1.96737, 2.48686, 2.24176, 2.21405
4.86, 0.0319376, 0.139857, 0.390838, 0.267772, 0.0134673, 0.0551828, 0.411147, 0.264015, 0.610439, 1.27003, 1.44206, 1.4102, 2.07972, 2.53268, 2.82438, 2.42141, 2.58503, 2.75044, 2.55658, 2.27284, 2.15464, 2.31814, 1.83069, 2.25395, 2.41946, 2.41997, 2.19915, 2.02199, 2.10623, 2.4653, 2.13269
4.88, 0.0319376, 0.390769, -0.130909, 0.391602, 0.58282, 0.66647, 0.699069, 0.978226, 0.877412, 1.42357, 2.22487, 1.7113, 1.96854, 2.3215, 2.18451, 2.25966, 2.38487, 2.89504, 2.57485, 2.01659, 1.91296, 2.25089, 2.00929, 2.23497, 2.23732, 2.34678, 2.17368, 2.35268, 2.30874, 1.88786, 2.0387
4.9, 0.0319376, 0.117465, 0.0258471, 0.182997, 0.661167, 0.701835, 0.622309, 1.17729, 1.27868, 1.07712, 1.30719, 1.22881, 1.89595, 1.81126, 2.21165, 2.51013, 2.4808, 2.69246, 2.34691, 2.2966, 2.19998, 2.13989, 1.89526, 1.79107, 2.07098, 2.24553, 2.18332, 2.41359, 2.37941, 2.37754, 2.34567
4.92, 0.0319376, 0.477622, -0.024123, 0.148376, 0.333768, 0.336369, 0.575082, 1.04616, 1.26493, 1.32917, 1.59209, 1.67274, 1.88959, 1.99015, 1.79559, 1.76481, 2.4036, 2.35987, 2.3941, 1.83145, 1.93796, 1.93322, 1.77947, 1.85516, 2.23411, 2.02616, 2.23401, 2.03894, 2.2393, 2.15685, 2.0834
4.94, 0.0319376, -0.0836636, 0.178677, 0.273632, 0.303699, 0.786819, 1.08838, 0.822989, 1.36102, 1.67499, 1.83553, 1.92854, 1.99784, 2.45017, 2.03835, 1.99115, 2.04995, 2.55245, 2.65359, 2.41855, 2.02081, 2.01857, 1.60303, 1.78873, 2.07653, 2.06017, 2.02289, 2.1303, 2.24536, 1.96232, 1.66083
4.96, 0.0319376, 0.0860024, 0.206779, 0.0518235, -0.442226, 0.0684985, -0.251951, 0.715394, 1.22793, 1.37891, 1.09573, 1.92947, 2.09275, 2.41805, 2.28259, 2.05571, 2.22035, 2.43297, 2.28565, 1.88045, 1.8274, 2.31159, 1.94339, 1.68006, 2.14654, 2.31898, 1.66086, 1.84055, 2.21485, 2.09952, 1.93622
