# Time (seconds), Duration (seconds), f0, f1, f2, f3, f4, f5, f6, f7, f8, f9, f10, f11, f12, f13, f14, f15, f16, f17, f18, f19, f20, f21, f22, f23, f24, f25, f26, f27, f28, f29
0, 0.0319375, 0.581774, 0.565782, -0.011142, -0.249595, -0.386601, -0.797099, -1.41785, -1.75515, -2.18563, -1.92767, -1.51098, -1.2162, -1.12234, -1.46979, -1.97833, -1.654, -2.09636, -1.63709, -2.47015, -2.91147, -2.04184, -2.56506, -2.53858, -2.28756, -2.79436, -2.48974, -2.21939, -2.37363, -2.43417, -2.36677
0.02, 0.0319375, 0.691412, 0.176327, -0.629419, -0.925936, -0.88433, -1.09583, -1.30278, -1.59522, -1.74992, -1.83665, -1.77782, -1.61988, -1.5994, -1.71518, -2.16314, -1.64042, -1.5618, -1.52296, -1.9961, -2.34647, -2.58102, -2.90032, -2.68674, -2.26284, -2.65278, -2.26792, -2.28475, -2.28744, -2.3088, -2.23015
0.04, 0.0319375, 0.531823, 0.904054, -0.283137, -1.01668, -1.42635, -0.979597, -1.47323, -1.65984, -1.70079, -1.54396, -2.18356, -1.71496, -1.59149, -1.26785, -1.97576, -1.67894, -2.08854, -1.74267, -2.0347, -2.58166, -2.65485, -3.3944, -2.77894, -2.61813, -2.63953, -2.64014, -2.21632, -2.59265, -2.37936, -2.14706
0.06, 0.0319375, -0.210071, -0.243326, -0.63275, -0.908387, -0.644494, -1.66531, -1.73893, -1.22674, -1.89227, -2.41314, -1.97124, -1.82947, -1.49226, -1.83426, -2.27543, -1.88197, -1.93002, -1.80719, -2.46052, -2.9774, -2.731, -2.42434, -2.73404, -2.72142, -2.74909, -2.58011, -2.325, -2.57259, -2.4132, -2.16785
0.08, 0.0319375, 0.579809, -0.0476259, -0.446311, -1.06654, -1.44635, -1.28496, -1.58018, -1.85992, -1.35988, -1.84003, -1.70907, -1.15093, -2.05917, -1.72782, -1.79838, -1.50077, -1.94064, -1.38286, -2.27021, -2.75331, -2.58104, -2.41448, -2.85753, -2.29634, -2.5331, -2.36595, -2.18456, -2.46906, -2.88827, -2.07131
0.1, 0.0319375, 0.736201, 0.518811, -0.245449, -0.453957, -1.41937, -1.60917, -1.73559, -2.02405, -2.22031, -2.01674, -1.83631, -1.76717, -2.05765, -1.77448, -2.0122, -1.81505, -1.90261, -1.64464, -2.23265, -2.68048, -2.48772, -2.96862, -2.69169, -2.47764, -2.51588, -2.48768, -2.35706, -2.39683, -2.26817, -2.20555
0.12, 0.0319375, 0.526346, 0.757553, 0.0134085, -0.298275, -0.868122, -1.39058, -1.6043, -1.33166, -1.37757, -2.29837, -2.2894, -1.86528, -1.47156, -1.76843, -1.98361, -1.80376, -2.29382, -1.73444, -2.22133, -2.88957, -2.58955, -3.17285, -2.99179, -2.35027, -2.57032, -2.10242, -2.10377, -2.41784, -2.44257, -2.12908
0.14, 0.0319375, 0.338767, 0.176224, -0.633525, -1.30207, -1.1243, -2.08381, -2.48591, -2.22177, -1.94983, -2.08559, -1.71116, -1.76538, -2.1559, -1.77314, -2.13637, -2.10761, -2.35482, -1.66404, -2.0994, -3.05556, -2.69701, -2.79177, -2.57953, -2.49808, -2.62443, -2.70199, -2.29284, -2.70526, -2.5873, -2.30984
0.16, 0.0319375, 0.364167, -0.104738, -0.0510703, 0.025511, -0.151987, -1.21167, -1.61326, -2.41905, -2.19624, -2.06061, -1.73573, -1.91763, -2.03158, -1.72364, -1.81184, -1.60139, -1.69371, -1.57893, -2.40621, -2.9543, -2.91749, -2.92026, -2.71519, -2.99852, -2.9711, -2.4797, -2.0835, -2.57448, -2.28001, -2.08783
0.18, 0.0319375, -0.0954195, 0.680087, -0.130477, 0.390229, -0.838822, -1.21746, -1.74933, -1.27225, -1.75753, -2.02933, -1.8041, -1.65713, -1.85276, -1.67807, -1.84234, -1.63206, -2.21053, -1.72763, -2.04687, -3.20341, -2.66447, -2.7094, -3.01669, -2.35401, -2.43191, -2.62139, -2.33872, -2.60315, -2.47408, -2.46251
0.2, 0.0319375, 0.0905107, 0.346605, -0.574899, -0.352482, -0.917892, -0.76069, -1.00126, -1.08961, -1.9602, -1.74806, -0.834508, -0.778322, -1.19989, -1.35444, -1.34276, -1.67968, -2.0306, -1.82106, -2.38765, -2.79453, -2.57612, -2.85847, -2.68198, -2.89257, -2.72769, -2.19873, -2.18774, -2.35757, -2.50544, -2.1898
0.22, 0.0319375, 0.294703, 0.655423, -0.257236, -0.189896, -0.304208, -0.180925, 0.0700988, 0.143775, -0.950412, -0.972947, -1.55506, -0.462538, -0.783038, -0.835521, -0.704019, -0.998497, -1.81053, -1.8104, -2.43404, -3.03068, -2.55203, -2.70279, -2.91114, -2.67823, -2.3498, -2.13695, -2.28521, -2.48766, -2.27251, -2.09867
0.24, 0.0319375, 0.0219098, 0.0930797, -0.998744, 0.492178, 0.694977, -1.01377, -0.909374, -0.403589, -0.54553, -1.01824, 0.102859, 0.657475, -0.151312, -0.176257, -0.760812, -0.891357, -1.42224, -1.89189, -2.42497, -2.63712, -2.26085, -2.12143, -2.43212, -2.27841, -2.26914, -2.11148, -1.89772, -2.15543, -2.48256, -2.1607
0.26, 0.0319375, 0.28141, 0.846624, 0.584578, 0.612217, -0.172458, -0.898827, 0.567572, -0.187001, -1.19028, -1.20239, -1.07972, -0.0743084, -0.365571, 0.147103, -0.579674, -1.07331, -1.56916, -1.45885, -1.68467, -2.45423, -2.02117, -2.23889, -2.44093, -2.54918, -2.12888, -1.67828, -1.85388, -1.9284, -2.3015, -1.90676
0.28, 0.0319375, 0.479095, 0.128099, -0.626336, -0.3538, 0.0124094, -0.852967, -0.800051, -0.397821, -0.59313, -0.494369, 0.0407282, 0.444278, -1.00328, -0.510458, -0.201082, -0.288065, -0.754471, -1.23024, -2.02684, -2.39263, -1.82279, -1.99667, -2.43841, -2.4334, -2.30957, -1.66965, -1.89261, -2.25567, -2.25993, -1.86625
0.3, 0.0319375, 0.455502, 0.0862112, -0.592593, 0.301723, 0.468295, -0.427949, -0.805828, -0.389717, -0.482409, -0.483141, 0.236354, 0.348696, -0.587543, -0.705864, -0.419403, -0.802821, -0.997742, -1.25382, -1.80948, -2.0371, -1.82987, -1.71799, -2.07272, -2.27911, -2.45931, -2.31772, -2.131, -2.12177, -1.97507, -1.95055
0.32, 0.0319375, -0.0485542, -0.275297, -0.083074, 0.485089, 0.464592, 0.0585144, -0.319146, 0.235667, -0.964134, -0.576183, -0.229266, 0.214884, -0.575947, -0.477629, -0.568689, -0.782066, -1.13515, -1.2013, -2.08063, -2.30259, -2.0973, -2.10416, -2.30543, -2.6399, -2.17537, -1.72445, -1.75504, -2.05961, -2.49164, -2.22608
0.34, 0.0319375, 0.00750626, -0.514546, -0.546116, -0.561782, -0.220785, -0.564812, -1.16068, -0.321774, -1.37208, -0.95262, 0.253175, -0.186039, -0.411249, -0.332389, -0.307016, -0.155867, -1.43031, -1.44764, -1.95701, -2.40593, -1.71765, -2.0854, -2.61467, -2.6014, -2.40339, -2.12954, -2.00492, -2.19505, -2.34722, -2.09319
0.36, 0.0319375, 0.343054, -0.214532, -0.579447, 0.459137, 0.191593, -0.169187, -0.117705, 0.179252, -0.863703, -0.612131, -1.10737, -0.873534, -1.1278, -0.724911, -0.557676, -0.921743, -1.24507, -1.34208, -1.88168, -2.346, -1.8855, -1.90207, -2.33304, -2.38579, -2.02617, -1.68176, -1.75386, -2.0905, -2.21423, -2.15372
0.38, 0.0319375, 0.0290801, -0.401702, 0.102125, 0.428371, 0.212048, -0.507469, -0.554473, -0.555327, -0.50903, -1.06998, -0.22221, -0.481352, -1.10134, -0.949654, -1.13115, -0.641783, -1.49947, -1.58396, -2.28719, -2.64479, -2.05812, -1.93328, -2.53524, -2.2529, -2.63309, -2.31361, -1.68436, -2.08276, -2.41036, -2.07454
0.4, 0.0319375, -0.192272, 0.129976, -0.346198, 0.0160056, -0.0686451, -0.532405, -0.864828, -0.350736, -1.39342, -0.732126, -0.553935, -0.402329, -1.17681, -1.42164, -1.15621, -1.35555, -1.5597, -1.71652, -1.96232, -2.64457, -2.24798, -2.26452, -2.86219, -2.40973, -2.47693, -2.23659, -1.96096, -2.28364, -2.38819, -2.241
0.42, 0.0319375, -0.225899, 0.521989, -0.479326, -0.438888, -0.308455, -0.449486, -0.4606, -0.729371, -1.22583, -1.61328, -1.16387, -0.809558, -1.11057, -1.40831, -1.55179, -1.50735, -2.22308, -1.80069, -2.40383, -2.69722, -2.31449, -2.4696, -2.76054, -2.66144, -2.81677, -2.87491, -2.34797, -2.37404, -2.29458, -2.41232
0.44, 0.0319375, 0.103776, 0.128613, -0.90692, -0.223797, -0.578988, -0.904062, -0.748323, -0.580716, -1.79772, -1.90439, -1.15536, -0.978935, -1.71499, -1.66956, -1.45968, -1.4617, -2.22135, -1.51751, -2.35251, -3.18462, -3.06367, -2.57762, -2.54297, -3.03691, -2.84336, -2.65341, -2.58048, -2.52206, -2.47217, -2.40845
0.46, 0.0319375, -0.427723, -0.469962, -0.383628, 0.0623269, -0.779608, -1.17401, -1.3383, -1.44583, -1.30874, -2.09386, -1.43952, -0.530699, -1.3701, -1.38527, -1.78003, -1.47068, -1.91567, -1.77611, -2.63186, -2.82654, -2.94566, -3.2, -2.83757, -2.6133, -2.9693, -2.6687, -2.20912, -2.42879, -2.42102, -2.20862
0.48, 0.0319375, -0.614082, 0.277353, -0.115658, -0.680561, -0.650452, -0.903758, -1.37402, -1.53697, -1.49638, -1.1477, -1.80218, -1.56351, -1.45987, -1.59966, -1.79028, -2.11294, -2.41749, -1.51446, -2.48564, -2.97506, -2.74878, -2.77328, -2.40284, -2.78175, -2.72899, -2.54143, -2.22863, -2.32738, -2.592, -2.54563
0.5, 0.0319375, 0.325513, 0.62232, -0.398275, -0.219356, -0.76594, -1.0864, -0.282275, -0.839069, -1.42168, -2.03969, -1.69826, -0.603076, -0.934931, -1.32564, -1.6503, -1.58602, -2.05225, -1.62167, -2.56734, -3.14199, -2.69338, -2.77293, -2.8387, -2.87174, -2.62137, -2.60412, -2.23125, -2.54087, -2.38313, -1.89068
0.52, 0.0319375, 0.0177889, 0.159015, -0.6387, 0.197229, -0.254397, -1.06631, -0.839785, -0.598601, -1.18972, -1.99486, -1.17525, -1.17171, -1.50062, -1.29414, -1.24038, -1.3648, -1.98064, -1.73014, -2.68145, -3.01296, -2.57843, -2.71917, -2.32321, -2.52167, -2.77442, -2.54772, -2.19256, -1.9952, -2.1067, -2.1048
0.54, 0.0319375, -0.801258, -0.198446, -0.526569, -0.173625, -0.012783, -0.46966, -0.458519, -0.83447, -1.26139, -2.1816, -1.21352, -0.914408, -0.807778, -1.41434, -1.18714, -1.34487, -2.17285, -1.78787, -2.42763, -2.65603, -2.56608, -2.69703, -2.88478, -2.40716, -2.47946, -2.42639, -2.09346, -2.33925, -2.20381, -2.0221
0.56, 0.0319375, 0.0597308, -0.317269, -0.368341, -0.270163, -1.00963, -0.572956, -0.673762, -0.633352, -1.67788, -1.77029, -1.68264, -0.619895, -1.31397, -0.715157, -1.04318, -0.871812, -1.50417, -1.52676, -2.51606, -2.97989, -2.58424, -2.31726, -2.35878, -2.58643, -2.70446, -2.48794, -2.41297, -2.35998, -2.48547, -2.35138
0.58, 0.0319375, -0.471357, -0.715373, -0.413939, 0.204931, -0.210294, -1.02574, -0.7216, -0.176186, -0.951143, -1.64301, -1.33085, -0.369104, -0.90874, -1.27796, -1.3288, -1.18506, -1.62111, -1.63218, -2.31615, -2.97994, -2.76989, -2.45586, -2.83045, -2.27729, -2.33917, -2.1788, -2.15579, -2.36367, -2.19672, -2.12882
0.6, 0.0319375, -0.0304899, 0.130743, -0.318522, -0.0690439, -0.0506486, -0.495037, -0.765669, -0.436913, -1.43207, -1.67693, -1.02911, -0.478747, -1.19165, -1.2764, -1.62037, -1.41573, -1.99365, -1.67657, -2.28087, -2.92715, -2.72397, -2.68072, -2.97649, -2.6426, -2.19432, -2.10579, -2.25095, -2.21225, -2.14322, -2.00216
0.62, 0.0319375, -0.476544, 0.0740463, -0.273447, -0.0450452, -0.429775, -0.513274, -0.324491, -0.800783, -1.56373, -1.64257, -0.81673, -0.444703, -1.52422, -1.63762, -1.63788, -1.51341, -1.65095, -1.65986, -2.42294, -3.20257, -2.87831, -2.84456, -2.70961, -2.53952, -2.7374, -2.40017, -2.42272, -2.38976, -2.48423, -2.03263
0.64, 0.0319375, 0.408111, -0.834033, -1.59713, -0.245931, -0.686298, -1.10162, -0.901945, -1.15274, -1.84258, -2.18375, -2.11954, -1.31878, -1.42811, -1.47301, -1.80105, -1.97437, -1.85429, -1.64554, -2.39839, -2.7331, -3.06304, -2.74663, -2.47456, -2.31408, -2.4982, -2.66403, -2.23525, -2.49382, -2.45088, -2.16519
0.66, 0.0319375, -1.27991, -0.393371, -0.60645, -0.0500169, -1.27881, -1.42573, -1.19647, -1.22687, -1.98499, -2.07515, -1.9218, -1.61663, -2.23079, -2.1527, -1.77042, -1.48214, -1.8311, -1.50414, -2.16219, -3.09954, -3.33603, -2.89849, -2.491, -2.73005, -2.54151, -2.44483, -2.12808, -2.20147, -2.60366, -2.40909
0.68, 0.0319375, -0.124416, 0.134617, -0.605481, -0.688657, -0.97393, -2.01396, -1.9244, -1.8502, -1.90911, -1.97043, -2.13926, -1.685, -1.71754, -2.40436, -1.93866, -1.66611, -2.0376, -1.62711, -2.43681, -2.53148, -2.64239, -2.85682, -2.83465, -2.67537, -2.56248, -2.62606, -2.3965, -2.4894, -2.39776, -2.11191
0.7, 0.0319375, -0.616453, -0.302641, -0.886647, -1.30615, -1.12573, -1.20787, -1.68135, -2.19528, -2.43655, -2.12892, -1.72883, -1.89611, -1.43141, -1.95941, -1.91562, -1.78567, -1.85715, -1.69183, -2.35679, -2.66704, -2.83732, -3.05433, -2.99887, -2.50589, -2.50886, -2.71464, -2.15126, -2.25938, -2.21025, -2.21133
0.72, 0.0319375, 0.0469318, -0.813929, -0.688065, -0.130748, -0.464058, -1.19076, -1.25955, -1.30745, -1.63462, -1.76316, -1.79785, -1.35195, -1.70027, -2.21304, -1.69162, -1.76784, -2.10669, -1.70308, -2.56555, -2.98323, -3.09836, -2.99815, -2.77635, -2.4598, -2.86506, -2.78297, -2.28054, -2.43132, -2.49454, -2.28494
0.74, 0.0319375, -0.770098, -0.374339, -1.39962, -0.719494, -0.788228, -1.49967, -1.32337, -1.98057, -1.56844, -1.83726, -1.35654, -1.12565, -1.63801, -1.47731, -1.97199, -1.9417, -2.1163, -1.71573, -2.42989, -2.88875, -2.76023, -3.06618, -3.12332, -2.93409, -3.09855, -2.62886, -2.37413, -2.35794, -2.49667, -2.26881
0.76, 0.0319375, -0.520598, 0.0738776, -0.39329, -0.412905, -0.483905, -1.23044, -1.33146, -1.7159, -1.4674, -1.95261, -1.63205, -1.31895, -1.13585, -1.86038, -1.81124, -1.62703, -2.06146, -1.51544, -2.22641, -2.87538, -3.021, -2.62365, -2.55488, -2.35941, -2.93545, -2.3331, -2.0373, -2.34129, -2.39068, -2.36126
0.78, 0.0319375, -0.442796, 0.0615467, -0.731951, -1.46049, -0.965048, -2.00527, -1.44289, -1.29667, -1.55471, -1.54305, -1.69418, -1.36852, -1.93135, -1.95535, -1.847, -1.85214, -2.1026, -1.54676, -2.26724, -2.84899, -2.66755, -2.85888, -2.99, -2.98346, -2.41727, -2.38664, -2.20395, -2.45146, -2.2475, -2.07493
0.8, 0.0319375, 0.126037, -0.356507, -1.12018, -0.840063, -1.03806, -1.54207, -1.99324, -1.70819, -2.23046, -1.45163, -1.44076, -1.4743, -2.17045, -1.61731, -1.86181, -1.66799, -2.02962, -1.55276, -2.29971, -3.00092, -2.7531, -2.75801, -2.70249, -2.49881, -2.50622, -2.32693, -2.33778, -2.54512, -2.45753, -2.27955
0.82, 0.0319375, -0.0442433, -0.0846605, -0.68516, -0.207685, -0.712743, -1.32482, -1.60151, -1.10076, -1.94409, -2.53448, -1.34477, -1.24992, -1.47387, -1.71198, -1.9605, -1.81212, -2.07539, -1.48334, -2.16647, -2.72364, -2.78156, -2.84878, -2.88598, -2.41587, -2.76655, -2.55248, -2.6232, -2.27726, -2.43796, -2.43214
0.84, 0.0319375, -0.49965, -0.744581, -1.32741, -1.17924, -0.857263, -1.30244, -1.72428, -1.57483, -1.65877, -1.46886, -1.74973, -1.49647, -1.42899, -1.28097, -1.74176, -1.75222, -1.73251, -1.50502, -2.05702, -2.90224, -2.75417, -2.92715, -2.49185, -2.5599, -2.45192, -2.55146, -2.16874, -2.31341, -2.44283, -2.19256
0.86, 0.0319375, -0.334776, 0.141625, -0.533611, -1.7086, -2.07515, -1.74047, -1.7823, -1.28928, -2.08241, -1.89941, -1.74045, -1.15914, -1.50265, -1.75564, -1.8653, -1.72648, -1.7658, -1.56004, -2.44409, -2.70256, -2.90033, -2.84201, -2.63644, -2.82053, -2.65703, -2.5983, -2.41961, -2.17943, -2.26718, -2.3098
0.88, 0.0319375, 0.202922, -0.695908, -0.486907, -0.467335, -1.19728, -1.40172, -1.57918, -1.41317, -1.96264, -2.24537, -1.53259, -1.60346, -1.79735, -1.83562, -1.96368, -1.47511, -2.12024, -1.63767, -2.71908, -2.75079, -2.79519, -2.81794, -2.82247, -2.89599, -2.68096, -2.3837, -2.35233, -2.24624, -2.22589, -2.03237
0.9, 0.0319375, -0.392049, 0.165419, -1.21105, -1.37128, -1.14985, -1.37023, -1.78051, -1.98948, -1.95894, -1.98759, -1.90408, -0.759135, -0.899384, -1.72359, -1.75139, -1.972, -2.13559, -1.76021, -2.54867, -3.26338, -2.6969, -2.7232, -2.66778, -2.50986, -2.50165, -2.65043, -2.17984, -2.25791, -2.25888, -2.12578
0.92, 0.0319375, -0.162531, -0.325865, -0.985556, -1.1579, -1.71977, -1.52164, -1.79972, -1.60522, -2.34192, -2.03077, -1.35949, -1.22309, -1.65818, -2.04527, -1.77503, -1.9232, -1.72719, -1.69173, -2.49136, -2.93761, -2.75199, -2.86219, -2.56539, -2.46706, -2.51358, -2.45777, -2.07385, -2.22096, -2.38645, -2.09139
0.94, 0.0319375, -0.400205, -0.523396, -1.07489, -0.486679, -0.814966, -2.13682, -1.41379, -2.26821, -2.03054, -2.2756, -1.95756, -1.26198, -1.74664, -1.89919, -1.71375, -1.75306, -1.95645, -1.8273, -2.73325, -2.99774, -2.66786, -2.52089, -2.89643, -2.43231, -2.6421, -2.37121, -2.19144, -2.05833, -2.48881, -2.09831
0.96, 0.0319375, -0.77583, -0.268306, -1.58918, -0.622336, -1.21268, -1.68952, -1.90499, -1.72486, -1.54682, -1.84788, -2.02535, -1.36347, -1.34055, -1.8503, -1.41687, -1.54636, -1.98453, -1.48176, -2.33726, -2.83111, -2.72178, -3.0194, -2.93028, -2.30151, -2.45227, -2.30053, -2.23676, -2.09261, -2.29329, -2.30781
0.98, 0.0319375, 0.272568, -0.300816, -0.825031, -0.825261, -0.968399, -1.46553, -1.66452, -2.13735, -1.89524, -1.89429, -1.73077, -1.4732, -1.41158, -2.08372, -1.66301, -1.77864, -2.15526, -1.72361, -2.59531, -2.87187, -2.60648, -2.65045, -2.57979, -2.54574, -2.40599, -2.46825, -2.02234, -2.06906, -2.31652, -1.93755
1, 0.0319375, -0.446532, -0.555982, -0.894211, -0.797745, -1.04295, -1.44486, -1.8748, -1.87728, -1.79479, -2.04861, -1.56609, -1.22033, -1.78632, -1.95905, -1.62273, -2.02453, -2.22879, -1.78482, -2.41606, -2.56977, -2.88506, -2.68378, -2.76301, -2.97345, -2.7666, -2.71442, -2.2905, -2.29311, -2.46661, -2.27894
1.02, 0.0319375, -0.237979, -0.388199, -1.48518, -1.22164, -1.48155, -2.10537, -1.77421, -1.88754, -2.07198, -2.0563, -1.93575, -1.64185, -1.65779, -1.93812, -1.88641, -1.75224, -1.9681, -1.7144, -2.58649, -2.71061, -2.76575, -3.15469, -2.73817, -2.43267, -2.67732, -2.59722, -2.25173, -2.31815, -2.32892, -2.00662
1.04, 0.0319375, -0.113805, 0.433734, -0.499739, -0.518824, -1.25848, -1.49274, -1.08139, -1.56846, -1.68016, -1.92149, -1.93603, -1.83517, -1.63327, -1.58678, -1.72568, -1.60567, -1.96111, -1.75226, -2.3784, -2.63706, -2.79794, -2.78788, -2.69283, -2.68158, -2.50819, -2.40446, -2.41992, -2.07384, -2.1409, -2.0883
1.06, 0.0319376, -0.433739, -0.0350963, -1.0989, -0.661228, -1.18776, -1.83574, -1.44083, -1.99246, -1.89798, -1.63923, -1.47275, -0.957553, -1.39614, -1.79952, -1.73799, -2.00062, -2.15938, -1.70287, -2.31693, -3.05733, -2.82836, -2.74745, -2.68501, -2.64168, -2.63236, -2.33791, -2.01477, -2.28044, -2.09571, -2.05099
1.08, 0.0319375, 0.57046, -0.226684, -1.13483, -0.952901, -1.11764, -1.54764, -1.1395, -1.74151, -1.67469, -2.04379, -1.72836, -1.83325, -1.56645, -1.8947, -1.53016, -1.27876, -1.90599, -1.63147, -2.21586, -2.96234, -2.62077, -2.90057, -2.57203, -2.61765, -2.55907, -2.51992, -2.55442, -2.34049, -2.35215, -2.17978
1.1, 0.0319375, -0.737485, -0.126215, 0.279394, -0.171124, -0.720044, -1.1752, -1.09796, -0.545598, -0.967935, -1.29702, -1.31174, -0.972139, -1.30698, -0.927004, -0.572312, -1.46035, -1.41811, -1.62132, -2.16703, -2.5055, -2.48384, -2.1427, -2.01088, -1.97262, -1.91345, -1.7614, -1.89729, -1.84737, -2.13663, -2.16327
1.12, 0.0319375, 0.329288, -0.0276697, 0.852134, 0.715384, -0.0812003, -0.785415, -0.434748, 0.0929932, -0.572795, -1.12204, -1.12017, -0.671447, -0.779007, -0.743644, -0.507489, -0.721856, -0.55568, -0.974723, -1.62655, -1.94146, -1.89099, -1.77782, -1.27354, -1.48136, -1.73996, -1.26904, -1.24331, -1.76896, -1.78689, -1.79102
1.14, 0.0319375, 0.782996, 0.623526, 0.666796, 0.616967, 0.0546822, -0.354786, 0.434535, 0.428581, -0.259998, -0.508712, -0.112324, -0.151593, -0.163273, 0.232465, 0.0804628, -0.424706, -0.566907, -0.928567, -1.0851, -1.85552, -1.52236, -0.77307, -1.21338, -0.968719, -0.74181, -1.24679, -1.08558, -1.25633, -1.21774, -1.2131
1.16, 0.0319375, 0.914158, 0.739093, 1.18093, 1.35615, 0.5468, -0.232528, 0.0501463, 0.518014, -0.209701, -0.257388, -0.58496, -0.36236, -0.151928, 0.569498, -0.0960783, 0.104137, -0.713155, -0.85147, -1.51071, -1.82074, -1.40318, -1.00744, -0.829989, -1.02228, -0.973305, -0.738382, -0.787713, -1.00603, -1.11496, -0.996726
1.18, 0.0319376, 0.00386159, 0.320168, 0.352417, 0.635227, -0.0770001, -0.171596, 0.127098, 0.449773, 0.188611, -0.182532, -0.5029, 0.261399, -0.263808, 0.323962, 0.147933, -0.461206, -0.367944, -1.1323, -1.2506, -1.67526, -1.31894, -1.15102, -1.13919, -1.14431, -1.00462, -0.534431, -0.497816, -1.03318, -1.38825, -1.23964
1.2, 0.0319375, -0.176731, 0.590623, 0.18802, 1.11338, 0.0274316, -0.149147, 0.818935, 0.886412, 0.557418, -0.260412, -0.288657, 0.108598, -0.0107452, 0.250169, -0.317201, -0.188798, -0.157987, -0.760387, -1.62472, -1.78084, -1.52384, -1.02137, -0.956341, -1.16216, -1.33851, -0.597366, -0.567698, -1.10726, -1.25463, -1.42355
1.22, 0.0319375, 0.131629, 0.2236, 0.292281, -0.133734, 0.0466269, -0.728763, 0.0354203, 0.103776, -0.106532, -0.510677, -1.02494, -0.340585, -0.296476, -0.0876014, -0.686672, -0.613091, -0.733359, -1.08358, -1.61795, -2.08003, -2.0243, -1.32628, -1.77127, -1.93618, -1.50469, -0.850917, -0.920419, -1.46356, -1.48114, -1.67409
1.24, 0.0319375, -0.646173, 0.202232, 0.444892, 0.0825026, 0.283032, -0.253971, 0.0578222, 0.444091, -0.295079, -0.917444, -1.56162, -0.695302, -0.62604, -0.189105, -1.00391, -0.378159, -1.17189, -1.11514, -1.80143, -2.18128, -2.18822, -2.05054, -2.06319, -1.96151, -1.45883, -1.0274, -1.23268, -1.63635, -1.74641, -1.83299
1.26, 0.0319375, -0.208042, 0.183696, 0.0524028, 0.781149, -0.033934, -1.59389, -1.04239, -0.681415, -0.47087, -1.34356, -1.7467, -1.55047, -1.33237, -1.03841, -1.13516, -1.08973, -1.77198, -1.79515, -2.09561, -2.39694, -2.45999, -2.70133, -2.69985, -2.87887, -2.56975, -1.95991, -1.76078, -1.88723, -2.15283, -2.16079
1.28, 0.0319375, -0.395342, -0.488617, -0.348545, -1.07754, -1.57342, -1.13169, -0.719081, -0.697109, -1.85402, -1.68567, -1.70062, -1.7868, -1.3914, -1.24912, -1.34181, -1.44824, -1.73224, -1.49862, -2.36446, -2.92317, -2.66306, -2.5991, -2.50191, -2.65105, -2.33788, -2.43059, -2.16615, -2.32698, -2.39899, -2.33398
1.3, 0.0319376, -0.426395, -0.22303, -1.08801, -1.2326, -0.981364, -2.0569, -1.41898, -1.28654, -1.488, -2.05526, -1.51331, -1.66448, -1.61979, -1.56901, -1.23398, -1.35791, -1.61229, -1.56762, -2.50386, -2.85036, -2.73746, -3.21505, -2.68197, -2.91445, -2.60575, -2.70472, -2.22241, -2.03228, -2.22047, -2.41951
1.32, 0.0319375, -0.622957, -0.569005, -1.05629, -0.537961, -0.974543, -1.40274, -1.17949, -1.48094, -1.83235, -1.98747, -1.73286, -1.52773, -1.54269, -1.49606, -2.06387, -1.47136, -1.82715, -1.6644, -2.32904, -3.04519, -2.8167, -2.59224, -2.55524, -2.67904, -2.87676, -2.36517, -2.30302, -2.13873, -2.08917, -2.26245
1.34, 0.0319375, -0.385323, 0.130503, -0.734508, -1.31695, -1.37468, -1.70114, -1.66944, -1.38863, -1.27943, -1.78882, -2.28834, -1.86535, -1.88394, -1.48495, -2.24248, -1.73256, -2.23264, -1.69271, -2.45304, -2.56066, -2.77161, -2.79508, -2.76155, -2.65772, -2.58223, -2.47958, -2.25286, -2.39293, -2.32144, -2.17069
1.36, 0.0319375, 0.0812723, -0.536258, -0.899256, -0.319151, -1.06011, -1.77102, -1.50543, -2.06744, -1.36143, -1.99236, -1.73544, -1.36835, -1.28789, -1.62563, -1.46279, -2.02283, -2.34519, -1.54808, -2.30647, -2.75745, -2.82435, -2.90156, -2.42883, -2.84152, -2.46113, -2.32095, -2.56914, -2.41919, -2.44154, -2.26618
1.38, 0.0319375, -0.459402, -0.91801, -0.502884, -0.59073, -1.37855, -2.12888, -1.93113, -1.58581, -1.64524, -2.15807, -2.09591, -1.67447, -1.49675, -1.09595, -1.42546, -1.65668, -1.92924, -1.56571, -2.50284, -2.69911, -2.61166, -2.90059, -2.65799, -2.42193, -2.4208, -2.54972, -2.41131, -2.24265, -2.27004, -2.34591
1.4, 0.0319375, -0.672299, -0.489839, -0.450059, -0.627243, -0.790281, -1.58204, -1.59943, -1.13683, -1.28537, -2.12508, -1.79552, -1.77691, -1.41891, -1.68288, -1.51245, -1.95432, -1.73858, -1.39611, -2.24183, -2.54237, -2.80465, -2.84059, -2.5117, -2.40826, -2.39164, -2.52535, -2.17132, -2.23321, -2.51241, -2.12329
1.42, 0.0319376, -0.501094, -0.611338, -0.726348, -0.148741, -0.734863, -1.26278, -1.43829, -1.36487, -1.29134, -1.85195, -2.36318, -1.37808, -1.44463, -1.71355, -1.56167, -1.26543, -1.73796, -1.67867, -2.34057, -2.61183, -3.05519, -2.9619, -2.47021, -2.36991, -2.53982, -2.37076, -2.31853, -2.46379, -2.46049, -2.01096
1.44, 0.0319375, -0.406168, -0.0383717, -0.71525, 0.123623, 0.0753845, -1.23014, -1.46637, -1.55326, -1.34529, -1.46546, -1.18005, -1.08329, -0.956303, -1.80118, -1.27295, -1.44066, -1.99084, -1.59952, -2.71439, -3.06831, -2.60274, -2.42027, -2.60818, -2.60237, -2.89174, -2.60972, -2.27759, -2.38963, -2.17364, -2.30161
1.46, 0.0319375, -0.213426, 0.108656, 0.235628, 0.396802, -0.422821, -0.712275, -0.975804, -0.991006, -1.44735, -1.64884, -1.24236, -0.943988, -1.60704, -1.33729, -1.12291, -1.15404, -1.55709, -1.57229, -2.11198, -2.86334, -2.53855, -2.45593, -2.54047, -1.95416, -2.31945, -1.94227, -2.21451, -2.27384, -2.22395, -2.15747
1.48, 0.0319375, -1.418, -0.0621432, -0.292687, -0.0498302, -0.627684, -1.07683, -1.16952, -1.0532, -1.9901, -1.74852, -1.27063, -0.954058, -0.93649, -1.15259, -0.970462, -1.02288, -1.73451, -1.52956, -2.24247, -2.98835, -2.4914, -2.32899, -2.24186, -2.88755, -2.41068, -2.20539, -1.98073, -2.27374, -2.22862, -1.95115
1.5, 0.0319375, -0.609267, -0.148491, 0.0258001, 0.0807835, -0.721831, -1.54101, -0.982039, -1.33596, -1.94388, -1.8135, -1.74933, -1.30608, -1.64677, -1.19843, -1.8735, -1.79623, -2.33202, -1.5575, -2.38138, -2.8928, -2.68855, -2.20927, -3.07181, -3.09731, -2.56214, -2.26603, -2.02656, -2.22666, -2.59352, -1.97783
1.52, 0.0319375, -0.25605, -0.148683, -0.711043, -0.549834, -0.481582, -1.88706, -1.40216, -1.78772, -1.76804, -1.60648, -2.15837, -1.78514, -1.48133, -1.79306, -1.88643, -1.51076, -2.43652, -1.68921, -2.42542, -2.80961, -2.86306, -2.89377, -2.73096, -3.07731, -2.23088, -2.09471, -2.14415, -2.17205, -2.25821, -2.33433
1.54, 0.0319375, 0.422367, -0.364278, -0.485136, -0.456038, -1.53471, -2.37317, -1.88069, -1.08692, -2.36459, -1.89362, -2.17938, -1.91357, -1.37474, -2.06457, -1.65654, -1.71001, -2.08894, -1.55141, -2.34496, -2.83001, -2.63404, -2.26373, -2.52922, -2.82574, -2.64813, -2.36037, -2.14961, -2.41405, -2.7137, -2.33451
1.56, 0.0319376, -1.25633, -0.144677, -0.422008, -1.35091, -1.16552, -1.54969, -1.87366, -1.70869, -2.03633, -1.97177, -2.26464, -2.13023, -1.52013, -1.64164, -1.73868, -1.96423, -1.90077, -1.48465, -2.37121, -2.72725, -2.47372, -2.63549, -2.4375, -2.51216, -2.63334, -2.44884, -2.15047, -2.14711, -2.2246, -2.21258
1.58, 0.0319375, -0.761611, -1.13952, -0.604079, -0.175258, -1.17471, -1.76787, -2.55882, -2.24364, -2.11129, -2.77125, -2.03372, -1.89376, -1.26782, -1.79409, -1.59663, -2.0707, -2.03749, -1.7272, -2.60083, -3.0939, -2.79584, -2.97523, -2.917, -2.7191, -2.70736, -2.51972, -2.12186, -2.22543, -2.36799, -2.24742
1.6, 0.0319375, 0.0610337, -0.693463, -1.10035, -1.40007, -1.65239, -1.61639, -2.02746, -1.85884, -1.71876, -2.73631, -1.98003, -1.79851, -1.69379, -2.16343, -1.7639, -1.81164, -1.82488, -1.65941, -2.52953, -2.87905, -2.76279, -2.59832, -2.45317, -2.94788, -2.44644, -2.33241, -2.34738, -2.53046, -2.50361, -2.18765
1.62, 0.0319375, -0.435297, -0.554961, -0.761372, -0.826372, -1.29933, -1.90872, -1.23969, -1.73596, -2.11296, -2.16813, -1.85983, -2.0232, -1.70965, -1.97962, -1.72562, -1.86339, -1.95603, -1.74574, -2.82412, -2.98313, -2.95636, -2.94303, -2.60522, -2.56625, -2.54679, -2.37817, -2.37407, -2.11577, -2.35601, -2.24016
1.64, 0.0319375, -1.06404, -0.142289, -0.793682, -0.925999, -1.62102, -1.67307, -1.53545, -1.69816, -1.66124, -2.40888, -2.45461, -1.78833, -1.56675, -1.85802, -1.77063, -1.96748, -2.12532, -1.68957, -2.18167, -2.73229, -2.81096, -3.2012, -2.75093, -2.43855, -2.33031, -2.3844, -2.44239, -2.3486, -2.63482, -2.28492
1.66, 0.0319375, -0.246065, -0.468093, -1.4572, -0.933764, -1.14086, -1.94725, -2.23562, -2.09761, -2.47461, -2.40807, -2.27529, -2.54677, -1.51146, -1.58138, -1.52908, -1.81085, -1.98153, -1.41323, -2.1726, -2.85214, -2.60409, -3.00618, -2.75288, -2.62634, -2.21623, -2.40923, -2.44576, -2.22044, -2.34012, -2.18286
1.68, 0.0319376, -1.64261, -1.18201, -1.02859, -0.519658, -0.887146, -1.69091, -1.44397, -1.46074, -1.62907, -2.41768, -2.35065, -1.60772, -1.37984, -1.88797, -1.56244, -1.81616, -2.18746, -1.54219, -2.459, -3.01743, -3.03877, -2.92503, -2.75092, -2.59672, -2.75478, -2.55017, -2.24383, -2.17467, -2.46525, -2.15101
1.7, 0.0319375, -1.12343, -0.332951, -0.822769, -1.1169, -1.25353, -2.04399, -2.28612, -2.32016, -2.39283, -2.3529, -2.38936, -2.12139, -1.57625, -1.46633, -1.75669, -1.81663, -2.06398, -1.57061, -2.59463, -2.796, -2.63611, -2.8818, -2.72933, -2.59307, -2.60603, -2.47793, -2.08916, -2.10477, -2.37454, -2.40261
1.72, 0.0319375, -0.290055, -0.559137, -0.653098, -0.681073, -1.14061, -2.55983, -2.43214, -2.35461, -2.19957, -2.18997, -1.76154, -2.14347, -1.65589, -1.76081, -1.68965, -1.94897, -1.94011, -1.58012, -2.18558, -3.1498, -2.90173, -2.89877, -2.76026, -2.64557, -2.5773, -2.64563, -2.35051, -2.17831, -2.39719, -2.36129
1.74, 0.0319375, 0.342148, 0.113367, -0.90762, -0.657709, -1.22344, -2.82788, -2.69833, -2.1517, -2.17071, -2.81813, -2.41656, -2.12051, -1.23047, -1.8018, -1.89386, -1.91178, -2.19452, -1.70729, -2.40002, -2.65293, -2.26618, -2.52458, -2.56761, -2.70677, -2.70641, -2.66326, -2.24599, -2.26054, -2.63808, -2.23971
1.76, 0.0319375, -0.65928, -0.14893, -1.13171, -1.24264, -1.01623, -2.0007, -1.73169, -1.91031, -2.08351, -2.55405, -2.74802, -2.26998, -1.40342, -2.06158, -1.64187, -1.74728, -2.09815, -1.7195, -2.26606, -2.90343, -2.57422, -2.63781, -2.82261, -3.01412, -2.87819, -2.47029, -2.20475, -2.11758, -2.6877, -2.37198
1.78, 0.0319375, 0.139077, -0.623043, -0.844902, -1.06224, -1.30599, -2.17097, -1.88757, -2.22978, -2.52471, -2.48357, -2.36009, -2.74719, -1.66554, -1.82412, -1.78641, -1.88645, -1.7923, -1.54662, -2.56798, -2.98986, -2.65117, -2.69986, -2.44458, -2.63577, -2.466, -2.86688, -2.29977, -2.12202, -2.08609, -1.87496
1.8, 0.0319376, 0.399685, -0.974073, -1.68565, -1.49699, -1.12277, -2.03709, -2.26945, -1.94484, -2.08953, -2.13042, -1.91427, -2.12194, -1.32474, -1.88617, -1.67222, -1.84009, -1.74333, -1.59784, -2.50069, -2.91369, -3.04883, -2.90103, -2.56677, -2.52091, -2.54733, -2.38743, -2.06719, -2.30494, -2.37168, -2.15466
1.82, 0.0319375, -0.317096, -0.690944, -1.00651, -0.53856, -1.25951, -1.3065, -2.17194, -2.68521, -2.38082, -2.14651, -2.12468, -2.35195, -1.64122, -1.77576, -1.86589, -2.15392, -2.00034, -1.816, -2.3721, -2.73813, -3.22299, -2.62087, -2.67328, -2.83514, -2.48592, -2.30449, -2.00194, -2.23471, -2.16008, -2.41721
1.84, 0.0319375, -0.721034, -0.610971, -1.08925, -1.43815, -1.84791, -2.21428, -2.21509, -2.64893, -1.94293, -2.4801, -1.95904, -1.93398, -1.85121, -1.67955, -1.68418, -1.84993, -1.7734, -1.5131, -2.28332, -3.18866, -3.15982, -2.99192, -2.6922, -2.91131, -2.55125, -2.40226, -2.18631, -2.39302, -2.3991, -2.44417
1.86, 0.0319375, -0.37463, 0.172151, -1.16946, -0.99479, -1.63046, -1.72657, -2.16708, -1.71597, -1.72833, -2.18474, -2.19174, -2.07766, -1.37959, -1.74791, -1.76846, -1.74781, -1.87138, -1.62796, -2.40868, -2.69745, -2.75315, -2.7202, -2.60593, -2.29425, -2.76505, -2.51906, -2.33072, -2.13507, -2.423, -2.25033
1.88, 0.0319375, -0.400643, -0.102924, -0.921153, -0.470562, -1.53775, -2.16344, -2.06017, -1.98689, -2.22164, -2.44033, -2.12337, -2.429, -1.584, -1.62041, -1.7238, -1.86989, -2.21957, -1.56716, -2.39969, -2.93529, -2.74589, -2.68935, -2.70679, -2.5622, -2.61776, -2.44284, -1.92519, -2.19357, -2.43546, -2.30964
1.9, 0.0319375, -0.301527, -0.538799, -1.50486, -1.33316, -1.38693, -2.53513, -2.67778, -2.89185, -1.80742, -2.5974, -1.88009, -1.83136, -1.52068, -1.83114, -1.75959, -2.01512, -1.78517, -1.59546, -2.38433, -2.78519, -2.8183, -2.77012, -2.67296, -2.66292, -2.43384, -2.46623, -2.71333, -2.56511, -2.58762, -2.17028
1.92, 0.0319376, -0.769018, -1.35842, -0.980561, -1.2002, -1.50058, -1.57137, -2.41723, -2.22441, -2.23716, -1.92895, -1.26147, -1.22197, -1.35173, -1.79676, -1.81926, -1.8448, -2.02301, -1.64978, -2.51161, -2.81704, -2.76331, -2.76343, -2.34092, -2.49687, -2.82539, -2.33801, -1.82178, -2.09118, -2.5641, -2.22898
1.94, 0.0319375, -0.637858, -0.83106, -1.09134, -1.42075, -2.05684, -1.96575, -1.80065, -2.0349, -2.00689, -2.12362, -2.02656, -0.947154, -1.29063, -1.88169, -2.11159, -1.95348, -2.17289, -1.48633, -2.35202, -3.05883, -2.75597, -3.16757, -2.66566, -2.58627, -2.68033, -2.32139, -2.23494, -2.51228, -2.75318, -2.1046
1.96, 0.0319375, -0.689935, -0.619014, -1.38484, -1.20856, -1.69037, -2.38836, -1.65057, -2.12606, -1.93307, -2.02129, -1.70547, -1.51786, -1.62863, -1.8869, -1.55135, -2.13209, -1.90837, -1.58834, -2.53778, -2.67738, -2.3421, -2.79468, -2.26606, -2.27691, -2.48486, -2.47821, -2.04924, -1.94677, -2.40263, -2.24459
1.98, 0.0319376, -0.465407, -0.604592, -1.14545, -0.702849, -1.54948, -2.09207, -2.07569, -1.92349, -1.88952, -2.10549, -1.78051, -0.97898, -1.47081, -1.83304, -1.66139, -1.93928, -2.27749, -1.76613, -2.42088, -2.70064, -2.96112, -2.57841, -2.63097, -2.6077, -2.83161, -2.49939, -2.1177, -2.19411, -2.43088, -2.46914
2, 0.0319376, -0.284213, -0.439927, 0.0862202, -0.0574549, -1.06061, -1.09163, -1.07867, -1.73711, -1.58772, -1.9253, -1.09617, -1.31207, -1.43378, -1.47815, -1.52774, -1.82436, -1.79466, -1.44895, -2.51179, -2.92408, -2.74237, -2.87943, -2.35626, -2.59314, -2.67023, -2.57415, -2.31625, -2.14804, -2.16792, -2.37795
2.02, 0.0319376, 0.141126, -0.540983, -0.565508, 0.0807994, -0.702623, -1.49433, -1.32334, -0.670716, -1.60941, -1.30187, -1.11269, -1.01993, -1.01239, -1.25891, -1.4526, -1.65216, -1.94613, -1.39235, -2.69539, -3.01138, -2.80901, -2.49795, -2.56659, -2.40065, -2.38749, -2.31871, -1.88948, -2.38401, -2.28325, -1.94844
2.04, 0.0319376, -0.151222, 0.200218, -0.143482, 0.849448, 0.333267, -0.623209, -0.514236, -0.332762, -0.339723, -1.52943, -1.20575, -0.702076, -1.25351, -1.23953, -1.41247, -1.37128, -1.5205, -1.64021, -2.00309, -2.81401, -2.68579, -2.30723, -2.42928, -2.93737, -2.59526, -1.82406, -1.60853, -2.16397, -2.00068, -1.96472
2.06, 0.0319376, -0.0317373, -0.532675, -0.148516, -0.0452264, -0.843036, -0.559131, 0.312537, 0.497064, -0.35976, -0.744815, -0.566787, -0.694179, -0.502244, -0.214056, -0.539292, -1.36876, -1.89205, -1.89031, -1.86998, -2.52695, -2.26293, -2.36801, -2.62707, -2.36189, -2.15454, -1.64493, -1.52587, -1.79911, -2.03191, -1.97096
2.08, 0.0319376, 0.197063, 0.566852, 0.329519, 1.18526, 0.224552, -0.433129, 0.488132, 0.0467273, 0.0962373, -0.273543, -0.312165, -0.367057, -0.612766, -0.35548, -0.503805, -0.461485, -1.09996, -1.96366, -1.97756, -2.33619, -1.85024, -1.74122, -2.00838, -2.30968, -1.89476, -1.52131, -1.2616, -1.27428, -1.59254, -1.61031
2.1, 0.0319376, 0.184501, 0.340395, 0.874688, 1.21443, 0.603269, -0.668391, 0.354244, 0.607424, -0.178757, -0.756184, -0.426743, -0.141733, -0.0253317, 0.0929752, -0.329932, -1.02102, -0.78764, -0.864479, -1.74237, -2.06758, -1.84536, -1.67293, -1.75407, -2.09455, -1.64458, -1.01915, -1.19162, -1.3792, -1.57831, -1.83405
2.12, 0.0319376, 0.0872616, 0.316009, 1.34228, 1.41929, -0.201208, -0.0156436, 0.718658, 0.6693, 0.491481, -0.129226, -0.134099, 0.421908, 0.23811, 0.238484, -0.576864, -0.501979, -0.932811, -0.963101, -1.82394, -2.06829, -2.12547, -1.57561, -1.75604, -2.14337, -1.47185, -1.14542, -0.911416, -1.46808, -1.5424, -1.62739
2.14, 0.0319374, -0.382079, 0.549609, 1.05742, 1.15718, -0.422105, -0.552343, -0.304486, 0.277673, 0.0164257, 0.340162, 0.107664, -0.0796317, -0.150613, -0.0507675, -0.508944, -0.986448, -1.47675, -1.12017, -1.51482, -2.23023, -2.02199, -2.04459, -2.21153, -1.80954, -1.49182, -0.812891, -0.86936, -1.07575, -1.35054, -1.68491
2.16, 0.0319374, 0.181777, -0.0153271, 0.682229, 0.713967, 0.148088, 0.203362, 0.302326, 0.178228, -0.290336, -0.427035, -0.184428, -0.512348, -0.0842019, -0.0234442, -0.669978, -0.468625, -1.09471, -0.925533, -1.5343, -2.41254, -1.97345, -1.73436, -2.01861, -2.08981, -1.2704, -0.82246, -1.03247, -1.34098, -1.40785, -1.65631
2.18, 0.0319374, -0.104783, 0.463001, 0.861982, 0.379238, 0.074837, 0.025283, -0.0282176, 0.284292, -0.0532441, 0.0696088, -0.0738195, 0.218047, -0.138519, -0.549235, -0.911654, -1.20483, -1.58058, -1.09055, -2.00267, -2.26726, -2.51789, -2.14744, -1.97261, -2.10602, -1.56482, -1.30797, -1.35889, -2.12287, -2.1145, -1.95061
2.2, 0.0319374, -0.0930513, 0.185534, 0.846084, 0.983125, 0.172778, 0.278983, 0.0901525, 0.880219, -0.083154, -0.0752066, -0.330548, -0.151689, -0.583231, -0.353834, -0.534606, -1.23634, -1.10813, -1.05283, -1.94234, -2.30692, -2.35368, -1.98982, -2.21547, -2.06337, -1.65225, -1.15401, -1.3938, -1.68817, -1.83862, -2.02265
2.22, 0.0319374, 0.0687853, 0.297843, 0.350092, 1.06088, 0.832742, 0.289674, 0.454348, 0.307258, -0.156306, -0.504794, -0.454237, -0.0592191, -0.905659, -0.23977, -0.520088, -0.719534, -1.31949, -1.22833, -1.89008, -2.55678, -1.93272, -1.40372, -2.10085, -1.96769, -1.53999, -0.963673, -1.03836, -1.70353, -1.72132, -1.63541
2.24, 0.0319376, -0.622396, 0.744481, 0.9737, 0.725278, -0.198744, -0.143812, -0.151769, 0.384826, -0.0994328, -0.105267, -0.64138, -0.165432, 0.146825, -0.312751, -0.402362, -0.838187, -1.58127, -1.62543, -2.06046, -2.64656, -2.51254, -1.97151, -1.94519, -2.26366, -1.71875, -1.25505, -1.08561, -1.50453, -1.69385, -1.96876
2.26, 0.0319376, 0.750503, 0.541448, 1.04814, 1.22931, 0.285432, 0.338335, 0.642487, 0.444257, 0.30105, -0.359746, -0.897185, -0.0315612, -0.28617, -0.573746, -0.482674, -0.807009, -1.69905, -1.76517, -1.80455, -2.20936, -1.8614, -1.9924, -2.29353, -2.47694, -1.37364, -1.06591, -1.16267, -1.76406, -1.58749, -1.62939
2.28, 0.0319376, 0.0108152, 0.602447, 1.49517, 0.638765, 0.20603, -0.47912, 0.414661, 0.399028, -0.0567484, 0.0855893, -0.670417, -0.296937, -0.227889, -0.106212, -1.24076, -0.842386, -1.31592, -1.47964, -1.98103, -2.52674, -2.09426, -1.86392, -2.05268, -2.12296, -1.82838, -1.19651, -1.14783, -1.45877, -1.91374, -1.69624
2.3, 0.0319376, 0.0682291, 0.550208, 0.118772, 0.603273, 0.316041, 0.0277763, 0.463542, -0.0752382, -0.580662, -0.768878, -0.291013, -0.0889532, 0.190875, -0.16964, -1.03727, -0.812399, -1.34781, -1.31186, -1.80927, -2.40915, -2.41213, -2.4845, -2.06422, -1.93926, -1.56762, -0.995504, -1.02524, -1.2806, -1.65204, -1.8809
2.32, 0.0319376, 0.684777, 0.250372, 0.934939, 1.087, 0.015854, 0.357585, 0.273238, 0.277791, -0.2161, -0.854031, -0.247981, -0.0226004, -0.261643, -0.32583, -0.494986, -0.423676, -1.42032, -1.25513, -1.98524, -2.10347, -2.21383, -1.97721, -2.28687, -2.24909, -1.48313, -1.03465, -1.07891, -1.58683, -1.82194, -1.90654
2.34, 0.0319376, 0.287703, 0.721438, 0.0826865, 0.202807, 0.440087, 0.033664, 0.239673, 0.12229, -0.133559, -0.596655, -0.186656, 0.331512, 0.340849, -0.331931, -1.20968, -1.11708, -1.4686, -1.13464, -1.90768, -2.40858, -2.58138, -1.6856, -2.01988, -2.49233, -1.49513, -1.03437, -1.18684, -1.8682, -1.83887, -1.93745
2.36, 0.0319376, 0.490324, 0.502267, 0.125511, 0.35205, -0.358594, -0.759087, 0.748062, 0.80643, 0.129514, -0.900825, -0.917962, 0.16961, -0.27052, -0.573943, -0.866868, -1.23538, -1.51459, -1.39032, -2.56533, -2.7985, -2.18517, -1.83456, -2.51123, -2.58458, -1.77012, -1.17443, -1.35489, -1.78335, -1.96605, -1.95217
2.38, 0.0319374, 0.470564, 0.749463, 0.462477, 0.632658, 0.301802, -0.767013, 0.380317, 1.12894, 0.624478, -0.911707, -0.57952, -0.189681, -0.243306, -0.642945, -1.16133, -1.44851, -1.5004, -1.55689, -2.3163, -2.62195, -2.48272, -2.44765, -2.30549, -2.53688, -1.81096, -1.11617, -1.4531, -2.03312, -2.04166, -1.91973
2.4, 0.0319374, -0.0126381, 0.572506, 0.926862, -0.0164854, -0.186389, -0.673923, -0.155399, 0.320912, -0.541871, -0.701878, -0.920838, -0.372446, -0.783175, -0.754538, -0.666423, -1.31495, -1.58946, -1.25489, -2.02183, -2.6646, -2.29914, -2.28464, -2.36327, -2.50588, -2.06953, -1.38206, -1.57913, -1.99447, -1.93597, -1.91404
2.42, 0.0319374, -0.166235, 0.626741, 0.820077, 0.513617, 0.0159911, -0.370639, -0.197262, -0.326579, -0.747469, -1.32391, -1.21102, -0.611808, -0.835273, -1.36381, -1.64466, -1.57481, -1.46627, -1.65538, -2.28062, -2.78717, -2.4956, -2.45974, -2.57932, -2.86119, -2.05359, -1.87227, -2.05651, -2.0347, -2.24838, -2.08197
2.44, 0.0319374, 0.241151, -0.0597387, -0.950056, -0.227216, 0.00194587, -0.83807, -0.500741, -0.0496845, -0.0884299, -0.920774, -0.948472, -1.10724, -1.36668, -1.24077, -1.64471, -2.02894, -1.86587, -1.43, -2.03558, -2.74474, -2.69085, -3.19189, -2.77762, -2.69016, -2.2142, -2.31493, -2.00886, -2.26325, -2.18122, -1.93622
2.46, 0.0319374, 0.0224437, 0.382704, 0.170794, 0.182095, 0.0659542, -0.84359, -0.328437, -0.156546, -0.723267, -1.37798, -1.21605, -1.21417, -1.07642, -1.04272, -1.24491, -1.66385, -1.77012, -1.50523, -2.49953, -2.7689, -2.32284, -2.2596, -2.18816, -2.46912, -2.5177, -2.09596, -2.11404, -2.22005, -2.45376, -1.93378
2.48, 0.0319376, -0.712137, 0.519219, 0.198499, -0.325086, -1.14173, -1.5241, -0.661746, -0.154319, -1.06903, -1.5567, -1.98225, -1.59979, -1.61537, -1.53685, -1.8331, -1.81915, -1.50932, -1.39887, -2.03121, -2.61336, -2.73902, -2.83501, -2.47375, -2.67946, -2.58189, -2.25622, -2.20871, -2.63366, -2.10751, -2.35936
2.5, 0.0319376, 0.320212, -0.262913, -1.08689, -0.776188, -0.562579, -1.54682, -1.24111, -1.00079, -1.17656, -2.01827, -1.79055, -1.56029, -1.2729, -1.68528, -1.67528, -1.58176, -1.95979, -1.78042, -2.68158, -3.0032, -2.64777, -2.72464, -2.55177, -2.47005, -2.7022, -2.53616, -2.24855, -2.07153, -2.44949, -2.23749
2.52, 0.0319376, -0.0720156, -0.335714, -1.08515, -0.0661783, -0.754392, -1.63564, -0.820457, -1.22302, -1.36449, -1.56361, -1.59128, -1.80153, -1.56188, -1.33997, -1.73905, -1.95286, -2.08251, -1.3492, -2.23863, -2.82889, -2.67269, -2.59092, -2.36092, -2.3817, -2.31705, -2.47057, -2.51991, -2.55193, -2.54117, -1.8972
2.54, 0.0319376, -0.464259, -0.153521, -0.171488, -0.418394, -0.925014, -1.58492, -1.52836, -0.94204, -1.64985, -1.71558, -1.38785, -1.36344, -1.30315, -1.60781, -1.6585, -2.10686, -2.08226, -1.79335, -2.52901, -3.02046, -2.97256, -3.15043, -2.63991, -2.65482, -2.50645, -2.31418, -2.24129, -2.49403, -2.22602, -2.13487
2.56, 0.0319376, 0.137216, -0.571649, -1.16719, -0.397781, -1.03084, -1.57045, -1.31639, -1.22001, -1.07875, -2.04075, -2.21002, -1.86823, -1.57043, -1.76397, -2.04269, -2.09149, -2.16914, -1.61527, -2.58838, -2.84822, -2.97935, -2.93824, -2.44786, -2.48064, -2.36351, -2.44715, -2.29947, -2.45142, -2.46869, -2.28785
2.58, 0.0319376, 0.0231406, -0.437697, -0.325098, -1.65552, -0.73332, -1.38005, -1.12873, -0.884121, -1.32421, -1.87307, -2.07687, -1.92304, -1.46384, -2.17851, -2.25771, -1.75364, -1.81335, -1.70551, -2.39364, -3.00802, -2.84986, -2.61102, -2.37522, -2.41742, -2.55762, -2.4219, -2.267, -2.48593, -2.33357, -2.17348
2.6, 0.0319376, -0.420621, -0.458457, -0.477471, -0.696645, -0.697298, -1.54685, -1.1524, -0.978844, -1.96714, -2.191, -1.91118, -1.73948, -1.52191, -1.83495, -1.94998, -2.04145, -2.13994, -1.50487, -2.47389, -3.26352, -3.15651, -2.81998, -2.39937, -2.58635, -2.43951, -2.55942, -2.43357, -2.42669, -2.59227, -2.2155
2.62, 0.0319376, -0.213907, -0.361612, -0.598176, -0.692095, -1.05823, -1.77057, -1.25755, -1.30461, -1.51455, -1.78536, -1.83531, -2.10154, -1.62835, -1.49076, -1.55825, -1.96513, -2.07583, -1.59176, -2.23426, -3.00194, -2.88318, -2.96566, -2.71397, -2.54457, -2.56189, -2.21476, -2.30421, -2.77731, -2.61427, -1.99505
2.64, 0.0319374, -0.661288, 0.154711, -0.0689828, -0.316728, -0.732111, -1.23465, -1.23481, -1.62251, -1.29586, -1.75956, -2.06053, -1.41874, -1.33324, -1.59424, -1.47976, -2.12008, -2.07687, -1.46671, -2.55586, -2.66447, -3.02741, -2.62316, -2.1954, -2.48559, -2.65196, -2.41041, -2.28878, -2.21714, -2.40748, -2.28067
2.66, 0.0319374, -0.250801, -0.226986, -1.16077, -1.51647, -0.849779, -1.87519, -1.80814, -1.11175, -1.27304, -1.74308, -1.97916, -2.26201, -1.26136, -1.4244, -1.67437, -2.08808, -1.88448, -1.49552, -2.17151, -2.74105, -3.0526, -3.13076, -2.46369, -2.54163, -2.8855, -2.54813, -2.16138, -2.44631, -2.29711, -2.17362
2.68, 0.0319374, -0.503118, -0.431829, -0.602908, -0.42331, -0.378536, -1.50286, -1.18186, -1.06709, -1.41237, -2.3047, -1.97552, -1.87512, -1.79782, -1.29284, -1.5924, -1.83448, -2.29701, -1.53726, -2.4575, -3.08312, -2.62084, -2.9979, -2.7788, -2.99551, -2.93822, -2.50211, -2.34966, -2.48851, -2.11064, -2.13951
2.7, 0.0319374, -0.441697, 0.200478, -0.753529, -0.946846, -0.991091, -1.50686, -1.79048, -1.65604, -1.74987, -1.73342, -1.83058, -1.67834, -1.89035, -1.73996, -1.80552, -2.02263, -1.98084, -1.52042, -2.31837, -3.12775, -2.78518, -2.57964, -2.64268, -2.72515, -2.67279, -2.24666, -2.27093, -2.34858, -2.47206, -2.15481
2.72, 0.0319374, -0.639822, -0.830173, -1.17886, -0.610253, -0.762757, -1.33284, -1.46378, -1.83494, -2.04229, -2.38624, -1.76579, -2.23494, -1.50049, -1.55993, -1.55918, -1.85534, -2.03219, -1.56786, -2.28533, -3.15307, -2.92159, -2.94704, -2.97152, -2.52704, -2.83168, -2.64716, -2.16733, -2.19234, -2.61902, -2.34579
2.74, 0.0319376, -1.14934, -1.01994, -0.498957, -0.779074, -1.13047, -2.00584, -1.05586, -1.31154, -1.54781, -1.97957, -2.34925, -2.33265, -1.78283, -1.78006, -1.66379, -1.6914, -1.84883, -1.57458, -2.78391, -3.31561, -3.25655, -2.93338, -2.38111, -2.31109, -2.65231, -2.38435, -2.31052, -2.43081, -2.51161, -2.17745
2.76, 0.0319376, 0.0655838, -0.301588, -0.948992, -0.330544, -0.814815, -2.04949, -1.29103, -0.879984, -1.53906, -1.882, -1.55472, -1.94917, -1.72301, -1.5698, -1.58944, -2.29019, -2.23836, -1.73347, -2.65647, -2.94872, -2.63243, -2.96847, -2.61489, -2.67343, -2.79505, -2.37191, -2.38656, -2.25619, -2.26323, -2.12999
2.78, 0.0319376, -0.855887, -0.396927, -0.709819, -0.990457, -1.44927, -2.04438, -2.14247, -2.14751, -2.58884, -2.38096, -2.18572, -2.27769, -1.69496, -1.89209, -1.39687, -1.74128, -2.14561, -1.64883, -2.86924, -3.17331, -2.91109, -2.74591, -2.42372, -2.45529, -2.28836, -2.55236, -2.34146, -2.48359, -2.30254, -2.0858
2.8, 0.0319376, -0.884847, -0.781758, -0.699515, -0.193337, -1.3295, -1.73363, -2.08681, -1.33823, -1.68472, -2.48879, -1.98755, -1.93969, -1.50364, -1.6516, -1.40808, -1.8762, -2.056, -1.55293, -2.37362, -2.86393, -2.81066, -2.64729, -2.26994, -2.23742, -2.38861, -2.35454, -2.44392, -2.52282, -2.4877, -1.95052
2.82, 0.0319376, -0.415323, -0.73906, -1.07659, -1.33882, -1.2052, -1.84139, -2.35988, -2.27525, -1.69932, -1.98451, -2.28871, -2.14877, -1.69706, -1.59186, -1.58482, -1.89099, -1.85683, -1.58571, -2.24393, -2.99639, -2.70386, -3.04333, -2.67168, -2.5255, -2.86726, -2.49179, -2.46108, -2.21281, -2.25126, -1.95287
2.84, 0.0319376, -0.322489, -0.438418, -0.371723, -0.708728, -1.01297, -2.14847, -1.35517, -1.34226, -1.82805, -2.39955, -2.07996, -2.2838, -1.80985, -1.89109, -1.59303, -1.83109, -2.0862, -1.46484, -2.41522, -2.84161, -2.83599, -2.76907, -2.66335, -2.75612, -2.83056, -2.78106, -2.51404, -2.40025, -2.19014, -2.18878
2.86, 0.0319376, -0.859709, 0.032496, -0.568344, -1.04655, -1.10278, -1.83649, -1.73214, -1.72296, -1.99688, -1.9041, -1.89324, -1.70932, -1.89254, -1.62107, -1.43272, -2.10425, -1.69315, -1.52036, -2.1713, -2.81686, -2.62759, -2.62837, -2.70828, -2.77524, -2.5467, -2.21083, -2.38467, -2.42427, -2.5439, -2.28642
2.88, 0.0319374, -1.70298, -0.61569, -0.885695, -0.377361, -1.31527, -2.07222, -1.59594, -1.73433, -2.04202, -1.95722, -1.81056, -2.02746, -1.29949, -1.40533, -1.41907, -1.98694, -2.26356, -1.64499, -2.1566, -3.0759, -2.69721, -2.66214, -3.05866, -2.65019, -2.82051, -2.40508, -2.41813, -2.52151, -2.36442, -2.20603
2.9, 0.0319374, -0.719803, -0.518072, -0.213113, -1.06994, -1.46805, -1.39571, -1.72806, -1.32569, -2.2288, -2.42386, -2.64142, -2.11078, -1.43588, -1.6257, -1.46086, -2.23695, -2.35895, -1.63773, -2.29323, -2.79095, -2.706, -2.6437, -2.46022, -2.43999, -2.9013, -2.62981, -2.30948, -2.6746, -2.61618, -2.10136
2.92, 0.0319374, -0.458931, -0.423797, -0.520013, -0.482827, -0.888925, -1.42676, -1.99908, -1.85684, -2.08941, -2.24975, -1.73045, -1.93509, -1.38527, -1.79154, -1.69408, -2.13318, -2.08116, -1.58152, -2.69087, -2.7395, -2.7301, -2.79829, -3.17007, -2.80441, -2.77303, -2.518, -2.61351, -2.42264, -2.33907, -1.91925
2.94, 0.0319374, -0.444351, -0.650729, -0.702006, -0.142301, -0.46684, -0.959702, -0.976445, -1.70135, -2.03557, -2.24924, -2.09052, -2.04011, -1.59295, -1.63354, -1.45667, -1.87097, -1.93285, -1.61682, -2.40098, -2.57731, -2.65459, -2.71124, -2.37122, -2.70135, -2.93612, -2.40388, -2.24536, -2.4152, -2.4852, -2.01067
2.96, 0.0319374, -0.788709, -0.351718, -1.22207, -0.312751, -0.53512, -1.62781, -2.00485, -1.64039, -1.6637, -2.13795, -1.88149, -1.98486, -1.37452, -1.75335, -1.6925, -1.59738, -1.76717, -1.43342, -2.29369, -2.94543, -2.99755, -2.89546, -2.49879, -2.81282, -2.43329, -2.63501, -2.38148, -2.36925, -2.48705, -1.92452
2.98, 0.0319376, -0.531197, -0.0588652, -0.801684, 0.175946, -0.40365, -1.17806, -1.22583, -1.10964, -1.56228, -1.45511, -1.42421, -1.82622, -1.82603, -1.60826, -1.36228, -1.93186, -1.84333, -1.75353, -2.48357, -3.11555, -3.25125, -2.84198, -2.67592, -2.38414, -2.64796, -2.35086, -2.04901, -2.27226, -2.79626, -2.52708
3, 0.0319376, -1.07325, -1.38614, -0.219447, 0.358815, -0.331154, -0.710866, -0.963505, -1.15199, -1.15127, -1.2797, -1.2729, -0.753905, -0.902402, -1.03947, -1.32698, -1.56158, -1.81876, -1.44664, -2.45757, -2.81239, -2.7686, -2.59634, -2.40779, -2.42268, -2.6351, -2.04958, -2.1749, -2.39242, -2.25444, -2.26785
3.02, 0.0319376, -0.454719, -0.488069, -0.1546, 0.660483, -0.142977, -0.50165, -0.495194, -0.349522, -1.12857, -1.39237, -0.451739, -0.392328, -0.655935, -0.836571, -1.29044, -1.26095, -1.63745, -1.78614, -2.4444, -2.60258, -2.32433, -2.50294, -2.80277, -2.59141, -2.39846, -1.91304, -2.21817, -2.5913, -2.48432, -2.12845
3.04, 0.0319376, -0.475535, -0.578728, -0.910112, 0.372163, -0.458666, -0.460187, 0.286222, -0.060584, -0.978428, -1.10818, -0.503461, -0.32339, -0.484476, -0.455758, -0.680446, -0.900147, -1.35177, -1.62284, -2.39727, -2.54604, -2.33326, -2.45558, -2.54431, -2.5443, -2.80273, -2.24506, -2.22119, -2.40809, -2.23433, -1.83146
3.06, 0.0319376, 0.0193475, -0.313196, 0.516922, 0.405725, 0.244116, -0.0201186, 0.0656109, -0.212375, -0.884206, -0.723888, -0.334053, -0.137706, -1.17674, -0.737717, -0.504039, -0.852327, -1.41439, -1.39373, -2.35881, -2.34924, -1.83425, -1.88083, -2.34368, -2.41928, -2.40973, -2.24496, -2.05142, -2.23321, -2.13804, -1.97907
3.08, 0.0319376, -0.59162, -0.178095, 0.148581, 0.986278, 0.314726, 0.283971, 0.507974, 0.0562253, -0.903154, -0.808704, 0.0139179, -0.0827676, -0.759092, -0.46759, -0.291087, -0.740099, -1.33388, -1.32804, -2.46626, -2.5503, -2.32609, -1.99101, -2.13405, -2.32328, -2.37024, -1.63208, -1.64503, -2.13287, -2.21105, -2.10105
3.1, 0.0319376, -0.0583796, 0.234366, -0.141976, 0.604404, 0.558528, 0.574308, 0.0519488, 0.298963, -0.499369, -0.37483, 0.358763, 0.317093, -0.497377, -0.39173, -0.307807, -0.874447, -1.20309, -1.28086, -2.04969, -2.32801, -2.51593, -1.91298, -2.17759, -2.13109, -2.06051, -1.68213, -2.0052, -2.22663, -2.21072, -1.96608
3.12, 0.0319376, -0.227923, -0.649506, -0.337128, -0.251896, 0.822694, 0.126344, 0.0470776, -0.0229888, -0.294498, -0.0879756, 0.583036, 0.565829, -0.331357, -0.331136, -0.69511, -0.473495, -1.32845, -1.35598, -2.18471, -2.50114, -1.70496, -1.81717, -2.3872, -2.39881, -1.89507, -1.45379, -1.75377, -2.098, -2.20849, -2.21869
3.14, 0.0319374, -0.357725, -0.669087, -0.7073, -1.54594, -0.171391, 0.255754, 0.178506, -0.145253, -0.787477, -0.992708, 0.215894, 0.61049, -0.496956, 0.117532, 0.102364, -0.548658, -0.927001, -1.18072, -1.85819, -2.52312, -2.14883, -2.03976, -2.56409, -2.6177, -1.91479, -1.55984, -1.88211, -2.12787, -1.99163, -2.06104
3.16, 0.0319374, 0.235726, -0.0834716, -0.320772, 0.461476, 1.08295, 0.660147, 0.172989, -0.500923, -1.07084, -0.316418, 0.0466213, 0.19325, -0.0642408, -0.363811, -0.314878, -0.553345, -1.05383, -1.6502, -2.15631, -2.25969, -2.12521, -2.01366, -2.56152, -2.48816, -1.75431, -1.68026, -1.85401, -2.28155, -2.32515, -2.19724
3.18, 0.0319374, 0.0221673, -0.529793, 0.547926, 1.34692, 0.930351, 0.417736, 0.61689, -0.0494545, -0.671513, -1.32577, -0.751058, -0.374564, -0.405034, -0.788937, -0.580959, -0.214253, -0.672961, -1.7955, -2.53299, -2.85369, -2.15063, -1.86572, -2.23988, -2.47423, -2.13843, -1.68265, -1.70226, -2.05355, -2.06216, -2.24551
3.2, 0.0319374, -0.282197, 0.528495, -0.132165, 0.625063, 0.107661, -0.11362, 0.791774, 0.426159, -0.57471, -0.959005, -0.0276471, 0.709089, -0.0916267, -0.601113, -0.445513, -0.49112, -1.01127, -1.41192, -2.26851, -2.32206, -1.98205, -1.82247, -1.90167, -2.11332, -2.26339, -1.87606, -1.83804, -2.15418, -1.98581, -1.7213
3.22, 0.0319374, 0.416574, 0.678627, 0.348093, 0.633553, 0.318759, 0.281378, 0.433426, 0.251566, -0.551089, -0.407252, -0.147806, 0.452555, -0.277396, -0.569597, -0.0849192, -0.490225, -1.31483, -1.50601, -2.10508, -2.55381, -2.17885, -1.95956, -1.75592, -2.17714, -2.02197, -1.88447, -1.87757, -2.13138, -2.27604, -1.84641
3.24, 0.0319376, 0.349446, -0.0061717, -0.767653, -0.63727, -0.240124, 0.224051, 0.295514, 0.309345, -0.552148, -0.41679, -0.053553, -0.196557, -0.401105, -0.298009, -0.508684, -0.809909, -1.60804, -1.30719, -2.02625, -2.38635, -1.81563, -1.68206, -2.11147, -2.45223, -2.41285, -1.86738, -2.04119, -2.18056, -2.32248, -2.14283
3.26, 0.0319376, 0.231738, -0.27486, -0.20551, 0.287193, -0.498636, -0.217338, 0.0621377, -0.327315, -0.459553, -0.47014, -0.295525, 0.329955, -0.108516, -0.583883, -0.52772, -0.851073, -1.3854, -1.41623, -2.63776, -2.56828, -2.97289, -2.12798, -2.40226, -2.24142, -1.99949, -1.7759, -2.08077, -2.35, -2.40623, -2.18723
3.28, 0.0319376, 0.673765, 0.508955, -0.215811, 0.702975, 0.395807, 0.337279, 0.443736, -0.563579, -0.923422, -0.762562, 0.111322, -0.0544062, -0.35397, -0.555257, -0.273891, -0.375966, -1.18348, -1.44132, -2.46274, -2.50192, -2.09847, -2.0044, -2.68451, -2.67061, -2.16603, -1.98799, -2.24682, -2.19342, -2.18198, -2.0292
3.3, 0.0319376, -0.587806, -0.228116, 0.244636, 1.03804, 0.531091, -0.437739, -0.710755, -0.119642, -0.892327, -1.21215, -0.0612778, 0.430356, -0.257377, -0.271352, -0.470101, -1.16617, -1.68808, -1.52767, -1.97165, -2.06647, -2.12681, -1.77805, -2.27035, -2.52413, -2.23289, -1.80667, -1.98388, -2.22957, -2.31324, -2.0332
3.32, 0.0319376, 0.25787, 0.126818, 0.276137, -0.988774, -0.317379, 0.31402, 0.680279, -0.563376, -0.791202, -0.31011, -0.0301649, 0.0357435, -0.438812, -0.769731, -0.573645, -0.611024, -1.18597, -1.17263, -1.86345, -1.96799, -1.77905, -1.50415, -2.02952, -2.49545, -1.97648, -1.52514, -1.82212, -2.10511, -1.92227, -1.54418
3.34, 0.0319376, 0.0638985, 0.142995, 0.617126, 1.24286, 0.404598, 0.0937374, 0.408632, 0.157043, -0.208208, -0.0440634, 0.237819, 0.648419, -0.463273, -0.415411, 0.340441, -0.119838, -1.24138, -1.1056, -2.28885, -2.28867, -2.0971, -1.75136, -1.93519, -2.44213, -2.18629, -1.51563, -1.85642, -2.47666, -2.06374, -1.64652
3.36, 0.0319376, 0.367303, -0.0841286, 0.60523, 1.39713, 1.04901, 0.508292, 0.895217, 0.761627, -0.431262, -0.134004, 0.566075, 1.02135, 0.221417, 0.247834, 0.532511, -0.194146, -0.750027, -1.29419, -1.84296, -1.78549, -1.63109, -1.38681, -1.88226, -2.06754, -1.7218, -1.15239, -1.5104, -1.98952, -1.97062, -1.50614
3.38, 0.0319374, 0.0936122, 0.0343686, 3.87423e-05, 0.472262, 0.784496, 0.177514, 0.343602, 0.522772, -0.502941, -0.331813, -0.118133, 0.212869, -0.0465025, -0.174379, 0.413616, 0.314226, -0.77493, -1.20932, -2.01441, -2.0323, -1.37125, -1.11028, -2.09501, -2.05682, -1.90239, -1.26613, -1.47964, -1.97794, -1.86898, -1.47217
3.4, 0.0319374, 0.579027, -0.0243919, -1.09545, 1.43615, 1.46864, 0.376603, 1.12925, 0.643654, -0.166081, -0.639171, 0.433509, 0.535717, 0.0416372, 0.402391, 0.393416, -0.102262, -1.13696, -1.18485, -2.15741, -2.24119, -1.58432, -1.40193, -2.03861, -1.86923, -1.48968, -1.16455, -1.37763, -1.67281, -1.97146, -1.60092
3.42, 0.0319374, -0.634149, 0.0965234, 0.340942, 1.1129, 1.18798, 0.830763, 0.544289, 0.483995, -0.631958, -0.501352, 0.782787, 0.690457, 0.136932, 0.191318, 0.0300391, 0.021094, -0.651392, -1.88208, -2.19439, -1.71252, -1.62553, -1.34976, -1.50362, -1.86907, -1.5656, -1.24093, -1.79696, -1.95894, -2.12546, -2.00583
3.44, 0.0319374, 0.0856247, 0.177885, 0.153458, 0.874003, 0.539606, 0.627899, 0.0857712, 0.543653, -0.53978, -0.305713, 0.715077, 0.556892, -0.0128358, -0.0854721, 0.185511, 0.0762363, -0.682919, -1.29197, -1.86696, -2.13392, -1.48872, -1.27566, -1.87958, -2.22317, -1.60203, -1.30978, -1.37276, -1.72644, -1.80468, -1.62046
3.46, 0.0319374, 0.363394, 0.46422, 0.047846, 1.162, 1.09657, 0.965031, 0.528887, 0.7615, -0.554034, -0.145036, 0.0587048, 0.802242, 0.341819, 0.132888, 0.277755, -0.0440142, -0.804087, -1.9446, -2.18689, -1.88516, -1.73165, -0.968991, -1.49834, -1.85553, -1.68653, -1.17853, -1.39816, -1.8969, -1.84056, -1.51711
3.48, 0.0319376, 0.515829, 0.0655532, 0.4443, 1.18717, 0.612033, 0.119214, 0.198166, 0.491266, -0.643661, -0.566241, -0.323, 0.116849, -0.515338, -0.541723, -0.135046, 0.102737, -0.807767, -1.15683, -2.12707, -2.2, -1.9697, -1.1331, -2.07276, -2.32361, -1.88215, -1.60486, -1.40171, -1.9725, -1.94079, -1.79989
3.5, 0.0319376, 0.279964, 0.150174, 0.0333044, 1.17348, 1.1243, 0.697161, 0.209374, -0.477175, -0.788408, -0.35916, -0.440868, -0.298946, -0.0978201, -0.292217, -0.517266, -0.576142, -0.992229, -1.2661, -1.67843, -1.96053, -1.68735, -1.41246, -1.88722, -1.93362, -1.87583, -1.828, -1.72247, -1.91766, -1.71342, -1.93342
3.52, 0.0319376, 0.210318, -0.0832285, 0.121043, 0.79802, 0.801459, 0.196383, 0.267303, 0.0343251, -0.261882, -0.426664, -0.273653, 0.326106, -0.264272, -0.117406, -0.170606, -0.55792, -0.850422, -1.67372, -1.87273, -1.87008, -1.60694, -1.26761, -1.82157, -2.2903, -1.77114, -1.66321, -1.66737, -1.65024, -1.73545, -1.50897
3.54, 0.0319376, -0.547234, -0.409435, 0.0452561, 1.15421, 1.00044, 0.488437, 0.669479, -0.0154055, -0.697311, -0.590095, 0.0948025, 0.094742, -0.0417804, 0.402887, -0.134674, 0.0518588, -0.778264, -1.46309, -1.9729, -1.57468, -1.16175, -1.0175, -1.76003, -1.97065, -1.97261, -1.55695, -1.30703, -1.55144, -1.60215, -1.52263
3.56, 0.0319376, 0.859476, -0.0966758, -0.0808506, 0.858564, 0.714493, 0.0937667, 0.470181, 0.697279, -0.355882, -0.503828, -0.0480576, 0.0116108, -0.228487, 0.247787, 0.130786, -0.174668, -1.0137, -1.26914, -1.84182, -1.87477, -1.7582, -1.44935, -2.11885, -2.26219, -1.96098, -1.33033, -1.47207, -1.99357, -1.65532, -1.67226
3.58, 0.0319376, 0.0872331, 0.512934, 0.285424, 1.18801, 0.871263, 0.405801, 0.161629, 0.436476, -0.29608, -0.0872879, 0.237069, 0.685732, 0.414926, 0.0252883, -0.209577, -0.340988, -1.31398, -1.25145, -1.62398, -1.90657, -1.54138, -0.95513, -1.54291, -2.03495, -1.73134, -1.1841, -1.24974, -1.6242, -1.56716, -1.62372
3.6, 0.0319376, 0.806184, 0.1845, -0.353185, 1.12957, 0.598605, 0.186926, 0.193477, -0.309029, -0.769995, -0.587884, -0.568088, 0.0469095, 0.22994, 0.202497, -0.267799, -0.684236, -0.536481, -1.09076, -2.07622, -2.25349, -1.93991, -1.82449, -2.22606, -1.84718, -1.86815, -1.31746, -1.64992, -2.21277, -2.07479, -1.9022
3.62, 0.0319376, 0.0844222, 0.135569, 0.354848, 0.555909, 0.0162373, 0.634722, 0.407171, -0.357712, -0.66722, -0.232788, 0.166819, 0.0589072, -0.243815, -0.221538, 0.17023, 1.89541e-05, -0.72981, -1.24764, -1.76343, -2.30074, -1.8881, -1.85823, -1.81445, -1.88578, -2.00232, -1.68108, -1.70232, -1.93925, -2.03956, -1.49044
3.64, 0.0319374, 0.208621, 0.472291, 0.0732189, 0.304858, -0.107978, 0.0569586, 0.409554, 0.539973, -0.505619, -1.0428, 0.0225763, -0.0822076, -0.588594, 0.075819, 0.240344, -0.0676147, -0.950936, -1.3612, -1.91581, -2.13839, -2.04889, -1.89183, -1.98014, -1.93348, -1.46591, -1.45078, -1.14198, -1.56896, -1.98607, -1.57655
3.66, 0.0319374, 0.0292026, 0.369512, 0.0382686, 0.31928, 0.407374, 0.128786, 0.259423, 0.591477, -0.452648, -1.23957, 0.194062, 0.119757, -0.557112, -1.03073, -0.199819, -0.26994, -1.39082, -1.56566, -2.14319, -2.13139, -1.87788, -1.62592, -2.14153, -1.94252, -1.95655, -1.833, -1.96096, -2.14173, -2.00579, -2.04667
3.68, 0.0319374, -0.233796, 0.213345, 0.0517478, 0.56816, 0.463647, -0.0444303, 0.0434027, 0.0984271, -0.841056, -1.36188, -0.344573, -0.488658, -0.694518, -0.603849, -0.650986, -0.2394, -1.05467, -1.33019, -1.82287, -2.22245, -1.75337, -1.92389, -2.14077, -2.22975, -2.13698, -1.81378, -1.65222, -2.05959, -1.91455, -1.90311
3.7, 0.0319374, -0.0908234, 0.141452, -0.4095, 0.596906, 0.267345, -0.0136502, -0.0240236, 0.544995, -0.812671, -1.36557, -0.751346, 0.417901, 0.0932353, -0.243985, -0.625682, -0.174895, -0.833658, -1.325, -2.35331, -2.73425, -2.10818, -1.6656, -2.19394, -2.14016, -2.0961, -1.62703, -1.36096, -1.77335, -1.85142, -1.936
3.72, 0.0319374, -0.0275264, -0.148192, -0.191438, 0.408558, -0.33416, 0.151459, 0.279933, -0.134967, -0.349044, -0.79402, -0.627377, -0.0479332, -0.674961, -0.920647, -0.735518, -0.604914, -0.961367, -1.60974, -2.17203, -2.63071, -1.83223, -2.06823, -2.01834, -2.61063, -2.34648, -1.82022, -1.9091, -1.94712, -2.09462, -2.09714
3.74, 0.0319376, -0.924073, 0.188217, -0.163936, 0.384836, 0.240185, 0.481367, 0.496325, 0.158631, -0.197842, -0.924166, -0.634856, -0.342324, -0.941159, -0.202042, -0.541644, -0.612273, -1.08514, -1.4271, -2.22555, -2.53448, -1.95728, -1.77844, -1.92869, -2.44444, -2.1971, -1.40451, -1.59023, -2.00098, -1.90203, -1.9169
3.76, 0.0319376, 0.355191, -0.354291, 0.0840469, 0.46673, 0.454628, -0.17655, 0.273983, -0.473317, -0.730234, -0.69823, -0.298077, -0.184069, -0.658766, -0.906697, -0.187412, -0.473288, -0.861519, -1.38423, -2.44601, -2.17524, -2.16952, -1.79504, -2.32165, -2.21081, -1.86492, -1.473, -2.13935, -2.2431, -2.16205, -1.79004
3.78, 0.0319376, -0.51187, -0.508751, -0.416302, 0.734583, 0.374711, -0.627395, -0.425728, -1.25965, -0.77189, -0.68632, -0.136473, -0.00835682, -0.466093, -1.02398, -1.05919, -0.427349, -1.14799, -1.16091, -1.68203, -2.02639, -1.81354, -1.74003, -1.86467, -2.06441, -1.9457, -1.69192, -1.71346, -1.95825, -1.846, -1.8302
3.8, 0.0319376, 0.237388, 0.0338195, -0.610888, 0.313097, 0.25243, -0.713763, 0.0979524, 0.343308, -0.580031, -0.994425, -0.221179, -0.331245, -0.870726, -1.11992, -1.18065, -0.89597, -1.3878, -1.23459, -2.12982, -2.26563, -2.45411, -2.14254, -2.11896, -2.33629, -2.11924, -1.82781, -2.20215, -2.3294, -2.12797, -2.01567
3.82, 0.0319376, 0.168436, 0.160586, -0.48207, -0.0706265, 0.308957, 0.388213, -0.395878, -0.301631, -0.62707, -1.35012, -1.07176, 0.0105195, -0.327593, -0.675512, -0.736341, -0.617196, -1.87231, -1.56467, -2.51771, -2.66876, -2.03724, -2.0065, -2.31257, -2.2444, -2.32175, -1.59459, -1.95986, -2.02915, -2.17982, -1.9886
3.84, 0.0319376, 0.0972959, 0.295218, -0.226843, -0.532819, 0.159552, -0.172427, 0.00232652, -0.256427, -0.582338, -1.17767, -0.734708, -0.515096, -0.560825, -1.0983, -0.302631, -0.888853, -1.4943, -1.38105, -1.97066, -2.59875, -2.08489, -1.79298, -2.18455, -2.5244, -2.54092, -2.15002, -1.91224, -2.03543, -2.21275, -2.21418
3.86, 0.0319376, -0.466591, -0.516626, -0.890349, 0.701817, 0.41424, -0.377616, -0.411536, -0.298658, -0.807005, -1.42321, -0.261176, 0.00300278, -0.846269, -0.583689, -0.661834, -0.796592, -1.14304, -1.435, -2.27201, -2.36958, -2.55591, -1.91139, -2.28206, -2.55312, -2.35994, -2.23136, -2.30429, -2.39397, -2.37826, -2.22452
3.88, 0.0319374, -0.172124, -0.548301, -0.507635, 0.171535, 0.303883, -0.86989, -0.121228, 0.147036, -0.815476, -0.841197, -0.695275, -0.779874, -0.8386, -0.753164, -0.369266, -0.674776, -1.5024, -1.29475, -2.16287, -2.69236, -2.25214, -1.88001, -2.43947, -2.47328, -2.28096, -2.15357, -2.32722, -2.18189, -2.21083, -2.03031
3.9, 0.0319374, -0.470079, -0.624121, -1.40647, -0.0567393, 0.546594, -0.156516, 0.408856, 0.000286657, -1.16926, -1.24109, -0.893153, -0.313065, -0.970254, -0.809082, -0.577708, -1.07881, -1.69366, -1.22059, -2.15234, -2.38292, -2.24162, -2.20527, -2.34201, -2.49769, -2.70848, -2.11737, -2.22497, -2.48921, -2.44366, -2.32972
3.92, 0.0319374, -0.0793991, 0.165681, -0.350442, -0.0459772, 0.273388, -0.213173, -0.213265, -0.247729, -1.37629, -0.749132, -0.134932, -0.121072, -0.543682, -0.872033, -0.720177, -0.940304, -1.41381, -1.53251, -1.884, -3.23676, -2.20733, -2.11453, -2.68754, -2.99458, -2.53228, -2.10548, -2.02514, -2.19629, -2.19431, -2.1341
3.94, 0.0319374, 0.0193371, -0.303883, -1.69888, -0.30896, -0.221824, -0.0167021, -0.213121, -0.598798, -1.08286, -1.41363, -0.67815, -0.848492, -1.28154, -0.780377, -1.85251, -1.52774, -1.8103, -1.51824, -2.32231, -3.1369, -2.43231, -2.30097, -2.58953, -2.60955, -2.55775, -2.08354, -2.09768, -2.18706, -2.20124, -2.18899
3.96, 0.0319374, -0.236223, -0.0452807, -1.80841, 0.0788834, -0.0261983, -0.532533, -0.623457, -0.689287, -1.51041, -0.960112, -0.654993, -0.820513, -0.782784, -1.16315, -1.42651, -1.6604, -1.69356, -1.30276, -1.90976, -2.60433, -2.33888, -2.27289, -2.49028, -2.63857, -2.54595, -2.17301, -2.0178, -2.10913, -2.50315, -2.30157
3.98, 0.0319376, 0.0512352, 0.000746091, -0.731517, 0.213203, -0.0149745, -0.500169, -0.159635, -0.210008, -1.08864, -1.2084, -0.958068, -0.92914, -1.03377, -1.12929, -0.827692, -1.20714, -1.69836, -1.36484, -1.91453, -2.79377, -2.7483, -2.41325, -2.16541, -2.47666, -2.55968, -2.35174, -2.42737, -2.29637, -2.43256, -2.06553
4, 0.0319376, -0.127104, 0.0276232, 0.0840098, -0.015864, -0.570002, -0.887416, -0.12909, -0.540051, -1.2886, -1.72547, -1.13747, -0.588188, -1.04407, -1.11392, -1.03252, -1.49161, -1.85603, -1.40883, -2.14195, -2.8568, -2.44237, -1.90412, -1.89325, -2.40393, -2.64019, -2.21014, -1.87624, -1.93128, -2.08368, -2.08389
4.02, 0.0319376, -0.525325, -0.282253, -0.939481, 0.275166, -0.178718, -1.032, -0.349093, -0.923863, -1.67956, -1.95116, -1.13319, -1.0061, -1.14143, -1.58136, -1.62501, -1.75874, -2.04333, -1.69432, -2.19107, -2.41778, -2.68607, -2.13004, -2.27978, -2.37703, -2.90816, -2.47455, -2.24156, -2.22411, -2.45027, -2.11032
4.04, 0.0319376, -0.383235, -0.943551, -0.645044, 0.133938, -0.633687, -0.7225, -0.807316, -0.757489, -1.74658, -1.3506, -0.771206, -0.814978, -1.15751, -1.06464, -1.17139, -1.44662, -1.89109, -1.53619, -2.14716, -2.8867, -2.44354, -2.22093, -2.19491, -2.63993, -2.55898, -2.47547, -2.10975, -2.20608, -2.65872, -2.25151
4.06, 0.0319376, 0.0243532, 0.0801583, -0.396771, -0.151382, -0.0659405, -0.733519, -0.34718, -0.997605, -1.37244, -2.09678, -1.34635, -1.12319, -1.4221, -1.86539, -1.26466, -1.85106, -2.02356, -1.44658, -2.33468, -2.8914, -2.55412, -2.64887, -2.78061, -2.54098, -2.67258, -2.21435, -2.27708, -2.3436, -2.19525, -2.21333
4.08, 0.0319376, -0.578394, -0.952645, -0.673399, -0.21166, 0.00918178, -0.291166, -0.319864, -0.46394, -1.03952, -1.28845, -1.34898, -0.750585, -0.988212, -1.44907, -1.38575, -1.50983, -2.02125, -1.64683, -2.71866, -2.92611, -2.75916, -2.35892, -2.48293, -2.45416, -2.42328, -2.11353, -2.07311, -2.03905, -2.23948, -2.24401
4.1, 0.0319376, -0.20863, -0.815392, -0.857471, 0.174541, -0.281743, -0.661464, -0.443579, -0.548975, -0.986638, -1.47987, -0.894825, -0.586011, -0.9515, -1.18217, -1.08384, -1.34512, -1.55028, -1.58504, -2.29389, -2.62589, -2.06798, -2.05436, -2.04946, -2.43608, -2.3503, -2.0284, -1.86402, -2.10325, -2.15462, -2.22167
4.12, 0.0319376, -0.680857, -0.547455, -1.02605, -0.383775, -0.672114, -0.311491, -0.311168, -0.68789, -0.902124, -1.33957, -1.08082, -0.758337, -1.00785, -0.99334, -0.942916, -1.25708, -1.85991, -1.47778, -2.16024, -2.57996, -2.35301, -2.76179, -2.69335, -2.33393, -2.38354, -2.10204, -1.86407, -2.08225, -2.10263, -1.88683
4.14, 0.0319376, -0.634201, -0.678879, -0.98263, -0.321939, -0.423324, -0.5985, -0.781747, -0.879571, -1.0926, -1.77324, -1.00074, -0.70709, -1.364, -1.34254, -1.15481, -1.85656, -1.74664, -1.40721, -2.14672, -2.75733, -2.68404, -2.17299, -2.20984, -2.66786, -2.75377, -2.27406, -2.37197, -2.56447, -2.51505, -2.20683
4.16, 0.0319376, -1.10344, -0.347703, -0.66669, -0.249386, 0.213122, -0.296023, -1.45447, -0.762473, -1.31183, -1.93738, -1.30633, -1.02738, -1.07435, -1.69706, -1.08997, -1.06759, -1.45308, -1.32509, -2.12112, -2.65309, -2.52371, -2.06923, -2.42646, -2.80287, -2.54564, -2.38225, -2.26885, -2.16811, -2.12314, -2.18073
4.18, 0.0319376, 0.139991, -0.0863142, -0.773866, 0.240575, -0.0292043, -0.374746, -0.895277, -0.253561, -1.17277, -1.94929, -1.00902, -0.516603, -1.20122, -1.08447, -0.801409, -1.25984, -2.03305, -1.22479, -2.0542, -2.89384, -2.5615, -2.19315, -2.10615, -2.38224, -2.12805, -2.21038, -2.48826, -2.39143, -2.22456, -2.16291
4.2, 0.0319376, 0.324008, -0.197849, -0.616093, 0.936142, -0.0593168, 0.175838, -0.534405, -0.768113, -1.3819, -1.58344, -1.30466, -0.973243, -1.11352, -1.11429, -1.20528, -1.55463, -1.83342, -1.63044, -2.21808, -2.45218, -2.39943, -2.36753, -2.27763, -2.37627, -2.0721, -2.14336, -2.5336, -2.17861, -2.39738, -2.11797
4.22, 0.0319376, -0.120802, 0.0924906, -0.112495, 0.18143, -0.992138, -1.69384, -1.2257, -1.39824, -1.6079, -2.38422, -1.59651, -0.623915, -1.04167, -1.4163, -1.02716, -1.22124, -1.66777, -1.51385, -1.933, -2.62506, -2.50023, -2.42181, -2.46733, -2.59724, -2.63378, -2.61066, -2.35985, -2.09218, -2.58425, -2.03355
4.24, 0.0319376, -0.669156, -0.71281, -0.946142, 0.189183, -0.163837, -1.54432, -1.05908, -1.08158, -1.47033, -2.61238, -1.49426, -0.818507, -0.984858, -1.28666, -1.69929, -1.95382, -2.03003, -1.48034, -2.06748, -2.42063, -2.90301, -2.55872, -2.65747, -2.24689, -2.52639, -2.12683, -2.33727, -2.34039, -2.38349, -2.10385
4.26, 0.0319371, 0.359304, -0.0899603, -0.819412, 0.259173, -0.0488006, -0.884515, -1.15684, -0.948318, -0.985607, -1.65542, -1.33571, -1.46124, -1.08544, -1.27566, -1.26073, -1.99526, -2.38094, -1.47205, -2.00367, -2.5927, -2.66896, -2.60306, -2.32786, -2.72661, -2.42883, -2.21831, -2.29534, -2.31174, -2.52945, -2.21996
4.28, 0.0319371, -0.0794733, -0.824283, -1.00952, -0.108893, -0.203676, -1.31311, -1.04896, -0.657865, -1.21018, -2.20391, -1.7721, -1.42505, -1.35971, -1.72228, -1.79648, -1.87788, -2.32123, -1.60874, -2.1521, -2.9996, -2.86331, -3.32468, -2.92508, -2.8905, -2.85277, -2.52981, -2.15503, -2.32475, -2.23321, -2.05897
4.3, 0.0319371, -0.871698, -0.272037, -0.577799, -0.21799, -0.491669, -1.07612, -1.01929, -1.40946, -2.41584, -1.66437, -1.76209, -1.78792, -1.61845, -1.29497, -1.16325, -1.88438, -1.96249, -1.31843, -2.3313, -3.10904, -2.71246, -2.75669, -2.52271, -2.35449, -2.74774, -2.5932, -2.37229, -2.40702, -2.27427, -2.20734
4.32, 0.0319371, -0.452972, -0.691761, -1.44082, -0.883161, -0.0401151, -0.511028, -1.34085, -1.4675, -1.10986, -1.85337, -1.75066, -1.20126, -1.37533, -1.14917, -1.3727, -2.09109, -2.11205, -1.48388, -2.07538, -2.68887, -2.70085, -2.62065, -2.83089, -2.61274, -2.69695, -2.23583, -2.34236, -2.11767, -2.32701, -2.36599
4.34, 0.0319371, -0.251915, -0.511365, -0.269416, 0.224287, -0.206057, -0.997059, -1.39509, -1.78999, -1.88264, -2.04727, -1.40438, -1.53991, -1.25667, -1.7521, -1.32451, -1.66769, -1.86965, -1.37388, -2.37359, -2.70846, -2.37723, -2.74818, -2.59907, -2.39704, -2.42575, -2.16956, -2.51217, -2.17199, -2.34826, -2.12113
4.36, 0.0319376, 0.0709286, -0.203112, -0.640301, 0.166306, -0.602901, -0.990245, -1.1428, -1.50297, -2.15109, -1.80714, -1.9078, -1.69689, -1.59329, -1.54941, -1.66491, -1.82205, -2.07631, -1.6714, -2.26285, -2.38192, -2.549, -2.65578, -2.94342, -2.23176, -2.24292, -2.20648, -2.10008, -2.22478, -2.25694, -2.02347
4.38, 0.0319376, -1.48919, -0.780444, -0.64809, 0.113811, -0.527434, -1.05333, -1.75958, -1.62891, -1.49421, -1.88948, -2.02591, -1.06493, -1.17028, -1.28856, -1.63352, -1.8045, -1.81914, -1.57743, -1.88944, -2.81193, -2.88112, -2.84317, -2.37587, -2.30561, -2.43615, -2.3824, -2.34602, -2.27079, -2.18747, -2.30454
4.4, 0.0319376, 0.26908, -0.429588, -0.415377, 0.292473, -0.203368, -1.12091, -1.29164, -1.43788, -1.51671, -1.86539, -2.14587, -1.58963, -1.41413, -1.59953, -1.82531, -2.05697, -1.82459, -1.41363, -1.98785, -2.88115, -2.67737, -2.75649, -2.57619, -2.45467, -2.60255, -2.49676, -2.1433, -2.3334, -2.14011, -2.30738
4.42, 0.0319376, 0.266981, -0.0981082, -0.683581, -0.100324, -0.651024, -1.56372, -1.10645, -1.25137, -1.87212, -1.9883, -1.76851, -1.52255, -1.61604, -1.34852, -1.37344, -1.74872, -2.22593, -1.50959, -2.21154, -2.91589, -2.57113, -2.69447, -2.61834, -2.47393, -2.28961, -2.2216, -2.37554, -2.47046, -2.22966, -2.30735
4.44, 0.0319376, -0.654461, -0.129495, -0.61738, -0.69131, -1.84014, -1.8481, -1.57357, -1.99495, -2.40905, -2.60035, -1.63516, -1.62837, -1.4321, -1.59488, -1.55459, -2.05841, -1.77788, -1.39116, -1.84962, -2.5698, -2.84244, -2.90736, -2.40377, -2.30365, -2.51876, -2.13257, -2.21656, -2.24346, -2.31715, -2.28599
4.46, 0.0319376, 0.309883, -0.252098, -0.861421, -0.420359, -1.06674, -1.84981, -2.09563, -1.49493, -1.48647, -2.05736, -2.26002, -2.17477, -1.58604, -1.60415, -1.45177, -1.77704, -1.80788, -1.51304, -2.12469, -2.59293, -2.78401, -2.91503, -2.46581, -2.28253, -2.64081, -2.35233, -2.22599, -2.06908, -2.20581, -2.26641
4.48, 0.0319376, -0.140717, -0.424056, -0.255547, -0.130905, -0.881399, -2.14954, -2.02453, -2.32266, -2.14836, -2.10973, -1.77706, -2.25317, -1.54683, -1.79577, -1.53072, -1.96484, -2.0497, -1.43628, -2.16146, -2.99833, -2.51067, -2.66989, -2.63169, -2.55374, -2.73809, -2.63621, -2.22252, -2.22595, -2.42125, -2.14658
4.5, 0.0319376, -0.29145, -0.248043, -0.609756, -0.373191, -1.09335, -1.35314, -1.53151, -1.87738, -1.97605, -2.19764, -2.30026, -1.98794, -1.45043, -1.57385, -1.80933, -1.7659, -1.99912, -1.73146, -2.31479, -2.76302, -2.83976, -2.90405, -2.63577, -2.53614, -2.35988, -2.32703, -2.31733, -2.03148, -2.3365, -2.20012
4.52, 0.0319376, 0.11215, 0.16884, -0.533134, -1.04543, -1.97668, -2.06991, -1.50514, -1.72076, -2.08236, -2.13084, -2.65813, -2.27711, -1.60047, -1.49707, -1.5134, -2.01353, -2.0772, -1.66001, -2.13417, -2.91003, -2.46303, -2.65564, -2.64263, -2.5052, -2.49884, -2.52913, -2.44346, -2.32551, -2.2005, -2.12554
4.54, 0.0319376, -0.626172, -0.545507, -0.768772, -0.044071, -0.34691, -1.39733, -2.19797, -1.68311, -1.48257, -2.14361, -2.11519, -1.97258, -1.41974, -1.51647, -1.47311, -2.08009, -2.08156, -1.39711, -2.11428, -2.84945, -2.85529, -2.63477, -2.58208, -2.5071, -2.2957, -2.49504, -2.3707, -2.06141, -2.14544, -1.96937
4.56, 0.0319376, -0.267683, -0.859042, -1.01959, -0.276758, -0.161998, -1.01576, -0.753358, -0.847731, -1.27376, -1.59514, -0.759972, -0.533477, -1.22814, -0.687711, -0.688099, -1.05588, -1.14335, -1.05535, -1.54582, -2.41126, -2.04568, -1.5039, -1.60572, -1.78221, -1.59298, -1.57342, -1.80725, -2.03574, -1.87138, -1.70518
4.58, 0.0319376, 0.261541, 0.238581, 0.7246, 0.919325, 0.860229, 0.196771, -0.507618, -0.187801, -0.274863, -0.436231, -0.463082, 0.151697, -0.439828, -0.0125459, 0.265399, -0.00425432, -0.532897, -0.828419, -0.777656, -1.08549, -0.982448, -0.316688, -0.466022, -0.986504, -0.864373, -0.545057, -0.914235, -0.945934, -1.03182, -0.941233
4.6, 0.0319376, 0.0385998, 0.308318, 0.348101, 1.10015, 0.331743, 0.140527, -0.0566077, 0.54652, 0.269667, -0.668357, -0.739569, 0.84282, 0.572353, 1.11223, 0.940219, -0.0714631, -0.0467978, -0.0630594, -0.633293, -1.16923, -0.737762, -0.60002, -0.0202751, -0.395622, -0.29483, 0.00401916, -0.473766, -0.679365, -0.59131, -0.563813
4.62, 0.0319376, -1.11753, -0.741619, 0.302256, 0.57972, 0.925731, 0.26909, -0.149519, 0.0377043, -0.116072, -0.116321, -0.534897, 0.520584, 0.244257, 0.156966, -0.0919882, -0.311428, 0.144161, -0.565415, -1.02579, -1.02631, -0.669847, -0.0328227, -0.296421, -0.472649, -1.03429, -0.526496, -0.606921, -1.32994, -0.73699, -1.0695
4.64, 0.0319376, -0.492144, 0.230285, -0.27507, -0.119519, -0.72678, -0.331102, 0.137923, 0.32977, 0.0389817, -0.502794, -0.303012, 0.503258, 0.346534, 0.218731, 0.27314, 0.222416, -0.102741, -0.500081, -0.655983, -1.13445, -1.0899, -0.420765, -0.274797, -0.821863, -0.639822, -0.475245, -0.634937, -1.28065, -1.12393, -0.964512
4.66, 0.0319376, -0.342051, -0.0688525, -0.173883, 0.203489, -0.0441232, -0.363434, -0.591721, -0.284696, -0.667891, -0.775759, -0.393196, -0.00165176, -0.530937, -0.343743, -0.595467, -0.65194, -0.836608, -1.19511, -1.21319, -1.24272, -1.30889, -1.00803, -1.29121, -1.72109, -1.40521, -1.03825, -1.49585, -1.69686, -1.57874, -1.62141
4.68, 0.0319376, -0.764433, -0.0535127, -0.542342, -0.218835, -0.855304, -1.39882, -0.861658, -0.941852, -1.29253, -1.09761, -0.848869, -0.828775, -0.792837, -0.876139, -0.493185, -1.2728, -1.3373, -1.20677, -1.95736, -2.08862, -2.02926, -1.42272, -1.53759, -1.73478, -1.89073, -1.78551, -1.74811, -2.00623, -1.83381, -1.66622
4.7, 0.0319376, -0.467137, -0.413644, -0.429956, 0.255377, -0.205324, -0.960463, -1.34855, -1.11979, -1.50365, -1.41183, -1.22095, -0.956492, -1.02696, -0.54224, -0.77638, -1.10868, -1.06672, -1.19973, -1.82794, -2.18613, -2.08125, -1.44905, -1.74195, -1.81838, -1.76396, -1.50708, -1.73222, -2.18365, -2.16437, -1.89318
4.72, 0.0319376, -0.388441, -0.161251, -0.814445, 0.0833419, -0.228086, -1.63939, -0.893053, -1.2206, -0.831403, -0.587556, -0.855699, -0.468794, -0.500841, -0.242562, -0.363722, -0.924586, -0.96723, -1.21976, -1.80212, -2.0648, -1.59508, -1.05397, -1.30982, -1.5902, -1.77086, -1.45999, -1.49104, -1.53523, -1.46437, -1.78014
4.74, 0.0319376, -0.427545, -0.0583127, -0.435908, 0.454203, 0.118625, -0.875626, -0.550519, -0.0459352, -0.536866, -0.481373, 0.0277572, -0.127831, -0.185455, -0.39124, -0.598819, -0.486666, -0.698108, -1.11332, -1.45028, -1.69972, -1.49157, -0.656736, -0.948563, -0.954793, -0.96203, -0.609127, -1.22844, -1.65062, -1.38799, -1.21227
4.76, 0.0319371, 0.27205, 0.351224, 0.282326, 0.250811, 0.0753244, -0.474195, -0.0665033, -0.00456515, -0.626246, -0.240653, -0.555819, -0.0950186, -0.337703, -0.433012, -0.262653, 0.114936, -0.0115957, -0.767492, -1.2693, -1.20502, -1.05462, -0.575734, -1.00001, -1.39556, -0.864837, -0.885741, -1.11128, -1.36212, -1.25838, -1.61122
4.78, 0.0319371, -0.729153, -0.463518, -0.215142, 0.478031, 0.13066, -0.11619, -0.360248, -0.184524, -0.232298, -1.20565, -0.391505, -0.435388, -0.382288, -0.244452, -0.0078478, -0.158101, -0.788189, -1.11844, -1.66431, -1.1857, -1.18866, -0.921392, -1.02431, -1.3244, -1.21451, -0.947616, -1.12656, -1.28921, -1.46768, -1.3557
4.8, 0.0319371, -0.70285, -0.294385, 0.41766, 0.743392, 0.119878, -0.710753, -0.661346, -0.939808, -1.00221, -1.03944, -0.320024, -0.0773344, -0.601389, -0.56585, -0.533736, -0.602489, -0.771402, -1.08139, -1.41528, -1.76446, -1.68889, -1.34742, -1.37867, -1.596, -1.63421, -1.62716, -1.5287, -2.05512, -1.91097, -2.07075
4.82, 0.0319371, -0.678912, -0.37088, -0.231519, -0.0842993, 0.122852, -0.684417, -1.44597, -1.23136, -1.22836, -1.61047, -1.52768, -1.37856, -1.51367, -1.48447, -1.09374, -1.51572, -1.60578, -1.54645, -2.35657, -2.84973, -2.00659, -1.56511, -2.03248, -2.4919, -1.9537, -1.83493, -1.9774, -2.08721, -2.06765, -2.11346
4.84, 0.0319371, -0.418915, -0.643945, -0.664502, -0.352065, -1.05464, -1.50041, -2.05326, -1.86588, -1.1453, -2.06573, -1.91072, -1.02909, -1.0819, -1.34267, -1.13295, -1.47365, -1.5269, -1.33472, -2.19465, -2.58133, -2.23308, -1.92055, -2.24546, -2.2144, -1.99142, -2.05784, -2.19172, -1.91056, -2.19555, -2.16286
4.86, 0.0319376, -0.339468, -0.649296, -0.126966, -0.224554, -0.453547, -1.61327, -1.62366, -1.54795, -1.56487, -2.59388, -0.939758, -0.827242, -1.4194, -1.10796, -1.1147, -1.49063, -1.66198, -1.32155, -2.27247, -2.63201, -2.36579, -2.48809, -2.66068, -2.605, -2.45103, -2.30865, -2.18986, -2.27486, -2.23709, -2.73959
4.88, 0.0319376, -1.38539, -0.644659, -0.805673, -0.715321, -0.567211, -1.03902, -1.53806, -0.978203, -1.42406, -1.97287, -1.28916, -1.15954, -1.45732, -1.47945, -1.22226, -1.37035, -1.48389, -1.30019, -2.24136, -2.68045, -2.15756, -2.31198, -2.30971, -2.28161, -2.25765, -1.98011, -2.18013, -2.43842, -2.24436, -2.28283
4.9, 0.0319376, -0.561259, -0.410052, 0.174653, -0.538978, -0.405002, -0.531723, -0.906282, -0.681179, -0.605211, -1.41569, -1.66214, -1.12732, -0.970257, -0.871268, -1.05856, -0.839891, -1.37559, -1.4533, -2.21288, -2.00337, -1.95668, -1.96294, -1.73764, -1.98327, -1.86975, -1.75731, -1.9718, -1.85215, -1.93242, -1.9427
4.92, 0.0319376, -0.990526, -0.672277, -0.68956, 0.110169, -0.0848306, 0.00948447, -0.274623, -0.143918, -0.577139, -1.14152, -0.595413, -0.162334, -0.456513, -0.211257, -0.264855, -0.360136, -0.775107, -0.550921, -1.44512, -1.67009, -1.48645, -1.30688, -1.11189, -1.10732, -1.51382, -1.50216, -1.80482, -1.85347, -1.72014, -1.93015
4.94, 0.0319376, -0.391144, -0.29523, 0.458093, -0.212409, -0.223885, -0.562298, -0.305628, -0.347916, -0.824204, -0.65193, -0.415965, 0.0430854, -0.621197, -0.325, -0.409514, -0.065706, -0.793622, -0.598921, -1.30952, -2.17664, -1.87618, -1.27533, -1.39515, -1.42912, -1.43787, -1.30579, -1.58931, -1.83799, -1.66997, -1.6143
4.96, 0.0319376, -0.989472, -0.240766, -0.566789, 0.111328, 0.146316, -0.340639, -0.558073, -0.54902, -0.783544, -0.950022, -0.356656, -0.714083, -1.04395, -0.743592, -0.848622, -0.87879, -0.909621, -1.43662, -1.80688, -2.01388, -1.71285, -1.01019, -1.36324, -2.03083, -1.67586, -1.68133, -1.84856, -1.79137, -1.84179, -1.90686
