# Time (seconds), Duration (seconds), f0, f1, f2, f3, f4, f5, f6, f7, f8, f9, f10, f11, f12, f13, f14, f15, f16, f17, f18, f19, f20, f21, f22, f23, f24, f25, f26, f27, f28, f29
0, 0.0319375, -0.179523, -1.51232, -2.51033, -1.01753, -1.74109, -0.742077, 1.40745, -0.254949, 1.26302, 0.293253, 1.62175, 0.975457, 0.614578, -0.93798, -0.224017, 1.47356, 1.92862, 2.21895, 1.81079, 1.07498, 1.48859, 1.69812, 2.11841, 1.18784, 1.54206, 2.13656, 1.80147, 2.08926, 1.80773, 1.95286
0.02, 0.0319375, -0.145432, -1.3321, -1.5954, -1.13759, -1.17378, 0.137307, 0.980503, -0.158228, 1.20923, 0.76103, 1.40002, 1.30058, 0.964457, -0.0429087, 0.123283, 1.13021, 1.94232, 2.07171, 2.03919, 1.91438, 1.51608, 1.6826, 2.1295, 1.6599, 1.67976, 2.23624, 2.67856, 2.38736, 2.11802, 2.24774
0.04, 0.0319375, 0.0498822, -0.812571, -0.517217, -0.956206, -0.294713, 0.355377, 0.863348, 0.838233, 0.965281, 1.2086, 1.49722, 1.50243, 1.02842, -0.20667, -0.254351, 1.30334, 1.89292, 2.12113, 2.04332, 1.91644, 1.77594, 1.85608, 2.38881, 1.67438, 2.09624, 2.69307, 2.82575, 2.58552, 2.24147, 2.33916
0.06, 0.0319375, -0.219187, 0.0249221, -1.10922, -0.452436, -0.264384, -0.361487, 0.366247, 0.56715, 0.917092, 1.26988, 1.45243, 1.48376, 0.811615, 0.110617, -0.402207, 0.845344, 1.69644, 1.88512, 2.09398, 1.75242, 1.39957, 1.54814, 2.17285, 1.69045, 1.78553, 2.67476, 2.20747, 1.67006, 2.08002, 2.60176
0.08, 0.0319375, -1.66122, -0.0222092, 0.609307, -2.25302, -1.80574, -0.800223, 1.43335, 0.516756, -0.0449099, 1.73314, 1.3369, 0.188121, 1.60512, 0.251311, -0.172027, 0.106069, 1.72295, 1.45656, 1.89522, 1.1672, 1.11276, 1.76187, 1.86286, 1.29423, 0.915097, 1.35191, 0.81049, 0.191162, 0.569114, 1.04652
0.1, 0.0319375, -2.55695, -0.169025, 0.554897, -2.32388, -2.40166, -0.886786, 1.55925, -0.106732, -1.58967, 1.98127, 1.41635, -0.569646, 2.3698, 0.682051, -0.58815, -0.895632, 1.70786, 1.06835, 1.81429, 0.813663, 0.958839, 1.64734, 1.77886, 1.05389, 0.683602, 0.691999, 0.221825, -0.39527, -0.0924761, -0.0626749
0.12, 0.0319375, -4.04863, -0.575745, 0.414065, -2.48073, -2.62056, -1.56929, 1.6299, 0.671769, -1.51426, 2.02133, 2.09245, -0.34528, 2.67921, 1.71316, -0.632086, -0.441143, 1.30618, 1.28638, 1.67999, 1.16815, 1.44389, 1.84041, 1.36301, 1.05242, 0.877533, 0.942487, 0.250261, -0.381092, 0.101552, 0.118975
0.14, 0.0319375, -3.07831, -0.763461, 0.492798, -1.48214, -2.56293, -1.79619, 1.64679, 1.01037, -1.5136, 2.06884, 2.41888, -0.526895, 2.38188, 1.84647, -0.591362, -0.42463, 1.24495, 1.49834, 1.61495, 1.35014, 1.50669, 1.44669, 1.60719, 1.3956, 0.943656, 1.02185, -0.419451, -0.0605693, 0.469875, -0.0655425
0.16, 0.0319375, -1.89078, 0.534222, 0.399855, -0.930092, -0.658751, 0.439361, 1.1426, -0.101377, 0.840615, 2.30086, 1.28603, 2.35422, 2.48841, 0.694364, 0.75689, 0.433618, 1.84655, 0.763223, 0.843731, 1.12499, 0.55204, 0.889479, 1.14131, 0.729298, -0.391627, -0.371279, -0.94964, -1.06778, -0.757737, -0.819739
0.18, 0.0319375, -1.47524, -0.249952, -0.791314, -1.53218, -1.38929, -1.89214, -1.6846, -1.4363, -1.46037, -0.853143, -0.902662, -0.427144, 0.0860618, -0.691251, -1.4444, -2.27627, -0.846466, -1.53593, -1.48502, -1.65644, -1.28485, -1.32305, -1.23241, -1.65457, -2.35244, -2.30034, -2.49983, -2.91179, -2.52387, -2.87341
0.2, 0.0319375, -2.76781, -1.88512, -2.19972, -3.80486, -2.93454, -3.05062, -2.15296, -2.57262, -2.11289, -1.2308, -1.40807, -1.09343, -0.658315, -1.60628, -2.2498, -2.23069, -1.59715, -2.20906, -2.16679, -2.11636, -1.85004, -1.77658, -1.78873, -1.86581, -2.27389, -2.71685, -2.86459, -3.35181, -3.07564, -3.13823
0.22, 0.0319375, -1.56054, -1.20809, -2.68501, -3.16633, -0.805484, 0.661329, -0.514469, -0.782553, -0.288781, 0.452699, 0.224556, 0.351161, -0.99914, -1.5247, -1.68309, -0.442053, -0.555962, -1.65823, -2.01275, -1.65323, -1.50889, -1.15834, -0.455924, -0.46685, -1.27583, -1.40069, -1.31962, -1.57831, -1.47878, -1.33377
0.24, 0.0319375, -2.23062, -1.64233, -2.62341, -3.61169, -2.3205, 0.897898, 1.10275, -0.00076341, 0.274942, -0.162419, -1.01163, 0.216768, -0.264043, -1.55152, -0.956433, 0.279723, 0.43215, -1.38674, -1.0892, -0.75179, -1.37726, -0.655062, -0.286394, -0.0521024, -1.44799, -0.832691, -0.920235, -1.14604, -0.812409, -0.568019
0.26, 0.0319375, -1.32133, -1.01925, -1.68434, -2.73926, -0.518433, 1.29737, 0.799278, -0.032676, 0.590009, 0.262043, -0.508228, 0.0167933, -1.01321, -1.44539, -0.837388, 0.43746, 0.0235237, -1.22381, -1.21891, -1.28078, -1.38432, -0.912974, 0.0168988, -0.0793707, -0.852833, -0.68828, -0.766694, -1.22259, -0.797968, -0.206989
0.28, 0.0319375, -1.38011, -0.635249, -1.45635, -2.7254, 0.545912, 0.802269, -0.825916, 0.608552, 1.35637, -0.370822, 0.408755, -1.13565, -1.80217, -1.28999, 0.130433, -0.515229, -0.196085, -0.965619, -1.51155, -1.68376, -1.47756, -0.875678, 0.508573, 0.55415, -0.493133, -0.408775, -0.720227, -1.13302, -0.701835, -0.187383
0.3, 0.0319375, -2.39074, -2.16896, -2.82364, -1.56252, 0.847478, -0.183075, -0.625214, 0.206008, 0.452885, 0.648808, 0.215137, -2.16616, -2.17335, -0.829247, -0.569622, -0.938315, -0.594472, -1.42959, -1.92106, -1.8717, -1.73653, -1.30012, -0.429239, -0.209909, -0.655549, -0.508111, -0.87512, -1.01004, -0.423674, -0.0154731
0.32, 0.0319375, -0.985505, -1.37038, -1.848, -0.100317, -0.349424, -1.67331, -0.419422, 0.564315, 1.53023, 0.673853, -1.39898, -1.78831, -1.21363, -1.49478, -1.15524, -0.750098, -1.0449, -1.85645, -2.05054, -2.39886, -2.62562, -2.04539, -0.787119, -0.402609, -1.36997, -1.02547, -1.2311, -1.45197, -1.13669, -0.473665
0.34, 0.0319375, -0.21726, -0.11081, -0.238659, -1.35958, -0.814807, -0.381178, 0.576661, 1.71, 1.23998, -0.778053, -1.46807, -1.86961, -2.05771, -1.88836, -1.25544, -1.58439, -1.22291, -2.20399, -2.65828, -2.91714, -3.46768, -2.35712, -1.06539, -1.17057, -1.99801, -2.13567, -2.17648, -2.27271, -1.20183, -0.916433
0.36, 0.0319375, 0.523497, -1.55332, -1.14071, -1.96455, -1.51698, -0.526051, -0.587265, 1.15669, 0.312946, -0.469455, -1.73594, -2.44274, -2.71604, -2.54516, -1.79867, -1.95546, -1.97868, -3.22796, -3.47791, -3.62829, -3.69238, -2.45731, -2.00497, -2.21153, -2.38936, -2.1646, -2.74328, -2.7508, -1.81097, -1.52246
0.38, 0.0319375, 0.527424, -1.33676, -2.52033, -1.53026, -1.96838, -1.24768, -0.471674, 0.102897, 0.18524, -1.23332, -2.0765, -3.21712, -3.0939, -2.86255, -2.45501, -1.8226, -2.01839, -2.89342, -3.39925, -3.89067, -3.68177, -2.94229, -2.59344, -2.74552, -3.05234, -2.22436, -3.13894, -3.46023, -2.24409, -1.89682
0.4, 0.0319375, 0.790799, -1.49306, -1.84016, -1.57937, -2.28386, -0.769174, -0.663026, 0.293532, 0.363005, -1.15071, -2.06603, -2.69564, -2.96365, -2.70909, -2.51552, -2.35029, -2.4485, -3.17761, -3.27905, -4.09446, -3.53524, -2.99834, -2.25382, -2.49944, -2.63025, -2.23029, -3.18224, -3.18951, -2.18992, -1.7702
0.42, 0.0319375, -0.26823, -1.61576, -2.37785, -3.35534, -2.23729, -1.82578, -0.946326, -0.275791, -1.69896, -2.4644, -3.35771, -4.02268, -4.21073, -3.67929, -2.97514, -2.73733, -2.53432, -3.40684, -3.63115, -4.02697, -4.1534, -2.92438, -2.88379, -2.84613, -2.99412, -3.05969, -3.34678, -3.39246, -2.0992, -2.0297
0.44, 0.0319375, -1.58804, -4.01757, -4.41923, -4.41255, -3.78342, -2.74429, -2.45896, -1.90232, -2.49711, -3.4325, -4.09335, -4.18904, -4.6509, -4.78, -4.34479, -4.07604, -3.86984, -4.86206, -4.84689, -4.34243, -4.50757, -3.74805, -3.09846, -3.3854, -3.786, -3.47024, -4.14559, -3.99042, -3.43366, -3.22883
0.46, 0.0319375, -3.13991, -4.41725, -4.93046, -5.17341, -4.58959, -4.23072, -4.13045, -3.39658, -3.77587, -4.41153, -4.55598, -5.01472, -5.20463, -4.91448, -5.20041, -4.85863, -4.94516, -4.85946, -4.41456, -4.65327, -5.03064, -4.6564, -4.52059, -4.46292, -4.52532, -4.74846, -4.37193, -4.38422, -4.29699, -4.20262
0.48, 0.0319375, -3.37909, -4.15545, -4.66373, -4.72788, -5.08313, -4.83042, -5.17739, -4.85002, -4.58449, -5.49896, -4.72997, -4.75926, -4.74824, -4.85827, -5.00013, -4.78424, -5.06596, -5.15057, -4.73534, -4.62724, -5.31103, -4.71881, -4.73565, -4.85222, -4.48247, -4.90511, -4.56159, -4.53655, -4.49572, -4.25386
0.5, 0.0319375, -2.23959, -2.48363, -2.74927, -2.68736, -2.70784, -1.40874, -0.976606, 0.174963, 0.410839, -0.353533, -0.778805, -1.28686, -1.69032, -1.82556, -1.81534, -1.83457, -1.82137, -2.36317, -2.47862, -2.34587, -2.24738, -2.00961, -2.11849, -2.74734, -2.82703, -2.17725, -3.07841, -4.19851, -3.71008, -3.85902
0.52, 0.0319375, -1.61806, -0.391087, -0.553569, -2.70874, -1.64015, 0.364669, 1.46443, 1.74369, 2.64982, 2.43504, 1.33721, 0.634395, 0.797473, 0.0384051, 0.402121, 0.117131, 0.194168, -0.864806, -0.988453, -0.629876, -0.163739, 0.126973, -0.230326, -0.987253, -1.58554, -0.984454, -1.38872, -2.67283, -2.08552, -1.67454
0.54, 0.0319375, -3.01781, -2.1268, 0.0658639, -0.513171, -2.27664, -1.14703, 1.57419, 3.13473, 1.72825, 0.510455, 2.23933, 1.60454, -0.317701, 0.716472, -0.408886, 0.355364, 0.272766, -0.408147, 0.0911483, 0.789625, 0.838666, 1.18287, 0.922501, 0.626107, 0.0932608, 0.4466, 0.195319, -0.499077, -0.0525014, 0.336635
0.56, 0.0319375, -3.16122, -2.47479, -0.724976, 0.561673, -1.18875, -1.43708, -0.92984, 3.03083, 3.69892, 0.458346, -0.232681, 1.96064, 1.00501, -0.267419, 1.29855, 0.167278, 0.629257, 0.407659, 0.363282, 0.436603, 0.954937, 0.945857, 1.14655, 0.650438, 0.631006, 0.634637, 0.925268, 0.666894, 0.82116, 0.99285
0.58, 0.0319375, 0.247092, -1.13899, -1.40669, 0.781914, -0.368893, -0.644886, 0.189054, 1.47112, 3.91755, 2.27226, 2.01276, 1.27738, 1.69039, 0.33032, 0.799234, 0.809868, 0.279434, -0.225441, -0.257471, 1.32375, 1.01624, 1.58617, 0.955087, 1.03113, 0.515276, 0.550346, 0.580503, 0.511925, 0.941826, 1.39323
0.6, 0.0319375, 1.25175, -0.543621, -1.10059, 0.866023, -0.237601, -0.46904, 0.32374, 1.1901, 3.13705, 1.83072, 3.26245, 1.49761, 1.36356, 0.794923, 0.838845, 0.759281, -0.103757, -0.438334, 0.335097, 1.61101, 1.32364, 1.9245, 1.32815, 0.940964, 0.714301, 0.692494, 0.378218, -0.0145989, 0.770166, 0.691151
0.62, 0.0319375, 1.37809, -0.153857, -1.19244, 0.803456, 0.43636, -0.606841, 0.452754, 0.490162, 3.0471, 2.47134, 3.13352, 2.61077, 2.14317, 0.719094, 0.329124, 1.51412, 0.785641, 0.898306, 0.837075, 1.48383, 1.62463, 2.10795, 1.8004, 1.17837, 0.220741, 0.369258, 0.809008, 0.756947, 0.710716, 0.949101
0.64, 0.0319375, 0.784312, -0.154555, -0.584936, 0.513031, 0.943071, 1.70359, 2.04679, 2.15503, 2.66075, 2.87727, 3.09106, 3.31171, 2.60061, 1.29839, 0.945792, 1.39147, 1.79746, 1.56009, 1.33708, 1.65629, 2.04098, 2.46169, 1.90264, 1.68597, 1.00132, 0.740674, 0.944948, 1.02905, 0.908678, 1.22898
0.66, 0.0319375, -0.0219536, -0.554934, -0.986265, 0.498704, 0.873367, 1.11222, 2.10455, 2.54449, 2.71994, 2.43977, 2.95168, 3.47805, 2.32707, 2.03985, 1.65364, 1.61951, 2.35351, 1.60232, 1.82755, 2.32062, 2.41992, 2.57959, 2.297, 1.75239, 0.518885, 0.614344, 0.288037, 0.391406, 1.30102, 1.32415
0.68, 0.0319375, 0.568474, -0.868122, -0.662948, 0.693136, 0.945116, 0.314826, 1.86392, 2.60606, 2.7207, 2.68783, 2.86369, 3.61934, 2.45988, 1.88005, 1.58316, 1.66217, 2.52185, 1.7456, 1.79998, 2.0086, 2.25486, 2.80668, 2.27196, 1.99164, 0.998485, 0.830276, 0.533077, 0.395743, 1.17097, 1.31821
0.7, 0.0319375, 0.753577, -0.423848, -0.774261, 0.564358, 1.14529, 0.913455, 1.49918, 2.88619, 2.592, 2.7604, 2.64102, 3.8514, 2.94259, 2.07379, 1.89075, 1.59116, 2.61071, 1.66066, 1.79317, 1.90536, 2.41657, 2.7336, 2.33338, 1.87083, 1.17132, 0.94512, 0.278259, 0.208545, 0.938782, 1.16878
0.72, 0.0319375, 0.687503, -0.250775, -0.661109, 0.405346, 1.42139, 0.654037, 1.63015, 2.84643, 2.5251, 2.90287, 2.67037, 3.72683, 3.20061, 1.72168, 1.68114, 1.60173, 2.55998, 2.02773, 1.97329, 2.02051, 2.07741, 2.9055, 2.40743, 1.89128, 1.08306, 0.952863, 0.750531, 0.530642, 1.04859, 1.21755
0.74, 0.0319375, 0.992129, -0.188177, -0.735493, 0.266506, 0.98002, 1.04119, 1.88596, 2.64296, 2.61895, 2.64983, 2.57855, 4.04695, 3.35416, 1.91485, 2.15716, 2.00398, 2.57123, 1.73654, 2.22168, 2.44023, 2.73048, 3.00463, 2.51473, 1.94425, 1.26023, 1.27765, 0.851527, 0.554369, 1.37051, 1.33138
0.76, 0.0319375, 1.21402, 0.0688179, -1.08194, 0.234869, 1.07558, 0.90626, 1.80809, 2.68131, 2.53823, 2.67869, 2.89109, 3.7476, 3.52522, 2.16924, 1.60673, 1.73995, 2.57741, 2.07502, 2.27727, 2.61809, 2.66589, 2.74537, 2.67737, 1.83676, 1.31142, 1.2589, 1.04898, 0.672621, 1.55743, 1.78106
0.78, 0.0319375, 1.0788, -0.0677103, -1.52751, -0.116323, 1.27718, 0.809028, 1.75202, 2.35818, 2.75894, 2.83484, 2.78362, 4.07986, 3.17837, 1.9344, 1.82404, 2.14622, 2.611, 2.01697, 2.19307, 2.4524, 2.73762, 2.95077, 2.9082, 2.06974, 1.36249, 1.67117, 1.10978, 0.725847, 1.65634, 1.54401
0.8, 0.0319375, 1.20321, -0.0507043, -1.35521, -0.130276, 1.18747, 0.916434, 1.88748, 2.67773, 2.04087, 2.53788, 2.80771, 4.01637, 3.18094, 1.85103, 1.95559, 1.97945, 2.55011, 1.99339, 1.92451, 2.57544, 2.46624, 2.92148, 2.49129, 2.28537, 1.41498, 1.27085, 0.790695, 0.525712, 1.49188, 1.7996
0.82, 0.0319375, 1.13204, 0.091036, -1.19471, 0.108497, 1.11374, 0.719639, 1.78546, 2.45953, 2.579, 2.76884, 2.8994, 3.73854, 2.79151, 1.98661, 1.90808, 1.78401, 2.18218, 1.91345, 1.69931, 2.6612, 2.5627, 3.378, 2.5667, 2.29553, 1.20579, 0.909697, 0.558055, 0.601964, 1.57893, 1.66558
0.84, 0.0319375, 0.861104, -0.0734308, -1.18123, -1.16178, 1.30807, 0.328579, 1.56934, 3.00962, 1.73936, 2.61266, 2.3934, 3.50418, 3.58604, 1.42785, 1.1831, 2.32277, 2.43034, 1.70189, 2.15902, 2.85765, 2.83171, 3.27775, 2.91169, 2.35867, 1.63282, 1.31395, 0.96535, 0.975807, 2.06761, 1.99772
0.86, 0.0319375, 0.84721, -0.175382, -1.41024, -0.212574, 1.10136, 0.981673, 1.78686, 2.7119, 2.41295, 2.38278, 2.08504, 3.65691, 3.53226, 2.09683, 1.70002, 2.28316, 2.6987, 2.20426, 2.02209, 2.71848, 2.88323, 2.96329, 2.51143, 1.87984, 1.04539, 1.24613, 0.831634, 0.739462, 1.54178, 1.41394
0.88, 0.0319375, -0.618211, 0.317387, -1.83635, -1.38366, 1.22006, 0.323518, -0.0953123, 2.7541, 1.73196, 2.60331, 2.79427, 3.1427, 3.80176, 0.764245, 0.410396, 2.38939, 1.62257, 1.60938, 2.24805, 2.51882, 2.53505, 2.6186, 2.85021, 2.58291, 1.49689, 1.6213, 0.960201, 0.665968, 1.40492, 1.72324
0.9, 0.0319375, -0.190982, 0.348316, -2.04669, -1.92541, 1.14484, 0.248674, -0.587657, 2.83659, 1.89692, 2.20502, 2.59911, 2.69306, 3.73712, 0.803601, 0.676087, 2.42459, 2.05111, 1.51622, 1.90138, 2.85827, 2.78682, 2.85287, 2.78785, 2.47148, 1.47967, 1.31001, 0.728419, 1.01935, 1.85894, 2.21224
0.92, 0.0319375, 0.778448, 0.435257, -1.54325, -0.225122, 1.22258, 0.330803, 0.324401, 2.58425, 2.17564, 2.91688, 2.57037, 3.53852, 3.59565, 1.81976, 1.08384, 2.22405, 2.29521, 2.23876, 2.25173, 2.36833, 2.27666, 2.62459, 2.69179, 2.52459, 1.33861, 1.87589, 1.51402, 1.02545, 1.37526, 1.53016
0.94, 0.0319375, 1.06779, -0.17244, -0.62793, -0.12859, 0.350547, 1.5169, 1.62849, 2.08198, 2.66503, 2.24822, 2.7339, 3.36859, 3.7692, 2.66821, 2.09441, 2.24043, 3.21484, 2.77523, 2.20935, 2.56242, 2.55389, 2.71681, 2.66551, 2.05412, 1.26539, 1.25336, 1.02373, 0.808121, 1.24469, 1.42319
0.96, 0.0319375, 0.743436, -0.0233311, -1.01564, -0.107641, 0.925349, 0.875638, 1.70589, 2.39536, 2.28944, 2.50205, 2.00658, 3.56197, 3.10281, 1.89205, 1.41464, 1.79798, 2.66133, 2.68834, 1.97111, 2.30178, 2.56341, 2.96451, 3.19898, 2.20265, 1.71881, 1.67276, 1.14132, 0.727409, 1.37092, 1.28507
0.98, 0.0319375, 0.955269, 0.067337, -0.424863, -0.274663, 0.505317, 1.31052, 1.09356, 1.61329, 2.21136, 2.40976, 2.45563, 3.59076, 3.49453, 2.32235, 2.09207, 2.75929, 3.57085, 2.62761, 2.33602, 2.73585, 2.32489, 2.79786, 2.74487, 2.21263, 1.55943, 1.69847, 1.27794, 1.11371, 1.6558, 1.81241
1, 0.0319375, 0.918503, 0.303231, -0.148985, 0.219928, 0.247037, 0.818706, 2.09842, 2.14273, 2.15699, 2.19333, 2.32976, 3.52573, 3.67822, 2.22967, 1.78382, 2.21398, 3.29505, 2.32806, 1.9714, 2.27874, 2.48241, 3.06902, 2.66268, 1.99798, 1.47699, 1.54017, 1.23245, 0.890496, 1.78653, 1.74455
1.02, 0.0319375, 1.36581, 0.0158891, -0.522154, -0.207436, 0.811282, 0.465697, 1.67534, 1.97386, 2.35014, 2.48459, 2.41119, 3.0157, 3.1769, 2.3152, 1.92476, 2.10539, 2.64982, 2.36272, 1.85069, 2.50143, 2.35062, 2.55586, 2.33947, 1.946, 1.30159, 1.69959, 1.33792, 1.03815, 1.98159, 1.76464
1.04, 0.0319375, 1.64216, 0.535268, -1.48861, -0.408616, 0.604694, 0.315431, 1.58034, 2.18026, 2.35795, 2.90823, 2.09583, 3.06415, 3.03873, 2.09907, 1.72194, 2.05969, 2.85864, 2.01241, 2.33354, 2.58521, 2.90147, 3.11029, 3.01874, 2.52057, 1.7774, 1.95493, 1.48491, 1.25504, 2.29425, 2.23332
1.06, 0.0319376, 0.989621, 0.430176, -1.73961, 0.0960454, 0.355372, -0.462672, 1.82931, 2.23388, 2.14682, 2.53144, 1.37037, 3.18071, 2.67623, 1.5829, 0.76619, 1.96697, 2.64964, 2.03943, 1.97905, 2.37033, 2.63701, 3.03037, 3.01955, 2.62682, 1.63924, 1.92112, 1.58661, 1.33577, 2.00326, 1.8217
1.08, 0.0319375, 1.55967, 0.405432, -0.777313, -0.20487, 0.00336355, 0.578556, 1.02896, 1.55526, 2.67027, 2.20762, 1.95381, 1.83194, 2.91473, 1.7913, 1.21927, 2.09841, 2.93496, 2.24949, 2.06723, 2.54004, 2.55783, 2.82597, 2.6791, 2.30439, 1.51415, 2.01318, 1.77345, 1.51663, 2.31207, 2.15924
1.1, 0.0319375, 1.38694, 0.175707, -1.00357, 0.127829, -0.389654, 0.412066, 0.345152, 1.41895, 2.47289, 1.60822, 2.17956, 2.29365, 2.31832, 0.997007, 0.871854, 2.21867, 3.02957, 2.03522, 1.92166, 2.22975, 2.05671, 2.28636, 3.06119, 2.73644, 1.84831, 2.10475, 1.69736, 1.37591, 2.36945, 2.47958
1.12, 0.0319375, 1.57707, -0.166201, -1.40647, 0.0898408, -0.0976711, 0.584096, 0.601933, -0.102674, 1.34756, 1.78779, 2.56702, 2.78848, 3.21192, 2.12931, 0.579227, 1.9258, 3.42292, 2.65677, 1.83145, 1.60157, 2.09738, 2.64002, 3.31738, 2.98722, 1.84516, 2.32445, 2.01253, 1.87694, 2.74366, 2.56382
1.14, 0.0319375, 1.58575, -0.336751, -1.61796, -0.168407, -1.17406, -0.0195831, 0.621922, 0.446998, 1.90908, 1.29789, 2.20293, 1.56555, 2.00296, 0.965491, 0.471246, 1.59294, 2.49836, 2.45755, 1.71091, 1.58314, 1.5819, 2.69562, 2.85721, 2.67292, 1.93813, 2.14852, 1.86478, 1.5688, 2.66327, 2.58433
1.16, 0.0319375, 1.42027, -0.762275, -0.62387, 0.0921015, -1.58664, 0.620519, 0.325213, 0.767517, 1.49181, 2.27966, 2.1265, 1.91487, 1.802, 0.93609, -0.14248, 2.27419, 2.6919, 2.29166, 1.33735, 1.50356, 1.81432, 2.5273, 2.81452, 2.55677, 1.59318, 1.59467, 1.59223, 1.3844, 2.33379, 2.1821
1.18, 0.0319376, 0.603854, -0.815118, 0.61979, -0.477576, -2.0657, -0.561172, 0.684329, 1.88411, 1.51768, 2.56429, 1.84005, 1.97191, 3.03578, 1.57777, 0.505685, 1.3486, 2.16857, 1.75942, 0.602372, 1.16014, 1.72423, 2.23977, 2.03468, 1.42898, 0.553141, 1.07154, 0.828992, 0.193868, 1.03027, 1.26673
1.2, 0.0319375, -0.929723, 0.664989, 0.72658, -1.741, -2.46597, 0.0973292, 1.20215, 0.440546, 1.31949, 2.48721, 1.61902, 2.08633, 2.19371, 0.769065, 0.736477, 0.632583, 1.40688, 0.716565, -0.333356, 0.617253, 0.835276, 0.9086, 0.616881, -0.0272927, -0.435744, -0.704702, -0.897954, -1.35782, -0.676903, -0.289554
1.22, 0.0319375, -1.37433, -1.0038, -1.5701, -3.09675, -3.27612, -2.40464, -1.82364, -2.02764, -1.65506, -0.564758, -1.18634, -0.283829, -0.0813913, -0.752668, -0.944848, -1.98941, -1.31867, -1.43894, -1.96467, -1.54984, -1.08854, -0.816414, -1.17757, -1.76697, -2.04027, -2.08679, -2.43485, -2.1815, -1.51063, -1.54011
1.24, 0.0319375, -1.83535, -1.48942, -2.16456, -2.49863, -0.765499, -0.876193, -2.80658, -2.65142, -1.81804, -0.27823, 0.0834715, -0.929249, -0.712695, -1.51794, -1.65684, -1.58804, -1.09089, -1.36234, -1.98986, -1.7204, -1.28937, -1.26804, -1.4056, -1.4148, -2.01605, -1.99945, -2.67203, -2.38943, -1.9967, -1.82797
1.26, 0.0319375, -2.20575, -2.29571, -2.52418, -2.93205, -0.433588, 0.358457, -1.15049, -1.14541, -0.467764, 0.210933, 0.490371, -0.159893, -1.38024, -1.96771, -0.915318, -0.292274, -0.406509, -1.33468, -1.54528, -1.24073, -1.19075, -0.739444, -0.859494, -0.678875, -0.875115, -1.50956, -1.95627, -1.97905, -1.55343, -1.28963
1.28, 0.0319375, -2.17618, -1.61987, -2.35242, -3.25931, -0.803757, 0.721338, -1.30362, -0.296214, 0.39818, -0.607172, -0.350299, -0.446451, -2.53502, -2.70327, -1.06492, -0.223359, -0.698794, -0.901527, -1.75156, -1.82025, -1.48135, -0.789285, -0.406215, -1.03839, -1.13656, -1.35804, -1.62022, -1.31842, -1.13451, -0.472407
1.3, 0.0319376, -1.45646, -1.08678, -1.68631, -3.36943, -0.0887573, 0.714749, -0.652334, 0.194789, 0.519459, 0.0487693, -0.190141, -0.925838, -2.19093, -1.8707, -0.315107, -0.38484, -0.476316, -1.44061, -1.90248, -1.92968, -1.36559, -1.47609, -0.192703, -0.599101, -0.95696, -0.895848, -1.795, -1.36209, -1.3109, -0.682126
1.32, 0.0319375, -0.967674, -0.406765, -3.01462, -3.1278, 0.538644, 0.33299, -0.756994, 1.22419, 0.912807, -0.653583, 0.155377, -1.84337, -1.34047, -1.18977, -0.0843788, -0.335098, -0.147987, -0.580865, -1.45427, -1.71026, -1.72894, -1.1216, -0.249462, 0.157972, -0.797075, -1.04928, -1.51022, -1.57687, -1.19662, -0.5552
1.34, 0.0319375, -0.97598, -0.4949, -2.14405, -1.40758, 0.438574, -0.715299, -0.802622, 0.767422, 0.283647, 0.680831, -0.25735, -1.91582, -1.92619, -0.863954, -1.09733, -0.775667, 0.224807, -0.727207, -2.06227, -1.85243, -2.1892, -1.5563, -0.230376, -0.172341, -1.01989, -1.3835, -1.64236, -1.6667, -1.40332, -0.410774
1.36, 0.0319375, -1.54428, -2.01027, -2.65669, -0.469811, -0.528559, -2.08133, -0.850392, 0.157932, 1.00467, 0.646961, -1.90111, -2.44376, -0.93807, -1.38721, -1.02695, 0.2173, -0.2739, -1.62636, -2.01962, -2.29921, -2.34516, -1.7361, -1.01424, -0.660478, -1.426, -1.51936, -1.75802, -1.8882, -1.80548, -0.991165
1.38, 0.0319375, -1.12089, -2.16078, -2.09652, -0.758641, -2.08662, -2.16576, -1.15113, 0.388581, 1.20182, -1.37855, -2.74447, -2.12687, -1.99695, -2.44046, -1.19787, -1.00942, -1.26522, -1.98442, -2.81141, -3.14082, -2.98907, -1.90448, -1.84066, -1.97339, -2.43992, -2.29125, -2.62947, -2.51251, -2.27316, -1.54521
1.4, 0.0319375, -1.91516, -1.58995, -0.71934, -1.8454, -2.6868, -2.18384, -0.61642, 0.999879, 0.176905, -2.28894, -3.30401, -3.58891, -3.20804, -3.76583, -3.19898, -1.98147, -2.24718, -3.09435, -3.3776, -3.87093, -3.42643, -3.54319, -2.92351, -2.87167, -3.31268, -3.52031, -3.56424, -3.67411, -3.02621, -2.70389
1.42, 0.0319376, -2.72478, -2.81326, -3.09309, -3.73447, -3.70421, -3.66364, -2.92981, -2.14901, -2.01765, -3.19266, -4.03078, -3.97158, -3.94021, -4.38713, -3.34959, -3.53, -3.47307, -4.15757, -4.32036, -4.17821, -3.95467, -3.54081, -3.66123, -3.68411, -3.68616, -3.64237, -4.21029, -4.01667, -3.696, -3.69532
1.44, 0.0319375, -4.1007, -4.07697, -3.82572, -4.52986, -4.00853, -4.79093, -4.3968, -3.09514, -2.9568, -4.3934, -5.08273, -4.53463, -4.81325, -4.9867, -4.58187, -3.87441, -4.1015, -4.66815, -4.9694, -4.76611, -4.61274, -4.15037, -4.05184, -4.33734, -4.24599, -4.06543, -4.10687, -4.07565, -4.26894, -4.103
1.46, 0.0319375, -3.78355, -5.12313, -4.47334, -4.51441, -4.51521, -5.25413, -4.72143, -3.64146, -3.51414, -4.66974, -4.98146, -4.74657, -5.31045, -4.88002, -5.05722, -4.16288, -4.3813, -4.47423, -4.46943, -4.37409, -4.40031, -4.44113, -4.27153, -4.56505, -4.37165, -4.4741, -3.93329, -3.89341, -3.87124, -3.85731
1.48, 0.0319375, -4.40218, -5.20441, -5.3823, -4.49696, -4.64951, -5.15851, -4.88586, -4.45306, -4.18599, -4.50287, -4.88506, -4.96722, -5.29477, -5.12374, -4.75401, -4.36859, -4.61063, -4.50773, -4.65483, -4.74651, -4.57607, -4.59945, -4.64636, -4.29776, -4.42639, -4.49601, -3.9929, -4.1536, -4.04425, -3.96185
1.5, 0.0319375, -4.01325, -4.96104, -5.16578, -5.30104, -4.63475, -4.43663, -4.93788, -4.56607, -4.64908, -5.34757, -4.88865, -5.06695, -5.08527, -4.81029, -4.87531, -4.74613, -4.76756, -4.83253, -4.72979, -4.48784, -4.39654, -4.58682, -4.6915, -4.25843, -4.07493, -3.9176, -4.07907, -3.9814, -3.93748, -3.95419
1.52, 0.0319375, -3.05568, -3.23818, -3.83886, -3.85529, -3.46669, -2.32904, -1.97388, -0.739024, -0.233259, -0.691819, -1.103, -1.53908, -1.87441, -2.03454, -1.99517, -1.89379, -1.73076, -2.33308, -2.42288, -1.78719, -1.97083, -2.57898, -2.7419, -2.7888, -2.8949, -2.14465, -2.61261, -3.77098, -3.18899, -2.99397
1.54, 0.0319375, -1.73875, -0.781199, -0.77633, -2.7321, -2.13321, -0.572982, 1.09852, 1.34774, 2.07523, 2.20472, 1.50981, 0.32469, 0.640873, 0.0025665, -0.267111, -0.195689, -0.147904, -0.978215, -0.89037, 0.0426549, 0.382506, -0.170193, -0.184639, -0.307033, -0.724752, -0.794605, -0.977258, -2.04766, -1.36568, -1.29212
1.56, 0.0319376, -2.58528, -1.84496, -0.0747705, -0.749056, -2.29567, -2.07801, 1.19833, 2.7089, 0.803777, 0.249281, 2.10769, 1.22844, -0.685315, 0.42957, -1.19592, 0.135591, 0.0884156, -0.467572, -0.286322, 1.40695, 0.822756, 0.725924, 0.417851, 0.437448, 0.286773, 0.317693, 0.464576, -0.181564, 0.31737, 0.395715
1.58, 0.0319375, -3.80442, -3.10698, -0.584845, 0.305773, -1.56739, -2.10294, -0.717985, 2.97643, 3.03575, -0.0776824, 0.423432, 2.13673, 0.528088, -0.434381, 0.740928, -0.478469, 1.28029, 0.376514, 0.660165, 0.860535, 1.58483, 0.560799, 0.661425, 0.863281, 0.387325, 0.620373, 0.843855, 0.623201, 0.797787, 0.999608
1.6, 0.0319375, 0.231042, -1.41363, -0.695603, 0.630585, -1.37176, -0.341415, -0.597208, 2.33768, 3.3632, 2.53702, 2.20599, 1.57021, 1.17565, 0.996437, 1.21196, 0.685062, 0.833956, 0.471924, 0.0877272, 1.37234, 1.56261, 0.761561, 0.608997, 0.864487, 0.269511, 0.0358525, 0.414927, 0.515614, 0.764313, 0.775931
1.62, 0.0319375, 0.958746, -1.42644, -0.739141, 0.584375, -1.47608, -0.268498, -0.496859, 1.92674, 2.59256, 3.05525, 3.25823, 1.35151, 0.722416, 0.735603, 1.4815, 0.157244, -0.294637, -0.234137, 0.639138, 1.52817, 1.4983, 1.41155, 1.11805, 0.867345, 0.729121, 0.466473, 0.156134, 0.035845, 0.500576, 0.332108
1.64, 0.0319375, 1.08515, -0.967935, -1.14618, 0.653799, -0.621909, -1.21351, -0.482814, 1.29944, 3.16034, 2.47732, 3.35457, 1.21309, 1.33385, 0.435786, 0.659404, 0.694471, 0.333804, 0.2494, 0.31155, 1.7561, 1.39747, 1.70407, 1.02805, 0.692816, 0.368193, 0.595087, 0.170654, 0.107235, 0.451913, 0.611184
1.66, 0.0319375, 1.1348, -0.459351, -0.733645, 0.590844, -0.423598, 0.494436, 1.18232, 1.70683, 2.41282, 3.08177, 3.48317, 2.10355, 1.50519, 0.786143, 0.711529, 0.97739, 1.34215, 0.972536, 0.384107, 1.22084, 1.75577, 1.56034, 1.17181, 1.26579, 0.455668, 0.324655, 0.347954, -0.481864, 0.197036, 0.430434
1.68, 0.0319376, 0.994768, -0.627302, -0.80943, 0.562455, -0.419073, 0.597681, 1.27703, 1.7424, 2.11278, 3.06577, 3.3802, 2.09532, 1.68153, 1.07178, 0.885461, 1.11189, 1.50969, 1.1014, 0.429561, 1.2672, 1.63032, 1.55171, 1.08056, 1.33143, 0.277276, 0.198073, 0.12694, -0.180551, 0.610898, 0.718911
1.7, 0.0319375, 0.277059, -0.513345, -0.708832, 0.490865, 0.829685, 1.33725, 1.36889, 1.28919, 2.38167, 2.54019, 3.00873, 2.4233, 1.91319, 1.08351, 0.649311, 1.1504, 1.67117, 0.963747, 0.682998, 1.09769, 1.56988, 1.25511, 0.918689, 0.969359, 0.302915, -0.0338888, 0.00225897, -0.396299, 0.212609, 0.327917
1.72, 0.0319375, 0.830748, -0.445425, -0.756654, 0.412817, -0.223117, 0.542557, 1.10099, 1.65997, 1.8504, 2.83227, 3.29223, 2.09184, 1.70291, 0.927397, 0.170094, 0.903411, 1.39186, 1.21191, 0.605097, 1.61322, 1.69949, 1.48452, 0.958358, 1.00893, 0.342514, 0.11827, -0.0659122, -0.409588, 0.555667, 0.74797
1.74, 0.0319375, 1.02745, -0.40665, -0.628299, 0.516762, -0.0370034, 0.867606, 1.4236, 1.69504, 2.31602, 2.89445, 3.18751, 2.45416, 1.9544, 1.1072, 0.0745201, 1.208, 1.76421, 1.20586, 0.54277, 1.66997, 1.77134, 1.62735, 1.36496, 1.28931, 0.536485, 0.0699569, 0.104575, 0.0164392, 0.797931, 0.884156
1.76, 0.0319375, 0.327968, -0.790085, -1.13497, 0.406362, 0.365856, 1.44183, 1.72381, 1.42219, 1.82689, 2.47649, 2.99849, 2.82479, 2.02139, 0.983771, 0.59016, 1.32231, 1.70633, 0.845702, 0.607477, 1.3425, 1.6471, 1.54306, 1.29378, 1.12756, 0.188049, 0.0801568, 0.148509, -0.132327, 0.823147, 0.742322
1.78, 0.0319375, 0.111071, -0.802146, -0.947631, 0.614764, 0.566291, 0.55517, 0.731397, 0.83638, 2.42848, 2.31481, 3.07728, 1.96398, 2.05316, 0.916793, 0.103699, 0.731231, 1.97406, 1.31784, 0.977095, 1.23059, 1.50275, 1.59028, 1.39059, 1.32314, 0.407168, 0.0868239, 0.375193, 0.291857, 0.690946, 0.648058
1.8, 0.0319376, 0.161705, -1.38042, -1.67305, 0.61975, 0.0886468, -0.597245, 0.666518, 0.169287, 2.34494, 1.75608, 2.96645, 2.1762, 2.29567, 0.866636, 0.497353, 0.980292, 2.2128, 1.18183, 0.622746, 1.42331, 1.67171, 1.83703, 1.33239, 1.2939, 0.314725, -0.124015, 0.064349, 0.0857887, 0.974345, 0.770636
1.82, 0.0319375, 0.0300744, -0.778654, -0.868302, -0.234627, 0.817564, 1.47387, 1.9009, 1.99708, 1.85994, 2.26863, 2.50362, 2.83012, 2.32655, 0.817012, 0.511605, 1.47324, 1.80998, 1.00887, 0.964576, 1.81629, 2.14506, 1.90788, 1.37435, 1.25508, 0.904809, 0.410055, 0.611105, 0.243969, 1.03055, 1.32584
1.84, 0.0319375, 0.570978, -0.198961, -2.01442, 0.145925, 0.205054, -0.142113, 2.32308, 1.96823, 2.37973, 2.5272, 2.21763, 3.0179, 2.22515, 1.47226, 1.29555, 1.46115, 1.60358, 1.5028, 1.54412, 2.42493, 2.22523, 2.36583, 1.54419, 1.60892, 0.925331, 0.951642, 0.863087, 0.427979, 1.55864, 1.8096
1.86, 0.0319375, 0.950641, -0.168107, -0.869295, 0.0496038, 0.124221, 0.541778, 2.3674, 1.58457, 2.46996, 2.24342, 2.21404, 2.7188, 2.70033, 1.3745, 1.0573, 1.67173, 1.6113, 1.68191, 1.6969, 2.36189, 2.3371, 2.33072, 1.80021, 1.70752, 1.14157, 0.935365, 1.03982, 0.655345, 1.71531, 1.90225
1.88, 0.0319375, 0.131654, -0.54957, -2.2075, -0.284089, 0.724542, -0.997692, 2.01438, 2.46029, 0.770258, 1.77815, 1.17417, 3.29261, 1.6969, 1.44749, 1.07388, 1.69297, 1.97205, 1.41653, 1.50051, 2.05631, 2.30977, 2.25783, 2.10112, 1.81428, 1.06623, 0.827835, 1.20704, 1.08674, 1.9774, 1.97372
1.9, 0.0319375, 0.000112527, -0.420795, -2.44448, -0.430979, 0.544871, -1.03401, 1.95988, 2.57206, 0.57103, 1.50235, 0.934669, 3.35134, 1.68303, 1.38952, 0.494446, 1.2106, 1.96157, 1.38977, 1.62024, 2.02092, 2.48824, 2.22881, 1.8942, 1.47728, 0.948394, 0.881949, 1.10256, 0.786693, 1.82325, 1.84009
1.92, 0.0319376, -0.26259, -0.64702, -1.8205, -0.41947, 0.659695, -1.0672, 1.83183, 2.71148, 0.14446, 1.60989, 0.712378, 3.20057, 1.92033, 1.44528, 0.501054, 1.34483, 2.07562, 1.18721, 1.67461, 2.1856, 2.56581, 2.37997, 1.82989, 1.68472, 1.29744, 1.05488, 1.60443, 1.27988, 2.21613, 2.16719
1.94, 0.0319375, -0.230252, -0.936513, -2.44094, -0.467565, 0.509917, -1.36635, 1.76901, 2.37072, 0.0118381, 1.3558, 0.852218, 3.218, 1.47749, 1.55595, 0.0254692, 1.83183, 2.50326, 1.39213, 1.47844, 2.03642, 2.41865, 2.29908, 1.92473, 1.76596, 1.21266, 0.856964, 1.29732, 1.14307, 2.27383, 2.30979
1.96, 0.0319375, 0.147419, -0.202517, -0.65855, -0.165367, 0.692652, 0.714759, 1.60589, 2.47053, 2.1435, 1.91142, 2.37174, 3.22813, 2.95561, 1.75031, 1.27409, 2.5394, 2.80633, 1.88851, 1.95414, 2.58237, 2.54823, 2.3614, 2.19965, 1.9234, 1.34324, 0.731435, 0.943572, 0.643653, 1.7498, 1.895
1.98, 0.0319376, 0.235402, -0.156586, -1.57228, -0.540606, 0.475996, -0.734396, 1.79035, 2.51841, -0.16879, 1.03031, 0.560518, 3.19451, 1.40312, 1.3247, 0.185131, 1.60552, 2.37642, 1.73233, 1.64831, 2.25321, 2.59009, 2.24717, 1.83888, 1.58088, 1.13937, 1.27382, 1.67774, 1.27939, 2.35039, 2.38005
2, 0.0319376, -0.290651, -0.747567, -2.08119, -0.670903, 0.701021, -0.886662, 1.6287, 2.52612, -0.0343354, 1.46055, 0.436421, 3.24149, 1.91511, 1.45606, 0.216532, 1.63634, 2.7721, 1.43297, 1.45745, 2.26873, 2.54237, 2.47194, 2.20607, 1.97618, 1.41685, 1.04527, 1.42674, 1.32221, 2.50457, 2.44245
2.02, 0.0319376, 0.110765, -0.448458, -2.87929, -0.583017, 0.440821, -1.53416, 1.7343, 2.51059, -0.189716, 1.13899, 0.447466, 3.10366, 1.58412, 1.06561, 0.431361, 1.37815, 2.43101, 1.6762, 1.55604, 2.22471, 2.49999, 2.31248, 2.08847, 1.70734, 1.43725, 1.22669, 1.63246, 1.25348, 2.23832, 2.11698
2.04, 0.0319376, -0.076341, -0.418289, -1.93358, -0.553057, 0.469884, -1.30231, 1.7359, 2.48512, 0.0836977, 1.25321, 0.619088, 3.18002, 1.73921, 0.864583, 0.150564, 1.44541, 2.39261, 1.68701, 1.61075, 2.23622, 2.47873, 2.27518, 2.04967, 1.8553, 1.31858, 1.29404, 1.65895, 1.28659, 2.27004, 2.05569
2.06, 0.0319376, 0.219776, -0.277852, -2.19323, -0.54288, 0.447598, -1.19419, 1.82367, 2.42723, -0.272274, 0.591769, 0.610927, 3.17962, 1.58254, 0.748966, 0.306004, 1.62807, 2.37717, 2.04511, 1.59219, 2.38137, 2.60825, 2.22136, 2.33798, 1.90084, 1.2385, 1.40399, 1.90386, 1.39168, 2.41891, 2.39288
2.08, 0.0319376, 0.37824, -0.321593, -2.53686, -0.489149, 0.364572, -1.37928, 1.82787, 2.35302, -0.144797, 0.625643, 0.579363, 3.02819, 0.93842, -0.0351262, 0.373197, 1.46504, 2.24986, 2.01621, 1.57012, 2.29263, 2.37166, 2.23708, 2.33422, 1.93349, 1.30653, 1.40875, 1.63511, 1.21108, 2.28846, 2.3023
2.1, 0.0319376, 0.0249127, -1.10217, -2.85549, -0.527135, 0.519481, -1.3764, 1.56692, 2.15533, 0.0489177, 1.38904, 0.807371, 3.26087, 1.48214, 0.933792, 0.676642, 1.78488, 2.55306, 1.84941, 1.37643, 2.29218, 2.25465, 2.45084, 2.47611, 2.05536, 1.20144, 1.1855, 1.53043, 1.21769, 2.26479, 2.35713
2.12, 0.0319376, 0.80763, 0.0821704, -0.649158, -0.0670356, 0.402356, 0.860711, 1.48079, 2.19038, 2.21045, 1.7051, 2.13636, 2.97921, 2.63919, 1.67349, 1.5071, 2.6724, 2.63748, 2.19814, 1.52451, 2.0187, 2.03754, 2.53275, 2.30249, 2.03704, 1.28794, 0.977796, 0.837486, 0.594993, 1.58813, 1.6735
2.14, 0.0319374, 0.242718, -0.12022, -0.879517, -0.166025, 0.524646, 1.26347, 1.50498, 1.74042, 2.0863, 2.5687, 2.40483, 2.6833, 2.71707, 2.08563, 1.12461, 2.54007, 3.01342, 2.00754, 1.37608, 2.39646, 2.2258, 2.52679, 2.60669, 2.36989, 1.46087, 1.27145, 1.201, 0.737645, 1.73941, 1.7832
2.16, 0.0319374, 0.736726, -0.409963, -1.61988, -0.0496895, 0.66792, -0.501473, 1.9451, 2.28597, 1.42539, 1.80079, 2.07244, 3.40197, 2.17609, 1.71586, 1.47096, 2.4356, 2.45231, 1.71129, 1.3252, 2.39297, 2.27526, 2.75876, 2.62757, 2.25102, 1.26134, 1.22938, 1.19724, 1.0372, 1.96011, 1.83381
2.18, 0.0319374, 0.982265, 0.0717556, 0.0942706, -0.471548, 0.491003, 1.04675, 1.64761, 2.17259, 1.86281, 2.59911, 2.56734, 2.94962, 3.34134, 2.25571, 1.85439, 2.73783, 2.95423, 1.47784, 1.38892, 1.9325, 1.88365, 2.28086, 2.18001, 1.96625, 0.820807, 0.473939, 0.566398, 0.304057, 1.21286, 1.23027
2.2, 0.0319374, 0.673635, -0.102818, -0.536733, -0.262488, -0.0178917, 1.07378, 1.99695, 1.32312, 1.42959, 2.46911, 2.7626, 3.16206, 2.63393, 1.97317, 1.09093, 2.25846, 1.9224, 1.65444, 1.51197, 2.1833, 1.93603, 2.39439, 2.35867, 2.37733, 1.38217, 1.419, 1.32745, 1.16417, 2.01776, 2.07152
2.22, 0.0319374, 0.662519, 0.0627498, -0.302182, -0.242102, -0.312004, 1.21314, 1.61883, 1.79138, 1.49489, 2.53514, 2.77014, 2.91158, 2.00291, 1.19165, 1.17379, 2.26821, 2.30447, 1.71944, 1.49171, 2.14694, 1.79946, 2.08973, 2.42334, 2.05289, 1.08475, 1.18121, 1.24405, 1.06894, 1.8729, 1.98212
2.24, 0.0319376, 0.282011, 0.374785, -0.16522, 0.214495, 0.0316819, 1.03595, 1.43725, 1.52241, 1.73774, 2.08977, 2.49609, 3.06714, 3.09943, 2.03011, 1.43133, 1.94036, 1.81504, 1.42455, 1.50728, 1.90263, 1.68742, 2.19298, 1.938, 1.70566, 1.08431, 0.851007, 0.913045, 0.556853, 1.46009, 1.67484
2.26, 0.0319376, -0.175059, -0.252602, -0.852453, -0.026898, 0.518479, 1.21059, 1.21755, 1.12355, 1.6711, 1.98695, 2.50327, 2.60864, 2.4292, 1.28234, 0.931891, 2.1321, 2.21338, 1.3761, 1.52214, 1.29075, 1.44783, 2.03846, 2.0459, 1.81025, 0.90823, 0.934765, 0.631736, 0.589375, 1.70219, 1.82729
2.28, 0.0319376, 0.159876, -0.409494, -0.0822082, 0.457468, -0.209075, -0.256002, 0.560172, 1.82605, 2.05307, 2.30692, 2.04398, 2.2781, 2.14921, 1.41717, 1.77577, 1.82366, 1.99776, 1.36725, 1.03271, 1.09761, 1.71747, 2.17398, 1.96847, 1.4062, 0.590996, 0.685414, 0.312568, 0.0623896, 1.11617, 1.1848
2.3, 0.0319376, 0.550285, -1.81072, 0.114051, 0.075204, -2.44533, -1.18895, -1.1804, 2.13662, 1.47655, 2.53277, 1.38353, 1.82396, 2.25966, 1.71278, 1.2727, 1.15114, 1.1652, 0.929589, 0.595623, 1.14755, 1.27418, 1.91554, 1.35065, 1.20765, 0.87551, 0.314468, -0.0194456, -0.149061, 1.22925, 1.01757
2.32, 0.0319376, -0.143085, -1.7996, 0.649781, 0.100898, -1.98301, -0.474331, 0.311002, 2.57383, 1.34106, 1.67194, 2.51607, 2.40786, 1.91601, 1.53453, 0.853708, 1.2757, 1.70989, 0.975345, 0.807233, 1.43044, 1.31467, 1.52011, 1.78967, 1.39276, 0.759911, 0.356433, 0.143091, -0.0192777, 0.738926, 0.873049
2.34, 0.0319376, -0.951831, 0.799146, 0.94849, -1.02535, -1.78036, 0.30226, 1.74006, 1.66035, 1.51056, 2.59692, 2.43547, 2.06926, 2.14072, 1.35674, 0.689213, 1.09135, 1.16589, 0.539005, -0.019773, 0.239135, 0.747612, 1.24812, 1.24499, 0.630275, 0.172846, -0.319109, -0.412824, -0.782448, -0.245698, -0.242232
2.36, 0.0319376, -1.38701, -0.511769, -1.22468, -2.4929, -3.68246, -2.04402, -1.56066, -1.58531, -1.33534, -0.730166, -0.612704, -0.870442, -0.749762, -0.588714, -1.47569, -1.27043, -1.351, -2.50157, -2.5022, -1.74009, -1.48655, -1.20057, -1.25501, -1.79268, -2.12431, -2.56611, -2.64743, -2.62129, -2.26866, -2.21847
2.38, 0.0319374, -2.50525, -1.69396, -2.72409, -2.55414, -0.506386, -0.781617, -1.86234, -0.744188, -1.35596, -0.754042, -0.257337, -1.12908, -1.10248, -1.0746, -1.39558, -1.37308, -1.04765, -1.17413, -2.01867, -2.01022, -1.41162, -1.12507, -1.02755, -1.19931, -1.67128, -1.99121, -2.18208, -2.16978, -1.80421, -1.90478
2.4, 0.0319374, -1.91837, -1.35965, -2.64945, -3.49975, -0.277127, 0.7805, -0.816832, -0.456147, -0.793707, -0.614433, 0.151221, -0.354197, -1.90674, -1.84849, -0.725578, -0.0677328, -0.294116, -1.16, -1.2369, -1.34182, -1.5797, -0.564585, -0.153839, -0.547329, -1.20868, -1.39979, -1.62769, -1.63452, -0.87812, -0.998767
2.42, 0.0319374, -0.997344, -1.7402, -2.17509, -2.39721, 0.368691, 1.06229, -0.534599, -0.355697, 0.724782, -0.213234, 0.392263, -0.516128, -2.12894, -1.5335, 0.167493, -0.0649519, -0.261106, -0.892167, -1.21607, -1.51656, -0.792834, -0.753921, 0.0542015, -0.305662, -1.15512, -1.0242, -1.2515, -1.23109, -0.802083, -0.643834
2.44, 0.0319374, -1.16852, -0.697906, -2.55622, -1.75321, 0.795763, -0.0519218, -0.107936, 1.43126, 0.701001, 0.425798, 0.202365, -1.30415, -1.50809, -0.837604, -0.38665, 0.198588, -0.161693, -1.28719, -1.92547, -1.83742, -1.30449, -0.387761, 0.280448, -0.0422966, -0.435847, -0.527759, -1.07258, -1.00547, -1.07387, -0.555934
2.46, 0.0319374, -1.45335, -1.84791, -2.36793, -0.562438, 0.212814, -1.28104, 0.0332734, 0.744989, 0.567183, 0.899846, -0.94908, -1.85988, -1.78608, -1.36847, -1.54139, -0.937829, -0.666058, -1.5666, -2.22616, -1.92395, -1.89213, -1.37945, -0.289185, -0.284384, -0.469997, -0.897875, -1.27388, -1.13255, -0.981856, -0.40098
2.48, 0.0319376, -0.388777, -0.850522, -1.67322, -0.697356, -0.522382, -0.00477001, 0.833199, 1.09949, 1.06008, 0.421026, -0.783454, -1.48628, -1.70069, -1.36449, -1.13804, -0.599689, -0.811191, -1.69072, -2.17609, -2.53592, -2.23664, -1.49373, -0.283038, -0.513119, -0.539298, -1.14754, -1.65496, -1.51, -0.905894, -0.80473
2.5, 0.0319376, 0.75082, -0.951131, -1.15412, -1.15381, -1.22972, 0.349558, 0.677765, 1.46732, 1.3283, 0.00205615, -0.839188, -1.30376, -1.62526, -1.61322, -1.00074, -0.72213, -0.545584, -1.76968, -2.10047, -2.67713, -2.96648, -2.37648, -1.38335, -1.32868, -1.6017, -1.54749, -2.35877, -2.21006, -1.18554, -0.768016
2.52, 0.0319376, -0.699087, -1.06126, -1.25745, -2.39581, -2.08524, -1.4911, -0.2052, 0.210363, -0.0085814, -1.58248, -2.44615, -3.057, -3.22998, -2.90024, -2.41685, -2.08625, -2.03904, -3.38388, -4.10465, -3.72857, -3.70185, -2.80914, -2.29766, -2.67567, -2.84368, -2.52363, -3.05956, -2.71066, -2.40386, -1.95316
2.54, 0.0319376, -2.05101, -3.09152, -3.06472, -4.0307, -3.80133, -2.8859, -2.96793, -2.85464, -2.70425, -3.64377, -4.04799, -4.1868, -4.90989, -4.02892, -3.84799, -3.89009, -4.11759, -4.72837, -4.67521, -4.69245, -4.51134, -4.17319, -3.91359, -4.28236, -4.35577, -3.9154, -3.97282, -3.76414, -4.16812, -3.96944
2.56, 0.0319376, -3.26109, -3.78669, -5.28398, -5.12282, -4.97639, -4.04876, -3.90357, -3.20384, -3.54644, -4.43126, -4.83369, -5.26963, -5.1291, -5.05931, -4.75197, -4.14735, -4.55116, -5.28358, -5.33599, -5.27262, -4.90864, -4.72127, -4.50756, -4.86385, -4.4069, -4.66451, -4.56796, -4.67529, -4.58244, -4.6328
2.58, 0.0319376, -3.07451, -4.08241, -4.59242, -5.1478, -4.49411, -4.79428, -4.09209, -3.87408, -3.7897, -5.14339, -4.52982, -4.95647, -4.86874, -4.71848, -5.0832, -4.59805, -4.78824, -5.35941, -4.98131, -4.73095, -4.78669, -5.16465, -4.94211, -4.75232, -4.75121, -4.55054, -4.62186, -4.75623, -4.70564, -4.49691
2.6, 0.0319376, -3.54427, -4.48348, -5.17111, -5.18636, -4.84712, -4.57455, -4.58225, -4.66816, -4.23186, -4.77836, -4.96124, -4.77713, -5.01689, -4.93195, -5.01597, -5.19857, -5.34142, -5.50149, -5.00781, -4.98561, -5.20185, -4.90299, -5.06681, -4.79385, -4.91078, -4.68616, -4.46278, -4.51671, -4.47147, -4.48857
2.62, 0.0319376, -3.30216, -3.49996, -3.49889, -3.55914, -3.48549, -2.45367, -1.82284, -1.0039, -0.451249, -0.649111, -1.12597, -1.5974, -1.83968, -2.04488, -2.20376, -2.3009, -2.41241, -3.0895, -3.37736, -2.94941, -2.39899, -2.00215, -1.9937, -2.31536, -3.02227, -3.44498, -3.86089, -4.04076, -3.28107, -3.13583
2.64, 0.0319374, -0.95818, -0.36786, -1.27179, -2.99101, -1.11651, 0.0818798, 0.426956, 1.46661, 2.47875, 2.30211, 1.2506, 0.88805, 0.539297, 0.162825, 0.0638021, -0.0392787, -0.0446835, -1.23072, -1.03732, -0.51466, -0.133406, 0.20375, 0.119752, -0.392813, -1.20256, -0.997889, -1.72884, -2.33244, -1.91754, -1.74347
2.66, 0.0319374, -2.28261, -1.70337, -0.0486767, -1.23135, -2.73282, -1.69758, 1.71048, 2.38625, 0.726638, 1.89202, 2.73081, 0.958497, 0.621622, 1.03137, -0.500458, 0.362274, -0.401188, -0.311344, -0.0274217, 1.07989, 1.24095, 1.24222, 1.00256, 0.324188, 0.251022, 0.56413, 0.0857603, -0.63064, 0.313393, 0.905814
2.68, 0.0319374, -2.9719, -2.83795, -0.0927823, 0.00795305, -2.36918, -2.03425, 0.139085, 3.10799, 2.25057, -0.63063, 1.57534, 2.3725, -0.654722, 0.0973757, 0.0106134, 0.00200083, 1.20853, -0.0852699, 1.03279, 0.639183, 0.864206, 1.39495, 1.12817, 1.03541, 0.292367, 0.505329, -0.0502861, 0.40187, 1.18531, 1.37439
2.7, 0.0319374, -1.72044, -2.28256, -0.769175, 0.436796, -1.44734, -1.23759, -0.9445, 2.86025, 3.13732, 0.375074, 0.168544, 2.19631, 0.888721, 0.206761, 1.34876, -0.20563, 0.892464, 0.153767, 0.610417, 0.546455, 1.09304, 1.05326, 1.41517, 0.731268, 0.288598, 0.447267, 0.00713337, 0.435541, 1.10221, 1.52534
2.72, 0.0319374, 0.462685, -1.80036, -0.056217, 0.368006, -1.90389, 0.318668, -0.834646, 2.7239, 2.46016, 3.06177, 1.72815, 1.99874, 1.31621, 1.31332, 1.33961, 0.841323, 1.10398, -0.108404, 0.106141, 1.37276, 1.14155, 1.66893, 1.55757, 1.14031, 0.662651, 0.514702, 0.293176, 0.0306498, 0.611881, 1.48044
2.74, 0.0319376, 0.891875, -1.95891, -0.420871, 0.663119, -1.21635, 0.265405, -0.281351, 2.2616, 2.45717, 3.27718, 2.66643, 1.8465, 1.22451, 1.50907, 1.96296, 0.76283, 0.888993, 0.543093, 0.972392, 1.59445, 1.70741, 1.63046, 1.34742, 1.20327, 0.65725, 0.320942, 0.0946917, 0.667901, 0.807226, 1.39
2.76, 0.0319376, 1.08354, -1.47526, -0.548195, 0.725099, -1.19476, 0.0439523, -0.268674, 1.95738, 2.54689, 2.89984, 2.95369, 1.79241, 1.07414, 1.21596, 1.71409, 0.637271, 0.516486, 0.324295, 0.876596, 1.35913, 1.68773, 1.74036, 1.49205, 1.01954, 0.762932, 0.76167, 0.519381, 0.495217, 0.796804, 1.15334
2.78, 0.0319376, 1.17913, -0.894535, -0.806547, 0.856627, -0.0297821, 0.199291, 0.912217, 1.37645, 2.2402, 2.73949, 3.35538, 2.17939, 1.78581, 1.12054, 1.29618, 0.966205, 0.964864, 0.942384, 1.06466, 1.34147, 1.5603, 2.26646, 2.21159, 1.15179, 0.71035, 0.850351, 0.0161567, 0.0759151, 0.860291, 1.82405
2.8, 0.0319376, 1.10556, -0.381627, -0.663994, 0.782778, -0.0779195, 0.704629, 1.31545, 2.08285, 2.07917, 2.90951, 3.2255, 2.25321, 2.14192, 1.67032, 1.40645, 1.20816, 1.5083, 1.20249, 1.37851, 1.58751, 1.76934, 2.32705, 2.29451, 1.53648, 1.12754, 1.20192, 0.600576, 0.566343, 1.47344, 2.24539
2.82, 0.0319376, 0.705846, -0.0785441, -0.880068, 0.408444, 0.677743, 0.830368, 2.28381, 2.10723, 2.23831, 2.63009, 3.45175, 3.18791, 2.2953, 1.15931, 1.76073, 1.20744, 1.20354, 1.25731, 1.44264, 1.59702, 1.41305, 1.95045, 1.89336, 1.5748, 0.992302, 0.56518, 0.321173, 0.701, 1.67763, 2.16859
2.84, 0.0319376, 0.673972, -0.385151, -1.20862, 0.458977, 0.735266, 1.2724, 2.0271, 1.67094, 1.65285, 1.86396, 2.9707, 3.17198, 2.22299, 1.46215, 1.22076, 1.32874, 1.68319, 1.26955, 1.35957, 1.81561, 1.56335, 2.19505, 2.12757, 1.6542, 0.922991, 0.747276, 0.314659, 0.633676, 1.61697, 2.42212
2.86, 0.0319376, 0.564206, -0.689463, -0.76867, 0.458255, 0.788891, 1.1931, 1.59646, 1.65368, 1.73954, 2.52079, 3.03699, 2.92792, 1.80235, 1.66548, 1.39114, 1.50401, 2.05608, 1.29637, 1.82436, 1.5536, 1.35, 2.2901, 2.32595, 1.82369, 0.908073, 0.617176, 0.492153, 0.687478, 1.60974, 2.2087
2.88, 0.0319374, 0.645339, -0.102306, -1.0557, 0.425114, 0.631486, 1.23021, 1.6307, 1.86357, 2.14059, 2.56262, 2.89259, 2.60465, 2.1077, 1.74211, 1.33582, 1.44467, 1.888, 1.7625, 1.84774, 1.86967, 1.83959, 2.56597, 2.51668, 1.95576, 1.04308, 0.935319, 0.957427, 1.38448, 1.97693, 2.61368
2.9, 0.0319374, -0.239756, -0.166628, -0.987677, 0.772071, 0.822721, 0.770586, 1.32965, 1.72756, 2.01663, 2.30006, 2.63959, 2.77426, 2.16572, 1.6511, 1.3697, 1.69212, 1.83268, 1.74897, 1.85233, 1.87978, 1.67781, 2.54217, 2.51996, 1.96967, 1.05399, 1.0103, 0.725649, 0.809812, 1.52957, 1.64358
2.92, 0.0319374, 0.578151, -0.304136, -2.58743, 0.218557, 0.784543, 0.00993557, 2.41653, 2.38159, 1.10998, 1.72976, 2.05561, 3.31089, 1.62585, 1.12681, 1.63917, 1.23308, 1.3224, 1.58317, 1.97132, 1.88052, 1.96457, 2.43471, 2.52348, 1.75625, 1.44004, 1.56798, 1.37183, 1.67337, 2.41951, 3.11485
2.94, 0.0319374, -0.175972, -1.16631, -2.24435, 0.0779892, 1.15696, -0.721948, 2.01546, 2.59747, 0.7611, 1.57666, 1.42491, 3.36351, 1.84774, 1.87399, 1.18099, 1.60513, 2.09793, 1.49514, 1.98485, 1.87742, 2.2745, 2.86595, 2.89267, 1.9482, 1.17152, 1.49199, 1.60223, 1.77288, 2.44099, 3.00586
2.96, 0.0319374, 0.587743, -0.834189, -1.14138, 0.381342, 0.740363, 1.04543, 2.26838, 2.25887, 1.75368, 2.2032, 2.61451, 3.30479, 2.03562, 1.44117, 1.25026, 2.1689, 2.11411, 1.6283, 1.85259, 1.97126, 2.12309, 2.47426, 2.71638, 1.67009, 1.22057, 1.38021, 1.22179, 1.67721, 2.0854, 2.68075
2.98, 0.0319376, 0.751827, -0.232474, -0.37495, -0.178198, 1.11527, 1.45126, 1.42531, 2.36317, 1.89162, 1.92824, 2.73619, 2.90298, 2.66718, 1.67242, 1.49783, 1.50357, 1.89979, 1.7417, 1.76585, 1.8366, 1.97493, 2.12006, 2.37688, 1.84884, 0.863272, 1.31088, 0.909142, 1.03637, 1.63317, 2.28879
3, 0.0319376, 0.22922, -1.06593, -0.569684, 0.0281249, 1.25558, 0.877317, 1.97432, 2.46108, 1.98522, 2.0944, 2.669, 3.3651, 2.8435, 1.986, 1.93492, 2.29051, 2.44125, 2.16339, 1.98579, 2.45919, 2.33404, 3.00484, 2.7293, 1.95298, 1.22591, 1.38149, 1.30852, 1.54145, 2.11715, 2.81754
3.02, 0.0319376, 0.0562967, -0.350935, -0.867334, 0.405153, 1.18836, 1.3804, 1.44553, 2.22266, 2.67501, 2.54767, 2.39199, 2.64264, 2.58907, 2.13592, 1.69332, 2.36245, 2.65079, 1.70485, 1.8306, 1.47818, 1.64566, 2.05735, 2.43775, 1.86895, 1.27756, 0.989762, 0.885084, 1.20939, 1.68218, 2.38163
3.04, 0.0319376, 0.340775, 0.133332, -0.911752, 0.612073, 1.24029, 0.678597, 1.99007, 2.00431, 2.3326, 1.88541, 2.75918, 2.94371, 2.93834, 2.01354, 1.49628, 1.86381, 1.6816, 1.53241, 1.81833, 1.9166, 1.73007, 2.10632, 2.09102, 1.31002, 1.12433, 0.934847, 0.333472, 0.548874, 1.26977, 1.70232
3.06, 0.0319376, 0.515508, -0.440485, -0.180195, 0.234802, 0.843418, 1.3806, 2.08852, 2.40888, 1.88975, 2.69762, 2.85009, 3.09371, 2.62276, 1.98138, 1.43284, 1.74425, 1.82218, 1.68352, 1.74559, 2.0579, 1.93031, 2.41238, 2.29825, 1.43444, 0.685475, 0.952318, 0.543262, 1.02163, 1.4964, 1.97332
3.08, 0.0319376, -0.0770666, -0.134158, -0.417008, 0.346705, 1.16802, 1.37805, 2.08365, 1.86421, 2.14537, 2.65627, 2.64912, 3.29696, 2.10179, 2.26059, 1.8765, 2.39169, 1.91531, 1.34227, 1.41204, 1.77677, 2.11106, 2.41805, 2.38351, 1.5385, 0.916804, 0.579403, 0.263243, 0.615564, 1.53907, 2.05354
3.1, 0.0319376, 0.0349649, -0.674534, -0.0954568, 0.0887585, 0.767412, 1.37795, 1.97394, 2.32437, 2.29598, 2.52879, 3.12057, 3.23252, 2.72784, 2.34819, 1.97527, 2.34801, 1.76338, 1.82086, 1.66975, 1.83629, 1.76898, 2.22751, 2.26429, 1.54556, 1.15864, 0.801834, 0.638772, 0.858316, 1.1512, 1.7853
3.12, 0.0319376, -0.19773, -0.393974, -1.77079, 0.0945143, 1.23812, -0.296047, 1.86883, 2.68667, 0.14353, 1.96864, 1.25662, 3.5271, 2.13245, 1.29417, 1.15986, 1.29631, 1.42742, 1.32614, 1.84863, 1.79089, 2.22747, 2.74447, 2.57731, 1.77607, 0.940083, 1.51313, 1.49446, 1.75948, 2.33256, 2.74088
3.14, 0.0319374, -0.0606208, -0.458732, -1.82077, 0.117916, 0.989927, -0.711684, 2.18457, 2.53271, 0.594938, 1.66039, 1.49677, 3.61479, 1.44531, 1.16826, 1.19147, 0.637037, 0.605746, 1.22566, 1.86158, 1.73012, 2.19147, 2.52004, 2.67646, 1.59432, 1.20146, 1.60079, 1.61028, 1.64726, 2.07048, 2.66646
3.16, 0.0319374, 0.377484, -0.678022, -2.52363, 0.220399, 0.50968, -1.18062, 2.38541, 1.88, 0.740786, 1.16095, 2.14306, 3.15673, 1.18962, 0.983324, 1.66175, -0.0380066, 0.507838, 1.51155, 1.74098, 1.72354, 1.68127, 2.1733, 2.44689, 1.53373, 1.3089, 1.50894, 1.24694, 1.30325, 2.16268, 2.5662
3.18, 0.0319374, 0.522969, -0.613259, -2.9488, 0.314775, 0.415157, -1.72573, 2.46306, 1.73825, 0.998097, 1.16171, 2.46699, 2.93558, 1.13112, 1.0764, 1.83603, 0.666966, 1.26261, 1.52896, 1.67565, 1.91003, 1.65785, 2.30218, 2.50747, 1.9219, 1.64801, 1.46525, 1.10716, 1.32118, 2.09302, 2.72194
3.2, 0.0319374, 0.595488, -0.695682, -1.71617, 0.403292, 0.385391, -0.881323, 2.46636, 1.54638, 1.00603, 1.10102, 2.582, 2.82539, 1.48647, 1.26822, 1.77623, 1.11626, 1.27564, 1.47156, 1.50625, 1.84517, 1.59342, 2.23299, 2.4342, 1.93087, 1.57257, 1.33906, 0.892931, 1.35822, 2.08674, 2.64326
3.22, 0.0319374, 0.621993, -0.698285, -1.93919, 0.515514, 0.0964845, 0.152385, 2.344, 0.830231, 1.40453, 0.916507, 2.79885, 2.34075, 1.7031, 1.25241, 1.4602, 1.29321, 1.56581, 1.11298, 1.62278, 1.8431, 1.66433, 1.98054, 2.36957, 1.9558, 1.44609, 1.35828, 0.910642, 1.07138, 2.03519, 2.62253
3.24, 0.0319376, 0.851795, -1.04162, -0.543887, 0.633731, -1.02541, 1.05464, 1.27249, 0.538569, 1.39864, 1.95832, 2.65866, 1.54373, 1.4727, 1.2739, 1.21651, 1.30089, 1.69379, 1.26496, 1.61589, 1.05648, 1.5634, 2.29888, 2.43659, 2.01457, 1.08679, 0.805806, 0.81922, 1.16974, 1.7767, 1.91447
3.26, 0.0319376, 0.894652, -1.02542, 0.648595, 0.400618, -1.67273, 0.0979084, 0.253369, 2.41411, 1.69783, 2.52114, 1.6433, 2.44204, 2.2303, 1.68626, 1.37817, 1.25999, 1.29988, 0.829834, 1.27653, 0.885962, 1.50898, 1.9365, 2.09674, 1.25521, 0.797108, 0.785857, 0.559162, 0.497272, 1.19983, 1.16227
3.28, 0.0319376, -0.922289, 0.581891, 1.1508, -0.858132, -1.40344, 0.461629, 2.10993, 2.22913, 1.49198, 2.70799, 3.09903, 2.34892, 2.40891, 2.0039, 1.02653, 1.70808, 1.18986, 0.881928, 1.25809, 1.20434, 1.1521, 1.95612, 2.01887, 1.05599, 0.628035, 0.325103, 0.346358, 0.310215, 0.890327, 1.1948
3.3, 0.0319376, -0.573759, 0.257387, -1.02186, -2.34381, -1.39346, -1.01222, -0.639619, -0.234337, 0.167007, 0.0569674, 1.28696, 1.23425, 0.292689, -0.163125, -1.07429, -1.0869, -1.17095, -1.72668, -1.204, -1.37908, -1.25034, -0.56126, -0.515345, -1.36157, -1.87067, -2.18231, -1.70978, -1.73176, -1.54779, -1.48916
3.32, 0.0319376, -1.16153, -0.922929, -1.53857, -0.570113, 0.0275331, -1.40822, -0.999395, -0.491444, 0.239695, 1.02305, 0.0737681, -0.367295, -0.00734649, -0.60054, -1.25231, -1.03753, -0.783392, -0.938049, -0.73616, -1.25534, -1.77227, -0.788358, -0.618266, -1.4156, -1.73697, -1.8446, -1.86464, -1.7535, -1.55465, -1.23166
3.34, 0.0319376, -2.13682, -1.28485, -1.80647, -2.06763, 0.132954, 1.32009, -0.275364, -0.769716, -0.400504, 0.949334, 1.50557, 0.908914, -1.09569, -1.18531, 0.0141979, -0.0963285, -0.889992, -0.167165, -0.28627, -1.20671, -0.614756, -0.0914953, 0.160178, -0.257655, -0.920974, -1.02121, -1.07489, -1.03891, -0.574454, -0.460589
3.36, 0.0319376, -2.14524, -1.56896, -2.06903, -2.91222, -2.3195, 1.44781, 1.10139, -0.671586, 0.263181, -0.29382, -0.745913, 0.289641, -0.527066, -1.52788, -1.17474, 0.54002, 0.0842787, -0.633093, -0.530285, -0.815978, -0.973357, 0.110066, 0.0638297, -0.499112, -1.0096, -0.881306, -1.05992, -0.7246, -0.431623, -0.0487213
3.38, 0.0319374, -0.697138, -0.737844, -1.90394, -2.2973, -0.606297, 1.79704, 0.74165, -0.664743, 0.824743, 0.353844, -0.663245, 0.227527, -1.25457, -1.3046, -0.815201, 0.787729, 0.0650702, -0.762709, -0.49905, -0.748354, -0.70275, 0.0114686, 0.308732, -0.284374, -0.542894, -0.729921, -0.801054, -0.902156, -0.271533, 0.176443
3.4, 0.0319374, -0.677243, -0.216255, -1.56263, -1.73081, 0.850655, 0.765743, 0.135485, 1.37794, 1.58133, -0.0725238, 0.199683, -1.28339, -1.01674, -1.16936, -0.559116, -0.414411, -0.391698, -1.35123, -0.980543, -1.37893, -1.32528, -0.123959, 0.504589, -0.277678, -0.182084, -0.332928, -0.462155, -0.501023, -0.177998, 0.12385
3.42, 0.0319374, -0.100348, 0.119164, -1.7709, -0.774784, 0.705206, 0.535802, 0.597146, 1.86443, 1.52288, 0.569757, -0.244119, -1.10834, -1.13017, -1.40005, -1.10129, -0.736378, -0.690496, -1.49606, -1.42471, -1.75336, -1.59137, -0.682852, 0.356763, 0.259058, 0.0985957, -0.361354, -0.454494, -0.4104, -0.0152138, 0.283991
3.44, 0.0319374, 0.490806, -0.923371, -1.2128, -0.700844, 0.0740098, 0.501499, 1.05054, 1.86196, 1.33943, 0.872764, -0.91642, -1.72005, -1.6816, -1.25547, -1.18317, -0.688786, -0.725491, -1.44369, -1.71058, -2.07715, -1.68753, -1.10869, -0.496229, -0.203595, -0.313368, -0.505912, -0.605764, -0.42486, -0.143131, 0.455339
3.46, 0.0319374, -0.799194, -1.01844, -1.93115, -1.80002, 0.583329, 1.99374, 2.09573, 1.06425, 0.481203, -0.324562, -0.0161512, -0.104324, -1.064, -1.82519, -1.12747, -0.390574, -0.781703, -1.51393, -1.64151, -2.0686, -1.65464, -0.282962, -0.169146, -0.520818, -0.732678, -0.99278, -0.845785, -0.880827, -0.767903, -0.583397
3.48, 0.0319376, -1.99456, -1.3141, -2.12704, -2.84959, -1.82588, -0.5771, 1.28166, 1.92496, 0.903382, -0.569227, -1.17458, -1.63045, -2.52156, -2.13161, -2.03588, -2.29057, -2.17388, -3.24681, -3.54744, -3.4471, -2.80871, -1.87329, -1.89267, -1.87956, -1.98172, -2.3162, -2.53874, -1.96297, -1.31658, -1.46262
3.5, 0.0319376, -2.70267, -3.35256, -4.2315, -4.89984, -2.99389, -1.7165, -1.6937, -1.60588, -1.90501, -3.04201, -3.35814, -3.67906, -3.83868, -3.61255, -3.38372, -4.0558, -4.20041, -4.69972, -4.47074, -4.70165, -4.43376, -4.02467, -3.77149, -3.65544, -3.8745, -4.03019, -4.00742, -3.96252, -4.0186, -3.76981
3.52, 0.0319376, -3.33548, -3.97636, -4.74926, -4.96545, -3.86425, -2.42097, -2.31569, -2.47155, -2.73171, -3.89136, -4.19006, -4.5698, -4.56521, -4.40308, -4.56264, -4.37384, -4.46671, -4.99424, -4.6491, -4.95688, -4.74557, -4.24561, -4.17656, -4.33356, -4.37073, -4.2226, -4.42835, -4.41671, -4.42785, -4.30821
3.54, 0.0319376, -1.06124, -1.60443, -1.8883, -2.06718, -1.07496, -0.468279, -0.0085086, 1.21909, 1.48452, 1.96806, 0.548596, 0.474564, 0.106297, -0.138997, -0.382336, -0.790424, -1.00036, -1.49899, -1.32347, -1.17693, -0.42007, -0.112607, -0.557096, -1.21665, -1.31992, -1.45544, -1.65448, -2.02521, -1.47055, -0.974761
3.56, 0.0319376, -2.1995, -0.409153, 0.0258832, -1.85814, -1.83804, 0.310549, 1.76385, 1.64624, 2.39504, 3.45081, 2.8589, 1.2092, 1.58366, 1.08975, 0.68067, 0.415997, -0.0537913, -0.287375, -0.273052, 0.405682, 1.10587, 1.17042, 0.544533, -0.400158, -0.263866, 0.0161509, -0.56437, -0.897362, 0.0771624, 0.623865
3.58, 0.0319376, -4.53132, -2.29139, 0.291961, 0.238281, -2.18246, -1.91208, 0.780106, 3.17748, 1.96218, 0.247601, 2.69372, 2.89202, -0.039798, 1.21939, 0.471711, 0.194316, 1.09036, 0.908699, 1.85086, 1.54606, 1.75565, 2.23893, 1.6233, 1.29546, 1.10241, 0.836815, 0.0906353, 0.859554, 1.73381, 2.00973
3.6, 0.0319376, -2.49412, -2.05921, -0.505525, 0.785443, -0.922669, -1.79173, -0.603948, 2.68619, 3.16588, 0.288287, 0.574954, 2.72714, 1.5817, -0.00533074, 1.51976, 0.121264, 1.19805, 1.07288, 1.50395, 1.31893, 2.09475, 1.77592, 2.02276, 1.10641, 0.888128, 0.748775, 0.584143, 0.826169, 1.63615, 2.11569
3.62, 0.0319376, 1.02575, -0.742587, -0.818783, 0.844166, -0.559681, 0.332069, 0.282008, 1.85329, 2.93911, 2.60621, 2.65424, 1.82811, 1.71175, 1.7165, 1.58897, 1.19364, 1.04953, 0.985182, 1.03929, 1.59031, 1.88382, 2.22377, 1.729, 1.44348, 1.23268, 0.749429, 0.938002, 0.82719, 1.69067, 2.36359
3.64, 0.0319374, 1.4917, -0.545765, -0.968155, 1.0119, 0.0078401, 0.244672, 0.748915, 1.48093, 2.26902, 2.279, 3.26015, 2.27573, 2.36627, 1.46572, 1.45892, 1.28585, 0.780233, 1.06708, 1.26649, 1.97246, 1.79191, 2.69524, 2.28075, 1.41125, 1.23902, 1.18285, 0.956303, 1.08308, 1.96937, 2.43896
3.66, 0.0319374, 1.59153, -0.168558, -1.77671, 0.826683, 0.198124, -0.351266, 1.68565, 0.52788, 2.29764, 1.57904, 2.27253, 2.07396, 1.77333, 1.47818, 1.38508, 1.79865, 1.28474, 1.87621, 1.79686, 1.45791, 1.63939, 2.65925, 2.90306, 2.32988, 1.7275, 1.50506, 1.56358, 1.92723, 2.88431, 3.38423
3.68, 0.0319374, 1.31753, 0.437574, -1.05484, 0.408792, 1.21054, 0.715815, 1.8987, 2.56578, 2.51095, 2.49093, 2.94609, 3.36422, 2.95735, 2.01621, 1.43463, 1.66963, 2.25702, 2.33169, 2.36537, 2.08939, 2.34686, 2.97887, 3.06017, 2.67951, 1.85202, 1.79563, 1.83121, 2.22381, 2.97182, 3.5705
3.7, 0.0319374, 0.0937312, -0.321763, -0.0951051, 0.440874, 1.59696, 1.52932, 0.988813, 2.77846, 2.45486, 2.62771, 2.55277, 3.73869, 3.4328, 2.13935, 1.30996, 2.22969, 1.90948, 2.41504, 2.57559, 2.25876, 2.61785, 3.30898, 3.3696, 2.32931, 1.83155, 1.71467, 1.6939, 1.72909, 2.48049, 3.04648
3.72, 0.0319374, 0.571179, 0.188319, -1.07569, -0.933488, 1.52162, 0.877554, 1.36883, 3.00116, 2.4256, 2.66818, 2.77006, 3.25387, 3.59504, 1.51995, 1.31274, 2.5071, 2.22093, 2.01782, 2.39172, 2.32057, 2.54839, 3.20842, 3.55259, 2.8283, 2.1231, 1.78738, 1.40457, 1.69679, 2.38659, 3.02778
3.74, 0.0319376, -0.0280252, 0.529025, -1.42713, -1.30654, 1.42224, 0.76826, -0.445409, 2.7924, 2.36417, 2.1557, 3.21126, 2.15644, 3.68389, 1.56096, 1.61164, 2.69395, 2.27508, 1.24779, 2.02237, 2.25992, 2.70854, 3.23065, 3.24505, 2.73654, 2.12796, 1.77929, 1.72196, 1.88475, 2.19573, 3.08698
3.76, 0.0319376, 1.119, 0.867664, -0.157679, 0.367111, 1.69603, 1.55313, 1.93662, 2.49859, 2.2912, 2.49067, 2.84391, 3.74193, 3.43397, 2.43725, 2.01209, 2.61963, 2.32034, 2.1927, 2.01704, 2.11842, 2.59206, 3.08199, 3.10258, 2.38388, 1.80097, 1.84686, 1.77501, 1.66032, 2.29418, 2.71621
3.78, 0.0319376, 0.377631, 0.101017, 0.0077198, 0.730974, 1.25894, 1.6999, 2.74011, 2.52095, 2.4232, 2.22084, 2.69093, 3.42885, 3.08821, 2.81316, 2.30642, 2.80033, 2.88021, 2.69654, 2.22299, 1.80906, 2.15082, 2.88041, 2.83971, 2.12404, 1.77238, 1.59984, 1.17189, 1.15874, 1.90991, 2.46393
3.8, 0.0319376, 1.04495, -0.0398713, 0.0948079, 0.427866, 1.10138, 1.70028, 2.11776, 2.24001, 2.18375, 2.63937, 2.95524, 3.9033, 3.57375, 2.51953, 2.19384, 3.05536, 2.92343, 2.43699, 2.67637, 2.63201, 2.77175, 3.27619, 3.14046, 2.39561, 1.80548, 1.4477, 1.59277, 1.75552, 2.33465, 2.76455
3.82, 0.0319376, 0.784165, 0.64056, 0.433204, 0.435476, 1.59576, 1.59822, 2.12803, 2.4019, 2.469, 2.55353, 2.66166, 3.88792, 3.47475, 2.69948, 2.15766, 2.72197, 2.03831, 2.18483, 2.49731, 2.16829, 2.93456, 3.03845, 3.0919, 2.38252, 1.75271, 1.3536, 1.57537, 1.44146, 2.06287, 2.39516
3.84, 0.0319376, 0.518213, 0.238109, -0.174065, 0.541672, 1.44343, 1.80986, 1.80486, 2.75279, 2.46262, 2.67577, 2.97749, 3.90787, 3.21016, 2.2827, 2.22328, 2.87403, 2.7319, 2.33947, 2.84131, 2.29048, 2.96655, 3.3772, 2.81426, 2.233, 1.73077, 1.74296, 1.61462, 1.85474, 2.41281, 2.78186
3.86, 0.0319376, 0.854256, 0.630723, -0.53572, 0.872333, 1.30932, 0.886535, 1.97504, 2.54793, 2.47916, 2.88868, 3.0818, 3.9981, 3.60683, 2.8232, 2.29913, 2.50625, 2.58029, 2.38378, 1.95774, 2.54469, 2.71318, 3.64509, 3.19953, 2.48095, 2.06247, 2.09762, 1.73984, 1.69142, 2.18297, 2.57324
3.88, 0.0319374, 0.267952, 0.113721, -0.803043, 0.432788, 1.34463, 1.3628, 2.23824, 2.68031, 2.64289, 1.87299, 2.83838, 3.68958, 3.38584, 2.57617, 2.38415, 1.86454, 2.27888, 2.49739, 2.25247, 2.30226, 2.58802, 3.47208, 3.17393, 2.36106, 2.03087, 1.79611, 1.77491, 1.80678, 2.35169, 2.92287
3.9, 0.0319374, 1.129, 0.0963313, -1.12627, 0.779012, 1.40226, 0.816936, 1.73597, 2.72428, 2.41181, 2.33506, 2.51056, 4.06687, 3.71158, 2.48728, 2.20311, 2.49536, 2.46704, 2.3664, 2.12495, 1.90508, 2.6075, 3.30053, 3.08717, 2.3556, 1.74294, 1.85756, 1.25903, 1.22304, 1.86263, 2.23561
3.92, 0.0319374, 0.0721287, 0.0829438, -0.47054, -0.65774, 1.61207, 0.47864, 0.583124, 2.97837, 2.05464, 2.59833, 2.70091, 3.31235, 3.91653, 2.03144, 1.81894, 2.69576, 2.18052, 1.94856, 1.95092, 2.50414, 2.89467, 3.24334, 3.25942, 2.83833, 1.99903, 1.64559, 1.32152, 1.80072, 2.33359, 2.90301
3.94, 0.0319374, -0.0666606, 0.36248, -1.33541, -0.871765, 1.49944, 0.416414, -0.482426, 3.0736, 1.95438, 1.93126, 2.17485, 3.18416, 3.78878, 1.07598, 0.955316, 2.44623, 2.0876, 2.12194, 2.07313, 2.42039, 2.75434, 2.97107, 3.50486, 2.67147, 1.7528, 1.97728, 2.07299, 2.2742, 2.85354, 3.07048
3.96, 0.0319374, 0.266337, 0.346985, -1.25643, -0.268915, 1.31801, 0.0802192, 1.19746, 3.07692, 1.0715, 1.57, 1.15256, 3.70615, 3.44304, 0.900451, 0.634329, 1.67971, 2.68331, 2.51096, 2.49909, 2.62331, 2.79889, 3.23202, 3.83067, 2.37402, 1.65197, 2.45058, 2.18093, 2.49509, 2.91569, 3.19953
3.98, 0.0319376, 0.611849, -0.140604, -0.752755, 0.670769, 0.783934, 0.716805, 2.61925, 2.46932, 0.987527, 1.23802, 2.39049, 3.28436, 2.52213, 2.12828, 1.33342, 1.61827, 2.43393, 2.58816, 2.71584, 2.24758, 2.60907, 3.14674, 2.99585, 2.39326, 1.87421, 2.35647, 2.24828, 2.26162, 2.68192, 2.92995
4, 0.0319376, 0.988367, -1.44301, 0.263509, 0.336986, -0.672129, 1.29103, 0.428467, 0.654213, 0.758975, 2.21735, 1.42447, 2.1019, 2.27272, 1.54109, 0.925223, 2.02245, 2.32254, 1.789, 1.63108, 1.98212, 1.97236, 2.9295, 3.38813, 2.1925, 1.89863, 2.34236, 2.16109, 2.24207, 2.92055, 3.23048
4.02, 0.0319376, 0.520299, -1.02403, 0.43501, -0.0662324, -0.357839, 0.826923, -0.68577, 1.09647, 1.00381, 2.09647, 0.462083, 0.953507, 2.28779, 0.905747, 1.08784, 1.84717, 2.30208, 1.8378, 1.58213, 1.79399, 2.14777, 2.58771, 3.27827, 2.27342, 1.84359, 2.44268, 2.11504, 2.25729, 2.79941, 3.189
4.04, 0.0319376, 0.322745, -1.35367, 0.747729, -0.127344, 0.0321373, 0.662001, -0.133784, 1.38817, 1.3866, 1.78556, 0.465867, 1.49136, 2.25478, 0.533719, 1.00124, 1.94466, 2.0053, 1.43054, 0.995461, 1.72049, 1.7736, 2.50802, 3.15038, 1.95886, 1.68918, 2.22891, 1.78196, 1.82702, 2.52375, 2.92585
4.06, 0.0319376, -0.170521, -1.10406, 0.91557, -0.734974, 0.274638, 0.301105, 0.836628, 1.48479, 1.75829, 1.36006, 1.30402, 2.52098, 2.43369, 0.542882, 0.65601, 1.89153, 1.56769, 0.948002, 1.18396, 1.55262, 1.71133, 1.96173, 2.34294, 1.82113, 1.21787, 1.83063, 1.3116, 1.40349, 2.09655, 2.53318
4.08, 0.0319376, -0.0193177, -0.236668, 1.11151, -1.058, -0.182089, -0.00788259, 1.7384, 1.4889, 1.32133, 1.71886, 1.86441, 2.93497, 2.43179, 1.21726, 1.3005, 1.34651, 1.34545, 1.16376, 1.57825, 1.1476, 1.32833, 1.74522, 2.1884, 1.54795, 0.834416, 1.07154, 0.616759, 0.556813, 0.982202, 1.35211
4.1, 0.0319376, -0.632565, 0.87595, 0.44196, -1.54253, -0.725493, 0.87765, 1.33123, 0.591759, 1.60209, 2.10424, 1.66322, 2.61798, 2.54378, 1.42452, 1.02563, 1.19003, 1.52528, 0.731432, 0.823282, 0.805259, 0.740463, 1.15155, 1.76294, 0.980862, -0.0969698, 0.101962, -0.30534, -0.58969, -0.276566, -0.132067
4.12, 0.0319376, -1.37282, -1.2376, -1.73213, -3.78523, -3.02571, -1.94814, -1.67367, -2.3302, -2.17437, -1.54278, -1.23875, -0.196093, -0.169412, -1.26695, -1.02244, -1.30461, -1.00003, -1.77955, -1.84237, -1.54985, -1.92917, -1.67135, -0.787281, -1.47616, -2.03387, -2.1436, -2.21579, -2.4698, -2.36027, -2.01679
4.14, 0.0319376, -1.53317, -1.36691, -2.55285, -1.33296, 0.64925, 0.753205, -0.677385, -1.11451, -0.592628, 1.16762, 1.76088, 0.698788, -0.65654, -0.0338607, 0.633068, 0.219258, -0.196985, -0.262721, -0.382684, -0.601344, -0.711674, -0.525177, 0.309734, -0.491193, -0.589149, -1.13074, -1.28384, -1.07385, -0.771928, -0.800976
4.16, 0.0319376, -1.62874, -0.998993, -2.35028, -3.12977, -1.5246, 1.37965, 1.25956, -0.438275, -0.46613, 0.251906, -0.0742167, 1.00482, 0.0867915, -1.21136, -1.02813, 1.04442, 0.594822, -0.582842, -0.0390799, -0.306171, -1.39332, 0.21911, 0.589925, -0.357577, -0.469971, -0.719508, -0.4518, -0.367805, -0.378339, -0.227845
4.18, 0.0319376, -1.9328, -1.37822, -2.92129, -2.90992, -2.05186, -0.254756, 1.85, 0.244306, 0.043205, 0.460674, -0.235284, -0.854533, 0.280749, -1.21864, -1.15062, -0.502809, 0.677056, -0.57577, -1.262, -1.12074, -0.959897, -0.370503, 0.144506, -0.249421, -0.506257, -0.490693, -0.109396, -0.0288876, 0.150848, 0.378268
4.2, 0.0319376, -2.41947, -2.01903, -2.11344, -2.67051, -1.33695, 0.593141, 2.08273, 1.36674, -0.0745689, -0.543063, -0.795376, -0.659419, -0.231506, -0.786224, -1.06102, -0.418814, 0.256958, -0.199385, -1.17265, -1.4237, -0.721175, -0.150235, 0.560092, 0.0593257, -0.479803, -0.550901, -0.106788, -0.081814, 0.0431281, 0.353491
4.22, 0.0319376, -1.30628, -1.15781, -1.97879, -2.19173, 0.802172, 1.41926, 0.239324, 0.591076, 0.723693, 0.0744545, 0.379523, -0.382348, -1.46996, -1.26752, -0.0391584, -0.333791, -0.662993, -0.503503, -0.825431, -1.51779, -1.0729, -0.406871, 0.883502, 0.359591, -0.17733, -0.419384, -0.106651, -0.303759, 0.00722451, 0.466787
4.24, 0.0319376, -0.127182, -0.197669, -2.24291, -0.997274, 0.293527, -0.373733, 0.80205, 1.45848, 0.676262, 0.337657, -0.877181, -1.21836, -1.30451, -1.18529, -0.992159, -0.709607, -0.937731, -1.0963, -1.80678, -1.97128, -1.93943, -1.72155, -0.444198, 0.027844, -0.167664, -0.0476223, 0.376906, 0.180829, 0.346648, 0.527994
4.26, 0.0319371, 0.4062, -1.06399, -1.44765, -0.686412, 0.446064, 0.891717, 1.55317, 0.940845, 1.33164, 0.160737, -0.293915, -0.943653, -0.877459, -1.25402, -1.21495, -0.845206, -0.82318, -1.11691, -1.59517, -2.37588, -1.77293, -1.1683, -0.292912, -0.0103164, 0.0457855, -0.114715, 0.318783, 0.546867, 0.253596, 0.184554
4.28, 0.0319371, -0.856601, -1.05793, -0.848454, -0.959343, -0.320386, 1.10716, 2.02163, 2.64278, 2.17396, 0.98224, 0.184182, -0.913789, -0.558506, -0.747739, -1.1738, -0.674419, -0.644306, -1.45156, -2.10439, -2.73772, -2.09682, -1.24473, -0.380833, -0.883488, -0.721299, -0.732535, -0.653113, -0.287041, -0.408451, -0.280445
4.3, 0.0319371, -2.30868, -2.48188, -3.13989, -3.65288, -2.90955, -1.75707, -1.23626, 0.0241219, -0.299847, -1.27732, -1.34831, -1.36681, -2.35429, -2.91782, -2.68956, -3.33574, -3.00591, -3.23391, -3.52424, -3.75052, -3.47941, -2.85266, -2.43517, -3.09901, -3.0394, -3.10019, -2.50611, -2.12533, -2.07809, -2.02873
4.32, 0.0319371, -3.17259, -3.81155, -5.00899, -4.41058, -3.76276, -2.80295, -1.5278, -1.88493, -1.96813, -3.31062, -3.66618, -3.56782, -3.57769, -4.43765, -4.02224, -4.07518, -3.96427, -4.81549, -4.93703, -5.07356, -5.37123, -4.5781, -4.13609, -4.1559, -4.09761, -3.91884, -4.13136, -4.05265, -3.93763, -3.99548
4.34, 0.0319371, -3.15555, -2.89473, -3.17866, -3.31851, -3.05302, -2.26583, -1.85024, -1.1133, -0.559518, -0.7129, -1.27308, -1.74811, -2.15131, -2.40326, -2.63387, -2.67325, -2.71057, -3.10414, -3.24271, -3.43728, -2.92672, -2.32767, -2.21631, -2.81908, -3.15308, -3.17559, -3.28994, -3.92986, -3.45476, -3.1884
4.36, 0.0319376, -0.747604, -0.147191, -0.699731, -1.99877, -0.422697, 0.579094, 1.00569, 1.63717, 2.75111, 2.82004, 1.69199, 1.27244, 0.947533, 0.416022, 0.32434, -0.308399, -0.295869, -0.782931, -0.819367, -0.840989, -0.19127, 0.601606, 0.364283, -0.729088, -0.965926, -1.01417, -0.352291, -0.477839, -0.812083, -0.621007
4.38, 0.0319376, -2.60138, -1.66689, 0.320272, -0.241672, -2.06025, -0.933277, 1.43721, 2.99795, 1.79698, 2.15602, 3.02324, 2.58435, 0.543669, 1.68755, 0.503725, 0.517402, 0.367561, 0.334477, 0.973309, 0.937197, 1.28054, 2.17399, 1.88125, 1.11046, 0.978912, 0.910568, 0.379882, 0.453168, 1.18196, 1.57503
4.4, 0.0319376, -2.58696, -2.11139, -0.747566, 0.937686, -0.159359, -1.48686, -1.08823, 2.72925, 3.51604, 1.02063, 0.609334, 2.84342, 2.03856, 0.172935, 1.44134, 0.194917, 1.15748, 1.36798, 1.25093, 1.42947, 1.8044, 2.19878, 2.66824, 1.59107, 1.24682, 1.02045, 0.513819, 0.879134, 1.86876, 2.33397
4.42, 0.0319376, 0.4368, -0.59457, -1.59548, 1.14112, 0.559186, 0.00956536, 0.957585, 1.18804, 3.7135, 2.49687, 1.83689, 1.68508, 2.49861, 1.22972, 1.12283, 0.914124, 0.714751, 1.17052, 0.581062, 1.29277, 1.48665, 2.34318, 2.37334, 1.60545, 1.45756, 1.11284, 1.03918, 1.48186, 1.80885, 2.47223
4.44, 0.0319376, 1.48129, -0.268842, -0.618099, 1.08231, 0.566558, -0.404526, 0.795292, 1.34448, 3.02741, 2.25661, 3.77742, 2.68544, 2.23725, 1.33019, 1.21755, 1.4271, 0.886132, 1.0497, 1.16576, 1.43816, 1.5428, 2.52921, 2.54791, 1.75625, 1.49946, 1.18081, 1.24935, 1.25027, 2.00967, 2.70689
4.46, 0.0319376, 1.71662, 0.0175069, -0.610698, 1.04138, 0.497134, 0.16036, 0.924586, 1.45099, 2.69075, 2.55334, 3.30868, 2.87065, 2.43218, 1.63766, 1.81826, 1.587, 1.81509, 1.49435, 1.53845, 1.65796, 2.00641, 2.73349, 3.2286, 2.23086, 1.3698, 1.49423, 1.63147, 1.56823, 2.13791, 2.67538
4.48, 0.0319376, 1.3338, -0.150203, -1.22984, 0.882977, 0.908807, 0.185289, 1.55566, 1.06606, 2.69441, 2.48559, 2.64423, 2.88624, 2.62737, 2.28055, 2.15132, 2.01772, 1.37586, 1.30802, 1.85577, 1.98675, 1.93546, 3.00673, 3.27252, 2.07338, 1.54653, 1.6847, 1.40272, 1.51531, 2.19284, 2.78588
4.5, 0.0319376, 0.861131, -0.110905, -1.57685, 0.924188, 0.988909, -0.288385, 1.47296, 1.12492, 2.49836, 2.61275, 2.08327, 2.53991, 2.46165, 2.0467, 2.16982, 2.53907, 2.18379, 1.40283, 1.67335, 1.85775, 1.59751, 3.26223, 3.42703, 2.47728, 2.00466, 1.98612, 1.73319, 1.6653, 2.32904, 3.01972
4.52, 0.0319376, 0.877662, -0.00743079, -0.0758241, 0.80966, 0.945346, 1.20017, 2.14253, 1.94911, 2.28383, 2.32726, 2.84326, 3.40211, 3.14021, 2.3883, 1.7826, 2.66611, 2.13738, 1.98783, 2.1907, 2.12897, 2.19282, 2.7264, 3.30816, 2.71939, 2.00256, 1.82492, 1.70121, 1.92352, 2.55186, 3.21214
4.54, 0.0319376, -0.14856, 0.826239, -0.0885129, 0.235467, 1.66593, 1.59602, 1.39082, 2.35541, 2.82603, 2.82126, 2.80099, 3.35926, 3.16354, 2.49601, 1.60446, 2.34178, 2.56107, 2.37525, 2.49629, 1.86886, 2.2022, 2.83929, 3.58534, 2.97315, 2.14103, 2.0668, 1.84126, 2.09, 2.82852, 3.42187
4.56, 0.0319376, -0.110243, 0.745341, 0.220027, 0.0507358, 1.286, 0.868159, 2.18666, 2.48465, 2.43285, 2.87188, 3.05448, 3.54751, 2.89801, 2.89955, 1.91374, 2.11877, 2.65206, 2.53718, 2.43697, 2.11713, 2.39709, 3.0568, 3.69864, 3.30254, 2.42239, 2.02255, 1.65444, 1.95513, 2.96931, 3.59062
4.58, 0.0319376, -0.143545, 0.368553, 0.54051, 0.194813, 1.32354, 0.980605, 1.20902, 1.99751, 2.27201, 2.5875, 3.15031, 3.47427, 2.94978, 2.22358, 1.75728, 2.08107, 2.5743, 2.78916, 2.84101, 2.56467, 2.42057, 3.19065, 4.06122, 3.076, 2.64873, 2.30097, 2.35713, 2.45024, 3.05766, 3.71649
4.6, 0.0319376, 0.182447, -0.184804, 0.295077, 0.207198, 0.598038, 0.523674, 1.61477, 2.50696, 1.71423, 1.79873, 2.45021, 3.58576, 2.40044, 2.00402, 1.71441, 2.61611, 2.94023, 2.59838, 3.16019, 2.55483, 2.66882, 3.5593, 3.62281, 3.13581, 2.69084, 2.58833, 2.1661, 2.43091, 2.8391, 3.62263
4.62, 0.0319376, -0.983817, -0.924352, -0.813188, -0.527257, -0.484514, -1.00277, -0.629312, 1.13277, 0.536745, -0.927133, 0.73785, 3.36722, 1.44397, 0.820491, 1.53013, 0.561978, 2.9824, 1.36986, 2.38797, 1.68134, 2.09532, 3.2988, 3.60194, 2.9207, 1.86978, 2.1558, 2.28842, 2.24674, 2.83355, 3.52072
4.64, 0.0319376, -1.72026, -2.13993, -0.536572, -0.659899, -1.40115, -1.1618, -1.91753, 0.783118, 0.0714822, -1.00493, 0.37886, 2.17121, 0.191269, 0.731307, 0.762773, 0.66917, 2.07518, 0.119731, 1.59512, 0.89738, 1.63284, 2.4502, 2.46447, 2.28625, 1.96014, 1.91188, 1.92049, 1.96247, 2.40898, 2.8006
4.66, 0.0319376, -2.71595, -3.11544, -1.77172, -1.72862, -1.87356, -2.06122, -1.83948, -0.0797101, -1.06129, -2.0751, 0.227781, 0.851049, -1.00518, -0.603948, -0.575661, 0.548864, 1.81531, 0.22303, 1.24291, 0.224588, 0.471665, 1.82332, 1.912, 1.98093, 0.995942, 1.68089, 1.29741, 1.33773, 1.56832, 2.0035
4.68, 0.0319376, -3.03821, -3.31835, -2.52472, -2.4819, -2.28221, -1.90348, -1.74758, -0.8705, -1.37086, -1.14619, -0.0101158, 0.222597, -0.413309, -0.368096, -1.09476, 0.657903, 1.03903, 0.218768, 0.454556, 0.389737, 0.580691, 1.2048, 1.8631, 1.24244, 0.810204, 1.1614, 0.945822, 0.849983, 0.923805, 1.3481
4.7, 0.0319376, -3.46484, -3.19528, -3.7352, -4.88085, -3.96833, -3.40291, -3.20173, -3.11685, -2.87878, -2.2723, -2.28874, -1.55395, -1.88947, -2.20465, -2.15857, -0.953513, -0.213133, -0.9956, -0.962192, -1.27818, -0.779078, -0.429396, 0.118763, -0.369991, -0.584297, -0.692419, -0.908656, -1.06954, -0.878509, -0.317812
4.72, 0.0319376, -3.71821, -4.42043, -4.94554, -4.87346, -4.15551, -3.96803, -4.1463, -4.20858, -3.9024, -4.3819, -2.78348, -1.23772, -2.53195, -2.3128, -2.57169, -2.35923, -1.41643, -2.80288, -2.58438, -2.43177, -2.21429, -1.66796, -1.50602, -1.46577, -1.8627, -2.43919, -2.08641, -2.29833, -2.18411, -1.85005
4.74, 0.0319376, -3.70016, -4.48143, -4.51992, -4.41593, -4.29856, -3.66879, -3.70831, -3.5218, -3.2274, -3.13858, -2.76753, -1.76677, -2.42716, -2.87384, -2.61874, -2.46004, -2.10004, -2.3739, -2.32085, -2.39319, -2.1612, -1.90224, -1.57644, -1.65432, -1.66644, -1.73855, -1.82995, -1.85394, -1.82606, -1.84839
4.76, 0.0319371, -0.869134, -0.982908, -0.410828, 0.427396, -0.302824, -0.292015, 0.600442, 0.574504, 1.32025, 1.82651, 1.69573, 1.46009, 1.72819, 0.548795, 1.05086, 2.33242, 2.89745, 2.39607, 2.08049, 1.81183, 1.94678, 1.85652, 2.42098, 2.13586, 1.74502, 1.84588, 1.71706, 1.4045, 1.69655, 2.07548
4.78, 0.0319371, -0.546847, 0.756618, 1.17878, 0.827588, 0.189795, 0.332073, 0.723375, 1.4711, 1.64777, 1.22268, 1.47004, 2.73947, 2.61735, 1.7933, 1.86584, 3.00276, 3.99095, 3.43214, 3.23464, 2.71015, 2.13574, 2.51052, 3.02411, 2.93045, 2.57962, 2.45419, 2.4861, 2.3863, 2.47829, 2.61256
4.8, 0.0319371, -1.47424, -1.5346, -2.27373, -3.15228, -2.57338, -1.90697, -1.78773, -1.349, -1.3887, -0.741591, -0.795525, 0.179621, -0.089009, -0.3879, -0.097117, 0.15817, 1.13798, 0.63135, 1.87367, 1.62822, -0.367328, -0.32587, 0.18852, -0.00283864, 0.259078, 0.184331, 0.124681, 0.529478, 0.234508, 0.144011
4.82, 0.0319371, -3.32445, -3.13252, -2.2613, -3.40583, -2.90991, -2.93091, -2.78594, -2.16864, -1.96371, -2.37382, -1.31546, -1.13336, -1.14283, -1.49858, -1.64134, -0.483901, -0.275145, 0.0421418, 2.7206, 1.50151, -0.334438, -0.258328, -0.0349874, 0.15606, -0.16638, -0.11652, 0.409793, 0.566568, -0.403462, 0.0775829
4.84, 0.0319371, -3.23084, -2.99818, -3.15265, -3.47479, -3.36169, -2.77585, -2.59743, -2.72806, -2.07711, -1.72294, -1.72837, -1.98676, -1.54824, -2.03848, -2.14992, -1.48016, -0.803509, 1.76824, 2.27947, -0.460899, -0.438529, -0.69545, -0.749794, -0.833592, -1.18214, -0.663015, 0.100207, -0.429456, -0.515016, -0.521741
4.86, 0.0319376, -3.72593, -3.19127, -3.89081, -4.1526, -4.20253, -4.30439, -3.8941, -3.30622, -2.73341, -2.38919, -2.4483, -2.23027, -2.74598, -2.80115, -2.00046, -1.48235, -0.0767953, 0.873946, -0.227172, -1.58768, -1.60643, -1.56535, -1.00526, -1.45401, -1.38944, -1.11325, -1.50237, -1.84078, -1.7648, -0.932351
4.88, 0.0319376, -3.21778, -3.11768, -4.01529, -4.1313, -4.67889, -4.62863, -4.4963, -3.5741, -3.22384, -2.57146, -2.53986, -1.99736, -2.44579, -3.16773, -2.94993, -2.65761, -2.40779, -1.89742, -1.48991, -2.42511, -2.58801, -1.78669, -1.36838, -2.35942, -2.30531, -2.22903, -2.78844, -2.44473, -2.35976, -1.70351
4.9, 0.0319376, -3.51353, -4.36006, -5.50853, -4.66933, -4.408, -4.80813, -4.55865, -4.60983, -4.04006, -3.38134, -3.75694, -3.82714, -3.22545, -3.83919, -3.40944, -3.77219, -3.13521, -2.08981, -2.18059, -3.13721, -3.81993, -3.67134, -3.00055, -3.20152, -3.46908, -3.70379, -3.62341, -3.67786, -3.67622, -3.82068
4.92, 0.0319376, -3.75392, -5.26444, -5.31285, -5.32, -5.05563, -4.58277, -4.38837, -3.89904, -2.80372, -3.0006, -3.78459, -3.64674, -3.12011, -4.05678, -4.27922, -3.66937, -3.1875, -2.7055, -2.65836, -3.36947, -4.17392, -3.69894, -2.95727, -3.2548, -3.66264, -4.15348, -4.01185, -4.03066, -3.879, -3.79742
4.94, 0.0319376, -2.93642, -2.93112, -4.13115, -4.73507, -4.26519, -4.11872, -3.21127, -2.54265, -2.18212, -2.81652, -3.47337, -3.42134, -3.82117, -3.93272, -3.37321, -3.14042, -3.67037, -3.75095, -3.57754, -3.96404, -3.73945, -2.79419, -1.65743, -2.18049, -3.07307, -2.84788, -2.55682, -2.9898, -2.49905, -2.79953
4.96, 0.0319376, -3.24041, -4.33813, -3.37518, -3.57847, -3.94065, -3.00439, -1.99537, -1.54108, -1.2924, -2.42505, -3.62406, -3.59636, -3.55232, -2.86045, -2.60345, -2.22274, -2.54436, -3.19314, -3.57321, -3.53756, -3.78926, -2.50214, -1.80387, -2.07966, -2.2736, -2.42644, -2.18876, -2.02584, -1.90109, -1.23454
