# Time (seconds), Duration (seconds), f0, f1, f2, f3, f4, f5, f6, f7, f8, f9, f10, f11, f12, f13, f14, f15, f16, f17, f18, f19, f20, f21, f22, f23, f24, f25, f26, f27, f28, f29
0, 0.0319375, -0.649432, -1.18656, -1.29224, -0.557591, -0.594668, -0.183554, 0.64099, 0.260424, 0.64255, 0.00664975, -0.115109, -0.409726, -0.315048, -0.334693, -0.452703, -0.26727, -0.250229, -0.354868, -0.452969, -0.748186, -1.06753, -0.96739, -0.870111, -0.996689, -1.05247, -0.856763, -0.0612608, 0.551541, 0.661085, 0.306575
0.02, 0.0319375, -0.739267, 0.344136, -1.16871, -1.93136, 0.540121, 1.05128, -0.00994906, 1.35237, 1.28971, 0.0975005, 0.237389, -0.498936, -0.611784, -0.0958145, 0.155247, 0.44653, 0.68182, 0.713701, 0.91724, 0.837494, 0.109004, -0.380626, 0.096356, 0.36649, -0.0479429, 0.455716, 0.979095, 1.85986, 2.21155, 1.73025
0.04, 0.0319375, -1.35054, 0.779767, 1.07213, -1.40974, -0.809743, 1.57171, 1.50785, -0.581768, 0.160648, 1.1622, -0.795548, 1.21802, 1.05564, 0.818704, 0.765337, 0.927914, 0.463903, 0.37261, 0.570188, 1.12301, 0.967176, 0.199875, -0.0994063, -0.140526, -0.0211328, 0.562431, 0.870611, 1.12644, 1.75197, 1.67418
0.06, 0.0319375, 0.728264, 1.40707, 2.25224, 0.537736, 1.73517, 1.02394, 1.55774, 1.76397, 2.40831, 1.26863, 0.281703, 0.691683, 0.915761, 0.796099, 0.919223, 0.428205, 0.625957, 0.825926, 0.529134, 0.856791, 0.128297, -0.577463, -0.15092, -0.235038, -0.489517, 0.0170308, 0.487299, 0.856077, 1.2584, 1.06739
0.08, 0.0319375, 0.576267, 1.75454, 2.29606, 0.405454, 2.0044, 1.30879, 2.07754, 1.35028, 2.28005, 0.552194, 0.17439, -0.732666, -0.70001, 0.365578, 0.878788, 0.725707, 0.372959, 0.727512, 0.330253, 0.0593776, 0.0635028, -0.597795, -0.420328, -0.152717, -0.482734, -0.0250221, 0.88377, 0.991265, 1.59565, 1.32464
0.1, 0.0319375, -0.307805, 1.89808, 1.97981, 0.633631, 1.63487, 1.5509, 2.18041, 0.986439, 1.17914, 0.522809, -0.1528, -0.161845, -0.113837, 0.686033, 0.167136, 0.0815527, -0.0283126, -0.311364, -0.282908, -0.386488, -0.495676, -0.496618, -0.227652, -0.541887, -0.211271, 0.0378945, 0.873752, 0.803494, 1.19913, 0.998852
0.12, 0.0319375, -0.464321, 1.97772, 1.62837, -0.216517, 0.208607, 2.30193, 2.30898, 0.906974, 0.761931, 0.940481, -0.999977, -0.504475, -0.697465, 0.289067, 0.0992604, -0.183116, -0.18521, -0.0950094, -0.380945, -0.115402, -0.571067, -0.646893, -0.187262, -0.331095, -0.430792, -0.0270822, 0.753982, 0.786951, 0.932338, 0.910695
0.14, 0.0319375, -0.731728, 1.94521, 1.54432, -1.10052, -0.143472, 2.35447, 2.31654, 0.192436, 0.150425, 0.369159, -1.30554, -0.399087, -1.06641, 0.293947, 0.218666, -0.0932859, -0.00894266, 0.340868, 0.051437, 0.0100704, -0.68744, -0.807527, -0.60077, -0.978955, -1.23532, -0.453816, 0.354726, 0.894629, 0.747192, 0.380961
0.16, 0.0319375, -1.13746, 1.74954, 1.39736, -1.191, -0.471108, 2.29782, 2.32508, 0.220688, 0.429233, 0.252157, -1.08204, 0.198794, -0.0735136, 0.0630644, 0.281243, -0.437481, -0.392289, 0.469554, 0.0566871, 0.0135735, -0.359684, -0.62151, -0.461603, -0.824524, -0.627281, -0.464899, 0.149449, 0.673996, 0.758353, 0.646331
0.18, 0.0319375, -1.60726, 1.5923, 1.59549, -0.825778, -0.765513, 1.99609, 2.36424, -0.418086, 0.364924, 1.04011, -0.92324, 0.40413, 0.427669, -0.647887, -0.21436, -0.542568, -0.222173, 0.691559, 0.124395, 0.21151, -0.0992482, -0.384759, -0.147969, -0.627926, -0.650537, -0.32717, 0.197226, 0.764842, 0.902326, 0.546582
0.2, 0.0319375, -0.939812, 1.51362, 1.80722, -1.23796, -0.387654, 1.04816, 1.68414, -0.491938, 0.493566, 0.975894, -0.913103, 0.174049, 0.943623, -0.822821, 0.406643, -0.323709, 0.426198, 0.156516, 0.368614, 0.882437, -0.0315066, -0.230837, -0.0430564, -0.355345, -0.739651, 0.056933, 0.491408, 0.468917, 1.0743, 0.877157
0.22, 0.0319375, -1.2633, 1.50805, 1.2255, -1.15516, -0.904789, 1.63606, 1.98152, -0.0902107, 1.05637, 1.76969, -0.709735, 1.2358, 1.18021, -0.797718, -0.614013, 0.342087, 0.662345, 0.906048, 0.526109, 0.630296, 0.590217, -0.198624, -0.0255796, 0.191607, -0.12, 0.25793, 0.693816, 0.917061, 1.08517, 1.10031
0.24, 0.0319375, -1.24519, 1.52806, 1.4534, -1.46556, -1.20911, 1.51975, 2.22278, -0.221398, 0.743383, 1.76941, -1.02162, 1.06603, 1.29956, -0.714284, -0.348086, -0.0934624, 0.82155, 0.535262, 0.369696, 0.660459, 0.719531, 0.233843, -0.0641912, 0.0382922, 0.0691298, 0.190442, 0.994674, 0.992053, 1.40775, 1.02229
0.26, 0.0319375, -1.77387, 1.38545, 0.979568, -2.19823, -1.48034, 1.51496, 1.74224, -0.565724, 0.640833, 1.47475, -1.57627, 1.31413, 0.954531, 0.638745, 0.652303, 0.249551, 0.434937, 0.532833, 0.373942, 0.934338, 0.586175, -0.341767, -0.404709, -0.18171, -0.147613, 0.418799, 0.867958, 1.02801, 1.0916, 1.46337
0.28, 0.0319375, -2.35587, 1.21179, 0.701932, -2.18107, -2.14554, 1.49, 1.24802, -0.697196, 0.905038, 0.945782, -1.42596, 1.47363, 0.567753, 0.830371, 0.438833, 0.199747, -0.127071, 0.012749, 0.11716, 0.332378, 0.90687, -0.480764, -0.823023, -0.251274, -0.149774, 0.0296708, 0.499773, 0.693289, 1.0951, 1.16521
0.3, 0.0319375, -1.46448, 0.99979, -0.128513, -2.68128, -0.927532, 0.957175, 0.137515, -1.37302, 0.658076, 0.588178, -0.450932, 1.40331, -0.0569075, 1.25113, 0.0425238, 0.569242, -0.0378409, -0.108466, 1.01956, 1.13662, 1.14781, -0.0122636, -0.463555, 0.413251, 0.468794, 0.440867, 1.05962, 1.03092, 1.2916, 1.30909
0.32, 0.0319375, -1.07769, 0.277721, -1.23941, -3.02021, -0.291516, 0.634183, -1.12621, 0.294594, 1.58525, -0.323794, 0.62219, 0.219222, 0.226326, 0.388799, -0.124941, -0.359607, 0.178624, 0.0699697, 0.370616, 0.831371, 0.379196, -0.45051, -0.412215, -0.11341, -0.176132, 0.15212, 0.732395, 0.834013, 1.16661, 1.45071
0.34, 0.0319375, -1.44934, 0.708203, -0.551762, -3.72292, -0.492061, 0.667695, -1.47656, -0.144162, 1.70132, -0.559883, 0.418674, 0.38392, -0.0602427, 0.264822, -0.348249, -0.473387, 0.311098, -0.0786049, 0.247409, 0.492666, 0.233148, -0.246964, -0.234144, -0.451941, -0.168258, 0.437572, 0.841579, 0.953143, 1.26831, 1.45602
0.36, 0.0319375, -1.31419, 0.54814, -0.68998, -2.88861, -0.646794, 0.812305, -0.812711, -0.473672, 1.69633, -0.865043, 0.343576, 0.504692, -0.00110156, 0.388235, -0.492261, -0.426365, 0.307388, -0.105269, 0.175059, 0.570143, 0.126282, -0.12283, -0.0452281, -0.188116, -0.0658791, 0.556548, 0.801198, 1.036, 1.41595, 1.41617
0.38, 0.0319375, -1.41019, 0.102227, -1.32929, -3.11948, -1.08424, 0.704539, -0.756086, -0.678544, 1.68018, -0.267209, 0.15197, 0.852381, -0.439635, 0.595345, -0.627486, -0.219931, 0.267947, 0.203211, 0.674479, 0.58386, 0.335266, 0.237176, 0.331867, 0.125231, 0.298896, 0.909683, 0.923206, 1.29754, 1.46428, 1.63921
0.4, 0.0319375, -2.61789, 0.382658, -0.439813, -3.90377, -1.83485, 0.853203, -0.419324, -2.07973, 1.63251, 1.0987, -0.723695, 1.53231, -0.488652, 0.628212, -0.855496, -0.24824, 0.170728, 0.949845, 0.966085, 0.401212, 0.338863, 0.900547, 0.517147, -0.274834, 0.837207, 1.04991, 0.750874, 0.969586, 1.34017, 1.54742
0.42, 0.0319375, -3.58282, 0.505901, -0.245785, -2.94805, -2.31113, 0.468714, -0.239468, -2.1434, 1.57395, 1.26125, -1.39935, 1.63119, -0.0185311, 0.767309, 0.136377, 0.0796567, -0.0335912, 1.33541, 0.876938, 0.634552, 0.56345, 1.06253, 0.606921, 0.142374, 0.71207, 1.12432, 0.593681, 0.636797, 1.1303, 1.65402
0.44, 0.0319375, -3.06379, 0.505109, -0.393493, -3.16659, -2.34887, 0.661018, -0.393577, -2.08845, 1.70307, 1.32191, -1.05667, 1.65142, -0.38839, 0.39301, -0.776638, 0.80745, 0.330215, 1.18287, 0.868813, 0.842047, 1.00797, 1.11909, 0.459945, 0.25587, 1.01046, 0.837683, 0.886324, 0.949385, 1.1642, 1.44448
0.46, 0.0319375, -2.36174, 0.537243, -0.398854, -3.80681, -1.90896, 0.88753, -0.371027, -2.19635, 1.94118, 1.16394, -0.783951, 1.54527, -0.868798, 0.251694, -1.28854, 0.64201, 0.47844, 1.21813, 0.354586, 0.944922, 1.10947, 1.0373, 0.31016, 0.490684, 1.10295, 0.398544, 0.727989, 1.10788, 1.1717, 1.36301
0.48, 0.0319375, -2.70841, 0.461253, -0.448341, -3.35469, -2.00096, 0.940498, -0.212401, -1.91553, 1.84991, 1.02187, -0.869281, 1.62835, -0.835594, 0.183573, -1.1432, 0.568676, 0.515232, 1.23578, 0.666824, 0.856888, 1.07176, 1.13238, 0.427084, 0.585179, 1.03634, 0.233383, 0.469496, 0.916141, 1.05043, 1.19218
0.5, 0.0319375, -2.24636, 0.439651, -0.568862, -2.72617, -1.7479, 0.993572, -0.304679, -1.87793, 1.90357, 1.19767, -0.801511, 1.57076, -0.872838, 0.269842, -1.25581, 0.676805, 0.515516, 1.27146, 0.684996, 0.867335, 1.11011, 1.17186, 0.439671, 0.502005, 0.844625, 0.238628, 0.738079, 1.10901, 1.17206, 1.25112
0.52, 0.0319375, -2.4161, 0.341587, -0.956799, -2.8745, -1.27168, 1.0025, -0.746302, -1.66285, 1.94724, 0.771618, -0.0300745, 1.33049, -1.02289, 0.723645, -0.9762, 0.520276, 0.65719, 0.763246, 0.704079, 0.453413, 0.748327, 0.861975, 0.486298, 0.350477, 0.75697, 0.559511, 0.633456, 0.989907, 1.18712, 1.32085
0.54, 0.0319375, 0.00126961, 0.0246751, -0.175745, -1.52348, -0.642495, 1.05988, -0.692546, -0.995, 2.17873, 1.08878, 0.0358021, 1.62479, -0.434783, 0.409267, -0.727959, 0.984896, 0.81895, 0.902572, 0.154803, 1.02093, 1.14821, 0.805712, 0.342312, 0.912496, 0.876748, 0.538442, 0.60051, 0.917495, 1.41188, 1.5554
0.56, 0.0319375, -0.139052, 0.253273, -0.149199, -2.21145, -1.41445, 1.62819, 0.850714, -1.39915, 2.20238, 1.89666, -1.09723, 1.77894, 0.445003, 1.33059, 0.555682, 1.02585, 0.356942, 0.718823, 1.05577, 1.06209, 0.984662, 0.532939, 1.1999, 1.18085, 1.06283, 0.854378, 0.352934, 0.905253, 1.36092, 1.5028
0.58, 0.0319375, 1.01574, 1.3945, 1.77726, 0.937333, 1.6271, 1.63459, 1.26269, 1.29744, 2.60102, 2.22845, 1.23574, 1.40622, 0.820009, 1.12953, 1.12249, 1.48929, 1.42758, 1.24078, 0.762924, 1.24975, 1.40979, 1.11753, 1.0844, 1.28671, 1.25313, 1.01143, 0.579791, 0.461477, 1.08897, 1.40427
0.6, 0.0319375, 1.02863, 1.45846, 1.92363, 1.11204, 1.67146, 1.63622, 1.33562, 1.86165, 2.40305, 1.73223, 1.46016, 0.979678, 0.643398, 1.3087, 1.28038, 1.00625, 1.24839, 1.25678, 0.591588, 0.696799, 0.924876, 0.766291, 0.889057, 0.960001, 0.778206, 0.729334, 0.750263, 0.867055, 0.884535, 0.893929
0.62, 0.0319375, 0.354186, 1.36422, 1.86438, 1.29708, 2.17947, 0.610477, 1.85719, 2.53922, 2.65964, 0.942872, 0.347967, 1.17253, 1.11048, 0.924745, 1.06463, 0.945079, 1.22932, 0.649528, 0.499914, 0.617614, 0.617074, 0.354934, 0.173952, 0.380851, 0.242537, 0.184779, 0.0183602, 0.143446, 0.744717, 0.922444
0.64, 0.0319375, 0.119613, 1.6937, 1.63184, 1.4494, 1.99076, 1.09457, 1.18087, 2.44543, 2.2488, 1.75541, 0.533948, 0.673562, 0.90829, 0.653143, 1.14046, 1.00573, 0.419929, 0.296245, -0.0287101, -0.215884, -0.279401, -0.0261527, -0.209881, -0.213166, 0.0931464, -0.0974672, -0.21089, 0.157726, 0.634329, 0.377581
0.66, 0.0319375, -0.398458, 1.78595, 1.27761, 1.62531, 1.84738, 1.65535, 1.34688, 2.43295, 1.8169, 1.25936, 0.0833255, 0.383915, 0.0573849, 0.0375941, 0.712999, 0.660233, -0.0812661, 0.227976, -0.236496, -0.363429, -0.3768, -0.00472043, -0.105211, 0.00573928, -0.148577, -0.0417376, 0.195883, 0.13324, 0.689723, 0.6502
0.68, 0.0319375, 0.143176, 1.79842, 2.12603, 1.24772, 0.861889, 1.04309, 1.89324, 1.62737, 1.07316, 1.19533, 0.531974, -0.471958, 0.164435, 0.0747497, 0.535505, 0.14058, 0.338659, 0.0718221, 0.0518682, -0.477201, -0.148281, -0.377759, -0.38113, 0.191766, -0.119945, -0.0354646, 0.171313, 0.225788, 0.566567, 0.694609
0.7, 0.0319375, -0.410372, 1.74283, 1.76548, -0.501067, -0.710075, 0.868184, 1.4847, -0.0783019, 0.674917, 1.33364, -0.502874, -0.396893, -0.0072186, 0.132581, 0.717746, 0.443385, 0.209174, -0.313966, -0.313422, -0.103775, 0.0723897, -0.238756, -0.372685, -0.026656, -0.0810459, 0.165011, 0.347743, 0.422427, 0.945587, 0.389288
0.72, 0.0319375, -0.980322, 0.642667, 0.859752, -0.624003, 0.135062, 0.247112, 0.136319, -0.347549, 0.37333, -0.2654, -1.28782, -0.691556, -0.515834, -0.200791, 0.10336, -0.230777, -0.445916, -0.250346, -0.446735, -0.575034, -0.373535, -0.817167, -0.765147, 0.145231, 0.536129, 0.421883, 0.241686, 0.413889, 0.458628, 0.50634
0.74, 0.0319375, -1.7849, -1.48695, -1.45194, -0.941746, -0.859686, -1.19684, -1.45059, -0.365859, -0.0712044, -0.762428, -0.879117, -1.11205, -1.03759, -0.794389, -0.854048, -0.586668, -0.533428, -0.761284, -0.761986, -0.44927, -0.347473, -0.905117, -0.692527, -0.488322, -0.36033, 0.104115, -0.0447485, -0.051761, -0.0545745, 0.0248414
0.76, 0.0319375, -2.16569, -0.639934, -0.556663, -1.07802, -0.801612, -1.51977, -0.956836, -0.455495, -0.700354, -0.881152, -1.66254, -1.5495, -1.33085, -1.08333, -0.9055, -1.72185, -1.25224, -1.39846, -1.40252, -0.937933, -1.12475, -1.39279, -1.32123, -0.852143, -0.869905, -0.613836, -0.789927, -0.800519, -0.945714, -0.460464
0.78, 0.0319375, -1.99778, -0.610845, -0.622158, -1.71008, -1.55831, -1.58237, -1.43757, -1.15791, -0.876054, -1.23978, -2.20329, -2.00118, -2.35246, -2.00933, -1.7445, -2.0729, -2.26961, -2.04914, -1.86758, -2.25286, -2.23506, -2.06696, -1.94055, -1.52336, -1.81226, -1.2771, -1.86253, -2.11409, -2.00689, -1.87906
0.8, 0.0319375, -1.82535, -1.23562, -1.86525, -2.38825, -1.76617, -1.24232, -1.36836, -1.22281, -1.14779, -1.19705, -1.95348, -1.9341, -1.83509, -2.08662, -2.07084, -2.07245, -2.41348, -2.58095, -2.32234, -2.45102, -2.30652, -2.05659, -2.12338, -2.29251, -2.14598, -2.18811, -2.65863, -2.43709, -2.27261, -2.46887
0.82, 0.0319375, -2.04968, -1.56549, -1.32268, -2.4317, -1.81143, -2.35715, -2.41433, -1.28742, -0.906603, -1.03775, -1.90612, -2.04956, -2.24327, -2.32, -2.27028, -2.42053, -2.56213, -2.74944, -2.20403, -2.58672, -2.45215, -2.52371, -2.77751, -2.31491, -2.05954, -2.41091, -2.66743, -3.0963, -2.50626, -2.55056
0.84, 0.0319375, -1.15538, -0.91744, -1.32533, -1.70968, -1.70158, -2.34129, -2.66292, -0.864938, -1.00474, -2.57411, -2.40447, -2.13918, -2.33274, -2.2908, -2.23836, -2.50526, -2.23305, -2.41962, -2.58412, -2.94547, -3.32396, -2.73504, -2.25146, -2.0862, -2.24333, -1.87238, -1.82959, -2.05591, -1.86779, -1.48209
0.86, 0.0319375, -2.1496, -2.25689, -2.55873, -2.38155, -1.87567, -2.74957, -1.80761, -1.12536, -1.07807, -1.58637, -2.17082, -2.38876, -2.17935, -1.9396, -1.81805, -1.81962, -2.07627, -1.9489, -2.08215, -2.08053, -1.97451, -2.01598, -1.83888, -1.83156, -1.64092, -1.39377, -1.28435, -0.940374, -1.00047, -1.00085
0.88, 0.0319375, -1.85233, -2.1305, -2.24265, -2.68375, -3.38083, -2.78212, -2.14323, -1.25116, -0.813902, -1.12869, -1.13018, -1.57474, -1.50408, -1.89091, -1.7915, -1.82739, -1.75223, -2.09655, -2.13513, -1.74888, -1.78748, -2.53523, -1.76891, -1.221, -0.79787, -0.606728, -0.521107, -0.932373, -0.516846, -0.96019
0.9, 0.0319375, -1.87315, -1.7016, -2.58924, -2.60498, -2.60093, -1.93114, -1.76882, -1.35458, -1.80405, -2.25269, -1.6314, -1.84461, -1.88734, -2.07316, -1.77583, -1.64749, -1.82104, -1.76197, -2.25053, -1.91755, -2.22043, -2.53219, -1.96491, -1.74734, -1.38342, -1.06005, -1.04759, -1.14171, -1.15425, -1.2147
0.92, 0.0319375, -2.74604, -2.34379, -2.31558, -2.29912, -2.04482, -2.57892, -2.23553, -1.75678, -1.72805, -1.58604, -2.02637, -1.83993, -1.72573, -1.91654, -1.94287, -1.9506, -1.82542, -2.27871, -2.02803, -2.01895, -2.35003, -2.50159, -2.02553, -1.6224, -1.43066, -1.58497, -1.40146, -1.11209, -0.98742, -1.0021
0.94, 0.0319375, -2.25302, -2.13799, -2.52702, -2.50835, -2.29057, -2.67969, -2.50777, -1.98869, -1.7885, -1.38566, -2.12962, -1.4911, -2.11715, -1.99784, -2.16073, -1.803, -2.26619, -2.42813, -2.12384, -1.8866, -2.24454, -2.27923, -1.96663, -1.52548, -1.53764, -1.30392, -0.94538, -1.14658, -1.24465, -1.13391
0.96, 0.0319375, -2.6806, -2.70001, -3.04501, -3.10974, -2.569, -2.15714, -1.72143, -1.72691, -1.68871, -1.68045, -1.48689, -1.78018, -1.53244, -1.78121, -1.70086, -1.64284, -1.84038, -1.71444, -1.81846, -1.96718, -1.84933, -1.97669, -1.53862, -1.35144, -1.2385, -1.11332, -1.26764, -1.15094, -0.757503, -0.620026
0.98, 0.0319375, -3.26301, -2.04651, -2.31934, -2.27636, -2.36474, -2.44471, -2.41784, -1.78212, -1.78875, -1.45666, -1.62917, -2.26624, -1.78692, -1.38782, -1.56934, -1.84317, -1.78359, -1.71761, -1.75391, -1.94155, -1.81374, -1.72739, -1.66492, -1.53641, -1.29475, -1.35114, -1.00412, -0.866571, -0.856235, -0.657359
1, 0.0319375, -2.42344, -2.5722, -2.94592, -2.67817, -2.56971, -2.6137, -2.4008, -1.77227, -1.47196, -1.62786, -1.64305, -1.88107, -1.79241, -1.34827, -1.75069, -1.7407, -1.60445, -1.96646, -2.24829, -1.97199, -1.69709, -1.97972, -1.76128, -1.52893, -1.24526, -0.925535, -0.849763, -0.970505, -0.57985, -0.775789
1.02, 0.0319375, -2.42121, -2.7692, -3.12875, -2.58849, -2.46739, -2.41419, -2.3638, -1.4466, -1.31659, -1.56691, -1.96387, -2.05947, -1.85018, -1.64959, -1.82637, -1.73482, -1.68331, -1.83702, -2.10821, -2.222, -2.22291, -2.1184, -1.71056, -1.49712, -1.30487, -1.24935, -1.12798, -1.27959, -1.07418, -0.776074
1.04, 0.0319375, -1.51051, -0.503169, -1.23784, -2.47821, -2.36019, -1.4017, -1.89612, -2.26184, -1.68215, -1.98474, -2.4566, -2.82627, -2.12467, -2.45348, -2.45333, -2.33708, -2.22312, -2.13967, -2.17802, -2.43264, -2.98885, -2.79385, -2.27678, -2.20657, -2.12087, -1.69717, -1.77964, -1.87044, -1.58487, -1.40894
1.06, 0.0319376, -2.99051, -2.16103, -2.00452, -1.91382, -2.61025, -2.52966, -2.22014, -2.71855, -2.67571, -3.07066, -4.21492, -3.65943, -3.42017, -3.59937, -3.6398, -3.81455, -3.06735, -3.24599, -3.42482, -3.52677, -3.71314, -4.02807, -3.63001, -3.18984, -2.55298, -2.62214, -3.18839, -3.26986, -3.29451, -3.01669
1.08, 0.0319375, -2.38882, -2.61414, -3.1858, -3.98685, -3.81047, -3.88718, -3.61235, -3.52565, -3.77358, -4.02518, -3.37731, -3.94166, -3.45496, -3.83623, -4.12579, -3.82439, -3.91609, -4.10823, -3.78998, -3.60027, -3.92239, -3.70447, -3.96089, -4.20815, -3.55255, -3.52591, -3.853, -3.7147, -3.49653, -3.60686
1.1, 0.0319375, -2.90414, -2.9502, -3.51249, -3.28986, -3.55547, -3.57356, -3.99003, -3.4374, -3.10643, -3.66274, -4.17769, -3.82672, -3.88459, -3.95272, -4.36857, -3.93391, -3.97831, -4.18912, -4.02774, -4.14951, -4.1564, -4.01485, -4.04463, -3.90221, -3.96065, -3.68255, -3.6976, -3.89032, -3.80494, -3.75343
1.12, 0.0319375, -2.84205, -3.17429, -3.19357, -3.44632, -3.13607, -3.5491, -3.56932, -3.9787, -3.62813, -3.96616, -4.73353, -4.0487, -3.89465, -3.99251, -4.01885, -3.96351, -4.13668, -4.20848, -4.08774, -4.28686, -4.06033, -4.19844, -4.29662, -3.87189, -3.65699, -3.8499, -3.73052, -3.96742, -3.70305, -3.94012
1.14, 0.0319375, -2.65069, -2.77014, -3.57668, -4.33454, -3.81329, -3.8852, -4.12299, -3.41636, -3.05439, -3.61069, -4.24896, -3.90704, -3.69276, -3.98409, -4.29535, -4.11425, -3.83441, -4.15961, -4.3664, -4.3205, -4.37962, -4.14333, -3.97515, -3.87057, -3.95746, -3.99445, -4.23596, -4.14953, -4.10639, -3.82433
1.16, 0.0319375, -2.82266, -3.14614, -4.02826, -3.61822, -3.88734, -4.25024, -4.49018, -3.70074, -3.51244, -3.99808, -4.80845, -3.91219, -3.8827, -4.08446, -4.23643, -3.9031, -3.98253, -4.07075, -3.80061, -3.60068, -3.68843, -3.96732, -4.2578, -3.82846, -3.94452, -3.55483, -3.36922, -3.56315, -3.85262, -3.82227
1.18, 0.0319376, -1.17617, -1.42372, -1.40707, -0.708923, -0.868263, -0.331321, 0.291972, 0.141266, 0.662805, -0.0684776, 0.0693731, -0.363176, -0.20286, -0.194533, -0.324118, -0.2338, -0.232385, 0.0283393, 0.0234116, -0.292284, -0.77265, -1.26309, -1.07011, -0.882114, -0.613126, -0.466004, -0.548268, -1.00274, -1.16479, -1.15066
1.2, 0.0319375, 0.180927, 0.936157, -0.611009, -0.608179, 1.19298, 1.40056, 0.989486, 2.34559, 2.22911, 1.4413, 1.39092, 1.00476, 0.9204, 0.645547, 0.382635, 0.234437, 0.27471, 0.580882, 0.854595, 0.792544, 0.426569, -0.201276, -0.347551, -0.160122, 0.143135, 0.414859, 0.455652, 0.86619, 0.77118, 0.482599
1.22, 0.0319375, -1.97773, 1.31881, 1.51339, -1.12344, -0.695744, 2.0044, 2.24056, 0.565674, 1.29697, 2.08197, -0.153766, 0.654065, 0.974082, 0.527896, 0.642301, 0.724021, 0.730909, 1.02954, 0.813016, 1.11388, 0.481382, 0.0391355, 0.339304, 0.32924, 0.483834, 0.85867, 1.17099, 1.14863, 1.57057, 1.66033
1.24, 0.0319375, 0.646511, 1.6527, 2.30619, 1.31849, 2.09494, 0.937844, 1.91999, 2.40088, 2.87822, 1.80131, 1.46678, 1.19945, 0.706724, 0.654915, 1.42305, 0.715027, 1.12198, 1.05409, 0.883263, 0.956004, 0.309436, -0.0547534, 0.241026, -0.0551331, 0.0626659, 0.255001, 0.538675, 0.426072, 0.636331, 0.291727
1.26, 0.0319375, 0.231894, 2.01046, 2.42312, 0.982465, 1.72642, 1.52475, 2.60943, 1.95063, 2.1162, 1.1105, 0.183024, 0.424517, -0.132297, 0.566146, 1.03006, 0.830387, 0.555063, 0.801121, 0.628467, 0.176526, -0.211069, -0.428083, -0.0568239, 0.0679412, 0.430867, 0.608044, 0.712724, 0.525694, 0.793342, 0.592918
1.28, 0.0319375, 0.279443, 1.03404, 2.68491, 1.49376, 0.872392, 0.741322, 1.91062, 2.07897, 1.20135, 0.504377, 0.871548, -0.485035, -0.564599, -0.00158423, 0.16331, 1.13628, 0.286453, 0.387287, 0.38976, -0.0608877, -0.646812, -0.201626, -0.38833, 0.137823, 0.693964, 0.873937, 0.696077, 0.753323, 0.83534, 0.808149
1.3, 0.0319376, -1.64264, 1.19141, 2.57248, 0.403189, 0.161413, -0.750452, 1.79373, 1.62359, -0.0228701, 0.209004, 0.886023, -1.15034, -0.0270837, -0.00542962, -0.150444, 0.425843, -0.0110094, 0.268077, 0.0574319, -0.050101, -0.15968, -0.81777, -0.365775, -0.0632621, 0.772179, 1.0656, 0.827937, 0.798306, 0.810404, 0.934514
1.32, 0.0319375, -1.43318, 0.789072, 2.51931, 0.721432, -0.169223, -0.00105264, 2.07935, 2.26621, 0.291819, -0.0649597, 0.344775, -1.23523, -0.676693, -0.146992, -0.610367, 0.392448, -0.329664, 0.14395, 0.182274, -0.201095, -0.543896, -1.28313, -0.551389, -0.230344, 0.033758, 0.0683967, -0.0356472, -0.0668887, 0.398216, 0.440083
1.34, 0.0319375, -0.849365, 2.04106, 1.4149, 0.0135998, 0.99726, 2.78726, 2.43809, 1.6372, 1.58732, 1.42346, 0.737521, 0.516305, -0.00775355, 0.844332, 0.817606, 0.523701, 0.612625, 0.872701, 0.824089, 0.523386, -0.312362, -0.501745, -0.455694, -0.256373, 0.11757, 0.179226, -0.047099, -0.0278246, 0.328126, 0.301091
1.36, 0.0319375, -0.891773, 2.09332, 1.46152, -0.76381, -0.13039, 2.69112, 2.09994, 1.6776, 1.69408, 1.60674, 0.276349, 0.767193, 0.338466, 0.694074, 0.520447, 0.305499, 0.209367, 1.15741, 1.08539, 1.11117, 0.2326, -0.090907, 0.0685301, 0.108021, 0.213722, 0.414348, 0.424734, 0.341218, 0.769439, 0.91682
1.38, 0.0319375, -1.63748, 2.06745, 1.63254, -0.891668, -0.626668, 2.55708, 2.18329, 2.18299, 1.85434, 1.82387, 1.02384, 0.839059, 0.934926, 0.677893, 0.700318, 0.620961, 0.30125, 1.23772, 1.33084, 1.14129, 0.155461, -0.174174, 0.0879031, 0.030391, 0.344006, 0.459316, 0.414821, 0.46725, 1.10163, 1.28569
1.4, 0.0319375, -1.1903, 2.03933, 1.79857, -0.678331, -0.270693, 2.52019, 2.67541, 2.09771, 2.02847, 2.01693, 1.27283, 1.07879, 0.948633, 0.553234, 0.430066, 1.21829, 0.655876, 1.39429, 1.46751, 0.792689, 0.625495, -0.0930818, 0.303651, 0.253353, 0.332178, 0.908088, 0.630711, 0.424912, 1.15709, 1.29287
1.42, 0.0319376, -0.869972, 1.75693, 1.40418, 0.338009, 0.908104, 2.2751, 2.55224, 2.53889, 2.43465, 2.03843, 1.58802, 0.824359, 0.914945, 1.21935, 0.966566, 1.47257, 1.03803, 1.40681, 1.16882, 1.34893, 0.742186, 0.366323, 0.53211, 0.650735, 1.00828, 1.56125, 1.59542, 1.76134, 2.00359, 2.0469
1.44, 0.0319375, -0.92011, 1.35352, 0.209983, -0.358918, 0.601186, 2.06611, 0.989934, 1.81211, 2.29872, 1.19193, 0.858908, 0.448129, 0.495033, 0.749221, 0.703385, 0.949114, 0.868543, 0.79639, 1.11353, 0.556811, 0.197596, 0.0392608, 0.22221, 0.283179, 0.349015, 0.920806, 0.91381, 0.817711, 1.78265, 1.9486
1.46, 0.0319375, -0.962123, 0.968279, -0.488978, -2.11248, 0.522162, 1.84187, 0.0503341, 0.542303, 2.08525, -0.0224112, -0.374802, -0.0455465, -0.0607461, 0.812233, 0.292845, 0.744264, 0.841803, 0.506318, 0.474612, 0.46152, -0.147833, -0.325768, -0.0152212, -0.0486332, 0.275602, 1.01222, 1.05308, 0.721864, 1.6988, 1.90957
1.48, 0.0319375, -1.70791, 1.28706, 0.382408, -2.67565, -0.403803, 2.01318, 0.621624, -1.05858, 0.920846, 0.107535, 0.00194872, 1.30771, -0.511994, 1.6149, 0.099817, 1.40316, 0.0922126, 0.256749, 0.502906, 0.685033, 0.526709, 0.0430845, 0.0248767, 0.212867, 0.465794, 1.02374, 1.33761, 1.29948, 1.46894, 1.95986
1.5, 0.0319375, -1.19892, 1.15115, 0.0135981, -2.51854, -0.334328, 1.88032, 0.0637321, -0.543163, 1.37817, 0.131601, -0.0865085, 0.963334, -0.487301, 1.47537, 0.194058, 1.42382, 0.101826, 0.105574, 0.153935, 0.736668, 0.494761, 0.0559693, -0.0345871, 0.280214, 0.355916, 1.05238, 1.44419, 1.29661, 1.29802, 1.65587
1.52, 0.0319375, -1.05518, 1.04355, -0.493655, -2.42593, 0.166272, 1.79835, -0.455253, 0.12398, 1.86604, -0.437527, -0.229349, 0.0113159, -0.012404, 1.14442, 0.461696, 0.980296, 0.570958, 0.047363, -0.163357, 0.640248, 0.332201, -0.0883482, -0.239661, -0.010868, 0.129397, 0.914291, 1.4395, 1.2105, 1.04828, 1.65812
1.54, 0.0319375, -0.587187, 1.01782, -0.95452, -2.79451, 0.801835, 1.53787, -0.976311, 1.13913, 2.20757, -0.714831, 0.232043, -0.790184, 0.136281, -0.037679, 0.982727, 0.351436, 0.82955, 0.322506, 0.187846, 0.0484104, 0.554439, 0.282504, 0.0265086, -0.455031, 0.210081, 0.87904, 1.12501, 1.12728, 1.30203, 1.70489
1.56, 0.0319376, -0.829887, 1.04334, -0.861778, -2.95334, 0.742141, 1.71707, -0.99033, 0.920535, 2.23196, -1.09342, 0.140461, -0.444232, 0.111044, 0.260159, 0.81072, 0.373891, 0.965201, 0.410756, 0.369762, -0.0552017, 0.539223, 0.144282, 0.0816378, -0.541779, 0.127506, 0.915312, 0.977897, 0.757127, 1.11919, 1.3844
1.58, 0.0319375, -0.914244, 0.980493, -0.901937, -2.80857, 0.795843, 1.82444, -0.900595, 0.899021, 2.40508, -0.539396, 0.444624, 0.0326654, -0.453044, -0.102186, 0.545829, 0.211027, 0.939111, 0.470274, 0.470192, -0.0498606, 0.259537, 0.0501383, 0.258396, 0.067059, -0.048741, 0.970277, 1.45321, 1.03038, 1.063, 1.53265
1.6, 0.0319375, -0.7536, 1.15508, -0.687713, -2.65582, 0.816468, 1.60924, -1.2465, 1.29307, 2.42515, -0.956256, 0.831989, -0.0215043, -0.850782, -0.621512, 0.578619, 0.120456, 0.906313, 0.775247, 0.703642, 0.450351, -0.350254, 0.123416, 0.420189, 0.342192, -0.0298243, 0.773127, 1.21825, 0.808688, 1.29023, 1.56499
1.62, 0.0319375, -0.810792, 1.12427, -0.547159, -3.28982, 0.766942, 1.97952, -0.777541, 0.481185, 2.31371, -0.292329, -0.0457154, 0.0545936, 0.0368464, 0.673471, 0.647233, 0.59129, 1.14031, 0.23979, 0.255006, 0.627485, 0.814134, 0.289414, -0.039651, -0.0549069, 0.382333, 0.991612, 1.22704, 1.1268, 1.14131, 1.62629
1.64, 0.0319375, -1.13786, 1.05866, -0.566661, -2.9167, 0.526631, 2.01124, -0.493557, 0.397027, 2.53537, -0.0537786, 0.122278, 0.0711365, -0.293611, 0.456894, 0.427189, 0.738923, 1.03465, 0.493528, 0.511139, 0.254534, 0.647888, 0.357855, 0.128338, -0.107454, 0.258648, 1.02627, 1.05763, 1.12756, 1.29622, 1.39455
1.66, 0.0319375, -0.791653, 1.1067, -0.93789, -3.21927, 0.837711, 1.73422, -1.82183, 1.16605, 2.55115, -0.806675, 0.493397, -0.101704, -0.0813766, -0.125723, 0.645913, 0.163737, 0.988928, 0.2368, 0.145477, -0.160366, 0.687445, 0.228578, 0.0214782, -0.347932, 0.268582, 1.12654, 1.24487, 1.08814, 0.996577, 1.56862
1.68, 0.0319376, -0.454544, 1.26943, -0.693029, -2.92077, 0.972422, 1.78997, -1.8861, 1.21829, 2.37741, -1.39638, 0.264186, -0.280198, 0.170659, 0.0987876, 0.736657, 0.260662, 0.987573, -0.0438784, 0.0315215, 0.287838, 0.846065, 0.18271, -0.122847, -0.0445944, 0.272104, 0.966353, 1.26726, 1.1015, 1.12271, 1.5456
1.7, 0.0319375, -0.453342, 1.40029, -0.550214, -2.94572, 1.08591, 1.93442, -1.82896, 1.17334, 2.44309, -1.42673, 0.177444, -0.446119, -0.00413239, 0.0287752, 0.689401, 0.216049, 0.974307, -0.0756449, 0.00416614, 0.149724, 0.724896, -0.262312, -0.770571, -0.267663, 0.222152, 0.598577, 0.916502, 0.729166, 1.36489, 1.81178
1.72, 0.0319375, -0.163723, 1.49099, -0.749411, -2.59534, 1.21109, 1.7471, -1.47588, 1.69635, 2.51466, -1.20244, 0.67419, -0.572684, -0.0620768, -0.4416, 0.80589, 0.239156, 0.995176, 0.540676, -0.0150078, -0.175505, 0.534149, 0.196465, -0.412373, -0.360333, 0.271367, 0.925802, 1.07087, 0.786822, 1.68231, 1.99909
1.74, 0.0319375, 0.292008, 1.40051, -0.989561, -1.85985, 1.40512, 0.878312, -0.999586, 2.49026, 2.37787, 0.471256, 1.49852, -0.529117, 0.302507, -0.487083, 0.275269, 0.613309, 0.868367, 1.33913, 1.30535, 0.963288, 0.464287, -0.220507, 0.119439, 0.342403, 0.145772, 0.765757, 1.31269, 1.67526, 2.19776, 1.99688
1.76, 0.0319375, 0.534839, 0.55132, -1.93494, -0.613535, 1.50923, 0.0360734, 0.558594, 2.69489, 1.02168, 1.61577, 0.760582, 0.612746, 0.383841, 0.049083, -0.363354, -0.454835, 0.432794, 0.545169, 0.870424, 1.08368, 0.617505, -0.176622, -0.578766, -0.235158, 0.838681, 1.5469, 1.64627, 1.97876, 2.34869, 1.86811
1.78, 0.0319375, 0.630211, 0.364305, -2.82944, -0.35239, 1.16563, -0.69633, 1.18592, 2.40963, 0.117683, 1.72159, 0.10742, 0.8627, -0.0868936, 0.261135, -0.981023, -0.816172, -0.319814, 0.17649, 0.463684, 0.5798, 0.230582, -0.556485, -0.869967, -0.209556, 0.799746, 1.09656, 1.30614, 1.78252, 1.97262, 1.54453
1.8, 0.0319376, 0.719092, -0.328514, -2.45745, 0.492636, 0.457609, -0.41242, 1.94651, 1.43645, 1.57037, 1.42745, 0.641829, 0.808376, 0.534034, 0.25792, 0.0642301, -0.242108, -0.488378, -0.169897, 0.394303, 0.738929, 0.374901, -0.351701, -0.556829, -0.0738327, 0.879926, 1.53482, 1.66917, 1.81405, 2.00993, 1.4541
1.82, 0.0319375, 0.477383, -1.06371, -2.21076, 0.499864, 0.0786043, -0.00858086, 1.64533, 0.331683, 1.74665, 0.565043, 0.905406, -0.00681092, 0.571187, 0.0286726, 0.0648614, 0.268032, -0.149159, -0.683357, -0.676542, -0.00892552, 0.018488, -0.398312, -0.263474, 0.189974, 0.741209, 1.17701, 1.35512, 1.67365, 1.82827, 1.22524
1.84, 0.0319375, -0.131238, -1.71593, -1.18459, 0.16258, -0.952643, 0.70945, 1.0527, 0.892179, 1.61679, 0.536582, 0.82372, 0.301491, 0.235179, 0.312837, 0.148296, 0.165138, 0.294692, 0.357202, 0.241847, 0.0913582, -0.36999, -0.518201, -0.227028, 0.0869121, 0.533805, 0.896192, 1.07479, 1.47345, 1.66142, 1.04652
1.86, 0.0319375, -0.110724, -2.3601, -1.42088, -0.116291, -1.11705, 0.431568, 0.254763, 0.6031, 1.03267, 0.286806, 0.0452547, -0.0515847, -0.362514, -0.255629, 0.00769744, 0.0413691, 0.223719, 0.257099, 0.197593, -0.0903058, -0.528148, -0.924655, -0.677429, -0.170745, 0.625221, 1.09914, 1.23459, 1.28961, 1.52746, 0.957262
1.88, 0.0319375, -0.677719, -2.1825, -1.20403, -0.756134, -0.932472, -0.15366, -0.552637, 0.588582, 0.346623, 0.196985, -0.339389, -0.108434, -0.390195, -0.404882, -0.401437, -0.241309, -0.0492077, 0.0636736, 0.289955, 0.0542994, -0.476145, -1.02611, -0.703992, -0.305682, 0.445077, 1.10467, 1.36363, 1.49512, 1.60992, 1.16455
1.9, 0.0319375, -1.72099, -2.25162, -1.9575, -1.91663, -1.4261, -1.55694, -1.2999, -0.395842, -0.533214, -1.9656, -1.90004, -1.77217, -1.65138, -1.85164, -2.0093, -1.64409, -1.26811, -1.03886, -0.73366, -0.761144, -1.12502, -1.29103, -0.975189, -0.72824, -0.263716, 0.137054, 0.494736, 0.720546, 0.936958, 0.490486
1.92, 0.0319376, -1.6585, -2.65923, -2.91947, -2.66609, -2.10892, -1.80606, -1.4982, -0.303958, -0.969295, -1.97817, -2.50328, -2.75504, -2.08081, -1.70907, -2.25191, -1.77244, -1.87808, -1.89255, -2.11718, -2.14885, -2.3297, -3.05682, -2.74305, -2.65582, -2.40802, -1.68382, -1.56241, -1.38956, -1.31992, -1.92661
1.94, 0.0319375, -1.84646, -2.7048, -3.44557, -2.85971, -2.67903, -2.15269, -1.67548, -0.678502, -0.91213, -2.04359, -2.6447, -2.83228, -2.56768, -1.89672, -2.37182, -2.44654, -2.28201, -1.8227, -2.25216, -2.7515, -2.52368, -2.90737, -2.84439, -2.58566, -2.45358, -2.25439, -1.89953, -1.83868, -1.57515, -2.26321
1.96, 0.0319375, -2.55689, -3.14367, -3.20572, -3.50273, -2.6795, -2.10396, -1.75274, -1.13354, -1.44857, -2.31018, -2.52238, -2.85534, -2.52393, -2.78162, -2.87104, -2.56885, -3.02606, -3.01169, -2.5886, -2.4963, -2.62465, -2.97118, -2.88485, -2.73291, -2.86351, -2.5106, -2.25097, -2.33806, -1.94858, -2.43068
1.98, 0.0319376, -2.57256, -2.14474, -3.33344, -2.94251, -2.42628, -3.15625, -2.03517, -1.7976, -1.47059, -2.42479, -2.94456, -2.85476, -2.8045, -3.00083, -2.96607, -3.35658, -3.02827, -2.66666, -2.8806, -2.7443, -2.8096, -3.36612, -2.94555, -3.23979, -3.0409, -2.4306, -2.35624, -2.38657, -2.67732, -3.08943
2, 0.0319376, -2.20081, -2.38292, -3.03517, -3.63231, -3.49768, -3.29107, -2.55745, -1.77699, -1.92895, -2.33925, -2.94765, -2.71542, -2.60016, -2.76795, -2.55774, -2.77708, -3.26587, -3.08295, -2.96298, -2.67302, -2.82046, -3.46372, -3.36041, -2.84339, -2.78722, -2.64866, -2.66697, -2.5047, -2.67564, -2.98772
2.02, 0.0319376, 1.67269, 2.49302, 2.44065, 1.97475, 1.98228, 2.21464, 2.80951, 2.50594, 2.08887, 2.11314, 1.88129, 0.635571, 1.32821, 1.36207, 1.63688, 1.47149, 1.73441, 1.32136, 0.516262, 0.612328, 0.702826, 0.766681, 1.11316, 1.15947, 1.18736, 1.2033, 1.50301, 1.98374, 1.59936, 1.57629
2.04, 0.0319376, 2.43677, 1.25505, 2.04936, 2.47075, 2.29276, 2.24066, 2.10371, 2.94449, 3.20433, 2.57097, 2.16011, 1.74566, 2.1769, 2.02668, 2.26833, 1.46587, 2.26753, 1.94833, 1.9056, 1.90142, 1.52296, 2.09308, 2.40535, 2.67611, 2.39448, 1.57599, 1.94466, 2.12491, 2.51595, 2.25722
2.06, 0.0319376, 0.57856, 1.1938, 2.25949, 1.42606, 1.13444, 1.63566, 1.7271, 2.18602, 2.31265, 1.97438, 1.34333, 0.621573, 0.867738, 0.351888, 0.385303, 0.119253, -0.120915, -0.414378, -0.233048, 0.0921955, 0.147795, 0.467918, 0.762208, 1.00473, 1.09223, 0.538268, 0.445099, 0.550673, 0.428975, 0.79249
2.08, 0.0319376, 1.78204, 0.394272, 2.54482, 2.4147, 1.23593, 1.9261, 2.22137, 3.71115, 3.31911, 2.94089, 2.27182, 2.33902, 1.52832, 1.63449, 1.6041, 1.45367, 0.23344, 0.33625, -0.25313, -0.141807, 0.423402, 0.303305, 0.908006, 1.56741, 1.17215, 1.0206, 0.513149, 0.479455, 0.242653, 0.984507
2.1, 0.0319376, 0.368834, 2.01569, 2.30947, 1.26213, 1.62784, 1.56616, 2.56289, 1.65544, 2.06992, 1.6065, 1.28141, 1.03568, 0.293161, -0.155671, -0.195468, 0.248764, -0.245835, -0.826429, -1.28988, -1.0252, -0.569841, 0.0695421, 0.370736, 0.486167, 0.339952, 0.2286, -0.123753, -0.0188836, 0.0758793, 0.225753
2.12, 0.0319376, -0.258751, -0.425669, 0.896366, 0.327276, -0.43515, -0.293299, 0.38578, 0.435912, 0.366543, -0.18811, -0.594701, -0.910709, -1.3616, -1.09451, -0.884346, -1.411, -1.20646, -1.46073, -0.884512, -0.852004, -1.26553, -0.721738, -0.190327, -0.311044, -0.662968, -1.17282, -0.939146, -0.881196, -0.537395, -0.297575
2.14, 0.0319374, -1.40857, -0.86703, -0.885899, -1.19269, -0.898607, -0.360119, -0.163387, 0.211045, 0.0910758, -0.685204, -0.760436, -1.41573, -0.969513, -0.965489, -1.07698, -1.52777, -1.16752, -1.87264, -1.9644, -1.95802, -1.64734, -1.09235, -0.789167, -0.888545, -0.904372, -1.26146, -1.34042, -1.31456, -1.25993, -0.601499
2.16, 0.0319374, -1.0133, -1.44243, -0.283299, -1.16086, -0.964647, -1.05327, -0.399508, 0.426369, 0.0661944, -0.66737, -1.44423, -1.14265, -1.33363, -1.05431, -1.58573, -1.4474, -1.57211, -1.98671, -2.10924, -1.76361, -1.74545, -1.64348, -1.25831, -0.823152, -1.15366, -1.29469, -1.54232, -1.53112, -1.40281, -1.31091
2.18, 0.0319374, -1.24526, -1.40662, -0.972317, -1.54663, -2.05198, -1.27833, -0.135739, 0.403957, -0.351716, -0.655495, -1.47036, -1.81631, -1.62805, -1.51404, -1.34795, -1.47248, -2.09662, -1.88227, -2.36806, -2.04707, -1.91401, -1.9369, -1.41647, -0.861458, -1.41649, -1.79114, -1.89515, -2.09607, -1.75719, -1.67155
2.2, 0.0319374, -1.94433, -1.73134, -0.809766, -1.24832, -1.31265, -1.38946, -0.9858, -0.00261613, -0.228495, -1.04006, -1.21953, -1.62584, -1.78128, -1.90064, -2.16082, -2.30322, -2.33712, -2.5592, -2.65924, -2.0594, -2.25126, -1.94594, -1.79294, -1.87829, -1.61282, -2.25063, -2.40938, -2.44821, -2.19466, -2.16253
2.22, 0.0319374, -2.14058, -2.57329, -2.5777, -2.1038, -2.42946, -1.71875, -1.07173, -0.0145389, -0.403258, -1.12146, -2.2827, -1.6328, -1.63233, -2.31956, -1.77785, -2.06883, -2.25445, -2.62931, -2.97145, -2.46118, -2.63968, -2.31688, -1.78786, -1.58225, -2.08329, -2.59805, -3.05186, -2.62592, -2.58329, -2.42656
2.24, 0.0319376, -2.78305, -1.97551, -2.01177, -2.39882, -2.84841, -2.17622, -1.37161, -0.546279, -1.08768, -1.59645, -1.99049, -2.31294, -2.24698, -2.70957, -2.09028, -2.58852, -2.71054, -2.93864, -2.48234, -2.92033, -2.43017, -2.38626, -1.74335, -1.85994, -2.11367, -2.93232, -3.14262, -3.15508, -2.74212, -2.76926
2.26, 0.0319376, -1.93197, -1.91068, -1.6288, -2.03797, -2.6349, -2.00195, -1.73104, -0.70383, -1.3582, -1.65822, -2.02137, -2.15467, -1.94829, -2.34361, -2.43041, -2.54106, -2.53529, -2.99268, -2.74575, -2.48352, -2.54086, -2.37196, -1.80723, -1.68636, -2.49933, -2.73652, -2.57954, -2.32115, -2.33401, -1.68435
2.28, 0.0319376, -1.69585, -1.70825, -1.80418, -2.57777, -2.14827, -1.54913, -1.39355, -1.01316, -1.00603, -0.87503, -1.23751, -1.12575, -1.55047, -1.65762, -1.93774, -1.65292, -1.73003, -2.00716, -1.87316, -2.01397, -2.1268, -2.07366, -1.84839, -1.33951, -1.1455, -0.894325, -1.10469, -0.941589, -0.636988, -0.593954
2.3, 0.0319376, -1.65348, -2.1344, -1.83398, -1.55167, -1.42141, -1.6205, -0.922878, -0.290125, -0.336726, -0.729219, -0.784393, -0.98873, -1.06918, -1.37281, -1.35065, -1.2697, -1.10677, -1.66078, -1.61777, -1.73691, -1.53496, -1.65879, -1.23274, -1.00739, -0.614758, -0.927088, -0.622019, -0.688338, -0.330663, -0.151643
2.32, 0.0319376, -1.52449, -1.14078, -1.85057, -1.92578, -1.93637, -1.35328, -1.32477, -1.31263, -1.12147, -0.940872, -0.914226, -1.33115, -1.23441, -1.57059, -1.6512, -1.27092, -1.21076, -1.392, -1.16346, -1.12997, -1.28019, -1.13419, -1.28007, -0.969643, -0.645252, -0.326427, -0.41778, -0.53639, -0.198134, 0.30526
2.34, 0.0319376, -0.30465, -0.261628, -1.22445, -1.07992, -0.836405, -0.943537, -0.0747788, -0.295804, -0.0431589, -0.741431, -0.538386, -0.140044, -0.233852, -0.302897, -0.400613, -0.419826, -0.645328, -0.954577, -0.514488, -0.360399, -0.268242, -0.113274, -0.617773, -0.632042, -0.775482, -0.358749, -0.156335, -0.0178606, 0.0412937, 0.382319
2.36, 0.0319376, 0.44759, 0.138039, -0.627634, -0.757351, 0.152554, 0.624575, 0.551122, 0.366487, 1.09591, 0.786904, 0.285212, -0.0391879, 0.642984, 0.424194, 0.510642, 0.565741, 0.65144, 0.633438, 0.918635, 0.960212, 1.09172, 1.23293, 0.530043, 0.407813, 0.783374, 0.79038, 0.773129, 0.572436, 0.663347, 1.27757
2.38, 0.0319374, -0.57354, -0.431413, -0.919309, -1.1073, -1.28211, -1.0083, -0.200393, 0.161465, 0.301208, 0.172947, 0.0650564, 0.0455526, 0.261151, -0.0550671, -0.376073, -0.158321, -0.191828, -0.153697, 0.0278071, 0.241119, 0.598398, 0.588723, 0.373491, 0.0818169, 0.142898, 0.158653, 0.192494, 0.216043, 0.595585, 1.07017
2.4, 0.0319374, -0.762839, -0.902125, -1.23007, -1.51311, -1.15615, -0.879199, -1.51648, -0.418236, -0.206339, -0.467172, -0.222949, -0.399048, -0.24994, -0.758577, -0.935215, -0.724971, -0.433591, -0.636487, -0.433212, -0.0813014, 0.040123, -0.00967784, -0.179641, -0.810378, -0.697328, -0.0637086, 0.061235, 0.00495148, 0.217973, 0.465774
2.42, 0.0319374, -2.24028, -1.40051, -1.18144, -1.81604, -1.72011, -1.36369, -1.81947, -1.36668, -0.891787, -1.42339, -1.95683, -1.52367, -1.63686, -1.2906, -1.48528, -1.19979, -0.844587, -0.722975, -0.844475, -0.685103, -0.717783, -0.866605, -1.22493, -0.984938, -0.606411, -0.453219, -0.300825, -0.161361, -0.258305, 0.0558875
2.44, 0.0319374, -0.88488, -1.20871, -1.32481, -2.33895, -2.22157, -1.64675, -1.78665, -1.71166, -1.38714, -1.41063, -1.98247, -1.97551, -2.03213, -2.48628, -2.55439, -1.65263, -1.3937, -1.19002, -2.22938, -1.84085, -1.66532, -1.63187, -2.00815, -1.99672, -1.70836, -1.6878, -1.55957, -1.66278, -1.39377, -1.24214
2.46, 0.0319374, -3.12917, -2.80485, -3.48014, -3.41585, -2.54918, -1.9805, -2.26018, -2.69034, -2.61018, -2.78724, -2.76199, -2.95548, -2.55725, -2.59413, -3.26073, -2.75969, -2.6412, -2.53313, -2.7082, -2.4459, -1.95583, -2.26426, -2.56502, -2.66731, -2.59876, -2.78523, -2.7762, -2.6741, -2.24762, -2.19245
2.48, 0.0319376, -2.46018, -3.12089, -3.97575, -3.53109, -3.44292, -3.2703, -3.5891, -2.96911, -2.88543, -2.47061, -3.19159, -3.51345, -2.90086, -2.82935, -3.56553, -2.97201, -2.78781, -3.32712, -3.13456, -2.84934, -2.63756, -2.33381, -2.99702, -3.25956, -2.92591, -2.95299, -3.01249, -3.22691, -2.92648, -2.24505
2.5, 0.0319376, -2.55732, -3.17846, -3.26993, -3.65537, -3.62106, -3.85, -3.6863, -2.72071, -2.52725, -3.15216, -3.41946, -3.51403, -3.17517, -2.95236, -3.25812, -3.15479, -3.3368, -3.14526, -3.01338, -3.12911, -2.60673, -2.93359, -3.40211, -3.19746, -2.91987, -3.07426, -3.39975, -3.15227, -2.94295, -2.56015
2.52, 0.0319376, -2.65794, -3.04816, -3.51198, -3.86372, -3.41905, -3.36914, -3.14771, -2.41685, -2.64035, -3.79558, -3.49553, -3.48286, -3.58713, -3.51307, -3.08852, -3.5332, -3.2105, -3.12621, -3.1232, -2.89022, -2.49336, -2.99713, -3.62987, -3.54219, -3.13929, -3.20125, -3.38342, -3.07147, -3.12112, -2.83151
2.54, 0.0319376, -2.58334, -2.61258, -3.7689, -3.90752, -3.24513, -3.51888, -3.55195, -3.39418, -3.43685, -3.3011, -3.66442, -3.75173, -3.76116, -3.37126, -3.21138, -3.46007, -3.23589, -3.16108, -3.38971, -3.18134, -3.0379, -2.72125, -3.12883, -3.45968, -3.44461, -3.68415, -3.47219, -3.48589, -3.20055, -2.91867
2.56, 0.0319376, -2.2711, -2.73806, -3.40471, -3.56359, -3.83717, -3.56822, -3.8668, -3.04723, -2.79615, -3.46308, -3.38926, -3.69377, -3.75062, -3.29776, -3.54027, -3.42002, -3.78404, -3.51328, -3.6444, -3.13899, -2.67725, -3.20793, -3.31937, -3.65834, -3.90416, -3.94892, -3.68429, -3.75281, -3.70754, -3.44695
2.58, 0.0319376, -2.32049, -2.70281, -3.54969, -4.39933, -3.92209, -3.72892, -4.09538, -3.44935, -3.49123, -3.36522, -3.95669, -3.52164, -3.6807, -3.59039, -3.65911, -3.87965, -4.0542, -3.89961, -3.97487, -3.46659, -2.81246, -3.09852, -3.35591, -3.63673, -3.80276, -3.73678, -3.5439, -3.72048, -3.42015, -3.3914
2.6, 0.0319376, -3.11607, -2.90593, -4.09473, -4.09106, -3.89171, -4.63842, -4.14626, -4.0208, -4.05382, -3.88431, -3.73236, -3.3738, -3.88815, -3.52983, -3.75871, -4.18932, -4.40146, -3.93256, -3.95103, -3.51898, -3.32431, -3.27147, -3.74646, -3.83464, -3.77556, -3.71853, -3.94516, -3.90033, -3.79909, -3.81563
2.62, 0.0319376, -3.4098, -3.8394, -4.10335, -3.4982, -4.04831, -3.68606, -3.83038, -3.74529, -3.95751, -3.63185, -3.57401, -3.52844, -3.26492, -3.18168, -3.7105, -3.72455, -3.91458, -3.77835, -3.86627, -3.97188, -3.57703, -3.60167, -4.02099, -3.73643, -4.03145, -4.10359, -4.02333, -3.65845, -3.73764, -3.85883
2.64, 0.0319374, -2.74288, -3.67957, -3.61594, -3.07659, -3.48733, -3.74555, -4.33172, -3.52011, -3.55068, -3.88124, -3.77766, -3.73319, -4.01506, -3.62458, -3.4894, -3.71915, -4.20723, -4.02383, -3.73225, -3.66255, -3.49985, -3.79617, -4.11856, -4.08739, -4.2236, -4.14486, -4.01911, -3.99308, -4.10358, -4.00544
2.66, 0.0319374, -2.98964, -2.61286, -3.54395, -3.10647, -3.68777, -4.08706, -4.20476, -3.43197, -3.09419, -3.77905, -3.44074, -3.03634, -3.15581, -3.19408, -3.53113, -3.68083, -3.6468, -3.59025, -3.73303, -3.90725, -3.72488, -3.92536, -4.25895, -3.76882, -3.81607, -3.47657, -3.94137, -3.86306, -4.03632, -3.79123
2.68, 0.0319374, -3.24516, -2.20642, -2.54524, -2.7826, -3.33218, -3.51484, -3.49614, -3.52823, -3.62429, -3.35654, -4.11446, -3.86058, -3.4277, -3.62039, -3.94902, -3.7201, -3.47794, -3.94707, -3.7159, -3.72302, -3.56706, -3.43068, -3.63305, -3.75803, -3.64604, -3.6447, -3.92107, -3.90236, -3.54446, -3.67156
2.7, 0.0319374, -2.48726, -2.49838, -2.92279, -3.98399, -3.52299, -3.53007, -3.46706, -3.26021, -3.70893, -3.8839, -3.35425, -3.93929, -3.87633, -3.59906, -3.73335, -3.68253, -3.67595, -3.7222, -3.80871, -3.6054, -3.33239, -3.77006, -3.58349, -3.81489, -3.71561, -3.44884, -3.6649, -3.32948, -3.5483, -3.37977
2.72, 0.0319374, -2.11808, -1.6432, -2.1694, -2.7473, -3.09945, -3.76919, -3.73438, -3.56727, -3.25809, -3.00557, -2.89534, -3.00427, -3.59415, -3.30714, -3.41038, -3.40174, -4.32493, -4.20924, -3.67142, -3.50294, -3.67799, -3.6713, -3.4304, -3.56499, -3.52579, -3.28083, -3.42677, -3.82954, -3.52109, -3.46603
2.74, 0.0319376, -2.75555, -1.98769, -2.77356, -2.99003, -3.44659, -3.24811, -3.59522, -3.29479, -3.35595, -3.22114, -3.02874, -3.70516, -3.50152, -3.49385, -3.66309, -3.54141, -3.49612, -3.65802, -3.9112, -3.60039, -3.54815, -3.41225, -3.06344, -3.42553, -3.36264, -3.44018, -3.66478, -3.63644, -3.54003, -3.56645
2.76, 0.0319376, -3.35237, -2.7871, -2.97141, -3.34092, -3.43064, -3.85245, -3.59103, -3.50007, -3.48086, -3.50662, -3.53755, -3.10049, -3.17123, -3.41294, -3.8234, -4.23204, -3.84489, -3.85557, -3.55293, -3.52982, -3.90993, -3.82718, -3.89076, -3.74188, -3.73333, -3.61415, -3.76502, -3.9595, -3.87903, -3.60944
2.78, 0.0319376, -2.71052, -3.12943, -3.18416, -3.2567, -3.23796, -3.58166, -3.92369, -3.75147, -3.82613, -3.32944, -3.21196, -3.65664, -3.72688, -3.92839, -4.15194, -4.24597, -3.31436, -3.45846, -3.8021, -4.08706, -3.9805, -4.07516, -3.83986, -3.79879, -3.65146, -3.84001, -3.76685, -3.69818, -4.22554, -4.21063
2.8, 0.0319376, -2.20501, -3.43921, -3.2401, -3.64316, -3.52173, -3.55636, -3.55827, -3.52191, -3.56335, -3.68441, -3.55266, -3.88681, -3.65351, -3.82516, -3.79156, -4.20523, -3.78026, -4.15641, -3.92031, -4.26709, -4.3334, -3.70673, -3.89545, -4.04666, -3.6417, -3.73714, -3.62079, -3.91067, -3.62907, -3.66801
2.82, 0.0319376, -2.64807, -2.82118, -3.70553, -3.60727, -4.10608, -3.78898, -4.76524, -4.17131, -4.26391, -4.04392, -4.21029, -3.79812, -4.30335, -3.72047, -3.63704, -4.18238, -3.79354, -3.92758, -3.87887, -4.02201, -3.88675, -4.33371, -4.11915, -4.02632, -3.74514, -4.05403, -4.06829, -4.08135, -3.97168, -3.77768
2.84, 0.0319376, -3.93459, -3.44549, -3.23199, -4.80981, -4.44164, -3.40622, -4.01382, -4.24834, -3.53171, -2.74715, -3.79015, -3.42859, -3.91847, -3.73532, -3.9077, -3.66367, -4.32681, -4.10636, -4.05517, -3.80811, -3.78971, -4.48528, -4.46488, -4.03544, -4.00799, -4.18486, -4.05841, -4.21361, -4.18941, -3.83049
2.86, 0.0319376, -0.992769, -0.982464, -1.99941, -3.05068, -3.03369, -2.90542, -3.59702, -3.6868, -3.17755, -3.35653, -4.23304, -4.05927, -3.96946, -3.57537, -3.54658, -3.80351, -3.90953, -3.98345, -3.62935, -3.70752, -3.9455, -3.78985, -4.04394, -4.16743, -3.80294, -4.09667, -4.17056, -4.10558, -3.99085, -3.55989
2.88, 0.0319374, -2.51056, -2.70188, -3.01948, -3.54983, -3.79247, -3.40667, -3.94785, -3.0104, -3.43371, -3.46993, -3.55188, -3.48939, -3.56056, -3.20996, -3.97669, -3.69477, -3.48476, -3.36964, -3.41818, -3.52564, -3.8633, -4.00495, -3.64274, -3.55689, -3.59676, -3.92626, -3.90616, -3.64215, -3.60812, -3.55304
2.9, 0.0319374, -3.16292, -3.03774, -2.5948, -3.20609, -3.39592, -3.54737, -3.6351, -3.4778, -3.11135, -2.65578, -3.19913, -3.21399, -3.03668, -2.92166, -3.37727, -3.09984, -3.29292, -3.33442, -3.13516, -3.7293, -3.91605, -3.75841, -3.23847, -3.48895, -3.44302, -3.48543, -3.47406, -3.70356, -3.6626, -3.461
2.92, 0.0319374, -2.31879, -1.93594, -3.50775, -3.71288, -3.40562, -2.82258, -2.95917, -3.40789, -3.20543, -3.19325, -3.75478, -3.15977, -3.59207, -2.95374, -3.46774, -3.56831, -3.38473, -3.12513, -2.95982, -3.13362, -3.39423, -3.66091, -3.30962, -3.32298, -3.60136, -3.30566, -3.3408, -3.70166, -3.44945, -3.30998
2.94, 0.0319374, -2.16938, -2.86076, -4.06735, -3.39108, -3.00717, -3.73677, -3.54537, -4.14006, -3.49828, -3.4685, -3.49692, -2.69745, -3.09717, -3.08711, -3.22217, -2.79041, -3.23331, -3.03089, -2.72387, -2.90989, -3.59624, -3.15434, -3.22315, -3.12027, -3.21233, -3.24667, -3.34239, -3.48719, -3.44345, -3.40328
2.96, 0.0319374, -2.54014, -2.36301, -3.51223, -3.09325, -3.18376, -3.09408, -3.25011, -2.91651, -2.98267, -2.84613, -3.02287, -2.99676, -2.89132, -3.01262, -2.92956, -3.38187, -3.77256, -3.56902, -3.01937, -3.12729, -3.65981, -3.55115, -3.25902, -3.44182, -3.78675, -3.47715, -3.37364, -3.39765, -3.61644, -3.19309
2.98, 0.0319376, -2.12864, -2.21835, -4.05196, -3.51191, -2.79979, -4.00061, -4.46486, -3.57552, -2.76998, -3.10448, -3.79938, -3.45341, -3.48463, -3.6102, -3.54979, -3.04942, -3.39544, -3.87157, -3.7391, -3.70079, -3.42335, -3.7559, -3.89526, -3.8445, -3.58112, -3.72251, -3.7553, -3.45765, -3.99642, -3.69867
3, 0.0319376, -2.65473, -2.40248, -3.64409, -3.70091, -3.6979, -3.79879, -3.71145, -4.14734, -3.79558, -3.73025, -3.23953, -3.09965, -3.73873, -3.78922, -3.65169, -3.85951, -3.82694, -3.90216, -3.75805, -3.68539, -3.65378, -3.50183, -3.59292, -3.77198, -3.5577, -3.20245, -3.55044, -3.80644, -3.92337, -3.65644
3.02, 0.0319376, -3.09754, -3.0236, -3.5509, -4.00396, -3.59686, -3.77153, -4.01475, -4.61483, -3.12911, -3.30187, -3.87026, -3.4257, -3.72091, -3.61261, -3.89921, -4.1814, -4.02544, -3.98523, -3.84711, -3.82044, -3.54572, -4.03733, -3.59326, -3.91246, -3.952, -3.62332, -3.65235, -3.56544, -3.59408, -3.51306
3.04, 0.0319376, -2.94926, -2.84571, -3.68436, -4.74041, -4.34722, -3.73619, -3.90404, -4.36725, -3.82629, -3.88298, -3.76304, -3.88198, -3.77447, -3.58404, -4.36685, -3.98535, -4.03973, -3.96726, -4.06561, -4.12552, -4.67073, -4.20289, -4.23349, -4.3506, -4.17574, -3.94095, -4.25513, -3.93056, -3.99784, -3.8784
3.06, 0.0319376, -2.87855, -3.11921, -3.69964, -4.6431, -3.93746, -4.343, -4.00187, -4.40153, -4.27609, -3.85131, -3.68987, -4.28058, -3.57489, -3.74919, -3.86415, -3.75785, -3.48953, -3.6639, -3.5481, -4.15306, -4.02903, -4.37544, -4.3546, -4.30872, -3.92093, -4.08844, -4.03812, -4.26582, -4.05656, -3.81921
3.08, 0.0319376, -3.19831, -3.18845, -3.57885, -3.65115, -3.56235, -3.79838, -3.58381, -3.71881, -4.02351, -4.06207, -3.74858, -3.5532, -3.79134, -3.56085, -3.48674, -3.69776, -3.90713, -3.55058, -3.41901, -3.69736, -4.03062, -4.07692, -4.27271, -4.07544, -3.75882, -3.77308, -3.62166, -3.31619, -3.16368, -2.88167
3.1, 0.0319376, 2.03061, 1.65062, 1.91376, 1.95271, 1.87529, 2.88124, 2.75286, 2.51972, 3.21847, 3.16984, 2.27283, 1.66583, 1.26344, 1.52786, 2.15898, 2.39269, 1.74741, 2.49859, 1.7872, 1.42529, 1.3283, 1.38462, 1.60489, 1.73202, 1.44942, 1.61609, 1.44358, 1.5355, 1.83955, 2.52018
3.12, 0.0319376, 2.56875, 1.93999, 1.84692, 1.96853, 1.99218, 2.80076, 2.91664, 2.65721, 2.58047, 2.19626, 1.72932, 1.64666, 1.52483, 2.0348, 2.48367, 2.40911, 2.01668, 2.04899, 1.8794, 1.3272, 1.57958, 2.06001, 2.72492, 2.54189, 2.46003, 2.08062, 2.02767, 1.88177, 2.34294, 3.12482
3.14, 0.0319374, 1.41393, 2.24972, 1.88472, 1.48755, 2.3136, 2.04244, 1.87781, 1.55287, 1.79074, 1.75909, 0.922269, 0.428249, 0.150979, 0.42455, 0.886779, 0.731794, 0.525431, 0.542807, 0.697951, 0.31688, 0.305569, 0.815865, 1.21835, 1.78566, 1.78124, 1.53832, 1.47099, 1.53025, 1.71202, 2.55295
3.16, 0.0319374, -0.870674, 1.25743, 2.13027, 1.45595, 0.580833, 0.272942, 0.0150118, 1.23743, 0.871526, 0.669983, -0.303852, -0.408206, -0.565244, -0.265374, 0.218451, 0.132424, -1.03104, -0.354937, 0.146148, -0.487682, -0.476305, 0.0872091, 0.588718, 0.655166, 0.879213, 0.945422, 0.793973, 0.933034, 1.34619, 1.93203
3.18, 0.0319374, -0.496686, 0.641686, 2.29154, 0.971704, -0.922924, -0.32105, 0.999328, 1.59435, 0.30181, 0.0676759, 0.0723157, -0.622124, -0.67545, -0.324386, -0.363463, -0.489534, -0.588175, -0.392573, -0.327639, -0.716752, -0.494671, 0.388855, 0.569972, 0.288136, 0.482514, 0.301493, 0.61089, 0.917799, 0.998865, 1.62646
3.2, 0.0319374, 0.00937795, 1.15987, 1.04405, -0.667004, -0.766347, -0.0210928, 0.00418881, -0.328543, 0.367476, 0.0980491, -0.61331, -1.40975, -1.32551, -1.10766, -1.08688, -1.04209, -1.88146, -1.07298, -1.14121, -1.10494, -0.765028, -0.652405, 0.281009, -0.0278734, -0.265352, -0.0109196, -0.212702, -0.143829, 0.292042, 0.432398
3.22, 0.0319374, -1.37598, -0.877266, -0.668514, -1.33711, -1.48334, -0.984845, -0.61094, -0.10913, -0.144677, -0.613255, -0.675891, -1.49453, -1.60987, -1.03032, -1.14737, -0.995981, -1.06699, -1.19963, -1.20043, -1.47024, -1.28341, -1.06869, -0.539208, -0.620646, -0.217584, -0.336751, -0.65778, -0.597455, -0.301298, -0.0232555
3.24, 0.0319376, -1.67925, -1.4846, -0.342447, -0.985338, -0.840897, -0.49437, -0.0647794, -0.374, -0.759385, -0.794831, -2.04348, -2.11427, -2.06825, -1.88569, -1.46028, -1.16673, -1.45689, -1.11214, -1.29628, -1.75572, -1.56339, -1.40298, -0.754671, -0.430431, -0.771554, -1.36402, -1.21499, -0.873767, -0.408864, 0.0462447
3.26, 0.0319376, -1.66317, -1.24426, -1.27243, -1.58396, -1.95182, -1.27837, -1.0458, -1.62169, -0.545081, -1.23881, -2.2549, -2.3595, -2.05128, -1.65984, -1.1366, -1.42112, -1.61983, -1.55618, -2.07868, -2.08385, -1.91988, -1.91439, -1.04068, -0.767205, -0.820524, -1.28491, -1.45698, -1.32638, -0.766611, -0.550903
3.28, 0.0319376, -2.07357, -1.98346, -0.977805, -1.97882, -1.61261, -1.26786, -1.04784, -1.30023, -0.969518, -1.40014, -2.23862, -2.20827, -2.53865, -2.16817, -1.4329, -2.04288, -2.03194, -1.90235, -2.06621, -2.35135, -2.49227, -1.98559, -1.07029, -1.05539, -1.08797, -1.4571, -2.0013, -1.65453, -1.27342, -0.851112
3.3, 0.0319376, -1.86226, -2.48024, -1.99492, -2.30397, -3.0354, -1.03419, -0.891874, -1.32002, -1.115, -1.23233, -2.44163, -2.33432, -2.99247, -1.9112, -1.67331, -1.31157, -1.96378, -2.26725, -2.12283, -2.77558, -1.91525, -2.1964, -1.11709, -1.15328, -1.61631, -1.90085, -2.07671, -2.11404, -1.576, -1.28272
3.32, 0.0319376, -2.79735, -2.57862, -1.86109, -2.99152, -2.86383, -2.19317, -1.96714, -1.63588, -1.74364, -1.2465, -2.40078, -3.04927, -2.79073, -2.39447, -2.07563, -2.29294, -2.269, -2.48306, -2.60798, -2.79641, -2.84828, -2.15491, -1.72836, -1.82368, -1.99449, -2.32526, -2.89084, -2.48205, -1.99187, -1.63703
3.34, 0.0319376, -2.86797, -2.18793, -2.28075, -2.70994, -2.99945, -1.93388, -1.26296, -1.23413, -1.60701, -1.69382, -3.04765, -2.77875, -2.51243, -2.08042, -1.95705, -2.14551, -2.24684, -2.29911, -2.40872, -2.55908, -2.25821, -2.39201, -1.82667, -1.70654, -1.91475, -2.19843, -2.16746, -2.30543, -1.85182, -1.56336
3.36, 0.0319376, -2.4026, -2.15148, -2.12614, -2.85789, -2.31361, -1.96353, -1.74414, -1.41607, -1.4561, -2.03889, -2.12148, -1.6582, -1.89645, -2.01215, -1.86857, -1.17002, -1.30812, -1.44086, -2.19262, -1.94295, -1.55853, -1.88383, -1.7605, -1.55967, -1.14409, -1.0131, -0.976695, -0.874491, -1.09741, -0.791664
3.38, 0.0319374, -2.63043, -1.92458, -2.12103, -2.00897, -1.58536, -2.05183, -1.67797, -1.21848, -1.30379, -0.945108, -1.36302, -1.36814, -1.53398, -1.35963, -1.45748, -1.64554, -1.40201, -1.22382, -1.28902, -1.11806, -1.1431, -1.24409, -1.23454, -1.24374, -0.62001, -0.55477, -0.182878, -0.225905, -0.139293, 0.0425764
3.4, 0.0319374, -2.71301, -1.86627, -1.75362, -2.08029, -1.32604, -1.60855, -0.61756, -0.265017, -0.669648, -1.06946, -0.771948, -0.642658, -1.10346, -0.769654, -0.698096, -0.477218, -0.649072, -0.764161, -0.935533, -0.871922, -1.1287, -0.94857, -0.426412, -0.170999, 0.0658009, 0.22293, 0.40659, 0.226985, -0.103362, 0.175452
3.42, 0.0319374, -1.7733, -1.89631, -1.62032, -0.577507, -1.62864, -1.79476, -1.07815, -0.364841, -0.318662, -1.18511, -0.909303, -0.687208, -0.903342, -0.830892, -0.794304, -0.557927, -0.608234, -0.771483, -0.732582, -1.02847, -1.09235, -0.554923, -0.383146, 0.00497888, 0.307335, 0.606531, 0.542268, 0.516029, 0.560697, 0.755828
3.44, 0.0319374, -0.75061, -0.612498, -1.3885, -0.240365, -0.718322, -1.1926, -0.905391, -0.344126, -0.150873, -0.345269, 0.00500711, 0.475802, 0.385005, 0.605381, 0.614426, 1.15614, 0.614418, 0.57466, 1.07036, 1.24315, 1.35026, 0.93794, 1.00627, 0.367993, 0.520469, 0.624836, 1.08013, 1.40198, 1.63607, 1.37353
3.46, 0.0319374, 0.612838, 0.344229, 0.359174, -0.483543, -0.839533, -0.203763, -0.581421, -0.0178025, 0.22139, -0.177081, 0.272975, 0.637097, 0.668808, 0.318141, -0.325881, 0.108946, 0.263245, 0.645845, 0.280209, 1.37276, 0.615506, 0.930966, 0.578567, -0.0286904, 0.0810914, 0.570245, 0.684645, 0.810195, 1.24822, 1.2363
3.48, 0.0319376, 0.656295, 0.268428, 0.0689558, -0.0122675, -0.275915, -0.791022, -0.583371, -0.0988437, 0.279337, 0.393418, 0.186004, -0.127092, -0.236877, -0.160726, 0.0053138, 0.311857, 0.572944, 0.644767, 0.64301, 0.695627, 0.45711, 0.361612, 0.10766, -0.0186455, 0.215871, 0.258262, 0.160826, 0.367019, 0.159564, 0.887844
3.5, 0.0319376, -1.10291, -0.94488, -1.4503, -0.877319, -1.11016, -1.28559, -1.43815, -1.04931, -0.743608, -0.870456, -2.02682, -0.984731, -1.19621, -1.16621, -0.882298, -0.617834, -0.769466, -0.738787, -0.61488, -0.674158, -0.760562, -0.447278, -0.559971, -0.624239, 0.0850291, 0.304649, 0.209313, 0.565251, 0.569025, 0.565923
3.52, 0.0319376, -1.70424, -2.29545, -2.43218, -2.51336, -1.9704, -2.01279, -2.13405, -1.95546, -1.66207, -1.60568, -2.001, -2.00263, -1.99044, -2.0985, -2.00441, -1.76447, -1.9413, -1.69581, -1.76197, -1.25306, -1.40033, -1.33104, -1.56424, -2.03544, -1.60593, -1.33952, -1.16648, -1.02096, -0.801346, -0.773271
3.54, 0.0319376, -1.73117, -2.69091, -2.89804, -3.42377, -3.44923, -3.29438, -2.94516, -2.90437, -2.46718, -2.45642, -2.42731, -2.42063, -2.53919, -2.30847, -2.6687, -2.41112, -2.87541, -2.68749, -2.35983, -1.93851, -1.71512, -1.94802, -2.12093, -2.51499, -2.33595, -2.29974, -2.29199, -2.04585, -1.77694, -1.9708
3.56, 0.0319376, -2.21387, -3.62505, -3.70094, -2.96171, -3.03001, -3.48991, -2.92904, -2.91111, -3.10372, -2.97598, -3.40637, -3.18376, -2.86677, -2.86332, -2.9362, -2.8207, -2.91888, -2.46119, -2.1826, -1.86263, -2.08739, -2.16786, -2.19389, -2.52563, -2.28697, -2.50416, -2.69664, -2.36887, -2.21959, -1.95465
3.58, 0.0319376, -2.70555, -2.96274, -3.73441, -3.074, -2.98915, -3.52699, -4.04289, -3.43475, -2.88383, -2.84577, -3.23375, -2.88811, -2.7403, -2.69727, -3.35545, -3.06842, -2.84205, -2.58378, -2.38249, -2.08717, -2.04846, -2.66012, -2.77303, -2.70633, -2.65011, -2.58662, -2.87055, -2.36097, -2.12965, -2.14498
3.6, 0.0319376, -3.1199, -3.06436, -3.62696, -3.28322, -3.49578, -3.80244, -3.70666, -3.49998, -2.83676, -3.3008, -4.05341, -3.39722, -3.36741, -3.32845, -3.22198, -3.01289, -2.81199, -2.96657, -2.91225, -2.32999, -2.54578, -2.78172, -2.81159, -2.94944, -2.91494, -3.24671, -3.24619, -2.92898, -2.79645, -2.59614
3.62, 0.0319376, -2.85266, -3.0718, -3.69286, -3.49974, -3.55624, -3.67125, -4.04634, -3.78267, -2.9593, -3.40028, -3.97394, -2.97391, -3.21628, -3.58661, -3.7686, -3.00047, -3.42155, -3.08517, -3.27164, -2.30981, -2.86959, -3.03943, -2.90372, -2.98226, -3.2786, -3.0541, -2.99968, -2.61546, -2.70429, -2.85608
3.64, 0.0319374, -3.65341, -2.86661, -3.17815, -3.52414, -3.53747, -4.45092, -4.74464, -4.31282, -3.55659, -2.94619, -3.31978, -3.52034, -3.28909, -3.28006, -3.45224, -3.00218, -3.54065, -3.27447, -3.27877, -3.21556, -2.81493, -2.95457, -3.32922, -3.69728, -3.22826, -3.22769, -3.20992, -3.11697, -2.97216, -2.90732
3.66, 0.0319374, -2.5542, -2.41376, -3.06278, -3.27042, -3.91837, -3.64292, -3.54932, -3.83056, -3.6897, -3.69595, -4.18134, -3.3667, -3.0939, -3.2252, -3.41079, -3.50955, -3.21711, -3.44103, -3.59587, -2.84234, -2.81251, -3.0811, -3.03012, -3.3941, -3.37161, -3.3266, -3.48795, -3.35966, -3.25478, -3.16254
3.68, 0.0319374, -2.57183, -3.3111, -3.69147, -3.69832, -3.02602, -3.9992, -3.61688, -3.65994, -3.90347, -3.71035, -3.47314, -3.11841, -3.37065, -3.40157, -3.52335, -4.16166, -3.67976, -3.68491, -3.16977, -3.11736, -3.31484, -3.53361, -3.36993, -3.46835, -3.63934, -3.32558, -3.48015, -3.49414, -3.35823, -3.12963
3.7, 0.0319374, -2.88728, -3.20026, -3.39756, -2.83105, -3.3413, -4.31362, -3.43129, -3.4308, -3.38396, -3.46733, -3.58002, -3.60075, -3.42297, -3.40506, -3.78115, -3.45345, -3.41628, -3.07229, -3.31161, -3.13528, -3.10054, -3.68748, -3.29762, -3.35951, -3.46726, -3.37813, -3.26066, -3.88994, -3.34242, -3.2474
3.72, 0.0319374, -2.86425, -2.81333, -3.07642, -3.15935, -3.78122, -3.8387, -3.68579, -3.08324, -3.21432, -3.25956, -3.61865, -2.6898, -3.20238, -3.37744, -3.38178, -3.55717, -3.45315, -3.36408, -3.7456, -3.26705, -3.80263, -3.75296, -3.50258, -3.42621, -3.58734, -4.00593, -3.58284, -3.33013, -3.31675, -3.61978
3.74, 0.0319376, -3.31815, -2.76711, -3.23674, -4.15472, -4.32844, -4.63334, -3.62043, -3.49693, -3.70895, -3.25525, -3.27128, -2.87618, -2.40113, -2.61185, -3.01507, -3.16239, -3.32228, -3.17232, -3.28752, -3.03681, -3.53347, -3.61052, -3.63059, -3.72489, -3.4013, -3.41436, -3.44285, -3.39189, -3.42499, -3.32996
3.76, 0.0319376, -2.76505, -2.97984, -3.25475, -3.32249, -3.34999, -3.31159, -2.93673, -2.8065, -2.97966, -3.18925, -2.98946, -2.85805, -3.03056, -3.13843, -3.61415, -3.50799, -3.36478, -3.38245, -3.5204, -3.34789, -3.85348, -3.96712, -3.49794, -4.14731, -3.89226, -3.776, -3.58383, -3.4675, -3.61931, -3.70233
3.78, 0.0319376, -2.24943, -2.39824, -3.01596, -4.07605, -3.62306, -3.62282, -3.03747, -3.63713, -3.76603, -3.20686, -3.55326, -3.65366, -3.28927, -3.35849, -3.74417, -3.51239, -3.59892, -3.61552, -3.30098, -3.2195, -3.81834, -3.89925, -4.04458, -3.71725, -3.63252, -3.63148, -3.69146, -3.84253, -3.50851, -3.64413
3.8, 0.0319376, -1.80298, -2.62881, -3.6478, -4.50835, -3.98899, -3.32625, -3.43643, -3.31618, -3.69116, -3.42465, -3.77762, -3.8094, -3.01092, -3.11393, -3.41687, -3.53379, -3.31866, -3.28166, -3.50199, -3.37556, -3.89933, -3.68957, -3.59804, -3.68615, -3.83301, -3.31681, -3.15342, -3.01657, -2.86253, -2.8279
3.82, 0.0319376, -2.67964, -3.33484, -3.91706, -3.67182, -3.81185, -3.35798, -2.74228, -3.34489, -4.03766, -3.60562, -3.15046, -3.00437, -2.9452, -3.71591, -3.49852, -3.6611, -3.85509, -4.1268, -3.47445, -3.6364, -3.80933, -3.69547, -3.66942, -3.9397, -3.83786, -3.91095, -3.70341, -3.63467, -3.49149, -3.35943
3.84, 0.0319376, -2.55998, -2.97673, -3.2341, -3.57551, -3.85704, -4.16904, -4.00151, -4.14218, -3.28358, -3.2548, -3.65306, -3.61897, -3.87355, -3.58381, -3.62501, -4.32736, -3.79088, -3.97882, -3.64029, -3.99674, -4.26155, -3.77312, -3.89807, -4.2059, -3.77484, -3.73755, -3.70293, -3.4416, -3.69657, -4.13125
3.86, 0.0319376, -3.80336, -3.36077, -2.96254, -3.74482, -3.89006, -3.26765, -3.69556, -4.01514, -3.42687, -3.39378, -3.7962, -3.32635, -3.6852, -3.80826, -3.80693, -4.09002, -4.25227, -4.13417, -4.05319, -3.84137, -3.7469, -4.01073, -3.56989, -3.55314, -3.93195, -3.88401, -3.78342, -3.60286, -3.47304, -3.60421
3.88, 0.0319374, -2.65552, -2.76233, -3.3788, -2.79874, -2.36358, -3.0558, -2.1843, -1.45307, -2.12313, -1.9657, -2.52132, -3.11243, -3.46129, -2.98538, -2.8603, -1.5206, -0.683729, -0.54197, -0.596216, -1.23598, -1.76179, -2.08067, -2.05923, -2.29425, -2.39152, -1.93759, -1.96005, -1.93865, -1.2392, -1.03008
3.9, 0.0319374, -1.46787, 0.0240783, -1.88436, -4.40344, -0.612847, -0.143134, -2.20937, 0.0286575, 0.445226, -1.6705, -0.346914, -1.65652, -1.79625, -1.80224, -0.0469113, 0.286761, 1.19919, 1.77854, 1.34955, 0.803623, -0.0872639, -0.653237, -0.4041, -0.655428, -0.681771, -0.470604, -0.287696, 0.317641, 0.854795, 1.21446
3.92, 0.0319374, -1.14017, 0.280908, 0.283742, -1.0501, -0.273949, 1.20692, 0.586893, -0.696862, 1.1773, 1.2165, 0.0894419, 0.285491, -0.143395, -0.156814, -0.0175993, 1.52578, 2.50707, 2.9207, 2.36068, 1.50305, 0.936816, 0.577832, 0.583664, 0.0973584, 0.0158045, 0.5182, 0.849506, 1.23647, 1.59793, 1.9552
3.94, 0.0319374, -0.812795, 0.509809, 2.30767, 1.24972, 0.130875, 0.392243, 1.44967, 0.869056, 0.561104, 1.44443, 1.6183, 0.414216, 0.265981, 0.935726, 1.37357, 2.14119, 2.8552, 3.49639, 3.2118, 2.04918, 1.27324, 1.14197, 1.04003, 0.886515, 0.643785, 0.99377, 1.31583, 1.65888, 2.34949, 2.83374
3.96, 0.0319374, -1.29312, 0.273062, 2.42629, 2.6579, 0.550304, 0.243344, 0.838576, 1.86349, 2.3131, 1.55912, 0.889753, 1.24777, 0.494987, 1.52398, 2.6598, 2.37384, 2.92102, 3.38136, 3.63136, 3.00405, 2.14071, 1.39979, 1.64304, 1.07559, 1.23514, 1.53282, 1.48752, 1.87947, 2.58652, 3.26423
3.98, 0.0319376, -0.108054, 0.477769, 2.37389, 2.82427, 0.934695, 0.722799, 1.88544, 2.81218, 2.96135, 2.33409, 0.704743, 1.1822, 0.18683, 1.62082, 2.64669, 2.92203, 3.21714, 3.26335, 3.51857, 3.02223, 2.09173, 1.45835, 1.27036, 1.31018, 1.45711, 1.5384, 1.3348, 1.77955, 2.47418, 3.17584
4, 0.0319376, 0.6995, 1.13115, 2.65357, 2.60955, 1.40983, 1.65251, 2.34199, 2.93791, 3.33388, 2.29745, 0.609952, 0.605321, 1.24158, 1.27667, 2.18619, 3.07342, 3.438, 3.57595, 3.10797, 3.1223, 1.81285, 1.28496, 0.847921, 0.857061, 1.13056, 1.20282, 1.48295, 1.69956, 2.36324, 2.99245
4.02, 0.0319376, 0.994625, 1.2948, 2.70007, 2.44138, 1.60287, 1.74088, 2.08435, 2.94234, 3.12045, 2.42156, 1.12609, 1.04372, 1.25677, 1.43219, 2.03614, 2.96663, 3.38995, 3.51943, 3.27881, 2.59707, 1.69292, 1.02968, 1.03589, 1.00493, 1.48266, 1.3066, 1.24706, 1.61873, 2.29782, 2.83151
4.04, 0.0319376, 0.0966017, 0.590035, 2.50274, 2.74623, 0.619456, 0.806339, 2.13279, 3.73666, 3.25583, 1.76639, 1.67128, 2.06558, 0.571606, 1.88275, 2.55417, 2.73252, 3.95881, 3.39825, 3.40659, 2.54577, 1.92528, 1.20592, 1.2254, 1.27451, 1.13359, 1.12149, 1.06138, 1.46774, 2.28526, 2.9903
4.06, 0.0319376, -1.88884, -1.38555, 2.62277, 2.78653, -0.635814, -0.394938, 1.2464, 3.71136, 2.91073, 0.619673, 1.36277, 1.98932, -0.163662, 2.09532, 2.29977, 2.42638, 3.71433, 2.35922, 3.30677, 2.02523, 1.88461, 0.860076, 0.713992, 1.01214, 1.09207, 1.12503, 1.21161, 1.45573, 2.2174, 2.92488
4.08, 0.0319376, -1.43911, 0.124486, 2.61181, 2.77637, 0.533438, 0.551512, 2.19543, 3.34914, 3.24022, 1.50261, 1.70915, 1.93874, 0.580046, 1.8433, 2.46507, 2.50779, 3.46287, 3.11597, 3.39739, 2.57135, 1.9718, 1.25714, 1.12978, 1.06786, 1.21001, 1.48854, 1.45354, 1.78384, 2.54343, 3.2561
4.1, 0.0319376, -0.988026, -1.0194, 2.57762, 2.51905, -0.607116, -0.281489, 1.1904, 3.69874, 2.53298, 1.12535, 1.45562, 1.79428, -0.364429, 2.19462, 2.07446, 2.73496, 3.5135, 2.65329, 3.17516, 2.14316, 1.80139, 1.2123, 0.924011, 0.906377, 1.38699, 1.31429, 1.27978, 1.54789, 2.36355, 3.24778
4.12, 0.0319376, 0.042228, -0.14472, 2.57207, 2.71622, 0.725743, 0.747477, 1.83886, 3.66694, 3.10827, 2.05849, 1.67783, 1.96687, 0.589184, 2.37879, 2.71447, 2.8608, 3.61532, 3.03212, 3.37867, 2.71167, 2.03441, 1.18927, 1.03824, 0.98347, 1.44999, 1.451, 1.29806, 1.87242, 2.5509, 3.3712
4.14, 0.0319376, 0.322241, 0.219893, 2.32223, 3.23989, 1.73437, 0.820838, 1.65302, 3.47331, 3.73423, 2.3638, 1.65443, 2.28407, 1.37814, 2.05035, 3.11768, 3.30662, 3.89371, 3.28272, 3.2638, 3.04918, 1.98095, 1.44045, 0.99592, 0.949713, 1.61817, 1.5037, 1.53247, 1.9394, 2.59301, 3.23258
4.16, 0.0319376, -1.87663, -0.980115, 0.761971, 3.3587, 2.20303, 0.120749, 0.768733, 2.00938, 4.0597, 2.05449, 0.871588, 0.878078, 1.56186, 0.613693, 2.87153, 3.45958, 1.88269, 3.38273, 2.46254, 2.82898, 1.60422, 1.78217, 1.18549, 1.10455, 1.77026, 1.29032, 1.40692, 1.81409, 2.30024, 2.90565
4.18, 0.0319376, -0.647807, -0.465973, 0.465425, 3.31433, 2.35647, 0.443061, 0.625908, 2.25338, 4.10004, 2.25317, 0.459492, 1.12785, 1.6766, 0.31627, 2.94686, 3.57202, 2.21347, 3.5314, 2.65432, 2.55164, 1.71023, 1.73252, 1.14461, 1.33505, 1.67471, 1.45681, 1.50084, 1.8015, 2.40239, 2.91201
4.2, 0.0319376, -0.86744, -0.927581, -0.171283, 3.39455, 2.6587, 0.199068, 0.5957, 1.61176, 4.02055, 2.88339, 0.522086, 0.549013, 1.83238, 0.774366, 2.40245, 3.82799, 2.43697, 3.48463, 3.02285, 2.36778, 1.96235, 1.65893, 1.22161, 1.44191, 1.61052, 1.47711, 1.55499, 1.8382, 2.34935, 3.12561
4.22, 0.0319376, -0.820036, -0.64859, -0.272492, 3.44696, 2.55517, 0.0583152, 0.63778, 1.79687, 4.14835, 2.83708, 0.96894, 0.916099, 1.89247, 0.834792, 2.54155, 3.77748, 2.42295, 3.45772, 2.82186, 2.384, 1.81758, 1.48353, 1.15932, 1.32429, 1.50966, 1.30092, 1.57746, 1.85175, 2.32943, 3.00418
4.24, 0.0319376, -1.13021, 0.00275375, 0.377939, 3.48671, 2.50528, 0.870533, 1.08209, 2.0775, 4.25864, 2.86296, 1.18429, 1.32069, 1.9908, 0.975229, 2.83151, 3.77427, 2.5707, 3.29328, 2.8947, 2.59366, 1.89211, 1.87468, 1.62429, 1.53291, 1.72317, 1.73043, 1.86903, 1.95367, 2.40491, 3.09519
4.26, 0.0319371, -1.65591, -0.802525, 0.253418, 3.50724, 2.54773, -0.953839, 0.220766, 1.56789, 4.32424, 2.96597, 0.457892, 0.914662, 2.15639, 0.283026, 2.62986, 3.77183, 1.63512, 3.27733, 2.62038, 2.48345, 1.80763, 1.83042, 1.54311, 1.57805, 1.68142, 1.62793, 1.73196, 1.81866, 2.30063, 3.17584
4.28, 0.0319371, -1.19704, -1.19533, 1.00582, 3.52307, 2.25172, 0.00805948, 0.116753, 1.96442, 4.35314, 2.14835, 0.620512, 1.50842, 2.07284, 0.126068, 2.99747, 3.48814, 1.73988, 3.32445, 2.18782, 2.92164, 1.67717, 1.75889, 1.57055, 1.48623, 1.47009, 1.54209, 1.60321, 1.82246, 2.23722, 2.73573
4.3, 0.0319371, -0.981935, -0.326765, 1.3385, 3.45984, 1.83671, 0.159482, -0.00838092, 2.68907, 4.4031, 1.57764, 0.876764, 1.84068, 2.00966, 0.482454, 3.38559, 3.17515, 2.40268, 3.46774, 2.41297, 3.32005, 1.69984, 2.00316, 1.27453, 1.68446, 1.87902, 1.89022, 1.68548, 1.86017, 2.11297, 2.75043
4.32, 0.0319371, -0.437009, -0.491468, 1.44344, 3.38263, 1.57011, 0.409122, 0.844436, 2.87749, 4.3866, 1.45848, 1.02709, 2.04363, 2.00622, 0.29319, 3.5186, 3.13329, 2.4383, 3.36938, 2.59923, 3.3081, 1.79488, 1.92631, 1.51269, 1.52632, 1.9698, 1.9746, 1.86263, 2.0149, 2.28887, 3.04872
4.34, 0.0319371, -0.0830361, -0.624834, 1.89153, 3.37098, 1.23761, 0.642251, 0.824362, 3.2775, 4.07956, 1.63104, 1.1737, 2.32133, 1.8458, 1.15945, 3.80095, 2.77126, 3.00221, 3.27837, 2.94777, 3.24464, 2.4247, 2.25513, 1.954, 1.80237, 1.90352, 2.17545, 2.06927, 2.2616, 2.6161, 3.36753
4.36, 0.0319376, -1.23913, -0.628302, 2.1504, 3.27831, 0.86494, -0.387376, 0.67341, 3.60133, 4.04468, 0.582562, 0.263207, 2.58752, 1.37315, 1.50888, 3.743, 1.75045, 3.20032, 2.80042, 2.84347, 2.73622, 2.62695, 1.88971, 1.69892, 2.06275, 1.85396, 1.9404, 1.96216, 2.12348, 2.44385, 3.19529
4.38, 0.0319376, -0.388743, -0.768564, 2.39066, 3.2162, 0.574851, 0.00702353, -0.0301608, 3.73197, 3.79904, 0.475285, 0.21796, 2.73772, 1.06161, 2.08775, 3.62522, 1.6178, 3.2638, 2.52214, 3.06626, 2.50441, 2.74259, 1.64699, 1.87733, 1.81798, 1.92701, 1.89408, 1.80089, 1.94028, 2.44021, 2.94352
4.4, 0.0319376, -0.461336, -0.205896, 2.51384, 3.1257, 0.565434, 0.677203, 0.979288, 3.84439, 3.74057, 1.17653, 1.34572, 2.79996, 0.963089, 2.49731, 3.51688, 2.21831, 3.42429, 2.54124, 3.15857, 2.58062, 3.04758, 1.68743, 1.60541, 1.70758, 2.13162, 1.84033, 1.82149, 2.02675, 2.41004, 3.20572
4.42, 0.0319376, 0.207875, -0.120458, 2.64436, 2.76647, 0.193228, 1.2444, 1.23915, 3.93772, 3.23634, 1.78833, 1.92345, 2.76656, 0.418125, 2.86497, 3.17471, 2.58672, 3.51834, 1.97914, 3.14049, 2.89858, 2.94798, 1.68153, 1.51782, 1.89813, 2.37908, 1.93768, 1.99336, 2.13686, 2.56396, 3.29358
4.44, 0.0319376, -0.416974, -0.2181, 2.83072, 2.64838, -0.179353, -0.114389, 1.18121, 3.9795, 2.71207, 1.04748, 2.22068, 2.59973, -0.0269879, 2.75371, 2.42337, 2.53169, 3.29062, 2.13251, 2.81552, 2.893, 2.87864, 1.66516, 1.50207, 1.54622, 2.10667, 1.80748, 1.82043, 2.09001, 2.32245, 3.19459
4.46, 0.0319376, -0.953058, 0.0920755, 2.78104, 2.09057, -0.314282, 0.338664, 1.68122, 4.09844, 2.41996, 0.757306, 2.46616, 2.30896, -0.408088, 2.77111, 2.02896, 2.769, 2.99713, 2.13306, 2.55416, 3.15612, 2.83377, 1.81919, 1.49594, 1.81186, 1.82159, 1.56788, 1.84754, 2.08984, 2.42868, 3.19727
4.48, 0.0319376, 0.494407, 0.356226, 2.83059, 1.99061, 0.91872, 1.26926, 2.24164, 3.98191, 1.88258, 0.574829, 2.70175, 1.95647, 0.676929, 2.36838, 2.57766, 2.92524, 2.63564, 2.203, 2.50757, 3.13696, 2.67759, 1.61112, 1.43651, 1.49009, 2.10544, 1.87108, 1.84329, 2.07739, 2.46078, 3.38057
4.5, 0.0319376, 0.845611, 0.664779, 2.80546, 1.09837, 1.32468, 1.29737, 2.69215, 3.33735, 2.13849, 1.56011, 2.16982, 1.49373, 1.15968, 1.60239, 3.10336, 2.36404, 2.6168, 2.00954, 2.39567, 2.52386, 2.01657, 1.26598, 1.20193, 1.00181, 1.53558, 1.57467, 1.57388, 1.88787, 2.09972, 3.23624
4.52, 0.0319376, 0.557334, 0.922906, 2.77933, 0.832995, 1.36895, 1.27027, 3.17218, 3.30131, 1.40453, 1.11057, 2.16833, 0.973788, 0.778693, 1.48115, 2.48399, 2.07025, 2.37786, 1.54071, 1.91949, 1.98135, 1.52594, 1.15664, 1.01123, 0.956596, 1.18848, 1.12741, 1.00168, 1.09634, 1.78641, 3.15957
4.54, 0.0319376, 0.164336, 1.37011, 2.81011, 0.664211, 1.51889, 1.00505, 3.45189, 3.0007, 0.823522, 1.36673, 2.12754, -0.206481, 0.84108, 1.47835, 1.70515, 2.03685, 1.82156, 1.67168, 1.74551, 2.01442, 1.46307, 0.930846, 0.538423, 0.0950649, 0.73391, 0.571838, 0.452934, 0.566745, 1.1414, 2.62546
4.56, 0.0319376, -1.46031, 1.73401, 2.20093, -0.139594, 0.0258556, 1.89765, 3.45633, 2.00454, 0.596334, 2.3099, 1.26347, 0.394384, 1.51138, 0.920047, 1.26253, 1.45561, 1.72349, 1.83656, 2.14013, 1.36192, 0.917221, 0.820332, 0.60999, 0.576142, 0.249573, 0.239457, 0.275941, 0.420213, 0.922761, 2.02887
4.58, 0.0319376, -1.77566, 1.7955, 1.48462, -0.548546, -0.210864, 2.64562, 2.72318, 1.20576, 1.48939, 1.89066, 0.331483, 1.05329, 0.845012, 0.500325, 0.707463, 0.899541, 1.07788, 1.67632, 1.66043, 0.956643, 0.472151, 0.034769, -0.105974, -0.0671518, 0.0415819, 0.115764, 0.103681, 0.25629, 0.866968, 1.70496
4.6, 0.0319376, -1.32846, 1.66612, 0.982094, -0.699902, -0.144376, 2.38501, 1.34458, 1.40534, 1.62255, 0.74668, -0.0625225, 1.20882, -0.906343, 0.0980712, -0.0326518, 0.287654, 0.580355, 0.792785, 0.781957, 0.484798, 0.310369, -0.0947286, -0.161599, -0.284323, -0.748177, -0.584886, -0.0632807, -0.0552049, 0.438546, 1.25606
4.62, 0.0319376, -0.675941, 1.27484, -0.00880476, -2.33544, 0.465043, 2.05293, 1.41812, 1.39002, 1.40608, -0.163563, 0.358432, 0.473368, -0.633188, -0.0768826, -0.349921, -0.430473, 0.376514, 0.384579, 0.586007, 0.244854, 0.285676, -0.606473, 0.00645528, 0.195716, -0.359896, -0.609852, -0.486685, 0.0963726, 0.153996, 0.681266
4.64, 0.0319376, -0.45069, 0.840718, 0.0136998, -1.18833, 0.712646, 1.29184, 0.299713, 1.13104, 0.603026, -0.0968742, 0.363105, -0.626352, -0.188558, -0.337518, -0.0222319, -0.33047, -0.343636, 0.0672748, 0.276912, 0.223651, 0.185523, -0.31177, -0.214562, -0.54625, -0.300866, -0.738094, -0.385623, 0.033761, 0.563741, 1.08587
4.66, 0.0319376, -0.673555, -0.707133, -0.85168, -0.591633, -0.452612, 0.263295, -0.00243405, 0.983829, 0.122104, -0.580199, -1.03232, -0.957345, -1.04582, -0.550933, -0.544937, -0.640893, -0.429669, -0.40301, -0.36707, -0.186668, -0.599984, -1.75842, -0.95051, -0.599548, -0.561891, -0.948289, -0.156923, 0.434574, 0.506657, 0.328184
4.68, 0.0319376, -2.51497, -1.5343, -1.02215, -2.31737, -1.56718, -0.971071, 0.229591, -0.0150332, -0.852657, -1.55849, -1.65791, -1.84262, -2.1722, -1.3834, -0.933651, -0.79086, -0.896734, -1.06688, -0.651583, -0.91701, -0.721814, -1.87454, -1.91121, -1.71292, -1.45337, -1.81595, -1.69192, -1.48916, -1.29841, -0.827782
4.7, 0.0319376, -3.44169, -1.37605, -1.1448, -2.00485, -2.54938, -1.06796, -0.116366, -0.325682, -0.626386, -1.01495, -1.18948, -1.77453, -2.26326, -1.16305, -1.09034, -1.03169, -1.27357, -1.60152, -1.01685, -1.11156, -1.42886, -2.22817, -2.3139, -1.69938, -1.4745, -1.74356, -1.9157, -2.01123, -2.09176, -0.959784
4.72, 0.0319376, -2.52664, -2.1939, -1.41086, -2.32253, -2.74277, -0.913488, -0.630354, -0.44748, -0.779468, -1.63792, -1.92667, -1.80266, -2.37945, -1.78688, -0.905625, -1.51515, -1.21771, -1.22301, -0.940322, -0.747262, -1.12458, -2.5747, -2.72619, -1.96347, -1.62793, -2.07847, -2.07239, -1.93945, -1.88248, -1.29445
4.74, 0.0319376, -3.18381, -1.77178, -2.27018, -2.30804, -2.24764, -1.00697, -0.793286, -0.948406, -1.28975, -1.62954, -1.80933, -2.13895, -2.40076, -1.93002, -1.36965, -1.66475, -1.38887, -1.80237, -1.47388, -1.33357, -1.71718, -2.81676, -2.73831, -2.18468, -2.0157, -2.24672, -2.08845, -2.04223, -2.07486, -1.40452
4.76, 0.0319371, -2.90158, -2.35361, -2.31335, -2.76226, -2.6342, -1.21183, -0.662651, -0.361313, -0.952674, -2.30298, -1.9366, -2.26693, -2.37943, -2.68523, -1.53001, -1.733, -1.65061, -2.09254, -1.74953, -1.77733, -1.92151, -2.9068, -2.8193, -2.56141, -2.06558, -2.2414, -2.54656, -2.32414, -2.40855, -1.78999
4.78, 0.0319371, -2.7274, -2.21492, -2.429, -3.0565, -2.87094, -1.80183, -1.03335, -0.764684, -1.68167, -1.96634, -2.91792, -2.83779, -2.52961, -1.8854, -1.22914, -1.93098, -1.5318, -2.13286, -2.27509, -1.68822, -2.1089, -3.03869, -3.38757, -2.74013, -2.22572, -2.58228, -2.63522, -2.75716, -2.6758, -1.92263
4.8, 0.0319371, -3.09157, -2.49661, -2.41708, -3.10724, -2.96963, -1.4802, -1.02188, -1.17861, -1.81574, -1.91845, -2.39338, -2.28562, -3.00732, -1.97183, -1.59316, -1.94321, -2.16866, -2.32293, -1.88717, -1.7668, -1.68163, -3.30442, -3.48908, -3.05988, -2.40357, -2.65936, -2.84347, -2.60047, -2.71745, -2.34291
4.82, 0.0319371, -3.55311, -2.89819, -2.24425, -2.38181, -3.31718, -2.03644, -1.86127, -1.51714, -1.97814, -2.3996, -2.63765, -2.90711, -3.32456, -2.04649, -1.42667, -2.65974, -2.29457, -2.895, -2.12434, -2.03633, -2.10662, -3.29824, -2.97525, -2.83435, -2.74111, -3.03756, -2.92867, -3.00156, -3.1066, -2.50795
4.84, 0.0319371, -3.23306, -3.33727, -2.77156, -3.04622, -3.94858, -2.57838, -1.58172, -1.4882, -2.14863, -2.73001, -2.79118, -2.80751, -3.91654, -2.43728, -2.13017, -2.40059, -2.55433, -2.73724, -2.58622, -2.26171, -1.9822, -3.20053, -3.40527, -3.04872, -2.86757, -3.0418, -3.09309, -3.35203, -3.07262, -2.73454
4.86, 0.0319376, -3.02949, -2.85283, -2.80554, -3.16665, -3.69463, -2.69068, -1.27357, -1.35831, -2.58081, -2.85187, -2.77683, -2.50372, -2.84328, -2.52652, -1.77636, -2.59071, -2.25559, -2.44041, -2.18653, -2.21748, -2.69954, -3.61207, -3.50663, -3.107, -2.88053, -3.46775, -3.30963, -3.18472, -3.53256, -3.11363
4.88, 0.0319376, -2.62694, -2.94164, -2.89611, -3.24375, -3.4342, -2.60198, -1.32592, -1.31639, -2.69152, -2.87921, -2.54402, -2.96311, -3.32888, -3.13457, -2.44453, -2.90959, -2.59812, -2.68164, -2.98929, -2.69387, -2.66567, -4.00211, -3.4622, -3.32674, -2.76705, -3.20294, -3.0368, -3.37621, -3.48211, -3.00132
4.9, 0.0319376, -3.87605, -3.41541, -3.87647, -4.808, -4.21408, -3.35737, -2.1193, -1.88202, -2.47595, -3.66382, -3.25108, -3.02208, -3.23238, -3.59032, -2.52347, -3.00341, -2.7296, -2.77489, -2.3731, -2.81312, -2.69149, -3.82153, -3.83836, -3.22771, -3.09281, -3.37277, -3.49492, -3.42021, -3.75953, -3.01027
4.92, 0.0319376, -2.93552, -4.05816, -3.84147, -3.63368, -4.03581, -3.78802, -3.34631, -3.26861, -2.9269, -3.1287, -3.94992, -3.55398, -3.53384, -2.94355, -2.652, -2.92252, -2.77026, -2.93659, -2.96038, -2.86058, -2.90918, -3.22851, -3.60529, -3.80781, -3.53896, -3.39218, -3.14752, -3.42357, -3.61744, -3.41177
4.94, 0.0319376, -3.37271, -3.20689, -3.24096, -3.27457, -4.06781, -3.07114, -2.34642, -2.49116, -3.59773, -3.87904, -3.59893, -3.56068, -3.51442, -3.30078, -2.91669, -3.17507, -2.97803, -3.49505, -3.40406, -2.91096, -3.43957, -3.57597, -3.75157, -3.67507, -3.45516, -3.13443, -3.44236, -3.23711, -3.43062, -3.14257
4.96, 0.0319376, -2.39463, -2.66506, -3.2442, -3.6628, -3.36835, -3.24618, -2.22832, -2.27634, -2.91365, -3.35955, -3.10701, -3.82391, -3.30733, -3.19064, -2.83285, -3.2534, -2.66201, -3.20353, -3.42903, -3.0823, -3.36382, -4.17796, -3.93029, -3.64372, -3.32894, -3.50467, -3.67505, -3.6589, -3.84352, -3.37004
