# Time (seconds), Duration (seconds), f0, f1, f2, f3, f4, f5, f6, f7, f8, f9, f10, f11, f12, f13, f14, f15, f16, f17, f18, f19, f20, f21, f22, f23, f24, f25, f26, f27, f28, f29
0, 0.0319375, 1.18874, 1.04616, 1.84534, 0.776111, 1.60833, 1.11742, 1.71005, 1.68043, 2.30526, 2.06002, 2.30266, 2.49009, 2.40676, 1.88359, 1.63206, 2.36708, 2.17297, 2.41083, 2.74124, 2.61706, 2.13206, 1.49716, 1.121, 1.60687, 1.83781, 1.20437, 1.03635, 1.18047, 2.02273, 2.00895
0.02, 0.0319375, 0.875246, 0.631295, 0.81535, 0.372188, 1.30399, 1.68384, 1.88606, 1.78754, 1.80672, 2.22628, 2.16972, 2.33117, 2.45352, 1.05595, 1.55412, 2.23933, 2.33466, 2.24632, 2.50037, 2.86058, 2.29503, 1.55876, 1.35944, 1.52118, 1.41266, 1.08807, 0.604928, 1.00732, 1.63936, 1.87753
0.04, 0.0319375, 0.7537, 0.506782, 0.583887, 0.964589, 1.95216, 1.47086, 1.97553, 1.70537, 1.54284, 2.45106, 1.96719, 2.16855, 1.6716, 1.35983, 1.41061, 1.73713, 1.90723, 1.68915, 1.93131, 1.96598, 1.75317, 0.767909, 0.532194, 0.980008, 1.07445, 0.49013, 0.412093, 0.591235, 0.683478, 1.27242
0.06, 0.0319375, -0.0639907, 0.772265, 0.633637, 0.333794, 1.57313, 1.03561, -0.0760983, 0.984916, 1.08111, 1.17136, 1.1621, 0.941207, 1.28993, 1.13359, 0.0810768, 0.613788, 0.841229, 0.857976, 0.973498, 0.842967, 0.459243, -0.3699, -0.438198, 0.0237225, -0.0611526, -0.416308, -0.991481, -0.836191, -0.562994, -0.132308
0.08, 0.0319375, -1.47885, -1.53685, -1.48837, -1.67379, -1.66652, -1.18278, -1.43792, -1.41979, -1.20968, -1.18917, -1.10309, -1.06914, -0.552015, -0.871538, -1.75977, -1.37977, -1.49857, -0.973827, -0.997098, -1.51162, -1.59183, -2.21799, -2.4987, -2.50573, -2.05252, -1.99919, -2.25285, -2.18141, -2.29202, -1.91033
0.1, 0.0319375, 1.59898, 0.905225, -0.666343, 0.135861, 0.389725, 1.12932, 0.805491, 0.842858, 1.63288, 1.8082, 1.65612, 1.61448, 2.18868, 2.30766, 1.99943, 1.42176, 1.74458, 2.00868, 1.7903, 1.9309, 1.23556, 0.737202, 0.767015, 1.2901, 1.68171, 0.598705, 0.0745143, -0.145197, 0.129863, 0.641397
0.12, 0.0319375, 1.7282, 0.715953, 0.571325, 0.729823, 1.813, 2.51795, 2.36046, 2.27421, 2.12263, 2.7259, 2.32795, 2.6337, 3.55831, 3.59793, 2.87673, 2.96277, 2.88181, 3.19368, 3.26476, 3.14817, 2.23575, 1.76866, 1.77799, 2.61497, 3.13965, 2.43018, 1.72656, 1.27301, 1.46723, 1.95873
0.14, 0.0319375, 1.09577, 2.33768, 1.86214, 1.57178, 2.57983, 2.60802, 2.12122, 2.53912, 3.40365, 3.03848, 2.2142, 2.87381, 3.58947, 3.76014, 3.37329, 2.8007, 3.4021, 3.66608, 3.98925, 3.34341, 2.94945, 2.58768, 2.33359, 2.82231, 3.30031, 2.65999, 2.0755, 1.95262, 1.97228, 2.68827
0.16, 0.0319375, 0.761371, 1.78569, 1.35505, 1.75919, 2.70732, 2.64149, 2.97868, 3.07594, 3.57585, 2.90544, 2.93001, 2.77416, 4.1104, 3.7817, 3.37858, 3.60494, 3.25976, 3.77806, 3.80738, 3.70058, 3.32891, 2.63162, 2.58621, 3.12996, 3.98504, 3.21772, 1.79685, 1.96147, 1.97788, 2.80533
0.18, 0.0319375, 1.43923, 1.61892, 1.40021, 1.56561, 2.48, 2.82467, 2.58478, 3.10703, 3.85401, 3.50044, 3.17772, 2.85074, 4.16138, 3.66749, 3.02167, 3.18768, 3.21175, 3.82996, 3.74694, 3.76521, 3.43457, 2.84714, 2.91067, 3.39223, 4.0744, 2.98662, 2.04937, 1.58219, 2.32731, 3.11987
0.2, 0.0319375, 0.997304, 1.75258, 1.35471, 1.36043, 2.25546, 2.60375, 2.92439, 3.14066, 3.18741, 2.52239, 2.78451, 3.06333, 3.99876, 3.32271, 3.22645, 3.18025, 2.85403, 3.61484, 3.75718, 3.35276, 2.94337, 2.35173, 2.64928, 3.49289, 3.74871, 2.94257, 2.33237, 2.0046, 2.25274, 2.8247
0.22, 0.0319375, 1.78965, 1.85856, 1.78446, 1.8159, 2.02665, 2.65659, 2.7596, 2.50579, 3.24146, 3.01207, 2.72023, 3.32792, 3.5472, 3.38421, 3.06259, 3.53842, 3.14357, 3.69753, 3.55209, 3.50603, 3.04001, 1.98554, 2.33717, 3.22737, 3.98653, 2.98603, 2.27714, 1.94077, 1.9485, 2.67213
0.24, 0.0319375, 1.54541, 0.554124, 0.079966, 1.43092, 2.46696, 3.07058, 2.80521, 2.84791, 3.07659, 3.69339, 3.41818, 3.00389, 3.80226, 3.74054, 3.69495, 2.8152, 3.06395, 3.44226, 3.4902, 3.00969, 2.7927, 2.0483, 2.60552, 3.15299, 3.64824, 2.63348, 2.06575, 1.88717, 1.8878, 2.58638
0.26, 0.0319375, 0.72735, 1.70801, 1.29605, 1.4138, 2.4554, 2.712, 1.88194, 1.57887, 2.80084, 3.05389, 2.38391, 3.25188, 4.16001, 3.56802, 3.02854, 3.24443, 2.8269, 3.427, 3.42861, 3.21569, 2.58967, 2.27779, 2.6387, 3.39507, 3.99784, 2.79037, 1.82473, 1.75079, 1.71055, 2.7073
0.28, 0.0319375, 1.48916, 1.0515, 0.73034, 1.05293, 1.73051, 2.76586, 2.7656, 2.62719, 2.70994, 2.9094, 2.54174, 2.90553, 3.86942, 3.19841, 3.01552, 3.25637, 3.13957, 3.45649, 3.75041, 3.44756, 3.13937, 2.04684, 2.62589, 3.37396, 3.80847, 2.96781, 1.67476, 1.63336, 1.82836, 2.74891
0.3, 0.0319375, 1.40006, 1.27869, 1.55587, 1.58338, 2.6381, 2.87018, 2.92074, 2.64372, 2.43448, 2.44471, 2.6369, 3.03087, 3.57276, 2.73955, 2.53672, 2.90292, 3.24169, 3.20926, 3.22575, 3.30862, 2.9356, 2.31658, 2.25017, 3.20273, 3.83345, 2.83659, 1.95629, 1.52128, 1.56651, 2.1328
0.32, 0.0319375, 0.538934, 1.64397, 0.847255, 0.44583, 1.89917, 3.14394, 2.97349, 3.09594, 3.4275, 2.93503, 2.33048, 2.89467, 3.88492, 3.24465, 3.00455, 3.14064, 3.03738, 3.49183, 3.13235, 3.01237, 2.52602, 2.03643, 2.17121, 2.59225, 3.37339, 2.93993, 1.8845, 1.68089, 1.75538, 2.41857
0.34, 0.0319375, 1.13283, 0.857889, 0.971823, 1.54877, 2.09377, 2.66581, 2.61925, 2.69906, 3.16889, 2.80652, 3.35139, 2.89569, 3.64724, 3.08429, 2.38458, 2.65449, 2.93782, 3.24951, 3.31165, 2.9418, 2.26863, 2.09669, 2.25051, 2.9007, 3.35137, 2.84437, 1.81036, 1.53811, 1.80718, 2.52168
0.36, 0.0319375, 0.927575, 1.53682, 1.12772, 2.06528, 2.31905, 2.64739, 2.56522, 2.97794, 3.48836, 2.71624, 2.42514, 3.20331, 4.18831, 3.08797, 2.97899, 2.7844, 2.66661, 2.96435, 3.07358, 2.76452, 2.6322, 1.72355, 1.71276, 2.81137, 3.44143, 2.10008, 1.8224, 1.51497, 1.7378, 2.18592
0.38, 0.0319375, 1.67287, 1.152, 0.696766, 1.9093, 2.05274, 2.95515, 2.51456, 2.19303, 2.7292, 3.04774, 2.65567, 2.58743, 3.22906, 2.34696, 2.59012, 2.55999, 2.61255, 2.40846, 2.93113, 2.65331, 2.36662, 1.82578, 1.86748, 2.41192, 2.66002, 2.11338, 1.12055, 1.24646, 1.23873, 1.51725
0.4, 0.0319375, 0.763701, 0.728667, -0.110176, 0.292892, 1.55536, 1.9343, 1.30824, 1.79067, 1.94159, 1.47659, 1.06057, 2.21914, 2.87156, 1.99254, 1.56088, 1.6309, 1.66364, 2.03947, 2.18564, 1.5701, 1.03959, 0.509642, 0.840381, 1.34089, 1.79983, 1.45155, 0.569713, -0.0871954, 0.028607, 0.538633
0.42, 0.0319375, -0.581806, -0.736138, -1.33094, -0.847582, -0.182601, 1.11092, 0.548008, -0.384071, -0.184671, -0.404186, -0.252809, -0.366021, 0.411478, 0.495559, -0.342727, -0.462038, -0.581915, -0.310458, -0.38107, -0.705179, -1.04413, -1.76694, -1.60688, -1.1386, -0.758573, -1.11579, -1.39022, -1.65576, -1.69545, -1.459
0.44, 0.0319375, -0.739032, -0.616696, -1.10906, -0.556194, -0.319526, -0.191387, 0.00373333, 0.29844, 0.439251, -0.314756, 0.222252, 0.363073, 0.689171, -0.416739, -0.844517, 0.372877, -0.283661, 0.02185, 0.134575, 0.195212, -0.203597, -0.423139, -0.710365, -0.184241, 0.351162, -0.844407, -1.57679, -1.83206, -1.42565, -0.986582
0.46, 0.0319375, 0.281472, 0.579809, 0.484539, 0.35533, 1.32111, 1.2611, 0.777099, 0.66538, 2.05262, 2.04567, 1.99774, 2.054, 1.49458, 1.01903, 0.777103, 1.48991, 1.39727, 1.9521, 1.923, 1.79416, 1.67417, 0.969866, 0.75899, 1.47976, 1.73719, 0.371021, -0.396602, -0.132123, 0.298083, 1.26882
0.48, 0.0319375, 1.24867, 0.819023, 1.4972, 0.713829, 1.39016, 1.28075, 0.624487, 1.57071, 2.55647, 2.17619, 2.20976, 2.05755, 2.13295, 2.04837, 2.11296, 2.18438, 1.73938, 1.75173, 1.7488, 1.98208, 1.87302, 1.56132, 0.99666, 1.92044, 2.25992, 0.969049, 0.306015, 0.900799, 1.47956, 1.75651
0.5, 0.0319375, 1.26522, 1.57531, 0.719811, 0.976733, 1.60993, 1.59912, 1.39498, 1.54559, 1.75108, 1.85711, 2.1809, 2.33524, 2.46967, 1.91167, 1.60385, 2.00186, 1.97287, 2.00079, 2.09305, 1.99371, 1.97095, 1.09681, 1.45866, 1.93169, 1.96479, 1.01361, 0.882143, 0.907856, 1.42294, 1.82334
0.52, 0.0319375, 1.33866, 0.502016, 1.03505, 1.50363, 1.57186, 1.56166, 1.84937, 1.77366, 2.07084, 2.51314, 2.04639, 2.41304, 2.82975, 2.52975, 1.9573, 2.19009, 1.97083, 1.81984, 2.29856, 2.14704, 2.07446, 1.43065, 1.35626, 2.19508, 2.21339, 1.2073, 1.05552, 1.11104, 1.56964, 1.96928
0.54, 0.0319375, 0.404458, 0.974428, 0.934426, 1.3143, 2.49255, 1.59189, 1.11301, 1.33442, 2.07605, 2.70612, 2.73471, 2.7007, 2.75408, 2.13424, 2.26846, 2.10223, 2.20126, 2.2046, 2.56308, 1.98954, 1.44345, 1.23014, 1.19651, 1.97927, 1.90944, 1.16654, 0.782261, 1.14386, 1.81271, 2.16894
0.56, 0.0319375, 0.918081, 0.887391, 0.8725, 1.25235, 1.90521, 1.53195, 1.10454, 2.13258, 2.13558, 2.46258, 2.16528, 2.2105, 2.23563, 1.70305, 1.30336, 1.9422, 1.97097, 2.26316, 2.23884, 2.03343, 2.20441, 1.47494, 1.62514, 1.96394, 1.88719, 0.996137, 0.932589, 1.21441, 1.51436, 2.10084
0.58, 0.0319375, 1.56383, 0.669566, 0.84032, 1.39442, 2.48559, 1.87336, 1.50923, 1.64495, 1.86787, 1.83802, 2.05302, 2.69593, 2.7739, 2.15509, 1.58837, 1.84255, 1.75779, 1.83228, 1.71054, 1.83599, 1.48593, 1.41452, 1.59627, 1.75834, 1.85057, 0.998599, 0.914089, 1.19761, 1.5935, 1.8392
0.6, 0.0319375, 0.644106, 0.952163, 1.00457, 1.04872, 1.29958, 1.2957, 1.31949, 2.05492, 2.16807, 1.63756, 1.89395, 2.57861, 2.48187, 2.28334, 2.0136, 2.31108, 1.66434, 2.0362, 2.13892, 2.05307, 1.8534, 1.16381, 1.36304, 1.77802, 1.51674, 1.01383, 0.674717, 1.01574, 1.70727, 1.64414
0.62, 0.0319375, 1.13262, 0.606249, 0.885163, 1.4389, 1.61215, 0.858984, 1.32726, 1.68813, 2.08367, 1.80646, 1.68735, 2.14256, 2.31209, 1.75976, 1.85527, 1.91334, 1.5907, 1.7568, 2.22993, 2.08018, 1.8174, 1.12321, 1.18785, 1.10208, 1.27389, 1.22017, 0.644713, 1.13151, 1.32886, 1.56267
0.64, 0.0319375, 1.41754, 1.19396, 0.894481, 1.13097, 1.19922, 1.72408, 2.1153, 1.44971, 2.00826, 1.89228, 2.29755, 2.42056, 2.7141, 2.38822, 1.30542, 2.26846, 2.17871, 2.53014, 2.06342, 1.58635, 1.5791, 1.42316, 1.27541, 1.96829, 1.66343, 0.975502, 0.505712, 1.28913, 1.58919, 2.27211
0.66, 0.0319375, 2.15701, 1.85473, 1.63793, 1.74768, 2.16816, 1.84071, 1.5976, 2.01372, 1.75467, 2.47561, 2.48286, 2.22766, 2.90066, 1.83854, 2.07099, 2.57898, 2.43649, 2.13436, 2.08862, 2.23617, 2.16318, 1.49097, 1.23309, 1.57534, 1.64756, 0.899025, 0.725613, 0.732989, 1.6302, 2.2087
0.68, 0.0319375, 1.87088, 0.881371, 1.58629, 1.55228, 1.71901, 0.956773, 1.53029, 1.77081, 2.39481, 2.32309, 1.88765, 2.57856, 2.43815, 1.91968, 1.07581, 2.41124, 2.25409, 2.15734, 2.01085, 2.30669, 2.25448, 1.47515, 1.4642, 1.65335, 1.23915, 0.784166, 0.81359, 0.880786, 1.49777, 1.8837
0.7, 0.0319375, 1.87844, 1.07156, 2.03406, 2.06385, 2.27174, 2.02865, 2.10278, 1.83672, 2.42096, 2.87138, 2.40686, 2.22301, 2.61606, 2.26565, 2.04229, 2.10323, 2.37448, 2.13489, 2.47165, 1.80407, 1.87688, 1.15723, 1.56489, 1.63984, 1.34495, 0.896885, 0.720663, 1.02862, 1.67526, 2.10918
0.72, 0.0319375, 1.95442, 0.676041, 2.26435, 1.85781, 1.78432, 2.14108, 1.52973, 1.40181, 2.55371, 2.10691, 2.23629, 2.81152, 2.93288, 2.47039, 2.36328, 2.56363, 2.44993, 2.39526, 2.18123, 2.17579, 1.87717, 1.45793, 1.2508, 1.73211, 1.89795, 0.943513, 0.832745, 1.41428, 1.62131, 2.3019
0.74, 0.0319375, 1.96278, 1.00883, 1.9075, 1.4317, 1.89904, 2.17015, 2.12513, 2.00788, 2.73664, 2.54716, 2.66219, 2.63387, 3.41468, 2.12712, 2.41132, 2.87194, 2.1505, 2.36098, 2.56736, 2.34374, 1.66317, 1.43065, 1.62283, 1.69131, 1.6045, 1.15535, 0.788218, 1.42532, 1.58593, 2.33793
0.76, 0.0319375, 1.86555, 1.3197, 1.9993, 1.94301, 1.88741, 1.99505, 1.63676, 2.07974, 3.00997, 2.62599, 1.77801, 2.24016, 2.07631, 1.61215, 1.90355, 2.34292, 1.98981, 1.83642, 2.26405, 2.28889, 2.30267, 1.6321, 1.35267, 1.5086, 1.72125, 1.13629, 0.763129, 1.28526, 1.76875, 1.87511
0.78, 0.0319375, 0.988166, 0.816517, 1.00131, 1.72926, 1.69922, 1.30318, 1.69936, 1.31574, 2.27507, 2.51812, 1.9472, 2.15551, 2.15202, 1.86648, 1.88783, 1.86066, 1.6599, 1.63139, 2.07081, 2.01092, 1.75736, 1.24547, 0.806842, 1.23334, 1.16698, 0.497127, 0.464386, 0.956039, 1.08785, 1.42952
0.8, 0.0319375, 0.34157, 0.598076, -0.000732094, 0.852064, 0.866362, 0.723443, 0.560481, 0.658324, 0.774602, 1.11246, 1.57907, 1.14266, 1.51844, 1.00925, 0.813442, 1.20902, 1.16184, 0.808045, 0.849847, 0.757356, 0.807847, 0.59231, -0.0585592, 0.276196, 0.208023, -0.861149, -0.778514, -0.364436, -0.0483768, 0.578594
0.82, 0.0319375, -0.998515, -0.299069, -0.773785, -0.769546, -0.589824, -0.546456, -0.427022, -0.60109, -0.730594, -0.383065, -0.403403, -0.283604, -0.0592622, -0.352099, -1.05477, -0.0954166, -0.246879, -0.848442, -0.756486, -0.772796, -1.01365, -1.56033, -1.32037, -0.659607, -1.03826, -1.81635, -1.48067, -1.17307, -1.75641, -0.716986
0.84, 0.0319375, 0.278491, -0.498615, -0.350374, -0.29417, 0.444917, 0.722197, 0.339288, -0.180045, 1.44338, 1.49215, 1.02139, 0.701548, 1.24976, 1.00411, 0.709281, 0.549207, 0.592184, 1.23418, 1.06182, 0.426002, -0.42862, -0.850511, -0.781929, 0.0795143, 0.583716, -0.629566, -1.14227, -1.00305, -1.02669, -0.710282
0.86, 0.0319375, 0.782563, 1.55253, 1.18934, 0.429836, 1.05298, 1.22071, 1.9325, 2.0914, 1.85802, 1.99841, 1.79057, 2.32953, 3.13412, 2.87228, 2.31107, 2.16744, 2.07772, 2.2815, 2.65298, 2.32046, 1.87274, 1.35969, 1.49212, 1.92524, 2.51139, 1.00839, 0.555822, 0.2624, 0.733469, 1.3288
0.88, 0.0319375, 1.52971, 1.07511, 1.28838, 1.33315, 1.91131, 2.4638, 2.06589, 2.1393, 2.78774, 2.80901, 3.13782, 3.29733, 3.38591, 3.47625, 2.97814, 2.4228, 2.84639, 3.20787, 3.37583, 3.42037, 3.06849, 2.12375, 2.09728, 2.60828, 3.65839, 2.56575, 1.44298, 1.28309, 1.58586, 2.27359
0.9, 0.0319375, 0.83778, 0.492184, 1.23289, 0.790204, 1.32882, 2.30617, 2.27428, 2.5999, 2.85002, 3.27554, 2.4873, 3.00345, 3.39229, 3.30219, 2.73061, 2.50782, 2.65126, 3.13968, 3.23602, 3.70877, 3.30369, 2.48031, 2.47021, 3.03086, 3.63245, 2.71928, 1.75501, 1.74587, 1.84665, 2.57229
0.92, 0.0319375, 1.78476, 1.74013, 1.54594, 1.38834, 2.18228, 3.07027, 3.10386, 3.20555, 3.69509, 2.99702, 2.7334, 2.76853, 3.1222, 3.37319, 2.94873, 2.98456, 2.94183, 3.36153, 3.49441, 3.79091, 3.50057, 2.63901, 2.93833, 3.32715, 3.9723, 2.75098, 1.88591, 2.06142, 1.804, 2.83752
0.94, 0.0319375, 1.22908, 1.43927, 0.794292, 1.57821, 2.80398, 3.34987, 3.09649, 2.72666, 3.20581, 3.68, 2.99785, 3.07, 3.21592, 3.33768, 3.29181, 3.25018, 3.0301, 3.84205, 3.11624, 3.6428, 3.29648, 2.22367, 2.49385, 3.311, 3.99018, 3.23718, 2.03802, 2.03804, 2.05659, 2.90775
0.96, 0.0319375, 1.72178, 1.53397, 1.10371, 1.4144, 1.68146, 2.58626, 2.69855, 2.69795, 2.9283, 3.2126, 2.76937, 3.31147, 3.92878, 3.34295, 3.19609, 3.1411, 2.54903, 3.33962, 3.33306, 3.60495, 3.25971, 2.8603, 2.49098, 3.50673, 4.10682, 3.08978, 2.30018, 2.09308, 2.34903, 2.47064
0.98, 0.0319375, 1.44194, 1.72188, 1.12899, 0.995784, 1.90818, 2.59246, 2.22097, 2.99083, 3.32323, 3.32037, 3.13933, 3.07598, 3.30588, 3.38594, 2.92787, 2.42062, 3.24755, 3.65196, 3.02206, 3.48723, 3.51496, 2.51356, 2.54266, 3.18302, 4.07096, 3.26211, 2.33727, 2.04401, 1.8471, 2.53984
1, 0.0319375, 1.21014, 1.84052, 0.936581, 1.1664, 2.77859, 2.79857, 2.65294, 2.67957, 3.61043, 3.21025, 2.84602, 2.33114, 2.9654, 3.0114, 2.53269, 2.66953, 2.84683, 3.02901, 3.47363, 3.82635, 3.71446, 2.61246, 2.79259, 3.36904, 4.01737, 2.89939, 2.0059, 1.82224, 2.02998, 2.62214
1.02, 0.0319375, 1.43202, 1.88032, 1.09883, 1.07908, 2.26869, 2.48836, 2.4326, 2.50857, 3.17465, 3.3327, 3.0032, 3.11944, 3.45152, 2.75148, 2.84064, 2.46825, 2.73683, 2.98656, 2.97951, 3.33122, 3.2514, 2.12833, 2.32392, 3.44934, 4.04473, 2.85338, 2.048, 2.0378, 2.00747, 2.58913
1.04, 0.0319375, 0.797595, 1.95595, 1.36565, 0.98514, 1.64915, 2.40505, 2.52122, 2.56721, 2.46248, 3.19639, 2.65839, 2.97277, 3.67237, 3.27182, 2.7628, 2.62993, 2.5731, 3.25417, 3.44584, 3.47469, 3.11452, 2.06597, 2.57634, 3.26912, 3.96776, 2.79258, 1.72694, 1.80084, 1.80605, 2.77198
1.06, 0.0319376, 1.12478, 1.42663, 0.830031, 0.197217, 2.11547, 3.24057, 2.49468, 2.31885, 2.72235, 2.39706, 2.41683, 3.09847, 3.23454, 2.78252, 2.73506, 2.73318, 2.4755, 2.87707, 3.12984, 3.22322, 3.10524, 2.86591, 2.82761, 3.28041, 3.88479, 2.79423, 1.93665, 1.79116, 1.9108, 2.42187
1.08, 0.0319375, 1.35109, 1.16741, 0.737375, 0.828703, 1.41988, 2.86257, 3.01064, 2.8475, 2.74817, 2.9493, 2.66727, 2.6856, 3.66719, 3.27658, 2.33972, 2.95699, 2.82402, 3.31979, 3.09411, 3.34414, 3.46822, 3.01921, 2.6381, 3.43386, 3.96014, 2.83925, 1.73594, 1.69142, 1.9928, 2.39969
1.1, 0.0319375, 0.877723, 1.16376, 0.604194, 1.46258, 1.90594, 3.22113, 2.8682, 2.25956, 2.44762, 2.72894, 3.01233, 3.03927, 3.36171, 3.02536, 2.67087, 2.78995, 2.53425, 2.87889, 2.62829, 2.82335, 2.82489, 2.30846, 2.18665, 2.6659, 3.594, 2.88852, 2.0344, 1.93313, 2.10469, 2.5692
1.12, 0.0319375, 0.147678, 0.434817, 0.714091, 1.43909, 2.3419, 2.29809, 2.55148, 2.14207, 2.96933, 2.81853, 2.32022, 3.16119, 3.74361, 2.80401, 2.4602, 2.60807, 2.30575, 2.89615, 2.93376, 3.14779, 2.95614, 2.61747, 2.31492, 2.92221, 3.25129, 2.68587, 1.63418, 1.67072, 2.06137, 2.27205
1.14, 0.0319375, 1.89512, 1.06127, 0.658652, 1.57638, 2.02671, 2.18625, 1.76534, 2.48111, 3.00768, 2.59128, 2.24132, 2.4685, 3.33604, 2.37037, 2.29425, 2.32921, 2.52418, 2.80607, 2.41233, 2.74108, 2.90426, 2.24245, 2.07334, 2.84996, 3.43185, 2.44033, 1.39579, 1.35678, 1.66858, 1.99476
1.16, 0.0319375, 1.19778, 1.13944, -0.153003, 0.394819, 1.95857, 2.49642, 2.04961, 2.21844, 2.72028, 2.52532, 1.87572, 2.18361, 2.61741, 1.74734, 1.1227, 1.8878, 1.57095, 2.12172, 2.22688, 2.22159, 1.69797, 0.933147, 0.802859, 1.40524, 2.27186, 1.3507, 0.311055, 0.580767, 0.706867, 1.47366
1.18, 0.0319376, -0.436281, -0.774131, -0.680409, -0.364876, -0.215111, 0.666254, 1.06677, 0.807346, 1.16392, 1.15051, 0.79686, 0.784103, 1.02775, 0.0622533, 0.407401, 0.0771586, -0.877335, -0.267665, -0.302767, 0.469294, -0.543383, -1.03809, -0.646033, -0.00729461, 0.365101, -0.760138, -0.815769, -1.19132, -1.19851, -0.978058
1.2, 0.0319375, -2.04321, -1.57622, -1.77425, -0.615982, -0.341471, -0.570647, -0.598298, -1.3185, -0.446319, -0.548887, -0.65731, -0.366447, -0.0223833, -1.11557, -0.775499, -1.31019, -0.97786, -1.39074, -1.35018, -0.900418, -0.839954, -0.897501, -1.0253, -1.17669, -1.62892, -1.83266, -2.20165, -1.95025, -1.8536, -1.67239
1.22, 0.0319375, -0.42654, 0.442871, 0.471366, 0.432314, 1.57202, 1.55267, 1.50234, 0.999136, 1.25279, 1.85892, 2.02335, 1.12592, 1.42649, 1.21215, 1.54918, 1.66955, 1.17699, 0.459723, 0.652054, 0.996786, 0.825593, 0.932326, 0.942625, 1.25695, 1.10885, 0.113455, -0.228891, -0.236939, 0.052796, 0.601706
1.24, 0.0319375, 1.25977, 1.15318, 1.37976, 1.53508, 0.882544, 1.56476, 2.2155, 2.00829, 2.09096, 2.80177, 1.79782, 2.21151, 2.66138, 1.88112, 1.73156, 1.92169, 1.79556, 1.51251, 1.72018, 2.04855, 1.99714, 1.52203, 1.61923, 1.8109, 2.25152, 1.00253, 0.590876, 0.715724, 1.18677, 1.89883
1.26, 0.0319375, 1.52775, 0.998854, 1.25965, 1.24089, 1.8901, 2.21979, 2.22655, 2.23332, 2.12647, 2.2417, 2.1185, 2.83831, 2.98676, 1.31811, 1.7806, 2.23035, 2.18971, 1.91389, 1.70041, 2.38168, 2.31474, 1.88744, 1.94605, 2.1725, 2.19738, 1.54651, 0.854584, 1.26165, 1.6025, 2.29759
1.28, 0.0319375, 1.32107, 1.62103, 1.21231, 1.83514, 2.04612, 1.82058, 1.85696, 1.85463, 2.15525, 2.64332, 2.25808, 2.46016, 2.42677, 2.07588, 1.90663, 2.43238, 2.01856, 1.57765, 2.00131, 2.47754, 1.73012, 1.67717, 1.73168, 1.83402, 1.94731, 0.99118, 0.932338, 1.40632, 1.86358, 2.09247
1.3, 0.0319376, 1.43195, 0.917949, 1.15748, 1.81155, 1.74142, 1.2173, 1.04497, 1.26472, 1.74089, 2.01228, 1.76421, 2.69277, 3.03778, 2.24846, 1.66849, 2.28511, 2.1481, 2.24149, 1.91036, 2.42735, 2.35364, 1.31263, 1.41656, 1.54395, 1.1503, 1.04708, 0.979485, 1.43745, 1.91947, 2.04214
1.32, 0.0319375, 2.09116, 1.38945, 1.15497, 1.31607, 2.01522, 1.99068, 1.36225, 1.9205, 2.05288, 2.34885, 2.80536, 3.05274, 3.09379, 1.87162, 1.53575, 2.61036, 2.22984, 1.96327, 1.74526, 1.9093, 2.09874, 1.55942, 1.16909, 1.25634, 1.51234, 0.895537, 1.17034, 1.69351, 2.28698, 1.87996
1.34, 0.0319375, 2.1665, 1.52875, 1.54121, 2.40106, 2.43542, 2.0047, 1.85471, 1.68329, 1.59481, 1.81126, 2.59939, 2.52412, 1.98434, 1.71772, 1.09426, 1.67729, 1.76457, 2.2195, 2.01379, 2.20722, 2.10344, 1.50405, 1.54493, 1.88645, 1.29196, 0.654662, 0.876461, 1.10056, 1.75187, 2.03305
1.36, 0.0319375, 1.28144, 0.895491, 1.10812, 1.46929, 1.87497, 0.97858, 1.04236, 1.65237, 2.65624, 2.52573, 2.16934, 2.52867, 2.34829, 1.66046, 1.53697, 2.04454, 1.88544, 1.78408, 1.85274, 2.36596, 1.90678, 1.22458, 1.3122, 1.48163, 1.01506, 0.535328, 0.7996, 1.10305, 1.7774, 1.62605
1.38, 0.0319375, 1.53846, 0.747999, 1.33891, 1.35905, 1.97869, 2.23304, 2.11471, 1.71206, 2.45648, 2.10876, 2.34415, 2.54374, 2.57475, 2.06319, 1.55864, 2.38691, 1.93202, 1.65272, 1.84351, 2.198, 2.04236, 1.19327, 1.45495, 1.33298, 1.17372, 0.846987, 0.654869, 1.06875, 1.61851, 1.68068
1.4, 0.0319375, 1.86654, 0.728075, 0.794128, 1.65317, 1.78907, 1.15952, 1.50879, 1.13534, 1.69741, 2.51654, 2.52919, 2.55379, 2.52386, 1.29785, 1.38118, 1.91716, 1.8739, 2.05017, 2.24545, 2.45405, 2.18558, 1.21567, 0.749068, 0.95426, 1.17956, 0.588459, 0.702865, 1.24995, 1.46466, 1.71981
1.42, 0.0319376, 1.49265, 0.865528, 0.207861, 0.922831, 1.62059, 2.07691, 1.84286, 1.61924, 1.89382, 2.09993, 2.26659, 2.2329, 2.84249, 1.37185, 1.28999, 1.85183, 2.05211, 1.89825, 1.70849, 1.94994, 1.72568, 1.26825, 1.33942, 1.13699, 1.10687, 0.622824, 0.807483, 1.09533, 1.28087, 1.46652
1.44, 0.0319375, 1.12055, 1.07501, 1.08472, 0.798615, 1.96389, 1.65704, 1.67218, 1.78577, 2.34281, 2.43934, 2.1614, 2.2843, 2.63983, 1.84025, 1.62005, 1.50757, 1.57028, 1.63943, 1.94895, 2.19241, 1.67584, 1.34505, 0.827796, 1.05576, 1.49746, 0.555619, 0.460536, 0.800113, 1.38005, 1.36945
1.46, 0.0319375, 1.44548, 0.944953, 0.573375, 1.06547, 1.80363, 1.84341, 1.24891, 1.86244, 2.23809, 2.4365, 2.0369, 2.28254, 2.70112, 1.6868, 1.96713, 2.10017, 2.02465, 2.1057, 2.12706, 2.34021, 1.75879, 1.01229, 1.00487, 1.3543, 1.22042, 0.490392, 0.81264, 1.02238, 1.30999, 1.38167
1.48, 0.0319375, 1.75464, 1.30462, 0.936897, -0.00839337, 1.63308, 1.53708, 1.37165, 2.17886, 2.24826, 2.12541, 2.0346, 2.11998, 2.72468, 2.2004, 1.45057, 1.75111, 1.77712, 2.05416, 2.12073, 2.36289, 1.97191, 1.18925, 1.28876, 1.25081, 1.21367, 1.05184, 0.710507, 1.33026, 1.95054, 1.69666
1.5, 0.0319375, 1.06165, 1.10105, 1.60719, 1.4906, 1.96684, 2.12935, 1.99682, 1.89742, 2.18273, 1.78955, 2.31036, 2.53445, 2.32141, 1.7813, 1.89376, 1.70231, 1.56945, 1.92937, 1.9733, 2.42137, 1.7552, 1.1983, 0.636216, 0.685935, 0.602146, 1.07733, 1.30738, 1.28113, 1.3137, 1.6085
1.52, 0.0319375, 1.34807, 1.21116, 1.10861, 1.92297, 2.10604, 2.07135, 1.76053, 1.5362, 1.69005, 1.92293, 1.97277, 2.38221, 1.61266, 1.60495, 1.60912, 2.15359, 1.84184, 1.77916, 2.2075, 2.39422, 2.03422, 1.25929, 1.40283, 0.95536, 0.742177, 0.71725, 0.686824, 1.11108, 1.51039, 1.49404
1.54, 0.0319375, 0.724073, 1.13895, -0.114284, 0.469063, 1.44885, 1.2432, 1.40363, 1.71083, 2.57273, 2.01764, 1.83507, 2.01103, 2.11149, 1.36358, 1.24973, 1.27723, 1.02436, 1.05862, 1.18647, 1.80463, 1.54691, 0.84449, 0.512219, 0.334444, 0.247823, 0.00346524, 0.179429, 0.701053, 1.00889, 0.93564
1.56, 0.0319376, -0.368552, -0.246264, -0.462439, 1.14084, 0.695481, 0.458186, 0.301881, 0.326965, 0.613216, 0.223969, 0.330047, 1.05511, 0.441155, 0.0329281, 0.00966996, 0.634589, 0.338526, 0.392453, 0.179929, 0.660059, 0.447016, -0.28591, -1.06805, -0.793872, -1.14453, -1.48153, -1.06471, -0.947854, -0.319194, -0.407476
1.58, 0.0319375, -1.38229, -1.28466, -1.42312, -1.36857, -1.89892, -1.77156, -1.77566, -1.74811, -1.39164, -1.5674, -1.48762, -1.55578, -1.96001, -2.0408, -2.0619, -1.9691, -2.41385, -2.40375, -2.04569, -1.97127, -2.40098, -2.33039, -2.29201, -2.49102, -2.24769, -1.95263, -1.97949, -2.02026, -1.93559, -1.64047
1.6, 0.0319375, 1.36755, 1.20998, 0.10381, 0.258214, 0.879299, 1.51861, 1.47165, 1.77051, 2.33414, 2.09538, 1.62586, 1.88714, 2.56298, 1.6171, 1.23339, 1.29618, 1.42654, 2.3028, 2.52275, 2.09893, 1.34316, 0.576984, 0.423948, 1.26566, 1.56594, 0.23935, -0.328497, -0.459781, 0.240742, 0.503642
1.62, 0.0319375, 1.84355, 1.72065, 1.06504, 1.45947, 1.86393, 2.31456, 2.06031, 2.26193, 2.67556, 2.98228, 2.8952, 2.73443, 2.99787, 2.59295, 2.47648, 2.48708, 2.31967, 3.01531, 3.49361, 2.62687, 2.4404, 2.03593, 1.96006, 2.86864, 3.07881, 1.59878, 0.932001, 0.839106, 1.22289, 1.86718
1.64, 0.0319375, 0.740284, 1.73401, 1.46862, 1.1115, 2.25293, 2.31771, 1.80269, 1.76542, 2.88307, 2.92783, 2.79521, 3.13471, 3.62279, 3.31803, 3.5327, 3.36146, 3.32454, 3.0101, 3.92158, 3.61083, 3.25495, 3.16472, 2.93241, 3.63693, 3.80643, 2.42858, 1.80589, 1.68267, 2.05128, 2.83304
1.66, 0.0319375, 1.85915, 1.56941, 1.74642, 1.76731, 2.12631, 2.71629, 2.63661, 1.83207, 3.06261, 3.04327, 2.83311, 2.96462, 3.88909, 3.39084, 3.35715, 3.85701, 3.34541, 3.47447, 3.78514, 3.73395, 3.61099, 2.92694, 3.09473, 3.89464, 4.2074, 3.04412, 2.46298, 2.35306, 2.22547, 2.79775
1.68, 0.0319376, 2.02542, 1.49186, 1.56963, 1.53709, 2.48073, 3.4111, 3.56179, 2.91561, 3.15322, 3.12496, 3.24349, 3.53102, 4.06565, 3.48749, 3.29623, 3.44289, 3.10586, 3.458, 4.04392, 3.85831, 3.4558, 3.11402, 2.97447, 4.02877, 4.52341, 3.42844, 2.5047, 2.65604, 2.31628, 2.91312
1.7, 0.0319375, 1.18702, 1.51071, 1.92442, 2.41399, 2.65652, 3.63656, 2.88811, 3.0275, 3.13548, 3.14259, 3.27211, 3.71352, 3.93067, 3.61428, 3.54654, 3.80293, 3.51626, 3.63676, 3.82421, 3.72421, 2.94276, 2.87818, 2.82312, 3.72483, 4.0369, 3.20633, 2.22564, 2.32649, 2.06508, 3.14908
1.72, 0.0319375, 0.660001, 0.966268, 1.64039, 1.9469, 2.84869, 3.33267, 2.24667, 2.67593, 3.03904, 2.93807, 2.46235, 2.9282, 3.98146, 3.40976, 3.36435, 3.70599, 3.39139, 3.16826, 3.56555, 4.07238, 3.70224, 3.21575, 2.81597, 3.46104, 3.96664, 2.89604, 2.43169, 2.2303, 2.35422, 3.02858
1.74, 0.0319375, 1.31098, 1.64018, 2.31878, 1.80737, 1.8974, 2.17992, 2.80447, 2.38635, 3.40692, 3.25667, 2.99569, 2.83553, 3.61213, 3.44576, 2.79951, 3.10518, 3.2959, 3.90525, 3.97529, 3.62944, 3.33184, 2.74338, 2.79161, 3.4155, 3.86074, 3.06762, 2.08767, 2.18669, 2.44508, 2.82622
1.76, 0.0319375, 1.40022, 1.56425, 1.66689, 1.38552, 1.61365, 2.48459, 1.88908, 2.66191, 2.99359, 3.07272, 2.71642, 3.35013, 3.82961, 2.93968, 2.88073, 3.08641, 2.92351, 3.61422, 4.08973, 3.74226, 3.10885, 2.66869, 2.51817, 3.25766, 4.10831, 3.0347, 1.86247, 2.0885, 2.52761, 2.93543
1.78, 0.0319375, 1.05177, 1.93265, 1.0756, 0.192949, 2.23952, 2.50719, 2.55558, 2.54543, 2.92799, 3.52692, 2.69308, 2.7393, 3.6817, 2.94, 2.93452, 3.33661, 2.99444, 3.0684, 3.95386, 3.4817, 2.90934, 2.44061, 2.10368, 3.10795, 3.82133, 2.76857, 1.98988, 2.04585, 1.96922, 2.6174
1.8, 0.0319376, 1.12243, 2.016, 1.83985, 1.46477, 1.99655, 2.91466, 2.86348, 2.35567, 2.95327, 2.75238, 2.36345, 2.6352, 3.40202, 3.09401, 3.00503, 3.38198, 2.41643, 2.88922, 3.31703, 3.13231, 2.66595, 2.45348, 2.7289, 3.35533, 3.42338, 2.40725, 1.83254, 1.80913, 1.81997, 2.6386
1.82, 0.0319375, 1.33449, 1.60128, 1.18234, 0.971886, 2.2129, 2.48635, 1.97152, 2.54073, 2.73702, 2.34661, 1.76824, 2.79667, 3.19812, 2.7806, 2.88991, 3.11826, 2.66975, 2.86521, 3.17798, 3.2823, 3.17696, 2.51754, 2.29785, 3.35432, 3.56329, 2.61987, 1.45713, 1.39845, 1.6904, 2.37139
1.84, 0.0319375, 1.0113, 1.5498, 0.951371, 1.0716, 1.82631, 2.43137, 2.48295, 2.4589, 3.00585, 2.57554, 2.67734, 2.77729, 3.29004, 2.82924, 2.41493, 3.05764, 2.33768, 3.06128, 3.63438, 2.932, 2.76737, 2.40683, 2.14081, 3.12774, 3.6174, 2.64009, 1.50138, 1.84627, 2.01273, 2.10112
1.86, 0.0319375, 1.10952, 1.56083, 1.54143, 1.29465, 1.5999, 2.13694, 2.19682, 2.29713, 2.67021, 3.35021, 2.3632, 2.81862, 3.70104, 3.17669, 2.65737, 2.77385, 2.50602, 2.72529, 2.89513, 2.8115, 2.67141, 2.30132, 2.00408, 2.63255, 3.1568, 2.2766, 1.40846, 1.64276, 1.73111, 2.02427
1.88, 0.0319375, 0.709155, 0.894787, 0.783574, 1.6154, 2.74026, 2.37883, 1.86061, 2.08892, 2.88805, 3.26431, 1.95845, 2.77155, 3.48057, 2.92654, 2.49052, 2.37711, 2.31762, 2.89882, 3.13965, 2.71662, 2.29004, 1.8497, 1.79433, 2.68192, 3.05898, 2.31201, 1.29602, 1.45007, 1.62654, 1.82963
1.9, 0.0319375, 0.889932, 1.41517, 0.99366, 1.36442, 2.31612, 2.46753, 1.7661, 2.24064, 3.3942, 3.37859, 2.09152, 2.76976, 3.10006, 2.91398, 2.77291, 2.76807, 2.17011, 2.55512, 2.5796, 2.41989, 2.40505, 2.17962, 1.96724, 2.59344, 3.12607, 1.7905, 0.81164, 1.15359, 1.62438, 1.75898
1.92, 0.0319376, 1.20532, 0.85775, 0.578396, -0.0558928, 1.76598, 2.17676, 1.26677, 1.88228, 2.70984, 2.30799, 2.15324, 2.02999, 2.63195, 2.20135, 2.05677, 2.29288, 1.44846, 1.8355, 1.93889, 2.02565, 1.73505, 1.47314, 1.23654, 1.94048, 2.76938, 1.27749, 0.341376, 0.671613, 0.892745, 1.08713
1.94, 0.0319375, -0.550846, -0.0439609, 0.305761, 0.5008, 0.601257, 0.9209, 1.26163, 1.03214, 1.92115, 1.45687, 0.98532, 0.830543, 1.79557, 0.974632, 0.204906, 0.342388, 0.454746, 0.983633, 1.25213, 0.453012, -0.0901404, -0.458714, -0.635124, 0.282883, 1.26286, -0.393463, -1.31757, -0.680875, -0.461207, -0.348327
1.96, 0.0319375, -1.78534, -1.21582, -1.78364, -1.50212, -1.0994, -1.07648, -1.06028, -1.64944, -0.3933, -0.446304, -0.967718, -0.857883, -0.819471, -1.09073, -1.08807, -0.890698, -1.05504, -1.56804, -1.67131, -1.60787, -1.571, -1.86046, -2.23799, -1.95807, -2.04534, -2.27898, -2.45037, -2.06228, -2.18631, -2.02755
1.98, 0.0319376, 0.0237945, -0.0105479, 0.891958, 1.12262, 0.998332, 1.46919, 1.96317, 1.7774, 1.6987, 1.71298, 2.13684, 1.39197, 1.67299, 1.62067, 1.42295, 1.37465, 1.39239, 1.43982, 1.70955, 1.70396, 1.39504, 1.18564, 0.751039, 1.27153, 1.0151, 0.078357, 0.544437, 0.312382, 0.772343, 1.18439
2, 0.0319376, 1.59902, 0.989557, 0.850387, 1.41962, 1.94239, 1.84961, 1.18888, 1.60611, 2.64889, 2.57114, 2.12415, 2.08011, 3.30714, 2.85119, 2.39878, 2.78718, 2.40574, 2.48787, 1.88343, 2.19795, 2.11268, 1.76242, 1.89988, 2.06593, 2.0516, 1.46178, 1.38162, 1.54056, 2.1904, 2.35231
2.02, 0.0319376, 2.11055, 1.75349, 2.16407, 1.80489, 1.48882, 1.49469, 1.63941, 1.92587, 2.61596, 3.31251, 2.88534, 2.60359, 2.87073, 2.34539, 1.9272, 2.93964, 2.80459, 2.84026, 2.2891, 2.18498, 2.06691, 2.47869, 1.95848, 2.18051, 1.78101, 1.33217, 1.7525, 1.661, 2.20232, 2.48968
2.04, 0.0319376, 2.37706, 1.25663, 1.6156, 2.13012, 2.24537, 1.70944, 0.9087, 1.04894, 2.2017, 2.45592, 2.72829, 2.86093, 3.15597, 2.65501, 2.53088, 2.95298, 2.29906, 2.4968, 2.4899, 2.64416, 2.58198, 2.52211, 2.04318, 2.65971, 2.44384, 1.58201, 1.74849, 1.99075, 2.65662, 2.87748
2.06, 0.0319376, 1.9686, 1.22724, 1.54996, 2.15017, 1.70556, 2.03433, 2.24241, 2.05008, 2.74093, 2.32552, 2.03233, 2.52199, 2.74491, 2.45373, 2.30864, 2.72727, 2.37544, 2.33335, 2.47294, 2.41354, 2.22101, 1.87114, 2.31749, 2.32003, 2.04056, 1.5706, 1.32026, 1.91389, 2.26445, 2.4914
2.08, 0.0319376, 1.78562, 1.24206, 1.69171, 1.7874, 2.0645, 1.18813, 1.80975, 1.38015, 1.36831, 1.90699, 2.53053, 3.01571, 3.21872, 2.26441, 1.94175, 2.3755, 2.54926, 2.51904, 2.35566, 2.32413, 2.37629, 1.87406, 1.82746, 2.02489, 1.84208, 1.35377, 1.36775, 1.64813, 2.16171, 2.28899
2.1, 0.0319376, 1.29904, 0.892511, 0.764895, 1.28687, 2.07391, 1.70646, 1.06073, 1.72247, 2.22456, 2.73005, 2.61189, 2.63847, 3.16624, 2.57919, 1.71184, 2.65123, 2.50562, 2.30331, 2.27804, 2.2579, 2.04754, 1.76628, 1.88168, 2.11851, 1.79198, 1.46293, 1.35369, 1.68894, 2.22228, 2.34716
2.12, 0.0319376, 1.4308, 1.33037, 1.26638, 1.22153, 1.3857, 1.66196, 1.55572, 2.11501, 2.25817, 2.19026, 2.00615, 1.8493, 2.73405, 1.67488, 1.67865, 1.99976, 1.87144, 2.03908, 1.98456, 2.02405, 1.81246, 1.63126, 1.95535, 1.7312, 1.73599, 1.13703, 0.955587, 1.69456, 2.27467, 1.76395
2.14, 0.0319374, 0.846302, 0.753128, 0.71148, 1.76869, 2.02145, 1.32648, 1.22211, 1.96065, 2.01969, 2.5934, 2.19447, 2.3414, 2.39092, 2.13938, 2.23183, 2.06694, 2.18307, 2.05798, 2.08036, 2.04675, 1.83412, 1.63077, 1.84251, 1.81667, 1.49763, 0.757959, 1.04819, 1.14762, 1.55943, 1.61658
2.16, 0.0319374, 0.516505, 0.928942, 1.18859, 1.61963, 2.03373, 1.52369, 1.46874, 1.73517, 1.6578, 2.22852, 2.37536, 2.06823, 2.43227, 1.92573, 1.55589, 1.84345, 2.01338, 2.06154, 2.17895, 1.90137, 1.82847, 1.37314, 1.45294, 1.61181, 1.31034, 0.614976, 0.839192, 1.4133, 2.06824, 1.63958
2.18, 0.0319374, 1.37658, 1.53375, 1.26073, 1.28496, 1.50766, 2.03008, 1.58926, 1.82431, 2.08531, 2.1752, 2.35611, 2.53992, 2.52735, 1.4027, 1.33428, 2.11279, 2.22711, 2.13439, 1.90015, 2.19317, 2.46354, 1.67594, 1.89184, 1.46439, 1.60717, 1.11104, 1.15367, 1.27658, 1.92098, 2.09612
2.2, 0.0319374, 1.54104, 1.26631, 1.46505, 1.74306, 1.80975, 1.27407, 1.96591, 2.20202, 2.73199, 2.38518, 2.24788, 2.44773, 2.0281, 1.68962, 1.52721, 2.28775, 1.96244, 1.98065, 2.18765, 2.44232, 2.18587, 1.7806, 1.74019, 1.6423, 1.51143, 0.973526, 0.991707, 1.07971, 1.9901, 2.30592
2.22, 0.0319374, 1.44103, 1.53575, 0.874198, 1.67581, 1.83571, 1.56915, 1.99826, 2.23827, 2.55601, 1.99231, 2.36547, 2.41135, 2.41735, 1.82451, 2.1767, 2.45467, 2.70151, 2.31138, 2.41102, 2.26391, 2.06623, 1.5835, 2.01311, 2.0927, 1.66197, 1.04666, 1.23062, 1.64327, 2.12843, 2.17938
2.24, 0.0319376, 1.4597, 1.26616, 1.04049, 1.77439, 2.33007, 1.87111, 1.66763, 1.55758, 2.28563, 1.87465, 2.30586, 2.16289, 2.36931, 1.9739, 1.95545, 2.2044, 2.24765, 2.20061, 2.22397, 1.86416, 1.86744, 1.58388, 1.2424, 1.58692, 1.56945, 1.0325, 0.843694, 1.61444, 1.90556, 2.07158
2.26, 0.0319376, 0.651291, 0.333272, 0.616834, 1.63866, 2.11133, 1.68194, 1.06724, 1.75764, 2.39958, 2.10242, 2.04177, 2.4338, 2.41117, 1.46753, 1.86482, 2.20451, 2.0658, 2.00873, 1.61869, 1.7442, 1.42928, 1.31179, 1.35264, 1.19025, 0.939849, 0.737078, 0.582161, 0.792287, 1.2441, 1.61776
2.28, 0.0319376, 0.190406, 1.19464, 1.10997, 1.2261, 1.62397, 0.816146, 1.0644, 1.15755, 1.36863, 1.33154, 1.69553, 1.61221, 2.16419, 1.41761, 0.830859, 1.35945, 1.21899, 1.46123, 1.27919, 1.25525, 0.962379, 0.41535, 0.47026, 0.59066, 0.310097, -0.0992494, 0.0660361, 0.469927, 0.743719, 0.809985
2.3, 0.0319376, 0.135505, -0.840237, -1.06285, -0.518472, 0.203101, -0.25368, -0.376644, -0.814692, 0.0181413, 0.221411, 0.0516995, 0.150544, 0.463376, 0.0968724, -0.633125, 0.0166223, -0.271005, -0.108957, -0.00739645, -0.361206, -0.765626, -1.7154, -1.27479, -0.806235, -0.983432, -1.94076, -1.64006, -1.15149, -0.960165, -1.11497
2.32, 0.0319376, -1.20867, -0.340349, -0.0142403, 0.433536, 0.832765, 1.05824, 1.24211, 0.489929, 0.811968, 0.986567, 0.422569, 0.798565, 1.29912, 0.967043, 1.05281, 0.40621, 0.521428, 0.832796, 1.25159, 0.886546, 0.369848, -0.385609, -0.190306, -0.112496, 0.301455, -0.855415, -1.36924, -1.44476, -1.09194, -0.200368
2.34, 0.0319376, 0.580709, 1.46412, 1.1625, 0.898556, 1.06422, 1.62876, 1.80131, 2.1672, 2.41456, 2.40903, 2.19129, 2.53475, 2.81454, 3.12028, 2.56316, 2.58609, 2.70363, 3.07021, 3.5583, 2.80571, 2.32278, 1.55845, 1.76339, 2.55854, 3.07316, 1.9448, 0.866312, 0.943408, 1.34951, 1.91831
2.36, 0.0319376, 1.73653, 2.35873, 1.41888, 1.02203, 1.74082, 2.59754, 2.17381, 2.67182, 2.84708, 2.9584, 2.89394, 2.85997, 3.93739, 3.60739, 2.54956, 2.59985, 3.18678, 3.26849, 3.77749, 3.29063, 3.14352, 2.66875, 2.55283, 3.4137, 3.89941, 2.68779, 1.95719, 2.0315, 2.47921, 2.77514
2.38, 0.0319374, 1.38622, 1.84596, 1.82366, 2.3392, 2.32641, 2.82193, 2.78444, 2.6216, 3.57983, 3.06538, 2.83521, 3.02724, 4.03288, 3.57747, 3.13254, 3.46085, 3.68383, 3.98226, 4.1195, 3.76746, 2.86696, 2.72189, 2.88202, 3.38223, 4.07208, 2.89754, 1.98217, 1.9338, 2.80733, 3.10954
2.4, 0.0319374, 2.17432, 2.54556, 2.05592, 1.9361, 2.3389, 2.91119, 2.69017, 3.01535, 3.84912, 3.00354, 2.96723, 3.27911, 4.29105, 4.21927, 3.62837, 3.4628, 3.29093, 3.68243, 4.28308, 4.11328, 3.62034, 2.80267, 3.11613, 3.65124, 4.24418, 3.33102, 2.22166, 2.61849, 2.80253, 3.16068
2.42, 0.0319374, 1.45467, 1.29821, 1.08663, 2.30539, 2.85701, 2.68053, 2.40353, 3.19275, 3.9762, 3.39034, 3.14121, 2.88088, 4.20174, 3.79863, 2.89818, 3.37003, 2.96486, 3.25911, 3.97252, 4.09961, 3.37245, 2.89448, 3.01301, 3.95126, 4.45717, 2.95489, 2.70958, 2.80588, 2.80512, 3.35577
2.44, 0.0319374, 1.62427, 1.7265, 1.37572, 2.0033, 2.89023, 2.62729, 3.01653, 2.6599, 3.72929, 3.32372, 2.85592, 2.76325, 4.15098, 3.90974, 3.57298, 3.09975, 2.85546, 4.17217, 4.14823, 3.7852, 3.66206, 3.08468, 2.97549, 3.61621, 3.92866, 2.7704, 2.42446, 2.58833, 2.96252, 3.24624
2.46, 0.0319374, 1.70036, 2.51073, 2.31963, 0.985566, 1.81668, 3.33784, 3.59508, 2.9085, 3.2166, 2.95125, 3.33863, 3.26322, 4.23755, 3.83318, 3.23895, 3.77444, 3.36006, 3.5458, 3.62615, 4.07975, 3.69519, 2.78672, 3.21459, 3.94765, 4.09702, 3.02145, 2.29676, 2.40598, 2.54642, 2.93984
2.48, 0.0319376, 1.81312, 2.56082, 2.01273, 1.28589, 2.34172, 2.87677, 2.21113, 2.09515, 2.82009, 3.16904, 2.52155, 3.06252, 3.4939, 3.66336, 3.86784, 3.4399, 3.57236, 3.65623, 3.91348, 3.34196, 3.39305, 2.67997, 2.60666, 3.37747, 4.3154, 2.99963, 1.86909, 2.21824, 2.46914, 2.83236
2.5, 0.0319376, 1.83795, 2.09923, 1.44745, 1.43731, 1.66465, 2.75406, 2.88978, 2.86976, 3.12074, 2.49236, 2.44669, 2.71643, 4.06155, 3.62117, 3.39536, 3.20012, 2.35538, 3.30353, 4.02085, 3.71417, 3.25698, 2.85963, 3.12759, 4.0213, 4.21059, 3.06599, 2.1142, 2.34924, 2.42373, 2.94078
2.52, 0.0319376, 1.65113, 1.8604, 0.932172, 2.07637, 2.70383, 2.72939, 2.53458, 2.94758, 2.99109, 3.08083, 2.90302, 3.03489, 3.91523, 3.48393, 3.32545, 3.70867, 3.19906, 3.40389, 3.60332, 2.73213, 2.84137, 2.59033, 2.66102, 3.45408, 3.95774, 2.91951, 2.23441, 2.39594, 2.4898, 2.62039
2.54, 0.0319376, 1.48786, 1.68494, 1.64954, 1.27064, 2.33878, 2.96029, 2.3087, 2.53091, 3.19285, 2.9232, 2.79201, 2.98029, 3.37046, 3.1928, 3.1304, 2.8208, 2.73774, 3.08172, 3.09693, 2.90036, 2.81698, 2.13572, 2.80249, 3.38586, 3.74965, 2.41256, 2.02898, 1.82762, 1.96445, 2.36391
2.56, 0.0319376, 1.57357, 1.48018, 1.09477, 1.63593, 1.70883, 1.78035, 1.81126, 2.18246, 2.48942, 2.18042, 2.46753, 2.83314, 3.00965, 3.21873, 3.09484, 2.86928, 2.58309, 3.24799, 3.2918, 2.97016, 2.60269, 1.95514, 2.45548, 3.32071, 3.79482, 2.69015, 1.71621, 1.85202, 1.80619, 2.2296
2.58, 0.0319376, 1.62223, 1.73328, 1.06053, 1.50718, 2.86112, 2.67174, 1.74403, 1.86983, 3.18034, 3.30972, 2.88947, 2.65866, 3.18658, 2.93965, 2.60011, 2.67296, 2.64476, 2.94099, 3.08537, 2.93061, 2.73391, 1.87729, 2.48345, 2.90601, 3.12699, 1.84274, 1.6111, 1.46736, 1.62154, 1.82325
2.6, 0.0319376, 0.539374, 1.11612, 1.01589, 0.963772, 1.3442, 2.20465, 2.45705, 2.21764, 2.98576, 3.32522, 2.18881, 2.23789, 3.03639, 2.86461, 2.92008, 3.01544, 2.50779, 2.75168, 3.10186, 2.41587, 2.6594, 2.10295, 2.195, 2.57456, 2.46502, 1.85789, 1.15788, 1.24574, 1.73542, 1.91497
2.62, 0.0319376, 1.56833, 0.765533, 1.6052, 1.67607, 1.76075, 1.79415, 2.19105, 2.5184, 2.67269, 2.9416, 2.24466, 2.6026, 3.16962, 2.96942, 2.40588, 2.43065, 2.32507, 2.36055, 2.8795, 2.64371, 2.20386, 1.62791, 1.83091, 2.51646, 2.96518, 1.72267, 1.15825, 1.3613, 1.36695, 1.56953
2.64, 0.0319374, 0.266218, 0.93853, 0.912935, 1.00998, 1.55124, 1.84438, 1.80538, 1.77406, 3.03581, 2.93265, 2.37663, 2.47677, 3.28987, 3.01577, 2.92277, 2.77683, 2.59347, 2.74487, 2.801, 2.30772, 2.21505, 1.72958, 2.33332, 2.76707, 2.80777, 1.69844, 1.0321, 1.536, 1.62774, 1.59057
2.66, 0.0319374, 1.29845, 1.21982, 1.15479, 1.45915, 2.12445, 2.60562, 2.27574, 2.8151, 3.11755, 2.91182, 2.62878, 2.78772, 2.98463, 3.27247, 3.03349, 2.70206, 2.94317, 3.34697, 3.14618, 2.45946, 1.8951, 1.6963, 1.83637, 2.50234, 3.09745, 2.15151, 2.02988, 1.66336, 1.71029, 1.98527
2.68, 0.0319374, 1.58645, 1.40613, 1.00713, 1.37295, 2.18933, 2.39441, 1.69943, 1.77721, 2.83063, 2.93614, 2.16144, 2.21306, 2.94653, 3.10752, 2.54311, 2.40183, 2.69746, 2.69064, 3.43991, 2.57087, 2.16215, 1.69888, 1.99937, 2.67382, 2.99066, 2.02737, 1.40856, 1.45526, 1.52689, 1.74584
2.7, 0.0319374, -0.191756, 0.969273, 1.02139, 0.326689, 1.85429, 2.56896, 2.14184, 2.38497, 2.8839, 2.70442, 2.22502, 2.12668, 2.97899, 2.34123, 1.77981, 1.9714, 1.6401, 2.38698, 2.86246, 2.25946, 1.72106, 1.3468, 1.2984, 2.02287, 2.33466, 1.41187, 1.11426, 1.18782, 1.02402, 1.66463
2.72, 0.0319374, -1.32987, -1.04276, -1.39767, -0.831521, 0.570069, 1.10976, 0.552349, 0.678679, 0.51178, 1.13852, 0.585131, 0.692462, 1.77997, 0.875621, 0.384244, 0.310191, -0.0435469, 0.252215, 0.276659, 0.0952713, -0.218318, -1.19595, -0.374355, -0.0910566, -0.0771512, -0.64152, -0.417879, -0.97079, -1.16509, -1.03735
2.74, 0.0319376, -0.896656, -1.17431, -0.77851, -0.954106, -0.72956, 0.118019, -0.0901378, -0.331661, 0.58465, 0.760182, 0.944203, 0.88133, 0.352721, 0.394834, 0.355629, 0.337832, 0.0949587, 0.212729, 0.539716, -0.0405944, 0.0411428, -0.0197291, -0.118241, 0.0333277, 0.174921, -0.594247, -1.20225, -1.09556, -0.951997, -0.808999
2.76, 0.0319376, 1.03768, 1.03137, 0.88176, 0.384007, 1.53956, 1.75372, 1.54063, 1.66554, 2.11002, 2.0372, 2.27699, 2.03865, 2.68252, 2.54402, 1.92015, 2.01688, 2.07558, 2.26709, 2.38975, 1.78694, 2.02898, 1.87206, 1.66247, 1.78747, 2.05449, 1.24291, 0.898314, 0.837661, 1.5183, 1.98727
2.78, 0.0319376, 2.64645, 1.92271, 1.15013, 1.96584, 1.94237, 1.68472, 1.0284, 1.89934, 2.53325, 3.07861, 2.90093, 2.57617, 3.04165, 2.86108, 2.08364, 2.7685, 2.40604, 2.43185, 2.78933, 2.97366, 3.08753, 2.90425, 2.88444, 2.95043, 2.68551, 1.85076, 1.33884, 1.93841, 2.53287, 2.86268
2.8, 0.0319376, 3.04726, 0.970902, 1.36638, 2.20873, 2.22863, 2.2828, 2.29565, 2.28729, 3.13797, 3.39921, 2.51432, 2.73457, 2.61031, 2.6635, 2.51205, 2.84597, 2.80337, 3.09547, 3.20267, 2.89684, 3.10712, 2.65845, 2.62311, 3.29776, 3.27617, 2.24136, 1.78777, 1.86579, 2.9914, 3.49612
2.82, 0.0319376, 3.22726, 1.79549, 1.26675, 2.65584, 2.5662, 2.07525, 2.41055, 2.21261, 3.12546, 3.43552, 3.39999, 2.74946, 3.20538, 2.42196, 2.53786, 3.56885, 3.11964, 3.38592, 3.35598, 2.95782, 3.01524, 2.85631, 2.89846, 3.10114, 2.95731, 2.069, 1.8045, 2.10102, 3.09176, 3.24695
2.84, 0.0319376, 3.23557, 1.55284, 1.71579, 2.95078, 2.65127, 1.9004, 2.10692, 2.36507, 2.88945, 3.0664, 3.0201, 3.26504, 3.30236, 2.64342, 2.57616, 2.58664, 2.99678, 2.90136, 2.70225, 2.81584, 2.95409, 2.95977, 2.97765, 2.82931, 2.87217, 1.63142, 1.56383, 2.70109, 2.92375, 2.94521
2.86, 0.0319376, 3.18945, 1.57187, 0.845103, 2.26456, 1.77144, 2.43722, 2.00488, 2.33619, 3.10528, 2.95485, 3.11655, 3.14811, 3.59985, 3.1364, 2.94304, 2.87774, 2.68566, 3.23804, 3.18111, 2.53203, 2.59774, 2.2018, 2.305, 2.84357, 2.73554, 1.50995, 1.68033, 2.27632, 2.80209, 2.99552
2.88, 0.0319374, 2.64947, 1.677, 1.4823, 2.60361, 2.78418, 1.78127, 1.61619, 2.61786, 2.89777, 2.82909, 3.16647, 3.31917, 3.43663, 3.04746, 2.32341, 3.04552, 2.84228, 2.84302, 2.83165, 2.73382, 3.29313, 2.72305, 2.94754, 2.64129, 2.27473, 1.82477, 1.5968, 2.26118, 2.65422, 2.85274
2.9, 0.0319374, 3.03079, 2.00879, 1.16538, 2.19117, 2.08022, 2.24215, 1.73581, 2.29438, 2.5626, 2.71858, 3.02796, 2.8774, 3.78518, 3.40977, 2.8655, 2.86427, 3.01706, 3.08426, 3.45559, 3.24115, 3.28554, 2.94372, 2.64972, 2.81858, 2.46597, 1.79994, 1.46252, 2.11759, 2.47344, 2.8759
2.92, 0.0319374, 3.13869, 2.33643, 0.827877, 2.60907, 2.32591, 2.10013, 2.48847, 2.24934, 2.82073, 2.92755, 2.82891, 2.85927, 3.40118, 2.70446, 2.59723, 2.93724, 2.60148, 2.50332, 2.82585, 2.92017, 3.0337, 2.81021, 2.80555, 2.48288, 2.45484, 1.85607, 1.46672, 2.27336, 2.99608, 3.05442
2.94, 0.0319374, 2.94707, 1.36649, 1.01844, 2.02179, 2.23105, 2.33531, 1.96338, 1.99236, 2.83968, 3.13537, 2.83698, 2.65852, 3.01646, 2.64986, 2.59752, 2.81502, 2.61666, 3.07782, 3.23319, 3.15166, 3.18891, 2.36677, 2.36625, 2.7316, 2.53593, 1.52535, 1.44797, 2.14771, 2.66455, 2.67141
2.96, 0.0319374, 2.15859, 0.624111, 1.92241, 1.96434, 2.48468, 2.2372, 1.80897, 2.48283, 2.0361, 2.52536, 2.33958, 2.46225, 3.21117, 2.62713, 2.18522, 2.75648, 2.55358, 2.7749, 2.3958, 2.63919, 2.74505, 1.90205, 1.92186, 2.05046, 1.8388, 1.19647, 1.11082, 1.6037, 2.24037, 2.43299
2.98, 0.0319376, 0.821416, 1.30082, 1.46472, 1.25863, 1.8739, 1.70142, 1.11709, 1.34617, 1.88084, 1.5527, 1.81297, 1.39652, 1.84839, 2.12203, 1.62299, 1.85877, 1.76809, 1.96835, 2.01864, 1.90461, 2.07135, 1.27884, 1.24153, 1.91578, 1.28605, 0.675377, 0.231456, 0.782131, 1.29627, 1.74381
3, 0.0319376, -0.378268, 0.116621, -0.314068, 0.242658, 0.981308, 0.742186, 0.484509, -0.0425537, 0.608351, 0.629493, 1.17304, 0.449578, 0.714902, 0.138364, 0.550345, 0.58422, 0.701183, 0.686262, 0.665762, 0.0391887, 0.38632, -0.201376, -0.457739, -0.140478, -0.397053, -0.951948, -1.45193, -1.19596, -0.409174, -0.104626
3.02, 0.0319376, -0.896075, -0.216461, -0.636102, 0.597324, 1.05261, 1.03279, 1.12303, 1.64728, 1.07573, 0.52409, 0.377188, 1.39889, 2.26945, 2.31696, 1.27261, 1.06056, 1.0667, 1.17719, 1.04889, 1.02585, 1.14536, 0.482695, 0.875302, 1.19322, 1.16788, 0.262043, -0.00424803, -0.320231, -0.476346, 0.238253
3.04, 0.0319376, 0.998916, 1.03163, 1.28797, 1.23067, 2.76988, 3.18105, 2.72665, 2.48287, 2.83663, 2.81616, 2.31191, 2.66784, 3.26594, 3.65735, 3.14175, 3.20243, 2.63433, 3.48274, 3.40696, 3.37789, 2.76977, 2.04927, 2.35748, 2.92498, 3.19696, 1.9035, 1.40092, 1.36288, 1.84973, 2.16682
3.06, 0.0319376, 1.46516, 1.92815, 1.47984, 1.54448, 3.1774, 3.42377, 3.08007, 2.71501, 3.87634, 3.519, 3.35878, 3.19934, 3.70551, 4.02965, 3.11386, 3.17814, 3.5421, 3.74849, 4.33694, 3.85372, 3.05996, 3.01297, 3.13157, 3.26493, 3.71421, 2.64628, 2.17324, 2.18898, 2.76347, 2.86293
3.08, 0.0319376, 1.56484, 1.87246, 1.5362, 1.03487, 2.24248, 2.80314, 3.28237, 3.52919, 3.2139, 3.9431, 3.35375, 3.23845, 3.89059, 4.02465, 3.83197, 3.35562, 3.54723, 3.95671, 4.55485, 3.87514, 3.50452, 3.02692, 3.13092, 4.22277, 4.47443, 2.8057, 2.54175, 2.3395, 2.61343, 3.22644
3.1, 0.0319376, 1.26012, 1.90951, 2.14423, 2.2936, 2.93707, 2.76141, 2.84182, 3.17759, 3.80386, 3.7865, 3.03879, 2.94662, 4.18684, 4.0566, 4.00189, 3.53283, 3.12704, 3.67604, 4.21734, 3.97372, 3.70461, 3.17345, 3.34306, 3.9908, 4.43004, 3.15238, 2.96021, 2.57194, 2.73273, 3.06174
3.12, 0.0319376, 1.21611, 1.89894, 1.57176, 2.2096, 2.48419, 3.19653, 2.57536, 2.71726, 3.36015, 3.38179, 3.06075, 3.48976, 4.64343, 4.09465, 3.68434, 3.48698, 3.79712, 3.85473, 4.54304, 3.68568, 3.36573, 2.80809, 3.42359, 4.10488, 4.26689, 3.28656, 2.33686, 2.66131, 2.71058, 3.10494
3.14, 0.0319374, 1.91072, 1.7415, 2.12331, 2.05221, 3.09483, 3.08606, 2.87812, 3.15255, 3.74272, 4.09548, 3.28893, 3.7528, 4.38261, 3.63555, 3.47659, 3.38655, 3.68311, 4.0891, 4.40173, 3.94435, 3.2204, 2.81611, 2.91688, 3.77155, 4.09827, 3.18872, 2.38851, 2.48409, 2.70744, 2.96255
3.16, 0.0319374, 1.67565, 1.94077, 1.64928, 1.12737, 2.46653, 2.7666, 2.41107, 2.79195, 3.25364, 3.12335, 3.00781, 3.10427, 4.07171, 3.78899, 3.76878, 3.03957, 3.12438, 3.60002, 4.05289, 4.0132, 2.99304, 2.53201, 2.67617, 3.67078, 3.99638, 2.87638, 2.3027, 2.28082, 2.63353, 2.57727
3.18, 0.0319374, 1.37042, 1.75979, 1.66822, 1.68002, 2.61181, 3.29762, 3.22688, 3.52058, 3.37746, 3.69398, 3.29439, 3.45245, 3.71081, 3.4429, 3.02082, 3.28837, 3.41203, 3.00029, 3.8807, 3.69695, 3.02485, 2.675, 2.73429, 3.52531, 3.6968, 2.6174, 2.30373, 2.32679, 2.1366, 2.86797
3.2, 0.0319374, 2.22844, 1.6411, 1.25511, 1.41766, 2.06683, 2.30897, 2.89531, 2.96999, 3.34123, 3.56771, 2.75671, 2.75145, 3.76993, 3.41794, 3.01379, 3.02774, 3.07011, 3.55126, 3.92582, 3.313, 2.36671, 2.41199, 2.9712, 3.75187, 3.91019, 2.58815, 1.71929, 2.09014, 1.89404, 2.90789
3.22, 0.0319374, 1.16357, 1.66417, 1.50196, 1.53297, 2.06069, 3.02437, 2.93818, 2.92368, 3.53594, 3.76045, 3.21481, 3.06917, 3.40517, 3.29835, 3.48207, 3.11259, 3.10011, 3.67188, 3.50111, 3.14402, 2.52155, 2.49424, 2.82931, 3.38431, 3.64752, 2.45497, 1.78493, 2.24112, 1.812, 2.51119
3.24, 0.0319376, 1.8343, 1.776, 1.25028, 1.56417, 2.69967, 3.13702, 3.26881, 2.55191, 3.40029, 3.62507, 2.96856, 2.46817, 3.97688, 2.59733, 2.67303, 3.1285, 2.88698, 3.36194, 3.57935, 3.31911, 2.47951, 2.03387, 2.47912, 3.39494, 3.78034, 2.61091, 1.81423, 1.99147, 1.82126, 2.52339
3.26, 0.0319376, 1.32677, 1.54522, 1.30263, 0.909212, 2.07895, 2.29153, 2.33759, 2.59832, 3.4048, 3.24684, 3.14855, 2.87531, 3.12886, 3.63684, 2.74855, 2.69123, 2.63082, 3.02019, 3.49653, 2.82357, 2.76066, 2.89467, 2.44917, 2.93343, 3.25145, 2.21295, 1.61459, 2.04399, 1.56213, 2.4173
3.28, 0.0319376, 1.51526, 1.54803, 0.759487, 0.939296, 1.28964, 2.26834, 2.91021, 2.52965, 3.07439, 3.13641, 2.89401, 3.173, 3.51801, 2.32567, 2.45249, 2.52739, 2.30221, 2.58636, 3.08089, 2.50428, 2.64491, 2.31727, 2.29613, 2.92679, 3.09001, 2.47711, 1.13745, 1.61646, 1.33577, 1.90159
3.3, 0.0319376, 1.44952, 1.44065, 0.937532, 0.802884, 1.96625, 2.91515, 2.48993, 2.47653, 3.06825, 2.78701, 2.4506, 2.32486, 3.56784, 2.97132, 2.6417, 2.23617, 1.83194, 2.71011, 2.86703, 2.26033, 2.16496, 2.58315, 2.3513, 2.75569, 3.27145, 1.8941, 1.4028, 1.57828, 1.32298, 1.84203
3.32, 0.0319376, 1.42539, 0.924474, 0.038078, 0.389487, 1.04707, 2.35569, 2.51663, 1.7428, 3.19255, 3.17484, 2.66745, 2.72704, 2.92333, 2.98083, 2.5567, 2.20606, 2.10272, 2.872, 3.05448, 2.61818, 2.09326, 2.07667, 2.13055, 2.40066, 2.44624, 1.37502, 1.26972, 1.1273, 1.19092, 1.97397
3.34, 0.0319376, 1.10447, 1.11882, 0.587942, 1.20438, 1.65284, 2.83021, 2.40505, 1.7318, 2.42628, 2.44368, 1.75919, 2.28571, 3.04884, 2.06471, 2.62649, 2.09283, 1.86995, 2.78279, 3.08683, 2.79696, 2.33517, 2.16035, 1.68142, 2.45788, 2.63875, 1.52502, 0.800023, 1.1604, 1.27209, 2.22719
3.36, 0.0319376, 0.896985, 0.621089, 0.730865, 0.765837, 1.4046, 1.877, 1.66728, 1.80792, 2.60948, 3.01586, 2.547, 2.88999, 3.0375, 2.66254, 2.1447, 2.50111, 2.60928, 2.56761, 2.72752, 2.54399, 1.74511, 1.50782, 1.43752, 2.29494, 2.52257, 1.3493, 0.946216, 1.07642, 0.625776, 1.35391
3.38, 0.0319374, 1.07304, 0.894179, 0.656636, 1.13331, 1.44463, 2.06882, 2.27667, 1.50643, 2.08917, 2.58708, 2.53989, 2.61747, 2.86617, 2.3468, 2.55864, 2.35087, 2.09001, 2.49058, 2.89738, 1.83108, 2.12387, 2.11716, 1.78327, 2.26461, 2.43051, 1.27774, 0.409128, 1.09797, 1.1949, 1.80961
3.4, 0.0319374, 1.29926, 1.29725, 0.497335, 0.868173, 1.84855, 1.92451, 2.16959, 2.14372, 2.97714, 2.95327, 2.31783, 2.62889, 3.26697, 2.52592, 2.26187, 2.5471, 2.33134, 2.88641, 2.96221, 2.00722, 1.46135, 1.69077, 2.21593, 2.31476, 2.48297, 1.5761, 0.778734, 0.910765, 0.785171, 1.76845
3.42, 0.0319374, 0.638941, 0.939711, 0.288257, 1.39048, 1.93096, 2.1783, 2.0883, 2.05373, 2.81043, 2.73898, 2.17848, 1.67127, 2.75536, 1.95136, 1.98973, 1.83923, 1.99544, 2.52081, 2.64335, 1.66313, 1.61083, 1.93378, 1.56531, 2.31559, 2.42744, 1.19283, 0.744841, 0.8229, 0.647742, 1.01304
3.44, 0.0319374, 0.43285, 0.517059, 0.152748, 0.721937, 1.67941, 1.58521, 1.29439, 1.34412, 1.82502, 2.37939, 1.34514, 1.61576, 2.21237, 1.98283, 0.617966, 0.923442, 1.36117, 1.68144, 1.67587, 0.720716, 0.592971, 0.260652, 0.276865, 0.951656, 1.27618, 0.293803, -0.28846, -0.348275, -0.4917, 0.0789049
3.46, 0.0319374, -1.97757, -1.47094, -1.77093, -1.44115, -0.689808, -0.403813, -1.07235, -1.16252, -0.0905396, -0.430797, -1.13854, -0.583198, -0.287676, -1.65487, -1.62973, -1.52541, -1.61903, -1.15967, -1.25836, -1.84461, -1.90496, -2.46298, -2.43278, -2.05836, -1.80909, -1.97966, -2.03933, -1.95376, -2.30888, -2.23464
3.48, 0.0319376, -0.546774, 0.16358, 0.141833, 0.721865, 1.35186, 0.611501, 0.145665, 0.189001, 0.975398, 1.06218, 0.855141, 1.32373, 1.59225, -0.0260484, 0.668924, 0.379126, 0.201867, 1.12096, 0.714445, 0.320672, 0.193324, 0.598541, 0.587437, 1.08256, 0.975216, -0.462677, -0.857097, -0.61041, -0.374508, 0.16459
3.5, 0.0319376, 1.10197, 1.54175, 2.05827, 1.79491, 2.12596, 1.92972, 1.87391, 1.82821, 2.69251, 2.83069, 2.46464, 2.12582, 2.6183, 2.66766, 2.2868, 2.66698, 2.36421, 1.62669, 2.19632, 2.15971, 2.3382, 2.16843, 1.94611, 2.36731, 2.60076, 1.47659, 1.20148, 1.81751, 2.28687, 2.59977
3.52, 0.0319376, 3.24304, 1.64064, 1.76537, 2.56513, 2.15409, 1.724, 1.8865, 2.4418, 2.67688, 2.95079, 2.87843, 3.42002, 3.50793, 2.8126, 2.60623, 2.99634, 2.63694, 2.17232, 2.38731, 2.75062, 2.99172, 2.64941, 2.64461, 3.15064, 3.39287, 2.234, 2.07664, 2.37264, 2.86858, 3.12169
3.54, 0.0319376, 3.1948, 1.44083, 1.1572, 1.77445, 2.45007, 1.65433, 2.31603, 2.16012, 2.67052, 3.09048, 2.16651, 3.16881, 3.86889, 2.87326, 2.7581, 3.06626, 3.20616, 3.27599, 3.12582, 2.95863, 2.93939, 2.98896, 2.80262, 3.20403, 2.9159, 2.36442, 2.42424, 2.4923, 3.18561, 3.37434
3.56, 0.0319376, 3.1293, 1.73827, 0.665539, 2.12693, 2.32338, 2.2481, 1.62856, 2.26724, 3.36789, 3.24175, 3.29218, 2.94478, 3.51595, 3.4153, 2.89246, 2.8616, 2.7138, 3.06384, 3.11477, 2.53439, 2.7836, 2.12266, 2.22648, 3.1885, 2.68093, 2.21384, 2.54238, 2.38163, 2.945, 3.24811
3.58, 0.0319376, 2.39087, 2.12644, 1.68346, 2.43009, 2.5703, 1.91717, 2.08305, 2.21841, 2.70341, 2.79904, 3.1178, 3.20287, 3.07758, 2.89657, 2.8912, 3.21015, 3.16904, 3.2526, 3.30732, 2.84566, 2.52139, 2.57676, 2.6961, 2.79529, 2.33764, 1.91178, 2.0998, 2.63179, 3.05661, 3.33324
3.6, 0.0319376, 2.76639, 1.62127, 1.13705, 2.40605, 2.01103, 2.02888, 1.63567, 1.74481, 2.65399, 3.25137, 2.76346, 3.25332, 3.71434, 2.82369, 2.56789, 2.70987, 2.76474, 2.71403, 2.5934, 2.39522, 2.35998, 2.42513, 2.53593, 2.94463, 2.17795, 1.43207, 1.80606, 2.38551, 3.01199, 2.78007
3.62, 0.0319376, 2.31544, 1.35836, 0.895177, 1.65465, 2.21514, 1.88299, 1.61072, 1.99735, 2.85861, 2.34409, 2.08211, 2.73464, 3.01486, 2.64123, 2.30794, 1.66544, 1.86991, 2.546, 2.29812, 2.1715, 2.3485, 2.31897, 1.82201, 2.15245, 1.98273, 1.36135, 1.64493, 2.18284, 2.45897, 2.68194
3.64, 0.0319374, 1.94576, 0.842968, 0.18661, 1.3845, 2.20214, 1.59759, 1.99455, 2.45544, 2.58341, 3.0029, 2.88446, 3.10517, 3.00503, 2.33826, 2.39366, 2.28825, 2.39195, 2.38087, 2.04689, 2.77393, 2.27907, 1.8756, 1.61006, 1.80082, 1.39761, 1.17103, 1.42859, 2.18332, 2.42288, 2.71548
3.66, 0.0319374, 1.48914, 0.606954, 1.57085, 1.44902, 2.31319, 1.40723, 1.61732, 1.8018, 2.29261, 2.2503, 1.7326, 2.50401, 3.20805, 2.32012, 2.17017, 2.39619, 1.99277, 2.40802, 2.35184, 2.33363, 1.9525, 1.68069, 1.32015, 1.91495, 1.246, 1.17008, 1.2568, 1.84569, 2.30672, 2.3733
3.68, 0.0319374, 0.967717, 1.43174, 1.47098, 0.478829, 1.14192, 1.50099, 1.38282, 1.43778, 2.44451, 2.26127, 1.92524, 2.1282, 3.13218, 2.29042, 2.30642, 2.46495, 1.95939, 2.41459, 2.31642, 2.08755, 2.09084, 1.42312, 1.10534, 1.92288, 1.22828, 1.05389, 1.26683, 1.85303, 2.30187, 2.3107
3.7, 0.0319374, 0.624104, 0.665267, 1.18913, 1.6492, 1.70631, 1.55977, 2.10929, 1.79227, 2.7114, 2.58275, 2.87959, 2.75309, 2.64054, 2.1649, 1.73059, 1.80841, 1.9936, 2.3333, 2.24455, 1.92175, 2.0868, 1.80061, 1.41415, 1.97725, 1.26803, 1.24111, 1.05326, 1.66117, 1.97647, 2.19758
3.72, 0.0319374, 1.13428, 2.2397, 2.04087, 1.41928, 2.10227, 1.73014, 1.36249, 1.34282, 2.50072, 2.27365, 2.22623, 2.50357, 2.96582, 2.40289, 1.25785, 2.1705, 2.27299, 2.55838, 2.64805, 2.48617, 2.23496, 1.80422, 1.50881, 1.53198, 1.00705, 1.18792, 1.27122, 1.78083, 2.37838, 2.33059
3.74, 0.0319376, 1.12458, 1.76618, 1.3133, 1.60849, 2.28717, 1.89599, 1.5891, 1.74041, 2.4799, 2.02106, 2.06966, 2.52131, 3.10265, 2.54992, 2.02991, 2.36652, 1.88934, 1.95555, 2.39813, 2.14893, 1.95758, 1.41084, 1.25928, 1.42205, 0.856609, 0.956342, 1.01125, 1.64377, 2.30765, 2.44531
3.76, 0.0319376, 0.390254, 1.47296, 0.74907, 1.54148, 1.42576, 1.78506, 0.988626, 1.43143, 1.70076, 1.64385, 1.96285, 1.77543, 2.76162, 1.78684, 1.80016, 1.82371, 1.56244, 1.71123, 1.03777, 1.41981, 1.33717, 1.23358, 0.981538, 1.29705, 0.555426, 0.147629, 0.689513, 1.33152, 1.32369, 1.57606
3.78, 0.0319376, -1.63263, -1.41382, -1.10966, -0.209613, -0.250718, -0.371439, -0.440863, 0.114494, -0.151133, -0.0294871, 0.105078, 0.0840155, 0.459705, -0.272306, -0.0812381, 0.325899, 0.0121788, 0.238662, 0.108655, 0.0483645, -0.497044, -1.39739, -1.37967, -0.816158, -1.55473, -1.88045, -1.38647, -0.917485, -0.626063, -0.421591
3.8, 0.0319376, 0.693453, 0.853232, 0.677729, -0.147745, 0.835241, 1.57848, 1.30199, 0.45025, 1.77553, 2.00631, 1.33967, 1.53143, 2.26642, 2.25772, 1.99293, 1.58906, 1.55682, 1.69164, 1.77239, 0.996042, 0.928721, 1.08952, 1.18737, 1.46726, 1.35424, 0.0134593, -0.333631, -0.0273574, 0.347121, 0.73767
3.82, 0.0319376, 1.43693, 1.23787, 0.755053, 1.85659, 1.96872, 1.98284, 1.50836, 2.36063, 2.2789, 2.43426, 1.81301, 2.51166, 3.81912, 3.4732, 2.18443, 2.58687, 2.46395, 3.14618, 3.06034, 2.65702, 1.80638, 2.17239, 2.23037, 3.14832, 2.99222, 1.46358, 1.05417, 1.20839, 1.62618, 2.24235
3.84, 0.0319376, 1.426, 1.41228, 1.61674, 1.16005, 2.13229, 2.36739, 2.44526, 2.6043, 2.79891, 3.49497, 2.635, 2.54499, 3.03697, 3.80067, 3.84576, 3.67457, 2.93459, 3.65356, 4.52988, 3.50235, 2.41796, 3.03501, 3.03682, 3.92562, 3.85824, 2.29506, 1.90081, 1.94453, 2.3348, 2.79121
3.86, 0.0319376, 1.79273, 1.82974, 1.89153, 1.48075, 2.81164, 3.33738, 2.51657, 3.21323, 3.34627, 3.36107, 2.96664, 3.22008, 4.22331, 3.16115, 3.0775, 3.43445, 3.23399, 3.61908, 4.37471, 3.36304, 2.63612, 2.75707, 3.24199, 3.5102, 3.7455, 2.62449, 2.02885, 2.28332, 2.0859, 2.87545
3.88, 0.0319374, 1.67988, 1.53145, 1.57668, 1.62683, 2.50744, 3.12059, 2.10069, 2.45885, 3.38504, 3.29018, 2.79776, 2.77422, 3.89983, 3.593, 3.13353, 3.24527, 3.57835, 3.85787, 4.09279, 3.68529, 3.12639, 3.0569, 2.98849, 3.92952, 4.05327, 2.88766, 2.2491, 2.45072, 2.57727, 3.12688
3.9, 0.0319374, 1.47089, 1.37905, 1.57132, 2.09866, 2.57015, 2.81117, 2.41856, 2.66369, 3.0421, 3.08019, 3.18551, 3.09497, 3.6885, 3.87264, 3.26817, 2.73669, 3.17477, 3.49371, 3.94253, 3.34471, 3.0761, 3.04888, 3.10095, 3.87264, 3.95432, 2.78787, 2.39345, 2.49425, 2.21288, 2.48691
3.92, 0.0319374, 0.833301, 1.49491, 1.32993, 1.21107, 2.28813, 2.83282, 2.75544, 2.70824, 3.91035, 3.77703, 3.05382, 3.50787, 4.08578, 4.01459, 3.27398, 3.37408, 3.47209, 3.17034, 3.90212, 3.51628, 2.86887, 2.90335, 3.02807, 3.6568, 3.85865, 2.35594, 1.81429, 1.76266, 2.35561, 2.69515
3.94, 0.0319374, 1.63683, 1.61126, 0.922199, 1.24221, 2.2617, 2.57855, 2.41528, 2.71562, 3.24259, 3.20201, 2.73596, 3.4541, 4.21302, 3.55401, 2.93465, 2.98273, 3.01421, 3.51757, 4.03686, 3.04773, 2.77042, 2.75415, 2.94902, 3.3019, 3.23428, 2.4029, 1.66349, 1.91842, 1.88309, 2.43011
3.96, 0.0319374, 1.65094, 2.10879, 1.02802, 1.28589, 2.21152, 2.7571, 2.23482, 3.09917, 3.61265, 3.25465, 2.79569, 2.88779, 3.92977, 3.41492, 3.14977, 2.92205, 2.89912, 3.62187, 4.12667, 3.55283, 2.82927, 2.80708, 2.89393, 3.55622, 3.74813, 2.39886, 1.65109, 1.82156, 2.03291, 2.79925
3.98, 0.0319376, 1.36262, 1.40126, 1.64718, 0.944438, 3.01779, 3.47406, 2.76006, 3.2896, 3.57585, 3.15479, 2.9182, 3.08231, 3.73376, 3.31693, 3.02335, 2.84995, 2.67213, 3.47847, 3.56283, 2.93028, 2.70369, 2.88523, 3.04258, 3.5521, 3.60667, 2.4703, 1.70468, 1.81388, 1.59691, 2.55044
4, 0.0319376, 0.545282, 1.16088, 1.11557, 1.50115, 2.62887, 2.98943, 2.33524, 2.56388, 2.91798, 3.11692, 2.52655, 2.42409, 3.24959, 2.93734, 2.95555, 2.91772, 2.6257, 3.23582, 3.55119, 3.14405, 2.66868, 2.73988, 2.80058, 3.55052, 3.4716, 2.40149, 1.57486, 1.93815, 1.87153, 2.47127
4.02, 0.0319376, 1.04837, 1.39785, 1.15089, 0.836622, 1.97496, 2.72262, 2.50262, 2.64756, 2.91316, 2.84052, 2.64831, 2.86723, 3.6295, 2.82012, 2.64412, 2.65947, 2.35732, 2.73001, 3.36107, 3.31716, 2.3625, 2.5938, 2.32202, 3.50482, 3.61684, 2.32543, 1.31705, 1.81232, 1.59923, 2.06223
4.04, 0.0319376, 0.629768, 1.36171, 0.109203, 0.233832, 1.79229, 2.24808, 2.06581, 2.0447, 2.40317, 2.84397, 2.69029, 2.62588, 3.70345, 3.35608, 3.13411, 2.12923, 2.63736, 3.35368, 3.39561, 2.70202, 2.38876, 2.36245, 2.53565, 3.10904, 3.16305, 1.96515, 1.21663, 1.51419, 1.2752, 1.85691
4.06, 0.0319376, 0.852157, 1.34051, 1.08767, 1.19415, 2.20403, 3.02978, 2.6175, 2.5385, 3.43773, 3.4441, 2.17996, 3.13395, 3.99138, 3.35787, 2.85781, 2.67346, 2.57035, 3.1344, 3.0799, 2.41984, 1.99399, 2.15121, 2.52615, 3.05675, 3.36004, 2.08664, 1.20427, 1.4655, 1.33922, 1.91246
4.08, 0.0319376, 1.4106, 1.02999, 1.18304, 1.12723, 2.37838, 2.623, 1.94031, 2.34056, 3.04345, 3.27482, 2.33708, 2.43553, 2.86451, 2.98183, 2.41215, 2.26123, 2.7707, 2.67437, 3.11201, 2.84583, 2.21445, 2.38301, 2.65173, 3.03773, 3.09177, 1.61018, 1.35829, 1.93374, 1.39513, 1.94152
4.1, 0.0319376, 0.766991, 1.4233, 0.583192, 1.55637, 2.61634, 2.60141, 2.67366, 2.75407, 2.84396, 2.89001, 2.29457, 2.76001, 3.00829, 2.65779, 2.34038, 2.0832, 2.37536, 2.83835, 2.91635, 2.67092, 2.17173, 2.02529, 1.93062, 2.91113, 3.08289, 1.71829, 0.849214, 1.62185, 1.41335, 2.12883
4.12, 0.0319376, 1.38534, 1.58151, 0.845403, 1.15888, 1.86368, 1.82572, 2.32694, 2.44025, 3.11289, 2.8948, 2.22728, 2.45793, 3.14512, 2.86725, 2.24701, 2.09541, 2.38375, 2.76643, 2.85378, 2.10529, 1.96205, 1.938, 2.12494, 2.98102, 2.973, 1.79828, 1.12519, 1.63314, 1.14829, 1.55512
4.14, 0.0319376, 0.193953, 1.11211, 0.85708, 1.28817, 1.9454, 1.75747, 2.47432, 2.26303, 2.45727, 2.71973, 1.51993, 2.21075, 2.82531, 2.30118, 2.47629, 1.8199, 1.5104, 2.05529, 2.45741, 2.07175, 0.952611, 1.39525, 1.50344, 2.18867, 2.46444, 1.42737, 0.525137, 1.06085, 1.10704, 1.48299
4.16, 0.0319376, 0.691393, 0.618358, 0.256626, 0.984354, 2.07341, 1.96808, 1.52227, 2.02452, 2.56022, 2.55829, 1.77106, 2.18895, 2.30845, 1.73463, 2.03219, 1.35983, 1.574, 1.20933, 1.70056, 0.966837, 1.07276, 0.913895, 1.23162, 1.65697, 1.82634, 0.682029, 0.129687, 0.515578, 0.337886, 0.624927
4.18, 0.0319376, -0.280371, -0.326897, -0.156544, -0.0188013, 0.443063, 0.43683, 0.840506, 0.677993, 1.81237, 1.13929, 0.631954, 1.09671, 1.78802, 1.26115, 0.517664, 0.612541, 0.478742, 0.615403, 0.680353, -0.438014, 0.150262, -0.128663, -0.15741, 0.156356, 0.400501, -0.317605, -1.05134, -0.548487, -1.02253, -0.627158
4.2, 0.0319376, -1.83267, -1.36051, -1.04336, -1.28595, -0.72203, -0.741937, -0.594829, -0.764715, -0.264335, -0.180765, -1.0845, -0.547127, -0.0785059, -0.697651, -1.42244, -0.839007, -1.24224, -1.24368, -1.52911, -1.95515, -1.20328, -1.24271, -1.46843, -1.00532, -1.54664, -2.26821, -2.08457, -2.34875, -2.17422, -1.81686
4.22, 0.0319376, 0.662629, 0.325579, 0.945345, 0.401486, 0.919371, 0.987973, 0.60601, 1.91037, 1.7414, 2.24121, 1.83675, 1.18687, 1.51891, 1.48711, 1.63815, 1.72791, 1.2864, 1.09591, 1.46143, 0.996366, 1.27743, 1.89876, 1.64767, 1.64359, 1.55311, 0.145691, 0.355888, 0.579257, 0.630903, 1.20682
4.24, 0.0319376, 1.43597, 1.60014, 1.95105, 1.30349, 1.8435, 1.79997, 2.11508, 1.62985, 2.38285, 2.49381, 2.46295, 2.60187, 2.57579, 2.12989, 2.26409, 2.30091, 2.13984, 2.28827, 2.60854, 1.77235, 2.23844, 2.65833, 1.84828, 2.57709, 2.36958, 1.17591, 1.20176, 1.62829, 1.94082, 2.66822
4.26, 0.0319371, 2.06301, 1.13984, 1.46792, 1.22065, 2.4737, 2.1097, 1.81083, 2.50533, 3.02351, 3.28611, 2.62108, 2.51915, 2.6364, 2.55329, 2.76753, 2.50624, 2.63306, 2.59517, 3.05202, 2.38756, 1.98375, 2.6078, 2.62571, 2.64426, 2.96092, 1.27514, 1.44452, 2.02462, 2.69245, 2.85853
4.28, 0.0319371, 2.23052, 1.51235, 2.06182, 1.76982, 2.10087, 2.08618, 2.09276, 2.91679, 3.11464, 3.36714, 2.84933, 2.32208, 3.46363, 2.79562, 2.34686, 2.65329, 2.57221, 2.55236, 2.83459, 2.5768, 2.55113, 2.43729, 2.43698, 2.8603, 2.56514, 1.62619, 1.54777, 2.24779, 2.65343, 2.72854
4.3, 0.0319371, 2.21787, 1.53308, 2.24248, 1.94956, 2.30984, 2.29711, 1.72249, 1.90801, 2.8825, 3.02832, 2.52543, 2.92422, 2.93239, 2.36369, 2.26273, 3.23585, 2.78056, 2.78875, 2.82488, 2.35285, 2.45709, 2.30865, 2.48317, 2.38956, 2.28784, 1.292, 1.74969, 2.20629, 2.54265, 2.74076
4.32, 0.0319371, 1.68641, 1.88121, 1.56265, 1.24974, 1.47305, 1.67469, 2.10386, 2.15274, 2.24313, 2.88746, 2.55265, 2.16438, 3.03657, 2.45795, 2.41582, 2.86081, 2.77019, 2.90367, 2.89088, 2.38313, 1.68889, 2.06182, 2.1579, 2.55992, 2.13922, 1.33259, 1.65601, 2.10135, 2.56675, 2.47261
4.34, 0.0319371, 0.96149, 0.972853, 1.5832, 1.66893, 2.41069, 2.09026, 2.11408, 1.67414, 2.50327, 2.15212, 2.54606, 3.07153, 3.12725, 2.4431, 2.09939, 2.0298, 2.22181, 2.82388, 2.43062, 1.62078, 1.9377, 2.201, 2.22677, 2.25371, 2.06055, 0.823525, 0.878063, 1.97743, 2.25462, 2.2841
4.36, 0.0319376, 1.7817, 0.988797, 1.27953, 1.93589, 1.98927, 1.73893, 1.73462, 2.04567, 2.06472, 2.11732, 2.65877, 2.85607, 2.94927, 2.08611, 1.85926, 2.36348, 1.68865, 1.93084, 1.92334, 1.78418, 1.82976, 2.6577, 2.39638, 2.87713, 2.14086, 1.06559, 1.15774, 1.81793, 2.11812, 2.17964
4.38, 0.0319376, 1.42872, 1.55406, 1.7409, 1.74619, 2.23706, 1.73406, 2.19032, 2.37922, 2.03656, 2.21046, 2.08859, 2.48251, 2.61085, 1.82315, 2.12137, 2.39159, 1.73242, 2.04151, 2.18722, 1.90823, 1.57454, 2.05833, 1.92785, 2.05202, 1.66863, 0.809355, 1.22295, 1.91732, 2.42326, 1.9745
4.4, 0.0319376, 1.22287, 1.63589, 1.44252, 0.645301, 1.64858, 1.24599, 1.49351, 1.94326, 2.12085, 2.58387, 2.41977, 2.16585, 3.08697, 2.6064, 1.41979, 1.63682, 1.57605, 2.12086, 2.07823, 1.72276, 2.06175, 2.03516, 1.8136, 2.12008, 1.62144, 0.649472, 1.11911, 1.93145, 2.09323, 2.16182
4.42, 0.0319376, 0.696383, 1.1859, 1.10204, 1.6768, 1.99881, 1.87754, 1.20121, 1.66737, 1.82195, 1.76321, 2.28936, 2.28213, 2.76768, 2.0656, 1.38522, 1.74979, 1.82318, 2.06147, 2.31949, 1.15029, 1.11606, 1.78018, 1.38188, 1.91749, 1.54197, 0.0831346, 0.846564, 1.56996, 2.00643, 1.89704
4.44, 0.0319376, 0.955186, 0.717597, 0.687553, 1.10982, 1.85055, 0.897659, 1.21395, 2.42921, 2.43567, 2.65014, 2.11557, 2.43563, 2.56099, 2.01849, 1.80312, 2.09949, 2.01874, 1.85336, 2.01341, 1.15399, 1.46441, 1.82125, 1.66714, 1.69753, 1.02997, 0.561499, 0.810394, 1.39615, 1.52927, 1.7645
4.46, 0.0319376, 0.759073, 0.724824, 0.818501, 0.978429, 1.89454, 1.51227, 1.23248, 1.96313, 2.61628, 2.29514, 1.98587, 2.23486, 2.79626, 2.15523, 1.59662, 2.21641, 1.98491, 2.09773, 1.99028, 1.66254, 1.482, 1.51665, 1.62324, 1.98252, 1.3813, 0.667606, 1.09357, 1.8672, 2.00031, 1.89098
4.48, 0.0319376, 0.726639, 1.72584, 1.20326, 0.631675, 1.75235, 2.33166, 1.83848, 1.40556, 2.08157, 2.53934, 2.03769, 2.28078, 2.09398, 1.45816, 1.36297, 2.11206, 1.93043, 1.91077, 1.87649, 1.2138, 1.07228, 1.29571, 1.89056, 1.86591, 1.11911, 0.603349, 0.542871, 1.40907, 1.67616, 1.96962
4.5, 0.0319376, 0.259208, 0.891739, 0.407511, 0.921979, 1.73794, 1.56693, 0.593428, 0.846294, 2.03923, 2.25856, 1.77376, 1.97136, 2.19974, 1.39658, 1.14701, 1.64865, 1.37729, 1.59891, 1.49548, 0.825325, 0.585717, 0.889057, 0.864956, 1.53654, 0.435211, -0.456506, 0.188598, 0.65581, 0.994299, 1.28898
4.52, 0.0319376, 0.0827547, 0.275308, 0.262799, 0.738672, 0.77816, 0.393845, -0.572025, 0.251621, 0.800065, 0.738747, 0.961786, 0.90722, 1.41963, 0.443166, 0.573434, 0.336509, 0.23818, 0.876732, 0.764915, -0.243778, -0.36813, -0.249086, 0.347849, 1.61227, -0.264031, -1.08638, -0.934419, -0.545007, 0.0950554, 0.122866
4.54, 0.0319376, -1.2713, -0.816914, -1.28341, -1.24694, -0.508389, -0.54373, -0.907712, -0.205335, -0.0874187, -0.520264, -0.528987, -0.418324, -0.0404816, -0.720607, -1.23594, -1.06547, -0.938792, -0.823991, -0.816297, -0.816259, -1.00891, -1.03272, -1.43119, -0.430741, -0.844839, -2.0582, -2.09563, -1.91359, -1.78195, -1.72024
4.56, 0.0319376, 1.1219, 1.01481, 0.519866, 1.19516, 1.67221, 1.44908, 1.6986, 2.07293, 2.66364, 2.33633, 2.43282, 2.82523, 2.97931, 1.84969, 1.89107, 2.14926, 2.37432, 2.63025, 2.63191, 2.20961, 1.34232, 2.01891, 2.28407, 2.63975, 2.42236, 1.2049, 0.382435, 0.868158, 1.16366, 1.51687
4.58, 0.0319376, 1.31945, 1.91027, 1.03855, 1.45479, 2.00614, 2.50962, 1.46872, 2.27288, 2.93383, 3.15996, 3.19053, 3.13525, 3.95422, 3.31289, 2.97529, 2.95706, 2.82551, 3.43841, 3.26206, 2.71706, 2.1729, 2.26956, 2.80058, 3.59618, 3.45688, 1.95674, 1.80371, 2.25981, 2.02387, 2.44399
4.6, 0.0319376, 0.58415, 1.5818, 1.7134, 1.96796, 2.37801, 2.87134, 2.74362, 2.58853, 3.52123, 3.38826, 2.84632, 3.01111, 4.13649, 4.23116, 3.57697, 3.40602, 3.31013, 3.72421, 4.31704, 3.28853, 2.80642, 2.8438, 3.44517, 4.10205, 4.07616, 2.66233, 2.13395, 2.57882, 2.60958, 2.77891
4.62, 0.0319376, 2.16242, 2.15214, 1.71059, 1.5919, 2.76527, 2.90169, 2.87635, 2.76579, 3.48723, 3.37243, 3.0435, 3.44653, 4.56602, 4.05502, 3.58828, 3.45879, 3.45287, 3.78877, 4.20842, 4.05403, 3.40638, 3.21911, 3.80823, 4.33248, 3.77091, 2.50731, 2.34414, 2.83738, 2.83137, 2.9492
4.64, 0.0319376, 2.03784, 2.33543, 1.8644, 1.47236, 1.77433, 2.19618, 2.97656, 3.10561, 3.77015, 4.4145, 3.70385, 3.15247, 4.03499, 3.61595, 2.81049, 3.34286, 3.67379, 3.71956, 4.00718, 3.26255, 3.01782, 2.84473, 3.49675, 4.09209, 3.87444, 2.90592, 2.27725, 2.48029, 2.4206, 2.94778
4.66, 0.0319376, 2.26583, 1.69721, 1.59326, 1.71178, 2.7623, 2.43054, 2.35128, 2.81195, 3.38077, 3.758, 3.16484, 3.85349, 4.64784, 3.23003, 3.23859, 3.06749, 2.92697, 3.28335, 3.6331, 3.27967, 2.83119, 2.62038, 3.33942, 4.18992, 4.13054, 2.76898, 2.15726, 2.1045, 2.34208, 2.87311
4.68, 0.0319376, 2.00189, 1.56782, 1.72235, 1.331, 2.63416, 3.4046, 3.09911, 2.89317, 3.69207, 3.79912, 3.18102, 3.19628, 3.83682, 3.78004, 3.30385, 3.18973, 3.20715, 3.6994, 4.06664, 3.35108, 2.96491, 2.75879, 3.23644, 3.9171, 3.90581, 2.7629, 2.13802, 2.33229, 2.13627, 2.56876
4.7, 0.0319376, 1.75861, 1.80171, 1.25603, -0.578489, 2.09971, 2.63551, 2.7022, 2.61251, 3.51756, 2.88587, 2.72816, 3.35546, 3.8464, 3.06738, 3.20079, 3.29137, 3.09001, 3.20903, 3.43102, 3.28488, 2.63025, 3.024, 3.01122, 3.72559, 3.58789, 2.47224, 1.63043, 2.04859, 2.17006, 2.57935
4.72, 0.0319376, 1.6492, 2.00094, 0.819343, 1.66826, 2.70927, 3.2775, 2.60242, 2.36904, 3.12552, 2.47214, 2.85107, 3.27513, 3.67437, 2.93258, 3.25917, 3.14359, 3.21776, 3.40939, 3.27727, 2.56162, 2.21905, 2.72796, 3.0783, 3.79692, 3.55915, 2.24126, 2.04187, 2.26153, 1.99954, 2.33678
4.74, 0.0319376, 1.45085, 0.751471, 1.44118, 2.23456, 2.9346, 2.54747, 2.72613, 2.73219, 3.20606, 3.46642, 2.67802, 3.45602, 3.9016, 3.4121, 3.04563, 2.94302, 2.33195, 2.92273, 3.28091, 3.00671, 2.59296, 2.71159, 2.90728, 3.58112, 3.54013, 2.48676, 1.74889, 1.77412, 1.52074, 2.64454
4.76, 0.0319371, 1.13456, 1.73232, 1.2347, 1.72733, 2.00212, 2.42749, 2.33096, 2.4142, 3.21507, 3.16877, 2.56044, 3.13014, 3.61562, 3.11131, 2.86755, 2.73373, 2.97877, 2.98791, 3.05701, 2.67964, 2.31415, 3.10299, 3.06234, 3.25434, 3.24663, 2.3512, 1.68747, 1.78558, 2.13672, 2.51394
4.78, 0.0319371, 1.10329, 2.02283, 1.37699, 1.42652, 2.16374, 2.47533, 2.75991, 2.51011, 3.0166, 3.30512, 2.57367, 3.20956, 3.61853, 2.93731, 3.34343, 3.02819, 2.9902, 3.04769, 2.97205, 2.83808, 2.07639, 2.09231, 2.48884, 3.29888, 3.10532, 2.02114, 1.83795, 2.03623, 1.79692, 2.14804
4.8, 0.0319371, 1.65781, 1.05348, 1.16942, 1.62882, 2.79121, 2.71856, 1.76283, 2.38196, 3.32471, 3.00685, 2.52905, 2.83751, 3.11379, 2.62571, 2.33063, 2.21059, 2.53952, 2.95448, 2.9534, 2.92089, 1.92233, 2.07441, 2.62975, 2.85136, 2.63135, 1.97782, 1.6111, 1.84075, 1.92357, 1.93335
4.82, 0.0319371, 1.7663, 1.75611, 1.32289, 1.09964, 1.79423, 2.43781, 2.09003, 2.31819, 2.79756, 3.06408, 2.34093, 2.5535, 3.68863, 2.7438, 2.59737, 2.50911, 2.15729, 2.579, 2.436, 2.44104, 1.66795, 2.57039, 2.59628, 3.28215, 2.66986, 1.74175, 1.36401, 1.60141, 1.42881, 2.00003
4.84, 0.0319371, 0.912998, 0.930787, 0.86815, 0.958631, 1.72685, 1.8797, 1.87554, 2.46706, 2.69483, 2.63085, 2.26834, 2.96717, 3.16263, 2.08373, 1.9697, 1.98914, 2.10766, 2.3263, 2.3353, 2.16433, 1.75497, 2.10042, 2.03151, 2.63266, 2.33581, 1.43279, 1.13511, 1.30503, 0.938155, 1.71537
4.86, 0.0319376, 1.81043, 1.91851, 1.04721, 0.977949, 1.28974, 2.07681, 2.31814, 2.01663, 2.59536, 2.84418, 2.56626, 2.41158, 3.02493, 2.51513, 2.47353, 2.05548, 2.30965, 2.45392, 2.39336, 2.26979, 1.03367, 1.77715, 1.90302, 2.88929, 2.76344, 1.63815, 1.10762, 1.3499, 1.02304, 1.58964
4.88, 0.0319376, 0.910213, 0.453818, -0.276729, -0.190566, 1.71381, 1.97312, 1.55093, 1.6534, 2.17228, 1.95675, 1.79825, 1.19322, 2.06989, 1.95664, 1.97142, 1.67863, 1.7813, 2.09131, 1.97122, 1.69512, 0.938807, 1.6025, 1.58246, 2.02074, 1.92985, 0.999185, 0.404512, 0.921952, 0.866011, 1.26943
4.9, 0.0319376, 0.0710302, 0.679848, 0.0176223, -0.388301, 0.61022, 1.61933, 1.02169, 1.42177, 1.941, 1.20174, 0.298868, 1.10044, 1.66135, 1.08105, 1.02632, 0.660722, 0.41958, 0.922696, 0.691975, 0.413212, -0.257657, 0.402161, 0.581937, 1.20385, 0.584999, -0.194138, -0.59972, -0.235807, -0.544268, -0.273884
4.92, 0.0319376, -1.24623, -0.990148, -1.4662, -1.67497, -0.609839, -0.444145, -0.671768, -1.1721, 0.00943688, -0.209793, -1.24423, -0.757597, -0.706701, -0.871686, -1.39444, -1.27247, -1.05361, -1.19982, -1.36961, -1.02004, -1.15521, -1.47127, -1.21064, -1.3445, -2.08579, -2.16752, -2.16538, -2.17217, -1.94153, -1.76953
4.94, 0.0319376, 0.83101, 0.815093, 0.888043, 1.24184, 1.8509, 1.71211, 1.45592, 1.53824, 1.88545, 1.7811, 2.16991, 1.93314, 2.49189, 1.62512, 1.4711, 1.51765, 1.46904, 1.58157, 1.80615, 1.815, 2.04861, 1.51176, 1.33949, 1.77348, 2.21895, 0.691324, 0.751842, 0.808644, 0.95927, 1.82627
4.96, 0.0319376, 1.58435, 1.49681, 1.62776, 1.79754, 2.77982, 2.42109, 2.09918, 2.44571, 2.98493, 3.12437, 2.57697, 3.27983, 3.21075, 2.77351, 2.30473, 2.69329, 2.89198, 2.51036, 2.91248, 2.92179, 2.43564, 2.37058, 1.96008, 2.88499, 3.10489, 1.74078, 1.74599, 1.56914, 2.48153, 2.87178
