# Time (seconds), Duration (seconds), f0, f1, f2, f3, f4, f5, f6, f7, f8, f9, f10, f11, f12, f13, f14, f15, f16, f17, f18, f19, f20, f21, f22, f23, f24, f25, f26, f27, f28, f29
0, 0.0319375, -2.95031, -2.60364, -2.13324, -2.29364, -1.56652, -1.69618, -1.43227, -2.14263, -2.5928, -1.91652, -2.25959, -2.32044, -2.54073, -0.386838, 0.0674302, -1.01824, -0.876116, -1.59787, -1.87116, -1.61425, -1.31235, -0.688108, -0.505601, -0.466764, -0.962823, -0.269505, 0.300504, 0.295056, 0.326059, -0.196372
0.02, 0.0319375, -3.15689, -2.46226, -2.06857, -2.05003, -2.18887, -1.96252, -1.99498, -2.07276, -2.96412, -2.88928, -2.96107, -2.87071, -3.44973, -1.66696, -1.09001, -0.455844, -1.7003, -1.86658, -1.73148, -1.40658, -1.46085, -1.11795, -1.07934, -1.40874, -1.26176, -0.132473, 0.133598, 0.0367549, 0.156239, -0.562567
0.04, 0.0319375, -2.21896, -1.57921, -0.913975, -1.4526, -2.09967, -2.32482, -2.6655, -2.23156, -2.43323, -3.17768, -3.86144, -2.46157, -1.83775, -0.623792, -0.470132, -0.967073, -1.66393, -2.1676, -2.08503, -1.65247, -1.66101, -1.19572, -1.137, -1.07018, -1.13693, -0.702622, -0.156362, 0.22777, -0.0232312, -1.18338
0.06, 0.0319375, -2.68575, -1.6749, 0.0406349, 1.0148, 0.0937761, -1.23591, -2.84736, -2.38509, -2.26873, -2.97708, -3.00864, -1.89795, -1.5998, -1.33772, -1.53042, -1.37894, -1.85536, -2.14384, -2.4657, -2.04719, -1.90616, -1.48048, -1.17118, -1.50741, -1.68584, -1.32638, -0.785983, -0.380933, -1.02335, -1.72265
0.08, 0.0319375, -1.824, -0.879188, 1.81946, 3.06347, 1.16509, -0.490573, -0.810552, -1.48022, -0.242511, -2.33896, -2.50217, 0.282479, -0.201822, -0.016849, 0.159039, -0.657475, -0.939478, -1.20065, -1.54066, -1.39359, -1.1209, -1.28094, -0.42715, -0.915657, -1.10756, -0.680117, -0.763164, -0.399, -0.368611, -1.53481
0.1, 0.0319375, -3.36049, -2.12256, 1.42432, 3.00443, 0.868493, -2.09205, -2.58222, -1.19813, -0.114856, -3.09394, -2.99001, 0.613567, 0.281396, -0.694873, 0.84473, -0.156573, -1.12064, -1.14508, -1.61958, -0.992369, -1.43005, -1.08193, -0.31478, -0.568781, -0.426981, -0.0613898, -0.0282419, 0.203497, -0.273558, -1.23584
0.12, 0.0319375, -3.01766, -1.60035, 1.60656, 2.90626, 0.698892, -2.46901, -3.17428, -0.458074, 0.13702, -2.97246, -2.42802, 0.918442, 0.272931, -0.520795, 1.35137, -0.216624, -0.5619, -0.812147, -1.79255, -1.26698, -1.02727, -0.911431, -0.0728543, -0.223676, -0.265012, 0.167313, -0.0813952, 0.355509, -0.217488, -1.28609
0.14, 0.0319375, -2.64333, -1.18203, 2.04976, 3.06083, 0.462148, -2.13071, -2.36585, -0.575954, -0.551881, -2.61768, -2.31954, 1.23806, -0.0809098, 0.14103, 1.76855, -0.885094, -0.392395, -1.18942, -1.917, -2.28637, -0.882622, -1.14687, -0.639253, -0.372266, -0.299086, -0.457207, -0.644412, 0.339438, -0.366772, -1.30329
0.16, 0.0319375, -2.45782, -1.1987, 2.356, 3.14846, 0.377556, -2.2758, -2.31609, -0.594174, -0.599786, -2.95966, -1.88023, 1.30798, -0.245293, 0.581735, 1.81452, -1.28627, -0.0527455, -1.06545, -2.22471, -2.76373, -0.993886, -1.53731, -0.908359, -0.203745, -0.263444, -0.515918, -0.33627, -0.04565, -0.763406, -1.61894
0.18, 0.0319375, -2.48666, -1.08038, 2.34759, 3.11322, 0.273958, -1.9736, -2.33024, -0.541679, -0.702919, -2.94448, -1.65994, 1.41505, -0.125752, 0.665777, 1.96205, -1.11249, 0.087341, -1.22679, -1.89778, -2.62851, -0.856752, -1.57677, -1.70209, -0.362923, -0.3299, -0.551195, -0.473085, -0.0617275, -0.691745, -1.77083
0.2, 0.0319375, -2.77071, -1.04022, 2.4514, 3.13819, 0.216308, -2.49015, -3.81603, -0.367125, -0.518655, -3.06779, -1.52104, 1.27191, -0.583565, 0.792619, 2.01624, -1.08887, 0.318053, -1.23289, -2.11141, -1.87951, -1.23976, -1.51492, -1.01026, -0.886238, -0.375295, -0.535813, -0.410181, -0.110707, -0.522416, -1.61666
0.22, 0.0319375, -2.50091, -0.843004, 2.60507, 3.10986, -0.0295791, -1.6072, -2.81954, -0.0569212, -0.46262, -2.66501, -1.14275, 1.00815, -1.01494, 1.01057, 1.93988, -1.00288, 0.543275, -1.31604, -1.51234, -1.74037, -1.31462, -1.02304, -0.735792, -0.619741, -0.0451622, -0.403978, -0.476248, 0.164059, -0.235301, -1.45263
0.24, 0.0319375, -1.97083, -1.0724, 2.72315, 3.06376, -0.49471, -1.92735, -2.47746, 0.17542, -0.380849, -2.57238, -1.05472, 0.750896, -1.44459, 0.929962, 1.49274, -1.21662, 0.734717, -1.16601, -1.04079, -1.52843, -0.794521, -0.897172, -0.766843, -0.496865, 0.0678482, -0.562655, -0.380829, 0.136393, -0.356958, -1.77078
0.26, 0.0319375, -2.51865, -1.1954, 2.69466, 2.96752, -0.798153, -2.51884, -1.99193, 0.419237, -0.099514, -2.17416, -0.992319, 0.755461, -1.37878, 1.07712, 1.6071, -0.976452, 0.806023, -1.45459, -0.529682, -1.42969, -0.827455, -0.692889, -0.50031, -0.152424, -0.0145181, -0.883453, -0.511518, 0.0127837, -0.305431, -1.35467
0.28, 0.0319375, -2.74468, -1.14588, 2.56423, 2.97963, -0.434124, -2.21504, -2.08103, 0.336945, -0.094538, -2.55526, -1.2595, 0.749607, -1.31766, 1.02173, 1.73859, -0.638094, 0.819898, -1.07351, -0.436643, -1.42673, -0.971429, -0.642613, -0.612516, -0.572602, -0.508404, -0.773101, -0.464927, 0.03186, -0.34963, -0.960869
0.3, 0.0319375, -2.16212, -1.11249, 2.48715, 3.04439, -0.0160944, -1.9985, -2.46857, 0.341013, 0.0570518, -2.22572, -1.40115, 0.712111, -1.49338, 0.869649, 1.76886, -1.13559, 0.933953, -0.664328, -0.202744, -1.16269, -1.01464, -0.441657, -0.242028, -0.268398, -0.0502977, -0.49547, -0.115212, 0.325363, -0.0669994, -1.33365
0.32, 0.0319375, -1.92198, -1.1015, 2.415, 3.12777, 0.214539, -1.60986, -1.98536, -0.0338441, -0.0181594, -2.50994, -1.86962, 0.779833, -0.876114, 0.785918, 2.01179, -0.550352, 0.624218, -0.584994, -0.338491, -1.31237, -1.029, -0.774755, -0.408437, 0.0351268, 0.314756, -0.0712565, -0.322453, 0.251991, 0.1179, -1.12856
0.34, 0.0319375, -1.78953, -0.838272, 2.30991, 3.19952, 0.450988, -1.53285, -2.23658, 0.00760695, 0.0603132, -2.43437, -2.16692, 0.785247, -0.622383, 0.456149, 2.06433, -0.694726, 0.59679, -0.287994, -0.527494, -0.862609, -0.313526, -0.993964, -0.377413, 0.133221, 0.324667, 0.0244091, -0.171342, 0.329137, 0.184538, -1.22014
0.36, 0.0319375, -2.87149, -1.31919, 2.32813, 3.21637, 0.519215, -1.6761, -2.43541, 0.00684678, 0.244642, -2.09105, -1.79245, 0.781755, -0.429663, 0.316284, 2.0543, -0.319284, 0.557534, -0.0331375, -0.133606, -0.504294, -0.252658, -0.317626, 0.346015, 0.383752, 0.247652, -0.00838002, 0.345233, 0.646225, -0.0445266, -1.38519
0.38, 0.0319375, -2.84662, -1.43714, 2.17308, 3.20333, 0.628546, -2.50896, -2.86906, 0.0811404, 0.361704, -2.81075, -2.7117, 0.75311, -0.530882, -0.167362, 1.97496, -0.445946, 0.5474, -0.0023954, -0.0647532, -0.315702, -0.26122, -0.472757, 0.460169, -0.421611, 0.0578682, -0.0117027, 0.281868, 0.428875, -0.203928, -1.35763
0.4, 0.0319375, -2.10254, -0.91497, 1.95842, 3.16147, 0.707101, -2.36798, -2.07627, 0.222977, 0.607545, -2.56503, -1.91572, 0.562002, -0.53105, -0.407987, 2.02505, -0.637683, 0.222311, -0.0617489, -0.0304476, -0.101228, -0.334176, -0.527669, 0.337119, 0.0259491, -0.0475679, -0.191225, 0.261438, 0.31015, -0.40168, -1.3406
0.42, 0.0319375, -2.03797, -0.767221, 1.65673, 3.11176, 0.811241, -2.19914, -2.77207, 0.265073, 0.956906, -2.59412, -2.56296, 0.353394, -0.360105, -0.879876, 1.86911, 0.346488, 0.32957, 0.249525, -0.306162, -0.00576809, -0.228154, -0.547331, 0.341108, 0.340153, 0.0782755, -0.540353, 0.687172, 0.460264, -0.472949, -1.79236
0.44, 0.0319375, -1.47505, -1.82916, 1.35772, 3.04664, 0.849438, -1.87202, -1.63927, 0.192249, 1.09762, -2.55215, -2.34721, 0.37697, -0.0860445, -1.88912, 1.57831, 0.116269, 0.113786, 0.618388, -0.444188, 0.187468, -0.239373, -0.386105, 0.39341, 0.313849, 0.322547, -0.764439, 0.941691, 0.0747456, -0.468919, -1.46725
0.46, 0.0319375, -2.66081, -1.54916, 1.13001, 2.99276, 0.965761, -1.30098, -2.71828, 0.0365547, 1.23893, -1.60563, -2.28614, 0.269264, 0.0757098, -1.30419, 1.26378, 0.438954, 0.132871, 0.78887, -0.521441, 0.466169, -0.498176, -0.193297, 0.633483, -0.0382112, -0.00419727, -0.31369, 1.01062, 0.0544515, -0.232981, -1.26402
0.48, 0.0319375, -1.97542, -1.58749, 0.910426, 2.97916, 1.23858, -2.04233, -2.19372, 0.0662806, 1.4932, -1.49607, -2.13066, 0.0511187, 0.169088, -1.6262, 0.934327, 0.564154, -0.337773, 0.926345, -0.682213, 0.774693, -0.390072, 0.295988, 0.871628, 0.321591, 0.349645, 0.276582, 0.46364, -0.0108289, -0.660263, -1.14925
0.5, 0.0319375, -2.64841, -2.02073, 0.771978, 2.97134, 1.38678, -2.01123, -2.61546, -0.224037, 1.58796, -1.31146, -2.72061, -0.0719345, 0.31368, -2.53161, 0.765648, 0.739749, -0.65988, 0.94174, -1.20969, 0.569961, -0.464887, 0.514602, 0.621501, 0.533165, 0.721186, 0.383555, 0.801501, 0.414488, -0.659286, -0.910365
0.52, 0.0319375, -2.31275, -1.46461, 0.546225, 2.98835, 1.62156, -1.80116, -2.15682, -0.476854, 1.63497, -0.914163, -2.71777, -0.0832243, 0.487915, -1.7722, 0.818458, 1.05517, -0.873425, 0.948357, -1.08223, 0.297839, -0.651553, 0.642707, 0.324719, 0.37905, 0.373583, 0.493734, 0.686475, 0.360848, -0.314216, -1.0872
0.54, 0.0319375, -2.55431, -1.97476, 0.302853, 3.01357, 1.79733, -1.79884, -1.93419, -0.876111, 1.6438, -0.664191, -2.32062, -0.151291, 0.625873, -1.80775, 0.757733, 1.24907, -0.491532, 0.88293, -0.787509, 0.567447, -0.71205, 0.563146, 0.586591, 0.739626, 0.844919, 0.542339, 0.55183, 0.342492, -0.45598, -0.983557
0.56, 0.0319375, -2.84841, -1.80133, 0.149848, 2.99248, 1.8689, -1.72656, -2.53159, -0.943699, 1.7518, -0.242181, -2.24952, -0.291386, 0.834111, -1.6543, 0.558339, 1.43244, -0.457188, 0.902148, -0.516099, 0.570557, -0.643119, 0.490192, 0.732163, 1.11845, 1.01235, 0.590011, 0.573581, 0.315847, -0.499845, -1.35616
0.58, 0.0319375, -2.26326, -1.59692, -0.146586, 2.96346, 1.92385, -1.98321, -2.47713, -1.00713, 1.79416, -0.161731, -2.53265, -0.168682, 0.889073, -1.76961, 0.576916, 1.49286, -0.328649, 0.975477, -0.39138, 0.671234, -0.3884, 0.668416, 0.712298, 1.10896, 1.07915, 0.404326, 0.44399, 0.182772, -0.296732, -1.23667
0.6, 0.0319375, -2.99648, -1.37125, -0.510225, 2.93754, 2.03025, -1.74931, -2.8841, -1.37484, 1.7436, 0.193511, -1.70816, -0.441287, 0.992316, -1.63616, 0.270572, 1.68159, -0.417499, 0.953592, -0.0404294, 0.510062, -0.27701, 0.953519, 0.60346, 1.08388, 0.679031, 0.668058, 0.606486, 0.127684, 0.156352, -1.21705
0.62, 0.0319375, -2.50359, -2.13171, -0.917222, 2.97919, 2.13321, -2.30561, -2.72546, -1.70062, 1.73733, 0.379372, -2.05084, -0.917851, 0.862236, -2.06779, 0.0438227, 1.74764, -0.0763342, 0.842027, 0.0153643, 0.428676, -0.221817, 1.20283, 0.472649, 0.724087, 0.426006, 0.50997, 0.699293, 0.36727, 0.432241, -1.31483
0.64, 0.0319375, -2.44107, -1.63961, -0.870766, 2.99989, 2.17846, -2.31178, -3.07143, -1.85839, 1.74618, 0.369532, -2.4033, -0.885099, 1.00543, -1.77425, -0.0293395, 1.7431, -0.778834, 0.969144, 0.12861, 0.173507, -0.431487, 1.27194, 0.559045, 0.891983, 0.225032, 0.506624, 0.709719, 0.5595, 0.528983, -1.12654
0.66, 0.0319375, -2.66073, -2.41595, -0.942585, 3.00105, 2.19009, -2.1593, -2.47998, -1.78401, 1.77579, 0.454195, -2.61327, -0.663052, 1.04922, -1.55398, 0.00897564, 1.72991, -0.482219, 1.11112, 0.321093, 0.126073, -0.404603, 1.3969, 0.71619, 0.877807, 0.189301, 0.438118, 0.774794, 0.614512, 0.592248, -1.05436
0.68, 0.0319375, -2.89344, -2.02017, -1.23474, 3.02242, 2.2719, -2.56011, -3.14359, -1.78767, 1.72127, 0.542603, -2.37965, -1.14971, 1.11407, -1.71145, -0.387029, 1.84473, -0.559242, 0.962935, 0.27816, -0.0690834, -0.311999, 1.25877, 0.582263, 0.683103, -0.00357629, 0.224602, 0.474638, 0.579739, 0.633419, -1.00193
0.7, 0.0319375, -2.66306, -2.2103, -1.56163, 3.02157, 2.30489, -2.49754, -2.92932, -2.02824, 1.65128, 0.507204, -1.9872, -1.26433, 1.09578, -1.24568, -0.418176, 1.8824, -0.249459, 0.945174, 0.375984, 0.112916, -0.215799, 1.19734, 0.649554, 1.04512, 0.0168792, -0.100298, 0.345782, 0.784693, 0.472109, -0.863528
0.72, 0.0319375, -2.97726, -1.39491, -0.654785, 3.05658, 2.35647, -2.42199, -2.48166, -2.56526, 1.53829, 0.525015, -2.28721, -1.16989, 1.1116, -1.03331, -0.41622, 1.9136, -0.227781, 0.996505, 0.42647, -0.10356, -0.197093, 1.13052, 0.625516, 0.944715, 0.235942, 0.297518, 0.533471, 0.732575, 0.573661, -0.893182
0.74, 0.0319375, -2.41395, -2.17858, -1.00468, 3.06604, 2.30777, -2.21513, -2.84317, -1.71867, 1.62216, 0.355833, -2.73424, -0.952403, 1.07553, -1.34671, -0.10865, 1.95693, -0.572017, 1.19609, 0.389837, 0.052861, -0.311824, 1.22911, 0.57745, 0.610683, -0.0218433, 0.133719, 0.402947, 0.603285, 0.48169, -1.04961
0.76, 0.0319375, -2.58584, -1.73422, -0.734395, 3.03345, 2.20648, -2.47344, -2.43638, -2.04101, 1.72529, 0.428333, -2.57198, -0.76498, 1.11983, -1.57752, 0.121283, 1.97199, -0.0310657, 1.14914, 0.231777, 0.221737, -0.310749, 1.465, 0.668224, 0.821602, 0.338697, 0.521155, 0.647652, 0.68862, 0.647974, -0.697026
0.78, 0.0319375, -3.10788, -1.9623, -0.54336, 2.96739, 2.06123, -2.08004, -2.86841, -1.40279, 1.77368, 0.26504, -2.55983, -0.58136, 0.999656, -2.06229, 0.269586, 1.69544, -0.554498, 1.22239, 0.164358, 0.356824, -0.407979, 1.3016, 0.49305, 0.693951, 0.409516, 0.484298, 0.63771, 0.573962, 0.604261, -0.906727
0.8, 0.0319375, -2.74728, -1.80794, -0.121702, 2.9431, 1.88695, -1.78386, -2.74817, -1.09068, 1.80321, 0.0291557, -1.85382, -0.202997, 0.913811, -1.62506, 0.612236, 1.57436, -0.865237, 1.31344, -0.136223, 0.836182, -0.151508, 0.953418, 0.641289, 0.870979, 0.131929, 0.405174, 0.216331, 0.176954, 0.226822, -0.874545
0.82, 0.0319375, -2.62468, -1.5593, 0.173518, 2.91075, 1.73826, -1.72738, -1.96489, -0.873063, 1.76611, -0.304373, -2.35444, -0.0441106, 0.98801, -1.42284, 0.666066, 1.38072, -0.328487, 1.39879, -0.193501, 0.477896, -0.557601, 0.728725, 0.716603, 1.06217, 0.565509, 0.440992, 0.306877, 0.410773, 0.320777, -0.984866
0.84, 0.0319375, -1.93254, -1.33463, 0.243011, 2.87144, 1.63529, -1.97891, -3.42829, -0.709204, 1.67161, -0.536989, -2.81966, 0.0412755, 0.987706, -2.34967, 0.739747, 1.27007, -0.409135, 1.41196, -0.407705, 0.757508, -0.515836, 0.599531, 0.757924, 0.963346, 0.208153, 0.574885, 0.379831, 0.663826, 0.63484, -0.56725
0.86, 0.0319375, -2.7103, -1.61162, 0.564008, 2.87705, 1.36145, -1.89703, -1.91616, -0.379477, 1.5967, -1.08861, -2.25252, 0.262968, 0.646264, -1.94193, 0.674467, 0.678966, -0.329866, 1.77148, -0.671134, 0.708802, -0.402548, 0.734793, 0.583749, 0.564342, 0.902354, 0.716949, 0.357041, 0.842921, 0.559954, -0.831729
0.88, 0.0319375, -2.16359, -1.51128, 0.666325, 2.88141, 1.28022, -1.9023, -2.55782, -0.258892, 1.54029, -1.33474, -2.62526, 0.2448, 0.599979, -3.11548, 0.82849, 0.722905, 0.142693, 2.02776, -0.690433, 0.922999, -0.0701874, 0.831533, 0.719278, 0.695016, 1.03156, 0.309681, 0.127152, 0.482242, 0.0564976, -1.17071
0.9, 0.0319375, -2.63834, -2.06654, 0.76868, 2.93121, 1.29256, -1.43887, -2.38886, -0.101276, 1.57091, -1.31259, -1.70121, 0.23726, 0.406483, -2.38477, 0.81917, 0.545209, 0.389625, 2.10234, -0.598254, 1.17394, 0.0766906, 0.913878, 1.15882, 0.874909, 0.954052, 0.751095, -0.123946, 0.440786, 0.221287, -0.913391
0.92, 0.0319375, -2.42092, -1.77515, 0.756637, 2.8976, 1.21547, -1.22042, -1.53432, 0.0647034, 1.70033, -1.12629, -1.98383, 0.322533, 0.465345, -1.41559, 0.885773, 0.660598, 0.673263, 2.31218, -0.168387, 1.35091, 0.494846, 1.18371, 1.48722, 1.23819, 1.32419, 0.778815, 0.0199806, 0.761916, 0.43905, -0.819873
0.94, 0.0319375, -1.98484, -0.473886, 1.43182, 3.16655, 2.32876, 0.332504, -0.141738, 0.288691, 1.73075, -0.703959, -1.53075, 0.785088, 0.991462, -0.942066, 1.30431, 1.29634, 1.29604, 2.95267, 0.643992, 1.75279, 0.718862, 1.46927, 1.92294, 1.89854, 2.17037, 1.25004, -0.105614, 0.665361, 0.893791, 0.027529
0.96, 0.0319375, -1.50186, -1.00322, 1.27668, 3.45122, 1.8003, -1.28857, -1.68554, -0.00274821, 1.57039, -0.895966, -1.83869, 0.764463, 1.08582, -1.0269, 1.34637, 1.19172, 1.04332, 3.01614, 0.304303, 1.66145, 0.752277, 1.59065, 1.51472, 1.6371, 2.22013, 1.01467, 0.101595, 0.189597, 0.705221, 0.178173
0.98, 0.0319375, -2.04606, -1.83259, 1.31791, 3.44231, 1.78782, -1.13899, -0.932843, 0.0324161, 1.627, -1.26275, -1.75415, 0.790782, 1.08537, -1.15671, 1.35548, 1.13212, 1.13352, 2.98945, 0.100194, 1.69848, 0.80934, 1.57113, 1.49844, 1.62909, 2.16359, 1.23712, 0.0295125, 0.204325, 0.75748, 0.193455
1, 0.0319375, -2.16087, -1.9161, 1.35142, 3.3947, 1.62107, -1.68274, -2.44257, -0.110563, 1.4935, -1.30107, -1.79782, 0.93256, 1.08914, -1.19334, 1.25348, 0.880687, 1.28339, 2.89471, -0.0109183, 1.69529, 0.704074, 1.34573, 1.90275, 1.78417, 2.14651, 1.29746, -0.247414, 0.70887, 0.834201, 0.0925628
1.02, 0.0319375, -2.12872, -1.89975, 1.26141, 3.32309, 1.55056, -2.05012, -2.54049, -0.0755373, 1.45665, -1.2089, -1.49306, 1.02474, 1.15842, -1.22446, 1.1405, 0.732693, 1.29763, 2.83733, -0.0228125, 1.57154, 0.618705, 1.32234, 1.96379, 1.66106, 1.87693, 1.1702, -0.585517, 0.620182, 0.921386, 0.146043
1.04, 0.0319375, -2.53818, -2.23582, 1.24575, 3.30403, 1.5316, -1.1906, -1.62699, -0.0516394, 1.38801, -1.7703, -2.10009, 1.0525, 1.14376, -1.00011, 1.09419, 0.680242, 1.3171, 2.80637, 0.0065768, 1.62942, 0.660132, 1.29109, 1.89801, 1.55079, 1.70191, 1.15024, -0.457324, 0.445792, 0.75552, -0.0460858
1.06, 0.0319376, -2.4926, -1.33167, 1.3828, 3.30339, 1.36861, -1.92998, -1.25518, 0.14788, 1.37527, -1.36129, -1.7781, 1.07784, 1.05007, -1.35739, 1.29752, 0.605401, 1.51114, 2.77695, 0.317224, 1.64269, 0.74395, 1.10749, 1.94377, 1.57825, 1.67356, 1.23965, -1.08399, 0.306435, 0.729175, 0.0753298
1.08, 0.0319375, -2.50914, -1.9689, 1.40311, 3.22863, 1.10822, -2.02413, -2.31254, 0.158098, 1.22245, -1.93119, -2.12018, 1.09263, 0.897604, -1.52489, 1.49646, 0.435015, 1.74917, 2.57306, 0.543161, 1.59629, 0.654061, 0.861231, 1.82883, 1.5669, 1.5877, 0.879797, -0.79906, -0.0238957, 0.476721, -0.172374
1.1, 0.0319375, -2.74822, -1.93476, 1.62046, 3.14078, 0.862349, -2.58448, -2.69492, 0.0123467, 0.991202, -1.64738, -1.94165, 1.12623, 0.574267, -1.93033, 1.68004, 0.204322, 1.99987, 2.49891, 0.43973, 0.878936, 0.495722, 0.354866, 1.50474, 1.54026, 1.64516, 1.30271, -0.416598, 0.432912, 0.710244, -0.475812
1.12, 0.0319375, -3.31667, -1.91187, 1.77155, 3.07649, 0.681875, -2.64925, -2.58456, -0.259535, 0.295739, -2.56557, -2.31487, 1.24842, 0.561979, -1.27118, 1.66546, -0.149097, 2.02258, 2.20626, 0.627138, 0.785614, 0.324883, 0.265188, 1.65322, 1.55594, 1.57545, 1.37019, -0.565608, 0.364043, 0.210584, -0.724968
1.14, 0.0319375, -2.95413, -1.6676, 1.8655, 3.00749, 0.482556, -2.63069, -3.29936, -0.191193, 0.0846356, -2.54494, -2.61342, 1.16653, 0.27237, -0.963177, 1.48015, -0.912647, 1.70594, 1.56573, 0.680428, 0.619324, -0.013034, 0.0580175, 1.55988, 1.40348, 1.31571, 1.03109, -0.844037, 0.207471, 0.39108, -0.927161
1.16, 0.0319375, -2.07972, -1.52405, 1.98203, 2.96765, 0.339349, -2.30334, -2.72163, 0.103324, 0.469141, -2.60213, -2.79117, 0.959081, -0.323285, -0.608481, 1.26975, -1.17175, 1.50752, 1.02472, 0.758308, 0.403049, 0.00235709, 0.227459, 1.41886, 1.08619, 1.02443, 0.802099, -0.368341, 0.341651, 0.281782, -1.42135
1.18, 0.0319376, -2.16526, -1.24923, 1.89859, 2.92716, 0.31488, -2.33373, -3.51263, 0.0263968, 0.20481, -2.84068, -2.12091, 0.834573, -0.619832, -0.579186, 1.16584, -1.58676, 1.47233, 0.798977, 0.785546, 0.276762, 0.06634, 0.210495, 1.23154, 1.03144, 0.847298, 0.488458, -0.480145, 0.358916, 0.18892, -1.49356
1.2, 0.0319375, -2.82621, -1.39942, 2.08235, 2.93429, 0.185994, -2.20914, -2.92138, -0.0653082, -0.0607489, -3.21792, -2.35551, 0.751354, -0.796127, -0.52794, 0.989422, -1.90527, 1.59528, 0.738232, 0.722346, -0.0656594, 0.259861, 0.0913116, 0.748698, 1.17668, 1.04295, 0.676031, -0.569032, 0.278306, 0.0771873, -2.10138
1.22, 0.0319375, -2.33838, -1.10205, 2.11263, 2.91526, 0.119764, -1.86026, -2.30668, -0.111963, -0.187358, -2.56191, -2.0609, 0.696026, -1.10621, -0.399416, 0.963013, -1.43156, 1.57802, 0.499089, 0.717161, -0.197731, -0.0149271, -0.083704, 0.561549, 1.20381, 0.909785, 0.402996, -0.596333, 0.0723506, -0.283405, -1.98788
1.24, 0.0319375, -2.40358, -1.1493, 2.24628, 2.88551, -0.130451, -2.60471, -2.64739, -0.0749663, -0.251723, -2.78136, -1.74297, 0.40446, -1.54548, -0.237805, 0.791028, -1.82467, 1.56386, 0.199084, 0.82114, -0.537541, -1.04962, 0.0522726, 0.470123, 1.03151, 0.256982, -0.164228, -0.613667, -0.239389, -0.215404, -1.52464
1.26, 0.0319375, -2.89284, -1.34135, 2.28225, 2.82844, -0.330826, -2.55057, -2.70411, 0.118694, -0.150242, -2.85446, -2.03593, 0.216122, -2.22927, -0.360029, 0.545101, -1.93275, 1.60361, -0.132107, 0.92115, -0.578537, -0.784722, 0.135245, 0.428794, 0.664502, 0.195657, -0.483388, -0.923946, -0.436352, -0.590285, -1.98345
1.28, 0.0319375, -2.56249, -1.40389, 2.32988, 2.7571, -0.482547, -2.08425, -2.80456, 0.103709, -0.318975, -2.4766, -1.631, 0.349428, -1.99919, -0.390044, 0.257725, -1.44862, 1.55846, -0.564117, 1.03665, -0.672371, -0.383857, 0.250245, 0.485739, 0.922946, 0.161531, -0.524334, -0.774992, -0.408431, -0.728939, -1.73763
1.3, 0.0319376, -2.77785, -1.45905, 2.29757, 2.68051, -0.628754, -2.18087, -2.67449, 0.289021, -0.271041, -3.41002, -1.51517, 0.365851, -2.46738, -0.519511, 0.149432, -1.43797, 1.46658, -0.807563, 1.04824, -0.806122, -0.232834, 0.0548114, 0.253201, 0.748181, 0.210148, -0.441463, -0.945399, -0.499648, -0.539578, -1.80145
1.32, 0.0319375, -2.29322, -1.27705, 2.2856, 2.63241, -0.957916, -2.6235, -2.83499, 0.256499, -0.252801, -3.52963, -1.39579, 0.401155, -1.90127, -0.512447, 0.0560674, -1.45881, 1.35089, -0.741732, 0.961695, -0.856511, -0.273368, 0.00694907, 0.232113, 0.823552, 0.171307, -0.625434, -1.01855, -0.782725, -0.988874, -2.40606
1.34, 0.0319375, -3.61674, -1.69811, 2.28298, 2.5929, -0.887282, -1.91695, -2.36631, 0.38609, -0.206967, -2.84766, -1.25304, 0.382949, -2.40529, -0.429481, 0.135961, -1.47088, 1.35946, -0.685828, 1.02445, -0.866253, -0.322215, 0.0206213, 0.147723, 0.708015, 0.105256, -0.936237, -1.27149, -0.978075, -0.632082, -1.77126
1.36, 0.0319375, -2.42507, -1.56592, 2.27996, 2.55124, -1.29641, -2.92209, -3.12398, 0.351634, -0.296565, -3.4124, -1.11636, 0.405324, -2.30878, -0.396367, 0.0504176, -1.14152, 1.35447, -0.870297, 1.07682, -0.727555, -0.300536, 0.117115, 0.157933, 0.424325, 0.150026, -0.831812, -1.27353, -0.810126, -1.10453, -1.92097
1.38, 0.0319375, -3.15567, -1.92354, 2.28515, 2.50195, -1.44455, -2.27312, -2.80347, 0.370866, -0.263424, -2.46599, -1.08135, 0.399294, -2.42834, -0.313949, 0.0499163, -1.04201, 1.23603, -0.877306, 1.17217, -0.810133, -0.189136, -0.0972343, -0.0136091, 0.253433, 0.0680081, -0.633556, -0.872624, -1.02167, -1.05833, -2.02518
1.4, 0.0319375, -3.1618, -1.6636, 2.23749, 2.48072, -1.35067, -2.87306, -2.97959, 0.364233, -0.334411, -2.81052, -1.1583, 0.394883, -2.09962, -0.478653, -0.0769586, -1.18392, 1.24141, -0.770731, 1.19676, -0.632923, -0.0627139, 0.0408082, 0.163759, 0.27199, 0.0441536, -0.694188, -1.16484, -0.791269, -0.840817, -1.87206
1.42, 0.0319376, -2.69516, -1.51289, 2.24871, 2.4619, -1.39175, -2.47459, -2.57031, 0.376151, -0.330415, -3.02026, -1.09385, 0.289343, -2.52751, -0.357191, 0.0368002, -1.05488, 1.09865, -0.857579, 1.19754, -0.554641, 0.0280769, -0.116249, -0.0121067, 0.183434, 0.0646908, -0.823327, -0.938206, -0.781611, -0.787681, -1.56962
1.44, 0.0319375, -3.22774, -1.41425, 2.24333, 2.4314, -1.1609, -2.26102, -2.08546, 0.301124, -0.412448, -2.98587, -0.88724, 0.451321, -2.36985, -0.207036, 0.144504, -1.08158, 1.01674, -0.562202, 1.19584, -0.480654, 0.139989, -0.133044, -0.069607, -0.0174627, -0.0772853, -0.651322, -0.577923, -0.53177, -0.978859, -1.41969
1.46, 0.0319375, -2.81311, -1.71315, 2.22141, 2.39023, -1.53347, -2.50217, -2.45379, 0.333788, -0.451814, -4.00104, -1.03583, 0.306356, -2.36096, -0.31893, -0.00899787, -1.09533, 0.903553, -1.0172, 1.15185, -0.588628, 0.0694867, -0.232386, -0.262678, -0.128845, -0.176823, -0.741372, -0.921712, -0.822614, -0.966506, -1.47076
1.48, 0.0319375, -2.94154, -1.94851, 2.14579, 2.36354, -1.51726, -2.64412, -3.02306, 0.258004, -0.461369, -2.95373, -1.07826, 0.296134, -2.2501, -0.443584, -0.0815132, -1.383, 0.85691, -1.20227, 1.08628, -0.861902, -0.0679701, -0.353665, -0.226446, -0.0947022, -0.246099, -0.795238, -1.12221, -0.916894, -0.889631, -1.30916
1.5, 0.0319375, -2.40323, -1.99671, 2.13896, 2.31731, -1.31745, -2.64849, -3.04487, 0.284219, -0.46796, -2.70998, -1.11726, 0.26854, -2.32399, -0.324205, -0.00101397, -1.34644, 0.721158, -1.05346, 1.07236, -0.591361, -0.00441924, -0.570147, -0.509518, -0.25456, -0.402495, -1.01606, -1.27245, -0.853206, -1.11902, -1.44959
1.52, 0.0319375, -3.45543, -1.86067, 2.09447, 2.3252, -1.06048, -2.12612, -2.79273, 0.196918, -0.512279, -2.7808, -1.20903, 0.323275, -2.16414, -0.455159, -0.0995864, -1.49927, 0.79109, -1.26049, 0.96517, -0.720762, -0.00568513, -0.482292, -0.332496, -0.137795, -0.442472, -0.767553, -1.21006, -0.724578, -0.795506, -0.993955
1.54, 0.0319375, -2.63028, -2.04687, 2.04288, 2.28705, -1.49187, -3.36656, -3.67366, 0.147453, -0.584674, -2.79283, -1.21794, 0.177766, -2.45906, -0.429819, -0.0141034, -1.29245, 0.776496, -1.08257, 0.966632, -0.757726, 0.0136693, -0.363424, -0.333332, -0.198999, -0.51485, -0.937715, -1.55521, -1.02484, -0.929436, -1.23294
1.56, 0.0319376, -3.49924, -2.45558, 2.06235, 2.25468, -1.68375, -2.65876, -2.69865, 0.146032, -0.632194, -3.04596, -1.31176, 0.127179, -2.22721, -0.428356, -0.128958, -1.36764, 0.760123, -1.37048, 0.959656, -0.735755, 0.0469401, -0.584419, -0.640627, -0.50012, -0.667595, -0.850542, -1.15871, -0.97894, -1.01555, -1.08209
1.58, 0.0319375, -2.62034, -1.87379, 1.96914, 2.24541, -1.503, -2.48133, -3.11374, 0.104665, -0.539374, -2.5678, -1.34877, 0.125824, -2.36389, -0.557, -0.107614, -1.55866, 0.851271, -1.03145, 0.865727, -0.706288, 0.0179705, -0.225129, -0.250912, -0.277411, -0.564662, -0.971514, -1.74966, -1.06338, -1.02338, -1.43344
1.6, 0.0319375, -2.56362, -2.01369, 1.99162, 2.28318, -1.3054, -2.58513, -3.34102, 0.0904014, -0.547335, -2.81857, -1.44737, 0.0185522, -2.29561, -0.451005, 0.00892908, -1.53066, 0.92149, -1.27722, 0.736198, -0.923336, -0.14429, -0.223753, -0.237465, -0.771179, -0.711172, -0.910417, -1.68924, -1.19641, -1.17599, -1.43798
1.62, 0.0319375, -2.5107, -1.4013, 2.08096, 2.23201, -1.55161, -2.57276, -3.06723, 0.345086, -0.497376, -2.64238, -1.10431, 0.0901071, -2.33294, -0.389564, -0.226501, -1.00186, 0.921083, -1.05463, 0.689013, -0.912676, -0.213219, -0.259424, -0.453857, -0.842791, -0.698805, -0.850539, -1.1832, -0.885071, -0.991009, -1.66891
1.64, 0.0319375, -2.38519, -2.25185, 2.18883, 2.14911, -2.07888, -2.33446, -2.54852, 0.353307, -0.638218, -2.6369, -0.913179, 0.033476, -2.05698, -0.210707, -0.214524, -1.05227, 0.202492, -0.962327, 0.356913, -0.898591, -0.468879, -0.0892178, -0.45479, -0.78509, -0.856885, -0.796252, -1.06701, -0.987335, -1.03215, -1.61282
1.66, 0.0319375, -2.73503, -2.41789, 2.25101, 2.14523, -1.65119, -2.56412, -2.1623, 0.150221, -0.825246, -2.34025, -0.759367, -0.15383, -2.22854, 0.00196669, -0.191534, -0.926984, 0.0450846, -0.790774, 0.370693, -0.740269, -0.496408, -0.0211045, -0.398354, -0.593942, -1.10024, -0.738794, -1.1983, -1.04268, -1.04567, -1.57588
1.68, 0.0319376, -3.20751, -1.45701, 2.30893, 2.12227, -1.60208, -1.77226, -1.4036, 0.164987, -1.0395, -2.42961, -0.820636, -0.314916, -2.4522, -0.0334874, -0.245644, -0.530448, 0.238327, -1.01957, -0.180196, -0.929039, -0.689612, 0.0969067, -0.217356, -0.352144, -1.50829, -1.40569, -1.34586, -0.899867, -0.900124, -1.43311
1.7, 0.0319375, -2.53932, -0.751677, 2.44955, 1.98859, -1.418, -2.15099, -2.19612, 0.218065, -1.44011, -2.12635, -0.567078, -0.552727, -2.01617, 0.103733, -0.651257, -0.0300551, 0.276555, -1.22783, -0.842245, -0.953549, -1.25692, -0.415847, -0.57721, -0.725094, -1.56504, -1.37698, -1.5672, -1.11983, -0.833846, -1.69918
1.72, 0.0319375, -1.32911, -0.907524, 2.13693, 2.00404, -1.29794, -0.944524, -1.7499, -0.232797, -0.948512, -1.97167, -1.17455, -0.650663, -1.67173, -0.562358, -0.715684, -0.267054, 0.568981, -0.866922, -0.517078, -1.20753, -1.04951, -0.726029, -0.506595, -0.798501, -1.31402, -0.513597, -1.028, -0.989614, -0.961869, -1.64474
1.74, 0.0319375, 0.344328, -0.507003, 0.715641, 1.66925, 0.00320148, 0.185533, -0.127316, -1.65678, -1.0703, -1.02881, -1.03935, -1.01439, -0.963238, -0.476677, -0.73991, -0.66781, -0.11766, -0.633815, -1.27907, -1.50667, -1.89072, -1.33038, -0.57149, -0.757462, -1.37734, -1.10911, -1.51582, -1.35158, -1.09897, -1.93154
1.76, 0.0319375, -0.382594, -1.98784, -0.360889, 1.12169, 0.872446, -1.46308, -0.845613, -1.60793, -0.414537, -1.09403, -1.91592, -2.18483, -1.31654, -1.06135, -1.54613, -1.02311, -0.306846, -1.40064, -1.518, -2.07619, -2.22245, -2.05493, -1.24056, -1.57874, -1.93883, -1.76207, -1.83744, -1.9504, -1.86152, -2.13874
1.78, 0.0319375, -2.47726, -2.59524, -1.59002, 0.55103, 1.08627, -1.45426, -2.27542, -2.23513, -1.72807, -1.03224, -2.41532, -3.03858, -1.82017, -1.58494, -2.51368, -2.14165, -1.78328, -2.39233, -1.98743, -1.98724, -2.29661, -2.63802, -1.98464, -2.17436, -2.09417, -2.25454, -2.47331, -2.13352, -2.12325, -2.02337
1.8, 0.0319376, -2.54972, -3.45897, -3.04522, -1.55252, -1.03102, -1.6413, -3.22051, -2.60764, -2.33818, -2.34095, -2.71525, -2.57719, -2.14968, -2.84976, -2.75226, -2.30634, -2.26412, -2.28952, -2.32803, -2.4987, -2.05684, -2.28942, -2.58874, -1.97947, -2.25721, -2.06509, -2.1485, -2.30322, -2.11666, -2.39263
1.82, 0.0319375, -4.45235, -3.49885, -2.70911, -2.79182, -1.87676, -2.85645, -3.14008, -2.59447, -2.36046, -2.65513, -3.09058, -3.24123, -2.95872, -2.2894, -2.84925, -2.67088, -2.24415, -2.93927, -2.70762, -2.4765, -2.66365, -2.58347, -2.53032, -2.56127, -2.70184, -2.51745, -2.43153, -2.30623, -2.34567, -2.23024
1.84, 0.0319375, -3.47368, -2.50871, -3.2584, -2.86121, -2.95813, -2.61476, -2.54789, -2.67814, -3.22789, -3.05281, -2.86831, -3.20839, -3.00259, -2.41539, -2.29999, -2.68878, -2.88252, -2.85692, -2.82949, -2.73226, -2.338, -2.77186, -2.47879, -2.74556, -2.93328, -2.74392, -2.57003, -2.56811, -2.94042, -2.57413
1.86, 0.0319375, -3.66146, -3.91073, -4.19754, -3.23579, -2.97108, -3.0239, -3.22841, -3.05827, -2.86208, -2.73062, -2.95312, -2.50424, -3.125, -2.73318, -2.44484, -2.83181, -3.06211, -2.94151, -3.06335, -2.63914, -2.44251, -2.52184, -2.73034, -2.70504, -2.6996, -2.40384, -2.24162, -2.36037, -2.27217, -2.44791
1.88, 0.0319375, -3.07231, -2.79577, -2.86329, -3.39454, -3.19148, -2.89704, -3.15094, -3.19911, -2.75308, -3.55161, -3.55959, -3.00324, -2.9426, -2.64374, -2.92303, -3.39375, -3.06583, -3.03827, -3.00429, -2.5916, -2.65116, -2.68012, -2.35395, -2.54124, -2.348, -2.88079, -2.78913, -2.63396, -2.49653, -2.75515
1.9, 0.0319375, -3.14214, -2.92307, -3.02657, -3.42321, -3.34772, -3.04146, -3.39524, -2.97185, -2.87069, -3.21194, -3.0609, -3.13376, -3.13295, -2.98814, -2.84285, -2.81607, -2.73384, -2.8154, -2.35194, -2.87524, -2.88752, -2.57609, -2.63937, -2.64603, -2.70778, -2.6909, -2.30504, -2.71551, -2.73, -2.81684
1.92, 0.0319376, -4.10641, -3.6722, -3.67316, -3.3235, -3.65331, -3.46023, -3.45968, -3.77519, -3.47063, -2.71995, -3.22713, -3.2101, -3.15231, -3.03875, -2.89991, -3.1196, -2.78744, -2.90705, -2.96415, -2.72038, -3.12301, -2.99993, -2.56964, -2.61772, -2.64488, -3.21092, -3.15633, -3.00133, -3.10723, -2.8261
1.94, 0.0319375, -3.24441, -2.65365, -2.31177, -1.94524, -1.22093, -1.04251, -1.1807, -1.53357, -2.01597, -1.96402, -1.631, -1.36181, -1.44499, -1.89358, -2.04753, -1.90949, -2.5445, -2.59425, -2.43278, -2.77905, -2.76975, -2.777, -2.7961, -2.97393, -3.12473, -2.98765, -2.97939, -2.94111, -3.17838, -2.78289
1.96, 0.0319375, -2.97579, -2.21208, -2.15577, -2.17622, -1.90982, -1.853, -1.94561, -2.3948, -2.78816, -3.14841, -2.99, -2.05991, -1.97997, -2.44561, -2.98074, -2.39184, -2.5817, -2.57848, -2.81718, -2.93385, -3.3599, -3.08648, -3.25795, -3.08319, -3.1953, -3.22809, -2.77249, -3.10231, -2.86901, -2.68427
1.98, 0.0319376, -4.18504, -3.50918, -3.25848, -3.2673, -3.58048, -3.34842, -3.69024, -3.65051, -3.16673, -3.36211, -3.06068, -2.84748, -3.38865, -3.95512, -3.86259, -2.92292, -3.21226, -3.02261, -2.64921, -2.7705, -2.81619, -2.80477, -2.9294, -3.32937, -3.22557, -3.11049, -3.0261, -2.87568, -2.79695, -2.86161
2, 0.0319376, -3.54214, -4.30306, -3.88205, -4.71357, -4.28181, -4.39332, -3.91104, -3.97586, -3.44019, -3.37317, -3.60804, -2.79213, -2.8704, -3.37966, -3.58304, -3.37419, -3.21536, -3.29038, -2.96409, -3.17099, -3.05024, -3.03903, -3.21258, -3.18054, -2.98932, -2.79156, -3.18912, -3.03801, -3.22971, -3.15612
2.02, 0.0319376, -3.92707, -3.14898, -4.54141, -4.21495, -4.22326, -4.14023, -3.42763, -3.27655, -3.71964, -3.4497, -3.72142, -3.71708, -3.53744, -3.59262, -3.37705, -3.15101, -3.37917, -3.67996, -3.3264, -3.50711, -3.54269, -3.31959, -3.24285, -3.46861, -3.13884, -2.95399, -2.96324, -3.17, -2.96224, -3.01916
2.04, 0.0319376, -3.35138, -3.79856, -3.64214, -3.63407, -3.52411, -3.99785, -3.70816, -3.44469, -3.1501, -3.52557, -3.7984, -3.45188, -3.67524, -3.34448, -3.30133, -3.65446, -3.85708, -3.23763, -3.25154, -3.72104, -3.49099, -3.61486, -3.17779, -3.45623, -3.4016, -3.6888, -3.04751, -3.16997, -2.94064, -3.01553
2.06, 0.0319376, -3.95602, -2.95588, -3.77503, -3.98782, -3.56013, -3.60325, -3.48825, -3.47107, -3.51167, -3.76717, -3.69543, -3.81761, -4.03176, -3.94439, -3.92223, -3.96125, -3.45489, -3.5875, -4.03269, -3.27585, -3.3142, -3.2178, -3.38439, -3.06342, -3.25541, -3.11053, -3.12983, -3.26085, -3.154, -3.13591
2.08, 0.0319376, -3.38308, -3.75937, -4.58313, -4.27123, -3.32529, -3.85966, -3.70707, -3.38218, -3.51519, -3.89863, -3.36152, -3.66799, -3.50341, -3.36429, -3.89753, -3.71246, -3.48902, -3.51189, -3.51529, -3.62117, -3.13598, -3.54351, -3.44584, -3.11462, -3.11013, -3.13876, -3.31552, -3.02836, -3.02211, -2.99739
2.1, 0.0319376, -4.33972, -4.24062, -3.39789, -3.75668, -3.85826, -3.8917, -4.35407, -4.34456, -4.64972, -3.99245, -3.89288, -3.76995, -3.46485, -3.79224, -4.16759, -3.40509, -3.44927, -3.49974, -3.41697, -3.54379, -3.61075, -3.30923, -3.80631, -3.75731, -3.38078, -3.02574, -3.15702, -3.29475, -3.09787, -3.05438
2.12, 0.0319376, -3.57469, -4.08671, -3.48414, -4.13574, -4.47502, -4.62057, -4.75057, -4.11245, -3.5649, -3.66714, -3.53937, -4.24754, -4.32528, -3.69436, -3.56591, -3.91543, -4.06988, -3.76643, -3.61685, -3.90652, -3.35009, -3.39161, -3.43793, -3.57476, -3.46299, -3.29709, -3.14001, -3.24303, -3.23614, -3.01666
2.14, 0.0319374, -3.37518, -3.73953, -3.79544, -3.90021, -3.36398, -3.8605, -4.60664, -3.5667, -3.83004, -3.69481, -3.5915, -3.51979, -3.48141, -3.96955, -3.21516, -4.02819, -3.5814, -3.66143, -3.53789, -3.32653, -3.36232, -3.44081, -3.68867, -3.39859, -3.36918, -3.3021, -3.61125, -3.4249, -3.20465, -3.03529
2.16, 0.0319374, -3.90968, -3.20115, -3.75997, -4.22433, -4.03625, -3.974, -4.37528, -3.67517, -4.05836, -4.21118, -4.0012, -3.90782, -3.54021, -3.68237, -3.52985, -3.25621, -3.3282, -3.71121, -3.72668, -3.37283, -3.12855, -3.08836, -3.08053, -3.10161, -3.35166, -3.28661, -3.40375, -3.11526, -3.21156, -3.32153
2.18, 0.0319374, -3.50313, -3.63404, -3.58897, -3.38086, -4.58884, -4.42292, -4.22825, -3.9153, -3.84101, -3.73006, -4.09646, -3.4534, -3.1819, -3.5828, -3.53935, -3.45734, -3.3663, -3.38664, -3.26308, -3.16149, -3.42416, -3.38531, -2.97503, -2.97652, -3.27371, -3.37165, -3.31569, -3.05587, -3.02756, -3.14894
2.2, 0.0319374, -2.6565, -3.00175, -3.40792, -4.12021, -4.34477, -3.85183, -3.05592, -3.84371, -3.70099, -3.66461, -2.96533, -3.22816, -3.4724, -3.28236, -3.64842, -3.74164, -3.8055, -3.43143, -3.36064, -3.40993, -3.77747, -3.43896, -2.99661, -3.2352, -3.07121, -3.28389, -3.34372, -3.28464, -2.9205, -2.83781
2.22, 0.0319374, -2.47159, -2.56745, -3.03263, -3.52062, -3.60398, -3.23557, -3.86283, -3.54286, -3.47844, -3.24417, -3.77868, -3.49846, -3.85632, -3.57123, -3.76116, -3.57825, -3.24751, -3.48611, -3.49972, -3.25636, -3.21712, -2.85915, -2.56681, -3.18837, -2.95099, -3.0974, -3.28578, -2.98086, -3.03811, -3.2175
2.24, 0.0319376, -2.53777, -2.34911, -2.7454, -3.81802, -3.56751, -3.11453, -3.04489, -3.30004, -3.20192, -3.07601, -3.82993, -3.37333, -3.87852, -3.74465, -3.24011, -3.61308, -3.00104, -3.41742, -3.34375, -3.15626, -3.31067, -3.57454, -3.12138, -3.10439, -3.03305, -2.95972, -2.87787, -2.95097, -3.08392, -2.73137
2.26, 0.0319376, -1.28357, -1.10452, -1.10946, -0.974086, -1.26324, -1.14477, -1.1261, -1.40796, -1.54285, -2.10476, -2.20519, -2.20174, -2.06453, -1.58567, -1.15157, -0.00596643, 0.298451, -0.598564, -1.39777, -2.06339, -2.08406, -1.53592, -1.33137, -0.74003, -0.308793, -0.565605, -1.56706, -2.13793, -1.89337, -2.52148
2.28, 0.0319376, -0.310976, 0.358331, 0.771049, 0.807302, 0.0712035, 0.278612, 0.415076, 0.255812, 0.182675, -0.558697, -0.976247, -0.488406, -0.0758219, -0.102375, 0.0613888, 1.04433, 1.55777, 1.74318, 0.479391, -0.626107, 0.110837, 0.537029, 0.433731, 0.366387, 1.11221, 1.22683, 0.775636, -0.479653, -0.603558, -0.782525
2.3, 0.0319376, -0.667074, -0.632326, 1.24343, 1.93708, 1.3185, -0.618185, -0.614364, -0.294177, 0.517868, -0.122436, -1.06668, -1.12828, -0.662338, -0.7415, -0.232939, 0.68697, 1.54411, 1.62235, 0.612299, -0.241504, -0.02275, 0.722611, 0.943606, 1.1754, 1.76097, 1.65803, 1.25637, -0.0866377, 0.265384, 0.26326
2.32, 0.0319376, -0.641774, -0.0127075, 0.347864, 0.347389, 0.858384, -0.09168, -0.488622, -0.312152, -0.0177207, -0.267406, -0.32002, -1.03904, -1.14672, -1.11662, -0.668213, 0.688503, 1.74963, 1.78211, 0.553138, 0.134214, 0.256477, 0.897394, 0.929201, 1.06194, 2.19012, 2.11726, 1.18739, 0.260712, 0.504108, 1.11448
2.34, 0.0319376, -0.489373, 0.780338, 0.239017, -0.120027, 0.536079, 0.532636, -0.806762, -0.787626, -0.810781, -0.907559, -1.40068, -1.49123, -1.08196, -0.827358, 0.00922146, 0.687446, 1.41849, 1.64956, 0.939221, 0.112884, 0.45556, 0.486307, 0.621705, 1.02621, 1.51542, 1.67419, 0.849741, 0.493059, 0.429702, 1.00482
2.36, 0.0319376, 0.422102, 0.776488, -0.30363, -0.89004, -0.387619, -0.148189, -0.138786, -0.172933, -1.00963, -1.09809, -1.49753, -1.40763, -1.7679, -1.89269, -0.743529, 0.108952, 1.2892, 1.47411, 0.647973, -0.301861, -0.0488685, 0.106761, 1.15322, 0.67147, 1.23676, 1.79688, 0.506196, 0.434916, 0.604589, 1.43356
2.38, 0.0319374, -0.0701819, 0.450145, 0.527561, -0.606585, -0.311216, -0.199971, -0.0659652, -0.482194, -0.762883, -0.928059, -1.63963, -1.76916, -1.0272, -1.67801, -0.670376, 0.304495, 1.22704, 1.15387, 0.282469, -0.807928, -0.252506, 0.463671, 0.570216, 0.433257, 1.26008, 1.67824, 0.762027, 0.270504, 0.630047, 1.02874
2.4, 0.0319374, -0.457214, -0.10628, 0.303787, 0.0373742, -0.551245, -0.650904, -0.679535, -0.692739, -1.04137, -1.13708, -2.12749, -2.15454, -1.70938, -2.56892, -1.05964, 0.643399, 1.41638, 1.12443, -0.336259, -0.713413, -0.666847, -0.347206, -0.0321152, 0.0437515, 1.20009, 1.22031, 0.00393913, 0.159596, 0.749222, 0.860835
2.42, 0.0319374, -0.56432, 0.118099, 0.00756376, -1.14967, -1.91721, -0.76091, -0.523946, -0.947885, -1.14696, -2.39421, -2.21771, -2.58199, -1.71306, -1.86757, -1.00484, 0.0848187, 0.999006, 0.0464583, -0.741884, -0.762943, -0.71172, -0.221279, 0.205965, 0.305466, 1.46946, 1.31669, -0.0881963, 0.250138, 0.469055, 0.798677
2.44, 0.0319374, -0.436259, 0.430726, -0.40948, -0.830731, -0.905022, -0.362015, -0.297519, -0.669795, -1.14786, -1.28607, -2.18984, -2.14646, -1.7479, -1.24474, -1.14032, 0.162692, 0.710394, 0.338233, -0.445855, -0.985998, -0.69974, -0.550723, 0.0255441, -0.174006, 0.818856, 1.28998, 0.244831, 0.179301, 0.846809, 0.82021
2.46, 0.0319374, -1.51946, 0.291716, -0.144021, -1.67435, -0.799093, -0.495174, -0.720962, -1.26636, -1.49537, -1.74639, -1.85472, -2.13608, -2.06407, -2.2234, -0.647939, 0.23809, 1.26089, 0.53594, -0.479783, -0.76197, -0.682789, -0.496685, 0.224096, 0.107718, 1.00167, 1.43239, 0.561575, 0.168839, 0.769322, 0.633836
2.48, 0.0319376, -1.901, -0.335155, 0.369746, -0.576828, -0.312752, -0.78578, -0.914612, -0.428047, -0.778243, -1.71494, -2.2273, -1.6987, -1.31148, -1.41319, -1.09024, 0.563031, 1.04442, 0.444596, -0.45996, -1.02316, -0.645978, 0.0753175, 0.0930869, -0.221801, 0.981356, 1.54178, 0.473761, 0.141982, 0.842362, 1.02944
2.5, 0.0319376, -0.505972, -0.566114, 0.248366, -0.672354, -0.781535, -0.49204, -0.345301, -0.701047, -1.02509, -1.46735, -2.25412, -1.76291, -2.22338, -2.49522, -0.84769, 0.229574, 0.737476, 0.395935, -0.336937, -0.872754, -1.01718, -0.194816, 0.025652, -0.316661, 1.121, 1.31064, 0.69748, 0.195382, 0.638994, 0.415647
2.52, 0.0319376, -0.952925, -0.301925, 0.0243048, -0.584429, -0.694702, -0.859888, -1.2355, -1.18725, -1.18219, -2.17862, -2.49062, -1.82766, -1.76814, -1.80265, -1.36645, 0.167733, 0.913213, 0.0728417, -0.500554, -0.739358, -0.884714, 0.28978, 0.366396, -0.540808, 0.456283, 0.927175, -0.0654968, 0.153038, 0.73539, 0.5365
2.54, 0.0319376, -0.50903, -0.560052, -1.06515, -0.813678, -1.12359, -0.806258, -0.664277, -1.32964, -1.55703, -2.29232, -2.14933, -2.06817, -2.2089, -2.36105, -1.72609, 0.529069, 1.35547, -0.0588072, -0.783648, -1.66249, -0.737038, -0.00836548, 0.292268, -0.439057, 0.279681, 1.3523, 0.268782, 0.0196039, 0.391349, 0.146092
2.56, 0.0319376, -2.10126, -1.43874, -2.25945, -2.23088, -2.69509, -1.88946, -1.91155, -1.96066, -1.93434, -2.15379, -2.35719, -2.25402, -2.42513, -2.3463, -1.72619, 0.258134, 0.781733, -0.466158, -1.15261, -1.51591, -1.30477, -0.695884, -0.692029, -1.23151, -0.414839, 0.5765, -0.0608446, -0.735108, -0.364069, -0.456578
2.58, 0.0319376, -2.44392, -2.7308, -2.81214, -3.19943, -2.65493, -2.77195, -2.19807, -2.47268, -2.70357, -2.23294, -2.6499, -2.74087, -1.94946, -2.48659, -2.10947, -0.454191, 0.100829, -1.06245, -1.68243, -2.04834, -1.81517, -1.70975, -1.25976, -1.8466, -1.24972, -0.593684, -0.912411, -1.69866, -1.65171, -1.87453
2.6, 0.0319376, -2.82838, -2.82308, -3.13799, -2.94574, -2.77778, -2.8799, -2.76183, -2.58887, -2.52933, -2.6598, -2.78079, -2.18393, -2.22542, -2.6315, -2.49549, -1.11228, -0.994721, -2.26565, -2.12159, -2.33063, -2.38798, -2.3198, -2.04996, -2.36203, -2.30038, -1.70213, -1.85475, -2.24243, -2.25151, -2.04126
2.62, 0.0319376, -3.28257, -3.68697, -3.77826, -3.11896, -2.30037, -1.89872, -2.82648, -2.5085, -3.12009, -3.35792, -2.29049, -2.03034, -1.72717, -2.4445, -2.89272, -2.0378, -2.23394, -2.49091, -2.52415, -2.21864, -2.48894, -2.44731, -2.1845, -1.90454, -2.47107, -2.23501, -2.31373, -2.16746, -2.3532, -2.42923
2.64, 0.0319374, -2.44539, -2.28913, -2.72319, -3.13944, -2.80905, -2.08536, -2.84264, -3.24817, -2.42708, -2.88518, -2.41044, -1.98815, -1.92784, -2.46678, -2.29427, -2.4565, -1.70542, -1.89449, -1.96965, -2.29884, -2.80842, -2.41881, -2.35182, -2.3416, -2.47936, -2.16704, -2.27002, -2.14595, -2.21502, -2.18565
2.66, 0.0319374, -3.08414, -2.75039, -3.09149, -2.19485, -2.84734, -2.83096, -2.76105, -3.02172, -3.20162, -2.79312, -3.01469, -2.52193, -1.80104, -1.75944, -2.53065, -1.5863, -1.80543, -2.32676, -2.29878, -2.13954, -1.9623, -1.93276, -1.93445, -2.05211, -2.4997, -2.30233, -2.26024, -2.3942, -2.17278, -2.03806
2.68, 0.0319374, -2.45268, -1.65546, -1.73161, -1.98572, -1.96619, -1.78462, -2.57748, -2.80326, -3.12228, -2.4779, -2.3646, -1.85222, -2.3139, -1.86215, -1.86205, -1.32427, -1.3421, -2.23362, -2.04987, -1.87663, -2.06434, -2.08559, -2.23524, -1.98908, -2.06658, -2.13456, -1.85782, -1.85582, -2.06987, -2.10562
2.7, 0.0319374, -4.30382, -3.50337, -3.33457, -3.27403, -2.54667, -2.83086, -2.93447, -2.61582, -3.45909, -3.41005, -2.89647, -2.54, -2.46578, -1.933, -2.13181, -1.99582, -2.46959, -2.81211, -2.45489, -2.03032, -2.19808, -2.66247, -2.3542, -2.00917, -2.37856, -2.51894, -2.1935, -2.22453, -2.355, -2.14646
2.72, 0.0319374, -3.40034, -3.25738, -3.81043, -3.23562, -4.21198, -3.30715, -2.81249, -3.23481, -3.7199, -2.98923, -2.45954, -1.87766, -2.04963, -2.51813, -2.30239, -2.29576, -2.77161, -2.32598, -2.31139, -2.37181, -2.61328, -2.46589, -2.43979, -2.5799, -2.95899, -2.9446, -2.54895, -2.68893, -2.75513, -2.71719
2.74, 0.0319376, -3.96667, -3.89479, -3.95695, -3.80565, -3.21105, -3.69065, -2.58759, -3.04906, -3.03912, -3.17806, -3.33512, -3.24968, -2.76816, -2.57546, -2.93047, -2.21686, -2.24339, -2.77527, -3.1003, -3.16812, -2.95472, -2.75422, -2.80251, -2.97926, -2.54379, -2.19552, -2.4311, -2.65531, -2.52399, -2.49011
2.76, 0.0319376, -2.76889, -2.24394, -2.30191, -2.01562, -1.83523, -2.23087, -2.34873, -2.13127, -1.99308, -2.07167, -1.75901, -2.07869, -1.91204, -2.32587, -1.25888, -0.771649, -0.810315, -1.57389, -1.85427, -2.01853, -1.65501, -1.64171, -1.46032, -2.13495, -2.14981, -1.03756, -1.1117, -2.04361, -1.6773, -1.76187
2.78, 0.0319376, -1.2238, -0.300889, -0.120981, -1.35548, -0.267007, -0.865059, -0.915303, -0.716944, -1.06459, -1.19177, -1.56987, -1.26882, -0.529755, -0.235535, 0.335677, 0.301228, 0.30323, -0.72314, -0.727353, -1.65932, -0.935817, -0.211081, -0.734959, -1.04411, -0.768756, 0.367918, 0.555004, -0.481819, -0.491552, -0.361901
2.8, 0.0319376, -0.323157, 0.767982, 1.32348, 0.713037, 0.294708, 0.0679292, 0.232349, 0.143192, -0.819965, -0.739879, -0.259384, -0.2699, -0.375039, 0.442146, 1.13142, 0.723731, 0.697479, -0.0502768, -0.42077, -0.625592, 0.0223838, 0.542808, -0.0920186, -0.247372, -0.0489198, 0.219015, 0.736334, 0.230908, 0.274401, 0.178833
2.82, 0.0319376, 1.27332, 1.44547, 1.15764, 1.63422, 1.63089, 0.0415131, 0.822433, 0.241099, 0.177357, 0.350473, 0.162365, 0.361903, 0.0351917, 0.0661944, 0.360099, 0.892824, 1.04798, 0.447763, 0.0693508, -0.10836, 0.167738, 0.733258, 0.291761, -0.0982465, 0.597586, 1.07603, 1.06672, 0.71765, 0.754345, 0.488475
2.84, 0.0319376, 0.686717, 1.2659, 1.3728, 1.15077, 0.831591, 1.08917, 1.25196, 0.414234, 0.640602, 0.244688, -0.159412, -0.100696, 0.921657, 0.793407, 0.998222, 1.28197, 0.811159, 0.723236, 0.41807, 0.113245, 0.173946, 0.79853, 0.7212, 0.674688, 0.558915, 1.4182, 1.52029, 1.07555, 1.15456, 0.621679
2.86, 0.0319376, -0.833424, 0.318015, 1.90648, 2.23777, 1.01041, 0.10613, 0.0780286, 0.360333, 0.404921, -0.131946, 0.0785763, 0.111699, -0.0229235, 0.687547, 0.928417, 1.0111, 0.713392, -0.143263, -0.122887, 0.190367, 0.60331, 0.597959, 0.483804, 0.80278, 0.522162, 1.16306, 2.05591, 0.912246, 1.50824, 1.23022
2.88, 0.0319374, -1.93289, -0.165282, 1.20158, 3.15919, 3.26773, 1.51162, 0.337235, 1.16419, 1.28131, 0.897256, -0.194283, -0.074974, 0.0351708, -0.0497814, 0.899565, 1.77023, 0.974557, 0.245291, 0.190875, -0.145674, 0.47686, 0.660081, 0.172098, 0.28492, 0.610093, 1.05957, 1.18994, 1.02124, 1.2951, 0.651394
2.9, 0.0319374, -2.03515, -0.696409, 0.89091, 2.07761, 3.8878, 3.452, 1.74632, 1.2761, 1.08711, 1.61008, 1.44181, -0.131653, -0.0909515, 1.2276, 2.18985, 1.65242, 1.68069, 1.01871, -0.512473, -0.28809, -0.385672, -0.148507, -0.0453392, 0.210493, 0.408008, 1.07432, 1.34188, 1.1028, 0.658914, 0.324035
2.92, 0.0319374, -1.52903, -0.90533, -0.0853202, 1.10271, 2.97967, 4.15867, 2.02559, 1.39487, 0.638877, 0.859395, 0.69359, 0.629269, -0.344718, -0.144214, 1.97115, 2.47147, 1.43939, 0.615052, 0.298256, -0.442466, -0.201674, 0.0197889, 0.0705203, -0.187594, 0.290723, 1.07229, 1.3178, 1.01224, 0.332963, 0.0185946
2.94, 0.0319374, -1.39783, -0.579172, -1.68584, 0.0757289, 2.15868, 4.19877, 2.78543, 1.38592, 1.46215, 0.415774, 0.156394, 0.64837, -0.321776, -0.211922, 1.05194, 2.60112, 1.87394, 0.563861, -0.0625883, -0.571597, -0.532526, 0.202425, -0.578197, -0.440339, 0.211967, 1.53535, 1.43494, 1.02178, 0.507182, -0.176011
2.96, 0.0319374, -1.47415, -2.10427, -0.797362, 0.734171, 1.16994, 4.1643, 3.77372, 1.12621, 1.0472, 0.453119, 0.0988519, 0.898402, 0.667535, 0.324224, 0.819768, 3.11913, 2.78902, 0.675126, 0.148326, -0.332699, -0.387246, 0.433345, -0.251257, 0.230125, 0.742308, 1.78621, 1.48232, 1.18399, -0.0883406, -0.656518
2.98, 0.0319376, -3.33923, -1.37294, -1.0512, -0.197947, 0.647414, 4.09128, 4.46507, 0.962844, 0.559236, 0.791131, -0.268231, 1.03445, 1.1928, -0.676651, 0.217642, 3.05816, 3.50625, 0.826915, 0.363534, 0.00447415, -0.607289, -0.0399499, -0.120506, 0.103257, 0.612118, 1.29538, 1.46495, 0.861838, 0.0257551, -1.05757
3, 0.0319376, -1.89938, -1.48926, -1.51511, 0.696544, 0.842104, 3.81275, 4.56452, 0.403852, 0.525909, 0.512095, 0.360098, 0.741386, 1.14471, -0.626777, 0.579188, 2.83267, 3.60256, 0.51995, 0.408979, -0.391661, -0.404903, 0.282418, -0.0362498, 0.0872282, 0.603058, 1.41127, 1.4783, 1.03161, -0.0684885, -1.30146
3.02, 0.0319376, -1.61369, -1.5373, -1.69694, 0.824328, 0.436259, 3.69482, 4.67813, 1.34516, 1.0999, 0.400355, 0.226252, 0.471882, 1.2578, -0.283305, 0.845591, 2.23237, 3.46649, 1.26683, 0.572855, -0.316983, 0.0279067, 0.712862, 0.679459, 0.36064, 1.09506, 1.46615, 1.70604, 1.31504, -0.273138, -1.4692
3.04, 0.0319376, -2.43327, -1.46273, -0.90916, 0.481489, 0.534185, 3.39507, 4.74169, 1.93383, 0.398347, 0.6644, 0.0557655, 0.526929, 1.57732, -0.29853, -0.0473621, 1.71644, 3.19528, 0.704369, 0.525371, -0.172498, -0.208209, 0.388968, 0.66062, 0.41804, 1.06828, 1.99026, 1.64967, 1.30041, -0.266771, -1.31331
3.06, 0.0319376, -2.34787, -1.98036, -1.10605, -0.0953937, 1.11035, 2.9718, 4.86219, 2.59682, 1.07727, 0.903674, 0.3219, 0.473236, 1.60447, -0.178803, -0.212591, 1.62367, 2.85561, 1.70867, 0.611321, -0.247323, -0.0710872, 0.482309, 0.321654, 0.110399, 0.789027, 1.73545, 1.45581, 1.11701, -0.272526, -1.82437
3.08, 0.0319376, -2.03873, -1.58176, -1.03389, -0.520388, 0.336749, 2.08368, 4.55958, 3.11798, -0.0576511, 0.231103, -0.0635998, -0.95037, 1.06724, -0.3728, -0.281754, 0.722859, 2.46876, 1.63118, -0.109129, -0.0849579, 0.34422, -0.189144, 0.282192, 0.10573, 0.839678, 1.4155, 1.56278, 1.42459, -0.0960694, -1.53568
3.1, 0.0319376, -3.03245, -1.56256, -0.947962, -0.790434, 0.20051, 1.18998, 4.43282, 3.65711, 0.00745668, -0.324927, -0.244832, -0.773475, 0.109241, -0.261792, -0.710342, 1.43995, 1.97386, 1.21372, -0.00554768, 0.195501, 0.510984, 0.133032, 0.512708, 0.361834, 1.03643, 1.71804, 1.37724, 1.51644, -0.162881, -2.11
3.12, 0.0319376, -2.10601, -1.85081, -1.07853, -0.115248, 0.367331, 0.626023, 4.31229, 3.84818, 0.778112, 0.684697, 0.141774, -0.0867426, -0.0521141, -0.198324, -0.173727, 1.5318, 2.03952, 0.924408, -0.371212, -0.294276, 0.42381, -0.0901244, 0.213519, 0.38354, 0.829535, 1.84829, 1.49592, 1.17321, -0.214934, -1.66702
3.14, 0.0319374, -2.00301, -0.937515, -0.757215, -0.147705, 0.24908, 0.571811, 4.29273, 3.95458, 0.928074, 0.260024, 0.417752, -0.211595, -0.41641, -0.625309, -0.220567, 1.6855, 2.15483, 1.53264, -0.0885987, -0.125784, 0.173267, -0.187665, -0.370962, 0.380398, 0.669844, 1.78952, 1.19367, 0.704755, -0.414959, -1.26154
3.16, 0.0319374, -2.98333, -1.8811, -0.855026, -1.26106, 0.602995, 1.20355, 4.22441, 3.87012, 1.11827, 0.0857804, -0.200078, -0.795806, -0.671076, -0.741045, 0.0233716, 0.949118, 1.8876, 1.58679, -0.0954657, -0.717337, 0.0738104, 0.0144001, -0.0186403, 0.176361, 0.413157, 1.06473, 1.07701, 0.607105, -0.538852, -1.49529
3.18, 0.0319374, -2.71626, -1.25507, -0.748873, -1.22738, 0.0985874, 0.273698, 4.34753, 3.80591, 0.473385, 0.35422, 0.175709, -0.579536, -0.80043, -0.399711, 0.0428634, 1.1414, 1.96, 1.90444, 0.369922, 0.00595829, 0.373838, -0.072218, -0.328777, -0.0401196, 0.482594, 1.1796, 0.909397, 0.348157, -0.640603, -0.975858
3.2, 0.0319374, -2.80777, -1.31215, -0.245851, -0.746349, 0.63107, 1.38938, 4.41568, 3.77574, 1.07954, 0.591522, 0.517555, -0.516712, -0.64931, -0.195554, 0.310202, 1.21934, 1.86143, 2.14975, 0.675007, 0.461561, 0.489841, 0.50326, 0.241535, 0.148602, 0.887718, 1.26618, 1.06864, 0.531188, -0.446484, -0.886736
3.22, 0.0319374, -2.19025, -1.1633, -1.02275, -0.350315, 0.952985, 1.2686, 4.46384, 3.77235, 1.10385, 0.7363, 0.33347, -0.489653, -0.277182, -0.347859, -0.138296, 1.50002, 2.08623, 2.28907, 0.800973, -0.0111378, 0.210015, -0.0383972, -0.1917, -0.0774369, 0.371562, 0.812239, 0.622587, 0.250074, -0.674297, -0.830595
3.24, 0.0319376, -3.07768, -1.87733, -1.06147, -0.713575, 0.650455, 0.939365, 4.41191, 3.82544, 0.33653, -0.142579, -0.236625, -0.879672, -0.423142, -0.539207, -0.558735, 0.973765, 2.09373, 2.30707, -0.0613826, -0.331156, 0.147083, -0.204158, -0.0983814, 0.0417181, 0.12296, 0.368674, 0.682695, 0.581665, -0.626231, -1.51573
3.26, 0.0319376, -2.29968, -1.79461, -1.18204, -1.15939, 0.735972, 1.09869, 4.40421, 3.82582, 0.937522, 0.136732, 0.246163, -0.408097, -0.383235, -0.0985627, -0.747561, 0.995098, 2.13208, 2.28743, 0.304174, 0.0775348, 0.323295, 0.0529674, 0.616411, 0.166108, 0.222635, 0.670581, 0.906379, 0.511485, -0.772691, -1.77113
3.28, 0.0319376, -2.42877, -1.86418, -1.26417, 0.0695594, 0.830368, 0.672131, 4.42598, 3.75107, 0.565774, -0.127036, -0.200085, 0.070435, -0.44296, -0.790042, -0.18047, 1.34578, 2.02803, 2.15136, 0.208783, -0.328228, 0.574633, -0.18023, -0.249593, -0.550931, 0.2722, 1.05718, 1.10876, 0.421109, -0.542879, -1.18957
3.3, 0.0319376, -2.32419, -1.02976, -0.935559, -0.390935, 0.844368, 1.32196, 4.54224, 3.6188, 0.602379, 0.567346, 0.152295, -0.000115938, -0.411171, -0.325129, -0.13112, 1.35278, 1.83061, 1.74847, 0.168329, 0.0951549, 0.173057, -0.566085, -0.347444, -0.036063, 0.692365, 1.14648, 1.22151, 0.540766, -1.00278, -1.03462
3.32, 0.0319376, -1.27842, -0.979527, -0.872292, 0.631372, 1.87967, 1.70419, 4.52112, 3.675, 1.35773, -0.0465809, 0.0023308, 0.653901, -0.652662, -0.0680139, 0.678434, 2.3441, 2.50004, 2.29216, 1.19623, 0.399743, 0.255029, 0.230274, 0.233505, 0.0991481, 0.670038, 0.959393, 1.25209, 0.784698, -0.849391, -1.1626
3.34, 0.0319376, -0.828962, -0.974366, -0.668441, 1.29909, 1.85488, 1.26829, 4.50297, 3.60557, 1.1679, -0.227533, 0.437478, 0.844293, -0.256859, -0.150694, 0.808415, 2.47208, 2.54569, 2.08212, 1.00162, 0.534996, 0.386188, 0.252174, 0.288647, 0.448473, 0.748084, 0.96646, 1.30045, 0.54689, -0.571064, -0.839751
3.36, 0.0319376, -1.3292, -0.875343, -1.2766, 0.556074, 1.65088, 1.5834, 4.50703, 3.39886, 0.72498, 0.153482, -0.270699, 0.535903, 0.0157434, -0.257848, 0.403446, 2.09982, 2.20348, 2.19197, 1.14973, 0.424978, 0.495516, 0.154509, 0.00805723, 0.314512, 0.737307, 0.874286, 1.20689, 0.637597, -0.86938, -0.997242
3.38, 0.0319374, -1.16006, -1.56849, -0.810918, 0.850987, 1.67555, 1.47833, 4.3938, 3.34062, 1.10359, -0.165207, 0.379265, 0.833129, -0.183937, -0.234748, 0.381427, 2.10452, 2.09591, 1.97313, 0.825708, 0.0351749, 0.271373, 0.342216, 0.426641, 0.293257, 0.63898, 1.34339, 0.938191, 0.356375, -0.954639, -1.09743
3.4, 0.0319374, -0.812356, -1.556, -0.652279, 1.34256, 2.23558, 1.73879, 4.41309, 3.27193, 1.05992, 0.630948, 0.82114, 1.09958, -0.380987, 0.28523, 0.572211, 2.20633, 1.92899, 1.43454, 1.18449, 0.497096, 0.734232, 0.448208, 0.498651, 0.0260582, 0.81385, 1.27274, 1.66415, 1.15749, -0.471235, -0.500065
3.42, 0.0319374, -0.615317, -1.42299, -0.287823, 1.31902, 2.72494, 2.70887, 4.42472, 3.37179, 1.72548, 1.2006, 1.16202, 0.978155, 0.207346, 0.189039, 1.40474, 2.52357, 2.46099, 2.26836, 1.50417, 0.944127, 0.854567, 0.308237, 0.685148, 0.742609, 1.06987, 1.69234, 2.02655, 1.34852, 0.297811, -0.433147
3.44, 0.0319374, 0.114739, 0.0161596, 0.380802, 3.26349, 3.76334, 2.62772, 3.46735, 2.62076, 3.02828, 3.47584, 1.46987, 1.53308, 1.73525, 2.01761, 2.38915, 3.37902, 3.84176, 4.20914, 2.88135, 2.32973, 1.88275, 2.14206, 2.14357, 2.21042, 2.53971, 3.30433, 3.65855, 2.6787, 1.38468, 0.507825
3.46, 0.0319374, -1.12149, -0.850063, -0.221902, 3.28309, 3.84283, 0.79484, 2.52201, 1.9292, 2.7036, 3.48378, 0.420834, 0.741832, 1.73691, 1.82774, 1.33063, 3.42744, 3.66146, 3.26715, 2.99363, 1.24367, 1.76445, 1.47153, 2.05258, 1.94406, 2.37949, 3.23002, 3.67695, 3.06245, 1.71203, 0.732206
3.48, 0.0319376, -1.09547, -0.809549, -0.218806, 3.38973, 3.82645, 0.717229, 1.79399, 1.00105, 2.96117, 3.52479, 0.380078, 0.478689, 1.94002, 1.9359, 1.38362, 3.44427, 3.52448, 3.01819, 2.75426, 1.42528, 1.93498, 1.29755, 2.1494, 2.0214, 2.22294, 2.93534, 3.4613, 2.88599, 1.88808, 0.606936
3.5, 0.0319376, -1.12284, -1.12539, -0.186226, 3.44392, 3.66233, 0.583582, 1.63097, 1.25844, 3.08264, 3.34116, 0.202625, 0.35954, 2.03809, 1.73022, 1.6009, 3.32741, 3.26396, 3.31273, 2.86579, 1.72762, 2.05695, 1.79628, 1.9231, 1.7544, 2.01005, 2.98105, 3.59713, 2.67634, 1.31495, 0.790075
3.52, 0.0319376, -1.13741, -0.898086, -0.109196, 3.44123, 3.55333, 0.036189, 1.36193, 0.867706, 3.0397, 3.16094, 0.699895, 0.835471, 2.102, 1.76185, 1.53841, 3.44517, 3.20189, 3.08151, 3.00655, 1.73407, 2.15337, 1.68842, 2.12705, 1.72028, 2.18479, 2.95107, 3.47322, 2.35434, 0.999503, 0.400778
3.54, 0.0319376, -0.438384, -0.367767, -0.0942337, 3.39256, 3.47893, 0.60161, 2.29913, 1.79195, 2.98343, 3.0094, 0.958082, 1.27291, 2.20296, 1.91905, 2.05603, 3.30387, 3.40981, 3.46318, 3.09478, 2.16972, 2.13105, 1.95409, 1.62075, 1.61436, 2.29704, 3.34033, 3.43727, 2.50432, 1.07557, 0.438907
3.56, 0.0319376, -0.87476, -0.483811, 0.158839, 3.36248, 3.52345, 0.363051, 2.20114, 1.57846, 2.87179, 3.03003, 0.89994, 1.33351, 2.05018, 1.83283, 2.02534, 3.25749, 3.42678, 3.45562, 3.02946, 2.196, 2.15122, 1.70066, 1.68211, 1.79126, 2.39842, 3.04424, 3.26391, 2.41933, 1.20552, 0.473382
3.58, 0.0319376, -0.55946, -0.585838, 0.268171, 3.40009, 3.4739, 0.423206, 2.26835, 1.49205, 2.87846, 2.88683, 0.790435, 0.973617, 1.99995, 1.69326, 2.05297, 3.23237, 3.23921, 3.33343, 3.03317, 2.13429, 1.95342, 1.86853, 1.57477, 1.51022, 2.29005, 2.93466, 3.25042, 2.31534, 1.03272, 0.75119
3.6, 0.0319376, -0.11915, -0.0899819, -0.260153, 3.49218, 3.46218, 1.07626, 2.8288, 2.04478, 2.73638, 2.64502, 1.64476, 1.72414, 1.59326, 1.74498, 2.34357, 2.72171, 3.20406, 3.24283, 2.86982, 2.46336, 2.11941, 2.18177, 1.68062, 1.81838, 2.31829, 3.14555, 3.31349, 2.46535, 0.808344, 1.05036
3.62, 0.0319376, 0.0698399, -0.476133, -0.0773046, 3.50986, 3.34488, 0.834138, 2.86846, 1.74002, 2.7021, 2.55199, 1.89113, 1.65323, 1.21727, 1.47161, 2.07057, 2.70705, 3.14469, 3.08113, 2.87504, 2.57637, 1.69967, 1.91497, 1.58096, 1.70861, 2.16228, 2.71933, 2.81437, 1.96858, 1.02338, 1.60987
3.64, 0.0319374, 0.245602, -0.505469, 0.0591411, 3.52317, 3.29372, 0.74683, 2.88884, 1.52878, 2.63538, 2.36168, 1.42136, 1.15988, 0.728254, 1.43249, 1.75714, 2.35253, 2.99639, 3.07419, 2.77672, 2.20768, 1.57432, 1.79258, 1.30426, 1.28433, 1.93827, 2.32319, 2.35162, 1.3768, 1.31883, 2.01995
3.66, 0.0319374, 0.0681964, -0.662877, -0.256875, 3.61209, 3.23701, 0.889741, 2.80605, 1.21535, 2.90119, 2.35175, 1.48092, 0.953891, 0.735311, 1.08248, 1.37862, 2.36538, 2.72603, 3.06879, 2.96908, 2.12057, 1.23285, 1.24886, 1.30689, 1.579, 1.9543, 2.414, 1.94267, 1.42665, 1.04842, 1.7709
3.68, 0.0319374, -0.00806944, -0.484879, -0.505927, 3.66985, 3.10021, 1.0751, 2.99725, 1.40244, 2.8972, 2.07572, 1.45498, 0.884632, 1.33112, 1.24561, 1.64029, 2.43792, 2.90694, 3.19696, 2.9906, 2.14949, 1.41069, 1.07667, 1.22462, 1.46755, 1.88984, 2.69923, 1.99173, 1.50696, 1.35485, 1.74377
3.7, 0.0319374, -1.21543, -2.20094, -1.35104, 3.63538, 2.98902, 0.208938, 2.25663, 0.774911, 3.02555, 1.9172, 0.524822, -0.0320787, 1.4831, 0.592927, 0.96658, 2.73167, 2.33208, 3.61279, 3.16587, 1.92479, 1.50117, 1.10747, 0.943504, 0.969381, 1.7859, 2.06616, 1.52668, 0.718374, 0.75626, 1.54272
3.72, 0.0319374, -0.929628, -1.22553, -0.776078, 3.57275, 2.90925, 0.482311, 1.8804, 0.1685, 3.09618, 2.07356, 0.356232, 0.180832, 1.65481, 0.327477, 0.738042, 2.73846, 2.01389, 3.65822, 3.27947, 1.91086, 1.37948, 1.35042, 1.06172, 0.800309, 1.82383, 2.10772, 1.6825, 0.718155, 0.788861, 1.43754
3.74, 0.0319376, -1.17704, -1.2781, -1.0096, 3.52123, 2.91528, -0.0942252, 1.60105, 0.208773, 3.04658, 2.08395, -0.231378, -0.0299542, 1.80769, 0.339679, 0.581426, 2.6724, 1.80656, 3.61097, 3.26605, 1.7478, 1.57561, 1.31548, 0.786, 0.791883, 1.74693, 1.99335, 1.4305, 0.390798, 0.34994, 1.26836
3.76, 0.0319376, -1.67184, -1.68989, -1.12627, 3.51648, 2.84859, 0.0367117, 1.16776, -0.0697983, 3.01969, 1.99291, -0.505824, -0.200871, 1.58248, -0.256326, 0.0891558, 2.53731, 1.29674, 3.69255, 3.25209, 1.52369, 1.21144, 1.1865, 0.647737, 0.779171, 1.37918, 1.53079, 1.16451, 0.0452432, 0.162929, 1.05402
3.78, 0.0319376, -2.50017, -2.01333, -1.06769, 3.4854, 2.74701, -1.00337, -1.53497, -0.516383, 3.14892, 1.91186, -1.51751, -0.21171, 1.85358, -0.48213, 0.433606, 2.5661, 0.420914, 3.78566, 3.13983, 1.46805, 1.00728, 0.92051, 0.427411, 0.230821, 1.33072, 1.1993, 0.868762, -0.240983, 0.155714, 0.840489
3.8, 0.0319376, -1.94104, -1.70935, -0.518412, 3.37702, 2.55812, -0.593974, -0.553523, 0.149104, 3.33137, 1.95828, -0.857711, 0.389067, 2.07201, -0.602743, 0.812693, 2.57207, 0.348649, 3.81781, 2.87307, 1.66511, 1.00238, 1.31864, 0.667296, 0.620581, 1.30444, 1.26299, 0.975788, 0.10748, -0.211971, 0.761128
3.82, 0.0319376, -3.40733, -2.35971, -0.776753, 3.32096, 2.54309, -0.689214, -0.215054, -0.0607572, 3.28577, 2.05028, -1.32621, 0.160622, 2.08309, -0.228749, 0.727426, 2.67219, 0.345252, 3.84256, 3.12219, 1.54091, 1.21934, 1.08568, 0.308665, 0.009731, 1.4059, 1.28885, 0.883574, -0.245145, -0.0761404, 0.535022
3.84, 0.0319376, -4.11014, -2.27345, -0.915649, 3.31304, 2.55599, -0.914439, -1.64901, 0.43413, 3.18159, 1.97199, -1.55094, -0.0155816, 2.05936, -0.712587, 0.604384, 2.58123, 0.667692, 3.71618, 3.0615, 1.32029, 0.915641, 1.07562, 0.318634, -0.0758699, 1.20983, 1.15412, 0.445945, -0.491385, -0.171722, 0.611877
3.86, 0.0319376, -3.14818, -3.19171, -1.35848, 3.31134, 2.56247, -0.834205, -1.12521, 0.0713599, 3.14721, 1.91386, -1.56035, 0.0282331, 2.01559, -0.57645, 0.470068, 2.53944, 0.574292, 3.60662, 2.94463, 1.40063, 0.952252, 1.09861, 0.363302, -0.174327, 0.916351, 1.0011, 0.322417, -0.452038, -0.32897, 0.213712
3.88, 0.0319374, -2.40101, -2.71202, -1.25044, 3.31677, 2.58271, 0.0673202, -0.450437, 0.218561, 3.01088, 1.8136, -0.928679, 0.102723, 1.89813, -0.334339, 0.458575, 2.46382, 0.401371, 3.57176, 2.95005, 1.17524, 0.805662, 0.8925, 0.454604, 0.000126831, 0.657564, 0.826692, 0.435727, -0.425467, -0.282056, 0.128797
3.9, 0.0319374, -2.20958, -1.92255, -1.64458, 3.32279, 2.68409, -0.565451, 0.13626, 0.011574, 2.72079, 1.73706, -1.00074, -0.182835, 1.41768, -0.309897, 0.101883, 2.28316, 0.350349, 3.34652, 2.92904, 0.847108, 0.693981, 0.665205, 0.366677, 0.132794, 0.993311, 0.839549, 0.616412, -0.528958, -0.186293, 0.309205
3.92, 0.0319374, -2.66742, -1.59092, -0.967614, 3.37184, 2.79928, 0.0335523, -0.0439701, 0.268833, 2.45113, 1.55804, -0.9648, -0.889236, 0.673685, -0.967177, -0.244032, 1.86705, 0.432907, 3.45417, 3.10871, 1.04002, 0.655003, 0.70222, 0.284549, 0.235082, 1.17982, 1.1941, 0.98187, -0.663741, -0.372668, 0.272349
3.94, 0.0319374, -2.62324, -2.08403, -1.37414, 3.40204, 2.7177, -0.549879, 0.100418, -0.38524, 2.46945, 1.33781, -1.33417, -0.829999, 0.6576, -1.21319, -0.296532, 1.89241, -0.036364, 3.39805, 2.9072, 0.989277, 0.75136, 0.987719, 0.325502, -0.437995, 0.927625, 1.15929, 1.01652, -0.438212, -0.668285, -0.0137209
3.96, 0.0319374, -1.6469, -1.92046, -0.265866, 3.40784, 2.52613, 0.0134554, 1.12482, -0.471132, 2.56179, 1.1073, -0.232585, -0.625654, 0.942784, -0.39076, 0.528022, 1.93389, 1.04297, 3.32022, 2.40278, 1.03432, 0.547292, 0.923067, 0.254837, -0.274583, 0.883113, 1.10954, 1.05063, 0.0674353, -0.307002, -0.059077
3.98, 0.0319376, -1.4554, -1.61264, 0.161058, 3.43039, 2.48433, 0.201252, 1.38767, -0.252911, 2.44411, 0.923374, -0.0938285, -0.444849, 0.534454, -0.0933646, 0.534155, 1.60693, 1.40076, 3.22616, 2.29973, 0.986023, 0.596032, 0.810979, 0.713798, 0.444601, 1.09927, 0.90713, 1.08769, -0.364579, -0.855739, -0.376442
4, 0.0319376, -2.4479, -2.03885, 0.176896, 3.48742, 2.51292, -0.599091, 0.180552, -0.679032, 2.32275, 0.754275, -2.17312, -0.958253, 0.295444, -1.07703, 0.430427, 1.5664, 0.394699, 3.28392, 1.99387, 1.03741, 0.349564, 0.694632, 0.345561, 0.404018, 1.08439, 0.784623, 0.967337, -0.170362, -0.712784, -0.585369
4.02, 0.0319376, -1.82482, -1.3671, 0.36331, 3.52785, 2.51403, -0.88878, -1.10189, -0.384281, 2.23532, 0.497742, -2.19531, -0.8442, 0.202029, -1.42576, 0.333984, 1.42212, -0.278348, 3.30559, 1.94116, 0.942911, 0.189721, 0.511207, -0.0127868, 0.22346, 0.88941, 0.29184, 0.474606, -0.560301, -1.1445, -0.787951
4.04, 0.0319376, -1.53651, -1.45861, 0.422134, 3.51608, 2.46991, -0.899358, -1.42486, -0.766923, 2.16103, 0.370714, -1.98954, -0.880681, 0.280039, -2.17202, 0.334667, 1.38617, -0.482878, 3.33318, 1.89186, 0.838305, -0.013676, 0.677137, 0.0749345, 0.356037, 0.996539, 0.296565, 0.312838, -0.542199, -0.754834, -0.992895
4.06, 0.0319376, -2.56097, -1.7133, 0.581366, 3.52071, 2.44128, -1.2407, -1.91833, -0.692536, 2.1047, 0.184384, -2.51405, -0.863551, 0.282274, -1.45884, 0.41265, 1.34089, -0.768531, 3.36889, 1.78104, 0.786216, -0.344187, 0.527934, 0.0401943, 0.170572, 1.06322, 0.263824, 0.0351022, -0.540366, -1.07818, -1.40548
4.08, 0.0319376, -1.97701, -1.56445, 0.636726, 3.51345, 2.38105, -1.30899, -1.88797, -0.39666, 2.18319, 0.165664, -2.8439, -0.714247, 0.208935, -2.73424, 0.510442, 1.29639, -0.860826, 3.42354, 1.67151, 0.824619, -0.42182, 0.574721, -0.0212226, 0.277534, 1.24991, 0.0129401, 0.0947855, -0.352961, -1.08504, -1.25858
4.1, 0.0319376, -2.54343, -1.94649, 0.546357, 3.48764, 2.38606, -1.61578, -1.615, -0.335234, 2.17927, 0.132327, -2.17078, -0.915485, 0.343455, -2.68582, 0.626454, 1.48388, -1.12864, 3.37533, 1.64877, 0.722684, -0.179652, 0.445436, -0.0380751, 0.272709, 1.07152, 0.161817, 0.0909908, -0.363249, -1.08615, -0.780703
4.12, 0.0319376, -2.89196, -1.91626, 0.453887, 3.46707, 2.39272, -0.8564, -1.31535, -0.62169, 2.20151, 0.295143, -1.82596, -0.762556, 0.414204, -2.81806, 0.643612, 1.54775, -0.521508, 3.39207, 1.74743, 0.622017, -0.439796, 0.439157, -0.0552132, 0.254298, 1.07615, 0.593687, 0.521932, -0.184135, -0.991529, -0.817492
4.14, 0.0319376, -2.64566, -1.85875, 0.612276, 3.4303, 2.28259, -1.41698, -1.69733, -0.484108, 2.20834, 0.24863, -1.89342, -0.295269, 0.47546, -1.86079, 0.668733, 1.40821, -0.200227, 3.4426, 1.65585, 0.914691, -0.127098, 0.475563, 0.18025, 0.34547, 1.02771, 0.154493, 0.230858, -0.3255, -1.21575, -0.989622
4.16, 0.0319376, -3.02885, -1.85293, 0.573558, 3.42788, 2.29304, -1.49049, -2.05023, -0.504097, 2.1572, 0.139635, -2.31345, -0.595288, 0.414962, -2.35232, 0.700914, 1.4078, -0.963622, 3.32514, 1.45091, 0.878198, -0.17835, 0.367851, -0.078138, 0.256827, 1.06149, 0.304357, 0.225421, -0.409638, -1.14684, -0.930604
4.18, 0.0319376, -2.23697, -1.5655, 0.661779, 3.41728, 2.23191, -1.02711, -1.24774, -0.354714, 2.16398, -0.0414965, -2.75255, -0.237908, 0.619961, -3.26246, 0.648765, 1.31546, -0.796457, 3.37953, 1.53029, 0.717143, -0.427458, 0.534429, 0.143317, 0.305402, 1.08944, 0.2912, 0.195228, -0.230223, -1.12017, -0.990533
4.2, 0.0319376, -2.71091, -1.69822, 0.664311, 3.34492, 2.12213, -1.02424, -1.44474, -0.232762, 2.22347, -0.105239, -2.20424, -0.261009, 0.499918, -1.73915, 0.628663, 1.04426, -0.224035, 3.33948, 1.22432, 0.707168, -0.700776, 0.182622, 0.134277, 0.261, 0.802228, 0.595802, 0.245388, -0.422822, -1.10193, -1.07136
4.22, 0.0319376, -2.59569, -1.42656, 0.676915, 3.28174, 2.00402, -1.21449, -1.75938, -0.237914, 2.25683, -0.163303, -2.15979, 0.0169034, 0.825029, -1.84512, 0.546615, 0.936625, -0.166702, 3.25546, 1.04966, 0.755931, -0.619744, 0.0926356, 0.0911756, 0.19068, 0.555706, 0.494592, 0.287077, -0.446807, -1.04885, -0.953349
4.24, 0.0319376, -2.43785, -1.64343, 0.834401, 3.19483, 1.74005, -1.54635, -1.67966, 0.258584, 2.37511, -0.252232, -1.86179, 0.151349, 0.645005, -2.47551, 0.625929, 0.730302, 0.321991, 3.07181, 0.374432, 0.682483, -0.483242, 0.710517, -0.00452965, -0.132187, 0.30435, 1.14664, 0.237655, -0.619375, -0.603044, -0.7926
4.26, 0.0319371, -2.58168, -1.98021, 0.883411, 3.11255, 1.56667, -1.97763, -2.05175, 0.543086, 2.47497, -0.370882, -2.15122, 0.290165, 0.635924, -2.30616, 0.667167, 0.591967, 0.794294, 3.0896, 0.197964, -0.0257962, -0.177146, 0.658215, -0.0870037, -0.097449, 0.489019, 1.4853, 0.424448, -0.565306, -0.931255, -0.676585
4.28, 0.0319371, -2.80697, -2.03242, 0.994797, 3.02073, 1.21098, -1.91828, -1.86394, 1.07272, 2.60138, -0.691421, -1.89947, 0.609801, 0.656695, -1.96044, 0.352083, -0.0149025, 1.188, 2.73041, 0.181689, 1.01767, -0.0696606, 0.574406, 0.114667, 0.127016, 0.226126, 1.82825, 0.239553, -0.711644, -0.737729, -0.820583
4.3, 0.0319371, -3.29536, -2.38783, 0.991191, 2.908, 0.933509, -1.3892, -1.39921, 1.40209, 2.72121, -1.00363, -1.7913, 0.786794, 0.612298, -1.4433, 0.214198, -0.420365, 1.475, 2.56252, 0.541021, 1.15551, -0.0647103, 0.198705, 0.282063, 0.00545537, 0.343072, 1.71227, -0.111387, -0.885251, -0.544472, -0.555212
4.32, 0.0319371, -3.09563, -1.90896, 0.954505, 2.84594, 0.87619, -1.05059, -1.36165, 1.58199, 2.78762, -0.94427, -1.57245, 1.00204, 0.759458, -1.3569, 0.231908, -0.446342, 1.72987, 2.68046, 0.440078, 1.1694, -0.000601711, 0.295905, 0.256971, -0.0540223, 0.272187, 1.23096, 0.585712, -0.565165, -0.280772, -0.3684
4.34, 0.0319371, -3.25461, -1.77697, 0.990032, 2.80201, 0.745768, -1.19377, -1.32784, 1.689, 2.84825, -0.900802, -1.8508, 1.16891, 0.818173, -1.47424, 0.5502, -0.242294, 2.10821, 2.83558, 0.485928, 1.1034, -0.170481, 0.00288345, 0.22924, -0.167308, 0.0368233, 0.801531, 0.402488, -0.707289, -0.34362, -0.331808
4.36, 0.0319376, -2.98888, -2.19035, 1.15621, 2.82798, 0.611964, -1.47152, -0.889336, 1.71581, 2.75492, -1.1006, -1.74371, 1.39706, 0.941346, -1.20725, 0.718858, -0.223435, 2.37537, 2.84079, 0.302509, 0.54258, -0.0670981, 0.0475887, -0.00426737, 0.201069, -0.0136414, 0.344714, 0.817048, -0.837734, -0.336518, -0.602945
4.38, 0.0319376, -3.40056, -2.81366, 1.02151, 2.82014, 0.64378, -2.10611, -1.8657, 1.60277, 2.64826, -1.82356, -2.27143, 1.38276, 0.97335, -1.42842, 0.764442, -0.118915, 2.33943, 2.85075, -0.06246, 0.501408, -0.383884, -0.178609, -0.140437, -0.166567, -0.0314747, 0.580846, 0.85551, -0.666596, -0.188257, -0.0955144
4.4, 0.0319376, -3.88603, -2.07337, 1.0007, 2.75514, 0.580937, -1.68232, -1.67628, 1.51301, 2.58324, -1.4077, -1.76818, 1.33013, 0.960032, -1.16544, 0.897636, -0.00823914, 2.02728, 2.57146, -0.182504, 0.305159, -0.449444, -0.30223, -0.014946, -0.115409, -0.16627, 0.28785, 1.11616, -0.496162, -0.173228, -0.296408
4.42, 0.0319376, -2.86147, -2.3147, 1.18607, 2.77085, 0.501769, -1.93615, -2.00538, 1.55583, 2.40245, -1.37763, -1.73938, 1.50468, 0.825291, -1.63259, 1.19441, -0.0115024, 1.93839, 2.19786, -0.170203, 0.019003, -0.418995, -0.296108, -0.153261, -0.0472236, -0.198832, 0.104589, 0.839995, -0.693818, -0.794951, -0.842881
4.44, 0.0319376, -3.14321, -2.05521, 1.39772, 2.75532, 0.343945, -2.04182, -1.54454, 1.55738, 2.16782, -1.5453, -1.94758, 1.45161, 0.578651, -1.39483, 1.10723, -0.633754, 1.93114, 1.93489, -0.341142, -0.329231, -0.322196, -0.574992, -0.150246, -0.152601, -0.262763, 0.251033, 0.165313, -0.497533, -0.263612, -0.339544
4.46, 0.0319376, -2.53814, -1.76407, 1.25417, 2.72467, 0.508228, -1.12368, -1.36314, 1.37289, 2.11504, -1.48212, -1.64945, 1.32003, 0.604686, -1.38884, 0.948005, -0.249407, 1.7495, 1.88156, -0.415113, -0.366587, -0.396889, -0.568334, -0.24713, -0.334919, -0.0263597, 0.487498, 0.571361, -0.470326, -0.0923952, -0.180124
4.48, 0.0319376, -2.02946, -2.12414, 0.264792, 2.4819, 1.03408, -0.200796, 0.32911, 0.774768, 2.30572, -0.668045, -1.02418, 0.367645, 0.637527, -0.131719, 0.495421, 0.560554, 1.09894, 1.96476, 0.0524363, -0.851969, -0.984903, -0.661518, -0.386352, -0.474764, -0.268631, 0.748871, 0.774836, -0.250607, -0.0518715, -0.0446235
4.5, 0.0319376, -0.659551, -1.75078, -0.605707, 2.4297, 1.47054, 0.276304, 1.55257, 0.0315076, 1.97256, 0.252935, -0.142811, -0.152834, 0.684323, -0.0132264, 0.445664, 1.10518, 1.6373, 1.11657, -0.03672, -0.821297, -1.305, -0.857226, -0.366427, -0.751951, -0.177029, 0.318903, 0.336212, -0.690903, -0.51024, -0.316362
4.52, 0.0319376, -0.235497, -1.73935, -1.55358, 2.33101, 1.67113, 0.326006, 2.15762, 0.148274, 1.37351, 0.220045, -0.139255, -0.971169, -0.530718, -0.264851, -0.207661, 0.372765, 1.88291, 0.819556, -0.394495, -1.09585, -1.39991, -0.629984, -0.832208, -1.37461, -0.790978, -0.228048, -0.233372, -1.13354, -0.814942, -0.525674
4.54, 0.0319376, -0.549137, -1.41595, -1.5452, 2.34394, 1.9476, -0.100929, 1.81224, 0.256968, 1.11833, 0.584112, -0.394383, -0.769854, -0.207643, -0.464921, -0.573231, -0.148623, 1.70898, 1.07056, -0.520622, -1.07788, -1.47875, -1.664, -0.717348, -0.914582, -0.85182, -0.353525, -0.107644, -1.05802, -1.09866, -0.846474
4.56, 0.0319376, -1.33058, -2.11548, -1.49943, 2.19943, 2.23494, -1.02163, 0.778992, -0.374979, 0.991925, 0.998683, -1.26453, -1.06705, 0.350939, -0.315388, -0.985957, 0.18868, 0.778904, 0.852315, -0.296716, -1.37617, -1.47508, -1.10809, -0.766047, -1.10297, -1.02602, -0.706717, 0.0872483, -1.27287, -1.02247, -0.945502
4.58, 0.0319376, -3.36518, -2.39588, -2.06802, 1.85164, 2.33529, -1.84515, -1.09579, -1.8645, 0.364588, 1.12624, -2.29009, -2.61441, -0.0965567, -0.132397, -2.06481, 0.161234, 0.1843, -0.642988, -0.00602675, -2.48007, -1.51265, -1.78959, -1.00402, -1.77257, -2.10163, -0.99729, -0.716232, -1.59345, -1.37832, -0.979041
4.6, 0.0319376, -4.04441, -3.79452, -2.42317, 1.66421, 2.36158, -2.54928, -1.36771, -2.14719, 0.143675, 1.19663, -2.56866, -2.81448, -0.745744, -0.387093, -2.57873, -0.206092, 0.171644, -1.43366, -0.189364, -2.30824, -1.49517, -2.18614, -1.05272, -1.99051, -1.61826, -1.08922, -0.833958, -1.50675, -1.48726, -0.922192
4.62, 0.0319376, -3.88153, -3.12153, -2.86884, 1.3886, 2.36437, -0.971321, -2.06692, -2.02531, -0.359477, 1.29454, -1.56512, -2.43898, -1.36374, -0.293248, -2.58092, -0.52667, 0.517156, -1.73223, -0.212906, -1.31952, -1.56284, -1.62932, -0.962267, -1.7986, -1.94156, -1.18297, -1.15432, -1.50854, -1.4532, -0.834216
4.64, 0.0319376, -3.76055, -3.26828, -3.01291, 0.247653, 2.22262, 0.181162, -2.41503, -2.63643, -1.56243, 0.858255, -0.0155901, -2.60279, -1.74831, 0.589443, -1.12626, -1.50699, 1.21978, -0.135634, -0.890006, -0.442061, -1.86416, -1.10137, -1.46695, -1.5751, -1.60908, -1.19268, -0.80184, -1.55681, -1.10055, -0.665252
4.66, 0.0319376, -3.6268, -3.1195, -2.98342, -0.957636, 2.12146, 1.41545, -1.65404, -2.5371, -2.57953, 0.417778, 0.97551, -1.72695, -2.29268, -0.470832, -0.0543713, -2.44485, 0.765243, 1.73393, -0.874403, -0.512161, -1.13803, -1.09013, -1.40157, -1.13899, -1.48116, -0.686955, -0.89195, -1.36309, -1.15667, -0.306564
4.68, 0.0319376, -3.57894, -2.84424, -3.08213, -2.27138, 1.47545, 2.2284, -0.555206, -2.96173, -2.44924, -1.84238, 1.10848, 0.811729, -1.57304, -1.55607, 0.278875, 0.0788113, -1.36208, 1.71934, 1.38093, -1.32637, -0.315281, -1.35955, -0.741153, -1.56841, -1.09532, -0.770597, -0.0186893, -2.23804, -1.74807, -0.910037
4.7, 0.0319376, -3.15311, -3.13279, -3.95725, -2.81893, -0.118078, 2.411, 1.56208, -1.62216, -2.389, -2.19967, -0.174619, 2.06368, 0.64437, -2.15875, -0.475293, 1.51072, 0.367002, -0.398791, 1.31401, 0.254072, -1.20171, 0.1907, -1.27669, -1.94387, -2.06197, -0.835222, -0.636324, -1.22704, -0.735639, -0.350303
4.72, 0.0319376, -3.28093, -3.00173, -2.92979, -2.84262, -1.39357, 1.68776, 2.35685, -0.580836, -1.77508, -1.97222, -1.6361, 1.19799, 1.75104, -1.72112, -1.93856, 0.439132, 1.70588, -0.322956, -0.226887, 0.320389, -1.22109, -0.544668, -0.00313475, -2.69871, -1.19627, -0.962616, -0.309377, -1.50964, -0.693771, 0.225759
4.74, 0.0319376, -3.16045, -3.13539, -2.75738, -2.53186, -2.10017, 0.271909, 2.04627, 0.342073, -1.92869, -2.29161, -2.60314, -0.669695, 1.09222, -0.133877, -2.10529, -1.14398, 1.47009, 0.758809, -1.55423, -0.995088, -0.736042, -1.99564, -0.610284, -1.584, -0.458255, -0.292649, -1.17419, -1.60914, -1.35854, -1.23344
4.76, 0.0319371, -2.45094, -2.08871, -2.86803, -2.88301, -2.77427, -0.773492, 1.29478, 0.141695, -2.71168, -2.49538, -2.35173, -1.44759, 1.31977, -0.021453, -3.09704, -2.22978, 0.467656, 0.358562, -2.1718, -1.13586, -0.363988, -1.79712, -1.20179, -1.7929, -1.34561, -0.618804, -1.40234, -1.41464, -1.1589, -1.3269
4.78, 0.0319371, -2.56612, -2.40239, -2.39107, -2.39925, -3.01378, -1.28675, 0.99666, -0.463423, -2.11863, -2.84221, -2.17359, -1.74364, 0.862956, -0.604121, -2.36299, -2.23228, 0.24062, -0.445174, -2.02322, -0.699158, -0.445356, -1.77436, -1.31459, -1.55838, -0.915022, -0.957302, -1.18747, -1.33506, -1.18745, -1.53467
4.8, 0.0319371, -2.71426, -2.29378, -2.5292, -2.97495, -2.52538, -0.182495, 1.29376, -0.987334, -3.12743, -3.50188, -2.26808, -0.471762, 0.427566, -1.74248, -1.48477, -1.5388, 0.121473, -1.27828, -1.28902, -0.535349, -1.20621, -1.50663, -1.45365, -1.46223, -1.16381, -1.38442, -0.6319, -1.50088, -1.17309, -1.35985
4.82, 0.0319371, -2.87616, -2.79545, -2.52624, -2.25276, -2.13319, 0.207913, 0.778819, -1.80253, -1.85713, -1.54582, -1.94862, -0.431299, -0.0606301, -1.23061, -1.40603, -1.35441, -1.08618, -1.55573, -1.47905, -1.11655, -1.43642, -1.42801, -1.24607, -1.36459, -1.28063, -1.22634, -1.28828, -1.03646, -1.40622, -1.23364
4.84, 0.0319371, -1.93063, -2.23861, -2.48853, -2.98588, -2.30506, 0.0666564, -0.0930152, -1.65053, -1.80333, -1.72344, -2.03406, -1.2813, -1.36562, -2.03628, -1.7727, -1.6157, -1.70392, -1.65092, -1.49577, -1.25704, -1.01138, -1.15243, -1.14075, -1.23871, -1.46175, -1.26732, -0.997755, -1.06262, -0.900095, -0.886491
4.86, 0.0319376, -2.84418, -2.59497, -2.88382, -2.44879, -1.99593, -1.35048, -1.37506, -2.08806, -1.8656, -1.89051, -1.6029, -1.62621, -1.56606, -1.20688, -1.24121, -1.2101, -1.36291, -1.64122, -1.44432, -0.701718, -0.745427, -1.09137, -1.11101, -0.947696, -0.463923, -1.21715, -1.10103, -0.806788, -0.746693, -0.940966
4.88, 0.0319376, -2.62314, -2.77543, -3.05246, -2.65643, -1.76076, -1.83409, -2.18276, -1.54343, -2.18213, -2.54879, -1.337, -1.1424, -1.71814, -1.50142, -1.54736, -1.23285, -1.26097, -1.30883, -0.861045, -1.30038, -1.27267, -0.981972, -1.15965, -1.21884, -1.05662, -1.09066, -0.866606, -0.574076, -0.939528, -0.917477
4.9, 0.0319376, -3.57292, -2.54598, -2.81192, -2.46263, -2.56314, -2.30377, -2.05944, -2.71131, -1.69855, -2.10256, -1.98857, -2.08703, -1.50451, -1.22671, -1.73873, -1.82788, -1.1187, -1.65739, -1.48563, -1.73488, -1.30833, -1.16092, -1.2551, -1.07728, -1.08128, -1.15733, -1.02203, -1.41457, -1.24705, -1.11388
4.92, 0.0319376, -2.16465, -2.31813, -3.00746, -2.76398, -2.1469, -2.21614, -2.32982, -2.51733, -2.07451, -2.17757, -2.55517, -1.96994, -1.29499, -1.91469, -1.83501, -1.86176, -1.77623, -2.0176, -1.86655, -1.19486, -0.941239, -1.23758, -0.955445, -1.10904, -0.784333, -1.0642, -1.11549, -0.860362, -0.802325, -0.88899
4.94, 0.0319376, -3.07822, -3.15414, -3.62508, -2.37006, -2.12277, -2.08158, -2.9464, -2.18442, -2.40866, -2.02111, -1.69985, -1.3115, -1.38816, -1.11615, -1.54528, -1.46238, -1.32889, -1.55734, -1.45974, -1.42118, -1.15483, -1.04847, -1.31183, -1.14428, -1.01804, -0.966934, -1.09189, -0.944017, -1.35406, -1.2148
4.96, 0.0319376, -2.25518, -2.80971, -3.07261, -2.74404, -2.66243, -2.04836, -2.27283, -2.10291, -1.82939, -1.27541, -1.86094, -1.3956, -1.54414, -2.10118, -1.98144, -1.98019, -1.6124, -1.43867, -1.54377, -1.20615, -1.34777, -1.47415, -1.34569, -1.38685, -1.12058, -1.31442, -1.08891, -1.13061, -0.902224, -1.0419
