# Time (seconds), Duration (seconds), f0, f1, f2, f3, f4, f5, f6, f7, f8, f9, f10, f11, f12, f13, f14, f15, f16, f17, f18, f19, f20, f21, f22, f23, f24, f25, f26, f27, f28, f29
0, 0.0319375, -1.79707, -2.62185, -3.49796, -3.65228, -4.04948, -4.08974, -3.30685, -2.4907, -2.76501, -3.44533, -3.71419, -4.51229, -4.84211, -3.7314, -3.75829, -4.04076, -4.07444, -4.29756, -3.9174, -3.83583, -3.59588, -3.68421, -3.90884, -3.9309, -4.02465, -3.5995, -3.74381, -3.69879, -3.69628, -3.93537
0.02, 0.0319375, -1.99278, -2.68985, -3.56646, -3.81127, -3.41036, -4.16748, -3.82823, -3.14036, -3.42608, -4.31456, -4.53602, -4.40482, -4.11442, -4.14477, -4.32605, -4.26116, -4.02159, -4.38304, -4.29278, -4.10527, -3.87202, -4.29693, -4.0023, -4.09367, -4.14458, -4.08922, -3.85475, -3.81263, -3.75953, -3.66888
0.04, 0.0319375, -1.60782, -2.63793, -4.03243, -4.20527, -4.09761, -4.37699, -4.40124, -4.29507, -3.88445, -4.43625, -4.12259, -3.86242, -4.29348, -4.7388, -4.38225, -4.03763, -4.33469, -4.33775, -4.23272, -4.28886, -4.37711, -4.24005, -4.05309, -4.02623, -3.8595, -3.84273, -3.58439, -3.72776, -3.83859, -3.73888
0.06, 0.0319375, -1.89355, -2.89454, -3.82368, -3.96003, -3.18166, -2.6999, -1.86681, -1.63037, -1.70132, -2.57688, -2.54411, -2.63872, -2.6398, -2.64458, -2.89318, -2.23359, -2.25564, -3.00343, -2.59972, -2.22775, -1.94984, -1.57766, -0.476285, -1.17751, -1.28189, -1.05327, -1.1351, -0.82813, -0.51617, -0.208865
0.08, 0.0319375, 0.121131, 1.46034, 0.944898, 0.697911, 1.59275, 2.2518, 1.40097, 1.93865, 2.03095, 0.481097, 0.241631, 0.0415665, -0.470735, -0.308952, -0.777029, -0.638155, -0.58794, -1.19766, -1.48304, -1.54565, -1.45913, -1.21834, -0.449508, -0.885787, -0.841687, -0.190774, -0.589375, -0.186511, 0.0349127, 0.0832386
0.1, 0.0319375, 1.24194, 0.958438, -0.59021, 0.827561, 1.61713, 2.05314, 3.07795, 2.95134, 2.20182, 1.73798, 1.32755, 1.00532, 0.868285, 0.617525, 0.315231, 0.564086, 0.861052, -0.00164495, -0.514246, -0.0669403, -0.570424, -0.550717, -0.366835, -0.88322, -0.409584, 0.0991758, -0.248869, -0.699996, -0.368411, -0.8138
0.12, 0.0319375, 0.395507, -0.655935, -0.752238, -0.96908, 0.191189, 1.58196, 1.63835, 1.95409, 1.44285, 0.973528, 0.493459, 0.276966, 0.198915, 0.0527781, -0.154158, 0.369993, 0.556673, -0.0189339, -0.951863, -0.598641, -0.755699, -0.773608, -0.351353, -0.847901, -1.18211, -0.678352, -0.00923305, -0.484966, -0.813481, -0.745098
0.14, 0.0319375, -1.42908, -2.34167, -3.26246, -3.25055, -2.14905, -1.04809, -0.0127732, -0.113766, -0.718391, -1.332, -1.74707, -1.83948, -1.66466, -1.86967, -1.7411, -1.33439, -0.907621, -1.37469, -1.97358, -1.81133, -2.1401, -2.12778, -2.12621, -1.89494, -1.59281, -1.11929, -0.747468, -1.64725, -2.45008, -1.87513
0.16, 0.0319375, -1.62028, -1.60294, -2.93652, -3.64924, -3.32333, -2.55194, -2.00243, -1.48246, -1.916, -3.35851, -3.854, -2.95585, -3.04202, -3.20838, -3.31673, -3.03725, -3.06851, -3.5826, -4.24479, -3.86451, -3.65186, -3.77528, -4.08057, -3.86102, -3.58532, -3.44704, -3.14893, -3.69798, -3.85759, -3.69531
0.18, 0.0319375, -1.78219, -1.96936, -3.48831, -3.90545, -3.52857, -2.38188, -2.39831, -2.57976, -3.54472, -4.02886, -3.76328, -3.7939, -3.70504, -3.76846, -3.80731, -3.24758, -3.96231, -3.63351, -3.88091, -3.38636, -3.70072, -4.10516, -3.9826, -3.47906, -3.68526, -3.55564, -3.65385, -3.63607, -3.6643, -3.14756
0.2, 0.0319375, -0.423359, -0.415171, -1.09897, -2.3514, -1.53907, 0.194977, 0.723897, 1.20023, 1.16996, 0.616335, 0.0859838, -0.136294, -0.226403, -0.164715, -0.0554039, 0.406385, 0.673899, 0.597512, 0.09562, 0.541466, 0.0382779, -0.413698, -0.551484, -0.402462, 0.00824843, 0.969743, 1.09075, 0.211685, 0.530697, 0.731974
0.22, 0.0319375, -1.44883, 0.324953, 1.20905, -0.65645, -1.08878, 0.273261, 2.49104, 1.7713, 1.03281, 2.31583, 1.46423, 0.800702, 2.24406, 0.801992, 1.29049, 1.07796, 1.40915, 1.51861, 1.27005, 1.71647, 1.38416, 0.0597951, 0.129243, 0.499666, 0.529128, 1.51213, 1.75337, 0.860433, 1.12119, 1.49996
0.24, 0.0319375, -1.65833, 0.196638, 1.57829, -0.730123, -1.24674, 0.0311358, 3.17432, 3.05538, 1.4454, 1.97347, 2.46862, 0.544199, 1.82775, 1.44242, 0.532345, 1.20064, 1.03782, 1.47889, 0.350315, 0.71157, 1.16191, -0.478573, 0.1203, 0.350737, 0.228373, 1.22047, 1.6139, 0.486582, 0.65693, 0.968287
0.26, 0.0319375, -1.77095, 0.35356, 1.67703, -0.608406, -1.4231, -0.587135, 3.06074, 2.60792, 0.97593, 1.42858, 2.07555, -0.125363, 1.84878, 1.67476, 0.495201, 1.57254, 0.678248, 1.19812, 0.0209594, 0.245219, 0.845644, -0.253904, -0.207367, -0.0702829, 0.235965, 0.755045, 1.29272, 0.462966, 0.581474, 0.719123
0.28, 0.0319375, -1.31311, 0.25028, 1.61717, -0.529619, -1.27485, -0.857271, 2.64743, 2.41516, 1.12628, 1.26279, 1.53691, -0.239731, 2.05715, 1.78623, 0.546213, 1.64575, 1.06134, 1.42841, 1.19026, 0.906286, 1.44263, -0.162282, -0.00577349, 0.180217, 0.201901, 0.879832, 1.03048, 0.509586, -0.222138, 0.357601
0.3, 0.0319375, -2.00524, 0.611462, 1.30436, -2.10415, -2.41801, 0.0583511, 2.17408, 0.710923, 0.059212, 2.10944, 1.36616, -0.363298, 2.4503, 0.435404, 0.55622, 0.0951739, 1.84696, 0.954782, 1.38635, 0.645426, 0.770141, 0.6098, 0.370466, -0.157139, 0.481291, 1.09929, 1.04213, 0.3152, 0.163364, 0.266101
0.32, 0.0319375, -1.74331, 0.815202, 1.56987, -1.1432, -1.1367, 1.22316, 1.59083, 0.883168, 0.452096, 2.03929, 1.14185, 0.326151, 2.31493, 0.41524, 0.858489, 0.298208, 1.6749, 0.596668, 1.03546, 0.903564, 0.753134, 0.455579, 0.19542, -0.127554, 0.290341, 0.834475, 0.861848, 0.0213245, -0.0645381, 0.0100387
0.34, 0.0319375, 0.81849, 1.66124, 1.96085, -0.0684688, 1.00524, 1.98313, 2.37253, 2.65884, 3.21669, 2.98012, 1.53988, 1.45932, 1.51231, 0.700944, 0.776407, 1.50041, 1.86877, 1.10129, 0.963945, 0.9479, 0.613149, 0.0429596, 0.226823, -0.0174765, -0.134675, 0.613301, 1.04264, 0.153747, -0.527649, 0.270945
0.36, 0.0319375, 0.971168, 0.986241, 1.89233, -0.298447, 1.20936, 0.877578, 3.01012, 2.71822, 3.25865, 2.152, 1.7868, 1.70564, 1.47244, 1.07756, 0.840045, 1.23643, 1.88826, 1.39803, 1.30341, 1.10934, 0.608587, -0.0549349, 0.285988, -0.0713417, 0.0858034, 0.706651, 1.09079, 0.255767, -0.00316608, 0.502208
0.38, 0.0319375, 0.0994407, 0.9291, 1.84917, -0.941142, 0.324097, 0.0463164, 2.88791, 2.18681, 2.58088, 1.98762, 1.57236, 1.08194, 1.8679, 0.550898, 0.624442, 1.0992, 1.35023, 1.37083, 1.55017, 0.656702, 0.674618, 0.0482394, 0.198058, -0.027928, 0.150015, 0.940468, 0.755831, -0.125981, -0.0567634, -0.102018
0.4, 0.0319375, 0.505681, 1.19426, 1.95102, -0.211831, 0.214886, 1.45457, 2.69311, 2.46414, 2.54255, 2.229, 1.6525, 0.979619, 1.45761, 0.782466, 0.636276, 1.28336, 1.3349, 1.17538, 1.41562, 1.08961, 0.626802, -0.338829, 0.144971, 0.345401, 0.122976, 0.581042, 0.745345, -0.129918, -0.260343, -0.126115
0.42, 0.0319375, 0.486156, 1.29856, 1.57599, -0.208971, 0.84956, 1.31703, 2.61697, 2.39801, 3.05989, 2.21776, 1.18573, 1.71274, 1.77472, 0.43205, 0.429609, 1.37575, 1.62622, 1.59373, 1.24948, 1.29889, 0.965712, -0.222367, -0.0849131, 0.088513, 0.246788, 0.832158, 1.06185, 0.201661, -0.0416945, -0.0569665
0.44, 0.0319375, -1.12846, 0.873884, 0.302582, -2.16922, -1.4231, 1.60518, 1.33596, -0.0177203, 1.60026, 1.90959, -0.22288, 1.81517, 1.26425, 0.820476, 0.545548, -0.0936921, 0.224567, 1.13622, 1.09563, 1.46605, 0.19858, -0.199316, 0.0438286, 0.0178933, 0.272696, 0.896039, 1.21202, 0.613941, 0.0550546, 0.744489
0.46, 0.0319375, -2.06003, 1.00521, 1.26928, -1.58504, -2.36378, 1.30017, 2.25998, 0.575945, 0.948901, 2.43379, 0.757585, 1.54363, 2.08432, 0.118969, 1.15724, 0.345999, 1.21228, 1.0082, 1.1856, 1.63853, 0.718709, -0.276993, -0.194485, 0.149125, 0.509018, 0.941304, 1.28632, 0.338381, 0.296875, 0.651772
0.48, 0.0319375, -2.20078, 0.818915, 1.62803, -1.51321, -1.6573, 0.706387, 3.26015, 2.00658, 0.644066, 2.44997, 2.07833, -0.0556309, 1.39577, 0.0704188, 0.974786, 0.643277, 1.06761, 0.648228, 1.1155, 1.09678, 1.12325, -0.246209, 0.125148, 0.190362, 0.374032, 1.13703, 1.05899, 0.292258, 0.107269, 0.727288
0.5, 0.0319375, -1.46783, 0.92235, 1.06368, -1.72458, -2.39487, 1.34204, 2.46957, 0.493006, 0.912357, 2.45381, 0.566999, 1.54053, 1.98167, -0.0594133, 0.999336, 0.355329, 1.29796, 0.743126, 0.624527, 1.33649, 0.734037, -0.0297923, -0.17629, 0.0356505, 0.166299, 1.00159, 1.10031, -0.155333, 0.0794005, 0.5066
0.52, 0.0319375, -1.64702, 0.988539, 1.25112, -1.38644, -1.67566, 1.32127, 2.20811, 0.221554, 1.17729, 2.58286, 0.39369, 1.57078, 2.08564, 0.246692, 1.24384, 0.0819045, 1.41562, 0.580518, 0.686886, 1.23034, 0.428391, 0.155394, -0.0764707, 0.183747, 0.345465, 1.00926, 1.22624, -0.0170699, 0.0337591, 0.524121
0.54, 0.0319375, 0.447325, 1.0457, 1.88136, -0.421789, -0.152423, 0.970349, 3.04032, 2.57742, 2.83446, 2.96175, 2.29147, 1.85052, 1.78479, 0.996588, 0.982285, 1.36328, 1.82433, 1.36558, 1.54689, 1.14934, 0.918784, -0.105115, -0.238023, 0.290928, 0.502995, 1.22629, 1.05538, 0.0273742, -0.511171, 0.431324
0.56, 0.0319375, 0.749526, 1.26806, 1.84992, -0.447998, 0.357116, 1.14042, 2.86256, 2.32874, 2.69517, 2.39869, 1.72275, 1.72876, 1.89585, 0.582834, 0.346827, 1.02898, 1.79038, 1.40162, 1.5255, 1.34277, 0.558297, -0.11662, -0.0332647, 0.251249, 0.597803, 1.23793, 1.18177, 0.280076, -0.0268477, 0.496411
0.58, 0.0319375, 0.624573, 1.21475, 1.69884, -0.532757, 0.778987, 1.20023, 2.92757, 2.3565, 3.07517, 2.53088, 1.97146, 2.13732, 1.86318, 0.715239, 0.603741, 1.23306, 1.75416, 1.58283, 1.42815, 1.29637, 1.03412, 0.226873, 0.191984, -0.0819659, 0.271898, 0.831653, 0.984338, 0.15758, 0.181649, 0.39544
0.6, 0.0319375, 0.615401, 1.00366, 1.92078, -0.205708, 0.516479, 0.931693, 2.563, 1.98348, 2.50935, 2.18407, 1.59801, 1.44261, 1.77245, 1.05283, -0.0581168, 0.789382, 1.56466, 0.717638, 1.16097, 1.01841, 0.571543, -0.314139, -0.21405, 0.0323926, 0.0828819, 0.842789, 0.682947, 0.0622657, -0.159725, 0.321729
0.62, 0.0319375, 1.25616, 1.1364, 2.06714, 0.142698, 1.27117, 2.07185, 2.76285, 2.6053, 3.30843, 2.79635, 1.78557, 1.81589, 1.49133, 0.965924, 0.640191, 1.56774, 1.72536, 1.27018, 1.03515, 0.76621, 0.664675, -0.304761, -0.123835, 0.292932, 0.196797, 0.744769, 0.397606, -0.32085, -0.601391, -0.328019
0.64, 0.0319375, 0.269294, 1.1843, 1.67223, -0.189789, 1.35071, 1.21698, 3.08588, 2.76291, 3.44639, 2.31792, 1.87326, 1.99345, 0.667963, 1.39536, 1.13862, 1.27246, 2.06713, 1.44617, 1.05207, 0.882732, 0.899528, 0.043583, 0.00370637, 0.152198, 0.348879, 0.917269, 0.689045, -0.175115, -0.452491, 0.0934409
0.66, 0.0319375, 0.423423, 1.05563, 1.84342, -0.603585, 1.36232, 1.22103, 3.37815, 2.64007, 3.40629, 2.35232, 1.85113, 2.12994, 0.833137, 1.40087, 1.07442, 1.49062, 2.14893, 1.81802, 1.56511, 1.14472, 0.858032, -0.0791186, 0.233603, 0.247564, 0.450443, 0.649567, 0.482781, -0.369407, -0.484299, 0.1246
0.68, 0.0319375, 0.649983, 1.11793, 1.91399, -0.687412, 1.49271, 0.913277, 3.28977, 2.51336, 3.41821, 1.78831, 1.54794, 1.7773, 1.26464, 1.04083, 0.886961, 1.2912, 1.83868, 1.37598, 0.537809, 0.840452, 0.177118, -0.302262, -0.661618, -0.0359234, -0.19038, 0.280879, 0.263049, -0.50776, -0.600786, -0.155663
0.7, 0.0319375, 0.613425, 1.12112, 1.60013, -0.131334, 1.4086, 1.22758, 2.89882, 2.69216, 3.3109, 2.23415, 1.55513, 1.32146, 0.972665, 0.717649, 0.914678, 0.79627, 1.49436, 1.05668, 0.215496, 0.395045, 0.0758769, -0.258284, -0.155222, -0.340857, -0.131788, 0.479979, 0.302396, -0.423987, -0.952585, -0.295695
0.72, 0.0319375, -0.277222, 1.27416, 1.30278, -0.155378, 0.5623, 1.36259, 1.97906, 2.47282, 2.55788, 2.2168, 1.67644, 1.25016, 0.817964, 0.738201, 0.43827, 0.915387, 1.42429, 0.67318, 1.1155, 1.22653, 0.780892, 0.022894, -0.111008, 0.00145223, -0.045638, 0.678294, 0.493276, -0.246473, -0.221333, 0.0201861
0.74, 0.0319375, -0.273252, 1.39356, 1.50326, -0.470517, 0.851257, 1.371, 2.42634, 2.67103, 2.71297, 2.17478, 1.62772, 1.44564, 0.927471, 0.82881, 0.161827, 1.19017, 1.05657, 1.02103, 0.818812, 1.09647, 0.530062, -0.133672, -0.212706, 0.0310815, -0.262894, 0.085909, 0.465237, -0.438648, -0.554135, 0.15164
0.76, 0.0319375, 0.081039, 1.23036, 1.45267, -0.0142795, 1.02348, 1.81523, 2.87315, 2.79812, 2.99034, 2.76247, 1.98153, 1.653, 0.951103, 1.48525, 0.954964, 1.47993, 1.97495, 1.6464, 1.11812, 1.03737, 0.460406, 0.00466865, 0.163008, 0.0851777, 0.238594, 0.720933, 0.410074, -0.407048, -0.555962, 0.145973
0.78, 0.0319375, -0.518044, 1.261, 0.983458, 0.104748, 0.73028, 2.0432, 2.27675, 3.02115, 2.86395, 2.82624, 2.30188, 1.53112, 1.45146, 1.37008, 1.07521, 1.69198, 1.90835, 1.81508, 1.46745, 1.30508, 0.830097, 0.540184, 0.295116, 0.084705, 0.475361, 1.04309, 0.887485, -0.0324736, -0.552456, -0.373648
0.8, 0.0319375, -0.905825, 1.17428, 0.880636, 0.135933, 0.846045, 1.97716, 2.21634, 2.91016, 2.7601, 2.95074, 2.32806, 1.47917, 1.30312, 1.29194, 0.864744, 1.48408, 1.88727, 1.71406, 1.54241, 1.16624, 0.907006, 0.375918, 0.345482, 0.583706, 0.712778, 1.14301, 0.934208, -0.0531303, -0.16281, 0.221243
0.82, 0.0319375, -0.521749, 1.2308, 1.27582, 0.0758476, 1.0559, 1.86764, 2.63637, 2.66023, 2.78014, 3.03844, 2.0995, 1.71058, 1.30811, 1.43792, 0.796597, 1.52697, 1.8007, 1.55861, 1.5944, 1.55708, 0.983799, 0.356927, 0.294082, 0.324591, 0.532769, 1.26383, 0.77444, -0.164716, -0.320959, -0.194461
0.84, 0.0319375, -0.778173, 1.33148, 1.00678, 0.0522023, 0.665809, 2.18781, 2.22458, 2.84048, 2.67391, 2.8371, 2.29626, 1.43498, 1.32692, 1.27458, 0.857002, 1.59521, 1.80032, 1.89584, 1.53837, 1.50191, 0.970835, 0.505338, 0.461458, 0.101963, 0.459215, 1.08328, 0.781697, -0.180454, -0.519906, 0.040482
0.86, 0.0319375, -0.834939, 1.25626, 1.15115, 0.162416, 0.792982, 2.07742, 2.44646, 2.77027, 2.68031, 2.9554, 2.27482, 1.48029, 1.36508, 1.45401, 0.799517, 1.4902, 1.77151, 1.75256, 1.51796, 1.25782, 0.832742, 0.413545, 0.133715, 0.122276, 0.487341, 1.01217, 0.739873, -0.424904, -0.446809, -0.337617
0.88, 0.0319375, -0.393791, 1.289, 1.06921, -0.00279041, 0.782599, 2.00204, 2.35003, 2.91794, 2.83192, 2.86684, 2.19688, 1.45109, 1.22992, 1.37628, 0.780224, 1.48482, 1.92885, 1.70864, 1.36121, 1.31434, 0.745247, 0.40423, -0.0451927, 0.0935105, 0.402746, 0.691472, 0.607583, -0.293172, -0.589491, 0.0489101
0.9, 0.0319375, -0.85317, 1.18376, 1.07905, 0.0202513, 0.865277, 1.99952, 2.53165, 2.62473, 2.6759, 2.99559, 2.07205, 1.5361, 1.31115, 1.32014, 0.586291, 1.38754, 1.68493, 1.59446, 1.51381, 1.53241, 0.904819, 0.421005, 0.317056, 0.417827, 0.573209, 0.936288, 0.352226, -0.332543, -0.553635, -0.0472139
0.92, 0.0319375, -1.25847, 1.23057, 0.969899, -0.154273, 0.542725, 2.13046, 2.37759, 2.57412, 2.56723, 2.92067, 1.99993, 1.36611, 1.30578, 1.20712, 0.635799, 1.56097, 1.80387, 1.88093, 1.49837, 1.56973, 1.01577, 0.358903, 0.0807587, 0.182113, 0.598967, 1.03881, 0.640363, -0.194893, -0.296809, 0.293196
0.94, 0.0319375, -1.30077, 1.22059, 1.06068, -0.170471, 0.614779, 2.19901, 2.50101, 2.72138, 2.62444, 2.92548, 2.1101, 1.26031, 1.22981, 1.33836, 0.846106, 1.63955, 1.81473, 1.81752, 1.32907, 1.44627, 0.89251, 0.343483, 0.183466, 0.0104529, 0.284783, 0.720829, 0.443217, -0.239996, -0.526034, -0.0531868
0.96, 0.0319375, -0.960966, 1.19592, 1.05418, -0.139264, 0.587483, 2.02967, 2.52093, 2.71512, 2.6623, 2.88854, 1.96865, 1.31203, 1.16654, 1.40904, 0.594592, 1.54428, 1.81356, 1.58554, 1.22003, 1.4697, 0.754981, 0.508987, 0.252222, 0.129564, 0.434434, 0.972707, 0.638891, -0.104697, -0.335161, 0.141231
0.98, 0.0319375, -1.0448, 1.20206, 0.943578, -0.131824, 0.468826, 2.19408, 2.39906, 2.73733, 2.64845, 2.91355, 1.99707, 1.22591, 1.1451, 0.97958, 0.650309, 1.58271, 1.85318, 1.84882, 1.39897, 1.59308, 1.18044, 0.328645, 0.252388, 0.283648, 0.671757, 1.35338, 0.824709, -0.219939, -0.380414, -0.0868844
1, 0.0319375, -0.294805, 1.04816, 1.38349, -0.21099, 1.04669, 1.9789, 3.02808, 2.67564, 2.87963, 3.00957, 1.94648, 1.59277, 1.08019, 1.6148, 0.741714, 2.08072, 2.08613, 2.01495, 1.60873, 1.80151, 1.20681, 0.670114, 0.557184, 0.602564, 0.848705, 1.37541, 0.662338, -0.242201, -0.157406, 0.0170028
1.02, 0.0319375, -0.0710447, 0.845926, 1.75632, -0.919634, 1.1146, 1.29122, 3.68846, 2.59589, 2.73382, 2.57674, 2.32064, 1.62945, 1.04444, 1.24249, 0.94026, 1.74274, 1.95362, 1.5701, 1.46252, 1.55031, 1.24704, 0.552202, 0.355382, 0.473338, 0.874649, 1.40993, 0.56032, -0.355034, -0.567619, 0.0228943
1.04, 0.0319375, -0.438491, 0.765164, 1.58209, -1.27848, 0.365749, 1.22146, 3.75064, 2.3358, 2.15064, 2.795, 2.26823, 1.27306, 1.36884, 0.815925, 0.836924, 1.74419, 2.02949, 1.86225, 1.04179, 1.28425, 1.01718, 0.608096, 0.326634, 0.497432, 0.852753, 1.43855, 0.59242, -0.473054, -0.301133, 0.0864619
1.06, 0.0319376, -0.388054, 0.752575, 1.6659, -1.07237, 0.887692, 1.28246, 3.75799, 2.52, 2.51104, 2.57348, 2.19265, 1.45965, 0.882567, 1.16275, 0.942787, 1.75308, 1.81614, 1.64081, 0.920891, 1.24512, 1.25722, 0.709051, 0.203336, 0.189004, 0.684461, 0.899447, 0.130543, -0.449224, -0.428058, -0.31956
1.08, 0.0319375, 0.401662, 0.648277, 1.95708, -0.368297, 1.19327, 0.706337, 3.69568, 3.0652, 2.75408, 2.07086, 2.29133, 1.91663, 1.32991, 1.45052, 1.24947, 1.68364, 2.07847, 1.44027, 1.1621, 2.00947, 2.04276, 0.64387, 0.560363, 0.656987, 0.657839, 0.773073, -0.18226, -0.456401, -0.473879, -0.482756
1.1, 0.0319375, 0.826741, 0.508975, 2.19238, 0.16307, 0.569534, 0.991341, 3.36188, 3.77893, 2.9302, 3.19121, 3.60456, 2.27019, 2.10224, 2.21287, 1.38683, 1.93454, 2.11153, 1.36173, 1.46341, 1.52152, 1.78862, 1.70065, 1.77346, 1.24067, 0.964133, 0.970894, 0.0754902, 0.291323, 0.181954, 0.0428585
1.12, 0.0319375, -0.7614, 0.527674, 2.13062, 0.153955, -0.242753, -0.21337, 3.43121, 3.32334, 1.91422, 3.2997, 4.33082, 1.35739, 2.08397, 2.2174, 1.2567, 2.48808, 1.56806, 2.13799, 0.964677, 1.05725, 1.66399, 1.86549, 2.09611, 1.31476, 1.05844, 1.49609, 0.59677, 0.872853, 1.01637, 0.383831
1.14, 0.0319375, -1.8233, 0.335443, 2.20187, 0.319762, -1.71174, -0.702589, 3.2667, 3.64858, 0.103337, 2.72099, 4.42886, 1.51181, 1.59242, 2.34321, 0.452091, 2.71128, 1.07108, 2.0422, 1.04087, 1.47758, 1.62897, 1.65333, 1.97715, 1.40805, 1.23799, 1.2532, 0.457785, 0.547014, 0.749466, 0.361742
1.16, 0.0319375, -1.38825, 0.460983, 2.14901, 0.243188, -1.38923, -0.425316, 3.39958, 3.48483, 0.122805, 3.08779, 4.49415, 1.30278, 1.883, 2.33641, 0.731778, 2.70026, 0.888737, 2.13277, 0.662531, 1.08794, 1.71121, 1.77102, 2.06578, 1.52255, 1.18453, 1.63991, 0.832904, 0.562443, 0.90401, 0.328957
1.18, 0.0319376, -1.05027, 0.318445, 2.19042, 0.7357, -0.902829, -0.393499, 3.0976, 3.67867, 0.398395, 2.62219, 4.51665, 2.04728, 1.46931, 2.53785, 0.542076, 2.82818, 1.54259, 1.7386, 0.611208, 1.41164, 1.91543, 1.97266, 2.21644, 1.48721, 1.73161, 1.60358, 0.745246, 0.719863, 1.03033, 0.519342
1.2, 0.0319375, -0.765752, 0.0769466, 2.2836, 1.13554, -0.774187, -0.116084, 2.76963, 3.99075, 1.1616, 1.16274, 4.21299, 2.85302, 1.26357, 2.81032, 0.685339, 2.4988, 2.0043, 1.41905, 1.13668, 1.62196, 1.43332, 1.78636, 2.30954, 1.61095, 1.97119, 1.88125, 0.81388, 0.710395, 1.22863, 1.12597
1.22, 0.0319375, 0.702643, 0.427736, 2.30926, 0.482833, 0.316716, 0.611228, 2.94388, 3.60774, 2.72694, 2.81889, 4.24365, 2.63822, 2.39159, 2.75585, 1.60415, 2.07123, 2.61304, 1.33988, 1.29711, 1.29241, 1.48305, 1.626, 2.08107, 1.61647, 1.66064, 1.70494, 0.853068, 0.827029, 1.2074, 1.30511
1.24, 0.0319375, 0.904369, 0.154929, 2.40522, 1.13374, -0.0313374, 0.331023, 2.92438, 3.80516, 2.8124, 2.84332, 4.28408, 2.86096, 2.35926, 2.95911, 1.70713, 1.92817, 2.70546, 1.84765, 1.47082, 1.58732, 1.72343, 1.69779, 2.21732, 1.73683, 1.40373, 1.44096, 0.831368, 0.780334, 1.09392, 1.03974
1.26, 0.0319375, 0.419423, 0.393427, 2.50789, 0.936599, -0.484249, -0.160861, 3.04174, 4.00994, 2.26892, 2.38781, 4.26301, 2.68326, 1.98035, 3.12439, 1.20469, 2.13208, 2.05446, 1.39365, 1.02477, 1.86258, 1.56267, 1.50701, 1.48593, 1.63311, 1.58633, 1.37765, 1.12141, 1.0437, 1.29864, 1.2923
1.28, 0.0319375, -0.516958, 0.297399, 2.50969, 1.01135, -0.421414, -0.0865215, 3.13107, 4.04798, 1.96487, 2.45938, 4.33502, 2.53659, 1.92614, 3.1708, 0.968382, 2.23746, 1.70509, 1.46645, 0.938583, 1.86354, 1.52424, 1.72055, 1.72029, 1.58078, 1.70453, 1.50626, 1.14052, 0.900246, 1.39054, 1.45445
1.3, 0.0319376, -1.51352, 0.32301, 2.52162, 0.822109, -1.73293, -0.751634, 3.18871, 3.97644, 0.786415, 1.86612, 4.22436, 2.10817, 1.68705, 2.98594, 0.502961, 1.97784, 1.0299, 0.809436, 0.694532, 2.02224, 1.72093, 1.76508, 1.81668, 1.95617, 1.54921, 1.26145, 0.776075, 0.403058, 1.07963, 1.33144
1.32, 0.0319375, -0.513596, 0.412133, 2.49475, 1.1511, -1.81289, -0.773701, 2.9351, 4.12589, 1.10476, 1.13054, 4.23917, 2.76587, 1.02632, 3.1999, 0.658132, 2.46556, 1.81862, 1.45561, 1.13019, 1.59715, 1.82556, 2.00084, 2.14743, 1.82595, 1.52347, 1.43777, 1.0128, 0.676685, 1.25695, 1.06147
1.34, 0.0319375, -1.09666, 0.165499, 2.55244, 1.3484, -0.885857, -0.0724208, 2.74114, 4.17077, 1.63811, 1.28183, 4.1592, 2.96327, 0.62741, 3.13, 1.06715, 2.54764, 2.04532, 0.985027, 0.755819, 1.51553, 1.84697, 2.18271, 2.1008, 1.46156, 1.65567, 1.70122, 0.954609, 0.784527, 1.36869, 1.19594
1.36, 0.0319375, -1.18264, 0.167536, 2.55293, 1.5704, -0.270322, 0.0672409, 2.29006, 4.15767, 1.65969, 1.41274, 4.0727, 3.26463, 0.358135, 3.19703, 1.42813, 2.48619, 2.25341, 1.14555, 1.3089, 1.73076, 1.76878, 2.52048, 2.06635, 1.85555, 1.65274, 1.47872, 1.08895, 0.886862, 1.23436, 1.2813
1.38, 0.0319375, -0.626156, -0.279477, 2.47478, 1.78818, -1.16709, -0.745654, 2.04756, 4.23665, 2.2867, 1.34002, 3.93587, 3.62217, 0.620106, 3.21745, 2.04439, 2.26229, 2.34463, 1.45364, 1.65599, 2.04894, 2.01201, 2.60987, 2.40534, 2.16365, 1.81832, 1.54433, 1.28732, 0.934528, 1.1363, 1.56091
1.4, 0.0319375, -1.51704, -0.23702, 2.53237, 1.862, -0.328576, 0.0781384, 1.84257, 4.08646, 1.93094, 1.50217, 3.9139, 3.65269, 0.596011, 3.11069, 1.86061, 2.08339, 2.2352, 1.42097, 1.62363, 2.18012, 1.87033, 2.71361, 2.52165, 2.11282, 1.75747, 1.69181, 1.40243, 0.998361, 1.1532, 1.21295
1.42, 0.0319376, -0.974381, 0.0999894, 2.53229, 1.46718, -0.636554, 0.263026, 2.44439, 4.14802, 1.62267, 0.702873, 4.21043, 3.37477, 0.722676, 3.25962, 1.36878, 2.24283, 2.07927, 1.35567, 1.33892, 2.42461, 1.98973, 2.38926, 2.26697, 1.95883, 1.71498, 1.62949, 1.21781, 0.839897, 0.677439, 1.28659
1.44, 0.0319375, -1.34778, 0.154582, 2.56607, 1.5279, -0.809009, 0.108565, 2.47575, 4.11884, 1.6633, 1.29709, 4.10856, 3.13954, 1.12103, 3.29281, 1.18089, 2.11355, 1.88678, 1.05559, 0.922372, 2.43611, 1.88642, 2.09101, 2.02362, 1.72306, 1.83574, 1.69724, 1.10496, 0.948195, 0.895243, 1.32568
1.46, 0.0319375, -0.830837, 0.341688, 2.55958, 1.43379, -0.122454, 0.470029, 2.56403, 4.10883, 2.07843, 1.86774, 3.97761, 2.92386, 1.26279, 3.27073, 1.05317, 1.83583, 1.41696, 0.83041, 0.765036, 2.304, 2.04225, 2.13726, 2.09854, 1.69986, 1.8275, 1.60347, 1.00231, 0.76286, 0.773466, 1.16952
1.48, 0.0319375, -0.358, 0.329781, 2.52487, 1.15554, 0.226561, 0.250886, 2.91634, 4.07886, 2.2954, 2.30721, 4.08168, 2.64146, 1.45917, 3.11102, 0.939907, 1.89649, 1.26675, 0.642076, 0.893328, 2.35195, 1.99802, 2.22802, 1.87426, 1.49523, 1.66246, 1.71832, 1.26812, 0.946374, 0.957047, 1.13949
1.5, 0.0319375, -1.14703, 0.312832, 2.58138, 1.09207, -0.461366, -0.0324401, 3.02117, 4.05579, 1.39833, 1.64725, 4.06137, 2.40798, 1.22639, 2.97001, 0.678658, 1.72488, 0.853517, 0.378443, 0.553925, 2.23728, 1.93862, 1.89045, 1.62009, 1.8877, 1.59491, 1.11718, 0.933572, 0.954736, 0.567968, 0.801312
1.52, 0.0319375, -0.721513, 0.45302, 2.6316, 1.15914, -0.242791, -0.138498, 2.98329, 4.01441, 1.49361, 1.95015, 3.9023, 2.24424, 1.31198, 2.92615, 0.172612, 1.39354, 1.11195, 0.721282, 0.764946, 2.05683, 1.70866, 1.83882, 1.53493, 1.41437, 1.57879, 1.05212, 0.774074, 0.879948, 0.676794, 0.855034
1.54, 0.0319375, -1.38131, 0.429231, 2.6045, 0.919583, -1.14539, -0.0827702, 3.16545, 3.91522, 1.35427, 1.64255, 3.72794, 1.63451, 1.52139, 2.71121, -0.10028, 0.673245, 0.827502, 0.531739, 0.898108, 2.11925, 1.66253, 1.71606, 1.86531, 1.48732, 1.40657, 0.922374, 0.789934, 0.992133, 1.1857, 1.18509
1.56, 0.0319376, -0.944345, 0.481358, 2.59648, 0.965145, -0.735978, -0.0873185, 3.14205, 4.00651, 1.11638, 1.44408, 3.75066, 1.87664, 1.34254, 2.8757, 0.406214, 1.75353, 1.14014, 0.542128, 0.862936, 2.19248, 1.77051, 1.65809, 1.62543, 1.73381, 1.64032, 0.859159, 0.927611, 0.988798, 1.08521, 1.40133
1.58, 0.0319375, -1.41492, 0.394984, 2.5654, 0.860507, -0.613415, -0.489035, 3.28706, 4.03858, 0.903864, 1.77972, 3.82239, 1.65156, 1.47451, 2.86142, -0.20869, 2.23366, 0.999574, 0.523125, 0.58898, 1.8535, 1.72573, 1.80571, 1.8783, 1.26642, 1.17612, 0.981714, 0.959572, 1.02504, 1.0754, 0.602084
1.6, 0.0319375, -1.40611, 0.546778, 2.55203, 0.793152, -0.924321, -0.317787, 3.43002, 3.99649, 1.62406, 2.06955, 3.75982, 1.33999, 1.5957, 2.66405, 0.2097, 1.97943, 0.8312, 0.329528, 0.946913, 1.92717, 1.72104, 1.72154, 1.74924, 1.65519, 1.28102, 0.688101, 0.97866, 0.809696, 1.00994, 0.894626
1.62, 0.0319375, -1.19646, 0.552934, 2.54251, 0.792808, -0.416229, -0.303839, 3.47938, 4.07622, 1.61105, 2.00575, 3.62921, 1.20375, 1.61128, 2.68418, 0.35277, 1.97334, 0.872149, 0.471914, 0.981603, 1.87622, 1.67683, 1.56223, 1.70324, 1.61241, 1.18516, 0.911427, 1.07664, 0.719716, 1.28898, 1.02938
1.64, 0.0319375, -1.05348, 0.75626, 2.50318, 0.524953, -0.754723, -0.121159, 3.68314, 3.80615, 1.60339, 2.17772, 3.40296, 0.443599, 1.85242, 2.36266, 0.134938, 1.86778, 0.399643, 1.17045, 1.25755, 1.75691, 1.80023, 1.41937, 1.54949, 1.38113, 0.743912, 0.798569, 0.885212, 0.497443, 1.08139, 0.879484
1.66, 0.0319375, -1.46447, 1.01973, 2.61269, 0.397225, -1.33744, -0.175611, 3.7259, 3.46991, 0.852825, 2.43364, 3.27852, -0.404998, 2.04908, 2.20481, 0.270737, 1.41897, 0.455078, 1.18143, 1.36277, 1.52663, 1.72491, 1.22054, 1.50323, 1.52799, 0.694334, 0.478851, 0.634661, 0.376132, 0.721465, 0.883105
1.68, 0.0319376, -1.96713, 0.973294, 2.6271, 0.486839, -1.52885, -0.186667, 3.75153, 3.71865, 1.31823, 2.30124, 3.39202, 0.0971717, 1.91078, 2.26049, -0.0336444, 1.76186, 0.207369, 0.364209, 1.01837, 1.42685, 1.74496, 1.13407, 1.28751, 1.46507, 0.290905, 0.306945, 0.302653, 0.430012, 0.723822, 0.979839
1.7, 0.0319375, -1.81904, 0.677063, 2.60628, 0.86591, 0.272748, 0.401606, 3.76983, 3.83486, 2.14163, 2.43051, 3.38058, 0.678946, 1.80916, 2.27396, 1.00052, 1.89458, 0.74051, 0.430405, 0.957934, 1.58049, 1.90912, 1.34664, 1.22141, 1.14885, 0.395753, 0.309389, 0.116204, 0.432638, 0.468225, 1.11414
1.72, 0.0319375, 0.0386904, 0.996449, 2.67637, 0.913553, 0.577742, 0.557438, 3.18195, 3.61295, 2.49048, 2.11178, 1.65733, 0.0727668, -0.0107222, 0.58564, 0.150964, 0.892036, 1.09162, 0.226444, 0.551393, 0.380103, 1.00985, 0.981465, 0.989052, 0.697842, 0.557514, 0.264888, -0.014265, 0.35652, 1.20783, 1.24668
1.74, 0.0319375, -0.939583, 0.974796, 2.08145, -0.0735348, -0.825399, -0.164966, 2.35465, 1.91709, 0.888598, 0.849732, 0.809392, -1.15362, -0.0879295, -0.294765, -0.55075, 0.263875, 0.209706, -0.0268295, 0.466867, 0.915141, 1.12758, 0.506934, 0.402985, 0.416349, 0.169022, 0.288059, 0.0410539, 0.373801, 1.20402, 1.17624
1.76, 0.0319375, -1.52824, 0.00723232, -0.0293329, -2.34729, -2.67849, -1.29327, 0.0487809, 0.27561, -0.800816, -0.364018, -0.95668, -1.73956, -1.5588, -1.14172, -1.60299, -0.872078, -0.43677, -0.614836, -1.04152, -0.305922, 0.48607, 0.067537, -0.234634, -0.853866, -0.935528, -0.640242, -0.926422, -0.504381, 0.27742, 0.523172
1.78, 0.0319375, -1.66247, -2.13784, -1.50826, -3.09083, -3.82004, -3.95399, -0.694221, -0.548156, -1.26654, -1.57667, -1.17623, -3.10767, -2.8648, -2.44609, -2.58153, -2.17204, -2.12484, -2.42612, -2.82363, -2.60397, -1.83145, -1.70697, -2.38871, -3.14769, -2.73872, -2.53521, -2.63655, -2.09039, -1.75928, -1.81655
1.8, 0.0319376, -1.92307, -2.12161, -1.98369, -3.57042, -3.46501, -3.4192, -1.34925, -1.12294, -2.93809, -2.29382, -2.59513, -3.91489, -3.22127, -2.83912, -3.35215, -2.71412, -2.76197, -2.79201, -3.00676, -3.39846, -2.89691, -3.0049, -3.32058, -3.37251, -3.44174, -3.78275, -3.77549, -3.54941, -3.48705, -3.33024
1.82, 0.0319375, -1.34797, -2.30825, -3.00758, -3.08449, -3.04871, -2.49967, -1.6038, -1.0744, -1.14906, -1.89693, -3.17148, -3.4609, -2.67607, -2.62519, -3.2033, -2.39593, -1.8027, -2.33226, -2.29492, -2.12024, -1.88831, -2.38989, -2.41732, -2.95263, -3.0044, -3.06509, -2.84111, -2.79738, -2.614, -2.13597
1.84, 0.0319375, -1.79418, -2.01844, -2.92319, -2.98439, -3.05796, -2.20452, -1.88941, -1.68554, -1.61007, -2.04851, -2.62126, -2.60418, -2.82619, -3.49075, -3.15038, -2.24927, -1.97243, -2.0992, -2.46531, -1.67067, -1.44739, -2.14457, -2.48457, -2.73977, -2.69877, -2.47264, -2.75401, -2.62355, -2.29978, -2.2233
1.86, 0.0319375, -2.25454, -2.27768, -3.84115, -3.44267, -3.06323, -2.72007, -2.60995, -1.66388, -1.39114, -2.11453, -2.08355, -2.40176, -2.24083, -3.08243, -3.0709, -1.86558, -1.31466, -1.53581, -2.12796, -1.62183, -1.83378, -1.8971, -1.9433, -1.96908, -1.9921, -1.78313, -1.98479, -2.09604, -1.86282, -2.02358
1.88, 0.0319375, -1.40577, -2.32973, -2.43412, -3.85515, -2.5738, -2.20405, -1.90227, -1.27317, -1.23598, -1.547, -2.27827, -2.37871, -2.134, -2.43946, -2.41423, -1.67338, -1.05049, -1.7228, -2.08201, -1.54712, -1.76665, -2.31915, -2.13464, -1.75273, -1.73244, -1.77042, -1.82095, -1.66632, -1.39514, -1.40925
1.9, 0.0319375, -1.86887, -2.278, -3.95814, -3.74834, -2.54205, -2.0455, -2.32736, -1.86257, -1.32716, -1.21491, -1.73508, -1.94254, -2.15497, -2.56616, -2.68438, -1.42693, -0.937454, -1.27123, -1.67137, -1.53932, -1.54866, -2.35834, -2.29224, -1.73514, -1.54077, -1.7746, -1.61556, -1.781, -1.41992, -1.63849
1.92, 0.0319376, -1.35063, -2.51149, -3.91652, -4.40309, -2.84402, -2.4675, -1.62484, -1.9237, -1.54893, -1.71559, -2.17463, -2.19131, -2.51509, -2.43254, -2.35467, -1.85096, -1.61302, -2.04779, -2.08183, -1.65187, -1.73089, -2.96414, -2.25732, -1.89727, -1.93041, -1.55347, -1.72122, -1.92354, -1.7248, -1.9383
1.94, 0.0319375, -1.94794, -2.41554, -2.89615, -3.74903, -3.33806, -3.16012, -2.51989, -1.8314, -1.94962, -2.70891, -2.28629, -2.36642, -2.39445, -2.72428, -2.91712, -1.96832, -1.80265, -1.81773, -2.33166, -1.73037, -2.34588, -2.81698, -3.02299, -2.66698, -2.51031, -2.20708, -2.50966, -2.67097, -2.49666, -2.2421
1.96, 0.0319375, -2.52203, -2.82754, -3.72653, -3.52721, -3.15782, -3.33506, -2.85559, -2.35748, -2.57982, -2.83938, -2.97081, -3.45416, -3.4976, -3.22987, -2.98272, -2.52354, -2.19005, -2.74612, -2.8581, -2.78725, -3.22353, -3.56383, -3.37456, -3.51455, -3.71325, -3.38487, -3.34335, -3.43092, -3.54614, -3.18012
1.98, 0.0319376, -1.59959, -1.30439, -2.13187, -3.4681, -3.1659, -3.1336, -2.11498, -1.81065, -1.51834, -2.58256, -3.48823, -4.01933, -3.91836, -3.93035, -3.37913, -2.52004, -1.93334, -2.5927, -3.25927, -2.7736, -2.85462, -3.71086, -3.34912, -3.44496, -3.62198, -3.05313, -2.58308, -2.99633, -3.17444, -2.90108
2, 0.0319376, -1.58482, -2.80618, -2.99936, -3.30321, -2.90218, -2.46059, -2.35553, -1.68421, -1.61632, -3.02142, -2.78458, -3.11463, -3.09878, -2.83587, -3.00488, -1.90776, -1.66326, -2.233, -2.55337, -2.67387, -3.03192, -3.01479, -2.68415, -2.60961, -2.51589, -1.76941, -1.73891, -1.95387, -2.22559, -1.84632
2.02, 0.0319376, -1.66058, -2.00372, -3.65435, -3.76421, -3.41185, -3.21604, -2.01074, -1.9939, -2.10605, -2.60823, -3.55429, -3.79253, -3.1112, -3.29363, -2.96612, -1.97725, -1.85316, -2.37329, -2.722, -2.50336, -3.48516, -3.45929, -3.07458, -2.92582, -2.99518, -2.04772, -2.15043, -2.57478, -2.77665, -2.6597
2.04, 0.0319376, -2.13687, -2.88407, -3.11311, -3.96211, -4.40449, -3.51235, -3.31332, -2.96351, -3.0561, -3.75319, -3.8916, -4.24993, -4.813, -4.23981, -3.60486, -2.72395, -2.90079, -3.06266, -3.83407, -4.01711, -4.15728, -3.98785, -4.24222, -4.27671, -3.84148, -3.36238, -3.50152, -3.83687, -3.71933, -3.70971
2.06, 0.0319376, -2.32774, -2.5223, -3.54794, -4.03206, -3.60922, -3.79151, -4.01092, -3.38911, -3.82668, -3.58616, -3.97847, -4.26368, -4.73239, -4.32762, -4.43239, -4.03744, -3.92119, -4.22531, -4.11503, -4.37713, -3.98024, -4.05465, -4.17248, -3.88541, -4.23138, -3.80484, -3.90544, -3.79239, -3.83841, -3.75148
2.08, 0.0319376, -2.06181, -2.45009, -3.20764, -3.2024, -3.64791, -3.75736, -2.98935, -2.2665, -2.1479, -2.34385, -2.61889, -3.29845, -3.38918, -3.45134, -2.97261, -2.17185, -2.28409, -2.70964, -2.47239, -2.41276, -2.97248, -3.21972, -2.79064, -3.21511, -3.11073, -2.9347, -2.89157, -2.94437, -3.21511, -3.03519
2.1, 0.0319376, -1.8646, -1.76229, -3.13738, -3.54623, -2.92372, -2.96473, -1.92348, -1.11854, -1.35795, -1.3383, -1.44907, -1.47686, -1.75673, -2.19345, -2.32657, -1.36103, -1.35222, -1.74594, -1.26167, -0.519528, -0.09233, -0.718471, -1.07896, -1.1948, -1.31872, -1.09385, -1.10109, -1.167, -0.686589, -0.0929073
2.12, 0.0319376, -0.869861, -1.98035, -3.25774, -2.94208, -2.48682, -2.30474, -2.22592, -1.07549, 0.00279477, 0.518892, -0.552091, -0.801117, -0.631441, -1.2307, -1.28556, -0.683586, -0.589089, -1.26162, -0.917142, 0.106592, 0.39546, 0.468575, 0.344012, -0.792829, -0.86594, -0.803791, -0.62801, -0.356706, 0.171725, 0.680356
2.14, 0.0319374, -1.99607, -2.3131, -3.15674, -4.01931, -2.62593, -1.87586, -1.46392, -1.64942, -0.364446, -0.0265313, -0.862035, -1.57174, -1.51478, -1.81356, -1.63382, -0.578838, 0.0030647, -0.771207, -1.35213, -1.04455, -0.771018, -0.412545, -0.520343, -0.862558, -0.693288, -0.951222, -0.799166, -1.18944, -0.399404, -0.322947
2.16, 0.0319374, -0.659723, -1.3407, -1.92249, -2.04316, -2.52561, -1.80567, -1.57563, -1.62422, -0.567972, 0.121875, -0.651657, -1.68219, -1.50463, -1.56471, -1.64305, -0.650033, -0.286677, -0.985198, -1.29525, -1.04718, -0.75803, -0.575596, -0.458964, -0.641661, -0.549112, -0.68084, -0.945047, -0.807946, -0.714749, -0.387015
2.18, 0.0319374, -1.72386, -1.72029, -2.21709, -2.58453, -2.17159, -1.41157, -1.58839, -0.794516, -0.46201, -0.508463, -1.83369, -2.09843, -2.18105, -2.38345, -1.87003, -1.0811, -0.992122, -1.78235, -2.07264, -1.80737, -1.44433, -1.13423, -1.1145, -1.36268, -1.23626, -1.43762, -1.64008, -1.48444, -0.906666, -0.959827
2.2, 0.0319374, -1.87261, -2.66259, -3.03701, -3.7889, -2.8643, -2.16625, -1.99413, -1.64355, -1.44965, -1.86173, -2.44992, -2.71613, -2.56483, -3.04416, -2.53663, -1.62159, -1.28158, -2.5511, -2.68551, -2.98888, -2.40125, -2.0495, -1.95712, -2.81102, -2.19939, -2.31379, -2.26473, -2.28871, -2.01273, -1.87722
2.22, 0.0319374, -1.83258, -2.97856, -3.57167, -3.84029, -3.57653, -3.03124, -2.2021, -2.81919, -2.4964, -3.01811, -3.84707, -4.00508, -3.87318, -4.12184, -3.72414, -2.85188, -2.55468, -3.5681, -3.58705, -3.72536, -3.85489, -3.42044, -3.21912, -3.61298, -3.89047, -3.78326, -3.69256, -3.70708, -3.41738, -3.07718
2.24, 0.0319376, -2.05058, -2.76952, -3.35822, -4.05922, -3.85486, -4.43217, -4.22885, -3.8225, -3.52243, -3.43556, -3.70705, -4.10251, -3.99843, -4.18558, -4.37136, -4.5177, -4.15271, -3.70748, -3.8209, -3.94642, -3.82521, -2.89457, -3.08817, -3.65479, -3.91295, -3.79584, -3.48553, -3.55465, -3.36842, -3.34165
2.26, 0.0319376, -2.37967, -3.0155, -3.43016, -3.9168, -3.3567, -2.8366, -2.1563, -1.65283, -1.16705, -1.36662, -2.30339, -2.29471, -2.31467, -2.87862, -2.86766, -2.42221, -2.00741, -2.34847, -1.75622, -1.70716, -1.07063, -0.724748, -0.813103, -1.15718, -0.8552, -0.839567, -0.326885, -0.0592446, 0.0649278, -0.610688
2.28, 0.0319376, -1.81701, 0.405151, 1.54709, 0.136042, 0.271884, 0.37231, 2.04158, 1.94232, 0.727322, 0.607753, 0.0254946, -1.26696, -0.970792, -1.25118, -1.38808, -0.102034, -0.629719, -0.45374, -1.33922, -0.426969, -0.265865, -0.306618, -0.773669, -0.641511, 0.108099, 0.337959, 0.192034, 0.588825, 0.397715, 0.164533
2.3, 0.0319376, -3.25629, -0.0205806, 1.24634, -0.286026, -1.81309, -1.20179, 0.979366, 0.907127, -0.607291, -1.23524, -0.971339, -2.28397, -1.94382, -1.80698, -1.9491, -0.410394, -0.34485, -0.843959, -1.15982, -0.435386, -0.337992, -1.26448, -1.19849, -1.12683, -0.184492, 0.216492, 0.306127, 0.323775, 0.252131, 0.114911
2.32, 0.0319376, -1.45983, -2.26182, -1.83861, -2.87913, -2.85483, -2.42318, -1.74249, -1.11379, -0.959431, -2.31032, -2.17437, -2.1404, -2.23556, -3.16285, -2.59051, -1.60954, -1.62972, -2.29468, -2.53696, -1.6888, -1.79062, -2.14697, -2.58383, -2.87243, -2.31002, -2.03359, -2.052, -1.91124, -1.69061, -2.03886
2.34, 0.0319376, -1.0328, -3.07838, -3.46253, -2.97837, -2.62193, -2.21591, -0.951692, -0.943155, -1.0259, -1.68278, -1.95775, -3.13071, -3.38049, -2.13586, -1.94474, -0.990727, -0.800767, -2.10765, -2.90407, -2.46498, -2.0797, -2.18129, -1.80197, -1.80232, -1.69429, -2.31305, -2.21904, -2.03811, -1.85544, -2.02236
2.36, 0.0319376, -1.17161, -2.18747, -2.33611, -2.72275, -2.76302, -1.9034, -1.82461, -0.954605, -0.638565, -1.88799, -2.37599, -3.03136, -2.73443, -2.95763, -2.53852, -1.95978, -1.60563, -2.31771, -3.12002, -2.81936, -2.28295, -1.82621, -1.94737, -2.47894, -2.6499, -2.32024, -2.75374, -2.44741, -1.96303, -2.0005
2.38, 0.0319374, -2.69084, -2.76515, -2.96352, -3.53848, -3.77354, -3.33758, -2.57666, -2.27521, -2.35542, -2.748, -3.47982, -4.18074, -3.75021, -4.03972, -4.35877, -2.94498, -2.70433, -3.76163, -4.28868, -3.87834, -3.6402, -3.57139, -3.31607, -3.72538, -3.78352, -4.00491, -3.75702, -3.71304, -3.64208, -3.59683
2.4, 0.0319374, -1.97921, -2.68644, -4.04273, -3.71508, -3.64663, -3.44331, -3.39422, -2.9989, -3.42852, -4.04036, -4.04742, -4.11329, -4.48831, -4.4208, -3.96898, -3.89462, -4.20264, -4.185, -4.43967, -3.95607, -4.35521, -4.36737, -4.03088, -4.14543, -3.7473, -3.95929, -3.95459, -3.68719, -3.69731, -3.90916
2.42, 0.0319374, -2.4726, -2.69236, -3.92826, -3.90248, -4.04016, -3.91807, -3.61048, -3.59324, -3.57936, -3.81546, -3.83274, -3.81525, -4.24315, -4.28033, -4.62874, -4.26103, -4.00295, -4.82551, -4.37271, -4.44964, -4.03141, -3.56076, -3.55535, -3.90422, -3.62385, -3.71638, -3.78083, -3.74866, -3.47594, -3.43721
2.44, 0.0319374, -1.83966, -2.06962, -1.80269, -2.13174, -1.66469, -1.39916, -1.14926, -0.954656, -1.41688, -1.76119, -2.25767, -2.74251, -2.92125, -3.09576, -2.86855, -2.14188, -1.7973, -2.40676, -2.54582, -2.29193, -1.91498, -1.34454, -1.41178, -1.32386, -1.11334, -0.654897, -0.544663, -0.809687, -0.217365, -0.456378
2.46, 0.0319374, -0.0305944, -0.401358, -1.32396, -0.407188, 0.115326, 0.864409, 2.07932, 1.79682, 0.948739, 0.45028, -0.261282, -0.444258, -0.657954, -1.04596, -1.14824, -0.643875, -0.282598, -0.836683, -1.40351, -1.23583, -1.17906, -1.39798, -1.58531, -1.14014, -0.701827, -0.909023, -1.16516, -0.559563, -0.731471, -1.45536
2.48, 0.0319376, -0.982115, -1.7953, -2.21926, -2.15821, -1.39656, -0.414334, 0.491606, 0.351543, -0.137431, -0.571813, -0.799998, -0.94662, -0.95543, -1.26004, -1.40364, -0.67163, -0.292978, -0.831087, -1.39599, -1.35369, -1.52, -1.96305, -1.76127, -1.72973, -1.42828, -0.503636, -0.692996, -1.28298, -2.05217, -1.66915
2.5, 0.0319376, -1.12214, -1.14146, -1.88101, -1.48277, -1.06469, 0.0639098, 0.323563, 1.08963, 0.457729, -0.0573323, -0.2499, -0.319802, -0.329448, -0.512001, -0.588929, 0.105641, 0.514693, 0.0832688, -0.327744, -0.216021, -0.536921, -0.801862, -0.754865, -1.406, -1.18864, -0.423035, -0.0942537, -0.698338, -0.897124, -0.673196
2.52, 0.0319376, -2.60614, -2.35051, -3.42304, -4.12553, -3.5036, -2.53852, -1.27328, -0.767398, -1.14478, -1.93486, -2.64011, -2.37776, -2.66185, -2.47437, -2.51569, -1.97822, -1.28845, -1.75167, -2.26558, -1.88719, -1.84244, -1.22356, -0.937891, -1.42723, -2.46227, -1.82556, -1.14196, -1.70786, -2.3429, -1.35584
2.54, 0.0319376, -2.11905, -2.8477, -3.52088, -4.27132, -5.15757, -3.49153, -3.11794, -2.80113, -3.0642, -3.53581, -3.80681, -3.28526, -3.21027, -3.72947, -4.34182, -4.11122, -3.5989, -3.5046, -3.57239, -3.79511, -3.93031, -3.64205, -3.84032, -4.18078, -4.28199, -4.04912, -3.55451, -3.82751, -3.69649, -3.71205
2.56, 0.0319376, -2.23754, -2.1062, -2.64067, -3.93366, -4.51919, -3.72205, -3.14207, -3.11904, -4.30694, -4.15236, -4.3475, -3.76596, -4.1661, -4.36521, -4.33833, -4.5066, -4.61158, -4.32245, -4.24827, -4.02606, -3.93421, -4.25147, -4.14667, -4.08793, -4.01239, -3.78856, -3.74001, -3.77793, -3.87543, -4.07066
2.58, 0.0319376, -2.07269, -2.8642, -3.39738, -4.25099, -3.43565, -3.52646, -3.05143, -2.8972, -2.61381, -2.77445, -3.2832, -3.50053, -4.09143, -3.76804, -3.98151, -3.7552, -3.55968, -3.72236, -3.5638, -3.23599, -3.69917, -3.63954, -3.75883, -3.89464, -3.87388, -3.93868, -3.54846, -3.55202, -3.41662, -3.4423
2.6, 0.0319376, -0.365685, 0.0640864, -1.60847, -1.45419, -0.835556, 0.0257161, 0.910436, 0.636399, 1.29341, 1.30293, 0.570411, 0.527313, 0.516142, -0.194944, -0.191465, -0.0912307, 0.666791, 0.527397, 0.354442, 0.611325, 0.00464041, -0.262599, -0.521018, -0.938264, -0.375328, 0.424088, 1.03945, 0.279467, -0.174938, 0.580997
2.62, 0.0319376, -1.28355, -0.0408069, 0.149571, -1.90186, -1.14614, 1.14411, 1.17966, 1.01759, 2.60706, 2.14373, 0.949158, 2.0667, 1.55832, -0.202185, -0.238594, 0.432193, 0.969855, 1.65641, 1.20516, 1.14133, 0.962108, 0.586829, 0.195602, 0.0871309, 0.194449, 1.00387, 1.56456, 0.841038, 0.608553, 0.995908
2.64, 0.0319374, -0.604141, 1.47133, 1.09083, -0.711789, -0.729755, 1.20363, 1.0714, 1.21711, 2.68666, 2.99856, 0.889754, 0.901241, 0.806484, 0.473795, 0.325824, 0.780432, 1.25469, 1.11756, 1.20142, 1.564, 0.709002, 0.206971, 0.243626, -0.102301, -0.263478, 0.401078, 1.29609, 0.548334, 0.146276, 0.429211
2.66, 0.0319374, -1.41501, 1.0279, 0.619686, -1.78147, -1.47038, 0.587725, 0.492873, -0.0771077, 1.86724, 2.55833, -0.176691, 0.880647, 0.59758, 0.167718, 0.0335498, 1.13551, 1.08941, 0.984139, 0.737486, 1.39126, 0.931322, -0.18201, 0.206806, -0.0825106, -0.506119, -0.279362, 0.459654, 0.318217, -0.279201, 0.0618739
2.68, 0.0319374, 0.744701, 1.03758, -0.164948, -0.722412, 0.461357, 1.33708, 1.05354, 1.59487, 1.25514, 1.26414, 0.34379, 0.786758, -0.291345, -0.483371, -0.528801, 0.263171, 0.550156, 0.515173, 0.131977, 0.554686, -0.0861987, -0.690213, -0.502433, -0.322601, -0.552623, -0.17578, 0.841474, 0.069788, -0.513942, -0.386346
2.7, 0.0319374, -0.24888, -0.445561, -1.00954, -1.42908, -0.972185, -0.767237, 0.102394, 0.784224, 0.966105, 0.775828, 0.208563, -0.0734013, -0.0612947, -0.43619, -0.67096, -0.210943, 0.189089, -0.100765, -0.503894, -0.211721, -1.07055, -1.43191, -1.39213, -1.6235, -1.06032, -0.765362, -0.276626, -0.700223, -1.08314, -1.20821
2.72, 0.0319374, 0.494153, 0.361591, -0.302765, -1.11613, -0.338036, 0.140835, 0.454192, 0.572241, 1.45548, 1.7465, 0.439971, 0.0753476, -0.283143, -0.242128, -0.531811, 0.435276, 0.572478, 0.411349, 0.315491, 0.587907, -0.0145274, -0.789434, -0.736767, -0.520539, -0.423983, -0.379375, 0.582458, 0.135047, -0.712011, -0.766178
2.74, 0.0319376, -0.403736, 1.00227, 0.311101, -0.63296, -0.0563393, 1.73516, 1.15101, 1.58657, 3.29763, 2.3098, 0.974732, 1.1595, 0.309355, 1.1443, 0.0109041, 1.13058, 1.26241, 1.27389, 1.02018, 1.08771, 0.645784, -0.0835088, -0.416346, -0.408766, -0.584174, 0.139494, 0.532113, -0.113708, -0.608092, -0.135471
2.76, 0.0319376, 0.874412, 1.4937, 0.965748, -0.316219, 0.375888, 1.50756, 1.86442, 2.20106, 2.73121, 2.43471, 1.33465, 0.459968, -0.0122797, 0.185184, -0.233385, 0.975321, 1.4091, 0.845899, 0.846371, 0.999582, 0.202776, -0.572623, -0.282129, -0.234115, -0.512115, 0.291284, 0.743699, 0.207038, -0.219096, 0.296831
2.78, 0.0319376, 0.615294, 1.13542, 0.35526, -0.490982, -0.145822, 0.79377, 1.57951, 1.62354, 2.97119, 2.31283, 0.846566, 0.397115, 0.167245, 0.676288, -0.139877, 0.978278, 1.29579, 0.854704, 0.571748, 1.20668, 0.408546, -0.437471, -0.437724, -0.379335, -0.547056, -0.341307, 0.447241, 0.31392, -0.248065, -0.0421588
2.8, 0.0319376, -1.24808, 0.446238, 0.200577, -1.52488, -1.35267, 1.01179, 1.01648, 0.447517, 2.17794, 2.48047, -0.440748, -0.486548, -0.287657, -0.00947883, -0.101038, 0.583462, 0.67404, 0.528555, 0.62342, 0.805765, -0.315355, -1.01204, -0.429471, -0.55471, -0.933483, -0.306614, 0.276608, 0.449787, -0.380001, -0.164343
2.82, 0.0319376, -0.827357, 0.800846, 0.369536, -1.72301, -1.71543, 0.300225, 0.812216, -0.0354613, 1.45756, 2.4673, -0.0787079, -0.0502789, 0.388272, -0.106326, 0.183606, 0.841784, 1.25647, 0.0112408, -0.0556127, 0.185876, -0.0185046, -0.641135, -1.00481, -0.73434, -0.560304, -0.272346, 0.417975, 0.184061, -0.064919, -0.10776
2.84, 0.0319376, 0.717219, 1.19612, -1.24572, -1.01805, 1.05969, 0.747856, 0.441373, 0.864585, 1.13911, 1.21149, 1.06116, 0.066377, -0.286576, -0.655204, -0.704501, 0.315502, 0.700707, 0.0862468, 0.043427, 0.65506, -0.31274, -0.761322, -0.823621, -0.935014, -0.811274, -0.672663, 0.0800357, 0.00908857, -0.61398, -0.28703
2.86, 0.0319376, 0.474636, 1.09637, -0.999086, -0.51575, 0.487596, -0.277204, -0.321871, 1.1095, 2.08977, 1.81696, 0.265409, -0.299511, 0.159797, 0.0788973, -0.515634, -0.358014, -0.0124503, -0.285765, -0.143296, 0.160724, -0.272026, -1.28645, -1.24457, -1.31061, -1.40988, -1.23863, -0.243436, -0.475595, -1.14733, -0.804213
2.88, 0.0319374, -0.942059, 0.827597, -0.279617, -1.77448, -0.936908, -0.253213, -0.138141, 1.17957, 2.93882, 0.947614, -0.347182, -0.29779, 0.183452, 0.499094, -0.65725, 0.213488, 0.0793883, -0.191838, -0.105412, 0.14875, -0.947796, -1.35915, -1.24648, -1.28065, -1.27124, -0.727675, -0.0256215, -0.523119, -1.01484, -0.631998
2.9, 0.0319374, 0.491542, 1.58712, 0.0711156, 0.877547, 0.678435, 1.776, 1.33786, 1.90656, 2.24237, 1.7713, 1.03761, -0.246118, 0.0771419, 0.418405, -0.309612, -0.00622135, 0.693724, 0.618446, 0.388641, 0.572012, -0.389149, -1.0946, -0.941608, -0.986886, -0.729218, -0.364742, 0.165177, 0.0114726, -0.440062, -0.50134
2.92, 0.0319374, 0.669491, 1.68691, 0.295321, 0.671895, 0.90209, 1.82447, 1.6915, 2.12362, 2.54504, 1.69147, 0.757149, 0.221165, 0.3664, -0.125797, -0.0941305, -0.235087, 0.740765, 0.549989, 0.61764, 0.82457, 0.145061, -0.931453, -0.591737, -0.60874, -0.943581, -0.751726, -0.0197964, -0.0681548, -0.582337, -0.300223
2.94, 0.0319374, 0.0525868, 1.43055, -0.170848, -0.422374, 0.450048, 1.41102, 0.954041, 1.82253, 2.36806, 1.25495, 0.577196, 0.464356, -0.129356, -0.09259, -0.290774, -0.0864519, 0.274817, 0.260517, 0.0799611, 0.109216, -0.611487, -1.24662, -1.05106, -0.901893, -0.978172, -0.6049, 0.0184876, -0.256994, -1.18413, -0.903779
2.96, 0.0319374, 0.246484, 1.36899, -0.891522, -2.38351, 1.01084, 0.969485, -0.519333, 1.79453, 1.9781, 0.0668092, 0.988299, -0.626016, 0.735195, -0.258577, -0.0429145, 0.127604, 0.477792, 0.569683, 0.389565, 0.54583, 0.0370585, -0.836829, -0.920034, -0.947583, -0.894992, -0.542731, 0.39664, 0.00779622, -0.659329, -0.633471
2.98, 0.0319376, 0.346365, 1.11131, -1.53056, -2.30856, 1.08138, 0.421743, -1.48787, 1.84648, 1.2477, 0.410756, 0.815314, -0.528458, 0.3919, -1.10127, -0.99743, 0.140535, 0.168455, 0.411724, 0.277739, 0.491692, -0.202144, -0.950547, -0.987249, -1.3732, -1.08031, -0.567804, 0.353103, 0.208183, -0.576197, -0.414196
3, 0.0319376, -0.237277, 1.39975, -0.42357, -2.29079, 0.164162, 0.562695, -1.1356, 0.942116, 2.05119, -0.440602, 1.01891, 0.0471311, 0.311566, -0.724822, -0.291415, -0.087669, 0.500848, 0.168115, -0.17483, -0.37129, -0.627463, -1.54541, -1.70327, -1.43078, -1.52167, -1.01275, -0.31115, -0.865415, -1.16725, -0.789348
3.02, 0.0319376, 0.660969, 1.67354, 0.309428, 0.619061, 0.882848, 1.71824, 1.50004, 2.1741, 2.59107, 1.75629, 1.54391, 0.102304, 0.354244, 0.477164, -0.0437539, -0.0334929, 0.602081, 0.168933, 0.240031, 0.630591, -0.14844, -0.848443, -1.58983, -1.48628, -0.944614, -0.907435, -0.300306, -0.198297, -0.46719, -0.609272
3.04, 0.0319376, 1.02958, 1.77121, 0.29312, 0.800368, 1.00907, 1.80051, 2.01486, 2.01421, 2.31963, 2.10601, 1.06245, 0.457436, 0.800698, 0.222007, 0.191833, 0.490959, 0.546444, 0.379729, 0.128619, 0.34176, -0.259371, -1.00508, -1.1281, -1.17268, -0.7825, -0.526064, -0.0453187, 0.142801, -0.875104, -0.52415
3.06, 0.0319376, 0.607886, 1.36768, 0.0744927, -1.23139, 0.00339123, 0.87027, 0.751951, 1.80736, 2.85075, 1.52243, 0.503561, 0.503607, -0.0833358, -0.107866, -0.0396357, 0.435975, 0.614933, 0.100442, 0.276012, 0.568501, -0.242076, -1.14183, -1.31858, -1.22152, -1.10578, -0.715637, -0.14071, -0.0566085, -0.673277, -0.726019
3.08, 0.0319376, -0.0449574, 1.44431, -0.749178, -2.16066, 0.366174, 0.497694, -0.285905, 1.10052, 1.74652, 0.118601, 1.05356, 0.144706, 0.453943, -0.343118, -0.776938, -0.457229, 0.204509, 0.284844, 0.116807, -0.0607864, -0.712507, -1.37191, -1.34655, -1.47651, -1.381, -1.12188, -0.420633, -0.612613, -1.43679, -1.20862
3.1, 0.0319376, 0.478812, 1.15846, -1.48258, -2.42871, 0.950827, 0.349596, -1.25277, 1.6225, 1.30406, -8.70232e-06, 1.03425, -0.784012, 0.809525, -0.935692, -0.754748, -0.131599, -0.140211, 0.00185627, 0.628298, 0.401213, -0.0653674, -0.78553, -0.977304, -1.10037, -0.895284, -0.573276, 0.0949395, -0.0110833, -0.63456, -0.561924
3.12, 0.0319376, 0.954474, 0.617408, -1.80034, -0.0362546, 0.925479, -0.301991, 1.0582, 1.81532, 1.43399, 1.7566, 0.73212, 0.972095, 0.745952, 0.368306, 0.08382, 0.491496, 0.822494, 0.535916, 0.576685, 0.934691, 0.33218, -0.366197, -0.620347, -0.858652, -0.600113, -0.295814, 0.628066, 0.34242, -0.304022, -0.316635
3.14, 0.0319374, 1.17285, -0.400027, -0.741201, -0.168457, 0.249355, 1.19843, 0.756991, 1.23134, 1.72848, 2.02134, 0.887885, 1.17851, 0.290272, 0.366629, -0.0488856, 0.679293, 0.424901, 0.363035, 0.482676, 0.7882, -0.00181727, -0.481997, -0.751362, -0.82718, -0.839627, -0.39275, 0.139486, -0.141561, -0.830706, -0.963844
3.16, 0.0319374, 1.26844, -0.300696, -2.14603, -0.397621, -0.122343, 0.15732, 1.47576, 1.16999, 2.35755, 1.83387, 0.893703, 0.592673, 0.542632, 0.235464, -0.0061152, 0.528886, 1.09916, 0.658832, 0.553373, 0.739622, 0.212598, -0.325425, -0.703596, -1.09313, -1.02942, -0.671428, 0.247019, -0.135114, -0.997732, -0.911837
3.18, 0.0319374, 0.665445, 0.337878, -2.52404, -0.775339, 0.516406, -0.706716, 0.351948, 1.04877, 0.496618, 2.26881, 0.39041, 0.936845, 0.315496, 0.379127, -0.232972, 0.276132, 0.947479, 0.224592, 0.552218, 0.681231, 0.268052, -0.229522, -0.561602, -0.752839, -0.628476, -0.41487, 0.554544, 0.195903, -0.340397, -0.251742
3.2, 0.0319374, 0.871633, -0.842825, -0.517494, 0.000289637, -1.33105, 0.72631, 1.10531, 1.37873, 1.69179, 2.12457, 1.67748, 1.08507, 0.414758, 0.391125, -0.167366, 0.549594, 0.915937, 0.517893, 0.534558, 0.99622, 0.185476, -0.521441, -0.602142, -0.756225, -0.480372, -0.301728, 0.329931, 0.151672, -0.561624, -0.385772
3.22, 0.0319374, 0.912079, -1.71564, -0.204084, -0.461886, -0.558272, 0.535042, -0.0201996, 1.4453, 1.40287, 2.3592, 1.0177, 1.24351, 0.525766, -0.218923, -0.0226854, 0.457007, 0.561368, 0.707411, 0.850921, 1.10301, 0.596927, -0.0115604, -0.354093, -0.447036, -0.312054, -0.0259333, 0.670679, 0.565994, -0.174744, -0.286209
3.24, 0.0319376, 0.41168, 0.239, -2.3291, -1.40399, 0.231567, -1.08447, 0.441064, 1.32711, 1.28299, 2.4089, 1.09714, 1.18629, 0.385584, -0.476805, -0.24005, 0.476472, 0.596492, 0.685775, 0.721878, 0.929726, 0.457578, -0.39297, -0.791946, -0.874724, -0.635598, -0.413924, 0.403082, 0.123123, -0.607887, -0.399635
3.26, 0.0319376, -0.105304, 0.786355, -1.6251, -2.6879, 0.526496, 0.209958, -1.2906, 1.60529, 1.40826, 1.38048, 2.26172, -0.0837918, 0.519903, -1.10185, -0.565139, 0.358845, 0.320868, 0.699692, -0.216319, 0.933405, 0.561845, -0.447714, -0.69693, -0.76484, -0.55573, -0.409315, 0.35197, 0.199167, -0.49372, -0.509993
3.28, 0.0319376, -0.0486616, 1.21147, -0.890948, -2.87191, 0.410173, 0.784858, -2.0006, 1.66445, 2.08321, -0.333255, 2.20558, 0.44455, 0.634001, -0.223541, -0.725159, -0.463232, 0.168706, 0.181976, 0.39778, 0.585761, -0.272495, -0.0974512, -0.959018, -1.0835, -1.03273, -0.506393, 0.0518725, 0.141031, -0.535791, -0.488515
3.3, 0.0319376, 0.0195875, 0.92828, -1.74631, -2.73136, 0.683379, 0.203541, -1.70293, 1.63971, 1.55754, 0.972406, 2.3016, -0.266043, 1.00346, -0.786418, -1.35568, 0.295563, 0.214968, 0.139584, 0.692412, 0.268447, -0.117152, -0.0694298, -0.487141, -0.97085, -0.860888, -0.242758, 0.244325, 0.00982874, -0.311499, -0.0775392
3.32, 0.0319376, -0.0489039, 0.763104, -1.76091, -2.83409, 0.615222, -0.0833194, -1.4097, 1.48915, 0.9217, 1.57819, 2.17842, -0.202203, 0.537532, -0.95452, -1.05995, 0.323641, 0.0886385, 0.279256, -0.080058, 0.593547, 0.318672, -0.492204, -1.06474, -1.19497, -0.977399, -0.612103, 0.244288, -0.0988139, -0.871734, -0.612028
3.34, 0.0319376, 0.017339, 1.20223, -1.19322, -2.10546, 0.516851, 0.628844, -0.764579, 1.65267, 1.72752, 0.574675, 2.19245, -0.0723644, 0.719931, -0.409914, -0.519943, -0.140217, 0.140398, 0.496963, 0.545912, 0.842983, 0.142748, -0.0682624, -1.11889, -0.969845, -0.937794, -0.677446, 0.190579, 0.320886, -0.488241, -0.566614
3.36, 0.0319376, -0.0559817, 0.911229, -1.34023, -1.98757, 0.624703, 0.372, -0.315546, 1.11255, 1.29136, 0.925606, 2.08474, 0.0394777, 0.902926, -0.0711045, -0.699215, 0.148047, 0.416878, 0.347272, 0.544054, 0.784279, -0.0879216, -0.563836, -0.733594, -1.0195, -0.755782, -0.471948, 0.073509, -0.29732, -0.810485, -0.437815
3.38, 0.0319374, 0.0524883, 0.874801, -1.56891, -2.34272, 0.851062, 0.392042, -0.180526, 1.11664, 1.15234, 1.20835, 2.10722, 0.0260443, 0.635971, -0.15287, -0.56833, 0.155639, 0.588742, 0.275002, 0.616083, 0.664564, 0.170294, -0.324354, -0.655774, -1.0837, -1.12574, -0.463048, 0.181526, -0.125642, -0.251845, -0.293242
3.4, 0.0319374, 0.116228, 0.912739, -1.39931, -2.00255, 0.865155, 0.334336, -0.0195138, 1.04846, 1.08298, 1.28803, 2.02816, 0.177601, 0.350112, -0.277053, -0.846831, -0.0835392, 0.683999, 0.487057, 0.662534, 0.707029, 0.0447149, -0.320342, -0.919829, -1.36535, -0.849844, -0.4105, 0.0577023, -0.0680672, -0.348189, -0.516894
3.42, 0.0319374, -0.0421881, 1.03089, -1.14135, -1.70273, 0.736257, 0.365685, -0.218401, 1.27478, 1.33716, 1.28125, 2.14379, 0.322937, 0.314708, 0.0160352, -0.313599, -0.18146, 0.194796, 0.573211, 0.323779, 0.680578, 0.422655, -0.119472, -0.946085, -1.23728, -0.895607, -0.470112, -0.0555665, -0.0840332, -0.399015, -0.587406
3.44, 0.0319374, 0.313587, 0.712572, -1.53115, -1.43551, 0.826428, -0.0981547, -0.441637, 1.42625, 1.25987, 1.88202, 1.97545, 0.651885, 0.467667, -0.0290923, -0.45501, -0.12255, 0.392205, 0.538386, 0.574181, 0.861332, 0.338367, -0.282274, -0.673607, -0.793745, -0.686725, -0.512952, -0.12021, 0.0246088, -0.515676, -0.510935
3.46, 0.0319374, 0.149737, 1.02115, -0.355482, -0.314118, 0.517673, 0.523548, 0.77467, 1.96299, 1.94738, 1.94803, 1.77607, 0.858447, 0.723299, 0.545053, -0.32503, 0.224311, 0.357387, 0.285579, 0.882394, 0.751904, 0.337451, -0.367082, -0.50021, -0.914441, -0.848372, -0.394121, 0.18611, 0.137159, -0.178911, -0.351638
3.48, 0.0319376, 0.782792, 1.35404, 0.0789208, 0.246086, 0.617203, 1.08865, 1.42547, 1.91544, 2.24093, 2.25826, 1.78841, 1.27442, 1.10104, 0.628128, 0.405635, 0.622361, 0.984655, 0.729695, 0.756478, 1.08463, 0.853828, 0.226965, -0.132878, -0.370218, -0.214804, 0.0112426, 0.232389, 0.43367, -0.00378579, -0.179032
3.5, 0.0319376, 0.754964, 1.43667, 0.0632217, 0.347448, 0.859574, 0.737827, 1.56539, 2.25651, 2.33738, 2.10314, 1.6397, 1.15611, 0.972271, 1.00108, 0.376915, 0.619537, 0.90636, 0.171509, 0.642262, 1.05097, 0.77241, 0.194397, -0.10917, -0.371015, -0.321149, 0.144786, 0.618875, 0.668568, 0.0407155, 0.0992636
3.52, 0.0319376, -0.0269014, 1.35955, -0.566115, -0.330045, 0.938738, 1.0338, 1.53847, 1.97494, 2.10452, 1.95438, 1.45977, 1.09442, 0.760379, 0.505912, -0.167264, 0.417793, 0.791349, 0.94581, 0.782337, 1.10592, 0.622522, 0.00846039, -0.224682, -0.519262, -0.446255, -0.101856, 0.448752, 0.264299, 0.036127, 0.198374
3.54, 0.0319376, 0.0462269, 1.1741, -1.25157, -2.33266, 0.987372, 0.618128, -0.805413, 1.21175, 1.28536, 1.0126, 2.01822, -0.162817, 0.349485, -0.517113, -0.0600902, 0.113038, 0.332429, 0.130905, 0.909385, 0.847264, 0.338303, -0.290632, -0.447558, -0.80569, -0.3946, -0.147077, 0.516274, 0.185399, -0.395948, -0.230093
3.56, 0.0319376, -0.227519, 1.21056, -0.950017, -2.56466, 0.706628, 0.83462, -1.75659, 0.737525, 1.08767, -0.0782006, 1.73492, -0.195345, 0.509179, -0.786524, -0.928723, -0.362496, 0.133988, 0.350334, 0.578074, 0.486495, -0.0911781, -0.772186, -0.859939, -1.04022, -1.10052, -1.08233, -0.603672, -0.872626, -1.28641, -1.15511
3.58, 0.0319376, -0.138339, 1.18666, -1.19993, -2.99417, 0.27345, 0.429922, -2.20707, 0.296714, 0.741861, 0.402051, 1.71133, -0.219426, 0.0989083, -0.851408, -1.24818, -0.152891, 0.463973, 0.122699, -0.242279, -0.0637716, -0.276749, -0.772929, -1.06695, -1.07941, -1.18919, -0.985704, -0.610263, -0.861019, -1.22624, -1.47905
3.6, 0.0319376, -0.0608994, 1.02815, -1.34285, -2.56072, 0.343901, 0.0549591, -1.80226, 1.19919, 1.38437, 0.48156, 1.97802, -0.392657, 0.162165, -1.13143, -0.94662, 0.187164, 0.237793, -0.0866673, 0.402496, 0.483147, 0.0784456, -0.840026, -0.990384, -0.889247, -1.10636, -0.65312, -0.329563, -0.663856, -0.954731, -0.691774
3.62, 0.0319376, -0.352457, 1.36232, -0.48857, -3.14711, -0.215978, 0.773021, -0.970494, 1.42592, 2.26982, -0.209811, 1.48719, 0.565614, -0.224092, 0.0595034, -0.271584, -0.115815, 1.13054, -0.0277424, 0.240036, 0.135051, -0.342827, -0.926995, -0.975864, -1.07629, -1.0203, -0.6727, -0.269056, -0.454134, -0.738908, -0.585188
3.64, 0.0319374, -0.0978544, 1.4912, -0.626623, -2.8198, 0.0286329, 0.693275, -1.01806, 0.875156, 1.78506, -0.342862, 1.52542, 0.442304, 0.0487883, -0.188115, -0.613617, -0.397144, 0.431967, 0.0829932, -0.034034, 0.0370673, -0.172483, -0.782632, -0.411444, -1.28131, -0.979305, -0.622751, -0.0851898, -0.141337, -0.827505, -0.841288
3.66, 0.0319374, -0.0128904, 1.31248, -0.854727, -2.998, 0.0714453, 0.199077, -1.44149, 1.04008, 1.58559, -0.036983, 2.02678, 0.193425, -0.0358817, -0.803442, -0.537615, -0.404688, 0.212974, 0.32374, -0.00824918, 0.372025, 0.462307, -0.791961, -1.10109, -1.02793, -0.97606, -0.933076, -0.22695, -0.505908, -0.547839, -0.700307
3.68, 0.0319374, 0.121075, 1.42989, -0.777342, -2.65283, 0.253722, 0.614137, -0.744927, 1.3404, 1.64256, 0.233111, 1.81638, 0.00693557, 0.355254, -0.285776, -0.614647, -0.273639, 0.153001, 0.306622, 0.0629802, 0.190335, 0.0610011, -0.735819, -0.426308, -0.837564, -0.997701, -0.842277, -0.525204, -0.613154, -0.744663, -0.698165
3.7, 0.0319374, 0.617673, 1.50228, -0.154068, 0.261247, 0.68475, 1.08712, 1.32082, 1.5706, 1.79729, 2.04119, 1.30848, 0.940023, 0.668843, 0.203347, -0.0617267, 0.232781, 0.567325, 0.302146, 0.223704, 0.725349, 0.529946, -0.51076, -0.664718, -0.479292, -0.651779, -0.232161, -0.128488, -0.27424, -1.18914, -1.22444
3.72, 0.0319374, 0.83493, 1.40539, 0.0202321, 0.207964, 1.03078, 0.892713, 1.64173, 1.91215, 1.97902, 1.97083, 1.73337, 1.31635, 0.923625, 0.565298, 0.063025, 0.16288, 0.507056, 0.131964, 0.551407, 1.14149, 0.702739, -0.158245, -0.320406, -0.562384, -0.454286, -0.362579, -0.0531922, 0.126176, -0.5857, -0.646679
3.74, 0.0319376, 0.199698, 1.35173, -0.351173, -0.0769272, 0.619227, 0.413309, 1.6491, 1.72449, 1.88913, 1.44099, 1.3544, 0.369314, -0.0485165, 0.245222, 0.255812, 0.435012, 0.849706, 0.0386514, 0.352334, 0.76069, 0.321808, -0.438158, -0.617177, -0.817196, -1.0676, -0.498621, -0.269397, -0.0515749, -0.868397, -0.509881
3.76, 0.0319376, 0.62952, 0.797978, -2.19076, -1.52631, 0.67955, -0.556164, -0.135367, 0.884749, 0.82895, 1.91651, 1.87756, 0.421682, 0.482582, -0.20754, -0.971495, 0.0864455, 0.503325, 0.383507, -0.092424, 0.522945, -0.041907, -0.274463, -0.856387, -1.16877, -1.00073, -0.674785, -0.458302, -0.374337, -1.10336, -1.10303
3.78, 0.0319376, 0.485637, 1.00701, -2.07809, -1.97927, 0.864445, -0.284054, -1.17287, 0.984566, 0.231552, 1.87814, 1.87054, -0.247685, 0.380649, -0.567893, -0.959269, -0.28632, 0.272387, 0.368723, -0.0706314, 0.754658, 0.202158, -0.306744, -0.721081, -1.07308, -0.930091, -1.05285, -0.643451, -0.357837, -1.29288, -1.23953
3.8, 0.0319376, 0.747562, 0.732091, -2.97765, -1.01961, 1.07162, -0.757778, -0.642019, 1.18246, -0.303815, 1.92264, 1.35677, 0.228726, 0.188345, -0.0694835, -0.870805, 0.105053, -0.119672, 0.267029, 0.497833, 0.633638, 0.326872, -0.267978, -0.591419, -0.525829, -0.690782, -0.456529, -0.0755783, -0.107906, -0.802046, -0.750585
3.82, 0.0319376, 0.682217, 0.6772, -2.78429, -0.902165, 0.984023, -1.11103, -0.585111, 0.975979, -0.433354, 2.29216, 1.0049, 0.517708, -0.0101856, 0.331923, -0.592028, -0.275973, -0.23244, -0.459858, 0.196206, 0.525846, 0.0518625, -0.605756, -0.648942, -0.46835, -0.464673, -0.3381, 0.182859, 0.133276, -0.894945, -0.437161
3.84, 0.0319376, 0.858629, 0.247425, -2.90903, -0.48842, 0.501704, -1.38664, -0.242043, -0.0290058, 0.851173, 2.25542, 0.225533, 0.932201, 0.0341164, 0.373726, -0.232978, 0.0990068, 0.574311, 0.223871, 0.435717, 0.899315, 0.495167, -0.228902, -0.905119, -0.846287, -0.59057, -0.172333, 0.197035, 0.250561, -0.322334, -0.0705574
3.86, 0.0319376, 0.564685, 0.0563675, -1.00413, -0.847608, 0.634162, 0.748121, 0.966107, 0.838482, 1.0221, 2.2486, 1.93486, 0.909075, 0.661147, -0.234682, -0.106097, 0.683451, 0.65345, 0.439993, 0.648919, 1.28001, 0.602737, 0.0517376, -0.379119, -0.739887, -0.682057, -0.35307, 0.0943029, -0.0325175, -0.488756, -0.431786
3.88, 0.0319374, 0.561743, 0.640201, -2.83023, -1.54876, 0.800904, -0.642177, -1.18488, -0.137347, -0.204772, 1.97727, 1.4144, 0.552436, 0.437844, -0.189769, -0.470858, 0.164695, 0.419522, 0.0844703, 0.181025, 0.709712, 0.576851, -0.179331, -0.581996, -0.913976, -0.604075, -0.436421, -0.130483, -0.0756671, -0.507341, -0.280953
3.9, 0.0319374, 0.388804, 0.601856, -2.94431, -1.59787, 0.855503, -0.617745, -1.62661, 0.23402, -0.458021, 1.97603, 1.66568, 0.221859, 0.383587, -0.260906, -0.844994, 0.0684282, 0.278525, 0.137569, 0.0712093, 0.799467, 0.123954, 0.0586848, -0.665844, -1.07424, -0.859726, -0.491867, -0.111681, -0.111535, -0.557645, -0.41454
3.92, 0.0319374, 0.458758, 0.652987, -2.85858, -1.76244, 0.675178, -0.740056, -1.13785, 0.746658, -0.203262, 2.06434, 1.6192, 0.20246, 0.375018, -0.616059, -0.978729, 0.0865374, 0.153974, 0.0382593, -0.237492, 0.432989, 0.706389, -0.220905, -0.882703, -0.832511, -0.6941, -0.716352, -0.0861901, -0.279884, -1.00457, -0.602239
3.94, 0.0319374, -0.0639711, 0.788803, -1.97445, -2.99912, 0.492739, -0.125561, -1.51527, 1.47969, 1.04062, 1.1969, 2.12861, -0.571381, 0.4089, -1.54376, -1.65705, 0.067723, -0.23385, -0.155311, 0.439609, 0.82628, 0.298332, -0.870466, -0.812698, -1.09704, -1.17589, -0.856688, -0.530392, -0.473336, -1.03682, -0.457639
3.96, 0.0319374, -0.13953, 0.790252, -1.92142, -3.42345, 0.536221, 0.0610627, -1.40866, 1.70702, 1.3885, 1.14308, 2.36864, -1.00781, 0.378828, -1.60588, -1.39812, -0.0621089, 0.00167016, 0.649531, -0.173935, 0.507114, 0.31212, -0.621367, -1.30589, -1.07477, -0.823666, -0.958087, -0.366845, -0.61584, -0.771996, -0.668998
3.98, 0.0319376, -0.0151053, 0.83814, -1.8974, -3.58198, 0.612133, 0.0277418, -1.73424, 1.50976, 1.08409, 1.29203, 2.35438, -0.66606, 0.561, -1.5151, -1.60663, -0.0937569, -0.0991682, 0.675474, -0.461972, 0.678918, 0.430056, -0.492454, -1.28132, -1.10019, -0.89801, -1.11067, -0.346379, -0.449426, -1.06458, -0.752554
4, 0.0319376, 0.152249, 0.805637, -2.04341, -3.32323, 0.740308, 0.0390033, -1.74189, 1.53258, 1.18825, 1.48211, 2.38428, -0.287401, 0.784006, -1.55136, -1.38073, -0.376662, 0.0846408, 0.841763, 0.1876, 0.500402, 0.345675, -0.285916, -0.900888, -0.97784, -0.714755, -0.580064, -0.195837, 0.0295567, -0.944612, -0.290219
4.02, 0.0319376, -0.221648, 0.916581, -1.34928, -2.00932, 0.60987, 0.299883, -0.86446, 1.75685, 1.50461, 1.48504, 2.39818, 0.03705, 0.363842, -0.779477, -1.11574, 0.310585, 0.273844, 0.5642, 0.239409, 1.06968, 0.709682, -0.729224, -0.84437, -1.07457, -1.16995, -0.697181, -0.258054, -0.139662, -0.591833, -0.374389
4.04, 0.0319376, 0.508046, 1.48809, 0.0168621, 0.0506798, 0.66128, 1.28487, 1.79575, 2.06234, 2.10148, 2.399, 1.9982, 1.20424, 1.09092, 0.670742, 0.527538, 0.768883, 0.739375, 0.255642, 0.374843, 1.01103, 0.564022, 0.0217823, -0.390446, -0.902571, -0.816115, -0.673311, -0.48422, -0.37856, -0.383184, -0.389302
4.06, 0.0319376, 0.862866, 1.57843, -0.0239159, 0.218197, 1.06625, 0.932907, 2.15201, 2.12162, 2.23954, 2.19775, 1.94526, 1.35087, 1.165, 0.860574, 0.515817, 0.644583, 0.925458, 0.6059, 0.753887, 1.09522, 0.680022, 0.0335121, -0.0889382, -0.236793, -0.191703, 0.00541506, 0.269214, 0.191395, 0.0926131, 0.28987
4.08, 0.0319376, 0.712742, 1.34503, -0.467817, -0.0877616, 0.897905, 0.737825, 1.79295, 1.97361, 2.15738, 1.97537, 1.65448, 1.06346, 1.02425, 0.724575, 0.158319, 0.530622, 0.689384, 0.340983, 0.667859, 1.0953, 0.701797, 0.0703081, -0.262045, -0.615059, -0.360871, -0.291315, 0.0851009, 0.0691951, 0.0188303, 0.238907
4.1, 0.0319376, 0.335246, 1.00263, -1.82786, -2.15927, 0.999549, 0.131824, -0.751716, 0.515177, 0.136773, 1.3195, 1.81042, 0.0838282, 0.685102, -0.420054, -0.564358, -0.153951, 0.145225, 0.348066, 0.589162, 0.755278, 0.27325, -0.370849, -0.641548, -0.750166, -0.890544, -0.459414, -0.00337508, -0.154405, -0.380594, -0.015816
4.12, 0.0319376, 0.463865, 1.14596, -1.60259, -1.70801, 1.18712, 0.320635, -0.99673, 1.37418, 0.524292, 1.24518, 1.85149, -0.287995, 0.6204, -0.519831, -0.377493, 0.330474, -0.0192348, 0.148838, 0.832588, 1.07533, 0.580962, -0.329553, -0.63957, -0.623484, -0.40348, -0.0466989, 0.366387, 0.446297, -0.216275, 0.261916
4.14, 0.0319376, 0.952023, 0.486402, -2.19413, -0.362214, 0.786688, -1.11077, 0.427703, 0.907344, 0.724991, 2.13358, 0.482741, 0.831349, -0.0187117, 0.508362, -0.153317, 0.292694, 0.784566, 0.288244, 0.786719, 0.987328, 0.610038, -0.00852429, -0.53644, -0.626951, -0.558096, -0.12396, 0.311378, 0.35035, -0.205612, -0.112914
4.16, 0.0319376, 0.844175, 0.36877, -1.5805, -0.202703, 0.640944, -0.480915, 0.49633, 0.331977, 1.41289, 2.13796, 0.925455, 0.94813, 0.248103, 0.305842, 0.255274, -0.0665619, 0.453208, 0.462869, 0.337438, 1.05046, 0.377513, -0.327052, -0.576084, -0.847724, -1.02934, -0.421335, -0.0625281, 0.0708565, -0.654212, -0.449386
4.18, 0.0319376, 0.157625, 1.28483, -0.886749, -2.47368, 0.733188, 0.924564, -1.45449, 0.638101, 1.34033, 0.482069, 2.09585, 0.559636, 0.540735, -0.47148, -0.306552, -0.498678, 0.0752651, 0.771431, 0.480285, 0.394815, 0.16095, -0.457244, -0.379982, -0.679352, -0.827908, -0.359799, -0.0523528, -0.227478, -0.66542, -0.708718
4.2, 0.0319376, -0.0379481, 1.4377, -0.681969, -2.53244, 0.646432, 1.27541, -0.511427, 1.32065, 2.12472, 0.0807931, 1.91202, 0.922032, -0.0980931, -0.244758, 0.0953499, -0.0725214, 0.481382, 0.449826, 0.488464, 0.826129, 0.164965, -0.389131, -0.615175, -0.762711, -0.938468, -0.508787, 0.208276, -0.0801066, -0.784346, -0.865362
4.22, 0.0319376, 0.269302, 1.33387, -1.09798, -2.92122, 1.20214, 0.927187, -0.617133, 1.56029, 1.5436, 0.245906, 1.61528, -0.432741, 0.620918, -0.328492, 0.436126, 0.27285, 0.494538, -0.0708845, 0.470688, 0.621845, 0.247954, -0.0507162, -0.426888, -0.466276, -0.103408, 0.306635, 0.8259, 0.338642, -0.156597, -0.0900978
4.24, 0.0319376, 0.0370396, 1.43018, -0.813509, -2.33147, 1.25467, 1.35714, -1.57211, 1.49839, 1.92055, -0.199549, 1.59115, -0.260398, 0.0148235, -0.757359, 0.533964, 0.219088, 0.546912, 0.0814999, 0.421321, 0.630941, 0.0987418, -0.239744, -0.123009, -0.289736, -0.123938, 0.208349, 0.609311, 0.227192, -0.183034, -0.00958389
4.26, 0.0319371, -0.396952, 1.6752, 0.107616, -1.73946, 0.433944, 1.65072, 0.0649071, 0.951644, 2.57149, 0.707395, 1.34517, 0.995659, -0.0563877, 0.214119, 0.0948602, 0.249358, 0.791117, 0.562035, 0.539792, 0.393615, 0.158779, -0.231174, -0.275786, -0.695798, -0.740928, -0.112309, 0.41954, -0.267493, -0.948976, -0.733905
4.28, 0.0319371, -0.217755, 1.86944, 0.17252, -0.566693, 0.419024, 1.66788, 1.16804, 1.6038, 2.26766, 1.46075, 1.00227, 0.768537, 0.276149, -0.253273, -0.36475, 0.527787, 0.820302, 0.586635, 0.599663, 0.781256, 0.0973195, -0.570467, -0.675669, -0.577061, -0.539515, -0.242868, 0.239842, -0.371584, -0.852771, -0.52351
4.3, 0.0319371, 0.4214, 1.8741, 0.0101165, 0.165261, 1.19617, 1.72045, 2.02652, 2.22929, 2.66703, 2.31774, 0.905738, 0.843748, 1.08816, 0.643053, -0.123062, 0.224342, 0.708569, 0.646417, 0.502322, 0.580601, 0.383392, -0.180706, -0.645654, -0.693438, -0.475271, 0.326104, 0.869, 0.207904, -0.26995, -0.408662
4.32, 0.0319371, -0.100134, 1.85632, 0.325589, -0.467606, 0.738247, 2.29449, 1.53304, 2.00748, 2.99577, 1.9331, 1.21938, 1.10149, 1.17255, 0.598505, 0.112668, 0.402392, 1.10086, 1.13156, 0.800673, 0.572679, 0.260263, -0.23989, -0.372187, -0.446012, -0.418547, 0.285166, 0.723028, -0.00761588, -0.210342, -0.54583
4.34, 0.0319371, -0.0454258, 1.89916, 0.326668, -0.512768, 1.00656, 2.33343, 1.60811, 2.12077, 3.29684, 2.07831, 1.21249, 1.19144, 1.06251, 0.94699, 0.233041, 0.918625, 1.30315, 1.38914, 1.26522, 0.873182, 0.435785, 0.154666, -0.0138637, -0.332518, -0.0683767, 0.632175, 0.923745, 0.491303, -0.110655, -0.0413547
4.36, 0.0319376, -0.07916, 1.66893, -0.444375, -1.42554, 1.32194, 1.91679, 1.23422, 2.11483, 2.83385, 1.50709, 1.28543, 0.69876, 0.626878, 0.533346, -0.262871, 0.540355, 0.85975, 0.865589, 0.454678, 0.183646, 0.0057349, -0.344056, -0.521295, -0.630683, -0.0780294, 0.701657, 0.913017, 0.313416, -0.182894, 0.145739
4.38, 0.0319376, -0.0862567, 1.70121, -0.253572, -1.45921, 1.24541, 2.05623, 1.26391, 1.96334, 2.88901, 1.25657, 1.08551, 0.781755, 0.57506, 0.416361, -0.339227, 0.341452, 0.90833, 0.747637, 0.384665, 0.00522142, 0.021456, -0.37463, -0.38267, -0.391933, -0.346867, 0.448195, 0.569554, 0.317717, -0.24749, -0.132164
4.4, 0.0319376, -0.160403, 1.75327, -0.00366572, -1.11116, 1.17897, 2.23224, 1.13017, 1.6863, 2.79789, 1.09941, 0.97452, 0.86, 0.404575, -0.0678528, -0.195801, 0.343064, 1.17574, 0.785239, 0.508738, 0.346227, -0.0339394, -0.421942, -0.46717, -0.638583, -0.142399, 0.655732, 0.747266, 0.294066, -0.416269, -0.103681
4.42, 0.0319376, -0.336374, 1.8091, 0.24698, -1.27363, 1.00811, 2.40538, 1.23559, 1.71605, 2.84852, 0.992941, 0.794658, 0.857023, 0.303084, -0.225052, -0.127582, 0.128081, 1.15642, 0.829654, 0.548714, 0.10553, -0.484754, -0.742849, -0.573306, -0.660463, -0.277871, 0.409496, 0.442278, -0.112479, -0.459251, -0.381266
4.44, 0.0319376, -0.340308, 1.89787, 0.342788, -0.929291, 0.941734, 2.52937, 1.25919, 1.75446, 2.76411, 1.06432, 0.728481, 0.860376, 0.197697, -0.330455, -0.164265, 0.415439, 1.05905, 0.881033, 0.441286, 0.440474, -0.226201, -0.787368, -0.956282, -0.824002, -0.152443, 0.678724, 0.757602, -0.118215, -0.482722, -0.390154
4.46, 0.0319376, -0.177135, 1.92557, 0.330065, -1.27738, 0.954057, 2.51346, 1.33904, 1.85136, 2.70455, 1.0665, 0.659787, 0.817815, 0.181523, -0.941277, 0.00227752, 0.555294, 1.01845, 0.820578, 0.402829, 0.417125, -0.326508, -0.811396, -0.938608, -0.939505, -0.392806, 0.494256, 0.587698, -0.092645, -0.643796, -0.550897
4.48, 0.0319376, -0.0257808, 1.8884, -0.00438781, -1.48015, 1.26377, 2.22976, 1.30037, 1.63967, 2.59503, 0.855179, 0.823395, 0.684386, -0.0906689, -0.597295, 0.0612338, 0.401684, 1.08842, 0.633414, 0.493867, 0.351178, -0.249898, -0.628534, -0.79678, -0.827863, -0.279586, 0.484532, 0.611087, -0.139947, -0.725624, -0.385129
4.5, 0.0319376, 0.203482, 1.80317, -0.304134, -0.954979, 1.31538, 1.81239, 1.66665, 2.04484, 2.46682, 1.20878, 0.802451, 0.552914, -0.213998, -0.304805, 0.160026, 0.377479, 0.76784, 0.679354, 0.312164, 0.21066, -0.0774845, -0.51757, -0.841789, -0.93554, -0.508867, 0.605923, 0.759858, 0.0473804, -0.524125, -0.243017
4.52, 0.0319376, 0.0290972, 1.72132, -0.24164, -0.677714, 1.15737, 1.72706, 1.81128, 1.88891, 2.42749, 1.45163, 0.540977, 0.600867, 0.0380307, -0.443876, -0.176107, 0.343114, 0.774327, 0.723682, 0.429873, 0.432153, 0.0851442, -0.545883, -0.778329, -0.984553, -0.672225, 0.0812329, 0.394494, -0.102739, -0.666676, -0.455349
4.54, 0.0319376, 0.330393, 1.8009, 0.019353, 0.126891, 1.12491, 1.71317, 1.88128, 2.12685, 2.56827, 2.03517, 0.657325, 0.467568, 0.739419, 0.433475, -0.251935, -0.0223342, 0.679408, 0.381101, 0.145721, 0.336611, 0.0580379, -0.430501, -0.751868, -0.774325, -0.671853, -0.0729062, 0.198394, -0.534836, -1.08132, -1.10708
4.56, 0.0319376, 0.886567, 1.79328, 0.0938866, -0.287912, 1.02123, 1.81806, 1.51775, 2.376, 2.40752, 2.09203, 1.17524, 0.331135, 0.643185, 0.485702, 0.0952111, 0.36568, 0.710466, 0.149003, -0.0618164, 0.0590649, -0.301559, -0.891202, -1.20246, -1.12734, -1.21371, -0.900609, -0.239136, -0.781464, -1.06829, -0.992705
4.58, 0.0319376, 0.903471, 1.69245, -0.273079, -0.437038, 0.830199, 1.17608, 1.39809, 2.20491, 2.0694, 1.2097, 0.180315, -0.093121, -0.346803, -0.0429511, -0.17945, 0.386876, 0.814749, 0.22866, 0.0936596, 0.528987, -0.253264, -1.06394, -1.06643, -1.11103, -1.20439, -0.994704, -0.177833, -0.418048, -0.983277, -1.08512
4.6, 0.0319376, 0.806417, 1.3882, -0.369005, -0.311587, 0.92815, 0.718834, 1.45787, 1.68373, 1.33993, 0.534884, -0.209578, -0.436404, -0.630968, -0.285804, -0.426787, 0.277479, 0.383234, -0.184031, 0.0110202, 0.271283, -0.381958, -1.22054, -1.22097, -1.29195, -1.44936, -1.50777, -0.597795, -0.631083, -0.909213, -1.14851
4.62, 0.0319376, 0.620655, 1.36128, -1.12586, -1.82982, 0.700212, 0.349659, 0.818949, 1.66058, 1.4055, 0.304728, 0.453407, -1.45269, -0.295069, -0.786035, -0.875971, -0.249064, -0.126973, -0.315881, -0.481482, 0.118295, -0.235232, -1.22434, -1.36308, -1.2154, -1.39956, -1.34872, -0.465434, -0.592724, -1.23789, -1.10601
4.64, 0.0319376, 1.31346, 1.30533, 0.15558, 0.0139699, 0.852208, 0.710575, 1.34311, 1.5263, 1.3386, 1.54256, 0.364622, -0.37912, -0.383681, -0.298922, -0.399485, -0.595148, 0.249485, 0.310721, 0.111525, 0.428367, -0.176432, -1.45363, -1.26744, -1.25943, -1.38989, -0.980411, -0.641268, -0.461414, -1.19537, -1.43715
4.66, 0.0319376, 0.773583, 1.50583, -0.657825, -1.04201, 0.627158, 0.383552, 0.867779, 0.2845, 0.769293, 0.732738, -0.626549, -1.57679, -0.933374, -0.668461, -0.381381, -0.131575, -0.113064, -0.240617, -0.133156, -0.12768, -0.347526, -0.816217, -1.08076, -1.03944, -1.24978, -0.882912, -0.696886, -0.629902, -0.930029, -0.844409
4.68, 0.0319376, 0.804596, 1.4418, -1.32689, -1.81176, 0.716792, 0.110425, -1.17243, 0.202749, 0.24268, -0.637141, -0.649474, -1.69035, -1.13391, -1.36359, -0.762065, -0.284432, 0.0452767, 0.0129767, -0.0976503, 0.195482, -0.286775, -0.868826, -1.34462, -1.41785, -1.1994, -1.1293, -0.768535, -0.860808, -1.31963, -1.0573
4.7, 0.0319376, 0.985, 1.27482, -2.04763, -1.96629, 0.442064, -1.11468, -1.91011, 0.00914906, -0.661331, -0.217854, -1.09738, -2.00025, -1.66591, -1.35909, -0.894899, 0.121564, -0.0500094, -0.321368, -0.892377, -0.0864018, -1.07749, -2.41222, -2.17788, -1.83313, -1.77361, -1.61278, -0.896293, -0.836963, -1.27161, -1.31764
4.72, 0.0319376, 0.867739, 1.1764, -1.94647, -2.38841, 0.0960139, -0.783809, -1.27135, -0.397464, -1.12256, -0.718284, -1.31006, -2.28002, -1.621, -1.75216, -1.50981, -0.311746, -0.365451, -0.777198, -0.908764, -0.603002, -1.36107, -1.90468, -2.01942, -1.98409, -2.29379, -1.87259, -1.25193, -1.34656, -1.39929, -1.39638
4.74, 0.0319376, -0.3622, 1.00326, -0.507444, -2.89632, -1.08668, -0.247475, -2.03814, -2.12599, -0.794577, -1.02241, -1.73862, -1.79685, -1.91844, -1.36073, -1.17462, -0.886775, -1.04477, -1.15466, -0.942519, -0.715086, -1.36672, -2.33016, -2.35591, -2.11149, -2.07997, -2.28719, -1.51532, -1.54642, -1.77652, -1.67819
4.76, 0.0319371, -2.10435, -0.969712, -0.802201, -3.01494, -3.89229, -2.44012, -1.81776, -2.37596, -1.39001, -1.97692, -2.96016, -3.00508, -2.83224, -2.38996, -1.94092, -2.21738, -2.04778, -2.16598, -2.09754, -1.8291, -2.37084, -2.67664, -2.45526, -2.4785, -2.26582, -2.21861, -1.52161, -1.67035, -1.98103, -1.78726
4.78, 0.0319371, -1.71598, -1.68927, -3.50866, -4.51496, -4.57597, -3.94792, -4.53322, -4.38511, -3.21485, -3.01791, -3.87716, -3.91023, -3.38659, -3.19841, -2.92443, -3.24916, -3.62026, -3.44719, -2.87069, -2.58028, -2.88751, -3.11724, -2.86101, -2.80464, -3.05258, -2.44632, -1.60363, -1.86618, -2.34669, -2.26748
4.8, 0.0319371, -2.01352, -1.82697, -3.2295, -4.36974, -4.33057, -3.83651, -4.24867, -4.05874, -3.71524, -4.16946, -4.86953, -5.06263, -3.97554, -3.94805, -3.54751, -3.85745, -3.7277, -3.75432, -3.31468, -3.4206, -3.50938, -3.72669, -3.52411, -3.80815, -3.69556, -3.12296, -3.21861, -2.94477, -3.48313, -3.39811
4.82, 0.0319371, -2.26483, -2.83232, -3.62859, -4.35691, -4.391, -4.14164, -5.13618, -4.64502, -3.83453, -4.29572, -5.02857, -4.5255, -4.37425, -4.37184, -4.26601, -4.11029, -4.29097, -4.86522, -4.35644, -4.22139, -4.25472, -3.90525, -4.38883, -3.81765, -4.18052, -4.02466, -3.92122, -3.9102, -3.56311, -3.71372
4.84, 0.0319371, -1.92657, -1.91116, -3.30473, -4.58652, -3.81412, -4.55356, -5.22237, -4.54263, -4.05156, -4.4757, -4.50137, -3.98788, -4.39422, -4.56927, -4.08341, -4.24064, -4.39809, -4.48972, -4.31714, -4.69793, -4.45096, -4.0327, -4.07227, -3.76215, -3.66943, -3.70371, -3.75468, -4.01175, -3.72546, -3.80974
4.86, 0.0319376, -1.76444, -2.27318, -3.2198, -4.39454, -3.84338, -4.33651, -4.72407, -4.60601, -4.51978, -4.28635, -4.48249, -4.29091, -4.29332, -4.33974, -4.33024, -4.43183, -4.65356, -4.43233, -4.02794, -4.2503, -4.28576, -4.11205, -4.20927, -4.22248, -3.81907, -4.03159, -4.13953, -3.8528, -4.0093, -3.7698
4.88, 0.0319376, -1.61386, -2.10766, -4.19373, -4.13168, -3.58313, -3.96833, -3.47418, -3.86434, -3.91033, -4.12563, -4.92328, -4.33739, -4.41639, -4.52561, -4.21613, -4.04439, -3.75946, -4.39236, -3.78642, -3.78381, -4.51517, -4.35001, -4.11772, -4.57902, -4.50916, -3.9721, -3.87239, -4.26179, -4.25487, -3.97322
4.9, 0.0319376, -1.63514, -2.65215, -3.79676, -4.3222, -3.74975, -4.09621, -4.10776, -4.24426, -3.70329, -3.92198, -4.32323, -4.31045, -4.28761, -4.40096, -3.7309, -3.65774, -3.32571, -3.427, -3.46495, -3.36301, -4.00614, -4.13755, -3.84106, -4.36201, -3.93445, -3.55362, -3.70753, -4.10266, -3.91544, -3.66729
4.92, 0.0319376, -1.72771, -2.93642, -3.31958, -4.22057, -4.40182, -4.61016, -4.31663, -4.04013, -4.08294, -4.20385, -4.40445, -4.47887, -4.47615, -4.57659, -4.55015, -4.0311, -4.10574, -4.05051, -3.7728, -3.84879, -4.2398, -4.01641, -3.98796, -3.84298, -3.89758, -3.96531, -3.96796, -3.83842, -4.03779, -3.5879
4.94, 0.0319376, -1.82176, -2.28542, -3.9197, -4.67099, -3.82618, -3.78237, -4.18538, -3.82043, -4.09204, -4.73134, -4.37122, -4.55235, -4.1812, -4.06881, -4.50961, -4.32962, -4.00311, -4.0701, -4.39927, -3.50654, -3.57381, -3.75698, -3.97724, -4.07069, -4.1568, -3.98425, -3.88046, -3.92674, -3.96693, -3.78632
4.96, 0.0319376, -2.03686, -3.0401, -4.82048, -4.64618, -4.09329, -4.04781, -4.56954, -3.83826, -3.85891, -4.05099, -4.2827, -4.47254, -3.88302, -4.30014, -4.5422, -4.27246, -3.83634, -3.9396, -3.83811, -3.95056, -3.90783, -3.9566, -4.20197, -4.25521, -4.0864, -4.12661, -3.66151, -3.75024, -3.71727, -3.80427
