# Time (seconds), Duration (seconds), f0, f1, f2, f3, f4, f5, f6, f7, f8, f9, f10, f11, f12, f13, f14, f15, f16, f17, f18, f19, f20, f21, f22, f23, f24, f25, f26, f27, f28, f29
0, 0.0319375, 1.43521, 1.45735, 1.17067, 0.971334, 1.70172, 1.51651, 1.93703, 1.66336, 1.84226, 1.38319, 1.65917, 1.74904, 1.7081, 1.87523, 1.91451, 1.66945, 1.62342, 1.59407, 1.54943, 1.56785, 1.56735, 1.66702, 1.66052, 1.5965, 1.83886, 1.65986, 1.61917, 1.88443, 1.90828, 1.64935
0.02, 0.0319375, 1.05308, 1.07437, 1.29904, 1.24292, 1.64656, 1.35428, 1.16933, 1.08607, 1.06333, 1.59151, 2.13087, 1.81429, 1.78597, 2.07593, 1.8263, 1.72019, 1.96346, 1.6961, 1.81908, 1.46312, 1.66912, 1.84637, 1.86073, 1.88778, 1.79553, 1.74643, 1.63014, 1.88124, 2.10828, 1.933
0.04, 0.0319375, 1.40335, 1.13052, 1.27751, 1.11698, 1.55178, 1.46027, 1.61588, 1.66891, 1.97018, 1.80659, 1.41174, 2.0369, 1.40667, 1.33495, 1.88165, 1.4985, 1.28071, 1.45619, 1.32663, 1.32796, 1.59011, 1.90728, 2.01184, 1.37334, 1.58566, 1.73543, 1.44007, 1.64858, 1.93174, 1.7128
0.06, 0.0319375, 1.19175, 1.6572, 1.33161, 1.15708, 1.38959, 1.28175, 0.197049, 1.6452, 2.10516, 1.87336, 2.05794, 2.17357, 1.56969, 1.73547, 2.52843, 1.9566, 1.95945, 1.7799, 1.80289, 1.52021, 1.8394, 1.73297, 1.63106, 1.71555, 1.72468, 1.66643, 1.58638, 2.06742, 1.82344, 1.94915
0.08, 0.0319375, 1.93394, 1.47206, 1.45522, 1.00624, 1.71706, 1.88956, 1.42479, 1.25528, 2.1631, 1.77847, 1.49018, 1.597, 1.63751, 2.14367, 1.83567, 1.80701, 1.85266, 2.05992, 1.9569, 1.65509, 1.31908, 1.5998, 1.76277, 1.72796, 1.88567, 1.92901, 2.00524, 1.9547, 1.8786, 2.38723
0.1, 0.0319375, 1.22357, 1.01388, 0.592091, 0.623654, 0.904834, 1.30369, 1.17664, 1.27411, 1.20714, 1.76261, 1.43231, 1.59226, 1.66716, 1.92805, 1.62297, 1.58837, 1.65753, 1.85408, 2.20288, 1.8097, 1.33423, 1.54205, 1.44491, 1.20739, 1.54866, 1.77353, 1.67428, 1.5068, 1.92941, 1.98045
0.12, 0.0319375, 1.76175, 1.97913, 1.29555, 0.800773, 1.78512, 1.73476, 1.78004, 1.754, 1.54236, 1.78083, 1.56063, 1.11329, 0.873448, 1.48874, 1.39767, 1.33755, 1.40578, 1.65138, 1.89029, 1.38788, 1.90305, 1.72172, 1.5761, 1.87131, 1.42398, 1.66377, 2.12432, 1.88197, 1.92883, 2.21441
0.14, 0.0319375, 0.72388, 1.22521, 0.984179, 0.995289, 0.969103, 1.52362, 1.15742, 1.63555, 2.03449, 1.64292, 1.84951, 1.47427, 1.47226, 1.48379, 1.25872, 1.06856, 1.48419, 1.69008, 1.83048, 1.38339, 1.70321, 1.69186, 1.95155, 1.64418, 1.67731, 1.61121, 1.85671, 1.56485, 1.72513, 1.88863
0.16, 0.0319375, 0.656729, 1.667, 1.54777, 0.477707, 1.00875, 1.66158, 1.53451, 1.23722, 1.07192, 1.17333, 1.62124, 1.07607, 1.4087, 1.72361, 1.56637, 1.4517, 1.49002, 1.66811, 1.41236, 1.00835, 1.18588, 1.55929, 1.5189, 1.61284, 1.54739, 2.02643, 1.83796, 1.8058, 2.08141, 2.0034
0.18, 0.0319375, 1.45651, 1.70011, 1.1915, 0.719962, 1.05672, 1.62205, 1.59733, 1.0084, 1.59994, 1.77662, 1.65004, 1.52526, 1.19317, 1.28008, 1.77821, 1.88405, 1.80128, 1.39099, 1.46547, 1.65031, 1.80174, 1.78985, 1.54393, 1.66658, 1.52893, 1.46879, 1.72429, 1.79334, 1.8635, 1.91269
0.2, 0.0319375, 0.994205, 0.916665, 0.756572, 0.935622, 0.95854, 1.08836, 0.950865, 1.63108, 1.57452, 1.41088, 1.14646, 1.37828, 1.55213, 1.80484, 1.49495, 1.76397, 1.48166, 1.6228, 1.81322, 1.74257, 1.35344, 1.5969, 1.50604, 1.47205, 1.65025, 1.96417, 1.60813, 1.73011, 1.89012, 2.15641
0.22, 0.0319375, 1.09769, 1.75442, 0.990503, 1.10267, 1.93653, 1.63709, 2.08366, 1.8868, 2.04376, 1.40877, 1.09951, 1.17879, 1.32556, 1.52751, 1.87342, 2.02657, 1.64243, 1.76886, 1.60935, 1.34863, 1.43131, 1.44813, 1.54383, 1.63058, 1.56261, 1.93099, 2.11652, 1.94122, 2.00304, 2.11025
0.24, 0.0319375, 1.95362, 2.20407, 1.57145, 0.807896, 1.64495, 2.13265, 2.43377, 2.60758, 2.7434, 1.85278, 1.2153, 1.96134, 1.89056, 1.76371, 1.58676, 1.87268, 1.67814, 1.92843, 1.84623, 1.68861, 1.83372, 1.77161, 1.79972, 1.90175, 1.82064, 1.79464, 2.05828, 2.25505, 1.76001, 1.80531
0.26, 0.0319375, 1.56885, 2.11882, 1.59012, 0.49213, 0.760645, 1.44939, 2.02258, 2.01768, 2.06401, 1.77449, 1.63632, 1.38851, 0.969023, 1.29991, 1.76051, 1.60934, 1.84566, 1.48584, 2.21967, 1.75044, 1.92822, 1.55434, 1.71042, 1.48785, 1.60391, 1.76106, 2.0023, 2.15699, 2.15351, 2.19247
0.28, 0.0319375, 1.23706, 1.82911, 1.24191, 0.238984, 1.1394, 1.16658, 1.62199, 1.6302, 1.23795, 1.53177, 1.83862, 1.84358, 1.4462, 1.89429, 2.2132, 1.38351, 1.60068, 1.44873, 1.53351, 2.12144, 1.31978, 1.40759, 1.69161, 1.76618, 1.83988, 1.72556, 1.56785, 1.86244, 2.15302, 2.15372
0.3, 0.0319375, 1.15407, 1.47012, 1.27451, 1.44946, 1.82968, 1.77453, 1.69746, 1.40015, 2.02843, 2.08453, 1.48581, 1.58454, 1.56708, 1.64638, 1.33611, 2.0206, 2.158, 1.92034, 1.57567, 1.75989, 1.47387, 1.66333, 1.56927, 1.82899, 2.4424, 1.99343, 2.31007, 2.20832, 2.50457, 2.47279
0.32, 0.0319375, 1.78397, 2.0936, 1.44302, 0.967314, 0.82791, 0.965172, 2.29174, 2.45732, 1.75523, 1.30665, 1.85834, 1.62679, 1.77823, 1.50483, 1.72088, 1.69458, 1.84808, 2.06731, 1.74897, 1.81049, 2.03022, 1.9836, 2.11609, 1.99238, 2.21737, 2.38214, 2.44875, 2.20394, 2.23821, 2.23126
0.34, 0.0319375, 1.20526, 2.00016, 1.4107, 0.896102, 1.82526, 1.56295, 0.882313, 1.30192, 1.88591, 1.86811, 2.14828, 1.49928, 1.24319, 1.65016, 1.06659, 1.6762, 1.3168, 1.56497, 1.62983, 1.67026, 1.60026, 1.74307, 1.83405, 1.86436, 1.31936, 1.7449, 2.03595, 2.12429, 1.97653, 2.11838
0.36, 0.0319375, 0.853157, 1.89883, 1.49129, 0.76658, 1.47541, 1.28577, 1.36251, 1.79317, 1.87634, 1.77404, 1.89622, 2.0387, 1.40584, 1.50633, 1.90935, 1.7267, 1.2829, 1.67044, 1.84694, 1.7601, 1.95523, 1.64158, 1.96226, 1.84461, 1.99362, 1.66391, 1.61929, 1.64225, 1.80512, 2.16513
0.38, 0.0319375, 0.465773, 1.15482, 1.19157, 0.906142, 0.9446, 1.00995, 1.40104, 1.57872, 1.38043, 0.922015, 0.740293, 0.945475, 1.31073, 2.21446, 1.58652, 1.07641, 1.41919, 1.55769, 1.93275, 1.57654, 1.64337, 1.67376, 1.63119, 1.59427, 1.65053, 1.81124, 1.60059, 1.98778, 1.85152, 2.02181
0.4, 0.0319375, 1.1729, 1.10852, 1.2338, 0.672581, 0.992609, 1.49974, 1.94909, 1.6605, 1.46516, 1.8428, 1.85454, 1.81284, 2.00427, 1.96368, 2.16969, 2.22651, 1.68693, 1.98738, 2.11379, 1.84413, 1.73925, 1.97232, 1.90237, 1.68793, 1.35932, 2.03349, 2.02754, 1.82078, 1.86347, 1.79387
0.42, 0.0319375, 0.596347, 1.34442, 0.820469, 0.750902, 1.81562, 1.78862, 1.41379, 1.7025, 2.43781, 1.6905, 1.74717, 2.35608, 1.5504, 1.7839, 2.02038, 2.02875, 1.51151, 1.94208, 1.31556, 1.44481, 1.40512, 1.2264, 1.63337, 1.63954, 1.79546, 1.39806, 1.91383, 2.15688, 2.01427, 2.08464
0.44, 0.0319375, 1.44103, 1.35836, 0.917856, 0.973448, 1.25689, 0.633021, 1.88607, 1.51693, 1.62768, 1.53717, 1.35667, 1.25847, 0.731151, 1.4677, 1.65587, 1.66686, 1.44046, 1.77948, 1.68657, 1.33024, 0.925451, 1.44376, 1.80053, 1.75114, 1.50013, 1.63461, 1.55966, 1.70269, 1.76945, 2.03494
0.46, 0.0319375, 0.892111, 1.44909, 0.536984, 0.417889, 1.58935, 1.43742, 1.39531, 1.06107, 1.3413, 1.44903, 1.45462, 1.34175, 1.37035, 1.28861, 1.57334, 1.50345, 1.60796, 1.27947, 1.20864, 1.5239, 1.62855, 1.68455, 1.24482, 1.44469, 1.34028, 1.80562, 1.9758, 1.91887, 1.87056, 1.96684
0.48, 0.0319375, 1.63633, 1.12391, 1.05596, 0.639955, 1.48322, 1.07167, 1.06504, 1.14391, 1.52331, 1.31096, 1.10862, 1.0669, 1.55403, 2.09604, 1.34399, 0.779796, 0.917098, 1.56266, 1.54245, 1.06316, 1.63638, 1.85464, 1.96169, 1.73968, 1.74448, 1.8364, 2.0931, 2.10194, 2.00178, 2.19475
0.5, 0.0319375, 1.00804, 0.772087, 0.816458, 1.07047, 1.02059, 1.68807, 1.57686, 1.11124, 1.69258, 1.35976, 1.24107, 1.29481, 1.61703, 1.2471, 1.90847, 1.60005, 1.44677, 1.63046, 1.30915, 2.00643, 1.99948, 1.66121, 1.4428, 1.56597, 1.60693, 1.60644, 1.88296, 1.99072, 1.90755, 2.29014
0.52, 0.0319375, 1.97705, 1.65988, 1.48888, 0.26946, 1.16095, 0.823557, 1.17825, 1.65291, 1.72848, 1.84652, 1.77036, 1.56776, 1.6335, 1.85893, 1.94777, 1.65394, 1.32341, 1.69674, 2.06004, 1.52413, 1.90605, 1.7151, 1.77009, 2.25193, 2.03386, 1.6893, 2.26912, 2.57333, 2.54295, 2.5517
0.54, 0.0319375, 1.53286, 0.770699, 0.692474, 1.34565, 0.841536, 1.24738, 1.10127, 0.775337, 1.13195, 1.1561, 1.42873, 1.32949, 1.72641, 1.702, 1.76914, 1.3971, 1.8963, 1.70337, 1.16576, 1.12363, 1.67209, 2.06222, 1.7098, 1.68121, 1.95454, 1.92543, 2.1489, 1.96763, 2.26263, 2.30947
0.56, 0.0319375, 1.137, 1.22416, 0.959419, 1.04617, 1.36516, 0.609905, 1.12493, 1.51901, 1.54514, 1.02934, 1.52679, 1.41825, 1.14302, 1.67616, 1.66954, 1.6302, 1.52216, 1.60172, 1.4627, 1.52907, 1.34069, 1.76267, 1.69555, 1.58379, 1.51037, 1.62589, 1.26698, 1.7248, 1.85596, 1.95407
0.58, 0.0319375, 1.07142, 1.71216, 2.00654, 0.710205, 1.15518, 1.03284, 0.953834, 1.64694, 1.86446, 1.51012, 1.48631, 1.52207, 1.98054, 2.07084, 1.98496, 1.47367, 1.72186, 1.77797, 1.56511, 1.62726, 1.53898, 2.07436, 1.7803, 1.80578, 1.64522, 1.72619, 1.90504, 1.95965, 1.78022, 1.9909
0.6, 0.0319375, 0.874616, 1.36973, 0.74526, 0.646912, 0.676898, 1.3298, 0.95025, 1.2848, 1.29778, 1.01616, 1.56635, 1.27234, 1.18725, 1.29899, 0.982185, 1.21674, 1.74961, 1.54425, 1.47046, 1.64517, 1.29863, 1.53357, 1.79287, 1.63501, 1.70772, 1.88217, 1.85231, 2.00785, 1.84407, 1.93707
0.62, 0.0319375, 1.68752, 1.23935, 1.15162, 0.978218, 1.50024, 0.820632, 0.669071, 1.15439, 1.94651, 2.05644, 1.30881, 1.12745, 1.26719, 1.17975, 1.56416, 1.23688, 1.5891, 1.73575, 1.54007, 1.68915, 1.03378, 1.51354, 1.51989, 1.65539, 1.94826, 1.91631, 1.5927, 1.9784, 1.96762, 1.79354
0.64, 0.0319375, 1.39099, 1.17422, 1.05155, 0.289118, 0.878652, 1.26117, 1.71531, 1.45482, 2.2775, 1.58512, 0.765655, 1.28079, 1.58932, 1.93705, 2.04447, 1.82096, 1.32167, 1.82643, 2.06353, 2.08457, 1.96541, 1.8803, 1.61033, 1.75212, 2.04248, 2.09802, 2.18045, 1.93058, 1.61035, 2.20587
0.66, 0.0319375, 1.46406, 1.26497, 1.34234, 0.618479, 1.26562, 1.63741, 0.938503, 1.34993, 1.88432, 2.05596, 1.63514, 1.25581, 1.40225, 1.75867, 1.55458, 1.21243, 1.45743, 1.18601, 1.21851, 1.55288, 2.07674, 1.92226, 1.9036, 1.72865, 1.8329, 1.57601, 1.72703, 1.68445, 1.53419, 2.09791
0.68, 0.0319375, 0.873957, 1.45681, 1.20028, 1.75485, 1.98267, 1.82354, 1.5952, 1.86684, 1.9435, 1.04495, 1.42581, 1.9615, 1.23625, 1.25417, 1.62701, 1.94281, 1.8011, 1.64176, 1.98292, 1.6859, 1.6946, 1.49141, 1.79714, 1.80896, 1.78826, 1.71469, 2.00869, 1.98443, 2.12764, 2.10369
0.7, 0.0319375, 1.25303, 0.79648, 1.20501, 1.09662, 0.672385, 1.63149, 1.48244, 1.75649, 1.95716, 1.64693, 1.53915, 1.30894, 1.65455, 1.47114, 1.86087, 1.61578, 1.45991, 1.68586, 1.6574, 1.66366, 1.95769, 1.93502, 1.75663, 1.69227, 1.84779, 1.9212, 2.07093, 1.73146, 2.00596, 2.11167
0.72, 0.0319375, 1.69655, 0.842763, 0.913827, 1.04557, 0.693447, 1.94711, 2.01045, 1.71206, 1.52435, 1.6805, 1.75958, 1.54096, 0.963084, 1.43548, 1.76048, 1.26951, 1.58351, 1.94736, 1.8766, 1.22723, 1.41185, 1.56032, 1.56058, 1.99713, 1.80874, 1.78511, 1.89859, 1.84637, 1.96843, 1.92119
0.74, 0.0319375, 1.16017, 1.74148, 1.49371, 1.44155, 1.43934, 1.6114, 1.75202, 1.87609, 1.86234, 1.60491, 1.16294, 1.07866, 1.14748, 1.84461, 1.91493, 1.76204, 1.59569, 1.78961, 1.617, 1.50947, 1.51635, 1.79899, 1.51209, 1.20782, 1.64721, 1.96977, 2.0288, 2.01569, 2.05054, 2.12395
0.76, 0.0319375, 0.833872, 1.5493, 1.3274, 0.686904, 1.00005, 0.754126, 1.28927, 1.60363, 1.60801, 1.44492, 1.09227, 1.52772, 1.1448, 1.4358, 1.64831, 1.47492, 1.60593, 1.2539, 1.39582, 1.51285, 1.69442, 1.58041, 1.45726, 1.41101, 1.70935, 1.53187, 1.751, 2.13695, 2.12803, 1.96859
0.78, 0.0319375, 1.19254, 1.41732, 0.765113, 1.20451, 1.5941, 1.33291, 1.63727, 1.1925, 1.35006, 1.51795, 1.43335, 1.74036, 0.73267, 1.42936, 1.46328, 1.74869, 1.72424, 1.40006, 2.13297, 1.51912, 1.54008, 1.63275, 1.99753, 1.70743, 1.98208, 1.5413, 1.98149, 1.81873, 1.77289, 1.92366
0.8, 0.0319375, 1.71478, 1.25754, 1.42846, 0.363538, 1.93664, 1.58396, 1.78658, 2.01134, 2.27554, 1.84148, 1.55114, 1.78551, 1.4008, 2.30352, 2.01066, 1.65768, 1.68628, 1.67897, 1.4301, 1.7198, 1.48666, 1.70451, 1.74094, 1.67838, 1.66594, 1.8373, 2.06278, 2.07222, 1.95246, 1.86284
0.82, 0.0319375, 1.84858, 2.02294, 1.35113, 0.257473, 1.10232, 1.21903, 1.43737, 1.51469, 1.72507, 1.72223, 1.90365, 1.69044, 1.4655, 1.86968, 1.72613, 1.44322, 2.09915, 2.07545, 1.71076, 1.68622, 1.80229, 1.92936, 1.85192, 2.07078, 2.02472, 2.30678, 2.08246, 2.07458, 1.78228, 2.32975
0.84, 0.0319375, 0.423611, 1.15124, 1.48021, 1.19122, 1.00231, 1.4055, 1.85443, 1.88649, 1.60589, 1.35386, 1.49533, 1.23394, 1.44499, 1.5621, 2.17804, 1.93097, 1.69526, 1.93931, 1.7686, 1.46743, 1.51643, 1.48504, 1.75014, 1.55643, 1.74168, 1.71362, 1.79726, 1.97636, 1.8468, 1.98783
0.86, 0.0319375, 0.574706, -0.118508, 0.556999, 1.26696, 1.68851, 1.18971, 1.21169, 1.17506, 1.35229, 1.23127, 1.45667, 1.65126, 1.15393, 1.71085, 1.30432, 1.65181, 1.61887, 1.26067, 1.78568, 2.03718, 1.95357, 1.51991, 1.14116, 1.43259, 1.398, 1.55284, 1.54757, 1.92559, 1.87776, 1.9048
0.88, 0.0319375, 0.860501, 0.44298, 1.12233, 1.08819, 1.14535, 0.770223, 1.33188, 1.57258, 1.08044, 1.12896, 1.32439, 1.31926, 1.24607, 1.67801, 1.69749, 1.69064, 1.45752, 1.80899, 1.40285, 1.08065, 1.30547, 1.56692, 1.48459, 1.42185, 1.60704, 1.73797, 1.83665, 1.86828, 1.92473, 1.81639
0.9, 0.0319375, 0.973896, 1.24163, 1.21015, 1.14077, 1.11322, 1.15302, 1.32393, 1.24689, 1.43728, 0.896497, 1.30331, 1.58217, 1.23527, 1.72958, 1.31632, 1.20138, 1.07291, 1.45089, 1.25108, 1.75268, 1.92828, 1.62418, 1.41334, 1.6568, 1.5063, 1.81854, 1.87458, 1.89154, 2.02426, 2.15531
0.92, 0.0319375, 1.1864, -0.132793, 0.835477, 1.02198, 1.20736, 1.30273, 1.32644, 1.43487, 1.74926, 1.57052, 1.79127, 2.1033, 1.90517, 1.76082, 1.75111, 1.69248, 1.75073, 1.45911, 1.54255, 1.72003, 1.60606, 1.80938, 1.66746, 1.69745, 1.80868, 1.91182, 1.91853, 1.77581, 1.95497, 1.81654
0.94, 0.0319375, 1.1174, -0.00769048, 0.00883503, 0.740946, 1.43733, 1.37824, 1.20197, 1.68698, 1.71252, 1.73544, 1.59593, 1.27436, 1.56781, 1.55091, 1.97823, 1.69566, 2.00973, 2.06041, 1.25875, 1.49121, 1.76615, 1.82009, 1.66445, 1.56229, 1.60262, 1.86832, 1.69001, 1.86822, 1.82784, 2.01455
0.96, 0.0319375, 0.707548, 1.27789, 1.40972, 0.867665, 1.24696, 1.59303, 1.61752, 1.59784, 1.61794, 1.0145, 1.22944, 1.54235, 1.87897, 1.82163, 1.49984, 1.29712, 1.53492, 1.68845, 1.65527, 1.43362, 1.69261, 1.72548, 1.59696, 1.52215, 1.87347, 1.91145, 1.95251, 1.86668, 1.98612, 2.08405
0.98, 0.0319375, 1.50631, 1.44467, 1.67993, 1.17523, 1.68672, 1.27843, 1.39544, 1.56287, 1.55498, 1.36756, 1.35881, 0.941308, 1.28897, 1.62099, 1.96561, 1.71303, 1.51317, 1.95652, 1.91174, 1.92531, 2.01213, 1.47644, 2.08865, 1.8476, 1.47058, 1.57542, 1.86476, 1.86232, 1.81054, 1.83452
1, 0.0319375, 0.94614, 1.03988, 0.977983, 0.841125, 1.57634, 1.71907, 1.84726, 1.69372, 1.74058, 1.38991, 0.793727, 1.43396, 1.13157, 1.18257, 1.33385, 1.82418, 1.77209, 1.52499, 1.85831, 2.01991, 1.51822, 1.73865, 1.60236, 1.26087, 1.62129, 1.73809, 1.5456, 1.65133, 1.63353, 1.83036
1.02, 0.0319375, 1.7327, 1.40029, 1.61965, 1.16184, 1.64616, 1.65545, 1.93515, 1.95739, 1.9764, 2.01436, 2.15763, 1.88712, 1.67145, 1.36511, 1.93361, 1.74567, 1.28953, 1.83962, 1.89367, 1.44407, 1.8129, 1.81713, 1.69669, 1.41698, 1.71009, 1.78318, 1.96153, 2.23415, 1.995, 1.7841
1.04, 0.0319375, 1.72046, 1.06762, 0.879467, 0.258482, 0.507434, 0.679271, 1.40111, 1.73019, 1.63602, 1.56004, 2.09899, 1.10711, 1.82508, 1.23415, 1.3854, 1.78522, 1.80304, 1.50371, 1.81408, 1.7162, 1.68889, 1.73823, 1.51652, 1.73492, 1.86362, 1.8551, 1.99949, 1.61031, 1.72291, 1.88403
1.06, 0.0319376, 0.735076, 0.912025, 1.32372, 1.45075, 1.08854, 1.28059, 1.81283, 1.56091, 2.01636, 2.06824, 1.66591, 1.62549, 1.82583, 1.95387, 1.55517, 1.44648, 1.45717, 1.52427, 1.30429, 1.51609, 1.7516, 1.37809, 1.60311, 1.68922, 1.74978, 1.47726, 1.54208, 1.69674, 1.56305, 1.85037
1.08, 0.0319375, 0.0814894, 0.691801, 0.966363, 0.363615, 1.09821, 1.12778, 1.19809, 1.03973, 1.60506, 1.34704, 1.32996, 1.68744, 1.94385, 1.66778, 1.48679, 1.57397, 1.72779, 1.91415, 1.4224, 1.39921, 1.34769, 1.70646, 1.27066, 1.69866, 1.79602, 2.05515, 1.71824, 2.1271, 2.0338, 1.92829
1.1, 0.0319375, 1.81728, 1.78872, 1.29929, 0.274138, 0.965335, 0.794426, 1.09167, 1.66912, 2.00929, 1.23571, 1.32113, 1.67764, 1.47254, 1.88791, 1.2445, 1.63705, 1.64255, 1.99337, 1.78335, 1.81364, 1.70004, 1.48052, 1.75128, 1.7367, 1.88907, 1.68903, 2.42581, 2.42131, 2.25834, 2.31621
1.12, 0.0319375, 1.01704, 1.35813, 0.69783, 1.20072, 1.21904, 1.39237, 0.936735, 1.16386, 1.89667, 1.40901, 1.49613, 0.892772, 1.39822, 1.80505, 1.42142, 1.75791, 1.69151, 1.58597, 1.89345, 1.76306, 1.68718, 1.36769, 1.89726, 1.79984, 1.69926, 1.85305, 1.87611, 2.13112, 2.0614, 2.13691
1.14, 0.0319375, 0.85109, 1.30668, 1.36782, 0.643001, 0.966728, 0.972578, 1.66608, 1.55882, 0.725214, 1.85008, 1.82232, 2.08746, 1.33555, 1.38444, 1.27473, 1.74526, 1.58308, 1.72946, 1.31036, 1.42947, 1.5388, 1.59117, 1.51664, 1.43381, 1.46905, 1.72057, 1.7395, 1.88014, 1.86153, 1.74869
1.16, 0.0319375, -0.00638396, 0.586856, 0.297721, 0.677419, 0.626863, 0.850709, 1.00672, 1.27874, 1.4794, 1.48032, 1.13124, 1.20559, 1.32567, 1.55487, 1.62596, 1.58124, 1.59382, 1.47364, 1.99103, 1.56231, 1.58396, 1.84136, 1.6553, 1.3435, 1.71902, 1.85763, 1.55017, 1.7669, 1.74987, 1.90278
1.18, 0.0319376, 0.606048, 0.700926, 0.137483, 0.954492, 1.12683, 1.38244, 0.329654, 1.41816, 2.08476, 2.10891, 1.46574, 1.45899, 1.85974, 1.66313, 1.46675, 1.51514, 1.77272, 1.73098, 1.7854, 1.99429, 1.55481, 1.848, 1.88022, 1.73203, 1.71665, 1.79941, 1.90846, 1.64065, 1.91418, 2.16806
1.2, 0.0319375, 0.873345, 1.26103, 0.70253, 1.03371, 1.25725, 1.63043, 1.28067, 1.27917, 1.08633, 1.55748, 1.07081, 1.43133, 1.16574, 1.19566, 0.960435, 1.2913, 1.41646, 1.50061, 1.34689, 1.60375, 1.63394, 1.28454, 1.42928, 1.76006, 1.63858, 1.84156, 2.13983, 2.40146, 2.1728, 2.28381
1.22, 0.0319375, 1.37932, 1.80637, 1.7924, 1.20885, 1.27403, 1.38405, 1.21681, 1.3317, 1.94087, 1.60028, 1.11281, 0.673777, 1.1652, 1.77109, 2.01935, 2.30426, 1.72093, 1.59343, 1.80495, 1.84457, 1.9383, 1.61183, 1.77574, 1.81577, 1.70611, 2.14801, 1.84812, 1.96146, 1.96362, 2.04055
1.24, 0.0319375, 0.962424, 1.10959, 1.04582, 0.469919, 0.941856, 1.09319, 1.76524, 1.52129, 1.68698, 1.80868, 1.2804, 1.53013, 1.4186, 1.48666, 1.58055, 1.66869, 1.97631, 1.70493, 1.78801, 2.02745, 1.88283, 2.00146, 1.90632, 1.74808, 1.83038, 1.78852, 2.09035, 2.0901, 2.40221, 2.60998
1.26, 0.0319375, 1.92955, 1.54074, 1.25513, 0.990351, 1.30436, 1.43046, 1.19291, 1.27374, 1.69757, 1.73862, 1.56475, 1.77731, 1.30334, 1.85544, 1.71427, 1.68186, 1.53857, 2.08225, 1.80615, 1.89154, 1.73369, 1.79339, 1.88403, 1.7156, 1.55133, 1.45198, 1.91447, 1.6701, 1.83996, 2.05234
1.28, 0.0319375, 1.06594, 1.63109, 0.773364, 1.3097, 1.34741, 1.49561, 1.36441, 1.68433, 1.49473, 1.73746, 1.43389, 1.51784, 1.54208, 1.5149, 1.5637, 1.77047, 1.62077, 1.69603, 1.5094, 1.10882, 1.0253, 1.47909, 1.93625, 1.80821, 1.5699, 1.29819, 1.83247, 1.83508, 1.86479, 1.84361
1.3, 0.0319376, 1.69967, 1.40369, 0.267904, 0.768707, 0.539255, 0.96948, 1.56322, 1.84364, 1.92073, 1.35448, 1.36484, 1.3367, 1.12466, 1.33231, 1.27528, 1.22963, 1.35727, 1.67866, 1.70945, 1.62503, 1.63029, 1.28678, 1.38744, 1.77706, 1.87589, 2.07654, 1.93793, 1.97731, 2.23907, 1.92813
1.32, 0.0319375, 1.84225, 2.02724, 1.61916, 1.04707, 1.31155, 1.56527, 1.50795, 1.65439, 1.46793, 1.84929, 1.2192, 1.16853, 1.31302, 1.6707, 1.94059, 2.14883, 1.68359, 1.8661, 1.92347, 2.1326, 2.02842, 1.92837, 1.88751, 1.6885, 1.819, 1.59515, 2.06578, 1.83339, 1.67137, 2.13032
1.34, 0.0319375, 0.903299, 1.68083, 1.28521, -0.0483901, 0.868062, 2.02828, 1.86246, 1.68907, 2.30934, 1.8391, 1.35529, 1.45159, 1.68702, 1.67126, 1.39803, 2.13703, 1.95095, 2.19468, 2.12019, 2.60023, 2.36562, 1.87666, 1.82458, 1.84155, 2.09199, 2.04063, 2.15297, 2.17165, 1.75203, 1.88911
1.36, 0.0319375, 1.58272, 1.0281, 1.70937, 1.00492, 0.845723, 1.29055, 1.38293, 1.7529, 1.64381, 1.67114, 1.84899, 1.32309, 1.57243, 1.76823, 1.45753, 1.55485, 1.84894, 2.00901, 1.9356, 2.0674, 1.59391, 1.57541, 1.67488, 1.77086, 1.84367, 1.65181, 1.62679, 2.24043, 2.01627, 1.92523
1.38, 0.0319375, 0.931664, 1.10502, 1.50381, 0.774216, 1.10019, 1.97685, 1.46304, 1.4746, 1.68691, 1.71792, 1.75259, 1.67452, 1.35964, 1.58776, 1.7426, 1.78837, 1.82231, 1.8959, 1.31357, 2.13133, 2.00927, 1.77667, 1.48994, 1.58035, 1.63551, 1.83631, 1.94872, 2.10465, 2.04641, 2.16198
1.4, 0.0319375, 1.01632, 1.20098, 1.00704, 0.767404, 0.778979, 1.16304, 1.25424, 1.36267, 1.5646, 1.41104, 2.12744, 1.62832, 0.969774, 1.4451, 2.05332, 2.12897, 2.00837, 1.4251, 1.66738, 1.51146, 1.40408, 1.60894, 1.61189, 1.39727, 1.71706, 1.89365, 1.89025, 2.0826, 2.14732, 2.03584
1.42, 0.0319376, 0.543698, 1.22959, 0.768403, 0.687648, 1.35598, 1.24284, 1.38689, 1.45147, 1.68743, 1.68859, 1.54973, 1.38402, 1.32484, 1.49124, 1.87229, 2.23696, 2.1122, 1.197, 1.73896, 1.43456, 1.21174, 1.38773, 1.72229, 1.36207, 1.60555, 1.86034, 1.97159, 1.93684, 1.66811, 1.64662
1.44, 0.0319375, 1.31493, 1.7114, 1.01202, 0.66096, 0.978254, 1.12399, 1.35635, 1.30778, 1.15337, 1.20312, 2.05887, 1.42616, 1.77896, 1.82744, 1.53412, 1.74181, 1.78051, 1.28817, 1.27109, 1.50921, 1.69006, 1.72476, 1.47738, 1.56415, 1.73015, 1.73289, 1.77801, 2.16406, 2.45465, 2.24669
1.46, 0.0319375, 1.32838, 1.58935, 1.11441, 0.706696, 1.22258, 1.65184, 1.05695, 1.41588, 1.82943, 1.97336, 1.55082, 1.14089, 1.16782, 1.16293, 1.42774, 1.5419, 1.25176, 1.47805, 1.80828, 1.62198, 1.68485, 1.8043, 2.00496, 1.99437, 2.13661, 2.09792, 2.05896, 2.17058, 2.15511, 2.13998
1.48, 0.0319375, 0.872652, 1.30544, 0.901176, 0.352314, 1.41244, 1.66738, 1.55215, 0.757743, 1.633, 1.56875, 1.35098, 1.18204, 1.5795, 1.13469, 0.918049, 1.26788, 1.1652, 1.23629, 1.57013, 1.42818, 1.86362, 1.49049, 1.68087, 1.75954, 1.81306, 1.88824, 2.07244, 2.0496, 2.01, 1.80049
1.5, 0.0319375, 1.05299, 1.61892, 1.31545, 0.927464, 1.14524, 1.64702, 1.27682, 0.530103, 1.76274, 1.13014, 1.52883, 1.80839, 1.58798, 1.78398, 1.82208, 1.63933, 1.77518, 1.61082, 1.57782, 1.52666, 1.56185, 2.01535, 1.69147, 1.49122, 1.51808, 1.70903, 1.82565, 1.969, 1.55008, 2.12234
1.52, 0.0319375, 1.11066, 0.571292, 0.934754, 1.17991, 1.52642, 1.55682, 2.0102, 1.57923, 1.70906, 1.84325, 1.45078, 1.17019, 1.47585, 1.92457, 1.97792, 1.53653, 1.58223, 1.70533, 1.65816, 1.37811, 1.6296, 1.71615, 1.9766, 1.41578, 1.58537, 1.91021, 1.88915, 1.69172, 1.97087, 2.26227
1.54, 0.0319375, 1.24926, 1.33284, 1.41276, 1.11443, 1.15485, 1.09989, 1.25947, 1.70432, 1.66238, 1.37843, 1.27296, 1.73749, 1.01962, 1.2827, 1.58231, 1.4064, 1.50515, 1.38769, 1.72278, 1.70049, 1.64125, 1.53927, 1.84331, 1.63947, 1.75105, 1.74294, 1.90014, 1.76013, 2.00169, 2.13811
1.56, 0.0319376, 0.733639, 1.38993, 0.74024, 0.717817, 0.854349, 0.598955, 1.10514, 0.97439, 1.63229, 1.60508, 1.25822, 0.860549, 1.43687, 1.61383, 1.74276, 1.94705, 1.60649, 1.37926, 1.07507, 1.56432, 1.58486, 1.36226, 1.36405, 1.26789, 1.57401, 1.39462, 1.36003, 1.40458, 1.5079, 1.77522
1.58, 0.0319375, 1.33009, 1.4363, 1.12764, 1.11095, 1.69452, 1.13906, 1.39152, 1.39392, 1.6243, 1.0552, 0.774756, 1.34065, 1.02161, 2.00131, 1.67189, 1.34671, 1.72818, 1.69944, 1.75777, 1.57662, 1.35167, 1.13227, 1.72094, 1.68718, 1.37257, 1.6777, 1.92071, 2.04639, 2.00562, 1.91626
1.6, 0.0319375, 1.3469, 1.6081, 1.4666, 0.769766, 1.10866, 1.10501, 0.391067, 1.14344, 1.2268, 1.68783, 1.46264, 1.35002, 0.915776, 1.57251, 1.55251, 1.68046, 1.7644, 1.86105, 1.85542, 1.67564, 1.41288, 1.79586, 1.85989, 1.84868, 2.01649, 1.77072, 1.69733, 1.87318, 2.12218, 1.62361
1.62, 0.0319375, 0.641938, 0.795067, 1.02568, 0.607001, 1.58779, 1.05837, 1.45145, 1.82426, 1.62419, 0.935318, 1.25917, 1.45142, 1.83216, 1.84172, 1.60239, 1.29412, 1.38204, 1.79564, 2.22367, 1.99712, 1.65831, 1.69427, 1.31503, 1.45574, 1.38733, 1.44565, 1.77906, 2.10263, 1.87577, 1.82814
1.64, 0.0319375, 0.632972, 1.34652, 0.829232, 1.09567, 1.00707, 0.908407, 0.509599, 1.41111, 1.63433, 1.56585, 1.47982, 1.13141, 1.7524, 1.54188, 1.74049, 1.54468, 1.28402, 1.72428, 1.3557, 1.38382, 1.42742, 1.59316, 1.6688, 1.92923, 1.52938, 1.67391, 1.62607, 2.06216, 2.34267, 2.03731
1.66, 0.0319375, 1.2284, 1.38357, 1.09105, 0.597442, 1.2518, 1.41709, 1.10205, 1.20005, 1.07821, 1.36277, 1.21184, 0.869716, 1.25128, 1.52867, 1.75435, 1.47622, 1.7137, 1.31447, 1.30015, 1.21092, 1.32296, 1.69014, 1.73973, 1.38206, 1.3618, 1.85003, 1.82059, 1.80722, 2.08166, 2.03273
1.68, 0.0319376, 1.72251, 1.33079, 1.44966, 0.581917, 0.672404, 0.859556, 1.16423, 1.43055, 1.62649, 1.6201, 1.57863, 1.0916, 1.1343, 0.999775, 1.13338, 1.24626, 1.23928, 1.66036, 1.3424, 1.70805, 1.70638, 1.57639, 1.65114, 1.49492, 1.65647, 1.8764, 1.77152, 1.6012, 1.86783, 2.16985
1.7, 0.0319375, 1.26968, 1.29076, 1.30193, 1.33779, 1.13879, 1.2174, 1.32552, 1.55046, 1.89092, 1.65202, 1.12935, 1.13661, 1.67831, 1.42122, 1.6226, 1.54748, 1.64159, 1.55901, 1.74698, 1.52677, 1.66735, 1.71705, 1.61995, 1.87133, 1.64537, 1.87387, 1.92878, 2.01975, 1.73511, 1.94584
1.72, 0.0319375, 0.614337, 0.167673, 0.584386, 1.0113, 1.29025, 0.97946, 0.968926, 1.05459, 1.2119, 1.78577, 1.62915, 1.16369, 1.16884, 1.44285, 1.94314, 0.993013, 1.63121, 1.35383, 1.84896, 1.83229, 1.93007, 1.81045, 1.84341, 1.79944, 2.04642, 1.96045, 1.59871, 1.74315, 1.86888, 2.01051
1.74, 0.0319375, 0.819021, 1.37899, 0.867732, 1.24225, 1.40817, 1.75101, 1.60938, 1.30159, 1.12611, 1.09619, 1.19813, 1.57085, 1.99193, 1.57794, 1.97248, 1.29422, 1.43775, 1.67199, 1.36254, 1.4491, 1.61606, 1.54707, 1.93285, 1.59187, 1.7539, 1.56518, 1.80161, 1.9696, 2.03095, 1.85916
1.76, 0.0319375, 0.440261, 0.904895, 0.412881, 1.03618, 1.51465, 1.33919, 1.99702, 1.80454, 2.2038, 2.13931, 1.46163, 1.74131, 1.65926, 1.61835, 1.77036, 1.23302, 1.76373, 1.91786, 1.69654, 1.36615, 1.33355, 1.79239, 1.73422, 1.65737, 1.77844, 1.87764, 2.15182, 2.06813, 1.79244, 2.22292
1.78, 0.0319375, 1.68397, 1.61141, 1.18518, 1.28921, 1.33526, 0.534195, 0.48194, 1.40697, 1.60945, 1.25986, 1.27757, 1.66244, 1.55909, 1.67577, 1.93842, 1.88345, 1.50938, 1.77201, 1.44243, 1.51875, 1.66237, 1.48469, 1.74273, 1.65944, 1.96334, 1.71814, 1.74828, 1.86922, 1.80261, 1.94301
1.8, 0.0319376, 1.70361, 1.50505, 0.557104, 0.980285, 1.29496, 1.79311, 2.09664, 1.95706, 1.39836, 1.06569, 1.77002, 1.58825, 1.22629, 1.30372, 1.76626, 1.50068, 1.73233, 1.83027, 1.99235, 1.43297, 1.89815, 1.96228, 1.74574, 1.73531, 1.68557, 1.72074, 1.78115, 1.67157, 1.82706, 1.92087
1.82, 0.0319375, 1.22472, 1.41528, 1.18303, 0.975995, 1.25365, 0.714129, 1.80759, 1.33415, 1.50953, 1.68558, 1.32118, 1.28702, 0.50413, 1.37345, 1.6823, 1.52207, 1.24165, 1.38342, 1.64454, 1.58344, 1.61834, 1.82754, 1.74125, 1.592, 1.45597, 1.38939, 1.92972, 1.69974, 1.95355, 2.37252
1.84, 0.0319375, 0.957422, 1.67473, 1.63281, 1.24189, 0.935673, 0.368503, 1.15999, 1.35508, 1.80461, 0.990379, 0.864634, 1.71653, 1.324, 1.40246, 1.28824, 1.42558, 1.73015, 1.83076, 1.74495, 1.35844, 1.62812, 1.97487, 1.54817, 1.89928, 1.84227, 2.1125, 1.92966, 1.46521, 2.004, 2.028
1.86, 0.0319375, 1.26537, 0.878584, 1.28605, 0.999455, -0.165161, 0.426077, 1.21451, 1.21779, 1.70228, 1.22396, 0.888394, 0.948942, 1.02818, 1.30051, 1.82244, 1.35159, 1.43728, 1.20967, 1.2046, 1.06802, 1.56038, 1.40601, 1.25266, 1.62449, 1.60651, 2.00521, 1.97971, 1.98942, 1.77029, 2.14005
1.88, 0.0319375, 1.24322, 1.33587, 1.19502, 1.36885, 1.26737, 0.996526, 1.86585, 2.20462, 2.24079, 1.22989, 1.27547, 1.4553, 1.29239, 1.81896, 1.67795, 1.76454, 1.20862, 1.70924, 1.56066, 1.7759, 1.79086, 2.03582, 1.52979, 1.02079, 1.57916, 1.44553, 1.64769, 1.82896, 2.08687, 2.17285
1.9, 0.0319375, 0.409862, 1.43154, 1.1894, 0.563873, 1.33198, 1.3969, 1.37288, 2.23421, 2.32405, 1.18179, 1.37175, 1.96162, 1.53626, 2.02746, 2.0419, 2.04382, 2.05864, 1.56645, 2.03456, 2.01988, 1.56491, 1.75414, 1.99493, 1.91386, 1.68512, 1.83863, 1.92229, 2.12712, 2.20143, 2.29932
1.92, 0.0319376, 0.804832, 0.644894, 0.578462, 0.0514622, 0.478411, 0.713591, 0.991562, 1.17305, 1.28344, 1.77939, 1.48601, 1.75538, 2.06656, 1.71034, 1.47835, 1.72906, 1.59276, 2.09577, 1.88927, 1.5153, 1.43048, 1.62403, 1.93611, 1.71313, 1.82982, 1.83692, 1.97553, 2.08053, 2.21228, 2.03303
1.94, 0.0319375, 0.802894, 1.71503, 1.49722, 1.42505, 0.871592, 1.23618, 1.93353, 1.42526, 1.65063, 1.32069, 1.44341, 1.40305, 1.68513, 1.61518, 1.00809, 0.818489, 1.53477, 0.95655, 1.6341, 1.80964, 1.7059, 1.56038, 1.50467, 1.49208, 1.63554, 1.67041, 1.63731, 1.67233, 1.52737, 1.88281
1.96, 0.0319375, 1.13392, 1.46418, 1.25571, 0.793968, 1.36635, 1.34199, 1.03011, 1.18426, 0.90381, 1.55806, 1.38101, 1.11901, 1.21511, 1.23838, 1.39574, 1.89795, 1.38388, 1.7113, 1.793, 1.93886, 2.00695, 1.75199, 1.67706, 1.76306, 1.80058, 1.79179, 1.66167, 1.76517, 1.77141, 2.01046
1.98, 0.0319376, 1.43557, 1.10889, 1.03436, 1.00667, 1.21504, 1.30243, 0.735467, 1.43254, 1.73501, 1.91554, 1.43728, 1.22605, 1.24044, 1.21812, 1.12086, 1.29031, 1.47293, 1.67599, 1.56068, 1.69605, 1.62667, 1.88339, 1.68887, 1.46098, 1.96492, 1.63832, 1.42575, 1.7274, 2.03619, 2.09132
2, 0.0319376, 1.69504, 1.76816, 1.21786, 1.42134, 1.02686, 1.61631, 1.68186, 1.75222, 1.84735, 1.83007, 1.6876, 1.1882, 1.38421, 2.06284, 1.78865, 1.58366, 1.99437, 2.25218, 1.49315, 1.68462, 1.79655, 1.84068, 1.95315, 2.01612, 2.07187, 1.73379, 1.96056, 1.84292, 2.01473, 2.17728
2.02, 0.0319376, 1.07436, 1.43609, 1.59144, 1.07684, 1.59116, 1.04629, 0.837702, 0.959595, 1.5531, 0.392711, 1.08432, 1.64499, 1.18367, 1.41883, 1.788, 1.39682, 1.77944, 1.6713, 1.61355, 1.607, 1.90359, 1.78889, 1.49307, 1.76261, 1.88088, 1.89703, 1.63459, 1.52782, 1.76318, 1.82726
2.04, 0.0319376, 1.79109, 1.44139, 0.818012, 0.654168, 0.269467, 1.00707, 0.895637, 1.05591, 1.88241, 1.63888, 1.99093, 1.97993, 1.85485, 1.73405, 2.00739, 1.63311, 1.87945, 1.80044, 1.69001, 1.5231, 1.27845, 1.56921, 1.28769, 1.88676, 1.50998, 1.8101, 1.69977, 1.61804, 1.7822, 2.04542
2.06, 0.0319376, 1.40143, 1.22951, 0.899469, 0.727737, 1.2359, 1.56285, 1.65095, 2.01971, 2.18389, 1.82795, 1.87258, 1.71368, 1.2364, 1.6622, 1.67447, 1.49124, 1.65713, 1.81423, 1.75584, 1.80685, 1.73457, 1.44216, 1.73713, 2.14127, 2.27083, 2.21552, 2.27574, 2.17344, 1.91536, 2.3239
2.08, 0.0319376, 1.31784, 0.902523, 0.882681, 0.855664, 0.968057, 1.34443, 1.42049, 1.6853, 1.21859, 1.35529, 1.81942, 1.76703, 1.18087, 2.02938, 2.20859, 1.51151, 1.4034, 1.88055, 1.35116, 1.57259, 2.02432, 1.43722, 1.44949, 1.47207, 1.84324, 1.68121, 1.85736, 1.84024, 2.00729, 1.98061
2.1, 0.0319376, 0.888435, 0.82106, 1.40737, 0.980859, 0.892013, 1.18413, 1.5378, 1.06318, 1.13696, 1.48305, 1.70107, 1.53875, 1.26638, 1.40438, 1.46955, 1.59234, 1.53123, 2.02206, 1.76767, 1.69381, 1.14827, 1.78643, 2.16682, 1.50214, 1.54272, 1.69002, 1.79036, 1.69816, 1.82584, 1.82177
2.12, 0.0319376, 1.67104, 1.26827, 1.47106, 1.26386, 1.23814, 1.3465, 1.46718, 1.81073, 1.99101, 1.17833, 1.52344, 0.585051, 1.18343, 1.86277, 1.8646, 1.73548, 1.79694, 1.9374, 2.02586, 1.76082, 1.64655, 1.59069, 1.31031, 1.64022, 1.39486, 1.88909, 1.68468, 1.88006, 1.78049, 1.83784
2.14, 0.0319374, 1.22435, 1.37639, 1.43266, 1.03243, 0.625556, 0.825638, 1.2132, 1.44099, 1.24645, 1.80612, 1.55437, 1.55821, 1.62153, 1.23984, 1.72966, 1.64961, 1.73068, 1.92269, 1.66294, 1.44768, 1.43051, 1.67224, 1.63181, 1.56976, 1.38582, 1.51772, 1.7008, 1.73471, 1.70034, 1.75533
2.16, 0.0319374, 1.04509, 2.01237, 1.38707, 1.4394, 2.05392, 2.32314, 1.4625, 1.17437, 2.08162, 1.64193, 1.42242, 1.21791, 1.34403, 1.42688, 1.8351, 1.49107, 1.70297, 1.53481, 1.77283, 1.66315, 1.72397, 1.77129, 2.00877, 1.86379, 1.5558, 1.78818, 2.05616, 1.80803, 1.43728, 1.7762
2.18, 0.0319374, 0.72409, 1.02307, 0.786479, 1.21814, 1.67928, 0.832495, 1.11204, 1.36617, 1.90296, 1.36257, 1.43383, 1.33119, 1.22126, 1.74021, 1.72259, 1.78239, 1.75761, 1.56024, 1.74463, 1.71911, 1.7747, 1.87883, 1.66319, 1.82635, 1.76803, 2.17065, 1.85482, 1.7338, 1.77681, 1.953
2.2, 0.0319374, 1.33011, 1.60109, 1.46251, 0.342326, 1.11511, 1.41723, 1.42061, 1.63384, 1.9384, 1.68394, 1.78389, 1.08631, 1.31045, 1.44086, 1.16458, 1.6951, 1.34334, 1.59988, 1.69304, 1.66045, 1.82494, 1.5497, 1.31903, 1.82146, 1.777, 2.12501, 1.97528, 1.93932, 1.91515, 1.91628
2.22, 0.0319374, 1.6395, 1.66035, 1.32999, 0.742351, 1.49802, 1.50987, 1.55817, 1.41563, 1.36038, 1.63916, 1.171, 0.728396, 0.865047, 1.1131, 1.91916, 1.67801, 1.75726, 2.25594, 1.80293, 1.9998, 1.74891, 1.69331, 1.71482, 1.56833, 1.73844, 1.46427, 2.00523, 1.99958, 1.62036, 1.81098
2.24, 0.0319376, 1.33362, 1.83303, 1.41248, 1.13369, 1.41976, 1.94212, 1.4202, 1.25506, 1.92563, 1.84544, 2.19142, 1.46403, 1.56598, 2.04209, 2.09944, 1.53421, 1.36385, 1.27324, 1.86759, 1.8487, 1.72386, 1.83349, 1.45835, 1.49043, 1.33345, 1.94301, 1.57734, 1.50376, 1.85629, 1.93726
2.26, 0.0319376, 1.23216, 1.74088, 1.62155, 0.744628, 1.45043, 0.855435, 1.78054, 1.70066, 1.83018, 1.3689, 1.86412, 1.7004, 1.01031, 1.82031, 1.96838, 1.56877, 1.56734, 1.98215, 1.9543, 1.85739, 1.80494, 1.89895, 1.81684, 1.58221, 1.87674, 1.8017, 1.99017, 1.91852, 1.76354, 2.19877
2.28, 0.0319376, 1.39556, 1.53037, 1.01773, 0.652462, 0.788794, 1.56049, 1.07558, 1.54847, 1.70883, 1.53118, 1.50195, 1.66785, 1.54582, 2.21888, 1.93506, 1.71911, 2.08701, 1.97557, 1.87964, 1.93547, 2.08403, 1.72166, 1.10513, 1.39396, 1.54153, 1.86028, 2.07422, 1.62719, 2.15917, 2.13803
2.3, 0.0319376, 0.773881, 1.03016, 0.478672, 0.429771, 0.783996, 1.50411, 1.93183, 1.40178, 1.6106, 1.78041, 1.54339, 2.0372, 1.66105, 1.51, 1.81435, 1.7674, 1.47065, 1.87559, 1.9998, 2.07996, 1.45399, 1.4007, 1.37693, 1.6035, 1.83468, 1.49746, 1.56007, 1.81228, 2.1296, 1.95889
2.32, 0.0319376, 1.59394, 1.80346, 1.81889, 0.794823, 1.5687, 1.61776, 1.57087, 1.97423, 2.20848, 2.41089, 1.55629, 1.75036, 1.72069, 1.52431, 2.00892, 1.83769, 1.61439, 1.65279, 1.84524, 1.926, 1.59916, 1.40844, 1.72405, 1.91786, 1.70992, 1.79509, 1.79173, 1.94554, 1.78243, 1.9544
2.34, 0.0319376, 1.61684, 1.2233, 1.16035, 1.17666, 0.582297, 1.22594, 1.71712, 1.51815, 2.31374, 2.15252, 1.70812, 1.21006, 1.50828, 1.75789, 1.99934, 1.74929, 1.27041, 1.28553, 1.5845, 1.98677, 1.82844, 1.47051, 1.58996, 1.6822, 1.64428, 1.90628, 1.64057, 1.46774, 1.90413, 1.94488
2.36, 0.0319376, 1.42265, 1.19101, 1.50682, 1.37364, 1.2741, 1.43175, 1.70172, 2.42665, 2.02651, 1.64821, 1.87058, 1.40922, 1.59235, 1.60855, 1.49882, 1.40162, 1.31067, 1.48751, 1.34261, 1.01278, 1.45688, 1.83564, 1.42672, 1.46385, 1.67863, 1.75314, 1.7625, 1.80735, 1.79464, 1.89672
2.38, 0.0319374, 1.84655, 1.78517, 1.47441, 0.997267, 1.3352, 1.3608, 1.49677, 1.40417, 1.54927, 2.10101, 2.27922, 1.7898, 1.38205, 1.75515, 1.76859, 1.61329, 1.72316, 1.72483, 1.98368, 1.60803, 1.48321, 1.55721, 1.29957, 1.32505, 1.80452, 1.93687, 2.01307, 2.18459, 2.04594, 1.79957
2.4, 0.0319374, 1.40338, 1.09634, 0.589448, 0.999036, 1.83613, 1.48747, 1.72426, 1.792, 1.75238, 2.21781, 2.19217, 1.61849, 1.56375, 1.90949, 2.03003, 2.11097, 1.88129, 1.21712, 1.74559, 1.62174, 2.01411, 1.94778, 1.85703, 1.69401, 1.68191, 1.69038, 1.74725, 2.00462, 1.87994, 2.0393
2.42, 0.0319374, 1.45553, 1.25955, 0.976008, 0.766493, 1.64362, 1.70473, 1.62521, 2.04496, 1.47004, 1.27058, 1.31994, 1.33685, 1.65257, 1.81828, 1.69591, 1.23789, 1.46304, 1.74776, 1.81765, 1.92098, 1.87744, 1.7463, 1.70635, 1.88073, 1.80649, 1.75467, 1.94374, 2.0013, 1.83848, 1.88559
2.44, 0.0319374, 1.46342, 1.80875, 1.67843, 1.13732, 0.754844, 0.805066, 1.7619, 1.5663, 1.71521, 1.66655, 1.35095, 1.52612, 1.81773, 1.80321, 1.63497, 2.00734, 1.87163, 1.83239, 1.69913, 1.63549, 1.65533, 1.65574, 1.75925, 1.5536, 1.85508, 1.73398, 1.75785, 1.9539, 2.18842, 2.16718
2.46, 0.0319374, 1.32857, 1.79601, 1.0746, 0.78104, 0.862984, 1.33717, 1.22716, 1.00995, 1.69295, 2.15051, 1.2262, 1.30381, 1.57411, 1.95194, 1.94256, 1.22058, 1.71773, 1.78402, 1.83231, 1.34014, 1.47384, 1.72413, 1.60428, 1.70516, 1.98103, 1.93383, 1.8803, 2.31251, 2.02242, 1.97844
2.48, 0.0319376, 0.980068, 1.52856, 1.01195, 1.05911, 1.59837, 1.00098, 1.57646, 1.68833, 1.81093, 1.55375, 1.73383, 1.93088, 1.62973, 1.50341, 1.42712, 1.83031, 1.77039, 1.89927, 2.08572, 1.60031, 1.78687, 1.47074, 1.96027, 1.90196, 1.73477, 1.79724, 1.68483, 2.01252, 2.04387, 2.00723
2.5, 0.0319376, 1.14476, 1.84798, 1.5181, 1.00698, 1.40464, 1.67096, 1.75498, 1.38534, 1.35956, 1.65501, 1.36048, 1.54153, 1.51485, 1.42211, 1.83034, 1.77413, 1.821, 1.53528, 1.53961, 1.79895, 1.22278, 1.89249, 1.7732, 1.53951, 1.5996, 1.48243, 1.99368, 2.04841, 1.72801, 1.8409
2.52, 0.0319376, 1.70642, 0.764614, 0.612732, 0.673297, 1.59013, 1.49503, 1.87635, 2.01255, 1.81047, 1.5622, 1.429, 1.6684, 1.47313, 2.26962, 1.61432, 1.56464, 1.50124, 2.07532, 1.56187, 1.39005, 1.4171, 1.97513, 1.20516, 1.33843, 1.71179, 1.84041, 1.71049, 1.97473, 1.92343, 1.63434
2.54, 0.0319376, 1.53788, 1.53068, 0.893821, 0.11863, 0.902925, 1.45543, 1.69882, 1.68489, 2.41847, 1.75255, 1.19214, 1.50517, 1.80006, 1.95368, 1.76602, 1.69212, 1.50325, 1.85172, 2.09176, 1.68345, 1.48436, 1.63612, 1.59613, 1.66179, 1.57441, 1.65867, 1.8287, 1.91719, 1.69327, 1.78014
2.56, 0.0319376, 2.06167, 2.15075, 2.20254, 0.899435, 1.61687, 1.5917, 1.04921, 1.54127, 2.22516, 1.923, 2.06429, 2.13634, 1.92893, 2.16327, 2.37801, 1.65394, 1.65984, 2.06782, 2.20761, 1.79244, 1.62917, 1.96976, 1.9741, 1.82022, 1.82735, 1.74415, 1.90966, 1.82682, 1.67329, 1.85217
2.58, 0.0319376, 2.43123, 1.68901, 1.89349, 1.30064, 1.7231, 1.65985, 1.43561, 1.54574, 1.87353, 2.45007, 1.62147, 2.13745, 2.11881, 1.80542, 1.9862, 1.78657, 2.36217, 1.91095, 2.18831, 1.89694, 1.71707, 1.75745, 1.7874, 1.68459, 1.76791, 1.97274, 1.94922, 2.08533, 1.75447, 1.90337
2.6, 0.0319376, 0.751026, 0.636705, 1.47794, 1.19653, 2.03774, 2.00386, 1.79127, 1.58694, 1.56602, 2.01154, 1.80758, 1.69041, 1.72782, 2.066, 1.3568, 1.18866, 1.49946, 1.65997, 1.56649, 1.36163, 1.43343, 1.74287, 1.52875, 1.46288, 1.50112, 2.14163, 1.89914, 1.97514, 1.36807, 1.93982
2.62, 0.0319376, 1.70757, 1.57401, 1.79791, 1.12236, 1.64171, 1.91253, 1.29797, 1.41227, 1.69049, 2.16055, 2.02815, 2.2227, 1.54239, 1.53868, 1.74033, 1.83551, 1.45476, 1.86939, 2.12565, 1.41706, 1.56581, 1.8031, 1.78289, 1.70356, 1.77664, 1.91741, 1.6167, 1.76807, 1.86748, 1.96646
2.64, 0.0319374, 1.2833, 1.80046, 1.15543, 0.988175, 1.42951, 1.14041, 1.94728, 1.73812, 1.38354, 1.50582, 1.51359, 1.7728, 1.41703, 1.53022, 1.50892, 1.77337, 1.78893, 1.73154, 1.60851, 1.42733, 1.67392, 1.48048, 1.50355, 1.62456, 1.23011, 1.33517, 1.97078, 1.74893, 1.77836, 1.73438
2.66, 0.0319374, 1.75465, 1.63043, 1.51302, 1.35216, 1.92509, 1.42814, 1.83458, 1.93083, 2.33699, 2.28194, 2.26999, 1.99514, 1.75766, 2.17501, 1.9691, 1.4768, 1.5047, 1.19634, 1.45862, 1.74528, 1.86866, 1.96046, 2.09777, 1.85592, 1.98812, 1.95045, 1.6662, 1.72748, 1.95046, 2.10606
2.68, 0.0319374, 1.39854, 2.12873, 1.55302, 1.02394, 1.37563, 1.52986, 1.1094, 1.94188, 1.77304, 1.54156, 1.72188, 1.61565, 1.5764, 2.14347, 1.93546, 1.99458, 1.22818, 1.55944, 2.32663, 2.06611, 1.6595, 2.07643, 1.994, 1.8724, 1.86176, 1.58477, 1.98294, 2.24937, 2.07893, 2.13794
2.7, 0.0319374, 1.64026, 1.81606, 1.38563, 0.373231, 1.20576, 1.63562, 1.12713, 1.10841, 1.50776, 1.5181, 1.60658, 1.45761, 1.69049, 1.94901, 1.82692, 1.18969, 1.61885, 1.92329, 1.71934, 1.58692, 1.42768, 1.80797, 1.85779, 1.54186, 1.78775, 1.59978, 1.60381, 2.01168, 2.03191, 1.83988
2.72, 0.0319374, 0.89376, 1.52336, 1.72761, 0.737921, 0.926609, 1.08276, 1.47039, 1.13719, 1.78914, 1.56802, 1.56615, 1.38683, 1.48262, 1.68951, 1.65802, 1.89542, 1.79382, 1.67136, 1.82468, 1.96247, 1.8671, 1.65738, 1.75124, 1.69534, 1.65332, 1.78242, 1.55953, 1.83186, 1.95727, 1.81518
2.74, 0.0319376, 2.17352, 1.59402, 1.34177, 0.63035, 1.32662, 1.69196, 1.51622, 1.44757, 1.1069, 1.69128, 1.36388, 1.60648, 1.82056, 1.99607, 1.90153, 2.35756, 1.91506, 1.59603, 1.87456, 1.80181, 1.88829, 1.56727, 2.04369, 1.99334, 1.97391, 1.72894, 1.91437, 2.02394, 1.88777, 1.99505
2.76, 0.0319376, 2.31831, 1.95664, 0.969062, 0.875965, 1.58239, 1.249, 1.89427, 1.47084, 2.20288, 1.77125, 1.5884, 1.73347, 1.7277, 1.48666, 1.86519, 1.66593, 1.71624, 1.77691, 1.46153, 1.63189, 1.75367, 1.72593, 1.44127, 1.79599, 1.58539, 1.5667, 1.68809, 2.12996, 1.7986, 1.80601
2.78, 0.0319376, 1.15138, 1.44323, 1.23623, 1.25794, 2.2774, 1.39173, 0.569991, 1.46147, 1.71757, 1.65577, 1.77464, 2.08809, 1.70583, 1.83431, 1.86689, 1.56981, 1.39253, 1.6797, 2.10195, 1.41805, 1.47545, 1.39023, 1.42535, 1.64059, 1.97205, 1.73771, 1.97027, 2.08602, 1.80192, 1.63615
2.8, 0.0319376, 0.991794, 1.44851, 1.48926, 1.02457, 1.49588, 1.53172, 1.68023, 1.7332, 1.91763, 1.71965, 1.43337, 1.21657, 1.64016, 1.7785, 1.41877, 1.57194, 1.78639, 1.82438, 1.78359, 2.11761, 1.62265, 1.86711, 1.72002, 1.7266, 1.76373, 1.85056, 1.7664, 1.75621, 1.94763, 2.17896
2.82, 0.0319376, 1.25802, 1.6287, 0.916751, 0.147109, 1.44622, 1.9114, 1.46628, 2.14564, 2.08401, 1.93365, 1.29139, 1.9767, 1.39738, 1.46618, 2.38364, 1.97595, 1.6139, 1.59733, 1.67928, 1.57396, 1.94267, 1.97066, 2.02178, 1.67071, 1.61819, 1.66697, 1.80143, 1.93487, 1.69419, 1.81992
2.84, 0.0319376, 1.76079, 1.41701, 1.62282, 1.04299, 1.51978, 1.64134, 1.56066, 2.03753, 1.89614, 1.8122, 1.3117, 1.39907, 1.1992, 1.42218, 1.54786, 1.10977, 1.72894, 1.92749, 1.83645, 1.53365, 1.4647, 1.78176, 1.57945, 2.00452, 1.83261, 1.49311, 1.84413, 1.91179, 2.11062, 1.94296
2.86, 0.0319376, 2.22597, 1.96648, 1.46948, 1.3279, 1.54801, 1.40455, 1.82749, 1.41894, 1.95085, 2.28027, 2.11776, 1.70562, 1.50083, 1.50692, 2.0614, 2.17365, 1.57523, 1.81595, 1.77242, 1.57477, 1.73309, 1.72064, 1.55428, 1.53409, 1.61128, 1.7038, 2.0015, 2.04046, 1.91212, 1.90986
2.88, 0.0319374, 1.01971, 1.59032, 1.46084, 1.39641, 2.27989, 1.7984, 1.62085, 1.88795, 2.39252, 1.081, 1.65268, 1.67294, 1.27954, 1.88888, 2.37552, 2.02425, 1.91049, 1.43334, 1.71922, 1.80188, 2.01957, 1.60302, 2.04758, 1.86704, 1.51035, 1.79986, 1.60219, 2.1454, 2.01883, 1.87987
2.9, 0.0319374, 1.63187, 1.92867, 1.92788, 1.52582, 2.16686, 1.86435, 1.81877, 2.00156, 2.01356, 1.0996, 1.62788, 1.38763, 1.29818, 2.39325, 2.25882, 1.86118, 1.81765, 1.76251, 1.97585, 1.69007, 1.89498, 1.47769, 1.81852, 1.37552, 1.77808, 2.01141, 1.65252, 1.76571, 1.81709, 2.18981
2.92, 0.0319374, 2.02784, 2.23202, 1.36063, 1.15186, 1.51557, 1.66152, 1.26959, 1.54389, 1.8146, 1.91275, 1.62212, 1.89304, 1.85147, 2.06024, 1.48837, 1.52713, 1.51487, 1.62794, 1.71063, 1.92102, 1.43758, 1.33841, 1.68583, 1.52104, 1.86034, 1.74348, 1.68999, 1.88716, 1.96782, 2.01535
2.94, 0.0319374, 0.679996, 0.845196, 0.461695, 0.763432, 1.12914, 1.418, 2.1815, 1.78454, 1.90406, 2.11666, 1.68075, 1.44816, 1.3873, 1.97782, 1.94782, 1.79809, 1.70655, 2.01041, 1.64791, 1.49894, 1.54207, 1.78664, 1.88067, 1.35679, 1.54393, 1.68671, 1.90154, 1.4764, 1.74722, 1.81728
2.96, 0.0319374, 0.633636, 0.491692, 1.40866, 0.968911, 0.966221, 1.23934, 1.33364, 1.91824, 1.76285, 1.38479, 2.01719, 1.56446, 1.33777, 1.55038, 1.84224, 1.94234, 1.52868, 1.73388, 1.59055, 1.03922, 1.76137, 1.74571, 1.62139, 1.7227, 1.47447, 1.73194, 1.64522, 1.85928, 2.04909, 1.92874
2.98, 0.0319376, 0.931593, 1.82122, 1.43626, 1.06716, 1.65146, 2.10729, 1.79871, 1.78897, 1.91027, 1.82425, 1.31405, 1.41768, 1.79018, 1.98966, 2.01988, 1.54732, 1.49072, 1.59458, 1.57612, 1.58599, 1.88615, 1.96573, 1.75035, 1.73939, 1.674, 1.3942, 1.53678, 1.98598, 1.96915, 2.26953
3, 0.0319376, 1.45496, 0.977808, 1.06332, 1.15232, 1.74265, 1.54418, 1.57861, 1.88799, 2.596, 2.20599, 2.06548, 1.4964, 0.898057, 1.98029, 1.98056, 1.53471, 1.55854, 1.82235, 2.25133, 1.8012, 1.77686, 2.04265, 1.75033, 1.64394, 1.83936, 2.02187, 1.87249, 1.80473, 1.84358, 1.80402
3.02, 0.0319376, 0.939896, 1.122, 1.83421, 1.56153, 1.73819, 1.58772, 1.63558, 1.9204, 1.64766, 1.84598, 1.40116, 1.59748, 1.76554, 1.57653, 1.82666, 1.07439, 1.87221, 1.45349, 1.53101, 1.12589, 1.49102, 1.76004, 1.51043, 1.38684, 1.75891, 1.68565, 1.92122, 2.03916, 1.85878, 1.85932
3.04, 0.0319376, 0.779095, 1.74634, 1.21936, 0.982704, 1.16797, 1.3745, 1.16481, 1.70194, 1.46591, 1.63499, 1.38481, 1.60893, 1.63771, 1.71081, 1.88774, 1.46068, 1.25862, 1.81261, 1.63268, 1.34717, 1.5445, 1.69735, 1.7141, 2.04078, 1.85592, 1.58179, 1.62222, 1.6391, 1.9234, 2.18942
3.06, 0.0319376, 1.61095, 1.32975, 0.982733, 1.61495, 1.976, 1.13294, 0.849862, 1.52273, 2.07276, 1.44982, 1.59278, 1.53864, 1.36258, 1.61686, 1.95419, 1.9397, 1.44909, 1.72308, 1.50376, 1.6958, 1.80248, 1.60383, 1.75504, 1.6648, 1.66084, 1.54055, 1.81326, 1.79199, 1.72832, 1.93696
3.08, 0.0319376, 1.89166, 1.30774, 1.07969, 0.177869, 1.42766, 1.40761, 1.86195, 1.55231, 1.44994, 1.34213, 1.32602, 1.19094, 1.43233, 1.89622, 1.56541, 1.62671, 1.45224, 2.02647, 1.92635, 1.74751, 1.48081, 1.3857, 1.90419, 1.68642, 1.3366, 1.86773, 1.80294, 1.78411, 1.80176, 1.99475
3.1, 0.0319376, 1.10063, 1.37758, 1.61327, 0.622449, 0.831783, 1.47783, 1.61794, 1.0618, 0.70483, 1.55756, 1.35653, 1.23144, 1.66785, 1.66562, 1.87502, 2.07645, 1.90305, 2.19703, 1.93997, 2.04841, 1.72647, 1.4345, 1.67622, 1.70402, 1.76652, 1.92161, 1.94763, 1.66825, 1.72321, 1.74585
3.12, 0.0319376, 1.46553, 1.68274, 1.31277, 1.65474, 1.61779, 2.07595, 1.60434, 1.66948, 2.32375, 1.54736, 1.28952, 1.34291, 1.95871, 1.81339, 1.81745, 1.62031, 1.78039, 1.9233, 1.62622, 2.02738, 1.77922, 2.00579, 1.83714, 1.56157, 1.50865, 1.88091, 2.13902, 2.0239, 2.28367, 2.07468
3.14, 0.0319374, 1.66703, 1.63312, 1.40515, 0.981294, 1.5135, 1.44752, 1.55545, 1.59034, 1.7653, 1.88341, 1.21756, 1.8503, 1.79223, 2.064, 1.95736, 1.88809, 1.70609, 1.62995, 1.61488, 1.43897, 1.4882, 1.49261, 1.5473, 1.42963, 1.60449, 1.60398, 2.02511, 1.82133, 1.85337, 2.01851
3.16, 0.0319374, 0.749977, 0.370431, 1.59564, 1.04698, 2.04621, 1.53195, 1.70902, 1.7363, 2.08293, 1.78158, 1.72862, 1.89724, 1.30826, 1.61441, 1.66688, 1.20562, 1.83207, 1.43455, 1.7095, 1.80519, 1.80921, 1.6369, 1.53042, 1.5695, 1.6349, 1.958, 2.12275, 2.18289, 2.00017, 2.07986
3.18, 0.0319374, 1.34702, 1.88913, 1.41938, 1.03534, 1.16507, 1.41219, 1.56764, 1.60905, 1.49434, 2.02606, 2.02453, 1.62351, 1.4824, 1.6538, 1.60596, 1.51147, 1.81576, 1.77996, 1.41078, 1.60233, 1.69796, 1.67985, 1.91222, 1.96539, 1.70484, 1.77045, 1.64657, 1.95171, 1.99806, 1.92973
3.2, 0.0319374, 1.32093, 0.925395, 0.273493, 0.945802, 0.839152, 1.53256, 1.58475, 1.45018, 1.67536, 1.28847, 1.76572, 1.95214, 1.48603, 1.86154, 1.87768, 1.70084, 1.62479, 1.94843, 1.92161, 1.51848, 1.44461, 1.92063, 1.68175, 1.69202, 1.94944, 1.92055, 1.90992, 1.82176, 1.9698, 2.21573
3.22, 0.0319374, 1.42355, 1.42772, 1.24676, 1.49147, 1.59039, 1.55102, 1.43049, 1.19757, 1.56025, 2.12015, 1.65634, 1.67114, 1.38766, 1.59291, 2.02755, 1.74666, 1.78461, 2.02175, 1.76963, 1.53606, 1.90692, 1.74329, 1.79947, 1.86249, 1.74603, 1.72172, 1.63574, 1.74772, 1.7913, 1.85994
3.24, 0.0319376, 2.04426, 1.52719, 1.70867, 1.1108, 1.36652, 1.44954, 1.53559, 1.35471, 1.80545, 2.22946, 1.4744, 1.68534, 1.79628, 1.51749, 1.7226, 2.01777, 1.45318, 1.25012, 1.35292, 1.58031, 1.70901, 2.1152, 1.63922, 1.65012, 2.15036, 1.93879, 2.02477, 1.94467, 1.90812, 2.15089
3.26, 0.0319376, 1.549, 1.80322, 0.835801, 0.668554, 1.39144, 1.59876, 1.79902, 1.86372, 2.02172, 2.15302, 1.77513, 1.50361, 1.05579, 1.32114, 1.98371, 1.4853, 1.40462, 1.5787, 1.55373, 2.02679, 1.90444, 1.6694, 1.75426, 1.57861, 2.14506, 2.03071, 1.76977, 1.89744, 1.9493, 1.9717
3.28, 0.0319376, 1.2713, 1.5982, 2.00259, 1.21557, 1.5113, 1.33077, 1.4853, 1.84009, 2.37588, 1.93991, 1.62376, 1.15897, 1.36678, 2.40392, 2.10938, 1.69983, 1.43066, 1.84569, 2.02047, 1.47772, 1.81984, 1.60055, 1.40783, 1.5746, 1.97327, 2.04175, 1.8047, 1.68398, 1.99201, 2.11507
3.3, 0.0319376, 0.762627, 2.14029, 1.62091, 1.40912, 1.26362, 1.23181, 1.66263, 1.29866, 1.51846, 1.51647, 1.92408, 1.88777, 1.96391, 1.94787, 1.99608, 2.21009, 2.19385, 2.07465, 2.05539, 1.53043, 1.60827, 2.15261, 1.86468, 1.39041, 1.77798, 1.99422, 1.9147, 2.22805, 1.92893, 2.49874
3.32, 0.0319376, 1.71523, 1.37656, 1.2924, 1.11827, 1.19666, 0.864, 1.05307, 1.58249, 1.88401, 1.90433, 1.77394, 2.0337, 1.96766, 1.5456, 1.87542, 1.87172, 1.99974, 1.67539, 1.96668, 1.79861, 1.74189, 1.53013, 1.56121, 1.62746, 1.68678, 1.41092, 1.79307, 1.84911, 2.00778, 2.17379
3.34, 0.0319376, 0.983396, 0.750875, 0.721126, 1.2461, 0.61601, 1.4015, 1.43206, 2.30027, 2.54841, 2.19869, 2.34789, 1.65867, 1.25347, 1.77068, 2.21741, 2.08594, 1.72796, 1.52002, 1.73532, 1.78485, 1.26054, 1.73345, 1.80465, 2.09433, 1.68109, 1.9519, 2.07921, 1.97807, 2.00352, 2.30403
3.36, 0.0319376, 0.808399, 1.9665, 1.46576, 1.43477, 1.10768, 1.16159, 1.14437, 1.39584, 1.98433, 1.55154, 1.75207, 1.85411, 1.88536, 2.07683, 2.17384, 1.79483, 1.48185, 1.52104, 1.81238, 1.89694, 1.84357, 1.33209, 1.86354, 1.52633, 1.74358, 1.77552, 1.85163, 1.8749, 1.90044, 1.83083
3.38, 0.0319374, 1.5169, 1.94277, 1.47347, 0.439398, 1.63707, 1.55599, 1.01401, 1.38741, 2.03183, 1.64324, 1.44994, 1.4415, 1.80847, 2.03458, 1.53072, 1.25335, 1.84813, 1.9737, 2.05031, 1.63683, 1.6411, 1.58146, 1.84497, 1.59269, 1.40143, 1.53987, 2.0275, 2.075, 2.06814, 2.00386
3.4, 0.0319374, 1.32907, 2.02176, 1.87386, 1.39097, 1.56493, 1.24903, 0.936464, 1.45157, 2.23881, 1.55055, 0.857707, 1.96235, 1.71975, 2.14062, 1.89657, 2.06892, 1.94205, 1.35757, 1.45114, 1.85136, 1.69476, 2.10103, 1.82114, 1.76689, 1.81582, 1.8163, 1.91508, 2.06748, 2.03674, 2.13788
3.42, 0.0319374, 1.40025, 0.966138, 0.777816, 0.728703, 1.71322, 1.20705, 0.642068, 0.981591, 1.81701, 1.80568, 1.36373, 1.54118, 1.55977, 2.08843, 1.66844, 2.05006, 1.87483, 1.76095, 1.7604, 1.95192, 1.65841, 1.83941, 1.86991, 1.90977, 1.47737, 1.68469, 1.88142, 2.07581, 1.98264, 1.88096
3.44, 0.0319374, 1.59548, 2.12243, 1.34729, 1.18362, 1.65284, 1.50678, 1.6953, 1.50788, 2.06145, 2.09658, 1.76249, 1.59436, 1.53627, 1.89511, 1.94008, 1.68338, 1.66969, 1.83899, 1.96022, 1.82029, 1.48733, 1.67904, 1.83581, 1.84009, 1.53123, 1.43685, 1.61103, 1.77543, 1.8212, 1.85766
3.46, 0.0319374, 1.47458, 1.2482, 0.175314, 0.472087, 1.18099, 1.42349, 1.57657, 0.819912, 1.23578, 1.57366, 1.86668, 1.49878, 1.18354, 1.78307, 1.76593, 1.602, 1.05308, 1.1444, 1.78578, 1.87878, 1.59892, 1.82968, 1.73957, 1.62488, 1.60372, 1.53905, 1.73024, 1.7004, 1.84047, 2.1427
3.48, 0.0319376, 1.25467, 1.82641, 2.12609, 1.66151, 1.65212, 2.18263, 2.71124, 2.2847, 2.18916, 2.29719, 1.96792, 1.36168, 1.51649, 1.97723, 1.96606, 1.54511, 1.97106, 1.90034, 1.99375, 1.7033, 2.02338, 1.75606, 1.94092, 2.1246, 1.88541, 1.86736, 1.92206, 1.92765, 2.20606, 2.44198
3.5, 0.0319376, 1.29509, 1.75301, 1.82394, 1.22207, 1.77151, 1.99614, 1.83677, 1.97325, 1.75513, 1.48336, 1.6137, 1.32544, 1.24548, 1.9723, 1.74881, 1.59033, 1.84325, 1.41951, 1.66535, 1.64577, 1.60318, 1.76833, 1.50188, 1.74949, 1.73394, 1.55267, 1.74961, 1.96564, 1.49358, 1.9725
3.52, 0.0319376, 1.8074, 1.49357, 0.896169, 0.424597, 1.2618, 1.36169, 1.81636, 1.81365, 2.49873, 2.34867, 1.34722, 1.65339, 1.27271, 1.80684, 1.89534, 1.67088, 1.68521, 1.59573, 1.63372, 1.7926, 1.88967, 1.67344, 1.83385, 1.75488, 1.98049, 1.74241, 2.08759, 2.13156, 2.16032, 2.08019
3.54, 0.0319376, 1.51049, 1.64873, 1.29338, 1.44163, 1.05877, 0.984478, 1.17195, 0.963151, 2.07008, 2.10001, 1.86035, 0.969211, 1.00016, 1.48175, 1.60773, 1.88948, 1.79234, 1.29762, 1.92236, 1.7589, 1.97396, 1.3073, 1.45167, 1.82212, 1.82845, 1.9362, 1.92295, 2.0158, 2.04006, 2.42529
3.56, 0.0319376, 1.11801, 1.25008, 1.06632, 1.05205, 0.958353, 1.45546, 1.04221, 1.58745, 1.12634, 1.57263, 1.17572, 1.57303, 1.79361, 2.27117, 1.4089, 1.63416, 1.62775, 1.78187, 1.79062, 1.90262, 1.84242, 1.94278, 2.29464, 1.61867, 1.89981, 2.03888, 2.1413, 2.4217, 2.44783, 2.1951
3.58, 0.0319376, 1.00561, 0.817316, 0.243778, 0.657833, 1.07077, 1.53815, 1.49585, 2.25613, 2.50784, 1.38977, 1.33441, 1.73608, 1.52764, 1.61396, 1.84304, 1.62002, 1.892, 1.82699, 2.01086, 1.77003, 1.62048, 1.33858, 1.65798, 1.67596, 1.83301, 1.80612, 2.07032, 1.93467, 1.96141, 1.9762
3.6, 0.0319376, 1.41124, 1.29133, 0.996237, 1.47176, 1.68861, 2.02813, 1.80858, 1.58488, 1.87895, 2.02948, 1.88233, 1.70503, 1.82736, 1.96683, 1.70299, 1.40967, 1.63684, 1.11796, 1.44233, 1.72622, 1.81933, 1.92281, 1.73493, 1.74623, 1.98741, 1.89521, 1.74607, 1.67468, 2.05576, 1.99464
3.62, 0.0319376, 1.1737, 1.50149, 1.46416, 1.29129, 2.09551, 1.88069, 1.75499, 1.97795, 1.71452, 1.95826, 1.80737, 1.85172, 1.60251, 1.91488, 1.94403, 1.96667, 1.96343, 1.81321, 2.10149, 1.95942, 1.16762, 1.83686, 1.81585, 1.68804, 1.51095, 1.64559, 1.62803, 1.93723, 1.6323, 2.22255
3.64, 0.0319374, 1.78849, 1.40776, 0.996615, 1.14924, 1.92773, 1.12058, 1.5878, 2.1855, 1.78036, 1.93905, 2.06891, 1.93398, 1.54401, 1.74658, 2.09414, 1.85588, 1.23351, 1.77092, 1.70456, 1.2749, 1.67295, 1.67355, 1.67028, 1.63787, 1.66729, 1.5886, 1.80069, 1.8022, 1.84627, 1.85277
3.66, 0.0319374, 1.58473, 1.06847, 1.31568, 1.35755, 1.97394, 1.59993, 1.63886, 1.29447, 1.7854, 1.71807, 1.90989, 1.292, 1.50069, 1.67276, 2.29837, 1.40752, 1.91336, 1.69462, 1.74886, 1.55162, 1.74045, 1.58851, 1.63499, 1.42066, 1.93332, 1.59708, 1.95599, 1.69873, 1.80566, 1.92899
3.68, 0.0319374, 1.65944, 1.10524, 0.682297, 0.455271, 0.855156, 1.18965, 1.7966, 1.66785, 1.93514, 1.61357, 1.62865, 1.67079, 1.84883, 1.76346, 1.58791, 1.64778, 1.76895, 1.59496, 1.8017, 1.7289, 1.88915, 1.80153, 1.45114, 1.74174, 1.95003, 1.86127, 1.90989, 1.6005, 2.09894, 1.98036
3.7, 0.0319374, 1.28179, 1.46401, 0.826779, 0.36913, 1.46511, 1.27134, 1.46606, 1.64883, 1.81715, 1.39553, 1.83035, 1.7774, 1.21277, 1.58528, 1.72175, 1.39117, 1.816, 1.63293, 1.69451, 1.36533, 1.16361, 1.42782, 1.75356, 1.81334, 1.9172, 1.91923, 1.98116, 1.61847, 1.82647, 1.83532
3.72, 0.0319374, 1.02463, 0.887959, 0.912222, 0.63945, 0.880219, 1.50118, 1.44453, 1.58439, 1.96932, 1.86826, 1.66293, 1.30215, 0.641413, 0.824058, 1.88596, 1.45565, 1.39858, 1.8377, 1.86897, 1.52863, 1.65347, 1.69497, 1.99061, 1.88497, 1.76485, 1.65957, 1.88072, 1.76154, 1.86103, 1.96307
3.74, 0.0319376, 2.25541, 1.99277, 1.58358, 0.931642, 0.683348, 1.33525, 1.15946, 2.20443, 1.9593, 1.78486, 1.37179, 1.51759, 1.57974, 1.91273, 1.82291, 1.66465, 1.87462, 1.4834, 1.35416, 1.59918, 1.69961, 1.62663, 1.79649, 2.03247, 1.61892, 1.64306, 2.06926, 2.11421, 1.9985, 1.91058
3.76, 0.0319376, 0.916502, 1.83531, 1.43549, 1.48477, 0.913146, 1.63032, 1.99371, 2.10686, 1.68064, 1.7335, 1.43383, 1.5691, 1.62382, 2.01905, 2.08508, 1.55, 1.91372, 2.05023, 1.54681, 1.82129, 1.98376, 2.01413, 1.71773, 1.5522, 1.79016, 2.10659, 1.97488, 2.17744, 1.90829, 1.79723
3.78, 0.0319376, 1.25071, 1.10817, 1.06464, 0.779994, 1.63144, 1.41844, 1.73879, 2.11286, 2.04716, 1.34055, 1.1481, 1.64309, 2.02318, 1.79686, 1.60448, 2.06769, 1.61451, 1.88264, 1.40974, 1.41161, 1.67496, 1.19232, 1.62641, 1.69923, 1.63235, 1.59262, 2.0146, 2.00453, 2.24328, 1.99707
3.8, 0.0319376, 0.781226, 1.15836, 0.95457, 1.0934, 1.43005, 1.62043, 1.59839, 1.06523, 0.985731, 1.4381, 1.53504, 1.2475, 1.97273, 1.97537, 1.95826, 2.04959, 1.82052, 1.9525, 1.40966, 1.56943, 1.66863, 1.50589, 1.8287, 1.714, 1.51775, 1.56063, 1.72686, 1.77817, 1.86336, 2.30272
3.82, 0.0319376, 0.868546, 0.655261, 1.34236, 1.54309, 1.28378, 2.18931, 2.07297, 1.91355, 1.67225, 1.25509, 1.14404, 1.09692, 1.35967, 1.4818, 1.76381, 1.31087, 1.20684, 1.42093, 1.57096, 1.84923, 1.53764, 1.50135, 1.78334, 1.6679, 1.96198, 1.66898, 1.83966, 2.17387, 2.19786, 2.14168
3.84, 0.0319376, 1.13879, 1.20141, 1.0674, 0.891031, 1.01703, 1.67086, 1.10863, 2.04895, 2.25068, 1.46282, 1.18478, 1.86508, 1.62057, 1.719, 1.97061, 2.06003, 1.56412, 1.87056, 1.61842, 1.85114, 1.90881, 1.59757, 1.6114, 1.6051, 1.64041, 1.64594, 1.77782, 1.67376, 1.95673, 1.98919
3.86, 0.0319376, 1.10224, 1.50908, 1.09913, 1.23814, 1.26601, 1.53829, 1.43394, 1.68714, 1.63329, 1.58045, 1.25123, 1.18741, 1.62233, 1.57032, 1.69976, 1.93117, 1.77477, 1.73996, 1.65126, 1.54213, 1.65538, 2.01021, 2.03997, 1.69805, 1.49756, 1.78532, 1.9823, 1.76195, 1.80968, 1.76402
3.88, 0.0319374, 2.0558, 1.94912, 1.25067, 1.37559, 1.37159, 1.56283, 1.67046, 1.82564, 1.75891, 1.61761, 1.63305, 1.43162, 1.7131, 1.89425, 2.03519, 1.77496, 2.16797, 2.00583, 2.1985, 1.8984, 1.79094, 1.73418, 1.50172, 1.46741, 1.93116, 1.66656, 1.76232, 1.89375, 1.98911, 2.12918
3.9, 0.0319374, 0.310422, 1.29861, 0.956187, 1.35846, 1.79917, 1.64381, 1.29373, 2.00879, 2.10845, 1.75257, 1.76023, 1.84832, 1.02897, 1.67408, 0.745665, 1.16108, 1.56216, 1.8047, 1.74671, 1.49829, 1.58514, 1.96473, 1.88205, 1.46359, 1.81954, 2.06858, 1.8167, 1.84656, 1.93607, 2.09541
3.92, 0.0319374, 1.73007, 1.12636, 1.30771, 1.13153, 1.60644, 1.73687, 1.04429, 1.8833, 2.08308, 1.34663, 1.70242, 1.75897, 1.59577, 1.75783, 1.8909, 1.56594, 1.48256, 1.89193, 1.98818, 1.97583, 1.9818, 1.40928, 1.56254, 1.28476, 1.56321, 1.70912, 1.46475, 1.54736, 1.77686, 2.22043
3.94, 0.0319374, 1.26451, 1.72031, 1.73834, 1.83398, 1.58624, 1.756, 1.53138, 1.78138, 2.16212, 2.09342, 1.71089, 1.68288, 1.68161, 1.08592, 1.55289, 1.58133, 1.5552, 1.79277, 1.82704, 1.55808, 1.7368, 1.57576, 1.58825, 1.8537, 1.55243, 1.69714, 1.56827, 1.38848, 1.82838, 2.11082
3.96, 0.0319374, 0.776585, 0.935282, 0.504574, 0.475959, 1.46381, 1.08958, 1.77013, 1.72322, 1.65118, 1.48776, 1.80121, 1.85291, 1.22053, 1.32274, 1.82261, 1.6164, 1.34844, 1.77514, 1.6953, 1.80981, 1.84838, 1.70112, 1.88095, 1.50888, 1.65929, 2.05276, 2.10872, 1.83703, 1.87585, 2.02989
3.98, 0.0319376, 0.823056, 0.558013, 1.42643, 1.23608, 1.37152, 1.57726, 1.42662, 1.94865, 1.68185, 1.53605, 1.7856, 1.9058, 1.3907, 1.29848, 1.46525, 1.24452, 1.33383, 1.4795, 1.71427, 1.92191, 1.92986, 1.7961, 1.45116, 1.21853, 1.79338, 1.97323, 1.95325, 1.89768, 2.04016, 2.08568
4, 0.0319376, 1.35191, 1.36536, 0.53924, 0.971573, 2.03933, 1.96915, 1.60037, 1.17007, 1.47955, 1.9493, 1.43885, 1.13685, 0.763561, 2.03918, 1.75732, 1.65439, 1.87873, 1.94925, 1.89579, 1.7415, 1.60812, 1.44815, 1.93061, 1.76437, 1.99634, 1.64558, 1.92125, 1.96421, 1.99587, 2.04
4.02, 0.0319376, 1.01543, 1.21139, 0.834976, 0.679458, 1.51951, 1.4016, 1.16753, 1.74808, 2.319, 1.64936, 1.17775, 2.08688, 2.00807, 1.98329, 1.36759, 1.64709, 1.54159, 2.14409, 2.16075, 2.10345, 1.96209, 1.71162, 1.86317, 1.52738, 1.89553, 1.64526, 1.43132, 1.81702, 2.08079, 2.11708
4.04, 0.0319376, 1.60849, 1.79527, 1.76506, 1.72357, 1.85908, 2.04506, 1.73503, 2.19829, 2.58744, 2.0868, 2.07546, 2.43822, 2.62098, 3.06789, 2.61852, 2.86448, 2.14594, 2.37604, 2.20989, 2.24221, 2.04212, 2.31841, 2.18706, 2.03645, 2.36583, 2.05904, 2.1413, 2.30501, 2.39213, 2.36937
4.06, 0.0319376, 1.74789, 1.07217, 1.52429, 0.717168, 1.34118, 0.786402, 0.95892, 1.4959, 2.04336, 2.0183, 1.51542, 1.83545, 1.48007, 2.28155, 2.08213, 1.72155, 1.67575, 1.53822, 2.07193, 1.9554, 2.04048, 1.84337, 1.7895, 2.02721, 2.23382, 2.13232, 2.18986, 2.19494, 2.36035, 2.54536
4.08, 0.0319376, 1.74122, 1.72979, 1.21906, 0.82905, 1.37162, 1.46081, 1.35701, 1.79428, 1.83239, 1.62359, 1.70597, 2.0066, 1.84633, 1.82801, 1.85824, 1.98817, 1.62261, 1.96806, 1.99092, 2.19958, 1.68097, 1.65984, 1.54261, 1.93768, 1.76836, 1.38529, 2.04363, 2.10145, 1.88142, 2.23444
4.1, 0.0319376, 1.44459, 1.43898, 1.06471, 1.0726, 1.24133, 1.78049, 1.76833, 1.46666, 1.92102, 2.035, 1.41558, 1.62782, 1.98859, 2.13459, 2.25523, 2.23786, 2.10154, 2.15857, 1.75974, 1.91766, 1.84485, 1.99547, 1.57212, 1.1901, 1.67061, 1.99386, 1.79471, 1.93144, 2.17149, 2.07476
4.12, 0.0319376, 1.68717, 1.20966, 1.3129, 1.33374, 1.68295, 1.82209, 1.40878, 1.85145, 1.90438, 1.75944, 1.1396, 1.30939, 1.57599, 1.65106, 1.79543, 1.77108, 2.10856, 1.62353, 1.54792, 2.0342, 1.66751, 1.42287, 1.60602, 1.6521, 1.60286, 1.89009, 1.47222, 1.69333, 1.63148, 1.79261
4.14, 0.0319376, 1.66774, 1.87289, 1.14896, 0.546312, 1.56539, 1.28669, 1.02451, 1.38922, 1.95855, 1.08563, 0.853822, 1.78501, 1.63326, 2.06624, 1.78297, 2.08594, 1.92582, 1.46574, 1.6357, 1.93331, 1.7597, 1.72875, 1.70302, 1.7932, 1.86915, 1.79308, 2.05872, 1.93067, 2.03959, 2.0567
4.16, 0.0319376, 1.609, 0.981286, 0.228284, -0.101258, 1.25506, 1.53061, 1.86444, 1.93888, 1.49568, 1.66485, 1.52559, 1.65665, 1.71275, 1.93393, 2.19522, 1.959, 1.92446, 1.61456, 1.69537, 1.31014, 1.6947, 1.90912, 1.32586, 1.54656, 1.51807, 1.91539, 1.90098, 1.92015, 1.90314, 2.12136
4.18, 0.0319376, 1.03209, 1.04181, 1.1916, 1.08365, 1.16565, 1.27933, 1.56596, 1.8191, 1.69979, 2.04439, 1.88426, 1.94512, 1.58021, 1.77884, 1.94698, 1.67863, 1.44096, 1.6468, 1.66531, 1.93964, 2.12528, 1.87698, 1.50849, 2.07922, 1.92476, 2.14449, 2.03517, 1.8937, 1.70757, 1.78481
4.2, 0.0319376, 1.07071, 1.28436, 0.859381, 1.00721, 1.00417, 1.53496, 1.38922, 1.19461, 2.06798, 1.37344, 1.35382, 1.58203, 1.52427, 1.54655, 1.95567, 2.15423, 2.13605, 1.82803, 2.12609, 1.62011, 1.2004, 1.70073, 1.52916, 1.16405, 1.5436, 1.65564, 1.66462, 1.55236, 1.71676, 2.17281
4.22, 0.0319376, 0.623071, 1.82138, 1.25451, 1.18922, 1.25115, 1.39124, 1.26439, 1.63709, 2.16357, 1.89431, 1.53288, 1.86178, 1.86136, 1.92804, 1.76188, 1.81771, 1.38, 1.8073, 1.68375, 1.72084, 1.53546, 1.82066, 1.85969, 1.55572, 1.77357, 1.76226, 1.92153, 2.03238, 1.95932, 2.10852
4.24, 0.0319376, 0.892448, 1.27342, 1.61833, 1.13195, 1.32861, 1.61673, 0.880712, 1.67743, 1.82132, 1.49927, 1.63229, 1.74619, 1.85986, 1.6563, 1.62554, 1.52636, 1.11335, 1.42327, 1.39087, 1.6734, 1.55076, 1.65815, 1.62014, 1.58983, 1.46449, 1.66096, 1.83027, 1.88157, 1.55918, 1.97258
4.26, 0.0319371, 1.45652, 1.13359, 1.56038, 1.28104, 1.50024, 1.99436, 1.36194, 1.97193, 1.23147, 1.41456, 1.66179, 1.20967, 1.64765, 1.94726, 1.64477, 1.68263, 1.60936, 1.99808, 2.06624, 1.77277, 1.67298, 1.57798, 1.6901, 1.44322, 1.49274, 1.65071, 2.0809, 2.05681, 1.94489, 1.43617
4.28, 0.0319371, 1.89291, 2.10107, 1.47403, 1.29201, 1.75555, 1.27423, 1.22586, 1.98879, 1.75283, 2.09227, 1.81208, 1.51028, 1.28731, 1.77628, 1.71542, 1.67458, 1.73005, 1.85209, 1.7886, 1.92333, 1.66477, 1.72672, 1.72148, 1.70443, 1.80495, 1.82054, 1.83131, 1.99492, 1.70991, 1.90061
4.3, 0.0319371, 1.44823, 1.44748, 1.3465, 0.862569, 1.18838, 1.44463, 0.774674, 1.83874, 1.75021, 1.78507, 1.79984, 0.984796, 1.78528, 1.79323, 1.86888, 2.42268, 2.27379, 1.85455, 1.94324, 1.55431, 1.60215, 1.40442, 1.77109, 1.90431, 1.75085, 1.80871, 1.61084, 2.07676, 1.93733, 2.04115
4.32, 0.0319371, 0.974658, 1.59338, 0.854535, 0.492148, 1.74154, 1.76673, 1.70819, 2.04021, 2.50608, 1.74073, 2.07244, 1.50508, 1.92119, 2.00923, 1.72054, 2.15532, 1.92311, 1.72837, 1.93935, 2.02421, 1.78623, 1.76, 1.80658, 1.6168, 1.62367, 1.88895, 2.19403, 1.91528, 2.33559, 2.10478
4.34, 0.0319371, 1.7255, 1.38075, 1.22715, 1.32769, 1.9877, 1.13973, 1.79057, 1.42848, 1.94893, 1.91994, 1.5725, 1.90885, 1.27302, 1.20412, 1.82059, 1.5568, 1.36501, 1.80727, 1.74008, 1.53436, 1.75022, 1.83635, 1.81766, 1.98436, 2.07026, 1.87946, 2.05991, 1.97012, 1.98781, 1.97732
4.36, 0.0319376, 1.30435, 1.33856, 1.42708, 1.05967, 1.21524, 1.46646, 1.41927, 1.25031, 1.41443, 0.430728, 1.20161, 1.30398, 1.49714, 1.7644, 2.02972, 1.64282, 1.39578, 1.86479, 2.00666, 1.93509, 2.21045, 1.82253, 1.24911, 1.60194, 1.50007, 1.48115, 1.65168, 1.68376, 1.56848, 1.85662
4.38, 0.0319376, 0.980012, 1.3376, 0.375226, 0.855425, 0.944678, 1.49013, 0.985426, 1.1617, 1.13252, 0.963124, 1.51616, 1.21633, 1.32235, 1.34484, 1.48365, 1.39857, 2.07993, 1.90979, 1.73035, 1.40231, 2.02134, 1.77464, 1.78169, 1.61886, 1.86383, 1.95315, 1.94612, 1.99688, 1.84755, 2.18395
4.4, 0.0319376, 1.36507, 1.76081, 1.16216, 1.7552, 1.51684, 0.762784, 1.06407, 1.51279, 1.53201, 1.77216, 1.69692, 1.61762, 1.37816, 1.9879, 1.40483, 1.83407, 1.18839, 1.36903, 1.37604, 1.58436, 1.69291, 1.61269, 1.47255, 1.21234, 1.44302, 1.71423, 1.68618, 1.86051, 1.70015, 1.83893
4.42, 0.0319376, 1.34272, 1.46874, 1.29349, 1.2166, 0.595704, 1.20657, 0.393177, 0.371192, 1.35143, 1.13536, 1.10562, 1.63874, 1.55284, 1.81922, 1.42404, 1.81336, 1.47326, 1.94867, 1.65125, 1.26878, 1.4152, 1.18091, 1.19309, 1.68712, 1.53374, 1.51494, 1.84625, 1.44508, 1.45015, 1.69726
4.44, 0.0319376, 0.897513, 1.2411, 1.17838, 1.03969, 1.2122, 1.37982, 1.26295, 1.56738, 1.28623, 1.53665, 1.37625, 1.77304, 1.7849, 1.96521, 1.7639, 1.23366, 1.7424, 1.709, 1.78344, 1.77084, 1.80419, 1.37991, 1.86441, 1.66218, 1.76583, 1.97143, 1.77855, 1.7105, 1.74584, 1.90951
4.46, 0.0319376, 0.813283, 1.35205, 1.69631, 0.855054, 1.45636, 1.87505, 1.2918, 1.57663, 1.82569, 1.62815, 2.03052, 1.98758, 1.82412, 1.84146, 1.58061, 1.28659, 1.62044, 2.08571, 1.78473, 1.71607, 1.51923, 1.47395, 1.80898, 1.70184, 2.07942, 2.0374, 1.73491, 1.95544, 1.88464, 2.11477
4.48, 0.0319376, 1.26924, 1.31912, 0.971564, 1.50835, 1.55033, 1.55395, 1.27479, 1.41472, 1.45367, 1.22127, 1.08967, 1.20867, 1.30713, 1.57269, 1.93295, 1.46565, 1.46522, 1.31666, 1.55138, 1.67946, 1.50449, 1.52506, 1.86881, 1.76794, 1.67792, 1.82421, 1.78478, 1.8336, 1.89203, 1.82449
4.5, 0.0319376, 1.33244, 1.66263, 1.65943, 0.705315, 1.44369, 1.24468, 1.01414, 1.50367, 1.49026, 1.8323, 1.93769, 1.84385, 1.66318, 1.79925, 1.81717, 2.03637, 1.93456, 1.45273, 1.23647, 1.43296, 1.91241, 1.82752, 1.79674, 1.89164, 1.9253, 2.17111, 1.46211, 1.80371, 2.01231, 1.88208
4.52, 0.0319376, 1.64804, 1.30936, 0.670167, 0.447613, 1.40229, 1.57625, 1.36355, 1.68295, 2.11798, 1.67737, 1.33402, 1.46228, 1.63219, 1.58921, 1.53311, 1.76916, 2.15842, 1.61408, 1.637, 1.56963, 2.04315, 2.27213, 1.84542, 1.65209, 1.51248, 1.59417, 1.7285, 1.71402, 1.9533, 1.94912
4.54, 0.0319376, 1.43888, 1.94243, 1.4109, 0.98378, 0.685923, 0.491168, 1.26199, 1.80355, 1.85855, 1.28917, 1.68045, 1.32048, 0.865057, 1.71761, 1.70401, 1.77873, 2.00803, 1.89726, 1.4593, 1.4737, 1.76328, 1.72326, 1.66452, 1.47791, 1.81869, 1.63434, 1.60003, 1.88317, 1.81369, 1.83511
4.56, 0.0319376, 1.12689, 1.87479, 1.04025, 1.43778, 1.14691, 1.14649, 0.535058, 1.44178, 1.83697, 1.68436, 1.63985, 2.02212, 1.53363, 1.93069, 1.73312, 1.61013, 1.19318, 1.9231, 1.63703, 1.52494, 1.72631, 1.5992, 1.64297, 1.80082, 1.67215, 1.6451, 1.95999, 2.22723, 2.19509, 1.94162
4.58, 0.0319376, 0.866463, 0.646306, 1.58251, 1.13148, 1.37796, 1.34162, 1.23837, 1.88309, 1.94867, 1.68923, 1.37552, 1.43427, 1.30364, 1.49499, 1.47946, 1.51966, 1.27664, 1.9356, 1.89806, 1.49108, 1.50878, 1.77935, 1.53224, 1.423, 1.87752, 1.86926, 1.98729, 2.10035, 1.93475, 1.63113
4.6, 0.0319376, 1.54288, 1.93548, 1.17162, 0.497526, 1.35348, 1.6606, 1.61596, 1.39239, 2.0961, 2.03499, 1.66891, 1.83642, 1.61681, 1.3036, 1.38765, 1.50736, 1.69485, 1.8561, 1.49525, 2.08935, 1.85153, 1.75428, 1.72965, 1.80438, 1.70843, 1.55477, 1.62336, 1.93211, 1.988, 1.92277
4.62, 0.0319376, 1.15812, 1.24038, 0.935229, 1.11352, 1.79064, 1.65069, 1.48616, 0.858587, 1.4669, 1.35261, 1.31821, 1.71408, 1.46813, 1.49413, 1.39805, 1.52774, 1.79073, 1.37485, 1.35347, 1.14862, 1.21422, 1.4512, 1.35874, 1.30705, 1.70878, 1.58395, 1.72351, 1.89779, 1.87785, 1.61196
4.64, 0.0319376, 1.44658, 1.81376, 1.63016, 1.33566, 1.10442, 1.29804, 1.6159, 1.69545, 1.15571, 1.67165, 1.59514, 1.74707, 1.33102, 1.89498, 1.8429, 1.70587, 1.83604, 1.98454, 1.47185, 1.43021, 1.47787, 2.12711, 1.61628, 1.82631, 1.84953, 1.78645, 1.9355, 2.13892, 2.04207, 2.14505
4.66, 0.0319376, 0.972679, 1.67114, 1.44172, 1.14519, 1.38952, 1.75276, 1.5784, 1.48273, 2.0434, 1.17251, 0.965151, 1.68943, 1.18367, 1.96735, 2.04355, 1.46173, 1.62909, 1.86007, 1.77135, 1.48179, 1.54071, 2.07325, 1.82974, 1.68418, 1.60221, 1.62968, 1.78269, 1.83627, 2.04219, 1.84905
4.68, 0.0319376, 0.710785, 0.975795, 1.37995, 0.934802, 1.32985, 1.64333, 1.49252, 1.33902, 1.8292, 1.67037, 1.58503, 1.66817, 0.972786, 1.05284, 1.82445, 1.88856, 1.68534, 2.06906, 2.07705, 1.70709, 1.67941, 1.91157, 1.8782, 1.8579, 1.75765, 1.69113, 2.25156, 2.32019, 2.02701, 1.85533
4.7, 0.0319376, 1.27869, 1.18676, 1.54835, 0.399861, 1.37333, 1.78213, 1.5827, 1.11463, 1.3861, 1.49815, 1.47123, 1.76628, 1.71348, 1.74821, 1.94365, 1.8807, 1.37617, 1.38853, 1.53621, 1.54205, 1.55413, 1.37819, 1.67595, 1.36488, 1.37765, 1.73072, 1.65469, 1.72848, 1.66546, 2.15564
4.72, 0.0319376, 1.18761, 2.14607, 2.0335, 0.995061, 1.56052, 1.49615, 1.75892, 1.56671, 1.23162, 1.69281, 1.48089, 1.76115, 1.3173, 1.70285, 1.68907, 1.53658, 1.627, 1.05653, 1.49098, 1.76845, 1.9168, 1.77296, 1.70708, 1.76839, 1.85152, 2.08402, 1.95716, 2.23899, 1.95639, 1.89021
4.74, 0.0319376, 0.716217, 1.89668, 1.70789, 1.27055, 1.85212, 1.79943, 1.44797, 1.33924, 1.83248, 1.6064, 1.04601, 1.34808, 1.73675, 2.03258, 2.10558, 1.79626, 1.30469, 1.90542, 1.5325, 1.24717, 1.85629, 1.85615, 1.92807, 2.00978, 1.88784, 1.73574, 1.61917, 1.81463, 1.93331, 2.08719
4.76, 0.0319371, 1.18011, 0.897022, 0.839453, 1.38041, 0.934693, 0.862255, 1.02393, 1.03528, 1.64604, 1.17642, 1.12637, 1.73448, 1.58984, 1.8195, 1.5261, 1.74061, 1.89655, 1.80789, 2.05709, 1.51689, 1.22608, 1.24128, 1.7284, 1.85352, 1.81461, 1.63443, 1.72727, 1.62649, 1.85977, 2.05529
4.78, 0.0319371, 0.518005, 1.37537, 1.65258, 1.48876, 1.10467, 1.31435, 1.08804, 1.37834, 1.80584, 1.31826, 0.922284, 1.50231, 1.46024, 1.66175, 1.70783, 1.54114, 1.12069, 1.75059, 2.06675, 1.86146, 1.6433, 1.6008, 1.52204, 1.23915, 1.62801, 1.9304, 1.68572, 1.77177, 2.03005, 2.03046
4.8, 0.0319371, 0.688829, 1.72612, 1.24247, 1.05832, 1.1298, 1.35119, 1.08006, 1.68534, 1.52493, 1.7906, 1.87042, 1.75837, 1.60982, 1.44326, 1.4145, 1.28679, 1.25439, 1.68351, 1.4899, 1.80166, 1.63761, 1.92083, 1.79886, 1.51191, 1.83873, 2.00471, 1.97721, 1.76137, 1.81013, 1.88452
4.82, 0.0319371, 0.732576, 1.51021, 1.54896, 1.18042, 1.36263, 1.83556, 1.46853, 1.65591, 1.78297, 1.67292, 1.73259, 1.74839, 2.23429, 1.83814, 1.599, 1.53781, 1.72938, 1.80609, 1.65226, 1.67712, 1.54973, 1.30869, 1.81035, 1.58598, 1.45932, 1.65235, 1.95111, 1.83066, 1.73852, 1.93119
4.84, 0.0319371, 0.842665, 0.731396, 0.365249, 0.144756, 0.921499, 1.08776, 0.787554, 1.2003, 1.35889, 1.33467, 1.20728, 1.46034, 1.46474, 1.58318, 1.9792, 1.73744, 1.48613, 1.54796, 1.5499, 1.06643, 1.36634, 1.28642, 1.65405, 1.4405, 1.51791, 1.30341, 1.7919, 2.00714, 1.98318, 1.79666
4.86, 0.0319376, 1.41866, 1.67016, 0.352687, 0.665035, 0.933803, 0.686117, 1.1023, 1.39727, 1.87206, 1.28887, 1.41047, 1.04469, 1.2948, 1.54763, 1.76888, 1.36347, 1.20106, 1.13927, 1.75345, 1.45612, 1.71342, 1.24822, 2.03055, 1.86686, 1.63708, 1.45855, 1.83973, 1.89435, 1.59636, 1.7049
4.88, 0.0319376, 1.79151, 1.76204, 1.98596, 0.942222, 1.64895, 1.16451, 1.55517, 1.16047, 1.43045, 1.29887, 1.69163, 1.59146, 1.95635, 1.91179, 1.71683, 1.40047, 1.72625, 1.87999, 1.64874, 1.50269, 1.58393, 1.62751, 1.46828, 1.25348, 1.57484, 1.90479, 2.06825, 1.79475, 2.43307, 2.17079
4.9, 0.0319376, 1.05581, 1.11859, 0.690498, 0.743918, 0.902952, 1.35279, 2.00228, 1.81989, 1.64974, 1.68762, 1.20486, 1.05442, 1.57943, 2.15459, 2.19499, 1.64566, 1.34678, 0.894397, 0.789731, 1.38333, 2.04079, 1.63989, 1.76575, 1.70068, 1.78678, 1.84706, 1.82523, 1.8231, 1.87463, 1.98392
4.92, 0.0319376, 1.7656, 1.22002, 1.39197, 0.941879, 1.17903, 1.29699, 1.57081, 1.61008, 1.66179, 1.86007, 0.67444, 1.60788, 1.86423, 1.69628, 1.66588, 1.89273, 1.93968, 1.85694, 1.68926, 1.43725, 1.20139, 1.42599, 1.4731, 1.8025, 1.7737, 1.53224, 1.67275, 1.75767, 2.05137, 2.0703
4.94, 0.0319376, 0.790746, 1.05914, 1.58371, 1.09747, 1.26168, 0.629147, 0.93086, 1.14076, 1.39932, 1.0062, 1.41316, 1.73021, 1.00935, 1.5934, 1.49147, 1.03949, 1.36377, 1.76438, 1.36155, 1.58063, 1.67504, 1.45693, 1.8804, 2.04583, 2.09114, 2.01814, 1.66194, 2.01146, 1.78261, 2.09305
4.96, 0.0319376, 0.890229, 1.27624, 1.05326, 0.681009, 1.4138, 1.06709, 1.08484, 1.05197, 1.68285, 1.40204, 1.61291, 1.74005, 1.49363, 1.63294, 1.52967, 1.67047, 2.12759, 1.967, 1.70266, 1.65837, 1.80774, 1.78749, 1.44122, 1.78824, 1.63132, 1.56252, 1.74375, 2.01497, 1.98935, 1.92301
