# Time (seconds), Duration (seconds), f0, f1, f2, f3, f4, f5, f6, f7, f8, f9, f10, f11, f12, f13, f14, f15, f16, f17, f18, f19, f20, f21, f22, f23, f24, f25, f26, f27, f28, f29
0, 0.0319375, 0.112889, 0.310962, 0.56606, -0.301108, -0.178871, -0.328564, 0.506531, 0.876619, 1.04981, 1.63237, 1.79143, 1.45988, 1.27281, 2.00123, 1.65511, 1.56603, 2.14722, 2.92204, 2.65382, 1.99754, 2.44815, 2.698, 2.28976, 2.4486, 2.62245, 2.89245, 2.81325, 2.99624, 2.69554, 2.56375
0.02, 0.0319375, 0.00645363, 0.344694, 0.0578311, -0.10957, 0.675605, 0.563627, 0.82696, 1.61013, 1.04665, 0.91541, 1.2481, 1.67659, 1.48239, 2.2096, 1.40034, 1.52852, 2.14962, 1.94818, 2.29929, 2.61658, 2.18516, 1.99801, 2.611, 2.5966, 3.16868, 3.31492, 3.32934, 3.21319, 3.18169, 3.16576
0.04, 0.0319375, -0.827178, 0.235786, 0.188063, -0.0491945, 0.182507, 0.23966, 0.164166, 0.774741, 1.28682, 1.25397, 1.14795, 1.51859, 1.43894, 1.6744, 1.96622, 1.95907, 2.04896, 1.86458, 1.8589, 1.65358, 1.93585, 2.5363, 2.36425, 2.62025, 2.9036, 2.86657, 2.72303, 3.12144, 2.98948, 2.981
0.06, 0.0319375, 0.393926, 0.212227, 0.60231, 0.635865, 0.744661, 1.04133, 1.04626, 1.18616, 0.629646, 1.76118, 1.6861, 1.49458, 1.49274, 1.12846, 1.20325, 1.55741, 2.2583, 2.65813, 2.1748, 2.01047, 2.05714, 2.02011, 2.62849, 2.25176, 2.38437, 2.84811, 2.88367, 2.88178, 2.85743, 2.93622
0.08, 0.0319375, 0.38645, -0.269817, 0.325943, -0.33628, 0.51302, 1.06198, 0.0838861, 1.2306, 1.55735, 1.74673, 1.48054, 1.67502, 2.0549, 1.98187, 1.78612, 2.08485, 2.02581, 1.99618, 2.4788, 2.47161, 2.24587, 2.43867, 2.25736, 2.48817, 2.98822, 3.10474, 3.49007, 3.52959, 3.16704, 3.46675
0.1, 0.0319375, -0.143473, -0.0807128, 0.449092, 0.268944, -0.157541, 0.320968, 0.0881397, 0.584293, 0.41553, 1.17115, 1.24377, 1.2124, 1.31519, 1.31659, 1.68074, 1.425, 1.51389, 2.0912, 1.75248, 1.81294, 1.81196, 2.23444, 2.0195, 2.31698, 2.42679, 2.22668, 2.70706, 2.4683, 2.62342, 2.91792
0.12, 0.0319375, -0.0246693, 0.197049, -0.808119, 0.424804, 0.734418, 0.453102, 0.590977, 0.98176, 0.961302, 1.28599, 0.644192, 0.732317, 1.28193, 1.37645, 1.35606, 1.73251, 1.33251, 1.69456, 2.11748, 1.98108, 2.37485, 1.82491, 2.19964, 1.97554, 2.05812, 2.40191, 2.57399, 3.00839, 3.21664, 3.04527
0.14, 0.0319375, 0.218701, 0.458445, 0.614923, 0.66218, 0.977318, 0.746554, 0.427761, 0.98691, 0.949936, 1.31264, 1.5096, 1.79832, 1.3266, 1.30949, 1.33985, 1.42496, 1.65564, 1.78038, 2.06502, 1.8691, 2.02819, 2.10877, 2.36332, 2.37997, 2.45224, 2.40294, 2.63222, 2.65465, 2.94886, 2.67803
0.16, 0.0319375, -0.192607, 0.199709, -0.176932, 0.709223, 0.732161, 0.175221, -0.244787, 0.467939, 0.817003, 0.764567, 0.480159, 1.60795, 1.92792, 1.4697, 1.02289, 1.56246, 1.20135, 1.79593, 1.62452, 1.90524, 2.05213, 1.84825, 1.95149, 2.0736, 2.10354, 2.37616, 2.59941, 2.55346, 2.51583, 2.67782
0.18, 0.0319375, 1.3593, 1.22939, 1.0582, 0.733351, 1.53518, 1.11277, 0.442475, 0.782435, 1.47673, 1.5444, 1.26699, 1.6704, 2.0006, 2.08425, 2.2641, 2.52694, 2.32511, 2.22998, 2.61113, 2.73706, 2.39564, 2.61536, 2.62618, 2.48949, 3.00626, 3.27095, 3.56615, 3.62923, 3.48516, 3.72045
0.2, 0.0319375, 0.508832, 0.155826, 0.952158, 0.193008, 0.604472, 1.01845, 1.18554, 1.15569, 0.902472, 1.14165, 1.45127, 1.56184, 1.40621, 1.47258, 1.66546, 1.9257, 1.98042, 1.96649, 2.18492, 2.08058, 2.11445, 2.44103, 2.69451, 2.34271, 2.63239, 2.58925, 2.33619, 3.10171, 2.98913, 2.95428
0.22, 0.0319375, -0.387051, 0.214174, -0.176716, 0.537349, 0.810958, 1.21973, 1.21041, 1.14054, 0.827604, 1.2191, 1.11297, 1.24819, 0.755835, 0.754625, 1.17122, 0.881634, 1.35839, 1.85658, 2.13196, 1.88678, 2.01123, 2.33206, 2.745, 2.68271, 2.82605, 3.1789, 3.07363, 3.15896, 3.15596, 3.26985
0.24, 0.0319375, -0.589866, 0.198236, 0.477298, 0.904527, -0.00997904, 0.293636, 0.0986617, 0.747617, 0.596831, 1.19594, 1.38808, 1.20166, 1.66884, 1.52829, 1.17366, 1.08168, 1.55185, 1.74429, 2.06416, 1.9167, 1.93225, 2.29449, 2.17597, 2.47336, 2.67653, 2.60523, 2.64216, 2.89464, 3.02226, 3.20051
0.26, 0.0319375, -0.209782, -0.367771, -0.526589, -0.546116, -0.250066, -0.336002, 0.311928, 0.322123, 0.19184, 0.83968, 0.872858, 1.26709, 1.22719, 1.10353, 1.02551, 1.02294, 1.34303, 1.378, 1.58404, 1.77497, 1.93562, 1.79381, 2.05259, 1.7668, 1.73207, 2.19572, 2.40551, 2.42024, 2.25215, 2.27417
0.28, 0.0319375, 0.0266043, 0.274404, 0.282092, 0.279763, 0.0455789, 0.27216, 0.760292, 0.606381, 1.26793, 1.56785, 2.02969, 2.15861, 2.13587, 1.61059, 1.63544, 1.71109, 1.99684, 1.85925, 1.97315, 1.93377, 1.95543, 2.35701, 2.62131, 2.27279, 2.44155, 2.81191, 3.16058, 2.60908, 2.74105, 3.25554
0.3, 0.0319375, -0.639342, 0.387514, 0.275038, 0.0305555, 0.332076, 0.131171, 0.605344, 1.01384, 1.02324, 0.782571, 0.96906, 1.39676, 1.4023, 1.51817, 1.71026, 1.45623, 1.36926, 1.88186, 1.76964, 1.76888, 1.93324, 2.19317, 2.03042, 2.05932, 2.44078, 2.55721, 2.17362, 2.46296, 2.79749, 2.51923
0.32, 0.0319375, -0.218874, 0.16486, -0.289898, 0.524553, 0.47046, 0.143814, 0.191442, 0.410072, 1.42328, 1.45392, 1.16103, 1.94006, 1.86431, 1.43763, 1.23083, 1.42644, 1.14601, 1.48273, 1.48573, 1.71086, 1.83729, 1.98564, 2.31425, 2.19508, 2.31074, 2.9435, 2.9976, 2.72661, 2.78256, 2.78553
0.34, 0.0319375, 0.887161, 0.538443, 0.710782, 0.173666, 0.38412, 0.649856, 0.423872, 0.93649, 1.27579, 1.51667, 2.14566, 2.09483, 1.67186, 1.45249, 1.45779, 2.0397, 2.34497, 2.69676, 2.60326, 2.32998, 1.88089, 2.20795, 2.1547, 2.67409, 2.62569, 2.82029, 3.09339, 3.18099, 2.88542, 2.97507
0.36, 0.0319375, 0.214705, -0.0385336, -0.535508, 0.0712468, -0.105988, -0.521134, 0.216468, 0.714913, 0.819851, 1.33912, 1.10621, 0.912873, 1.45747, 1.47865, 1.32431, 1.63267, 1.54504, 2.00377, 2.35964, 2.17299, 2.19432, 2.5356, 2.6514, 2.85625, 2.54932, 2.97069, 3.20845, 2.88423, 3.00336, 3.26326
0.38, 0.0319375, 0.0425404, 0.536626, -0.368077, 0.170405, 0.702637, 0.201249, 0.449697, 1.00974, 0.652501, 0.49576, 0.829403, 1.14843, 1.00557, 1.53051, 1.40408, 1.45512, 1.50646, 1.58467, 1.30483, 1.87099, 2.27537, 2.30621, 2.29044, 2.30122, 2.29319, 2.60453, 2.68213, 2.59036, 2.68886, 2.97713
0.4, 0.0319375, -0.216596, -0.40597, -0.464208, -0.368121, 0.200399, 0.366168, 0.836227, 0.560641, 1.03811, 1.18768, 0.597343, 0.634926, 0.844589, 1.64522, 1.63555, 1.60678, 1.02718, 1.65427, 1.52066, 1.70919, 2.05239, 2.30302, 1.96993, 2.23916, 2.33956, 2.7031, 2.4838, 2.34862, 2.56283, 2.6431
0.42, 0.0319375, 0.09399, 0.535552, 0.608157, 0.226557, 0.164668, 0.874067, 0.37154, 0.314087, 0.806164, 0.774779, 1.08358, 0.992089, 1.11239, 1.37223, 1.46716, 1.22292, 1.36713, 1.30838, 1.76238, 2.00965, 2.08779, 1.99541, 2.1535, 2.31013, 2.39239, 2.43854, 2.45122, 2.66235, 2.62273, 2.57506
0.44, 0.0319375, 0.000669136, 0.473253, 0.2903, 0.198245, 0.646742, 0.768392, 0.909891, 0.199935, 1.07574, 1.05292, 1.27377, 1.36467, 1.49003, 1.15212, 1.25771, 0.673912, 1.54261, 1.76679, 1.77749, 1.79494, 1.65594, 1.65262, 1.76879, 2.06319, 1.93476, 2.20733, 2.14395, 2.36583, 2.28352, 2.77445
0.46, 0.0319375, 0.563989, 0.294423, -0.0206759, 0.0362317, 0.732572, 0.663678, 1.02025, 0.600208, 0.328903, 1.22933, 0.870278, 1.30927, 1.14568, 1.22535, 1.82175, 1.41205, 1.11142, 1.38583, 1.57404, 1.91803, 1.98735, 2.00407, 2.05178, 1.95398, 2.21499, 2.37351, 2.41559, 2.52839, 2.3453, 2.52168
0.48, 0.0319375, 0.118951, 0.367943, -0.213035, -0.0475526, 0.131836, 0.733824, 0.485527, 0.45627, 0.663474, 0.778895, 0.724037, 1.3312, 1.37439, 1.60182, 1.29291, 1.14631, 1.03326, 1.16846, 1.37179, 1.21138, 1.56645, 1.68785, 1.7619, 2.23049, 2.6229, 2.49376, 2.31809, 2.72005, 2.532, 2.88243
0.5, 0.0319375, 0.699213, 0.953509, 0.0485772, 0.712262, 0.553331, 0.345554, 1.02526, 0.553951, 1.03286, 1.61052, 0.746213, 0.40445, 1.00618, 1.10923, 1.48825, 1.66297, 1.79687, 1.25677, 1.54384, 1.97245, 2.0891, 2.13029, 2.43585, 2.44958, 2.58334, 2.43322, 2.77303, 2.85358, 2.64604, 2.73854
0.52, 0.0319375, 0.488078, 0.0273022, 0.212899, 0.381026, 1.03636, 0.359856, 0.0114501, 0.358602, 0.547327, 0.46752, 0.564797, 1.06225, 1.47903, 1.74268, 1.4061, 1.53196, 1.99651, 1.55723, 1.71565, 1.88951, 2.03906, 2.33743, 2.38542, 2.02717, 2.28901, 2.55663, 3.09011, 3.33318, 2.69369, 2.92769
0.54, 0.0319375, -0.121518, 0.946138, 0.785061, -0.103014, 0.284909, 0.49402, 0.225451, 0.614466, 1.1885, 0.708855, 0.589181, 0.658468, 1.14806, 1.51161, 1.5039, 1.57923, 1.74587, 1.64542, 1.92546, 1.71108, 1.90915, 1.74247, 2.15921, 2.30546, 2.7446, 2.35218, 2.64457, 2.61236, 2.82336, 2.77245
0.56, 0.0319375, 0.431792, -0.0657758, 0.19078, 0.387162, 0.396704, 0.67199, 0.717097, 0.729661, 0.907215, 1.06657, 1.22249, 0.905812, 1.0491, 1.85665, 1.97487, 1.9181, 2.19257, 1.87333, 1.97004, 1.98631, 2.25046, 2.66929, 2.62706, 2.87502, 3.02182, 2.75741, 2.99397, 3.05413, 2.82102, 3.3423
0.58, 0.0319375, 0.179199, 0.794496, 0.0492187, -0.269174, 0.221982, -0.188538, 0.648511, 0.942022, 1.52811, 0.941004, 1.28886, 1.54916, 1.23483, 1.69662, 1.89926, 1.526, 1.61555, 1.83204, 2.03181, 1.90549, 2.41502, 2.28543, 2.40719, 2.41462, 2.75648, 3.00246, 3.05487, 3.42505, 3.18712, 3.09101
0.6, 0.0319375, -0.341493, 0.487592, 0.424862, 0.880334, 0.841308, 0.551825, 0.859394, 1.03199, 0.687594, 0.0759049, 0.933889, 1.09118, 1.18114, 1.70128, 1.76281, 1.60631, 1.94802, 2.18729, 2.47935, 2.60442, 2.7808, 2.67521, 2.4338, 2.32434, 2.61577, 2.43054, 3.09414, 2.90131, 3.01714, 3.2385
0.62, 0.0319375, -0.193636, -0.282341, -0.209809, -0.139204, 0.225388, 0.312542, 0.0215762, 0.437753, 0.954648, 0.260442, 0.854704, 0.884966, 0.826994, 1.50413, 1.52615, 0.680619, 1.0003, 1.50395, 1.75616, 1.21822, 1.68114, 1.73352, 1.89031, 1.84189, 1.94803, 2.0813, 2.13895, 2.14494, 2.35125, 2.4977
0.64, 0.0319375, 0.682123, 0.269967, -0.247196, 0.0995335, 0.755851, 0.179831, 0.496862, 0.928357, 0.633876, 0.790071, 0.703894, 1.38025, 1.97381, 1.64118, 1.94254, 2.04749, 1.59315, 2.17695, 2.44596, 2.36217, 2.67408, 2.87628, 3.31508, 3.07783, 3.18812, 3.09058, 2.88083, 2.75075, 3.27334, 3.33566
0.66, 0.0319375, -0.407614, 0.657279, 0.468663, 0.153294, 0.868073, 0.256255, 0.250869, 0.749842, 1.01463, 0.308864, 0.860173, 0.851292, 0.982398, 1.59868, 1.58468, 1.9533, 1.52266, 1.72323, 1.84147, 1.89468, 1.68647, 1.98269, 2.16719, 2.06389, 2.30322, 2.50431, 2.38101, 2.71168, 2.86033, 3.07734
0.68, 0.0319375, 0.196334, 0.00636349, -0.0529061, 0.147908, 0.184246, 0.931165, 0.466169, 0.706664, 0.673273, 0.214932, 0.65229, 0.893615, 1.2643, 1.13355, 1.07779, 1.42243, 1.63449, 1.46358, 1.39383, 1.09041, 1.7189, 1.4541, 1.76964, 1.9803, 1.90202, 2.11517, 2.03412, 2.42776, 2.24, 2.74924
0.7, 0.0319375, 0.274154, 0.685985, 0.125242, 0.554006, 0.166433, 0.407975, 0.598213, 0.541965, 0.821228, 1.014, 0.760799, 0.440338, 1.10339, 1.30563, 1.61941, 1.6083, 1.32956, 1.13969, 0.997622, 1.54318, 2.37136, 2.12884, 2.11453, 2.00974, 2.44315, 2.69366, 2.76378, 2.62777, 2.86695, 2.89552
0.72, 0.0319375, -0.553705, -0.470082, -0.650435, -0.202209, -0.0823952, -0.0858041, 0.888133, 0.966814, 0.212845, 0.494009, 0.435825, 1.07619, 0.592789, 0.956061, 1.20854, 1.16091, 1.4611, 1.27371, 1.04529, 1.38109, 1.72415, 1.92984, 1.70325, 1.88164, 1.97142, 2.34628, 2.76871, 2.70135, 2.33533, 2.83789
0.74, 0.0319375, -0.278201, -0.502011, 0.0461439, 0.00192992, 0.480262, 0.382386, 0.0491273, 0.730691, 1.01085, 0.256943, 0.296542, 0.792928, 0.881657, 1.23244, 1.37762, 1.60509, 1.67623, 1.37661, 1.40166, 1.77744, 2.08031, 1.61888, 1.98817, 2.25237, 2.31823, 2.52578, 2.51225, 2.68777, 2.73212, 2.73204
0.76, 0.0319375, -0.206527, 0.408336, 0.0669673, -0.0452211, 0.0125069, 0.31146, 0.207695, 0.140397, 0.582823, 0.679082, 0.674893, 0.909812, 1.50435, 1.04114, 1.14461, 1.24293, 1.35412, 1.7959, 1.61127, 1.47332, 1.25912, 1.63847, 2.04657, 2.1009, 2.05604, 2.35689, 2.84422, 2.9251, 2.32061, 2.69506
0.78, 0.0319375, -0.431147, 0.208031, -0.772064, 0.112153, 0.404139, 0.608859, 0.249191, 0.662677, 0.532991, 0.628411, 0.746653, 1.23385, 1.56188, 1.33717, 0.941007, 1.45491, 1.1154, 1.3491, 1.6744, 2.12933, 2.564, 2.62768, 2.4514, 2.28915, 2.85744, 2.78904, 2.55013, 2.54952, 2.59448, 2.3934
0.8, 0.0319375, -0.310643, -0.277675, -0.136797, 0.350686, 0.216461, 0.296283, -0.28514, 0.00765663, 0.327479, 0.123956, 0.542107, 1.16647, 1.51952, 1.09406, 0.901807, 1.34526, 1.4095, 1.6955, 1.49275, 1.91382, 1.70576, 1.68604, 1.86633, 2.16413, 2.28547, 2.42259, 2.65762, 2.7917, 2.63234, 2.49966
0.82, 0.0319375, 0.0909721, 0.540608, 0.0179342, -0.478393, 0.104557, 0.131392, 0.381405, 0.359201, 0.172782, 0.594448, 0.54008, 0.452052, 1.39052, 1.28903, 1.28942, 1.04828, 1.83328, 1.36054, 1.0559, 1.66508, 1.82426, 1.35018, 1.77343, 2.23831, 2.53172, 2.73011, 3.06313, 2.81238, 2.95547, 2.55389
0.84, 0.0319375, -1.04604, -0.702392, -0.446084, -0.309432, 0.0844336, 0.287857, 0.837423, 1.1123, 0.917053, 0.849779, 0.794378, 0.739846, 1.20445, 1.37211, 1.47733, 1.74117, 1.48306, 1.38996, 1.66313, 1.76364, 2.09007, 2.27121, 2.88327, 2.43722, 2.57924, 2.49523, 2.70621, 2.53912, 2.70033, 2.91676
0.86, 0.0319375, 0.0814487, -0.228078, 0.250538, -0.200477, 0.318747, 0.221233, 0.44454, 0.886954, 0.67757, 1.0892, 0.869628, 1.03752, 0.685725, 1.19604, 1.5796, 1.5005, 1.6134, 1.87267, 1.67468, 1.94376, 2.08197, 2.15867, 2.21274, 2.23936, 2.48898, 2.63178, 2.39014, 2.66734, 3.04669, 3.18385
0.88, 0.0319375, -0.119891, 0.213295, -0.104985, 0.52682, 0.374519, -0.186746, -0.245148, 0.129973, 0.391603, 0.470021, 0.730204, 1.33063, 1.45612, 1.17352, 1.63599, 1.94939, 1.80781, 1.49392, 1.68371, 2.06378, 2.00473, 1.98018, 2.22362, 2.2503, 2.36445, 2.43711, 2.56845, 2.60306, 2.74965, 2.75684
0.9, 0.0319375, -0.93413, -0.641842, 0.445958, 0.220353, 0.295588, 0.653819, 0.653313, 0.863375, 0.947133, 1.17446, 0.572304, 1.00018, 1.09758, 1.38756, 1.70718, 1.71699, 1.49289, 1.92474, 1.7528, 1.84107, 2.29399, 2.1822, 2.52555, 2.39043, 2.54122, 2.57237, 2.77739, 2.92656, 3.16925, 3.17623
0.92, 0.0319375, 0.173986, 0.376006, -0.242245, -0.0519858, 0.347175, 0.370343, 0.8356, 0.555037, 0.704287, 0.983637, 1.21689, 1.19237, 0.91594, 1.43758, 1.43639, 1.3277, 1.5453, 1.25929, 1.50867, 1.48622, 1.79335, 2.04008, 2.20626, 2.38388, 2.75103, 2.98742, 2.68521, 2.85952, 2.76113, 3.06289
0.94, 0.0319375, -0.252223, 0.232228, 0.404895, 0.131458, 0.442065, 0.198034, 0.330867, 0.64603, 0.0550064, 1.42172, 0.95055, 1.64554, 1.83256, 1.26763, 1.58513, 1.70072, 1.99348, 2.09865, 2.14196, 2.37578, 2.43725, 2.93069, 3.02511, 2.91636, 2.99853, 3.14202, 3.09697, 3.29384, 2.94577, 3.15636
0.96, 0.0319375, -0.278448, 0.354664, 0.173205, -0.0498836, 0.860902, 0.363018, 0.699092, 0.909229, 0.707274, 0.0255605, 0.595319, 1.20166, 1.55149, 1.32821, 1.17879, 1.38033, 1.33841, 1.19443, 1.2571, 2.00855, 1.87576, 2.02846, 2.24908, 2.10117, 2.26946, 2.5182, 2.55022, 2.66612, 2.72198, 2.77857
0.98, 0.0319375, -0.608571, 0.625491, 0.395464, 0.744945, 0.674491, 0.479579, 1.29672, 1.54218, 1.36266, 0.862248, 0.650673, 1.61142, 1.14512, 1.00309, 0.811784, 0.877001, 1.049, 1.06709, 1.35292, 1.62622, 1.82374, 2.14299, 2.63954, 2.6092, 2.62128, 2.6476, 2.71674, 3.09341, 3.22471, 3.02294
1, 0.0319375, -0.31989, -0.108157, -0.520656, -0.241938, 0.315904, 0.278089, 0.294602, 0.860209, 1.15381, 1.3309, 0.971167, 1.02284, 1.23338, 1.59012, 2.12926, 2.07205, 1.63832, 1.88911, 1.47508, 1.64859, 2.18111, 2.00841, 2.49343, 2.72217, 2.66946, 3.06481, 3.10645, 3.09098, 3.59641, 3.23964
1.02, 0.0319375, -0.0437258, 0.28215, 0.275851, 0.176757, 0.498617, 0.66734, 1.1706, 0.901953, 0.581654, 0.424536, 0.95758, 1.00071, 1.35646, 1.19138, 1.42359, 0.969245, 1.43794, 1.56717, 1.48581, 2.05467, 2.3044, 2.10974, 2.07333, 2.47627, 2.38904, 2.57807, 2.57984, 2.67545, 2.47151, 2.87281
1.04, 0.0319375, 0.349904, 0.0763545, 0.191265, 0.285146, 0.515741, 0.338691, 0.186859, 0.673406, 0.446169, 0.930443, 0.468377, 1.10095, 1.37242, 1.60759, 1.33835, 1.6864, 1.67814, 1.55305, 1.66373, 1.40105, 1.58781, 1.93403, 1.6534, 2.35222, 2.564, 2.1472, 2.14092, 2.15682, 2.72986, 2.71859
1.06, 0.0319376, -0.420453, 0.664725, 0.75683, 0.22034, 0.333002, 0.539894, 1.10969, 0.846476, 0.56076, 0.829725, 0.577808, 1.0435, 1.1476, 1.19181, 1.53118, 1.68932, 1.58211, 1.40641, 1.43682, 1.64499, 2.03899, 2.23467, 2.01859, 2.35994, 2.25072, 2.40942, 2.38118, 2.63503, 2.52524, 2.75723
1.08, 0.0319375, -0.802435, -0.00392742, 0.467248, 0.0303834, 0.29123, -0.136317, 0.703753, 1.02029, 0.621394, 0.655265, 0.519177, 0.59664, 0.873651, 0.756161, 1.06817, 1.45405, 1.40322, 0.698154, 1.37907, 1.63935, 1.74301, 2.0551, 2.07865, 2.14029, 2.41947, 2.34505, 2.70553, 2.87206, 2.67929, 2.72663
1.1, 0.0319375, -0.23099, -0.0448145, -0.432498, -0.172046, -0.455248, -0.248083, 0.560238, 0.407034, 0.919943, 0.451629, 0.683128, 1.14257, 1.33748, 1.66794, 1.36917, 1.05514, 1.5409, 1.73397, 1.73561, 1.28377, 1.55088, 1.75101, 2.11975, 2.35216, 2.21895, 2.36236, 2.38554, 2.24367, 2.5759, 2.69022
1.12, 0.0319375, 0.423801, 0.152951, 0.667887, 0.654464, 1.00819, 0.94248, 0.471005, 0.837342, 0.200645, 0.970912, 0.933726, 1.15091, 1.63454, 1.28749, 1.42734, 1.45588, 1.45658, 1.87749, 1.75001, 1.85072, 2.49791, 3.02349, 2.37957, 2.20039, 2.87437, 2.94994, 3.08271, 2.91212, 2.88492, 2.9281
1.14, 0.0319375, 0.222135, 0.588249, 0.553013, 0.211118, 0.582062, 0.248257, 0.0814312, 0.764778, 0.880775, 0.334013, 1.05469, 1.96708, 2.19656, 1.98907, 1.52506, 1.63871, 1.28001, 1.2465, 1.51994, 1.72713, 2.21005, 2.67889, 2.48438, 1.86545, 2.43757, 2.50285, 2.68623, 2.73522, 2.60595, 2.75728
1.16, 0.0319375, -0.413169, 0.441599, -0.474755, -0.454626, 0.414293, 0.080416, 0.0446439, 0.474124, 0.728157, 0.885529, 1.04608, 1.34891, 1.27956, 1.26327, 1.18395, 1.00057, 1.19094, 1.64883, 1.83288, 1.76514, 1.96537, 2.51962, 2.38129, 2.09994, 2.21347, 2.41387, 2.54572, 2.79135, 2.59833, 2.58039
1.18, 0.0319376, 0.478565, 0.446323, 0.594294, 0.059824, 1.01021, 0.588292, 1.0396, 1.07205, 0.960642, 1.24736, 1.55152, 1.33333, 1.90187, 2.02307, 2.09996, 1.7353, 1.90088, 2.5384, 2.52467, 2.75302, 2.94089, 2.4856, 2.88119, 2.84746, 2.87208, 2.6656, 3.03271, 2.99214, 3.19542, 3.36893
1.2, 0.0319375, -0.424899, 0.459467, 0.662172, 0.221808, 0.914794, 0.784044, 0.382519, 0.879574, 0.796217, 1.04578, 0.816544, 0.998024, 0.617218, 0.831009, 0.732707, 1.46729, 1.61636, 1.281, 1.61694, 1.7606, 2.24498, 2.13966, 2.21741, 1.93015, 1.99049, 2.61512, 2.5692, 3.05172, 3.06726, 2.95848
1.22, 0.0319375, 0.334444, -0.178956, -0.763944, -0.105962, 1.04879, 0.993628, 0.997397, 0.974982, 0.480918, 1.30676, 0.992113, 1.33606, 0.999231, 1.74917, 1.90647, 1.88877, 1.53122, 2.00943, 1.87836, 2.20865, 2.5665, 2.23626, 2.38271, 2.34096, 2.57665, 2.53161, 2.65407, 2.73354, 2.47088, 3.05208
1.24, 0.0319375, -0.289811, -0.122419, -0.0263778, -0.366931, -0.054517, 0.60429, 1.36381, 0.551439, 1.34381, 0.297797, 0.823732, 1.1761, 1.18517, 1.39943, 1.27323, 1.80662, 2.53955, 2.43157, 1.93598, 2.12547, 2.39637, 2.53121, 2.35102, 1.97388, 2.06901, 2.28797, 2.85273, 2.8413, 2.85938, 2.67551
1.26, 0.0319375, 0.157041, 0.540165, 0.0604436, -0.319104, -0.058205, 0.455143, 0.094557, 0.520012, 0.71897, 0.939251, 0.833651, 0.728264, 0.738595, 1.49845, 1.24907, 1.3513, 1.45802, 1.92899, 1.83025, 1.76806, 1.84468, 2.16682, 2.05806, 2.55661, 2.84233, 2.53993, 2.33423, 2.49737, 2.61301, 3.0469
1.28, 0.0319375, 0.0164757, -0.236075, 0.0469617, 0.68338, 1.11146, 1.00704, 0.936835, 0.773564, 1.03466, 1.0933, 1.39881, 1.62366, 1.84598, 1.63913, 1.35385, 1.77793, 2.05447, 1.94733, 1.72952, 2.00233, 2.55171, 2.33643, 2.41409, 2.40713, 2.56782, 2.43446, 2.56756, 2.59047, 2.92855, 3.46041
1.3, 0.0319376, 0.67859, 0.700594, 0.571579, 0.612784, 0.330638, 0.383461, 0.370909, 0.35918, 0.480257, 0.602335, 0.424031, 1.04769, 1.07859, 1.01477, 1.18295, 1.13517, 1.31068, 1.62932, 1.66671, 2.07258, 2.3252, 1.77039, 2.10456, 2.09758, 2.21581, 2.53841, 2.84148, 2.51445, 2.41842, 2.65131
1.32, 0.0319375, 0.428698, 0.44904, 0.398971, 0.23322, 0.118691, -0.0933436, 0.138988, 0.973778, 1.27007, 1.5504, 1.06617, 1.26194, 1.53894, 1.92433, 1.70173, 1.82424, 2.19138, 1.6066, 2.17069, 2.20704, 2.41971, 2.4479, 2.70111, 2.56726, 2.21407, 2.08736, 2.39527, 2.92622, 2.62403, 2.64758
1.34, 0.0319375, -0.0610211, 0.0967093, -0.224462, 0.339313, 0.342624, 0.624366, 1.10554, 0.393834, 0.606065, 0.868966, 0.652906, 0.788406, 1.16599, 1.31088, 1.36745, 1.36962, 1.47228, 1.77075, 2.10557, 1.83939, 2.01808, 2.34237, 2.56632, 2.66907, 2.23662, 2.55234, 2.20194, 3.31193, 3.03258, 2.86032
1.36, 0.0319375, 0.0579836, -0.233931, -0.857063, 0.152057, 0.159475, 0.364569, 0.449237, 0.782523, 0.544931, 0.703872, 0.0798922, 0.67227, 1.03305, 1.61004, 1.37593, 1.16403, 1.09759, 1.24336, 1.93201, 1.51547, 1.30654, 2.11664, 2.46904, 2.22515, 2.12039, 2.24493, 2.47502, 2.68411, 2.77881, 2.89237
1.38, 0.0319375, -0.422451, -0.351151, -0.221349, -0.164521, -0.196537, 0.296868, 0.938622, 0.385583, 0.364246, 0.433752, 0.36504, 0.882738, 0.467692, 1.25348, 1.25503, 0.910916, 1.47167, 1.31526, 1.4949, 2.27999, 2.3233, 1.7468, 1.91817, 2.32078, 2.22851, 2.13961, 2.79167, 2.57581, 2.61971, 2.79788
1.4, 0.0319375, 0.684762, 0.175059, -0.570291, -0.637345, 0.0471796, 0.307406, 0.631252, -0.00648187, 0.804323, 0.918802, 1.06413, 1.08587, 1.46631, 1.90591, 1.43865, 1.37016, 1.6425, 1.83724, 1.8845, 1.95737, 2.28372, 2.27743, 2.73533, 2.71601, 2.60437, 2.82978, 2.67536, 2.69219, 2.84079, 3.06959
1.42, 0.0319376, -0.234722, -0.0462622, -0.230519, -0.671001, 0.399589, 0.203215, -0.358909, 0.335882, 0.44074, 0.50095, 0.533957, 1.52829, 1.44896, 1.48977, 1.64573, 1.40156, 1.58462, 1.59384, 1.62058, 1.63994, 1.23784, 1.63909, 2.18289, 2.21867, 2.83154, 2.60981, 2.37903, 2.39577, 2.50093, 2.62151
1.44, 0.0319375, -0.274281, -0.679417, -0.167302, -0.222216, 0.773326, 0.263171, -0.353266, 0.94556, 0.859348, 1.44669, 1.16431, 0.723926, 0.746996, 1.01863, 1.19004, 1.21406, 1.58687, 2.0005, 2.15196, 1.9785, 2.10042, 2.32414, 2.53232, 2.4904, 2.80984, 2.6292, 2.49477, 2.89064, 2.97621, 3.23217
1.46, 0.0319375, 0.093323, 0.310644, -0.115759, 0.143388, 0.0431728, 0.318623, 0.0267025, 0.711779, 0.629244, 0.0547616, 0.790956, 0.904572, 0.708862, 1.58442, 1.45959, 1.41169, 1.50472, 1.50146, 1.37844, 1.83686, 2.0134, 2.25773, 2.39606, 2.22886, 2.60529, 2.73626, 2.89332, 2.79461, 2.63664, 2.95561
1.48, 0.0319375, -0.568966, -0.156891, -0.0462705, 1.01205, 1.07969, 0.953519, 0.355228, 0.608015, 0.665487, 0.987101, 1.205, 1.29254, 1.21848, 1.04846, 1.19945, 1.95656, 1.9488, 2.36843, 2.29115, 2.56055, 2.43215, 2.2688, 2.54248, 2.59993, 2.69177, 2.97498, 3.13884, 3.01693, 2.74903, 2.74513
1.5, 0.0319375, -0.416179, -0.186106, -0.275756, 0.164333, -0.291978, 0.244771, 0.118878, 0.265293, 0.401758, 0.659236, 0.30354, 0.943587, 0.788592, 1.50891, 1.95974, 1.71871, 1.44761, 1.81643, 1.66442, 1.87143, 2.14457, 2.27744, 2.19631, 2.54006, 2.30024, 2.28013, 3.13668, 3.23053, 3.03173, 2.74761
1.52, 0.0319375, 0.260779, 0.388796, 0.161501, 0.409952, 0.579496, 0.272997, 0.76798, 1.02654, 0.759469, 0.739423, 1.26749, 1.41853, 1.16093, 1.46045, 1.47532, 1.5383, 1.27307, 2.21909, 1.97149, 1.80744, 1.53417, 2.06198, 2.31103, 2.54842, 2.44908, 2.4509, 2.74038, 2.61956, 2.93095, 2.81909
1.54, 0.0319375, 0.0580001, 0.22707, 0.354403, 0.336808, 0.01188, -0.855696, 0.754617, 1.07018, 1.20249, 0.985459, 1.37177, 1.41913, 1.25852, 0.945551, 1.39556, 1.22455, 1.81902, 2.31038, 1.64781, 1.56054, 1.68688, 2.02658, 2.25596, 1.9815, 2.44139, 2.34766, 2.7757, 2.7907, 2.61106, 3.01166
1.56, 0.0319376, 0.803875, -0.139104, 0.386582, 0.569923, 0.500446, 0.182813, 0.162497, 1.2538, 1.28514, 1.31483, 1.2162, 0.541505, 1.32764, 1.01619, 1.45825, 1.80936, 1.55301, 1.12609, 1.66626, 1.8999, 2.18943, 2.64578, 2.68317, 2.29128, 2.70758, 2.87688, 3.17194, 2.90127, 2.79271, 3.08264
1.58, 0.0319375, 0.605155, 0.370854, 1.10721, 0.753641, 0.965274, 0.868642, 0.69034, 0.666959, 0.753341, 1.34348, 1.30961, 1.67752, 0.955729, 0.998343, 0.889251, 1.1231, 1.55233, 1.87827, 1.91835, 1.99463, 1.8177, 2.28398, 2.63055, 2.67469, 2.4201, 2.41839, 3.00451, 3.18977, 2.91412, 3.15993
1.6, 0.0319375, -0.0354536, -0.167536, 0.265561, 0.365886, 0.665895, 0.233317, 0.199281, 0.451977, 0.884394, 0.880726, 0.645744, 0.908496, 1.12033, 0.90218, 1.09835, 1.84654, 1.82561, 1.87561, 1.54423, 1.63498, 1.94513, 2.30641, 2.75786, 2.27194, 2.26293, 2.86138, 2.75308, 2.62919, 2.8725, 3.24282
1.62, 0.0319375, 1.1261, 0.905579, 0.727088, 1.5239, 0.812987, 0.176917, 0.713613, 1.38013, 0.560361, 1.41362, 1.73395, 1.51736, 2.29648, 1.86922, 1.96477, 2.14218, 1.70702, 1.69398, 2.00005, 2.05659, 2.37289, 2.25509, 2.99149, 2.47518, 2.77013, 3.03262, 3.00527, 2.89277, 3.05692, 3.42864
1.64, 0.0319375, 0.525076, -0.207362, 0.337202, -0.0560887, -0.424952, 0.680629, 0.71008, 0.539785, 1.03676, 1.06536, 1.40032, 1.48244, 1.13076, 1.07934, 0.984537, 1.07497, 0.97234, 1.31707, 1.97208, 1.95417, 1.91611, 2.0538, 2.02924, 2.51108, 2.05449, 2.29459, 2.20575, 2.05, 2.71529, 2.59897
1.66, 0.0319375, 0.182604, -0.0349757, -0.799561, -0.3485, 0.41282, 1.06872, 0.832251, 0.738464, 1.47965, 0.565107, 1.03521, 0.934177, 1.49215, 1.74199, 1.87017, 1.66392, 1.41163, 1.71317, 1.91345, 1.55138, 1.97833, 2.28215, 2.23265, 2.35916, 2.73326, 2.8629, 2.83088, 2.72109, 2.79783, 3.10939
1.68, 0.0319376, 0.518077, 0.878767, 0.685589, 0.306312, 0.0869435, 0.878007, 0.781066, 0.135766, 0.771739, 1.09059, 0.98117, 0.836384, 1.19583, 1.17239, 1.10598, 1.47307, 1.82164, 1.72802, 2.19713, 2.12062, 1.86403, 2.01179, 1.94855, 2.27679, 2.793, 2.75569, 3.06268, 3.03645, 3.06437, 3.0076
1.7, 0.0319375, 0.198119, 0.50322, -0.0286767, -0.686395, 0.566626, 0.537121, 1.14637, 0.770422, 0.326437, 1.232, 1.10019, 1.33424, 1.4353, 0.877173, 0.75531, 1.35865, 1.36657, 1.21598, 1.60851, 1.88676, 1.91905, 2.09896, 2.14627, 2.23723, 2.3204, 2.84886, 2.71098, 2.46109, 2.42854, 2.58833
1.72, 0.0319375, 0.498662, -0.234, 0.0243201, -0.404904, -0.456816, 0.452613, 0.429941, 0.526372, 0.691236, 0.625863, 1.02612, 1.24316, 1.27411, 1.23506, 1.05107, 0.986292, 1.17546, 1.46691, 1.67019, 1.73372, 1.88683, 2.29396, 2.60693, 2.3691, 2.57482, 2.33192, 2.87226, 2.91495, 2.9996, 2.89502
1.74, 0.0319375, 0.258955, -0.0479528, -0.966185, -0.614721, -0.466033, -0.294261, 0.346588, 0.871978, 0.716105, 0.928709, 0.36825, 0.942214, 0.7072, 1.04199, 1.35166, 1.22856, 1.27543, 1.3832, 1.60395, 1.53833, 2.01301, 2.32507, 2.27569, 2.04092, 2.44738, 2.69309, 2.65312, 2.89998, 2.62203, 2.76611
1.76, 0.0319375, -0.474042, 0.148898, 0.0459489, -0.595035, -0.337305, 0.643778, 1.01916, -0.149653, 0.474261, 0.93241, 0.90454, 0.566366, 0.850477, 1.12737, 1.11396, 1.4225, 1.63919, 1.71331, 1.51798, 2.26967, 2.4356, 2.52762, 2.8818, 2.62152, 2.54032, 2.80776, 2.88153, 2.7605, 2.70587, 2.4375
1.78, 0.0319375, 0.0362594, 0.566099, 0.472586, 0.590121, 0.478828, 0.444552, 0.622319, 1.2907, 0.90891, 0.784689, 0.605801, 0.95649, 1.16406, 1.58731, 1.51583, 1.48858, 1.70712, 1.79566, 1.73778, 2.06358, 2.00145, 2.56743, 2.90958, 2.61507, 2.46588, 2.83301, 2.52071, 2.76953, 2.8704, 3.00415
1.8, 0.0319376, -0.503305, -0.00986647, -0.564758, -0.150957, 0.156174, 0.225285, 0.638513, 1.01734, 0.646073, 0.696781, 0.793851, 0.465588, 1.36963, 1.39831, 0.652615, 1.57846, 1.71701, 1.72129, 1.67569, 1.82965, 1.78996, 1.7273, 2.09, 2.43478, 2.20278, 2.42897, 2.17162, 2.50343, 2.41403, 2.78652
1.82, 0.0319375, -0.286715, 0.229983, 0.458766, 0.56049, 0.675278, -0.148493, 0.410273, 0.340277, 1.16246, 1.07654, 0.640425, 0.942223, 1.17275, 1.36783, 1.77584, 2.01195, 1.70443, 1.64366, 1.77512, 1.74187, 1.60367, 1.815, 2.25688, 2.28348, 2.39261, 2.24221, 2.42609, 3.05604, 3.18719, 2.82446
1.84, 0.0319375, -0.0686227, 0.700214, -0.105612, 0.0239093, 0.822806, 1.00883, 0.911281, 1.07096, 1.17822, 1.23274, 1.0286, 0.960159, 0.848694, 1.23745, 0.955241, 1.55082, 1.77779, 2.17368, 1.91021, 1.97538, 2.41202, 3.07881, 2.97778, 2.64749, 2.633, 2.67848, 2.83686, 2.9709, 3.10761, 3.33645
1.86, 0.0319375, -0.166353, -0.529649, -0.331628, -0.322345, 0.495349, 0.656062, 0.380839, 0.722107, 1.21124, 1.46831, 1.92325, 1.89643, 1.5658, 0.986988, 1.14172, 1.32155, 1.56437, 2.09121, 1.97378, 2.11967, 2.32284, 2.16809, 2.47646, 2.80331, 2.97675, 3.1684, 2.79425, 2.75917, 3.11487, 3.05043
1.88, 0.0319375, -0.221911, 0.206313, 0.336603, 0.156548, 0.968559, 0.26757, 0.213998, 0.69683, 0.846301, 1.13496, 1.22639, 1.00144, 1.12204, 1.18019, 1.2956, 1.46886, 1.59007, 1.75914, 1.55998, 1.57412, 1.77684, 1.98663, 2.3185, 2.08385, 2.4908, 2.56699, 2.88386, 2.64908, 2.81041, 2.96093
1.9, 0.0319375, 0.226661, 0.0882238, -0.221593, 0.0468659, 0.0649301, 0.799526, 0.600074, 1.08749, 0.902372, 0.974805, 0.708783, 0.495256, 1.18646, 1.42483, 1.05272, 1.64584, 1.97499, 2.24218, 2.26045, 2.09367, 2.28481, 1.98056, 2.05892, 2.28995, 2.94502, 2.63226, 2.52074, 3.01412, 3.19125, 3.09978
1.92, 0.0319376, -0.701879, 0.254301, 0.654973, 0.304507, 0.898456, 0.624784, 0.362249, 0.61249, 0.57443, 0.805397, 0.482401, 0.470581, 1.36591, 1.37653, 1.18788, 0.826378, 1.5066, 1.37753, 1.57822, 1.88496, 2.01545, 1.93886, 1.87636, 2.093, 2.03518, 1.9716, 2.35388, 2.5909, 2.38366, 2.60723
1.94, 0.0319375, -0.022337, 0.0390882, -0.641961, -0.198636, 0.622488, 0.201597, -0.0939609, 0.604617, 1.06399, 1.08933, 1.48078, 1.37809, 0.962722, 1.022, 0.911618, 1.38375, 1.64575, 1.57062, 1.34919, 1.77475, 1.89282, 2.04498, 2.25945, 2.27099, 2.45631, 2.15301, 2.53683, 3.10621, 2.69468, 2.88023
1.96, 0.0319375, 0.212226, -0.609146, -0.0703105, 0.533986, 0.28063, -0.00625626, 0.361424, 0.455445, 0.733233, 1.10494, 0.5004, 0.604464, 0.979845, 1.23215, 1.15369, 1.8517, 1.61928, 1.51212, 1.47077, 1.37407, 1.77312, 2.13867, 2.40808, 2.02498, 2.14342, 2.36067, 2.44008, 2.51795, 2.39283, 2.67421
1.98, 0.0319376, 0.0596597, 0.379373, 0.870038, 0.472564, 0.794966, 0.187611, 0.284876, 0.949836, 1.32313, 1.23821, 1.27415, 1.56173, 1.82369, 1.64238, 1.97431, 1.96788, 2.14689, 2.44771, 2.43285, 2.81188, 2.83434, 2.94856, 2.69593, 2.74087, 2.89575, 2.86677, 2.85336, 3.04953, 3.00637, 2.91326
2, 0.0319376, 0.57744, 0.725358, -0.369647, -0.438897, -0.192861, 0.535956, 0.595465, 1.14196, 0.895745, 1.05526, 0.907426, 1.12658, 1.44662, 1.12932, 1.04939, 1.5192, 2.19151, 1.51802, 1.38807, 1.95936, 1.71843, 2.26732, 2.62819, 2.87345, 2.93327, 2.66046, 2.75323, 3.12897, 3.16553, 3.08237
2.02, 0.0319376, -0.0647236, -0.312522, 0.0605148, 0.0411013, 0.370969, 0.380121, 0.319523, 0.624858, 0.465922, 0.283794, 0.817961, 1.11976, 1.079, 1.58189, 1.38483, 1.41557, 1.43697, 1.42906, 1.86778, 1.47575, 1.94709, 2.33587, 2.29461, 2.40135, 2.31367, 2.67188, 2.87356, 2.84728, 2.7657, 3.04046
2.04, 0.0319376, -0.214226, 0.288, 0.188412, -0.366098, 0.428149, 0.501013, 0.0869108, 0.820037, 0.791515, 1.03696, 1.06818, 1.18084, 1.14876, 1.51345, 1.32992, 1.16347, 1.42062, 1.6188, 1.30116, 1.29321, 1.45641, 1.75934, 1.67463, 1.33466, 1.82385, 1.98668, 2.5082, 2.55297, 2.53377, 2.35223
2.06, 0.0319376, 0.976127, 1.07443, 0.882671, 0.795515, 0.864868, 1.18927, 0.858841, 0.868287, 0.544292, 0.747907, 0.809873, 1.0675, 1.11636, 1.09225, 1.49182, 1.76055, 1.86887, 1.37651, 1.57883, 2.00013, 2.18701, 1.96437, 2.24407, 2.23736, 2.56904, 2.54071, 2.95743, 2.7751, 3.02281, 3.23183
2.08, 0.0319376, -0.109383, -0.0360695, 0.29532, 0.563468, 0.615517, 0.502244, 0.606563, 0.729358, 1.07037, 1.1196, 1.33562, 1.50328, 1.44975, 1.11233, 1.59934, 1.56904, 1.73019, 1.84034, 2.04615, 1.99134, 1.85416, 1.8732, 2.0911, 2.28686, 2.16955, 2.54116, 2.85512, 2.93935, 2.91244, 2.85384
2.1, 0.0319376, 0.812376, 1.01093, 0.493116, -0.0179667, 0.422701, 0.804856, 1.0958, 0.579385, 1.11564, 1.04402, 1.10859, 0.905476, 1.11804, 1.62299, 1.25988, 1.53321, 1.32256, 1.95285, 1.65214, 1.91331, 2.19074, 2.42317, 2.6074, 2.4351, 2.5029, 2.46327, 2.72604, 3.07465, 2.58842, 2.76974
2.12, 0.0319376, -0.555524, -0.185989, -0.267493, 0.0421856, 0.396614, 0.0195042, 0.214641, 0.430157, 1.28397, 0.937959, 1.28359, 1.03869, 0.81337, 0.585655, 0.990021, 1.53595, 1.29688, 1.65273, 1.62847, 1.74272, 1.58589, 2.1112, 2.23373, 2.4845, 2.65046, 2.37455, 2.67481, 2.90028, 2.50686, 2.86828
2.14, 0.0319374, 0.0841031, 0.197722, 0.28779, 0.212171, 0.628403, 0.743994, 0.214635, 0.512339, 0.961995, 1.25689, 1.50313, 1.39614, 1.60745, 1.4491, 1.59849, 1.12059, 0.820816, 1.41859, 1.73947, 1.50858, 1.69573, 1.51426, 1.84972, 1.77534, 1.65507, 2.0026, 2.10866, 2.51884, 2.60064, 2.32765
2.16, 0.0319374, -0.597079, 0.137578, 0.470451, -0.0919708, 0.367655, 0.67303, 0.991864, 0.567189, 0.83191, 0.292734, 0.565051, 1.51852, 1.29722, 1.14367, 1.49853, 1.64698, 2.21419, 1.9836, 2.46694, 1.9369, 2.18373, 2.00633, 2.35185, 2.40258, 2.38732, 2.63267, 2.3917, 3.11021, 3.16441, 3.32595
2.18, 0.0319374, 0.0754621, 0.0482651, -0.0265572, 0.0654424, -0.093006, 0.12133, 0.222335, 0.884198, 0.990683, 0.901478, 1.05016, 1.35357, 1.23512, 1.80956, 1.65738, 1.54604, 1.79773, 1.59476, 1.79622, 1.7138, 1.95847, 2.35628, 2.57349, 2.70321, 2.60233, 3.13261, 2.85857, 2.58945, 2.61056, 2.78686
2.2, 0.0319374, -0.413256, 0.456705, 0.112003, 0.476151, 0.229262, 0.201849, 0.487419, 0.809967, 0.245629, 0.500817, -0.0478009, 1.56433, 1.52353, 1.42659, 0.911294, 1.315, 1.62482, 2.21758, 2.29279, 1.80742, 2.11558, 2.32297, 2.77798, 3.05806, 2.82354, 2.70578, 2.81999, 2.81538, 2.44879, 2.78866
2.22, 0.0319374, 0.574134, -0.136099, 0.0616813, 0.120558, 0.535675, 0.578023, 0.451515, 0.823996, 1.45615, 0.915417, 1.04521, 1.66708, 1.30533, 1.3592, 1.09782, 1.33914, 1.6152, 1.56915, 1.60035, 1.8798, 2.31518, 2.12191, 2.37558, 2.38704, 2.66624, 2.67879, 2.61906, 2.69289, 2.44572, 2.73224
2.24, 0.0319376, -0.714864, -0.457719, -0.00532523, 0.443296, 0.506082, 0.295161, -0.0702149, 0.661447, 0.821792, 0.866071, 0.840979, 0.947447, 0.800805, 1.27483, 1.03169, 1.37895, 1.58018, 1.55315, 1.85558, 1.76593, 2.14477, 2.33733, 2.32713, 2.10927, 2.50163, 2.57623, 2.72459, 2.81476, 2.87976, 2.85714
2.26, 0.0319376, 0.0399086, -0.0968213, 0.0630407, -0.292755, 0.128241, -0.0516523, 0.718229, 0.650466, 1.07388, 1.0969, 0.958831, 1.20402, 1.47755, 0.998882, 0.938271, 1.30433, 1.2537, 1.53878, 1.78124, 1.83708, 2.09393, 2.03061, 2.21001, 2.6434, 2.05811, 2.77681, 2.95636, 2.90011, 2.68676, 3.01914
2.28, 0.0319376, -0.850049, -0.156217, 0.0605428, 0.38166, 0.108038, 0.191242, 0.280692, 0.542163, 1.40604, 0.700702, 0.649605, 1.02003, 1.76392, 1.76982, 1.31391, 1.46245, 1.84503, 1.73653, 2.09016, 2.2805, 1.89779, 1.94053, 1.73247, 2.30524, 2.43284, 2.50912, 2.6665, 2.77109, 2.69627, 3.00152
2.3, 0.0319376, -0.920946, -0.569198, -0.784133, 0.136576, 0.61876, 1.0449, 1.06505, 0.740833, 0.519429, 0.521004, 0.911088, 1.37805, 1.34973, 1.2653, 1.71286, 1.88822, 2.03278, 2.24961, 1.89782, 1.70347, 1.61532, 2.00967, 2.42423, 2.30227, 2.72011, 2.61378, 2.65044, 2.91575, 3.02347, 2.91123
2.32, 0.0319376, 0.493012, -0.0329079, -0.366856, 0.386531, 0.435429, 0.423036, -0.215897, 0.521383, 0.691119, 0.588411, 0.964121, 1.16166, 1.15009, 1.12521, 1.06958, 1.30861, 1.42681, 1.79858, 2.04406, 2.05169, 2.39383, 2.34952, 1.94422, 2.10611, 2.4081, 2.79489, 2.6328, 2.70375, 2.94863, 2.74312
2.34, 0.0319376, 0.3691, 0.313534, 0.436794, -0.16563, 0.121701, 0.436119, 0.456823, 0.122609, 0.767833, 0.976725, 0.498738, 1.68407, 1.52155, 1.15739, 1.06955, 1.39233, 1.52137, 1.94494, 1.97269, 2.10148, 1.94541, 1.69689, 2.2476, 2.38139, 2.25268, 2.67086, 2.37357, 3.00028, 2.8452, 2.79402
2.36, 0.0319376, 0.762433, 0.746589, 0.155327, 0.330658, 0.352136, 0.397194, 0.797678, 0.824798, 1.19865, 0.663335, 0.685097, 1.07123, 1.01033, 1.09064, 1.29903, 1.21972, 1.01691, 1.46659, 1.90714, 1.37137, 1.55548, 2.05089, 1.96014, 1.88582, 2.53978, 2.15994, 2.68606, 2.72425, 2.45311, 2.78793
2.38, 0.0319374, 0.27856, 0.578848, 0.872736, -0.0642197, 0.602603, 0.667685, 0.336346, 0.83103, 0.855748, 0.253784, 0.239818, 1.10384, 0.590252, 1.40779, 1.14855, 1.60349, 1.62318, 1.30974, 1.49328, 1.93993, 2.31851, 2.17688, 2.3119, 2.66556, 3.06317, 3.11264, 2.94762, 3.13717, 3.26407, 3.34147
2.4, 0.0319374, 0.521298, -0.173765, 0.396705, 0.465559, 0.46369, 0.166488, 0.372245, 0.661902, 1.08192, 0.882525, 1.2841, 1.33227, 1.18614, 1.35981, 1.30357, 0.88397, 1.73217, 1.74396, 2.02003, 2.27694, 2.02287, 2.17295, 2.27043, 2.45491, 2.50626, 2.4222, 2.5309, 2.71253, 2.57559, 2.94778
2.42, 0.0319374, 0.491957, 0.254316, 0.661788, 0.500113, 0.771265, 0.361339, 0.293346, 0.0899421, 0.581119, 0.803359, 1.13262, 1.28116, 0.756565, 1.39577, 1.37574, 1.72341, 1.74658, 1.4655, 1.6489, 1.3517, 1.60988, 2.00197, 2.2155, 2.09128, 2.36496, 2.64498, 2.55212, 2.19839, 2.54667, 2.6803
2.44, 0.0319374, 0.260856, 0.406387, 0.255414, 0.369049, 0.739588, 0.489433, 0.485966, 0.822574, 0.813446, 0.932173, 1.14566, 1.22802, 1.01457, 1.02864, 1.35403, 1.63473, 1.12242, 1.22364, 1.18369, 1.24947, 1.3962, 1.58685, 1.77619, 1.79829, 2.22506, 2.48143, 2.77803, 2.5798, 2.7364, 2.54049
2.46, 0.0319374, -0.166909, -0.00355188, 0.103939, -0.00691577, 0.0105927, 0.0724608, 0.301731, 1.29438, 0.48516, 0.468917, 0.365651, 1.11625, 1.49491, 1.31569, 1.38452, 1.94376, 1.40146, 1.67466, 2.02483, 1.66714, 1.84593, 1.94711, 2.37395, 2.46448, 2.50915, 2.52712, 2.389, 2.57584, 2.81911, 3.05447
2.48, 0.0319376, 0.183179, 0.030035, 0.539787, 0.210197, 0.260536, 0.448485, -0.0480784, 0.398048, 0.967561, 1.16386, 0.889551, 1.38206, 1.14121, 1.35932, 1.26074, 1.29843, 1.98343, 1.45729, 1.67615, 1.72407, 1.836, 2.22889, 2.41896, 2.47163, 2.29601, 2.49407, 2.96841, 2.83719, 3.01296, 2.68295
2.5, 0.0319376, -0.208352, -0.269646, 0.0270937, 0.299347, 0.284895, -0.230919, 0.510944, 0.545292, 1.3117, 1.60661, 1.54502, 1.42959, 1.41922, 1.08994, 1.66051, 1.45262, 1.74226, 1.58214, 1.35666, 1.64998, 1.86124, 1.87938, 2.05401, 2.22115, 2.68309, 2.61449, 2.51143, 2.28794, 2.5887, 2.71292
2.52, 0.0319376, -0.0584196, -0.0337312, 0.138845, -0.470322, 0.0516848, -0.209834, 0.194709, 0.871428, 1.1697, 1.2075, 1.34917, 0.993418, 1.56178, 1.3237, 1.61075, 1.759, 1.35043, 1.69961, 2.00472, 1.97381, 1.38862, 1.96019, 1.87618, 1.95092, 2.13682, 2.66745, 2.58604, 2.71374, 2.73939, 2.72115
2.54, 0.0319376, 0.250044, 0.89667, 0.150796, 0.510037, 0.731313, 0.687948, 0.525736, 0.291238, 1.35141, 1.42665, 0.88472, 1.45163, 1.66964, 1.16514, 1.08306, 1.35302, 1.7462, 1.51388, 1.52375, 2.41702, 2.75441, 2.66567, 2.82141, 2.78279, 2.62094, 2.78478, 2.80905, 2.99195, 3.00685, 3.55261
2.56, 0.0319376, 0.409913, 0.354516, -0.611547, -0.55331, 0.474322, 0.576897, 0.729245, 0.792354, 1.06073, 1.26595, 1.55699, 1.42213, 1.03556, 1.35919, 1.06339, 1.61426, 1.90129, 1.89431, 1.60693, 1.91969, 2.40839, 2.56547, 2.52357, 2.38353, 2.31944, 2.25701, 2.20218, 2.54443, 2.51132, 2.78695
2.58, 0.0319376, -0.154049, -0.0717657, -0.461014, -0.24353, 0.225986, 0.422672, 0.137533, 0.713066, 0.660745, 1.23396, 0.755946, 0.687593, 1.00368, 0.884841, 0.953306, 1.38657, 1.65271, 1.92777, 1.95727, 1.98498, 1.9764, 1.82628, 2.16794, 2.12285, 2.51065, 2.56916, 2.68225, 2.6977, 2.8534, 3.00584
2.6, 0.0319376, -0.377787, 0.416668, 0.639763, -0.495232, 0.00240501, 0.548179, 0.811239, 0.757923, 0.870213, 1.19718, 1.32975, 0.929105, 0.998601, 0.876974, 1.24147, 1.49128, 1.18534, 1.43733, 1.56504, 1.34255, 1.68033, 2.04956, 2.63813, 2.08973, 2.38733, 2.59336, 2.61059, 3.01542, 2.75854, 3.14153
2.62, 0.0319376, -0.213285, 0.190259, 0.112257, 0.835582, 0.392276, 0.668869, 0.276426, 0.770555, 1.03343, 0.547903, 1.05771, 1.02155, 1.26897, 1.28211, 0.747351, 1.3532, 1.99611, 2.24691, 2.37195, 1.5993, 2.0621, 2.34232, 2.48313, 2.51903, 2.73969, 2.55356, 2.70916, 2.63469, 3.05551, 2.8224
2.64, 0.0319374, 0.344361, 0.367186, 0.638283, -0.163391, 0.562389, 1.27057, 1.50136, 1.80756, 1.17166, 1.0464, 0.848276, 1.45118, 1.31563, 1.60801, 1.66905, 1.68409, 1.91134, 2.32192, 3.10053, 2.65128, 2.23321, 2.74103, 3.19197, 3.03548, 2.84993, 3.02699, 3.08543, 2.99728, 2.95951, 3.06538
2.66, 0.0319374, 0.305344, -0.150815, -0.407774, -0.173268, 0.176622, 0.499567, 0.91955, 1.34768, 1.32934, 0.948876, 0.8759, 0.266946, 1.00371, 0.840136, 1.45588, 1.62895, 1.39415, 1.81664, 1.7172, 1.78559, 1.79849, 1.94439, 2.29475, 2.322, 2.29847, 2.35512, 2.27504, 2.53855, 2.63947, 2.72374
2.68, 0.0319374, 0.159361, 0.27653, 0.165855, -0.250263, 0.509953, 0.890276, 0.388785, 0.820914, 1.12757, 1.15816, 1.04929, 1.19319, 1.07934, 1.56499, 1.36567, 1.56649, 2.01036, 2.13974, 2.24677, 2.6388, 3.22372, 2.85745, 2.37669, 3.04865, 3.24409, 3.15801, 3.32902, 3.05205, 2.97523, 2.89504
2.7, 0.0319374, 0.218002, 0.0180734, -0.392143, 0.0841679, 0.596766, 0.559047, 0.0177692, 0.0830222, 0.698685, 0.614835, 0.687948, 0.725627, 1.06163, 1.13531, 0.736931, 1.11165, 1.39866, 1.55882, 1.57142, 1.90321, 1.9323, 1.98074, 2.64347, 2.06277, 2.22798, 2.01001, 2.22479, 2.31794, 2.59284, 2.52112
2.72, 0.0319374, 0.376677, 0.566437, 0.160582, 0.714031, 0.896646, 0.581596, 0.418429, -0.0280043, 1.02006, 0.964034, 0.847136, 0.913558, 1.22858, 1.36749, 0.621412, 0.969264, 1.61297, 2.13299, 2.05643, 2.10952, 1.90252, 1.91419, 1.76996, 2.08484, 2.1892, 2.15431, 2.29995, 2.47637, 2.32648, 2.34615
2.74, 0.0319376, 0.394039, 0.257115, 0.154199, 0.32556, 0.732363, 0.656717, 0.66116, 0.834098, 0.853892, 0.935742, 0.138455, 0.843497, 0.933908, 1.17296, 1.40086, 1.52012, 1.33205, 1.85894, 2.11726, 1.87703, 1.65444, 1.90323, 2.34422, 2.14371, 2.54291, 2.71681, 2.68903, 2.4525, 2.47666, 2.89773
2.76, 0.0319376, 0.473705, 0.93663, 0.590697, 0.639734, 0.446781, 0.681448, 1.00204, 1.11037, 0.998114, 0.806347, 1.32428, 1.11267, 1.42973, 1.38015, 1.03331, 1.17883, 1.69712, 2.22766, 2.19258, 1.66819, 2.02273, 2.52957, 2.7718, 2.46253, 2.32289, 2.61816, 2.65196, 2.92721, 3.07745, 2.8494
2.78, 0.0319376, 0.328598, -0.120214, -0.204288, 0.106558, -0.259373, -0.442503, 0.272111, 0.61645, 0.73883, 1.09592, 1.4516, 1.27512, 0.996608, 1.20586, 1.23031, 1.10092, 1.50167, 1.68224, 1.96365, 1.97902, 1.60656, 2.0168, 2.32438, 2.34065, 2.41512, 2.7725, 2.68624, 2.71237, 2.93179, 2.92901
2.8, 0.0319376, -0.0903496, -0.310334, -0.68783, -0.645119, 0.321298, 0.405082, 0.563909, 0.565307, 0.595035, 0.572662, 0.924006, 1.0526, 1.30691, 1.12248, 0.771295, 0.941307, 1.5711, 1.73342, 1.73043, 1.69081, 2.00934, 2.31435, 2.1665, 2.34815, 2.36767, 2.48207, 2.2642, 2.43492, 2.57784, 2.65072
2.82, 0.0319376, -0.072176, -0.922092, -0.620488, 0.061226, 0.312178, -0.269319, 0.170472, 0.750289, 1.05954, 0.382514, 0.920308, 0.681981, 1.0109, 0.86436, 0.641449, 1.5493, 1.20808, 1.53927, 1.74005, 2.07661, 2.18666, 2.17868, 2.24297, 2.12933, 1.95178, 2.08344, 2.00373, 2.33138, 2.42018, 2.52884
2.84, 0.0319376, -0.527041, 0.58801, -0.0911367, -0.279086, 0.140124, 0.790356, 0.784272, 0.753432, 0.990655, 0.995171, 0.88979, 1.43443, 1.2129, 1.18048, 1.56469, 1.70318, 2.09757, 1.93267, 1.82639, 1.85332, 2.32446, 2.10625, 2.05801, 2.20132, 2.3899, 2.67911, 2.43434, 2.85018, 2.85994, 2.90168
2.86, 0.0319376, -0.171479, -0.363717, -0.21279, 0.344425, 0.44263, 0.218859, -0.210095, 0.125291, 0.537764, 1.04081, 1.01909, 1.18714, 1.04365, 0.943383, 0.882841, 2.08295, 2.17781, 1.64513, 1.58085, 1.45109, 1.90046, 2.17782, 2.20471, 2.21066, 2.205, 2.24266, 2.35281, 2.6268, 2.70846, 2.62027
2.88, 0.0319374, 0.438039, 0.769104, -0.120154, 0.675341, 1.27724, 1.11952, 1.12106, 0.872096, 1.4876, 1.08781, 0.952887, 1.11633, 1.47652, 1.7765, 1.42568, 1.71141, 1.67709, 2.17035, 2.11689, 2.67949, 2.7823, 2.87802, 2.56326, 2.57706, 2.96495, 3.32956, 2.96086, 2.5832, 3.21868, 3.18469
2.9, 0.0319374, 1.06081, 0.389855, 0.0165611, 0.0559694, 0.490416, 0.782326, 0.582116, 0.869064, 1.06214, 0.879748, 0.813406, 1.59789, 1.7138, 1.48188, 1.55412, 1.63763, 1.61964, 1.70913, 1.48466, 1.70004, 1.72712, 1.57951, 2.19904, 2.19224, 2.3643, 2.73351, 2.77895, 2.63755, 2.89525, 2.79828
2.92, 0.0319374, -0.240431, -0.0699851, 0.253419, 0.227157, 0.401521, 0.360439, 0.241631, 0.499405, 0.858523, 1.18306, 1.07253, 1.29496, 1.17237, 1.37502, 0.952694, 1.53588, 1.52275, 1.67757, 2.11073, 1.95318, 2.02427, 2.27151, 2.53069, 2.22124, 2.01584, 2.43674, 2.32081, 2.70669, 2.80075, 2.98
2.94, 0.0319374, 0.288748, 0.0553227, 0.200383, 0.535018, 0.460471, 0.356908, 0.331411, 1.03259, 0.811264, 1.06783, 1.25226, 1.24371, 1.37548, 1.37201, 0.934328, 1.25754, 1.27686, 1.50061, 1.57836, 1.67877, 1.75322, 1.96598, 2.15089, 2.43313, 2.26769, 2.23815, 2.26249, 2.45753, 2.32847, 2.47341
2.96, 0.0319374, -0.0823418, 0.54292, -0.235021, -0.0785456, 0.527775, 0.267636, -0.13393, 0.536695, 0.999611, 0.96, 1.37893, 2.24312, 2.17105, 1.60112, 1.2484, 1.92493, 1.87446, 1.73758, 1.73312, 1.4106, 1.63509, 1.90339, 1.95356, 1.96843, 2.17686, 2.27519, 2.52969, 2.20908, 2.19452, 2.58751
2.98, 0.0319376, 0.388752, 0.623031, 0.191742, 0.596869, 0.162672, -0.109976, -0.33816, 0.530631, 0.679392, 0.394611, 0.0714152, 0.956831, 1.18632, 1.12161, 1.07354, 1.56144, 1.44049, 1.79156, 1.81458, 1.55526, 2.09686, 2.33158, 2.31516, 2.19196, 2.60431, 2.6458, 2.55835, 2.61619, 3.11068, 2.81267
3, 0.0319376, -0.272955, 0.282749, 0.469343, 0.333179, 0.0968901, 0.426116, 0.821051, 0.618206, 1.05364, 0.519519, 0.743483, 1.10968, 1.35247, 1.3524, 1.23906, 1.39237, 1.45638, 2.38551, 2.95765, 2.86367, 2.22533, 2.21838, 2.39669, 2.21376, 2.4117, 2.96389, 2.6185, 2.70517, 2.73204, 2.74807
3.02, 0.0319376, 0.822362, 0.45282, 0.398352, 0.306717, 1.06153, 0.567522, 0.176982, 0.429851, 0.968626, 1.00504, 0.650834, 1.57369, 1.56592, 2.02084, 1.97265, 1.7383, 1.77133, 1.76726, 2.00451, 2.06553, 2.49253, 2.43899, 2.50138, 2.29216, 2.95095, 3.00531, 3.23994, 3.46625, 3.15963, 3.4569
3.04, 0.0319376, 0.219846, 0.178098, -0.936696, -1.25309, -0.0455418, 0.504679, 0.685737, 0.581835, 0.540924, 0.77904, 1.04387, 1.30192, 1.10586, 1.30653, 1.39475, 1.74788, 1.69857, 1.53529, 1.89663, 1.73377, 1.91682, 2.02432, 1.9898, 2.28198, 2.22349, 2.54147, 2.42244, 2.42632, 2.25263, 2.59665
3.06, 0.0319376, 0.902655, 0.511625, 0.423729, 1.13579, 1.25753, 1.00069, 0.755436, 0.966584, 1.17056, 0.721462, 0.525661, 1.18402, 1.54874, 1.97871, 1.69515, 1.66303, 1.51449, 1.77265, 2.11922, 1.97011, 2.4882, 2.59845, 2.74951, 2.87843, 3.05602, 2.99699, 2.9656, 3.38636, 2.92585, 3.67999
3.08, 0.0319376, -0.260876, 0.118492, 0.511635, -0.270772, -0.192242, -0.0361421, 0.262843, 0.678489, 0.963246, 0.870945, 1.07713, 1.51923, 1.29527, 1.55519, 1.67102, 1.68594, 2.03183, 2.2065, 1.97833, 2.08049, 2.30199, 1.85526, 2.72814, 2.41152, 2.52951, 2.69994, 2.69545, 3.00173, 2.80385, 2.8187
3.1, 0.0319376, 0.133019, 0.26438, 0.0712324, 0.115985, 0.141514, 0.502406, 0.413987, 0.366226, 0.697189, 0.564266, 0.438505, 0.490799, 1.23775, 0.923162, 1.60785, 1.81627, 1.07542, 1.6973, 1.85069, 1.94903, 2.05452, 2.26615, 2.16678, 1.97797, 2.44673, 2.14615, 2.43374, 2.74104, 2.63483, 2.80429
3.12, 0.0319376, -0.0252657, 0.719947, 0.0891234, 0.0553844, -0.0266708, -0.792798, 0.604072, 0.481825, 1.1606, 0.825371, 0.736139, 0.831578, 0.752781, 1.47544, 1.46934, 1.61191, 1.25464, 1.56564, 1.7852, 1.71946, 1.78422, 2.11486, 2.17772, 2.3796, 2.5107, 2.32657, 2.78777, 2.7303, 2.75558, 2.62263
3.14, 0.0319374, 0.413049, 0.312757, 0.13643, 0.0706481, -0.300706, -0.00847127, 0.145325, 0.204603, 0.880867, 0.80201, 1.1263, 1.16521, 1.3191, 1.11606, 1.0597, 1.00575, 1.20684, 1.74976, 1.55674, 1.77693, 2.01687, 1.90129, 1.82426, 1.93967, 2.3108, 2.52303, 2.63095, 2.88768, 2.91584, 2.96184
3.16, 0.0319374, 0.513272, 0.643308, -0.190101, -0.352603, 0.412847, 0.391625, -0.158742, 0.200731, 0.977505, 0.629178, 0.520032, 0.899197, 1.49903, 1.44927, 1.30533, 1.40196, 1.57733, 1.62516, 1.93189, 1.79359, 1.76391, 1.80493, 2.33052, 2.32472, 2.14646, 2.77225, 2.42158, 2.68471, 2.6194, 3.0211
3.18, 0.0319374, 0.222064, 0.288484, 0.687855, 1.03575, 1.37203, 1.1142, 0.805994, 0.867681, 0.802657, 0.606386, 0.832898, 1.2771, 1.54351, 1.46161, 1.32389, 1.54756, 1.55138, 1.5062, 1.79262, 1.63036, 2.1692, 2.08838, 2.05709, 2.24703, 2.10825, 2.14752, 2.85464, 3.15456, 2.81533, 2.89284
3.2, 0.0319374, -0.208678, -0.451601, -0.225616, -0.0293163, 0.389146, 0.0649505, 0.800232, 0.955443, 0.484622, 0.567114, 0.719521, 1.19247, 0.848222, 1.41061, 1.3158, 1.27015, 1.27031, 1.36507, 1.50959, 1.58014, 2.05841, 1.56865, 1.68001, 1.93314, 2.05783, 2.2008, 2.35139, 2.64213, 2.59083, 2.7214
3.22, 0.0319374, 0.603393, 1.29804, 1.01394, 0.163782, 0.556302, 1.26103, 0.505655, 1.30932, 1.29631, 0.735442, 0.724282, 1.28116, 1.5543, 1.94385, 1.81434, 1.41228, 1.76802, 1.94419, 2.32869, 2.19649, 1.94847, 2.19447, 2.89903, 2.94281, 2.84094, 2.93957, 3.1381, 3.36811, 3.62114, 3.61619
3.24, 0.0319376, 0.213563, 1.04695, 0.72681, 0.541062, 0.44628, 0.0878815, 0.644789, 0.96179, 1.6634, 1.29149, 0.543512, 1.20683, 1.04379, 1.3425, 1.48456, 1.58012, 1.59402, 1.66509, 2.12972, 1.99458, 2.12143, 2.31432, 2.52314, 2.32611, 2.53484, 3.11266, 2.9787, 3.0559, 3.12116, 3.16655
3.26, 0.0319376, -0.346615, -0.0319207, 0.0221092, -0.177747, 0.199071, 0.407868, 0.486487, 0.393627, 1.29348, 1.06429, 1.04264, 1.54284, 1.19411, 1.02886, 1.13495, 1.35033, 1.23216, 1.90819, 2.37725, 2.08287, 1.65284, 1.95511, 2.03276, 2.21025, 2.02993, 2.18357, 2.43306, 2.85658, 2.81226, 2.60029
3.28, 0.0319376, 0.473517, 0.747098, 0.273716, 0.312559, 0.617119, 0.727257, 0.832995, 0.755263, 1.15247, 1.14392, 1.00642, 1.6017, 1.94037, 2.04486, 1.44282, 1.74344, 1.68069, 2.22832, 2.26963, 2.04701, 2.13288, 2.24944, 2.63023, 1.99877, 2.32308, 2.66892, 2.94102, 3.12112, 3.03667, 2.91284
3.3, 0.0319376, -0.0166652, 0.0720643, 0.0580752, 0.602088, 0.92085, 0.289796, -0.0104401, 1.00637, 1.15169, 1.09037, 1.4399, 2.07361, 1.81594, 1.68283, 1.85711, 1.61279, 1.59105, 1.86782, 1.9371, 2.25622, 2.21502, 2.37562, 2.5958, 2.61553, 2.71376, 3.03696, 3.08872, 2.53313, 3.0791, 3.1154
3.32, 0.0319376, 0.596664, 1.00679, 0.0387971, -0.114629, 0.771895, 1.02524, 0.985333, 1.2236, 1.00448, 0.983937, 1.3604, 1.28307, 0.878374, 1.41768, 1.72386, 1.77747, 1.25899, 1.74909, 1.73578, 1.8595, 1.98134, 2.2315, 2.31768, 2.58647, 2.80861, 2.74509, 2.83179, 3.0535, 2.94505, 2.83814
3.34, 0.0319376, 0.57311, 0.400571, 0.783831, 0.216733, 0.468876, 0.581867, 0.00717669, 0.908468, 1.04434, 1.1063, 1.68609, 1.34318, 1.25804, 1.81882, 1.75708, 1.71642, 1.53876, 1.61065, 1.39024, 1.85673, 2.15463, 2.12833, 2.46089, 2.62253, 2.63103, 2.49264, 2.51399, 2.65807, 2.67799, 2.95348
3.36, 0.0319376, 0.708008, 0.717492, 0.702339, 0.707948, 0.81502, 1.11198, 0.767265, 0.766923, 1.0852, 1.15016, 1.09218, 1.59511, 1.43751, 1.68043, 1.41148, 1.26466, 1.66707, 2.04164, 1.87527, 1.9559, 2.01608, 2.02665, 2.23412, 2.52153, 3.10175, 2.87397, 2.94509, 3.28516, 2.6539, 2.92658
3.38, 0.0319374, 0.494753, 0.649549, 0.65307, 0.306443, 0.223032, 0.597575, 0.485395, 0.530755, 0.740036, 1.42306, 1.42295, 0.916433, 1.75786, 1.37347, 1.40022, 1.01059, 1.82135, 1.8993, 2.38458, 2.54977, 2.53407, 2.37497, 2.65692, 2.84095, 3.17819, 2.81324, 2.69068, 2.97399, 3.09677, 3.32705
3.4, 0.0319374, -0.294465, 0.332181, 0.0633528, 0.238857, 0.644014, 0.597938, 0.437172, 0.367556, 0.571796, 0.88383, 1.05853, 1.1838, 0.893556, 0.715743, 0.927376, 1.36468, 1.21717, 1.21488, 1.63875, 1.95653, 1.93555, 2.25928, 2.30777, 2.5597, 2.1482, 2.36043, 2.51138, 2.70047, 2.63657, 2.54881
3.42, 0.0319374, 0.249268, 0.407907, 0.558657, 0.227666, 1.08201, 1.29553, 1.15267, 0.577346, 1.44647, 2.13021, 2.19754, 2.28039, 1.88611, 1.47828, 1.2695, 1.27788, 1.7614, 1.97414, 2.67962, 2.00093, 1.64501, 2.03713, 2.29285, 2.02774, 2.57292, 3.16403, 2.72701, 3.179, 3.37997, 3.15671
3.44, 0.0319374, 0.239148, 0.134855, -0.00227226, -0.00457755, 0.388782, 0.239691, 0.125309, 0.123219, 0.221634, 0.240706, 1.29656, 1.42019, 1.24289, 1.36208, 1.1048, 1.2447, 0.939416, 1.29486, 1.38629, 1.76658, 2.13542, 1.69594, 2.23141, 2.34148, 2.47283, 2.43188, 2.58431, 2.58253, 2.63348, 3.08819
3.46, 0.0319374, 0.39677, 0.19014, -0.143784, -0.235928, 0.373729, 0.146024, 0.240717, 1.0489, 1.39079, 0.94578, 0.688104, 1.22586, 1.02528, 1.7631, 1.62157, 1.37068, 1.7786, 1.45295, 1.48003, 1.63459, 1.78433, 1.62464, 2.30711, 2.35074, 2.57718, 2.7194, 2.73251, 3.31857, 3.1026, 2.71226
3.48, 0.0319376, -0.334765, -0.370387, 0.15457, -0.0212565, 0.33791, 0.203248, 0.47829, 0.712113, 0.742773, 0.749892, 1.03735, 1.41913, 1.59799, 1.82861, 1.55871, 1.53737, 1.62225, 1.84103, 1.48247, 1.42582, 2.02671, 2.44338, 2.7105, 2.63615, 2.67808, 2.32576, 2.75878, 2.93024, 2.87386, 2.98428
3.5, 0.0319376, 0.548811, 0.250619, 0.152532, 0.52541, 0.566457, 0.649758, 0.272101, 1.0207, 1.48223, 0.926099, 1.1815, 1.68953, 2.12404, 2.02025, 2.12472, 2.09246, 1.9162, 2.18188, 2.44824, 2.22024, 2.33926, 2.57728, 3.04712, 2.88007, 2.6893, 2.77061, 3.00096, 2.99504, 3.37776, 3.08738
3.52, 0.0319376, -0.272177, 0.407553, 0.144511, 0.0435317, 0.0575374, 0.564649, 0.746078, 0.359028, 0.468373, 0.83719, 1.42906, 1.81075, 1.57067, 1.3413, 1.39932, 1.25346, 1.18086, 1.66637, 1.89342, 1.84284, 1.85056, 2.12901, 2.27962, 2.37099, 2.48309, 2.57033, 2.50704, 2.50821, 2.68668, 2.64436
3.54, 0.0319376, -0.236691, 0.289259, -0.548617, -0.184221, 0.112797, -0.396768, 0.264241, 0.462334, 0.706066, 0.479308, 0.327187, 0.201816, 0.640393, 0.892274, 0.840393, 1.01636, 0.589847, 1.71298, 1.60804, 0.99741, 1.43006, 1.83574, 2.30171, 1.78299, 1.84839, 2.04081, 1.97758, 2.35195, 2.11457, 2.43938
3.56, 0.0319376, -0.477941, 0.121189, 0.613763, -0.301644, -0.161714, 0.0691569, 0.489181, 0.671287, 0.420136, 0.564856, 1.16258, 0.723098, 1.15071, 0.63012, 0.733529, 1.4263, 1.63987, 1.62043, 1.69819, 1.86779, 2.05016, 2.02509, 2.2821, 2.17954, 2.07318, 2.8334, 2.83469, 2.69853, 2.67854, 2.71075
3.58, 0.0319376, 0.525302, 0.654054, 0.261522, 0.397589, 0.545949, 0.388385, -0.485319, 0.307023, 1.11987, 0.589432, 0.952108, 1.12263, 1.64074, 1.54642, 1.73618, 1.66795, 1.17838, 1.45216, 1.73499, 2.24907, 2.0466, 2.25196, 2.18647, 2.4207, 2.11522, 2.12547, 2.67411, 2.39984, 3.15927, 2.66524
3.6, 0.0319376, -0.145827, -0.677589, -0.341621, -0.546446, 0.37218, -0.107759, -0.720846, 0.221103, 0.433437, 0.611593, 0.648796, 1.31899, 1.49652, 1.33964, 0.748032, 1.51444, 1.25171, 1.77635, 1.63369, 1.48594, 1.40864, 1.76884, 1.69477, 2.12154, 2.39224, 2.22645, 2.52968, 2.50977, 2.14799, 2.4699
3.62, 0.0319376, 0.293302, 0.466907, 0.759379, 0.122295, 0.194092, 0.151686, -0.271092, 0.688049, 1.11407, 0.891403, 0.838187, 1.51518, 1.49251, 1.09935, 1.40586, 1.198, 1.26389, 2.08392, 2.0061, 2.07358, 2.11968, 2.05579, 2.25128, 2.35618, 2.08007, 2.29451, 2.45977, 2.55772, 2.42338, 2.7495
3.64, 0.0319374, -0.224359, -0.00805118, -0.431487, 0.0993778, -0.328355, 0.594367, 0.640725, 1.01471, 0.726349, 1.06952, 0.903561, 1.01137, 1.65147, 1.40803, 1.63383, 2.37082, 2.19202, 1.64697, 2.12948, 2.25656, 2.28532, 2.37677, 2.34369, 2.6296, 2.62735, 3.07563, 3.0378, 2.74419, 2.8777, 3.26417
3.66, 0.0319374, 0.288202, 0.274256, -0.35293, -0.127547, -0.0267975, 0.154488, -0.0639531, 0.450439, 0.527697, 0.810937, 0.121051, 0.749825, 1.04971, 1.2385, 0.832035, 1.05409, 1.51265, 1.37548, 1.9873, 1.67829, 2.07776, 1.95177, 2.11194, 2.41983, 2.37136, 2.6171, 2.56846, 2.52873, 2.57558, 2.92032
3.68, 0.0319374, 0.330228, 0.207314, -0.121654, 0.302107, 0.630979, 0.926098, 0.206602, 0.357636, 0.843668, 1.12739, 0.956249, 0.837386, 1.6846, 1.60665, 1.57392, 1.41009, 1.7073, 1.37819, 2.21408, 2.51383, 2.21166, 2.57597, 2.17929, 2.37297, 2.92797, 2.90161, 3.19605, 3.21682, 3.26272, 3.16135
3.7, 0.0319374, 0.125074, 0.159708, -0.368046, -0.32176, -0.117045, 0.218813, 1.19269, 1.04152, 1.14246, 0.82226, 0.824682, 0.977007, 0.970641, 1.23157, 0.659615, 1.58467, 1.41814, 1.47712, 1.72062, 1.80543, 1.76586, 1.93027, 2.05383, 2.02584, 2.19836, 2.32532, 2.40404, 2.53333, 2.65507, 2.55162
3.72, 0.0319374, 0.209951, 1.28667, 1.36764, 0.88561, 0.604321, 0.300086, 0.244541, 0.720184, 0.912964, 1.01126, 0.757699, 1.01279, 1.32586, 1.39701, 1.42806, 1.54872, 1.85871, 1.58531, 2.06661, 2.29744, 2.10391, 2.16206, 1.99859, 2.41428, 2.75455, 2.14637, 2.2415, 2.82667, 2.57923, 2.65499
3.74, 0.0319376, 0.313212, 0.52369, 0.168283, 0.509752, -0.135427, 0.620661, 0.728838, 0.630887, 1.38663, 1.04848, 0.901985, 1.23093, 1.1872, 1.48569, 1.81798, 1.69261, 1.79246, 1.73487, 1.96623, 2.4822, 2.48161, 2.24485, 1.87851, 2.20872, 2.57956, 2.45127, 3.10405, 3.19215, 3.21297, 3.51851
3.76, 0.0319376, 0.992643, 0.754279, 0.125253, 0.141492, 0.78919, 0.278053, 0.351611, 0.751921, 0.918766, 0.865763, 1.39928, 0.532504, 0.777132, 1.41532, 1.85385, 1.63012, 1.53756, 1.88914, 1.79146, 1.86635, 2.21427, 2.49257, 2.40221, 2.38366, 2.52884, 3.01264, 3.04382, 2.65622, 2.74613, 2.85707
3.78, 0.0319376, -0.344491, 0.109147, 0.110901, 0.0607669, 0.377359, 0.403366, 0.688206, 0.378521, 0.753826, 1.18824, 0.914316, 0.579389, 1.13906, 1.24264, 1.67319, 1.13011, 0.979512, 0.967145, 1.40675, 1.18325, 1.66459, 1.48774, 1.53964, 1.75044, 2.16577, 2.16126, 1.95075, 2.29714, 2.30235, 2.27259
3.8, 0.0319376, -0.329656, 0.00354317, 0.294132, 0.132792, 0.475194, 0.401313, 0.546611, 0.152317, 0.643051, 0.660402, 1.21102, 1.28216, 1.284, 0.828404, 1.46374, 1.45827, 1.59166, 1.91052, 1.72001, 2.2945, 2.26714, 1.93119, 2.74904, 2.78872, 2.73443, 2.8747, 3.30099, 3.03545, 2.98371, 3.11583
3.82, 0.0319376, 0.463092, 0.136111, 0.439384, 0.124971, 0.325135, 0.893374, 0.521565, 1.18072, 1.51842, 2.11294, 2.27791, 2.33625, 2.11642, 2.09384, 1.55507, 1.61869, 2.13273, 2.16925, 2.43951, 1.87612, 1.80419, 2.2401, 2.25127, 2.47621, 2.82602, 2.88956, 2.9606, 3.11749, 3.00899, 3.07334
3.84, 0.0319376, 1.02979, 0.589852, 0.685965, -0.602158, 0.481863, 1.0144, 1.30389, 1.02264, 1.32587, 1.93338, 1.46979, 1.73974, 1.96957, 1.93007, 1.61718, 1.83012, 2.01748, 2.26538, 2.12631, 2.28376, 2.73223, 2.32543, 2.78097, 3.068, 2.98972, 3.25818, 2.856, 3.11469, 3.19484, 3.22269
3.86, 0.0319376, 0.765336, 0.614482, 0.348331, 0.463617, 0.295983, -0.0335438, 0.917962, 0.915177, 0.795485, 1.00918, 1.08183, 0.984372, 1.05561, 1.50384, 1.21916, 1.267, 1.57247, 1.43054, 1.30257, 2.01557, 2.27006, 2.11469, 2.22859, 2.3394, 2.35677, 2.80111, 2.95818, 2.82138, 2.87431, 2.916
3.88, 0.0319374, 0.144471, -0.0926176, 0.465282, 0.733341, 0.439391, 0.835209, 0.660481, 0.93628, 1.13944, 0.635553, 0.817944, 1.13601, 0.848471, 1.2818, 1.00258, 1.35007, 1.56031, 1.1109, 1.90211, 1.9667, 2.01155, 1.99297, 2.1718, 1.88475, 2.22406, 2.2128, 2.43371, 2.78623, 2.62344, 2.69443
3.9, 0.0319374, 0.715197, 0.53137, 0.154987, 0.15267, 0.454466, 0.659203, 0.0243386, 0.195308, 0.209533, 0.802144, 1.63863, 2.4266, 1.98512, 2.04425, 1.54622, 1.0886, 1.94051, 2.04568, 2.12177, 2.08918, 2.43751, 2.9349, 2.85562, 2.96505, 2.96144, 2.6386, 2.57079, 2.97302, 3.16624, 3.3783
3.92, 0.0319374, -0.154578, -0.675107, 0.372663, 0.532716, 0.478983, 0.241498, 0.59753, 0.61066, 0.719922, 0.975524, 0.850259, 1.19291, 1.26982, 1.29638, 0.763812, 1.52752, 1.76088, 1.63339, 1.14716, 1.30881, 1.89564, 2.30716, 2.30813, 2.59376, 2.56999, 2.96882, 2.57745, 2.39513, 2.81149, 2.96082
3.94, 0.0319374, 0.565615, 0.87965, 0.247513, 0.675778, 1.09246, 0.881207, 0.414114, 0.508165, 0.665804, 0.609317, 1.10101, 1.76871, 1.80984, 2.01382, 2.35443, 1.55738, 2.07773, 2.07752, 2.70444, 2.45366, 2.24827, 2.18369, 2.4934, 2.61712, 2.79059, 3.22715, 3.0789, 3.18987, 3.16622, 3.32579
3.96, 0.0319374, 0.177021, 0.745613, 0.574094, 0.683702, 0.552125, -0.209465, -0.406582, 0.998979, 0.911308, 0.618431, 0.46145, 1.19079, 1.73638, 1.91792, 2.03151, 1.86735, 1.77695, 1.5486, 1.60132, 2.16981, 1.9062, 2.41135, 2.96322, 2.59101, 2.77593, 2.75084, 2.71936, 2.70538, 2.5854, 2.76623
3.98, 0.0319376, -0.330004, -0.638832, -0.668762, 0.0209624, 0.284414, 0.282757, 0.0314603, 0.581723, 0.269294, 0.524468, 0.683778, 0.56408, 0.545422, 1.4057, 1.57567, 1.67799, 1.2191, 1.72503, 1.63787, 2.01918, 1.97652, 1.95842, 2.06398, 2.2879, 2.12992, 2.5204, 2.45705, 2.70426, 2.60852, 2.81969
4, 0.0319376, 0.120006, 0.594346, 0.441756, 0.0897177, -0.32802, -0.824852, -0.531167, 0.740134, 1.22072, 0.952901, 0.797518, 1.07003, 1.53153, 1.84663, 1.98273, 1.50377, 1.53683, 1.41056, 1.72828, 2.0397, 2.47604, 2.44752, 2.75085, 2.94479, 2.49944, 2.94039, 3.07766, 3.08895, 3.38482, 3.2681
4.02, 0.0319376, 0.0987883, 0.451792, 0.335582, 0.759533, 1.24602, 0.916491, 0.866142, 0.747366, 0.961345, 0.874942, 1.09001, 1.25037, 1.43137, 1.3445, 1.76628, 1.46885, 1.67674, 1.71521, 2.35096, 2.30396, 2.49499, 2.39008, 1.92215, 2.67304, 3.07028, 2.62658, 2.42543, 2.7098, 2.73869, 2.76691
4.04, 0.0319376, 0.0243351, -0.277538, -0.567782, -0.162024, -0.119696, -0.0199837, 0.0336862, 0.689644, 0.857828, 0.802857, 0.79749, 1.23866, 1.29587, 1.50393, 1.90096, 1.81203, 1.9624, 1.51143, 1.92237, 1.73722, 1.45852, 1.67981, 1.94792, 1.75326, 1.92192, 1.8529, 2.13348, 2.38965, 2.10273, 2.36375
4.06, 0.0319376, -0.397351, -0.78106, -0.285637, -0.136892, 0.27456, -0.200919, 0.32972, 0.886323, 0.865715, 0.784303, 1.25994, 1.65409, 1.59683, 1.40469, 1.38307, 1.24819, 1.59068, 1.94841, 2.46002, 2.44994, 1.87584, 2.46266, 2.44858, 2.73207, 2.82855, 2.69094, 2.89779, 2.87658, 2.98769, 3.12351
4.08, 0.0319376, 0.323643, 0.500465, 0.218427, -0.0778245, 0.767746, 1.24201, 1.40839, 0.942133, 1.16141, 1.42839, 0.941281, 1.48049, 2.05773, 1.49934, 1.72003, 1.85981, 1.61587, 2.04687, 2.26148, 2.19357, 2.23786, 2.48744, 2.80175, 2.71618, 3.03647, 2.78339, 3.16804, 3.28726, 3.15792, 3.23309
4.1, 0.0319376, 0.355999, 0.241271, 0.229994, 0.0612836, 0.66919, 0.64577, 0.469641, 0.699462, 0.492423, 0.832658, 1.11462, 1.67095, 1.33078, 1.46085, 1.44228, 1.54521, 1.36815, 1.71138, 2.28486, 2.18953, 1.76595, 2.09355, 2.24021, 2.4002, 2.1721, 2.29383, 2.54967, 2.82863, 2.67419, 2.9774
4.12, 0.0319376, 2.84994, 2.55922, 1.89285, 0.907605, 0.607601, 0.59757, 1.15877, 1.70286, 1.87572, 1.71567, 2.07436, 2.04691, 2.15141, 2.34429, 1.93975, 1.96709, 1.91197, 2.41666, 2.43179, 2.00709, 1.721, 2.339, 2.34467, 2.15778, 2.54014, 2.5437, 2.76976, 2.97779, 3.02768, 2.84345
4.14, 0.0319376, 0.0493338, 0.356675, 0.300875, 0.504628, 0.413436, -0.114459, 0.110095, 0.561805, 0.311724, 1.07293, 1.15418, 1.13303, 1.69586, 1.77171, 1.21271, 1.26607, 1.30961, 1.52464, 1.74961, 2.0247, 2.47228, 2.24002, 2.17618, 2.15228, 2.20045, 2.46921, 2.38738, 2.78263, 2.75363, 2.48453
4.16, 0.0319376, -0.677345, 0.546347, 0.169509, -0.495785, 0.0919451, 0.291846, 0.598793, 0.632969, 1.39076, 0.437516, 0.572705, 0.859842, 1.13521, 1.35076, 1.65978, 1.54615, 2.28743, 2.30658, 2.00006, 1.81899, 1.91168, 2.04946, 2.58454, 2.30434, 2.58848, 2.36098, 2.33772, 2.7857, 2.84044, 3.04711
4.18, 0.0319376, 0.145407, 0.430622, 0.228525, -0.29206, 0.128043, 0.206976, -0.044746, 0.850338, 0.671119, 0.866856, 1.30711, 0.854015, 0.926679, 0.83738, 1.66806, 1.46218, 1.64044, 1.74931, 1.40979, 1.68629, 2.06667, 2.08974, 1.86691, 2.18229, 2.44314, 2.36262, 2.35312, 2.53528, 2.41976, 2.60572
4.2, 0.0319376, 0.476897, -0.155591, -0.0400151, 0.733854, 0.809283, 0.24105, 0.342029, 0.657908, 0.330012, 0.418325, 0.925753, 1.04405, 1.11497, 1.37867, 1.40334, 1.79769, 1.43457, 1.44606, 1.86561, 2.10429, 1.86646, 2.52104, 2.22752, 2.35637, 2.66716, 3.14713, 3.0685, 2.83956, 2.76405, 3.11369
4.22, 0.0319376, 0.474553, 0.0365159, -0.127124, 0.319375, 0.390842, -0.0235986, 0.181749, 0.891501, 0.792311, 1.09128, 1.03968, 1.05927, 1.2153, 1.2553, 1.04132, 1.46852, 1.11437, 1.24807, 1.87451, 2.35349, 2.84078, 2.82657, 2.01241, 2.56818, 2.30758, 2.57476, 2.29245, 2.38992, 2.73719, 3.00807
4.24, 0.0319376, 0.155059, 0.507036, 0.853358, 0.470742, 0.0816155, 0.67107, 0.0559635, 0.831916, 0.398817, 0.646394, 0.423868, 0.787585, 1.27676, 1.22282, 1.08518, 1.35816, 1.8787, 1.55137, 1.76096, 1.95784, 2.10625, 1.8764, 1.65066, 1.75045, 1.80717, 1.93289, 2.39691, 2.74059, 2.56681, 2.50028
4.26, 0.0319371, -0.662693, -0.104658, -0.35479, 0.0640106, 0.54287, 0.359779, 0.425395, -0.0748545, 0.522306, 0.837187, 0.981907, 0.855783, 0.912585, 0.587595, 0.729816, 1.33623, 1.29534, 1.66229, 2.03082, 2.01837, 2.22292, 2.26729, 2.35862, 2.25876, 1.88085, 2.2612, 2.73835, 2.7307, 2.64521, 2.68032
4.28, 0.0319371, 0.765847, 1.24891, -0.0957559, 0.437725, 0.784465, 0.341345, 0.390384, 0.487129, 0.611307, 1.06574, 0.538329, 0.963638, 1.13762, 1.91755, 1.9945, 2.07365, 1.98124, 1.82731, 2.15052, 2.24215, 2.32639, 2.85737, 2.31698, 2.39557, 2.87209, 3.1997, 3.31814, 3.13806, 3.13091, 3.1139
4.3, 0.0319371, -0.423184, 0.491194, 0.34327, -0.147829, -0.307865, 0.454938, -0.310956, 0.158065, 0.408313, 0.737286, 0.95296, 0.97163, 1.26674, 1.03472, 1.43927, 1.5803, 1.2685, 1.57889, 1.54702, 2.0358, 1.6755, 2.06707, 1.96219, 2.15605, 2.2509, 2.20169, 2.23836, 2.35362, 2.31094, 2.5212
4.32, 0.0319371, -0.20092, -0.274371, -0.21538, 0.869851, 0.836732, 0.733817, 0.62993, 0.593192, 0.783217, 0.943605, 0.613865, 0.725718, 1.15954, 1.47034, 1.79928, 1.97354, 1.75871, 1.61554, 1.85837, 2.50471, 2.30358, 2.57621, 2.65473, 2.38114, 3.01957, 2.976, 2.93702, 2.50529, 2.96754, 3.34499
4.34, 0.0319371, 0.231297, 0.354355, 0.695617, -0.207552, 0.487561, 0.870851, 1.04442, 1.05594, 1.08771, 0.967477, 1.59086, 1.06157, 1.07432, 1.97371, 2.45868, 1.88229, 1.96487, 2.06753, 2.52268, 2.93519, 2.83881, 3.0346, 3.19685, 2.9698, 2.77169, 2.84086, 3.09697, 3.17978, 2.97205, 3.14636
4.36, 0.0319376, 0.545018, 0.0747574, 0.222225, 0.19016, 0.743409, -0.423206, 0.742227, 1.16827, 1.20146, 1.36268, 1.45134, 1.58701, 1.72096, 1.68011, 2.07894, 1.93872, 1.98953, 2.0336, 1.88346, 1.90483, 2.00298, 2.50747, 2.45342, 2.78359, 3.05561, 2.93392, 2.73099, 2.75207, 2.71326, 2.96559
4.38, 0.0319376, -0.362733, -0.656543, 0.643861, 0.0125596, 0.563723, 0.563375, 0.549935, 0.435431, 0.923347, 1.28248, 1.25273, 0.460243, 1.45386, 1.23099, 1.60543, 1.62862, 1.53334, 1.40737, 1.92711, 1.94162, 1.72567, 2.03386, 2.15397, 2.57238, 2.38092, 2.57428, 2.52405, 2.74018, 2.76542, 2.90575
4.4, 0.0319376, -0.503861, 0.0212057, 0.225686, -0.0649276, 0.380568, 0.140975, 0.675247, 0.421332, 0.485937, 1.20848, 0.639443, 0.714177, 1.63898, 1.46274, 0.851064, 1.54259, 1.81296, 1.46795, 1.57382, 1.72158, 1.94278, 2.06944, 2.40224, 2.35311, 2.72317, 2.89005, 2.66886, 2.78741, 2.90479, 2.83977
4.42, 0.0319376, 0.345894, -0.197176, -0.283293, -0.00675901, 0.564619, 0.866036, -0.151291, -0.48617, 0.714405, 0.976247, 0.625567, 1.13194, 1.34984, 1.37305, 0.871676, 1.59466, 1.70388, 1.97548, 2.44234, 1.93556, 2.22606, 2.23465, 2.48544, 2.41693, 2.46557, 2.53046, 2.56009, 2.89043, 2.95688, 3.13494
4.44, 0.0319376, -0.629899, 0.277482, -0.138822, -0.0543052, 0.0857925, 0.22557, 0.151721, -0.0124097, 0.399286, 0.063616, 0.676881, 1.13835, 0.936662, 1.36136, 1.70565, 1.1259, 1.53691, 2.11936, 1.92039, 1.71814, 1.58519, 2.09664, 1.96208, 1.95661, 2.00305, 2.20397, 2.39998, 2.08007, 2.03514, 1.9818
4.46, 0.0319376, -0.250602, 0.343594, -0.909427, -0.193908, 0.621948, 0.704197, 0.936991, 0.95672, 1.078, 1.26461, 1.33101, 1.39285, 1.6674, 1.57877, 1.11287, 1.31111, 1.34948, 2.21019, 2.28027, 2.11474, 2.04476, 2.1998, 2.29294, 2.18918, 2.45875, 2.45227, 2.11532, 2.31248, 2.66536, 2.46904
4.48, 0.0319376, 0.377103, 0.552859, 0.898323, -0.0588033, 0.443163, 0.415679, 0.883634, 0.839551, 1.0363, 0.90249, 1.30686, 0.477194, 0.62213, 1.40429, 1.66494, 1.78883, 1.98494, 2.36106, 2.48596, 2.76094, 2.74454, 2.36059, 2.58393, 2.92901, 2.97697, 2.70655, 3.01508, 3.12375, 3.34061, 2.94608
4.5, 0.0319376, -0.513376, 0.00532269, 0.119316, 0.400956, 0.387237, -0.027854, 0.540093, 0.701719, 0.422234, 0.483945, 0.746823, 1.06378, 1.63321, 1.73099, 2.2066, 2.48591, 2.2603, 2.25026, 2.08179, 2.04596, 1.65803, 2.17163, 2.51893, 2.62715, 2.3769, 2.54649, 2.72691, 2.82733, 2.66471, 2.97183
4.52, 0.0319376, -0.493815, -0.064723, 0.141883, -0.0950615, 0.439805, 0.304884, 0.29642, 0.136584, 0.52078, 1.13986, 0.812706, 0.969758, 1.35431, 1.70293, 1.38442, 1.74895, 1.99275, 1.86179, 2.01047, 1.96506, 1.77046, 2.16427, 2.22226, 2.37806, 2.34591, 2.71284, 2.71683, 2.51988, 2.76586, 2.94658
4.54, 0.0319376, 0.069042, 0.311432, 0.29318, -0.0639578, 0.320327, 0.39817, 0.2581, 0.572966, 0.97025, 1.12961, 1.85664, 2.1185, 2.58588, 2.85508, 2.74799, 2.55442, 2.23318, 1.49714, 1.75374, 1.92349, 2.17827, 2.14928, 2.35943, 2.50182, 2.66533, 2.5366, 2.937, 2.88777, 2.49114, 3.03137
4.56, 0.0319376, 0.741495, 0.429409, 0.33579, 0.0754589, 0.807711, 1.07072, 0.646718, 0.832306, 0.539463, 0.344121, 0.861368, 1.36134, 1.57213, 1.52844, 1.55356, 1.57925, 1.94944, 1.80002, 1.89757, 2.10464, 2.39637, 2.59605, 2.69, 2.57884, 2.59613, 2.84724, 2.87442, 2.77851, 3.03937, 3.36348
4.58, 0.0319376, -0.0180851, -0.21906, -0.401894, 0.265917, 0.0974688, 0.109659, -0.000670419, -0.317481, 0.644269, 1.14024, 1.18893, 1.05182, 0.705946, 1.20894, 1.11246, 1.40198, 1.05759, 1.18618, 1.76441, 1.95186, 1.89285, 1.8943, 2.26738, 2.00482, 2.18545, 1.96267, 1.90777, 2.4441, 2.37633, 2.74886
4.6, 0.0319376, 0.225034, -0.11845, -0.0456354, -0.0661808, 0.38135, 0.283414, 0.17199, 0.773896, 0.847548, 0.889039, 0.808244, 1.26142, 1.28946, 1.29825, 1.33538, 1.01298, 1.27642, 1.82022, 1.49786, 1.71296, 2.26887, 1.4751, 1.68198, 1.76297, 2.14268, 2.60114, 2.5956, 2.81075, 2.56288, 2.81202
4.62, 0.0319376, -0.461244, 0.520011, 0.177671, 0.112138, 0.132342, 0.461683, 0.328797, 1.16919, 0.648965, 0.734882, 1.00734, 0.925224, 1.15802, 0.703548, 1.10345, 1.49256, 1.6939, 1.79524, 1.91201, 1.96859, 1.85671, 1.74477, 1.97331, 2.2151, 2.20323, 2.21529, 2.23352, 2.97767, 2.58009, 2.60246
4.64, 0.0319376, -0.373661, 0.571099, -0.172653, -0.174101, 0.510322, 0.0726608, 0.545045, 0.672959, 1.53071, 1.84264, 1.242, 0.963479, 1.41399, 1.59665, 2.00122, 2.31288, 1.95288, 1.39465, 1.77692, 2.11433, 1.73892, 2.06005, 2.09014, 2.48122, 2.40657, 2.31846, 2.61671, 2.81598, 2.35273, 3.09262
4.66, 0.0319376, 0.477705, 0.390416, 0.133938, -0.247397, 0.537236, 0.0525684, 0.209613, 0.100139, 0.0777148, 0.367672, 0.277343, 1.07254, 1.23682, 1.23991, 0.903888, 0.984199, 1.08019, 1.5687, 1.21654, 1.33724, 1.55263, 1.72932, 1.85256, 1.51333, 2.24356, 2.01324, 2.10455, 2.44432, 2.23332, 2.42859
4.68, 0.0319376, 0.212815, -0.313553, -0.0926407, -0.000290674, -0.0101756, 0.705531, 0.410744, 0.57807, 0.33338, 0.663478, 0.509624, 0.903717, 0.986548, 1.47842, 1.23418, 1.20043, 0.856091, 1.24032, 1.75655, 1.99638, 1.75094, 1.95463, 2.24724, 2.21969, 2.28699, 2.37562, 2.75804, 2.69901, 2.73061, 2.66953
4.7, 0.0319376, -0.926876, -0.603402, 0.313356, 0.309529, -0.318797, 0.0491654, -0.29193, 0.0431546, 0.29054, 0.333618, -0.316734, 0.63172, 0.894669, 0.79848, 1.37963, 1.7433, 1.58866, 1.71018, 1.51339, 1.40053, 1.56255, 1.82526, 1.87404, 1.89467, 2.03666, 2.48756, 2.49919, 2.37945, 2.66082, 2.59276
4.72, 0.0319376, 0.262722, 0.113914, 0.0112355, 0.453864, 0.472012, 0.601942, 0.0349717, 0.380728, 0.919262, 0.816962, 0.920295, 1.13111, 1.50941, 1.41308, 1.23541, 1.68954, 1.96185, 1.92571, 1.75233, 1.94685, 2.07136, 1.87845, 2.05415, 2.36804, 2.48825, 2.55359, 2.54415, 2.48534, 2.53924, 2.85877
4.74, 0.0319376, -0.512, -0.0246172, 0.153746, -0.0663018, 0.413225, 0.613473, 0.563608, 0.69535, 1.12795, 1.13571, 0.932849, 0.921481, 0.983061, 1.16232, 0.727426, 1.33883, 1.37088, 1.95175, 1.69691, 2.4346, 2.32929, 1.74796, 1.85695, 2.21881, 2.57452, 2.44104, 2.41751, 2.67662, 2.52176, 2.82377
4.76, 0.0319371, 0.501178, 0.926541, 0.758606, 0.953895, 1.27856, 0.436786, 0.777373, 0.338302, 0.317494, 0.340858, 0.962382, 1.24467, 1.2569, 0.949529, 1.28091, 1.72793, 2.26817, 2.51931, 2.41559, 2.35241, 2.13648, 2.27458, 2.50488, 2.55423, 3.11327, 2.54363, 3.11879, 3.24239, 3.12825, 3.37958
4.78, 0.0319371, 0.411701, -0.269052, -0.120414, 0.22919, 0.598384, 0.698928, 0.717642, 0.898684, 1.13182, 0.95183, 0.985947, 0.641373, 1.52199, 1.38855, 1.12882, 1.22995, 1.78381, 1.72401, 2.34023, 2.46701, 2.42878, 2.3061, 2.24907, 1.81781, 2.38163, 2.53102, 2.49679, 2.56849, 2.51182, 2.53735
4.8, 0.0319371, 0.547802, 0.172527, 0.0356116, 0.370417, 0.0709706, 0.58238, 0.508709, 1.44155, 1.89012, 1.32422, 0.939219, 1.33534, 1.73118, 1.42115, 1.62848, 1.60906, 1.78582, 1.83757, 2.02863, 2.39411, 1.71357, 1.98576, 2.37263, 2.74611, 3.07308, 2.99127, 3.2335, 3.55301, 3.41057, 3.15942
4.82, 0.0319371, -0.148466, 0.691011, 0.71862, 0.1075, 0.607504, 0.913946, 0.411754, 0.356285, 1.23329, 0.854341, 0.835245, 0.881023, 1.26189, 1.03223, 1.01556, 1.6476, 1.43391, 1.38051, 1.85562, 2.05054, 2.10603, 2.08513, 1.95517, 2.18267, 2.3958, 2.67072, 2.78215, 2.8042, 2.69466, 2.78973
4.84, 0.0319371, -0.75794, -0.151506, -0.207371, 0.171049, 0.17812, 0.340919, 0.682198, 0.777911, 0.311586, 0.851443, 1.04293, 1.42342, 1.16039, 1.07426, 1.46598, 1.31585, 1.32916, 1.8063, 1.73668, 2.01717, 2.02739, 2.03723, 2.54227, 2.34129, 2.52375, 2.3327, 2.44559, 2.36396, 2.55303, 2.71769
4.86, 0.0319376, 0.0734165, 0.863272, 0.538594, -0.616478, -0.276895, 0.509493, 0.258358, 0.952653, 0.506996, 0.432635, 0.502016, 0.749809, 0.961277, 1.57812, 1.66607, 1.75655, 1.26418, 1.59989, 1.78945, 1.84917, 1.71637, 1.88688, 1.76296, 2.0769, 2.21213, 2.57895, 2.5552, 2.79866, 2.62515, 2.70313
4.88, 0.0319376, -0.00163791, -0.0351414, 0.195141, -0.41262, 0.204703, 0.342088, 0.691127, 0.69441, 0.962193, 0.935741, 0.938457, 0.88089, 1.31639, 1.73922, 1.83073, 1.87104, 1.39654, 1.67527, 1.48847, 1.48768, 1.80878, 1.81609, 1.75395, 1.84368, 2.41398, 2.33627, 2.70053, 2.87233, 2.98082, 2.81913
4.9, 0.0319376, -0.555147, -0.151576, 0.348985, 0.156257, 0.167133, 0.501492, 0.738869, 1.19941, 0.982335, 0.447924, 0.729674, 1.11576, 1.34853, 1.63135, 1.70434, 1.93627, 1.27153, 1.84583, 1.45495, 2.05042, 2.21513, 2.14309, 2.4351, 2.41926, 2.49534, 2.59545, 2.54759, 2.84766, 2.57381, 3.06254
4.92, 0.0319376, -0.0279169, 0.0876304, -0.29196, 0.476851, 0.3381, 0.607332, 0.646863, 0.691514, 1.07059, 0.825335, 0.592087, 1.2132, 1.09776, 1.13257, 1.26624, 1.63192, 1.66088, 1.54689, 1.4547, 2.01037, 1.94522, 2.17301, 2.50198, 2.3441, 2.69474, 2.26597, 2.08198, 2.46695, 3.06019, 2.76987
4.94, 0.0319376, -0.377496, -0.179182, -0.299511, 0.564772, 0.842164, 0.947913, 0.0455559, 0.757956, 0.959493, 0.998446, 0.841398, 1.46372, 1.04305, 1.80105, 1.81809, 1.51463, 1.57312, 1.92303, 2.00915, 2.20261, 1.8993, 2.39473, 2.47805, 2.4861, 2.63298, 2.53022, 2.527, 2.90624, 3.12897, 3.22071
4.96, 0.0319376, -0.106356, 0.376478, 0.660211, 0.317432, 0.424625, 0.993966, 0.993968, 0.877382, 0.653575, 1.01882, 1.02682, 1.25256, 1.45304, 1.26533, 1.46323, 1.75011, 1.89676, 1.82185, 2.3016, 2.56231, 2.55336, 2.16031, 2.35245, 2.77036, 2.77865, 2.58553, 3.12095, 3.23572, 3.10018, 3.08817
