# Time (seconds), Duration (seconds), f0, f1, f2, f3, f4, f5, f6, f7, f8, f9, f10, f11, f12, f13, f14, f15, f16, f17, f18, f19, f20, f21, f22, f23, f24, f25, f26, f27, f28, f29
0, 0.0319375, -1.80734, -0.805052, -1.65991, -1.33222, -1.44046, -2.022, -1.86432, -1.90227, -2.11754, -1.80046, -1.70623, -1.4302, -1.74484, -1.80586, -2.2032, -2.37676, -1.94947, -1.5961, -1.81891, -2.16761, -1.89601, -2.14921, -2.13568, -2.33192, -2.33014, -2.39373, -2.27904, -1.9456, -1.94145, -1.88417
0.02, 0.0319375, -1.24188, -0.843707, -1.42963, -1.30568, -1.20254, -1.58864, -1.63851, -1.14438, -1.50926, -1.73941, -1.98859, -1.8235, -1.5912, -1.97466, -2.20746, -1.57147, -1.61501, -1.75332, -1.9282, -2.17701, -1.6883, -1.93296, -2.00015, -1.91583, -1.86502, -2.00391, -1.8467, -1.75855, -1.81761, -1.4755
0.04, 0.0319375, -0.711369, -0.649539, -0.45191, -1.32868, -0.264693, -0.0822982, -0.544827, -0.673317, -0.475567, -1.42626, -1.5486, -1.04094, -0.624404, -0.546478, -1.06725, -0.823575, -1.13266, -1.16405, -1.06592, -0.77491, -0.703594, -0.708226, -0.896901, -0.862785, -1.27207, -1.37001, -1.03159, -0.893302, -1.18691, -1.0335
0.06, 0.0319375, 0.743241, 0.703052, -0.211055, 0.507847, 0.437589, -0.680539, -0.524266, -0.0257952, -0.600547, -0.738699, -0.311117, -0.941696, -1.46775, -0.129467, -0.466797, -0.632344, -1.07333, -0.857888, -1.17277, -1.29598, -1.05884, -1.34701, -1.10507, -1.49597, -1.49121, -1.47067, -1.36421, -1.33857, -1.26032, -0.648047
0.08, 0.0319375, -0.0888208, -0.114814, -0.267066, -0.524076, -0.353709, -0.781509, -0.822009, -0.805109, -0.351598, -0.279127, -0.41486, -0.556488, -0.377684, -1.20495, -0.55334, -0.559343, -0.449977, -0.513843, -0.597164, -0.510565, -0.620356, -0.881815, -0.974264, -1.42874, -1.10142, -1.20045, -1.31945, -1.07556, -0.824095, -0.575582
0.1, 0.0319375, 0.667386, 0.582779, 0.425327, 0.135941, -0.275274, -0.567035, -0.826873, -0.687205, -0.759572, -0.24292, -0.992381, -1.05935, -0.765457, -0.418586, -0.884938, -1.29096, -1.4998, -1.12726, -0.849992, -0.835769, -1.21696, -1.20341, -1.18559, -1.16797, -1.02469, -0.866061, -1.11657, -0.898339, -1.1826, -0.501876
0.12, 0.0319375, 0.258595, -0.0709778, -0.442009, -0.145804, -0.00222388, -0.139448, -0.322376, 0.208829, -0.0927411, -0.383173, -0.818377, -1.15641, -1.15134, -0.70041, -0.701986, -0.0387846, -0.13994, -0.0716634, -0.580035, -0.468514, -1.06993, -0.939091, -0.589054, -0.710649, -0.850329, -1.025, -1.10541, -0.799961, -1.15423, -0.705208
0.14, 0.0319375, 0.198361, 0.127731, -0.432552, -0.365285, -1.23323, -0.257804, -0.565271, -0.332932, -0.30927, 0.00388095, -0.361776, -0.347646, 0.134183, -0.20544, -0.630222, -0.8788, -0.623105, -0.365444, -0.728049, -0.871466, -0.637236, -0.543604, -0.823677, -0.930779, -0.951785, -1.26507, -0.652779, -0.579591, -0.343867, -0.258822
0.16, 0.0319375, 0.0198073, 0.581769, -0.172702, 0.446251, 0.640727, 0.830989, 0.532074, 0.773809, 0.261679, -0.410794, 0.249245, 0.374674, -0.191014, 0.124787, 0.130466, -0.067505, 0.3872, 0.211529, 0.0720467, -0.334375, -0.248348, -0.155188, -0.416873, -0.305919, -0.173044, -0.464144, -0.223422, 0.0342085, 0.248245, 0.436006
0.18, 0.0319375, 0.895307, 0.71448, 0.742787, 0.606211, 0.296364, -0.418248, -0.836907, -0.176409, 0.347528, -0.103022, -0.177902, -0.658227, -0.702281, -0.204421, -0.928957, -0.597348, -0.360613, -0.581127, -0.838177, -0.616564, -0.817383, -0.924254, -0.703165, -1.17157, -1.02457, -1.07154, -0.806995, -0.665719, -0.637611, -0.300087
0.2, 0.0319375, 0.13494, -0.177834, -0.817165, 0.493591, 1.2989, 0.675847, 0.9169, 0.54565, 0.178772, -0.0166023, -0.629705, -0.14289, 0.2781, -0.0824686, -0.152996, -0.156349, -0.38659, -0.0821579, -0.321271, -0.222125, -0.407764, -0.8177, -0.877802, -0.82175, -1.0661, -0.864525, -0.47034, -0.405668, -0.566482, -0.332344
0.22, 0.0319375, -0.14391, 0.13575, 0.0378085, -0.73167, 0.242633, 0.212631, 0.441326, -0.388983, -0.0664164, -0.279508, -0.291963, 0.0933622, -0.504595, -0.267029, -0.750843, -0.474187, -0.948221, -0.457355, -0.121094, -0.1705, -0.661098, -0.767627, -0.836593, -0.991187, -0.717726, -0.875987, -0.940228, -1.0382, -0.713493, -0.655904
0.24, 0.0319375, -0.43353, -0.318281, -0.0887935, 0.0968793, 0.0528958, -0.195336, 0.449538, 0.320518, 0.0327697, -0.198846, 0.295144, 0.0284382, -0.4773, -0.0840401, 0.0804478, -0.4388, 0.0812533, 0.0123953, -0.394865, -0.904977, -0.458198, -0.795102, -0.624155, -0.872768, -0.495734, -0.728495, -0.695355, -0.652334, -0.657263, -0.283382
0.26, 0.0319375, 1.2847, 0.603882, 0.559224, 0.926151, 1.28506, 0.652004, -0.0269943, 0.322758, 0.359164, -0.261343, 0.266949, 0.316167, -0.43607, 0.182801, -0.254767, -0.0385609, -0.392601, -0.357729, -0.195367, -0.278004, -0.40096, -0.348098, -0.626996, -0.452714, -0.450023, -0.446569, -0.692315, -0.365895, -0.24413, -0.0375022
0.28, 0.0319375, 0.817222, 0.605268, 0.275079, 0.245508, 0.44308, 0.420029, -0.0981731, 0.0110047, 0.264479, 0.0863699, 0.0146576, 0.47306, 0.22185, -0.104829, -0.212578, 0.258229, -0.431181, -0.253956, 0.0258133, -0.0212162, -0.220544, -0.339612, -0.464285, -0.565609, -0.962664, -0.723207, -0.605394, -0.180993, -0.013043, 0.243343
0.3, 0.0319375, 0.714397, 0.00864371, -0.0420373, 0.275439, -0.222837, 0.392435, 0.286957, -0.281809, -0.0858219, -0.246214, -0.37079, 0.0227648, -0.484369, -0.481497, -0.287866, -0.269835, -0.194341, -0.12128, -0.703237, -0.964363, -1.25033, -0.943885, -0.711652, -0.627456, -0.309452, -0.311664, -0.244867, -0.206171, 0.024256, -0.258134
0.32, 0.0319375, 0.46715, 0.639197, 0.478272, -0.186472, -0.259149, -0.0154649, -0.383306, -0.269441, 0.395353, 0.475374, -0.539452, -0.304781, -0.112173, -0.564547, -0.492461, -0.0461406, -0.620874, -0.778519, -0.536523, -0.414702, -0.392813, -0.694607, -0.773237, -0.590354, -0.463027, -0.383371, -0.331496, -0.20283, -0.190012, -0.111805
0.34, 0.0319375, 0.282648, 0.0011434, 0.497022, 0.408902, 0.53602, -0.146717, -0.689233, 0.0335745, 0.681315, 0.134267, -0.245916, -0.331321, 0.387382, 0.0913649, -0.0171324, -0.433968, -0.279601, -0.0217896, -0.0735197, 0.0858604, -0.31803, -0.387786, -0.642453, -0.850826, -0.382305, -0.476679, -0.404069, 0.225195, 0.00341832, 0.273282
0.36, 0.0319375, 1.02072, 1.53314, 1.17447, 0.820076, 1.48774, 1.25741, 0.751049, 1.12124, 1.14813, 0.831543, 0.416889, 1.00859, 0.796148, 0.619862, 0.33962, 0.708023, 0.273887, 0.474801, 0.612265, 0.557768, 0.240915, 0.111494, 0.110677, 0.22068, 0.25982, 0.385382, 0.444799, 0.286908, 0.533455, 0.747972
0.38, 0.0319375, 2.49845, 1.55618, 0.548312, 1.26583, 1.72164, 1.15562, 0.207682, 0.785567, 0.218227, 0.745944, 0.108085, 0.126054, 0.889592, 0.358058, 0.0170668, 0.195761, 0.0796126, 0.452125, 0.0799879, -0.136917, -0.313872, -0.270656, -0.585136, -0.658038, -0.524298, -0.278006, -0.332949, -0.507958, -0.215921, 0.0471338
0.4, 0.0319375, 1.87744, 1.43628, 0.63967, 0.704691, 0.668578, 0.554552, 0.514084, 0.47997, 0.354061, -0.0407393, -0.150932, 0.329581, -0.216937, 0.269269, 0.0967478, -0.147565, -0.107142, -0.381876, -0.245073, 0.0668902, -0.531385, -0.219894, -0.430066, -0.838957, -0.573723, -0.78214, -0.773315, -0.411355, -0.351534, -0.242329
0.42, 0.0319375, 0.694044, 1.19107, -0.0317095, 0.148625, -0.348069, 0.140043, 0.235841, 0.302058, 0.183928, 0.276183, -0.397598, -0.173781, 0.0961602, -0.331109, -0.500193, -0.718516, -0.443821, -0.304082, -0.082823, -0.755411, -0.202285, -0.372173, -0.264868, -0.597879, -0.815744, -0.709273, -0.685346, -0.323097, -0.405335, -0.539266
0.44, 0.0319375, 1.01191, 0.507468, 0.561781, -0.0572003, 0.218233, -0.168851, -0.758896, -0.0317081, -0.238121, -0.0491001, -0.359475, -0.669555, -0.804921, -0.00409786, -0.0321045, -0.407446, -0.685049, -0.428614, -0.740947, -0.587696, -0.794385, -0.921612, -1.29333, -0.975914, -1.04405, -1.04856, -0.886462, -0.550596, -0.780757, -0.674778
0.46, 0.0319375, 0.663005, 0.529689, 0.245471, -0.192961, 0.409258, 0.833181, -0.687518, -0.560155, 0.15598, 0.45031, 0.314481, 0.769586, 0.499788, 0.290058, -0.0125869, 0.216428, 0.293954, -0.415173, -0.602607, -0.426473, 0.0835666, -0.228394, -0.533773, -0.119017, -0.300286, -0.325591, -0.244132, -0.287587, -0.100948, 0.159357
0.48, 0.0319375, 0.474055, 0.811123, 0.730871, 0.880128, 0.565533, 0.33933, 0.00137735, 0.453348, 0.332932, 0.12327, -0.0462449, 0.251963, -0.309593, 0.0925362, -0.0144074, -0.00797066, -0.27371, -0.262104, -0.127291, -0.204691, -0.130992, -0.367517, -0.637775, -0.693704, -0.37432, -0.553611, -0.324619, -0.305024, -0.299462, 0.0569373
0.5, 0.0319375, 0.016773, 0.574474, -0.103669, 0.483508, 0.387671, 0.314263, 0.0113545, -0.432212, 0.0149807, 0.0854687, -0.0700791, -0.149329, 0.219864, 0.398194, -0.130354, 0.0915565, 0.561882, -0.222676, 0.505213, 0.345584, -0.373312, -0.677641, -0.513078, -0.348182, -0.578961, -0.503632, -0.454082, -0.113952, -0.312458, 0.4474
0.52, 0.0319375, 2.59947, 2.10205, 1.47664, 1.60728, 1.53871, 1.11784, 1.46567, 1.84063, 1.63574, 1.37243, 1.35129, 1.49982, 1.42415, 1.51338, 1.31015, 1.33353, 1.27719, 1.27857, 1.16316, 1.0036, 0.625354, 0.695333, 0.961065, 0.6151, 0.625755, 1.2729, 1.27155, 1.26899, 1.18801, 1.05854
0.54, 0.0319375, 1.81673, 0.831811, 0.843182, 0.30107, 0.545287, 0.939525, 0.511804, 0.35001, 1.02288, 1.20567, 0.46676, 0.615592, 0.589899, 0.912836, 0.449583, 0.399702, 0.555571, 0.239266, 0.423913, -0.0859214, 0.00210052, -0.477581, 0.0229031, 0.0460025, 0.199029, -0.0903215, -0.469004, 0.28963, 0.689963, 0.624951
0.56, 0.0319375, 1.06218, 0.291315, 0.525783, 0.0429923, 0.728161, 0.407619, 0.275629, 0.120496, -0.024815, 0.326876, -0.583599, -0.0205045, 0.0972653, -0.447257, -0.527187, 0.134419, -0.488672, -0.505897, -0.457293, -0.801129, -0.883876, -0.960009, -0.27738, -0.323808, -0.140848, 0.883673, 0.429843, 0.157275, 0.0664543, 0.536071
0.58, 0.0319375, 1.27543, 0.0499249, -0.00955242, -0.237118, -0.255321, -0.700756, -0.679976, -0.362003, 0.248457, 0.0813616, -0.0245283, -0.0478982, -0.66945, -0.378919, -0.405063, -0.0679944, -0.251409, -0.396203, -0.751555, -0.715034, -1.09797, -0.812993, -0.863103, -0.821812, -0.417674, -0.300327, -0.371147, 0.109271, -0.0312205, 0.282009
0.6, 0.0319375, 0.604331, 0.0121036, 0.361106, 0.776961, 0.155343, -0.24808, -0.31052, 0.335971, -0.384325, 0.00883043, 0.339469, 0.40114, 0.0542978, 0.00139175, 0.212015, 0.321533, -0.258274, -0.112942, -0.140471, -0.449933, -0.294537, -0.292048, -0.5219, -0.292215, -0.629084, -0.500464, -0.218653, -0.0228498, -0.337519, -0.425036
0.62, 0.0319375, 0.712544, 0.604245, 1.08827, 1.06056, 0.803445, 0.249654, 0.674687, 0.421178, 0.668706, 0.20844, 0.314837, 0.281928, 0.116518, 0.126495, 0.00773175, 0.0968566, 0.197682, 0.00621695, -0.138109, -0.0847651, -0.506457, -0.441844, -0.822389, -0.584108, -0.602781, -0.317342, -0.14662, -0.0493623, -0.0296599, 0.298453
0.64, 0.0319375, 1.82946, 1.57456, 1.00879, 0.457723, 0.447153, -0.0424241, -0.0367553, 0.959399, 0.516546, 0.583223, -0.141175, 0.535836, -0.0498888, 0.204835, -0.12889, 0.0347897, -0.108419, -0.126651, -0.409939, -0.410091, -0.399662, -0.307856, -0.780777, -0.45633, -0.52569, -0.580187, -0.40319, -0.446408, -0.198801, -0.130922
0.66, 0.0319375, 0.119638, 0.654371, 0.196508, -0.12133, 0.297079, 0.0301491, -0.547222, -0.0768453, -0.428005, -0.0870545, -0.749275, -0.388239, -0.00496737, 0.0349983, -0.441711, -0.784004, -0.249468, -0.48518, -0.702895, -0.467254, -0.342436, -1.0438, -1.19241, -0.835324, -0.840855, -0.671497, -0.486553, -0.509347, -0.786722, -0.201856
0.68, 0.0319375, 0.607743, 0.26864, -0.587965, 0.162131, 0.134534, -0.13757, -0.0240528, -0.270131, -0.629323, -0.227374, -0.299694, -0.508122, -0.339151, 0.235272, -0.070638, -0.343565, -0.59397, -1.24584, -1.26472, -0.938428, -0.563098, -0.98294, -1.2708, -1.36861, -1.21616, -1.08006, -0.854527, -0.735698, -0.774699, -0.623273
0.7, 0.0319375, -0.620912, -0.286485, -0.111891, -0.641538, -0.24895, -0.105595, -0.181656, 0.0220111, -0.312682, -0.376692, -0.717913, -0.172816, -0.454927, -0.685504, -1.02361, -0.602093, -0.627627, -0.528011, -0.88931, -0.644248, -0.857453, -0.411236, -0.35856, -0.607261, -0.973845, -0.76694, -0.410105, -0.642987, -0.190856, -0.497992
0.72, 0.0319375, -0.410279, -0.252197, -0.151474, -0.361443, -0.335762, -0.00890651, -0.309408, -0.66984, -0.200624, -0.664357, -0.463826, -0.254234, 0.0339049, -0.425164, -0.41869, 0.0209504, -0.24931, -0.496213, -0.36812, -0.763406, -0.938489, -0.880318, -0.893324, -0.684341, -0.730877, -0.549163, -0.824904, -0.246081, 0.0617284, 0.394257
0.74, 0.0319375, -0.825878, 0.213337, -0.266445, 0.436625, 0.362672, 0.065657, -0.0840535, -0.350994, -0.309018, -0.767426, -0.939045, -0.46152, 0.423826, -0.713186, -0.868917, -0.423207, -0.458298, -0.428975, -0.520834, -0.791892, -0.658066, -0.837078, -0.69647, -1.29029, -1.11629, -0.585343, -0.923477, -0.87211, -0.585447, -0.439436
0.76, 0.0319375, 0.745896, 0.315641, 0.221638, 0.261974, -0.410759, -0.0172037, -0.0620745, -0.522461, -0.325818, 0.185453, -0.175833, -0.255178, -0.040698, -0.198908, -0.0810307, -0.522922, -0.550624, -0.598609, -0.735536, -1.07417, -1.01679, -1.23895, -1.42929, -0.869671, -0.422342, 0.142999, -0.256237, -0.197186, -0.275667, -0.320505
0.78, 0.0319375, -0.1556, 0.288484, -0.356926, -0.200675, -0.524317, 0.212676, -0.245229, -0.126825, 0.0078155, 0.2255, 0.276181, 0.0527395, -0.469944, -0.332468, -0.144643, -0.399671, -0.531265, -0.437386, -0.311584, -0.077071, -0.00762796, 0.0115937, -0.123728, -0.680979, -0.650594, -0.687161, -0.346416, -0.191689, 0.0406233, 0.13328
0.8, 0.0319375, -0.655926, -0.417163, 0.0192978, -0.43028, 0.516744, 0.576935, 0.82586, 0.587057, 0.955037, 0.725299, 0.549052, 0.745296, 0.68559, 0.434674, 0.0881975, 0.587534, 0.609112, -0.473283, 0.0529456, -0.200011, 0.0992908, -0.245595, -0.399355, -0.323769, -0.280499, -0.0432039, -0.0585875, -0.102746, -0.301415, 0.147935
0.82, 0.0319375, 2.15414, 1.95936, 1.59538, 1.18308, 1.00058, 1.37204, 0.824155, 1.16167, 1.56277, 1.16537, 0.737328, 0.951715, 1.03471, 0.999179, 0.845518, 0.931281, 1.03882, 0.698029, 0.609477, 0.983358, 0.966329, 0.956263, 0.329862, -0.0738044, -0.185828, 0.341271, 0.468032, 0.396594, 0.90535, 0.991302
0.84, 0.0319375, 0.945198, 0.5567, 0.0172227, 0.251847, 0.348786, 1.19004, 0.4886, 0.875868, 0.540992, -0.216711, -0.00881673, 0.326379, 0.0706483, -0.166264, -0.782086, -0.515846, -0.45853, -0.140428, -0.235761, -0.473775, -0.147582, -0.495006, -1.20304, -0.612459, -0.622936, -0.552656, -0.443663, -0.5208, -0.764613, -0.170971
0.86, 0.0319375, 1.32966, 0.680386, 0.736982, 0.639273, 0.548215, 0.837267, 0.247564, -0.412188, 0.272338, -0.178704, -0.0246486, -0.0439178, 0.0940681, -0.121955, -0.400406, -0.36763, -0.647227, -0.868851, -0.715739, -0.15054, -0.502986, -0.894828, -0.632335, -0.697609, -0.750226, -1.01602, -0.505005, -0.261427, -0.179702, 0.152841
0.88, 0.0319375, 0.51937, 0.414512, 0.1663, 0.149073, 0.455749, -0.14631, -0.0564416, -0.108908, 0.164374, 0.0973042, 0.0215579, -0.017705, -0.399808, -0.318759, -0.450451, -0.245426, -0.222908, -0.315627, -0.45145, -0.482119, -0.611096, -0.847419, -0.507366, -0.956352, -0.644538, -0.605952, -0.64023, -0.606741, -0.494939, -0.479352
0.9, 0.0319375, 0.868018, 0.349801, 0.438826, 0.274547, -0.0771245, -0.111126, -0.197384, -0.463952, -0.103594, 0.478192, 0.139908, 0.118398, 0.695132, 0.0249289, -0.142018, -0.790654, -0.101175, -0.349851, -0.638802, -1.16323, -0.670637, -0.827007, -0.829682, -0.5175, -0.687082, -0.42932, -0.38204, -0.155293, -0.406377, -0.636339
0.92, 0.0319375, 0.595824, 0.293731, 0.32222, 0.616113, 0.405089, -1.1703, -0.0457607, -0.270148, -0.530862, -0.443163, -0.411776, -0.054556, -0.134038, -0.496489, -0.555367, -0.561444, -0.451869, -0.800498, -0.513589, -0.819153, -0.967949, -0.926268, -1.1705, -1.1812, -0.772362, -0.696525, -0.742452, -0.870438, -0.825015, -0.530449
0.94, 0.0319375, 0.344577, 0.709872, 0.192488, 0.398707, 0.369847, -0.0249698, -0.316132, 0.149677, -0.4829, -0.832315, -0.558099, 0.00151365, 0.223191, -0.484089, -0.597823, -0.569479, -0.69731, -0.871425, -0.77621, -0.640132, -1.10448, -0.968188, -1.05811, -1.04665, -0.959275, -0.827718, -0.701941, -0.742593, -0.926057, -0.734202
0.96, 0.0319375, 0.708158, -0.228078, 0.016971, 0.0881836, -0.253722, -0.17189, 0.0097493, -0.238268, -0.33046, -0.341318, -0.518125, -0.447467, -0.599613, -0.289449, -0.591122, -0.726701, -0.795969, -0.694771, -1.09139, -0.728199, -0.656204, -1.18614, -0.59658, -1.07139, -0.605563, -0.576757, -0.673971, -0.911154, -0.653435, -0.399888
0.98, 0.0319375, -0.204041, 0.672454, 0.053261, 0.0626393, 0.686962, 0.889346, 0.18441, -0.243671, 0.540644, 0.391541, 0.408539, 0.146482, 0.234031, 0.501312, 0.463415, 0.202147, 0.317164, 0.202154, -0.232813, 0.10395, -0.126554, -0.586832, -0.632277, -0.193856, -0.153588, -0.109646, 0.000859964, 0.175323, 0.201413, 0.409239
1, 0.0319375, -0.210448, -0.0431933, 0.269704, 0.0900332, 0.922512, 0.208398, -0.395859, -0.265263, 0.240601, 0.248269, 0.325991, 0.000663061, 0.112425, -0.401233, 0.0634434, -0.102397, -0.240513, 0.00820291, -0.231327, -0.74665, -0.165131, -0.533834, -0.389995, -0.214057, -0.507448, -0.686656, -0.474306, -0.189766, -0.00769222, 0.177009
1.02, 0.0319375, 0.780203, -0.189127, -0.0934112, 0.0984958, 0.31086, 0.421382, 0.549812, 0.417933, 0.310997, -0.277976, -0.201487, 0.346031, -0.170314, -0.279415, -0.512767, -0.202732, -0.194316, -0.664144, -0.583475, -0.875559, -0.809198, -0.831001, -0.538127, -0.870108, -0.767478, -0.94773, -0.749439, -0.549819, -0.390872, -0.144389
1.04, 0.0319375, 0.314042, -0.247125, -0.254878, -0.0378231, 0.482501, 0.644937, -0.132928, -0.770031, -0.948522, -0.353945, -1.14894, -0.283859, 0.0440116, -0.365495, -0.93187, -0.747552, -0.851193, -1.00649, -0.935718, -0.978874, -0.688304, -0.688074, -0.868229, -0.767957, -0.762525, -0.808565, -0.799629, -0.883772, -0.650852, -0.364178
1.06, 0.0319376, 0.0642201, 0.828498, 0.328754, -0.243698, -0.373998, -0.360743, 0.30624, 0.358868, -0.286148, 0.354788, 0.332448, 0.148576, 0.231615, 0.326885, 0.298784, 0.138786, 0.232813, 0.378738, -0.14826, -0.211115, -0.349045, -0.449879, -0.359451, -0.41354, -0.390691, -0.428372, 0.00625439, 0.19069, 0.475293, 0.699386
1.08, 0.0319375, 1.16943, 0.712097, 0.403033, 0.74932, 0.109835, 0.683778, -0.144073, 0.102016, 0.623709, 0.407306, 0.194035, 0.118357, 0.58646, 0.070798, -0.280457, -0.186785, -0.0182634, -0.155602, 0.466416, -0.141079, -0.176342, -0.473382, -0.578364, -0.17441, -0.580377, -0.650355, -0.411157, -0.221712, 0.0523884, 0.381358
1.1, 0.0319375, 1.03681, 0.888895, 0.22933, 0.00745243, -0.105916, 0.048925, -0.0467139, -0.487763, -0.336375, -0.467182, -0.35614, -0.0729645, 0.205659, -0.014942, -0.448229, -0.655948, -0.778425, -0.626292, -0.685059, -0.830597, -0.88337, -1.458, -1.26983, -1.48212, -1.29051, -1.23998, -0.919672, -0.80657, -0.883393, -0.545956
1.12, 0.0319375, 0.682163, 0.667406, 0.369096, 0.449742, 0.55466, 0.484238, -0.03739, 0.584422, 0.203059, 0.359074, -0.00801128, 0.633494, 0.253343, 0.0218185, -0.41738, -0.0129974, 0.28783, 0.0598475, -0.313393, -0.455922, -0.376938, -0.372979, -0.29999, -0.255405, -0.315184, -0.709465, -0.295177, -0.376976, -0.104302, 0.068637
1.14, 0.0319375, 0.237066, 0.587084, 0.285069, -0.310033, 0.278424, 0.00674436, -0.499289, -0.119464, 0.387056, -0.0522252, -0.470371, 0.0517431, 0.197356, -0.881304, -0.852566, -0.336168, -0.544011, -0.371959, -0.599858, -0.971606, -1.17396, -0.87633, -0.836944, -0.997589, -1.1504, -0.873669, -1.35405, -0.865529, -0.50818, -0.443597
1.16, 0.0319375, 0.148028, 0.39814, 0.683728, 0.117249, 0.195503, 0.804232, 0.752047, 0.702757, 1.18563, 0.757853, 0.564526, 0.647694, 0.843924, 0.613459, 0.494819, 0.666078, 0.508489, 0.568768, 0.230286, 0.130675, 0.738017, 0.161122, 0.309768, 0.292881, 0.37219, 0.0858818, 0.105996, 0.239289, 0.81426, 0.810912
1.18, 0.0319376, 1.58498, 0.354841, -0.409889, 0.602882, 0.614745, 0.797883, 0.668201, 0.636818, 0.672702, 0.247381, -0.397559, -0.110623, -0.134743, -0.151256, 0.158818, -0.0922814, 0.062962, -0.0410625, -0.216932, 0.0638575, -0.102638, -0.295439, -0.567272, -0.0912654, -0.0961456, -0.0181264, 0.0288309, -0.106437, -0.00224747, 0.372091
1.2, 0.0319375, 1.06232, 1.242, 0.324173, 0.342146, 0.257756, -0.108289, 0.0706712, 0.314903, 0.360382, 0.149041, 0.0164367, -0.273557, -0.500482, -0.0520388, -0.374957, -0.418453, -0.550963, -0.432843, -0.239955, -0.135578, -0.220931, -0.718685, -0.605682, -0.731024, -0.247603, -0.172387, -0.38573, -0.462013, -0.125673, -0.10297
1.22, 0.0319375, 0.017203, 0.31122, -0.158836, 0.151202, 0.486102, 0.411368, -0.272006, -0.760985, -0.371104, -0.587162, -0.321221, -0.466329, -0.436327, -0.434888, -0.292613, -0.491726, -1.10888, -0.744785, -0.708675, -0.954414, -0.888005, -0.841492, -0.840053, -1.31525, -1.1917, -0.724469, -0.6762, -0.672712, -0.711154, -0.323329
1.24, 0.0319375, 0.00261525, -0.592807, -0.709829, -0.815891, -0.436759, -0.382608, -0.327619, -0.161797, -0.0476545, -0.104078, -0.236149, -0.513118, -0.405427, -0.126204, -0.0673378, -0.260674, -0.596909, -0.299406, -0.392643, -0.310668, -0.74384, -0.756223, -1.01397, -0.873758, -0.596692, -0.617494, -0.679568, -0.671399, -0.108954, -0.157089
1.26, 0.0319375, -0.144127, 1.49125, 1.17176, 0.526467, 0.660636, 0.784055, 1.02316, 1.15881, 1.04404, 0.841111, 0.131759, 0.653179, 0.353221, 0.221621, -0.0084334, 0.193029, 0.144967, -0.122775, 0.00524597, -0.00598154, -0.0789798, -0.121088, 0.0435941, -0.247752, -0.712359, -0.101064, 0.0408696, 0.102467, 0.434157, 0.404961
1.28, 0.0319375, 0.891133, 0.49453, 0.732164, 0.645976, 0.593919, 0.090784, 0.216233, 0.0914667, 0.27293, 0.0673975, 0.606615, -0.0232456, 0.343459, -0.0279573, -0.511623, -0.163942, -0.442282, -0.741827, -0.517967, -0.488238, -0.529862, -0.728563, -0.614324, -0.794379, -0.582235, -0.637228, -0.63224, -0.51836, -0.409319, -0.426028
1.3, 0.0319376, 0.805356, 0.435856, 0.544223, -0.176214, 0.278286, 0.254514, 0.0783029, 0.143364, 0.700695, 0.105867, -0.593393, -0.567502, -0.0546359, -0.234183, -0.146415, 0.0762382, 0.0219356, -0.281195, -0.148642, -0.609177, -0.423117, -0.844012, -0.443294, -0.624897, -0.527696, -0.472132, -0.429732, -0.177962, -0.274019, -0.302299
1.32, 0.0319375, 0.680907, 0.132679, 0.160985, -0.13341, -0.294819, -0.654517, -0.227852, -0.410222, -0.0352921, -0.347393, -0.692469, -0.897977, -0.313155, -0.125756, -0.512836, -0.568803, -0.456934, -0.789312, -0.423121, -0.853835, -0.944531, -0.974136, -1.07639, -1.17597, -1.18697, -0.968767, -0.90536, -0.709448, -0.604677, -0.565641
1.34, 0.0319375, 0.838637, 0.498385, 0.312417, 0.692024, 0.668209, 0.674872, 0.396466, 0.602205, 0.963736, 0.268481, 0.576593, 0.233174, 0.48995, 0.749851, 0.0284205, -0.136341, -0.300777, -0.39052, -0.55636, -0.434743, -0.256006, 0.0286562, -0.258882, -0.293808, -0.349059, 0.0773281, -0.021454, 0.341353, -0.0791236, 0.182592
1.36, 0.0319375, 0.672093, 0.810202, 0.810377, -0.0724724, 0.155518, 0.171218, -0.431528, 0.354523, 0.414855, 0.076057, -0.163482, 0.327684, 0.280859, -0.0609342, 0.0245294, -0.0726162, -0.0943769, -0.452637, -0.292523, -0.568162, -0.629679, -0.589425, -0.900451, -0.793111, -0.599241, -0.552603, -0.593958, -0.542713, 0.0036009, 0.0655989
1.38, 0.0319375, 0.0362381, -0.291534, -0.815377, -0.570818, -0.566051, -0.337935, -0.365247, -0.215133, -0.0853612, -0.564314, -0.325296, -0.0497779, -0.0705814, 0.125784, -0.333929, -0.431268, -0.701757, -0.592465, -0.4744, -0.674605, -0.964198, -0.870015, -0.83841, -0.75494, -1.01829, -0.757649, -0.657767, -0.672598, -0.45633, -0.352931
1.4, 0.0319375, 0.332256, 1.74305, 0.71476, 1.07419, 0.85942, 1.10067, 1.39221, 1.12661, 1.24427, 0.93483, 0.535553, 0.98706, 0.282816, 0.3169, 0.575724, 0.572099, 0.594661, 0.562441, 0.593195, -0.41031, -0.318299, -0.0508594, 0.18385, -0.00569658, 0.130986, 0.0257525, 0.547419, 0.351765, 0.425896, 0.581042
1.42, 0.0319376, 1.78543, 1.25042, 1.2556, 1.46482, 0.805035, 0.357531, 0.617438, 1.07749, 1.7156, 1.8434, 1.24609, 1.42029, 0.8386, 0.939619, 0.76157, 1.43645, 0.645718, 0.618485, 0.565054, 0.589895, 0.701983, 0.878952, 1.20652, 0.947994, 1.31832, 1.16149, 1.16862, 0.908101, 1.51062, 1.55756
1.44, 0.0319375, 1.84606, 1.82933, 1.34121, 0.717016, 1.79559, 0.88569, 0.540957, 0.771438, 1.1199, 0.520504, 1.24411, 0.769834, 0.286489, 0.161215, 0.567234, 0.556059, 0.431512, 0.376977, 0.657937, 0.11689, 0.00958129, 0.0966981, -0.141228, -0.113398, -0.158394, -0.390728, 0.144934, -0.0379467, -0.265446, -0.076001
1.46, 0.0319375, 1.81561, 1.53171, 0.59338, 0.745928, 0.953174, 0.836668, 0.616892, 0.423382, -0.109932, 0.0887314, -0.651263, -0.62454, -0.252385, -0.305831, -0.284295, -0.476737, -0.685931, -0.582405, -0.682488, -0.967291, -0.326225, -0.554386, -0.68126, -0.479557, -0.493614, -0.834748, -0.555054, -0.324246, -0.814887, -0.363671
1.48, 0.0319375, 0.683924, 0.868294, 0.23423, 0.24412, 0.657419, 0.213121, 0.302152, 0.111943, 0.0611527, 0.0348721, 0.137648, 0.0473438, 0.247917, -0.0422692, -0.0639356, 0.0914409, -0.207758, -0.353151, -0.164958, 0.084684, 0.046098, 0.0777164, -0.15668, -0.571553, -0.187821, 0.0563623, 0.153383, 0.0382465, 0.0697437, 0.847703
1.5, 0.0319375, 0.303562, 0.551405, 0.883891, 0.156556, 0.223921, 0.102632, -0.273167, 0.592525, 0.726239, 0.0596074, -0.367763, 0.209493, 0.4026, -0.0142026, 0.163009, 0.598366, 0.337537, -0.178947, 0.214294, 0.0493951, -0.0989986, 0.263819, -0.0128347, -0.605033, -0.555716, -0.260129, -0.914793, -0.517667, -0.349003, -0.00221808
1.52, 0.0319375, 1.04885, 0.620602, 0.842902, 0.695702, -0.184323, -0.348796, 0.0876244, 0.414643, 0.0360477, 0.429052, 0.452359, -0.155556, -0.408152, 0.582533, 0.0935517, -0.389874, -0.0524165, -0.162522, 0.0865425, -0.411259, -0.193695, -0.750425, -0.177309, -0.295132, -0.32021, -0.42508, -0.686337, -0.583694, -0.47346, -0.0946841
1.54, 0.0319375, 0.33585, 0.0396816, 0.214955, -0.211208, -0.0341389, 0.303785, -0.0918627, -0.521451, -0.0238562, 0.260608, -0.211876, -0.257825, 0.196927, -0.492329, -0.521498, -0.262179, -0.219539, -0.346554, -0.295645, -0.654731, -0.571638, -0.777715, -1.00984, -0.790971, -0.601233, -0.477112, -0.326343, -0.730023, -0.413043, -0.201064
1.56, 0.0319376, 0.580898, 0.985598, 0.375968, 0.333743, 0.0947246, 0.438117, -0.217366, 0.401602, 0.486687, 0.147579, -0.0104808, 0.0092243, -0.196094, 0.0632649, 0.0720124, 0.0280911, -0.125846, -0.273204, -0.774717, -0.339719, -0.770139, -0.756633, -0.883778, -1.10377, -0.694954, -0.765214, -0.671405, -0.444038, -0.273557, -0.108007
1.58, 0.0319375, 0.915703, 0.850207, 0.267216, -0.437029, -0.0914361, -0.357218, -0.487314, 0.356169, 0.267263, 0.126876, 0.0147195, -0.111465, -0.212047, 0.0601715, -0.0399483, -0.351206, -0.0626256, 0.20065, 0.0105595, -0.202633, -0.239061, -0.502714, -0.408438, -0.55031, -0.574864, -0.609649, -0.608302, -0.404778, -0.238035, -0.741951
1.6, 0.0319375, 0.336524, 0.755919, 0.0717366, 0.843285, 1.2701, 1.29867, 0.184404, 1.18547, 1.01363, 0.43541, 0.581155, -0.375222, -0.0373604, 0.146571, 0.308166, 0.799243, 0.33215, -0.022063, 0.464054, 0.81129, 0.619293, 0.27953, 0.203513, 0.243791, 0.182085, 0.19498, 0.266581, 0.470769, 0.52532, 1.07545
1.62, 0.0319375, 1.62015, 0.50278, 0.824561, 0.490444, 0.666046, 0.769939, 0.892716, 1.33924, 0.956173, 0.0898191, 0.325476, 0.0978006, 0.139951, 0.534756, 0.0319961, -0.147579, -0.0118763, -0.00419949, -0.578125, -0.420819, -0.485732, -0.681853, -0.350448, -0.191, -0.664565, -0.537065, -0.455022, 0.0129943, 0.166408, 0.122035
1.64, 0.0319375, 1.02286, 0.519535, 0.427126, 0.389997, 0.597049, -0.130151, 0.426439, 0.0269187, 0.370641, 0.305325, -0.170263, 0.498967, 0.14174, 0.158884, -0.221038, 0.222254, 0.00517149, -0.134886, -0.451148, 0.0655807, -0.299023, -0.648829, -0.412722, -0.500492, 0.0322759, -0.36733, -0.538202, -0.25408, -0.173829, 0.0082703
1.66, 0.0319375, 1.30109, 1.06297, 0.990033, -0.132753, 1.03682, 0.791329, 0.970834, 0.995997, 0.732789, 0.236108, 0.757375, 1.07151, 0.519328, 0.53369, 0.608359, 0.365136, 0.403454, 0.155597, 0.421341, 0.463631, 0.345107, 0.148331, 0.0470042, 0.177708, 0.37412, 0.146185, 0.119726, 0.0592043, 0.300151, 0.674052
1.68, 0.0319376, 1.31632, 1.08059, 0.85168, 0.383991, 0.420648, 0.366558, 0.236658, 0.587081, 0.612273, 0.222363, 0.509937, 0.258846, 0.368107, 0.520832, 0.364816, 0.467587, 0.0549681, 0.0148259, 0.0471273, -0.0658208, -0.170594, -0.786269, -0.39164, -0.249894, -0.476338, -0.454681, -0.273925, 0.137815, 0.347604, 0.249472
1.7, 0.0319375, 0.497529, 0.751072, 0.364694, 0.925151, 0.817168, 0.381037, 0.133109, -0.189298, -0.114735, 0.648766, 0.340051, 0.526535, 0.458455, 0.596753, 0.430838, 0.163869, -0.241336, -0.122706, 0.405379, 0.0582344, -0.0579067, -0.289549, -0.212484, -0.0337856, 0.0136537, -0.270134, -0.298484, -0.0614354, -0.106264, 0.248491
1.72, 0.0319375, 1.56614, 1.64118, 1.28464, 0.524131, 0.187427, 0.717194, 0.798226, 0.0952131, 0.0712891, 0.670935, 0.544611, 0.192979, 0.204902, 0.232456, -0.430339, 0.414, 0.126041, -0.0642567, -0.254299, -0.290076, -0.214889, -0.44878, -0.839798, -0.419045, -0.42214, -0.339698, -0.350741, -0.418649, -0.46595, -0.34897
1.74, 0.0319375, 0.243811, 0.93516, 0.336592, 0.334627, 0.640583, -0.0695317, 0.0419546, 0.194926, 0.193804, 0.10678, -0.202399, 0.147177, 0.180921, 0.17631, -0.0554941, -0.0221484, -0.142899, -0.590756, -0.0634141, -0.0405538, 0.0785296, -0.176646, -0.231294, -0.41611, -0.741943, -0.916738, -0.201484, 0.127249, 0.215665, 0.0248634
1.76, 0.0319375, 0.534217, 0.750917, 0.707711, -0.133449, -0.32697, 0.322431, -0.326444, -0.124738, -0.31948, -0.686037, 0.486461, 0.0161168, -0.164682, 0.118513, -0.424298, -0.627906, -0.490362, -0.545112, -0.531952, -0.565843, -0.46374, -0.779834, -0.977874, -0.839272, -0.671704, -0.551057, -0.827457, -0.75077, -0.818251, -0.333939
1.78, 0.0319375, 0.199947, 0.754775, -0.167471, -0.478933, -0.706914, -0.688678, -0.241613, 0.518391, 0.996658, 0.242499, 0.0187619, 0.375805, 0.700018, 0.183595, 0.121874, 0.299803, 0.247875, -0.280585, -0.413812, -0.434822, -0.0419627, -0.309973, -0.45888, -0.352124, -0.290318, -0.433611, -0.527688, -0.344876, -0.343666, -0.306761
1.8, 0.0319376, 0.751664, 1.18246, 0.723705, 1.03956, 0.557927, 0.821907, 0.303963, 0.515231, 0.762682, 1.08542, 1.03173, 0.733075, 0.449028, 0.867445, 0.983335, 1.08039, 0.786764, 0.24688, 0.122995, 0.278043, 0.904755, 0.572126, 0.286536, 0.606867, 0.378634, -0.16812, 0.538431, 0.924251, 1.23991, 1.48315
1.82, 0.0319375, 1.39161, 0.997606, 0.0601423, 0.592479, -0.330985, -0.176845, 0.11632, 0.693113, 0.965175, 0.443919, 0.119568, 0.659455, 0.715419, 0.315535, 0.435207, 0.417425, 0.292188, 0.398084, 0.188683, 0.265075, 0.30805, 0.201351, 0.124465, 0.274775, -0.447119, -0.227033, 0.0965684, 0.21073, 0.13013, 0.58439
1.84, 0.0319375, 0.245142, -0.336057, 0.376338, 0.503081, 0.679855, 0.509464, 0.603319, 0.0389588, 0.68354, 1.03379, 0.911776, 0.848346, 0.585182, 0.386708, 0.18325, 0.40713, 0.637256, 0.231642, 0.228987, 0.208466, 0.280157, -0.308206, 0.523586, -0.0691845, -0.260526, -0.210749, -0.102963, -0.0482882, -0.116177, 0.441592
1.86, 0.0319375, 0.629633, 0.560725, 0.11982, 0.0132144, 0.411716, 0.74755, 1.07559, 0.561722, -0.103887, 0.247333, 0.640285, 0.283289, 0.195015, -0.19224, -0.0542585, -0.139181, -0.12815, -0.137216, -0.0035151, -0.376178, -0.484659, -0.769382, -0.634077, -0.382226, -0.598497, -0.602513, -0.44563, -0.387324, -0.231912, -0.301013
1.88, 0.0319375, 0.24423, 0.709586, 0.638599, 1.38382, 0.89172, 1.0169, 0.397599, 0.427275, 0.628149, 0.770993, 0.687786, 0.588313, 0.0992183, 0.607445, 0.023217, 0.196833, 0.451416, 0.336661, 0.307166, -0.330025, -0.327424, -0.362849, -0.300391, -0.528451, -0.0419519, -0.134143, -0.0343612, -0.0276341, 0.0828253, 0.0789606
1.9, 0.0319375, 2.1452, 1.95788, 1.25177, 1.35178, 1.51429, 0.966928, 1.3443, 1.35326, 1.76131, 1.11446, 1.19281, 1.42019, 1.44084, 1.50003, 1.30811, 1.0808, 0.854651, 0.871494, 0.891698, 0.0367794, 0.176683, 0.336071, 0.466749, 0.779743, 0.87338, 0.82946, 0.805334, 1.31854, 1.35689, 1.50206
1.92, 0.0319376, 2.07863, 1.0563, 0.788723, 1.08646, 1.19157, 0.959451, 0.701495, -0.19268, 0.397847, 0.164934, 0.567456, 0.307242, 0.124386, 0.142501, 0.47498, 0.245359, -0.00814485, -0.268455, -0.0221823, 0.301923, 0.112199, 0.340343, -0.280138, 0.155096, 0.0217698, 0.00500343, 0.0316102, -0.0175938, 0.305768, 0.562897
1.94, 0.0319375, 1.67182, 1.36984, 1.06863, 1.29445, 0.46766, 0.241403, 0.117783, 0.0706854, 0.190769, -0.192357, 0.593245, 0.0172644, -0.371376, -0.103877, -0.394103, -0.000769315, 0.14656, -0.326375, -0.761189, -0.875932, -0.269402, -0.172336, -0.442133, -0.768038, -0.602394, -0.414203, -0.25014, -0.154336, -0.270883, 0.151572
1.96, 0.0319375, 0.857872, 1.89866, 1.198, 0.963146, 1.09907, 0.806646, 0.777918, 0.77635, 1.05366, 1.016, 0.933143, 0.956854, 0.608258, 0.760726, 0.82816, 0.664028, 0.623938, 0.706895, 0.582643, 0.333632, 0.154747, 0.423431, 0.400972, -0.0942805, 0.326051, 0.148481, 0.0979262, 0.237235, 0.554339, 0.897097
1.98, 0.0319376, 1.41851, 1.0217, 0.118414, 0.814191, 0.600428, 0.881943, 0.28836, 0.850697, 0.258975, 0.850257, 0.903754, 0.325029, 0.4166, 0.09918, 0.503286, 0.163646, 0.310903, 0.214697, 0.146497, 0.170936, -0.0282634, -0.021449, -0.469187, -0.269001, -0.0240015, -0.0364982, 0.12333, 0.04512, -0.109331, 0.0907738
2, 0.0319376, 1.37411, 0.806322, 0.480589, 0.594054, 0.334469, 0.446947, -0.0570211, 0.323394, 0.479827, 0.497835, 0.803316, 0.8858, -0.270035, -0.0733446, 0.375853, -0.037025, -0.0063839, 0.44173, 0.330673, -0.136588, 0.141798, -0.0589283, -0.0456093, 0.0210025, -0.236217, -0.322307, -0.396432, -0.183925, 0.18646, 0.0612977
2.02, 0.0319376, 1.60325, 1.13146, 0.896716, 0.874826, 0.693612, 1.27352, 0.158375, 0.122942, 0.908462, 0.180416, 0.155743, 0.0885981, 0.209382, 0.353376, 0.445431, -0.0958357, 0.213014, -0.228676, -0.403461, -0.398876, -0.396453, -0.658412, -0.717319, -0.62261, -0.699358, -0.499178, -0.571937, -0.785527, -0.544837, -0.482626
2.04, 0.0319376, 0.793155, 1.47482, 1.21183, 0.534997, 0.92539, 0.761002, 1.5519, 1.99459, 1.64919, 0.416351, 0.9328, 1.91074, 1.90267, 2.40529, 2.31708, 2.2706, 1.59432, 1.39991, 1.79553, 2.06041, 2.26721, 1.72233, 1.74932, 1.84105, 1.39321, 1.39864, 2.06854, 2.34131, 1.91751, 1.90141
2.06, 0.0319376, 1.14784, 0.562224, 0.806004, 0.555097, 0.454095, 0.941943, 0.520711, 1.06817, 0.943518, 0.248629, 0.490657, 0.573018, 0.504224, 0.719688, 0.811893, 0.825709, 0.456227, 0.368469, 0.145291, 0.123606, 0.499595, 0.363987, 0.45754, -0.0310483, 0.131762, 0.339602, 0.247379, 0.276177, 0.323893, 0.363639
2.08, 0.0319376, 1.51735, 0.288961, 0.84069, 0.578836, 0.180482, 0.402201, -0.0935818, 0.820369, 0.799451, 0.617802, 0.375311, 0.31724, 0.37785, 0.0295919, 0.167034, 0.426537, 0.124676, -0.281326, -0.173356, -0.499837, -0.196877, -0.250912, -0.448896, -0.962205, -0.467426, -0.307786, -0.349794, -0.154122, 0.0992292, 0.0791743
2.1, 0.0319376, 1.33051, 0.940865, 1.09646, 0.893745, 0.808282, 0.622524, 0.527334, -0.153141, -0.110961, 0.374861, 0.191202, -0.207351, 0.317485, 0.252303, -0.0296989, -0.337177, -0.113883, -0.452476, -0.261692, -0.404386, -0.485296, -0.712564, -0.509279, -0.506297, -0.492742, -0.43183, -0.330126, -0.18959, -0.213014, 0.194227
2.12, 0.0319376, 1.50482, 1.83781, 2.33857, 1.32084, 0.856054, 1.15644, 0.693738, 1.20912, 0.806921, 0.89333, 1.08193, 1.2481, 0.671294, 0.849406, 0.511107, 0.44609, 0.161269, 0.578882, 0.258259, -0.163465, 0.0684099, -0.136556, 0.105194, -0.0506554, 0.181706, 0.108629, 0.193934, -0.153882, 0.250178, 0.560306
2.14, 0.0319374, 1.401, 0.804607, 0.67342, -0.40397, 0.519135, -0.060651, -0.304129, -0.309343, -0.0440376, -0.297644, -0.085552, -0.329976, 0.338506, 0.236022, -0.428095, -0.335688, -0.571554, -0.491235, -0.294027, -0.639785, -0.342092, -0.778742, -0.852868, -1.12054, -0.958121, -0.833632, -0.830486, -0.746873, -0.422058, -0.204771
2.16, 0.0319374, 1.76527, 1.39931, 1.19323, 0.504, 0.624669, 0.240418, 0.129199, 0.418306, 0.310621, 0.192796, 0.393751, 0.433814, 0.118818, -0.125673, -0.229304, 0.428213, -0.223288, 0.0764943, 0.521667, 0.273644, 0.53917, -0.285792, -0.208034, -0.111978, -0.422222, -0.255153, -0.105857, 0.0169497, 0.338931, 0.93015
2.18, 0.0319374, 1.49403, 1.19491, 0.480968, 0.474836, 0.457978, 0.0668756, -0.135619, 0.0625214, 0.251576, -0.339898, -0.125496, 0.0175533, 0.0398998, -0.38044, -0.031993, -0.0953145, -0.200778, 0.110529, -0.21651, -0.280007, -0.439248, -0.33282, -0.34572, -0.735583, -0.671594, -0.731677, -0.842493, -0.724192, -0.417486, -0.32867
2.2, 0.0319374, 1.17616, 0.624818, -0.0599187, 0.505563, 0.579961, 0.0361838, -0.0140244, -0.243974, -0.0209786, -0.371245, -0.381583, -0.382493, -0.698975, -0.159801, -0.257729, -0.287261, -0.122426, -0.912475, -0.579001, -0.357914, -0.680501, -1.04435, -1.02455, -1.02404, -1.05675, -0.841158, -0.425745, -0.353428, -0.174899, 0.0682859
2.22, 0.0319374, 1.45206, 1.16785, 1.0261, 1.04221, 1.19181, 0.762961, 0.505886, 1.29768, 0.738857, 0.649866, 0.283501, -0.125706, 0.653513, 0.349909, 0.35147, 0.204529, 0.266269, 0.36742, 0.241195, 0.603349, 0.379971, 0.429929, 0.320024, 0.437304, 0.124101, 0.153783, 0.40324, 0.216392, 0.373289, 0.679115
2.24, 0.0319376, 0.876187, 0.967757, 0.453958, 0.898529, 0.789513, 0.822886, 0.738596, 0.996885, 1.2333, 0.622911, 0.66786, 0.394659, 0.506067, 0.826794, 0.649338, 0.455558, 0.36853, 0.0532221, -0.0634594, 0.146625, 0.0843907, -0.156085, -0.337028, -0.181139, -0.136366, -0.0181809, 0.409754, 0.549364, 0.400046, 0.382117
2.26, 0.0319376, 1.24556, 1.31057, 1.0337, 0.550857, 0.956355, 0.49852, 0.62883, 0.365755, 0.99901, 0.824721, 0.543723, 0.0330501, -0.235209, 0.350892, 0.120524, 0.209382, 0.0187303, 0.0254703, 0.138905, -0.197099, -0.429747, -0.271147, -0.540401, -0.381285, -0.36149, 0.370197, 0.204021, 0.509569, 0.0302904, -0.164264
2.28, 0.0319376, 0.395656, 0.357657, 0.221667, 0.954695, 0.760527, 0.432235, -0.00598256, 1.03771, 0.474445, 0.305716, -0.173664, 0.296618, 0.269223, -0.141583, -0.185093, -0.263592, -0.277787, -0.00150436, 0.0406775, -0.318888, -0.505019, -0.660879, -0.629871, -0.294374, -0.411552, -0.451425, -0.152836, -0.308934, -0.185365, 0.179465
2.3, 0.0319376, 1.04322, 0.960565, 1.17058, 0.640347, 0.476283, 0.859242, 0.326256, 0.280408, 0.771953, 0.272003, 0.594869, 0.4826, 0.565104, 0.595082, 0.085279, -0.0325172, 0.614582, 0.642518, 0.761855, 0.615487, 0.363215, 0.290077, 0.410297, 0.0925081, 0.314322, 0.718365, 0.97344, 0.776044, 0.989545, 1.01588
2.32, 0.0319376, 0.393752, 0.269571, -0.167439, -0.181529, 0.456842, -0.25782, -0.436633, 0.399234, -0.0574841, -0.488389, -0.875702, -0.755967, 0.00922323, 0.120457, -0.210633, -0.353234, -0.0492798, -0.656081, -0.55398, -0.564389, -0.78931, -0.857795, -0.568713, -0.751625, -0.625945, -0.658866, -0.922378, -0.541464, -0.57575, -0.189447
2.34, 0.0319376, 1.94814, 2.08076, 1.9042, 1.6493, 1.47347, 1.24933, 1.47492, 1.40489, 1.39842, 1.50182, 0.961832, 1.26992, 1.44796, 1.27466, 0.950062, 0.953072, 0.831563, 0.879974, 0.821917, 0.390035, 0.511859, 0.02568, -0.203495, -0.125138, 0.132452, 0.628068, 0.670304, 0.731851, 0.991541, 1.52466
2.36, 0.0319376, 1.22931, 0.623659, 0.80837, 0.37717, 0.838497, 0.767975, 0.891003, 1.39739, 1.18168, 0.438952, -0.237527, 0.670786, 0.742798, 0.202071, 0.0325353, 0.301888, 0.437215, 0.325727, 0.561823, 0.586258, 0.744226, 0.195076, -0.00751823, 0.276546, 0.316101, 0.406634, 0.0392201, 0.443337, 0.747477, 0.996996
2.38, 0.0319374, 1.11009, 0.432836, 0.98618, 0.719568, 0.953022, 1.21813, 1.60341, 1.30917, 1.4324, 1.20775, 0.512834, 0.626244, 0.722184, 0.349476, 0.513297, 0.235568, 0.778876, 0.137259, -0.236196, -0.252095, -0.0423579, 0.104305, 0.298774, 0.0937771, 0.143643, -0.231277, -0.371414, -0.202388, 0.371447, 0.609413
2.4, 0.0319374, 2.32374, 1.32382, 0.937511, 0.888909, 1.3244, 1.18123, 0.202525, -0.0171197, 0.451687, -0.32244, 0.219489, -0.13346, 0.539793, 0.342521, 0.347998, 0.611195, 0.466713, -0.113842, 0.222675, -0.19317, -0.551437, -0.337016, -0.49295, -0.114859, -0.350466, -0.405331, -0.525609, -0.0955807, -0.0734982, 0.30842
2.42, 0.0319374, 2.0406, 0.824359, 0.00569009, -0.299787, -0.435529, -0.145642, -0.460001, 0.224674, -0.0987773, 0.00515774, -0.254114, -0.57441, -0.424408, -0.415666, -0.176278, -0.164005, -0.32803, -0.475261, -0.367675, -0.639439, -0.361098, -0.808336, -1.08725, -0.957246, -0.71461, -1.06583, -0.453683, -0.366957, -0.614835, -0.44223
2.44, 0.0319374, 1.06437, 0.406472, 0.2463, -0.786577, -0.534633, -0.155321, -0.426936, -0.171638, 0.0823536, -0.45624, -0.574435, 0.06075, -0.42145, -0.0472868, -0.626884, -0.623796, -0.705375, -0.86472, -0.87885, -0.495856, -0.674261, -0.589706, -0.517206, -0.884013, -0.940504, -0.792516, -0.313503, -0.267761, -0.0671194, -0.0386357
2.46, 0.0319374, -0.436002, -0.0944428, -0.394001, 0.374226, 0.0622813, -0.126095, -0.308224, -0.162878, 0.201689, 0.247414, 0.263815, -0.402579, -0.171634, -0.109677, -0.246818, 0.0067948, 0.17987, -0.102795, -0.0118196, -0.169818, -0.401177, -0.234837, -0.439597, -0.223553, -0.506178, -0.2192, -0.312033, -0.432515, -0.153849, -0.141719
2.48, 0.0319376, 1.54557, 1.46302, 0.543267, 1.23601, 1.32821, 1.26661, 0.875161, 0.62258, 0.413826, 0.764786, 0.714797, 1.06589, 1.05117, 0.96, 1.14384, 0.72226, 0.662363, 0.340092, 0.98096, 0.850817, 0.434776, 0.52907, 0.2284, 0.137644, 0.0623367, -0.15278, -0.0810952, 0.263021, 0.552203, 0.850358
2.5, 0.0319376, 1.11419, 1.51083, 0.62928, 0.174445, 0.844698, 1.03002, 0.153034, 0.294478, 0.723437, 0.898108, 0.239341, 0.0660987, 0.757521, 0.286853, -0.000802899, 0.0275624, 0.28314, -0.0782836, 0.0726284, -0.301254, -0.307091, -0.335068, -0.406726, -0.487444, -0.381831, -0.47223, -0.541772, -0.141379, -0.00587337, 0.36006
2.52, 0.0319376, 0.892603, -0.207015, 0.274745, 1.04632, 0.0945406, -0.586032, -0.700292, -0.0491786, -0.217245, -0.0820226, -0.332866, -0.399766, -0.16036, -0.309216, -0.494096, -0.637208, -0.47891, -0.5053, -0.440996, -0.811448, -1.42216, -1.11939, -1.22267, -1.0309, -0.999827, -0.753862, -1.13046, -0.671548, -0.390284, -0.122143
2.54, 0.0319376, 0.590155, -0.0537822, -0.198832, 0.0888745, -0.221211, -0.34217, -0.260215, -0.22025, 0.0378967, -1.0506, -0.646739, -0.078913, 0.078275, -0.791141, -0.0265743, -0.405339, -0.509404, -0.440095, -0.723411, -0.778811, -0.715559, -0.651404, -1.06064, -1.07543, -0.84442, -0.546705, -0.876864, -0.59364, -0.346825, -0.250625
2.56, 0.0319376, 1.02077, 0.36777, 1.09398, 1.03959, 1.05772, 0.740559, 0.573005, 1.47795, 1.45343, 0.859786, 0.759406, 0.995982, 1.26554, 0.99918, 0.964067, 1.05965, 0.870721, 1.26098, 1.12586, 1.07834, 0.805264, 0.741448, 0.492206, 0.974483, 1.19399, 1.00847, 1.07532, 1.34325, 1.24774, 1.14388
2.58, 0.0319376, 1.77017, 2.337, 2.01273, 1.27538, 1.77836, 1.84407, 1.54024, 1.07596, 1.36108, 1.33916, 1.21021, 1.08583, 0.644823, 0.784208, 1.17434, 1.22099, 1.06006, 0.590132, 0.662634, 0.5554, 0.518977, 1.04387, 0.95544, 0.965169, 1.17643, 1.09009, 1.02599, 0.770626, 1.02834, 0.963753
2.6, 0.0319376, 1.21706, 1.87716, 1.30447, 1.55257, 0.195666, 0.150376, 0.648613, 0.803856, 0.536502, 0.0971793, -0.0217141, -0.0412693, -0.146885, 0.275761, 0.0480315, -0.532192, -0.185945, -0.190263, -0.0325358, -0.00482703, -0.103519, -0.151154, -0.334876, -0.346953, -0.353187, -0.0172285, -0.119865, -0.153509, -0.156483, 0.1478
2.62, 0.0319376, 2.2244, 2.13032, 1.42125, 1.36447, 1.08787, 0.405052, 0.781191, 0.911292, 1.20568, 0.957363, 0.840654, 0.336119, 0.0224945, 0.264688, -0.476057, 0.244474, 0.168128, -0.276137, -0.367162, -0.11846, -0.107751, -0.449416, -0.610769, -0.304826, -0.141708, -0.273461, -0.34481, -0.159557, 0.0391357, -0.0388861
2.64, 0.0319374, 2.47533, 1.83194, 0.48667, 0.551691, 0.779778, 0.473873, -0.0414173, 0.210215, 0.125563, -0.0520125, -0.182492, -0.353354, 0.233741, 0.0831268, -0.301959, -0.338828, -0.46959, -0.699842, -0.467374, -0.78911, -0.62169, -0.757612, -0.903816, -0.828965, -0.942333, -0.924898, -0.68201, -0.479244, -0.360859, -0.257575
2.66, 0.0319374, 1.92127, 1.40791, 0.938034, 0.170614, -0.0938267, 0.221854, -0.09714, -0.0600966, -0.373413, 0.0170755, -0.137458, -0.194248, -0.393682, -0.416436, -0.345502, -0.374572, -0.233032, -0.376047, -0.722358, -1.21491, -0.837663, -0.710626, -0.92744, -0.916545, -0.830453, -0.681506, -0.372359, -0.729596, -0.626693, -0.338334
2.68, 0.0319374, 1.55137, 1.38774, 1.05049, 1.20461, 1.84472, 1.20917, 0.679306, 1.01988, 1.36274, 1.09932, 1.12952, 1.07307, 0.979054, 1.4425, 1.07932, 1.24108, 0.765948, 1.06145, 0.944837, 0.572541, 0.416878, 0.3013, 0.463743, 0.214527, 0.678997, 0.784003, 1.39236, 1.69376, 1.7758, 1.85948
2.7, 0.0319374, 1.46588, 0.925609, 1.3657, 0.491752, 0.621976, 0.35145, -0.117764, 0.0277673, 0.366334, 0.558732, 0.195387, 0.195176, -0.505514, 0.547532, 0.197697, -0.0383082, -0.0357104, 0.506331, -0.426752, -0.22714, -0.126154, -0.317825, -0.521615, -0.405548, -0.651242, -0.531276, -0.524975, -0.608992, -0.275486, -0.267062
2.72, 0.0319374, 0.857154, 1.03087, -0.102848, 1.02451, 0.951564, 0.977286, 0.46761, 1.11929, 0.88804, 0.804262, 0.641403, 0.693993, 0.885386, 0.766285, 0.550668, 0.683901, 0.518023, 0.142199, 0.110769, 0.556451, 0.0366544, 0.244379, 0.0686259, 0.123544, 0.0525738, -0.172733, 0.321306, 0.594536, 0.579008, 0.356239
2.74, 0.0319376, 0.628168, 1.14259, 1.2797, 0.918292, 0.596423, 1.07206, 1.14043, 0.953343, 1.12692, 0.158672, 0.50999, 0.308776, 0.126191, 0.835374, 0.70499, 0.539553, 0.630905, 0.642601, 0.695314, 0.378666, 0.199841, -0.156324, -0.453729, 0.106792, 0.158126, 0.152395, 0.12394, 0.0949709, 0.128336, 0.00288796
2.76, 0.0319376, 0.506409, 1.34187, 1.43252, 0.478323, 0.669893, -0.219633, -0.385139, 0.239222, 0.246492, -0.227713, 0.36824, 0.105368, -0.0194234, -0.367112, 0.00345063, 0.0999253, -0.20225, -0.248858, -0.551418, -0.683572, -0.0675097, -0.42062, -0.69521, -0.568823, -0.690373, -0.557719, -0.4916, -0.461991, -0.473681, -0.505719
2.78, 0.0319376, 0.869049, 0.748013, 0.337194, 0.241923, 0.396612, 0.0168436, 0.241342, 0.0710261, -0.547743, 0.153377, 0.054681, 0.255248, 0.168157, -0.0433212, 0.16151, -0.0948683, -0.299987, -1.03784, -0.614427, -0.541457, -0.545267, -0.521779, -0.73537, -0.803492, -0.822291, -0.827562, -0.657759, -0.125871, -0.149536, -0.148246
2.8, 0.0319376, 0.808969, 0.257834, 0.175024, 0.210232, 0.490651, 0.311212, -0.296585, -0.378481, -0.455846, 0.169801, 0.115901, 0.167775, -0.102475, 0.143532, 0.014383, -0.481133, -0.168356, -0.475636, -0.640271, -1.02, -0.616727, -0.591673, -0.539561, -0.654515, -0.70088, -0.612976, -0.600177, -0.403645, -0.459949, -0.217626
2.82, 0.0319376, 0.42702, 0.317512, -0.173858, 0.497999, 0.458621, 0.61443, 0.504118, 0.658091, 0.423155, -0.160814, -0.697778, 0.0847973, 0.275952, -0.168907, -0.333322, -0.449598, -0.122853, -0.422209, -0.835218, -0.637163, -0.475667, -0.43332, -0.63932, -0.726901, -0.244941, -0.0914662, -0.224248, 0.0330479, -0.220684, -0.267455
2.84, 0.0319376, 0.619467, -0.376929, 0.118414, 0.432392, 0.333974, 0.00514018, -0.276709, 0.418483, 0.158076, 0.110208, -0.100469, 0.101083, -0.30499, -0.772036, -0.68477, -0.118583, -0.286468, -0.508516, -0.817158, -0.373259, -0.475351, -0.306171, -0.484695, -0.315151, -0.543113, -0.231148, -0.472981, -0.552293, -0.212762, 0.161082
2.86, 0.0319376, 0.690144, 1.031, 1.41808, 1.59198, 1.35388, 1.49759, 0.783136, 0.662798, 0.351738, 0.571215, 0.636024, 0.434642, -0.219047, 0.622561, 0.687045, 0.639304, 0.163484, 0.105556, 0.167154, -0.400401, 0.010129, -0.289335, -0.242388, -0.177444, 0.063824, -0.22199, -0.14272, -0.304096, -0.00346306, 0.526468
2.88, 0.0319374, 0.535591, 1.44322, 0.843799, 0.895948, 0.48546, 0.871496, 1.04232, 0.516502, 0.884976, 0.92145, 0.719187, 0.876176, 0.543667, 1.01719, 0.550428, 0.123724, 0.312878, 0.399428, 0.259919, -0.138879, -0.000381364, 0.284344, -0.102532, 0.0248156, -0.0410346, 0.24139, -0.0333676, -0.0370306, 0.480038, 0.509577
2.9, 0.0319374, 0.733062, 1.26464, 1.36376, 0.356361, 0.407188, 0.402451, 0.335644, 0.662727, 0.994099, 0.807274, 0.524595, 0.410966, 0.0891034, 0.48208, 0.119595, 0.223609, -0.37074, -0.295549, -0.253348, -0.22071, -0.0158291, -0.267182, -0.388203, -0.424395, -0.436163, -0.415264, -0.378772, -0.0962397, -0.0152428, 0.140436
2.92, 0.0319374, 1.68506, 1.19976, 0.718478, 0.67052, 0.297664, 1.06381, 0.890376, 0.88013, 0.699, 0.920355, 0.820795, 0.54197, 1.04146, 1.04468, 0.702795, 0.337662, 1.13285, 0.991621, 0.655815, 0.786859, 0.866203, 0.580664, -0.166737, 0.165781, 0.218855, 0.257521, 0.236417, 0.501239, 0.497024, 0.566094
2.94, 0.0319374, 1.31041, 0.810678, 0.447129, 0.347634, 0.947603, 0.669755, 0.152221, 0.280676, -0.0538941, -0.462313, -0.114202, 0.119766, -0.0583124, -0.419275, -0.0978115, -0.147838, 0.112921, -0.144776, -0.115024, -0.222692, -0.38334, -1.00135, -0.560907, -0.593096, -0.601116, -0.461963, -0.392661, -0.330142, -0.0333263, 0.203233
2.96, 0.0319374, 0.0421794, -0.158141, 0.181165, 0.549072, -0.395547, -0.427754, -0.027014, -0.37844, -0.124745, -0.671429, -0.323809, -0.0576424, 0.143853, -0.41233, -0.457865, -0.606412, -0.741611, -0.474061, -0.514732, -0.867593, -0.768178, -0.641318, -0.867376, -0.715811, -0.647885, -0.672803, -0.518891, -0.499177, -0.256161, 0.123988
2.98, 0.0319376, -0.109854, 0.276993, 0.477692, 0.344957, -0.196274, -0.193663, 0.704419, 0.397633, 0.132972, 0.247395, 0.284586, 0.333579, 0.627194, 0.548106, 0.285226, 0.16965, 0.549132, 0.178263, 0.210027, 0.120232, -0.082333, 0.0748279, -0.252236, -0.0338293, -0.253949, -0.312483, -0.137124, 0.607011, 0.757035, 0.671143
3, 0.0319376, 1.00463, 0.391866, -0.0487629, 0.632543, 0.113031, -0.506212, 0.190296, 0.290807, -0.0511699, 0.464658, -0.107499, -0.0565945, 0.199239, 0.249356, 0.0326832, 0.0778715, -0.13052, -0.109421, -0.196858, -0.186759, -0.0790906, -0.407018, -0.575814, -0.399119, -0.353068, -0.45364, -0.247527, -0.10312, -0.476014, -0.0811004
3.02, 0.0319376, 0.65585, 0.37127, -0.295539, 0.36611, 0.368894, 0.494798, 0.280958, 0.175011, 0.434748, 0.40646, -0.0246478, 0.435177, 0.131553, 0.190392, 0.154374, 0.0508707, 0.0464257, -0.322562, -0.180752, -0.255506, -0.28668, -0.189931, -0.354392, -0.42255, -0.178695, -0.53042, -0.358951, -0.378736, -0.0209514, 0.127169
3.04, 0.0319376, 1.17786, 1.44095, 0.964218, 1.24815, 2.28826, 2.20596, 2.38729, 1.95076, 2.02282, 1.78758, 1.35529, 1.67231, 1.47971, 1.35026, 1.04277, 1.04469, 0.687186, 0.999977, 0.828607, 1.06157, 0.907549, 0.5625, 1.03278, 1.02758, 1.07303, 0.722575, 0.48652, 0.662505, 1.11918, 1.41007
3.06, 0.0319376, 1.43737, 1.33709, 0.0161655, 0.917253, 1.53946, 2.04784, 1.90852, 1.3519, 0.446277, 0.519174, 1.20386, 0.538783, 0.844372, 0.942081, 0.653046, 0.819459, 0.788122, 0.488242, 0.0187761, 0.216259, 0.374919, 0.0943936, 0.442733, 0.26114, 0.452658, 0.212221, 0.225296, 0.657404, 0.911658, 0.771572
3.08, 0.0319376, 1.16602, 1.07581, 0.719748, 0.512528, 1.07196, 0.879209, 1.02666, 1.00552, 0.791959, 1.01868, 1.0052, 1.13672, 0.8436, 0.84792, 0.936429, 1.0244, 0.92683, 0.655092, 0.338235, 0.201224, 0.400364, 0.277482, 0.301688, 0.468123, 0.0961273, 0.509593, 1.36375, 1.57169, 1.14401, 1.65302
3.1, 0.0319376, 1.23757, 0.00797871, -0.265234, 0.27507, 0.304152, 0.606459, 0.428737, 0.126432, 0.395261, 0.338714, 0.407174, 0.395264, 0.418166, 0.280086, -0.196129, -0.148389, 0.36539, 0.0831464, 0.0133878, 0.101591, 0.512735, 0.434393, 0.516106, 0.657126, 0.74559, 0.289574, -0.0340878, 0.233063, 0.499849, 0.651489
3.12, 0.0319376, 0.397547, 0.226787, 0.02289, 0.21073, 0.43131, 0.588042, -0.0711912, -1.02516, -0.559593, -0.25144, -0.463241, 0.233647, -0.678531, -0.451581, -0.126097, -0.133746, -0.182865, -0.39542, -0.358425, -0.409893, -0.515595, -0.660014, -0.872724, -0.735458, -0.676947, -0.834067, -0.676138, -0.912445, -0.613268, -0.500995
3.14, 0.0319374, 0.381901, 0.896867, 0.437933, -0.0565133, 0.105088, 0.556992, -0.0337281, -0.334837, 0.0594486, -0.0611837, -0.244799, 0.177124, -0.308772, 0.0979846, 0.201338, -0.267065, -0.190422, -0.357149, -0.229496, -0.707044, -1.17201, -0.788549, -0.839044, -1.12918, -0.976088, -0.6854, -0.943215, -0.507954, -0.332543, -0.364019
3.16, 0.0319374, 0.363433, 1.0498, 0.373774, 0.165993, -0.112886, 0.657081, 0.451498, 0.282512, 0.560999, 0.384818, 0.230377, 0.568978, 0.726671, 0.495119, 0.223817, 0.415477, 0.088321, -0.249637, -0.284724, 0.0926649, -0.169217, -0.29854, -0.452082, -0.0888345, -0.370297, -0.478773, 0.131326, 0.315637, 0.266326, 0.52027
3.18, 0.0319374, 0.0643756, 0.186197, 0.0584953, -0.551424, 0.204003, 0.88146, 0.0237543, 0.371029, 0.200462, 0.687091, -0.0482036, -0.548793, -0.541779, 0.518679, 0.34156, -0.149408, -0.141145, 0.0583484, -0.190397, -0.620159, -0.759612, -0.765522, -0.582537, -0.650743, -0.851498, -0.788807, -0.765481, -0.711019, -0.531913, -0.34358
3.2, 0.0319374, 0.372024, -0.0279571, 0.620801, 0.719888, 0.784634, 0.532667, -0.412874, -0.282136, -0.000858317, 0.364597, 0.48493, 0.137005, 0.122211, 0.280616, -0.0126812, -0.202997, -0.203457, -0.601342, -0.193872, -0.316194, -0.771803, -0.285091, -0.040889, -0.322254, -0.41299, -0.242365, -0.339055, -0.47096, 0.0586746, -0.0815787
3.22, 0.0319374, 1.13339, 0.813277, 0.884664, 1.02001, 0.809562, 0.431454, 0.300227, 0.658461, 0.95198, 0.587019, -0.403453, -0.185275, 0.273976, 0.113329, 0.626386, 0.254161, 0.0467564, -0.110038, 0.0660663, 0.385919, -0.129765, -0.381119, -0.209494, 0.0820256, -0.423219, -0.822716, -0.400764, 0.116225, 0.145189, 0.13903
3.24, 0.0319376, 0.946585, 1.40101, 0.495953, 0.839822, 1.00636, 0.974233, 0.737517, 0.506797, 0.130155, 0.23813, 0.360258, 0.619464, 0.301613, 0.808701, 0.618759, 0.211114, 0.279488, 0.33135, 0.434693, 0.063759, 0.098104, 0.174619, 0.0712832, 0.0430885, 0.244478, 0.282971, -0.0661647, -0.217101, -0.301062, 0.06614
3.26, 0.0319376, 0.755593, 1.10281, 0.945273, 1.57666, 1.36493, 0.684667, 0.152812, 0.383635, 0.674462, -0.0377191, 0.0623982, 0.722511, 0.39653, 0.381642, 0.49794, 0.621624, 0.0983642, 0.342926, 0.203837, -0.174864, -0.0838036, -0.232426, -0.610811, -0.740313, -0.329867, -0.276887, -0.504449, -0.0512887, 0.181228, 0.276408
3.28, 0.0319376, 0.686196, 1.35487, 1.54014, 0.483692, 0.500319, 0.547746, 0.328153, 0.271762, 0.676673, -0.323352, 0.412359, 0.524127, 0.214763, -0.0319809, -0.1326, -0.0867999, 0.0156948, 0.249743, 0.522248, 0.113599, 0.26959, 0.246203, -0.260003, -0.358289, -0.0208169, 0.232877, -0.224057, -0.150294, -0.195874, -0.156623
3.3, 0.0319376, 0.0162774, 0.428453, 1.10875, 0.92017, 1.42709, 1.13692, 0.910936, 0.807433, 0.747201, 0.535508, 0.498803, 0.596486, 0.47745, 1.00834, 0.482576, 0.150666, 0.035779, 0.400878, 0.284969, 0.0200404, -0.00793497, -0.483453, -0.526586, -0.312797, -0.267101, -0.0301664, -0.249792, -0.28939, -0.112099, 0.455729
3.32, 0.0319376, 1.44467, 0.530475, 0.860191, 1.06884, 0.842886, 1.00551, 1.07986, 1.20649, 0.956175, 0.651314, 0.355778, 0.252036, 0.728065, 0.362083, 0.974977, 0.445175, 0.240915, 0.489379, 0.455348, -0.195173, 0.151407, -0.130702, -0.0593266, 0.181948, 0.102027, 0.260521, 0.280507, 0.2307, 0.325971, 0.851942
3.34, 0.0319376, 1.11884, 0.236249, 1.18419, 1.48933, 1.19644, 1.26731, 1.06442, 1.41024, 0.922266, 0.473205, 0.513083, 0.52103, 0.447494, 0.445531, 0.251338, 0.262083, 0.067844, -0.134487, -0.135955, 0.22105, -0.098179, -0.620587, -0.366448, -0.846656, -0.438904, -0.397169, -0.542195, -0.898694, -0.59096, -0.495287
3.36, 0.0319376, 0.53135, 1.24094, 0.680298, 0.816181, 0.990861, 0.363088, 0.0149678, 0.363892, 0.216074, 0.313314, 0.344861, 0.46667, -0.0353334, -0.0483333, -0.393341, -0.37526, 0.0132416, -0.0732799, -0.778596, -0.67189, -0.633981, -0.587835, -0.505771, -0.597065, -0.64486, -0.829743, -0.535565, -0.49761, -0.751651, -0.0524956
3.38, 0.0319374, 0.996599, 1.06558, 0.484586, 0.623451, 0.430102, -0.0533131, 0.0841271, 0.3888, 0.489774, 0.239583, -0.118503, -0.253068, -0.022183, 0.175387, 0.14805, -0.296741, -0.0655293, -0.294597, -0.313402, -0.162805, 0.11214, -0.150694, -0.581566, -0.568631, -0.519948, -0.585948, -0.273446, -0.101117, 0.0532104, -0.0279518
3.4, 0.0319374, 1.25561, 0.303582, -0.635765, 0.64457, 0.669365, 0.433575, 0.0248614, 0.41711, 0.253418, 0.0485445, -0.234112, -0.327619, 0.107227, 0.599462, 0.423728, -0.144061, -0.293588, -0.269664, -0.324332, -0.264046, -0.65073, -0.49751, -0.585083, -0.371467, -0.614152, -0.707692, -0.294811, -0.288038, -0.139292, 0.18469
3.42, 0.0319374, 1.04507, 0.794185, 0.554395, -0.0529005, 0.413509, 0.0830541, -0.254421, -0.326244, 0.0694506, -0.321076, -0.218937, -0.290458, -0.00332622, -0.253593, -0.00541901, -0.0678632, -0.940997, -0.227502, -0.47388, -0.456665, -0.650532, -0.78501, -0.883568, -1.00539, -0.997087, -0.900201, -0.818763, -0.550236, -0.16607, -0.390302
3.44, 0.0319374, 0.26606, -0.611848, 0.294119, 0.363934, 0.721102, 0.26, -0.0157474, -0.294531, -0.320112, 0.173889, 0.217109, 0.305742, 0.201824, 0.370378, -0.285809, -0.113758, -0.211806, -0.56479, -0.793405, -0.860525, -0.986056, -0.893677, -0.579996, -0.531718, -0.594274, -0.534962, -0.859331, -0.586846, -0.447833, -0.302988
3.46, 0.0319374, 0.618207, 0.629815, 0.616051, 0.776233, 1.04782, 0.669464, 0.0282049, 0.199203, 0.580257, 0.284991, 0.504921, 0.390159, 0.159104, 0.411905, 0.481686, 0.532573, 0.53678, 0.226751, -0.0202045, -0.387203, -0.0459069, 0.0705914, -0.311003, -0.142703, -0.0642258, -0.131223, 0.211927, 0.263592, 0.129245, 0.273833
3.48, 0.0319376, 0.694386, 1.31227, 0.667315, 0.436121, 0.587044, 0.183018, -0.382791, -0.208379, 0.414387, -0.415208, 0.00229001, 0.566286, 0.618183, 0.592657, 0.570616, 0.66622, 0.377661, 0.460758, 0.0783097, -0.0636604, 0.270315, 0.131729, -0.175443, 0.322384, 0.12803, 0.06554, 0.244115, 0.462009, 0.853351, 0.46844
3.5, 0.0319376, 1.323, 1.53795, 0.746947, 0.618694, 0.260072, 0.42429, -0.0953854, 0.240802, 0.120031, 0.348487, 0.603005, 0.391651, 0.447264, 0.466318, -0.0222789, 0.290262, 0.268441, 0.0628617, 0.1019, -0.144988, -0.310357, -0.511508, -0.412782, -0.531622, -0.321122, -0.386421, -0.11663, -0.428842, -0.244268, -0.0740269
3.52, 0.0319376, 1.42805, 0.653987, 0.550047, -0.398921, 0.498941, 0.233579, -0.287529, 0.00952911, -0.321268, -0.342735, -0.245461, -0.689536, -0.925155, 0.0645837, -0.232961, -0.296603, -0.197079, -0.510936, -0.461078, -0.870541, -0.637882, -0.632204, -0.938691, -1.17651, -0.802854, -0.919925, -0.614259, -0.719103, -0.194319, -0.26592
3.54, 0.0319376, 0.875577, 0.573272, -0.115402, -0.347773, 0.348308, 0.212682, -0.270814, 0.0453113, -0.519548, -0.574478, -0.155477, 0.177671, 0.115391, -0.0435706, -0.402823, -0.296485, -0.52866, -0.730073, -0.603482, -0.682311, -0.610569, -0.667128, -1.31079, -1.27629, -1.02011, -1.17022, -1.0763, -0.763147, -0.592474, -0.139181
3.56, 0.0319376, 0.11549, 0.797403, -0.0037487, -0.129473, -0.205236, -0.0559988, -0.0899927, 0.0082651, 0.163244, 0.198964, -0.00509862, -0.10226, -0.125842, -0.040165, -0.526449, -0.498301, -0.610603, -0.659949, -0.35411, -1.00433, -1.18405, -1.06915, -1.3852, -0.904847, -0.661737, -0.872131, -0.490388, -0.286926, 0.29927, 0.265701
3.58, 0.0319376, 1.1191, 1.0813, 1.40298, 1.27949, 0.971527, 1.15062, 0.138356, 1.37932, 1.24091, 0.659689, 1.15944, 1.14421, 1.25005, 1.48452, 1.1669, 0.839576, 1.136, 0.16098, 0.0870256, 0.425943, 0.189284, 0.209426, 0.233747, 0.799748, 0.877978, 0.294508, 0.555658, 1.0551, 0.859315, 0.607291
3.6, 0.0319376, 2.447, 1.92103, 1.8334, 1.44166, 1.71916, 0.96435, 1.37692, 1.29967, 1.1988, 0.909999, 1.22204, 1.01458, 1.17862, 1.2375, 1.46129, 1.47247, 1.21505, 0.857926, 0.818787, 0.955809, 0.41687, 0.68794, 0.977251, 0.957309, 0.750092, 0.717757, 0.950169, 0.772448, 0.747506, 0.820956
3.62, 0.0319376, 2.14635, 1.80947, 0.994451, 0.347715, 0.228829, 0.881488, 0.549196, -0.101844, 0.202916, 0.0895253, -0.0142014, 0.536404, 0.299284, 0.723571, 0.10862, 0.38224, 0.190204, -0.0264441, -0.0406464, 0.0929049, -0.0233567, -0.104472, -0.699727, -0.186894, -0.189572, -0.210407, -0.176986, -0.24272, -0.151954, 0.160077
3.64, 0.0319374, 0.626134, 0.987253, 0.818065, 0.400176, 0.158562, 0.332388, 0.021899, 0.24832, -0.152824, -0.0020107, 0.11925, -0.0673143, -0.104789, -0.148841, 0.00981222, -0.373252, -0.38641, -0.422881, -0.798176, -0.545847, -0.631943, -0.865948, -0.774485, -0.932033, -0.682196, -1.12675, -0.42167, -0.234365, -0.342396, 0.00743255
3.66, 0.0319374, 0.939157, 0.886104, 0.417638, -0.178073, -0.451552, -0.37404, 0.168689, -0.565823, 0.00348687, 0.154396, 0.0591984, -0.0182499, -0.658149, -0.573117, -0.61429, -0.198034, -0.252585, -0.0284801, -0.553043, -0.714247, -0.330613, -0.788015, -0.998091, -0.828771, -0.667342, -1.1268, -0.65074, -0.857988, -0.826188, -0.50772
3.68, 0.0319374, 1.13338, 1.26456, 0.714009, 0.268205, 1.07211, 0.704289, 0.338573, 0.645325, 0.121049, -0.269228, 0.0248216, 0.101671, 0.0761435, -0.288509, -0.113787, -0.16467, -0.512519, 0.074349, -0.201913, -0.252085, -0.724405, -0.85313, -0.678552, -0.576386, -0.655945, -0.65658, -0.607181, -0.78749, -0.647839, -0.247741
3.7, 0.0319374, 0.903661, 0.490055, 0.203297, -0.324225, 0.449414, 0.625371, 0.575339, 0.537546, 0.514101, 0.228811, 0.440323, 0.128356, 0.340107, 0.223123, 0.483396, 0.263561, -0.0630765, -0.533701, -0.203645, -0.228738, -0.354686, -0.381104, -0.462206, -0.251708, -0.355794, -0.371217, -0.420888, 0.0344022, 0.1103, 0.189035
3.72, 0.0319374, 0.898109, 1.02627, 0.870831, 0.735749, 0.578793, 0.0222489, -0.307016, 0.775362, 0.448698, 0.503936, 0.780413, 0.610806, 0.157294, 0.615913, 0.560201, 0.287419, 0.122453, -0.316541, -0.362154, 0.246866, 0.165926, -0.534375, -0.604653, -0.366933, -0.509142, -0.677063, -0.31333, -0.274421, -0.234563, 0.404741
3.74, 0.0319376, 0.0238113, 0.84786, 0.396206, 0.829368, 0.731237, 0.275646, -0.220934, 0.0354456, 0.502748, 0.537589, 0.375625, 0.537479, 0.511127, 0.42056, 0.142623, -0.226921, 0.0620664, 0.0370783, -0.0477358, -0.180329, -0.0926009, -0.178685, -0.153929, -0.452475, -0.535796, -0.238197, -0.0532255, 0.253954, 0.760028, 0.753161
3.76, 0.0319376, 1.4228, 1.25251, 0.730127, 0.728716, 0.951991, 0.554108, 0.0270566, 0.677646, 1.2156, 0.80872, 0.734338, 1.07436, 0.38284, 1.21102, 0.962992, 0.815804, 1.05, 1.0903, 0.758072, 0.702162, 0.422616, 0.167833, 0.51515, 0.154828, -0.387844, 0.16094, 0.15006, 0.416352, 0.544785, 0.455354
3.78, 0.0319376, 1.36345, 1.27813, 0.982576, 0.316994, 1.27933, 1.31267, 0.700235, 1.20276, 1.16145, 1.04838, 0.753473, 1.25016, 1.5579, 0.662856, 0.692454, 1.08537, 0.557222, 0.747622, 1.07795, 0.52245, -0.0287886, 0.101281, 0.367083, 0.317473, 0.127131, 0.20827, 0.798728, 0.763775, 1.01733, 1.16734
3.8, 0.0319376, 0.572446, 0.0560024, 0.325603, 0.145492, 0.615321, 0.282873, 0.056679, 0.100568, 0.190093, 0.280603, 0.607092, -0.0139681, -0.326695, -0.0972068, 0.491559, 0.461352, 0.0388638, -0.187002, 0.447044, 0.374867, -0.287162, 0.0461717, -0.0796894, 0.125766, -0.11626, -0.390761, -0.0705997, 0.1362, 0.20893, 0.346065
3.82, 0.0319376, -0.134478, -1.31602, -0.657766, -0.642378, -0.0988873, 0.353202, -0.276585, 0.161748, -0.568346, -0.114415, -0.0538576, -0.410221, -0.413339, -0.40855, -0.0846311, -0.307952, -0.74181, -0.339022, -0.491176, -0.348069, -0.218496, -0.00265527, -0.536777, -1.03197, -0.725485, -0.832325, -0.433482, -0.470649, -0.236852, -0.218562
3.84, 0.0319376, 0.150128, 0.394698, 0.789933, -0.235931, 0.334453, 0.396286, 0.208343, 0.265993, 0.157906, 0.301085, -0.275075, -0.391894, -0.0593255, 0.163704, -0.27747, -0.350812, -0.237504, -0.139801, -0.218553, -0.424529, -0.529159, -0.576063, -0.435203, -0.554665, -0.081093, -0.239029, -0.50524, -0.417352, -0.5733, -0.140541
3.86, 0.0319376, 1.47436, 1.65556, 1.23546, 0.834016, 1.06014, 1.05648, 0.974478, 0.859492, 0.88469, 0.659576, 0.531526, 0.373004, 0.55812, 0.81466, 0.749161, 0.402584, 0.377456, 0.139607, -0.145399, 0.148975, 0.0682668, -0.0956091, -0.081067, 0.109716, 0.28656, -0.129026, -0.022993, 0.226041, 0.144252, 0.307587
3.88, 0.0319374, 1.27016, 0.945163, 0.696674, 0.421917, 0.433602, 0.100737, 0.254547, 0.349431, -0.106869, 0.439486, 0.0319117, 0.354017, 0.152189, 0.473048, 0.100673, -0.115914, -0.0452302, -0.325332, -0.239313, 0.0548298, -0.169276, -0.460407, -0.252969, -0.193058, -0.360015, -0.270512, -0.37553, -0.102547, -0.322134, 0.324471
3.9, 0.0319374, 0.504331, 1.11547, 1.0315, 0.61586, 0.842965, 0.735932, -0.166705, 0.382005, 0.90803, 0.729438, 0.390838, 0.194562, 0.287832, 0.459843, -0.251474, -0.525264, -0.452291, -0.195172, 0.17078, -0.322673, -0.564465, -0.596828, -0.608258, -0.638166, -0.581285, -0.680391, -0.437189, -0.667855, -0.527361, -0.379973
3.92, 0.0319374, -0.0111625, 0.253912, 0.0223173, -0.0970921, 0.345648, 0.300887, -0.105571, 0.478536, 0.465495, 0.596575, 0.235379, 0.262601, -0.259416, -0.228053, -0.331317, -0.20347, -0.121844, 0.117363, 0.0807912, 0.0930975, -0.0300871, -0.706936, -0.611319, -0.242545, -0.26462, -0.367545, -0.0103664, -0.180858, -0.407433, -0.0562695
3.94, 0.0319374, 1.46823, 0.992353, 0.851785, 0.771864, 0.754813, 1.20241, 1.13936, 0.96907, 0.522498, 0.815541, 0.352913, 0.780882, 0.557431, 0.192078, 0.274908, 0.337162, 0.188933, -0.0665748, 0.36105, -0.0124796, -0.268454, -0.492777, -0.270501, 0.0979218, -0.0977612, -0.285108, -0.329863, -0.153073, -0.265905, 0.141394
3.96, 0.0319374, 1.15371, 1.88623, 1.8224, 1.39889, 1.24863, 0.842038, 1.42208, 1.45228, 1.39742, 0.865718, 0.93268, 0.728382, 0.806478, 1.10339, 0.698556, 0.512026, 0.619368, 0.725661, 0.8082, 0.717331, 0.383142, 0.486746, 0.529506, 0.727127, 0.945835, 0.882659, 0.91292, 0.535952, 1.40705, 1.34935
3.98, 0.0319376, 1.77867, 1.04893, 0.277142, 0.650552, 0.664809, 0.537839, -0.0342239, -0.291001, -0.0564102, -0.00505291, -0.456778, -0.219976, 0.671619, 0.603349, -0.296395, -0.444579, 0.0464137, 0.1115, 0.0491044, -0.673901, -0.356762, -0.61607, -0.726939, -0.901685, -0.662411, -0.614543, -0.855436, -0.537131, -0.392886, -0.085728
4, 0.0319376, 0.808181, 1.11701, 0.381431, -0.0171379, 0.255243, -0.181716, 0.465083, 0.221831, 0.176478, 0.242878, -0.234969, -0.352726, -0.0781729, 0.132888, -0.189653, -0.703265, -0.608683, -0.544027, -0.119013, -0.461273, -0.247806, -0.442912, -0.814847, -0.752497, -0.505199, -0.781629, -0.720215, -0.828921, -0.670677, -0.440176
4.02, 0.0319376, 0.645827, 0.703594, 0.333303, -0.00897597, 0.0338975, -0.496918, -0.491052, 0.0234591, 0.532873, -0.509942, -0.383969, -0.173355, -0.317027, -0.489526, -0.608292, -1.04002, -0.821219, -1.02641, -0.953223, -0.488468, -0.647566, -0.758196, -1.26798, -0.970615, -1.16767, -1.13966, -1.01724, -1.01865, -0.638862, -0.43243
4.04, 0.0319376, 0.624351, 0.510261, -0.196945, 0.218678, 0.520391, 0.422497, -0.181746, -0.0742245, 0.235546, 0.317231, -0.113628, -0.274214, -0.116272, -0.471182, -0.090746, -0.579498, -0.798693, -0.497325, -0.525815, -0.811785, -0.863859, -0.965177, -0.963488, -1.19518, -1.29203, -1.205, -0.911865, -0.962299, -0.934156, -0.881063
4.06, 0.0319376, 0.583626, 0.231088, 0.37119, 1.39224, 1.48718, 1.1751, 0.948309, 0.300403, 0.386959, 0.698409, -0.154849, 0.0687944, -0.0568676, -0.104575, -0.125971, 0.145583, 0.330453, 0.0241554, -0.251128, -0.212211, -0.434426, -0.541112, -0.607749, -0.262493, -0.321164, -0.369405, -0.437056, -0.275503, -0.0944205, 0.0794283
4.08, 0.0319376, 1.69824, 2.27749, 1.81123, 1.6911, 1.71366, 1.312, 0.77294, 0.993364, 1.42738, 0.894507, 0.53087, 0.811224, 0.836134, 0.807853, 0.312199, 0.0155476, 0.286517, 0.750463, 0.73208, 0.709107, 0.716179, 0.503408, 0.0944269, 0.0303477, 0.588998, 0.703522, 0.556627, 0.565692, 0.798025, 0.804683
4.1, 0.0319376, 2.24349, 1.69333, 0.88165, 0.581238, 0.818872, 0.0268882, -0.133371, 0.304355, 0.594231, 0.479747, 0.0359538, 0.205377, 0.354001, 0.262828, -0.352752, -1.034, -0.342388, -0.267656, -0.192246, 0.047229, -0.222776, -0.524793, -0.346454, -0.526645, -0.574525, -0.751908, -0.263017, -0.0234384, -0.131835, -0.0155685
4.12, 0.0319376, 1.92505, 1.21086, 0.694692, 0.650371, 0.747992, 0.813371, 0.608035, 0.792703, 0.300911, 0.401614, 0.292588, -0.540327, 0.108331, 0.670004, 0.143774, 0.0904798, -0.320714, 0.164268, -0.0456168, -0.0667467, -0.14531, -0.365847, -0.761539, -0.589536, -0.533883, -0.491924, -0.182295, -0.242667, -0.328126, -0.0236936
4.14, 0.0319376, 1.09483, 0.878648, 0.590214, 0.205898, 0.538929, 1.0531, 0.412343, -0.104639, 0.344887, -0.279637, -0.594733, -0.175115, -0.117945, -0.291513, -0.143431, -0.0709271, 0.00882676, -0.204584, -0.233668, 0.158986, -0.259842, -0.445708, -0.578527, -0.70535, -0.474703, -0.269794, -0.0959911, -0.158168, -0.434895, 0.246939
4.16, 0.0319376, 1.50908, 1.31558, 0.939407, 0.781824, 0.914688, 1.0512, 0.737948, 0.113081, 0.360098, 0.153088, 0.310199, 0.66703, 0.341731, 0.271804, 0.286892, 0.473088, 0.0183844, 0.448744, 0.200311, -0.194272, 0.177233, -0.108637, -0.271977, 0.0290194, 0.211225, -0.0490171, 0.196208, 0.466443, 0.240467, 0.599738
4.18, 0.0319376, 2.57652, 2.29935, 1.51865, 1.59164, 1.79786, 1.46513, 1.25493, 0.785774, 0.522827, 1.17685, 1.61225, 0.983285, 1.35395, 1.42159, 1.04428, 1.0778, 1.27526, 1.12265, 0.989804, 0.749759, 0.519266, 0.679595, 0.80913, 0.414091, 0.716182, 0.96061, 0.833152, 0.784403, 0.630096, 0.93599
4.2, 0.0319376, 0.435091, 1.12062, 0.782945, 0.156222, 0.418979, 0.276253, 0.560525, 0.329145, 0.0749314, -0.0473826, -0.695909, -0.404246, 0.0895962, -0.450814, -0.753849, -0.411145, -0.334771, -0.641714, -0.279432, -0.392873, -0.663443, -0.365352, -0.383244, -0.504735, -0.577809, -0.721296, -0.2375, -0.26337, -0.308912, -0.183805
4.22, 0.0319376, 1.09383, 0.524455, -0.0543889, -0.465024, -0.415736, -0.226341, 0.290483, -0.563403, -0.553401, -0.387377, 0.423649, -0.212386, 0.315816, -0.497583, -0.634401, -1.00991, -0.77471, -0.751394, -1.00371, -0.408595, -0.538997, -0.575663, -0.772265, -1.16824, -0.609514, -0.63699, -0.26116, -0.166669, -0.394827, -0.0847666
4.24, 0.0319376, 1.25507, 1.27194, 0.812021, 0.773593, 0.491949, 0.94721, 0.622031, 0.614567, 0.512366, 0.143208, 0.303522, 0.159261, 0.269485, 0.0705773, 0.490067, -0.0956694, -0.0874147, -0.261942, -0.368381, -0.0607693, -0.0623136, -0.180544, -0.170595, -0.721989, -0.351871, 0.0713818, 0.138698, -0.263531, -0.0191058, 0.181167
4.26, 0.0319371, 0.454181, 0.273627, 0.57204, 0.403892, 0.266748, 0.287298, -0.258492, 0.283505, -0.288327, -0.346904, -0.34007, 0.206432, 0.117794, -0.999223, -0.0938913, -0.244614, -0.276252, -0.229003, -0.220092, -0.672085, -0.755688, -0.682511, -0.624911, -0.612678, -0.657393, -0.407372, -0.074778, -0.266944, -0.518471, -0.395321
4.28, 0.0319371, 0.325566, 0.794933, 0.278137, 0.736405, 0.37695, 0.137161, 0.707399, 0.0884768, 0.278421, -0.124408, 0.27755, 0.0590768, 0.080854, 0.23218, -0.407892, -1.03903, -0.180069, -0.156314, -0.602629, -1.04888, -0.80995, -1.09699, -0.759325, -0.900432, -0.673388, -0.984348, -0.817506, -0.532737, -0.397022, -0.453166
4.3, 0.0319371, 0.424878, 0.467288, 0.709359, 0.950299, 0.994214, 0.623337, -0.120883, 0.611115, 0.558881, 0.353524, 0.518941, 0.387022, 0.678851, 0.5248, 0.437615, 0.421259, -0.0840913, -0.192504, 0.359404, 0.472183, 0.260212, -0.676997, -0.246958, -0.39155, -0.230562, -0.313228, -0.273766, 0.00256793, 0.165744, 0.0815404
4.32, 0.0319371, 0.452426, 0.714733, 0.875689, 0.553359, 0.411674, 0.260122, 0.508069, 0.259662, -0.422263, -0.141056, -0.28302, -0.290125, 0.0337819, -0.169808, -0.829531, -0.26528, -0.237885, -0.29527, -0.510489, -0.564094, -0.831777, -0.501293, -0.439443, -0.714498, -0.649847, -0.847631, -0.519792, -0.292396, -0.220528, -0.234872
4.34, 0.0319371, 0.99833, 1.21912, 0.789833, 0.347266, 0.771482, 1.06662, 0.603864, 0.214819, 0.650985, 0.171821, 0.989733, 0.871052, 0.928129, 0.266602, 0.497607, 0.482281, 0.21391, 0.298749, 0.0411299, 0.0862544, 0.255205, 0.113996, -0.305292, 0.175645, 0.145101, 0.000798979, 0.154075, 0.17834, 0.417752, 0.312545
4.36, 0.0319376, 1.48689, 1.28573, 0.162527, 0.111819, 0.154369, 0.746645, 0.189962, 0.362428, 0.0319945, 0.457635, 0.196546, 0.24413, -0.182932, -0.0423621, -0.161665, -0.358226, -0.136776, -0.081737, -0.376928, -0.295846, -0.720415, -0.881486, -0.976368, -1.12999, -0.650992, -0.609092, -0.70172, -0.750275, -0.206371, -0.271236
4.38, 0.0319376, 1.60672, 1.13055, 0.579526, 0.723723, 0.998555, 0.85384, 0.386903, 0.779218, 0.355634, 0.057907, 0.21041, 0.136738, 0.204853, 0.287643, -0.285384, -0.296651, 0.14711, 0.262822, 0.0825927, 0.131716, -0.436251, -0.61328, -0.49763, -0.292871, -0.205281, -0.264359, -0.115358, -0.358577, -0.00208446, 0.194608
4.4, 0.0319376, 0.420722, 1.11556, 0.358341, 0.531031, 0.316029, -0.102481, 0.296697, -0.0063833, -0.636766, -0.221258, 0.108576, 0.0652366, -0.0343222, -0.119007, -0.105096, -0.483237, -0.912021, -0.238892, 0.347279, 0.301101, -0.140648, -0.197795, -0.396615, -0.789643, -0.869647, -0.869956, -0.844781, -0.413439, -0.3359, -0.232561
4.42, 0.0319376, 0.990088, 0.779891, 0.103428, 0.560903, 0.437135, 0.138277, 0.0936924, 0.222561, 0.310756, 0.374569, 0.379325, 0.255255, 0.3086, 0.247862, 0.199588, 0.408504, 0.295879, 0.127898, 0.073916, -0.0283738, -0.296771, -0.296881, -0.0603174, -0.11029, 0.088156, 0.0226979, 0.20694, 0.271768, 0.492214, 0.753021
4.44, 0.0319376, 1.43853, 1.23789, 0.303417, -0.805018, -0.385856, -0.45075, -0.122217, 0.382042, 0.375308, 0.300461, -0.286025, -0.145648, -0.109324, 0.0317613, 0.243749, 0.0842474, 0.125259, -0.0504026, 0.199777, -0.492994, -0.406392, -0.547221, -0.628603, -0.402049, -0.252444, -0.520525, -0.265394, -0.209808, -0.13608, -0.0800328
4.46, 0.0319376, 0.10523, 0.388946, 0.372897, 0.801877, 0.922387, 0.553949, 0.194634, 0.354175, 0.196314, 0.537197, -0.141963, 0.0990962, -0.102916, -0.709533, -0.598898, -0.0303113, -0.350156, 0.0779254, -0.0897313, -0.0862786, -0.0576578, -0.662334, -0.744961, -0.719133, -0.359525, -0.260713, -0.384694, -0.750855, -0.202552, -0.0314372
4.48, 0.0319376, 1.24561, 1.31602, 0.754934, 0.534669, 0.390136, 0.174302, 0.504104, 0.184232, 0.51666, -0.0307166, 0.28147, 0.27195, 0.43475, 0.186524, 0.369857, 0.0924856, -0.192726, -0.00625068, 0.0624284, -0.0461339, -0.515273, -0.34784, -0.527814, -0.688068, -0.148453, -0.295285, 0.0553533, -0.0576418, -0.175186, 0.16544
4.5, 0.0319376, 0.690161, 0.775736, 0.198435, 0.0519717, 0.118611, -0.134933, 0.2645, 0.402303, 0.506691, -0.202456, -0.413268, -0.139225, 0.257152, 0.271922, -0.0495175, -0.0371659, -0.213619, -0.564592, -0.748204, -0.687622, -1.15808, -1.06682, -0.975531, -1.08779, -0.986186, -0.736334, -0.522486, -0.247894, -0.176605, 0.0330418
4.52, 0.0319376, 0.899759, 1.45986, 1.16111, 0.877071, 1.01823, 1.45824, 1.15566, 1.27523, 1.19909, 0.998576, 0.976952, 1.01333, 1.00413, 0.842801, 0.376785, 0.43149, 0.49524, 0.431765, 0.447249, 0.519471, -0.0639414, 0.265347, 0.294537, 0.0233122, -0.250685, -0.120666, 0.145444, 0.290622, 0.207842, 0.292684
4.54, 0.0319376, 0.736301, 1.18422, 0.709677, 0.967492, 0.919494, 0.389585, 0.214057, 0.743063, 0.928307, 0.0631285, 0.678101, 0.626503, 0.513395, 0.578351, 0.113176, 0.121984, 0.0499891, 0.241171, -0.0719058, -0.0679937, -0.127558, -0.165988, -0.163132, -0.550685, -0.133978, -0.35191, -0.510053, 0.0420218, 0.289329, 0.0974751
4.56, 0.0319376, 0.710399, 0.718575, 0.533016, 0.678354, 0.673792, -0.174094, -0.0220163, 0.294013, 0.646878, 0.00424389, 0.336971, -0.00683396, -0.329219, -0.0326844, 0.101761, -0.52992, -0.587894, -0.59081, -0.183485, -0.45654, -0.885419, -0.803669, -0.709497, -0.601471, -0.787192, -0.702571, -0.573439, -0.469751, -0.0102301, -0.118474
4.58, 0.0319376, 0.265769, 1.03297, 0.373476, 0.770128, 0.353824, 0.448601, 0.344203, 0.203604, 0.369229, 0.555433, 0.134047, 0.348262, 0.324754, 0.404885, 0.404244, 0.473016, 0.295911, -0.811214, -0.457958, 0.0787205, 0.154515, -0.202534, -0.27469, -0.35025, -0.226985, -0.29444, -0.289567, 0.203816, 0.390992, 0.383394
4.6, 0.0319376, -0.0727823, 0.615319, 0.170268, -0.108148, 0.136969, 0.23773, -0.266635, -0.173903, 0.367329, 0.407885, 0.503241, 0.317521, 0.00609148, -0.0361464, -0.652804, -0.573647, -0.363897, -0.542458, -0.700623, -0.961368, -0.729471, -0.900149, -1.08464, -0.904065, -0.93804, -0.457321, -0.751733, -0.598171, -0.386523, -0.350009
4.62, 0.0319376, 0.537783, 1.21506, 0.333529, 0.710501, 0.952517, 0.179649, 0.169589, 0.347575, -0.00586186, -0.16062, -0.0563579, 0.243713, 0.0731821, 0.292669, -0.035669, 0.0294343, -0.726781, -0.0954698, -0.255207, 0.0357728, -0.253071, -0.461003, -0.388724, -0.415587, -0.213481, -0.37551, -0.193247, -0.129549, -0.0342628, -0.0655773
4.64, 0.0319376, 0.757256, 0.951851, 0.213988, 0.302546, 1.11418, 0.62026, 0.463065, 0.537079, 0.463319, 0.28785, 0.340348, 0.624318, 0.442156, 0.358671, 0.014091, 0.0608629, -0.11459, -0.103512, 0.0819758, -0.547861, -0.231397, -0.466771, -0.76403, -0.542652, -0.353225, -0.411521, -0.314911, -0.409583, -0.0690457, 0.198373
4.66, 0.0319376, 1.28349, 1.17018, 0.169102, -0.408551, -0.0651793, 0.757012, 0.599563, 0.38061, 0.678522, 0.392863, 0.50993, 0.424656, -0.283812, -0.0862439, -0.769229, -0.125471, -0.292556, -0.306326, -0.442068, -0.544703, -0.270992, -0.642744, -0.481201, -0.996034, -0.717636, -0.566606, -0.601394, -0.6739, -0.326707, -0.257404
4.68, 0.0319376, 1.87378, 1.97241, 1.02745, 0.829846, 0.791004, 0.547008, 0.500725, 1.31943, 1.00766, 0.72837, 0.955344, 0.932057, 0.715388, 0.766011, 0.702295, 0.605756, 0.453737, 0.37394, 0.131655, -0.103569, 0.179209, 0.0401416, 0.101449, -0.0172277, 0.149853, 0.225151, 0.241105, 0.412135, 0.169074, 0.382683
4.7, 0.0319376, 0.853095, 0.96034, 0.507469, 0.562224, 0.501165, 0.632231, -0.132863, 0.122897, -0.0800139, -0.117751, -0.0236506, 0.0728155, -0.0318045, -0.241576, -0.40585, -0.486303, -0.368084, -0.0636953, 0.0161602, -0.251108, -0.345662, -0.994228, -0.866865, -0.989923, -0.599528, -0.678202, -0.645259, -0.329626, -0.423379, -0.42474
4.72, 0.0319376, 0.711198, 0.95607, -0.031339, 0.500228, 0.698847, -0.104807, 0.0338006, 0.176448, -0.0397187, 0.0076713, 0.225928, 0.248441, 0.390522, 0.0229737, 0.11305, -0.174094, -0.448399, -0.59522, -0.541589, -0.233872, -0.136355, -0.699191, -0.910317, -0.681761, -0.827807, -0.633145, -0.306917, -0.223627, -0.02679, 0.264895
4.74, 0.0319376, 1.00728, 0.749047, 0.744754, 0.589373, 0.491744, 0.501503, 0.86789, 0.902366, 0.486056, 0.11329, 0.117419, 0.404648, 0.734193, 0.506067, 0.186285, 0.534789, -0.0488221, 0.208378, -0.322489, 0.318291, -0.0864918, -0.348277, -0.0882985, -0.107509, -0.286277, -0.423058, -0.050345, -0.0657134, -0.0530085, 0.0956347
4.76, 0.0319371, 0.95262, 1.6488, 1.09156, 0.898387, 1.18838, 0.78806, 1.65939, 1.58107, 1.11964, 0.951771, 0.93827, 1.11242, 1.04472, 1.18051, 1.215, 0.646616, 0.903645, 0.927696, 1.41181, 1.10719, 0.926224, 0.559374, 0.220054, 0.695287, 0.791729, 0.258993, -0.126073, 0.565379, 0.36886, 0.695736
4.78, 0.0319371, 2.06179, 1.84334, 1.93005, 1.857, 1.91908, 0.67767, 0.587657, 0.914906, 1.1484, 0.708401, 1.13063, 1.2874, 1.30104, 0.864328, 0.493234, 0.550253, 0.88755, 0.491239, 0.521313, -0.0903697, 0.114787, -0.157289, -0.39094, 0.0194938, 0.0926383, 0.0426881, 0.118396, -0.0382105, 0.158883, 0.207186
4.8, 0.0319371, 1.29014, 1.78617, 0.902456, 0.115264, 0.863761, 0.157479, 0.750249, 0.413037, 0.459341, 0.275034, 0.090361, -0.756164, -0.267104, -0.532157, -0.231058, -0.173236, -0.430123, -0.355301, -0.224278, -0.273256, -0.44731, -0.822451, -0.748284, -1.32802, -0.739923, -0.869688, -0.957335, -0.908113, -0.592823, -0.446855
4.82, 0.0319371, 1.44808, 1.80175, 1.43071, 1.21331, 0.585466, 0.0874864, 0.512178, 0.423033, 0.373109, 0.421112, -0.176424, -0.165326, 0.166091, 0.268037, -0.377665, -0.378754, -0.549046, -0.750468, -0.446863, -0.261401, -0.688235, -0.659001, -0.903684, -0.936477, -0.936381, -0.704382, -0.952147, -0.501133, -0.311747, -0.224217
4.84, 0.0319371, 1.61614, 1.73462, 1.71467, 1.00311, 0.293591, 0.692977, 0.85136, 0.766225, 0.601755, 0.769233, 0.538538, 0.322054, 0.302278, 0.870222, 0.481585, 0.536206, 0.927164, 0.78149, 1.05947, 0.57548, -0.121488, 0.0129365, -0.113703, -0.44936, -0.542371, -0.414724, -0.113398, -0.00377802, -0.293421, 0.447316
4.86, 0.0319376, 0.331071, -0.188302, 0.197978, 0.175236, 0.473642, 0.664271, 0.581872, 0.0354392, 0.522074, 0.14892, 0.367328, 0.0837603, 0.111849, 0.428896, 0.227419, 0.0831175, 0.112351, -0.183721, -0.426687, -0.153976, -0.277239, -0.408644, -0.316027, -0.378231, -0.350059, -0.592667, -0.34151, -0.208544, -0.199092, -0.116202
4.88, 0.0319376, 0.979193, 0.368936, -0.344755, -0.397861, 0.377218, 0.144359, 0.347036, -0.229751, -0.269521, -0.405791, -0.455751, -0.723648, -0.536114, -0.190469, -0.675619, -0.0704523, -0.245491, -0.614822, -0.501861, -0.969066, -1.05298, -0.573165, -0.816919, -0.979696, -0.800499, -0.405171, -0.12001, -0.175459, 0.0319622, 0.0881482
4.9, 0.0319376, 1.13718, 0.00703442, 0.148215, 0.539111, 0.289796, -0.274953, -0.139723, 0.0182697, -0.403017, -1.1027, -0.740831, 0.168381, -0.0975888, -0.0801152, -0.142596, 0.0882777, -0.0922682, -0.15966, -0.224371, -0.170062, -0.637182, -0.559248, -0.33501, -0.171922, -0.093694, -0.106435, 0.105689, 0.113194, -0.0638405, 0.284618
4.92, 0.0319376, 1.1004, 1.24106, 0.533015, 1.12825, 0.710948, 1.17426, 1.06888, 1.59905, 0.746726, 0.20197, 0.805905, 0.667483, 0.154936, 0.54228, 0.593322, 0.978902, 0.861213, -0.0371102, 0.236243, 0.563463, 0.502094, 0.807522, 0.444873, 0.59276, 0.55158, 0.341469, 0.497626, 0.53717, 0.715906, 0.711132
4.94, 0.0319376, 1.03369, 1.01711, 1.25977, 1.18745, 0.918981, 0.657369, 0.77166, 1.06094, 0.367661, 0.580439, 0.86844, 0.339779, 0.515053, 0.21532, 0.163265, 0.122537, 0.407173, 0.190247, 0.190724, 0.154991, -0.121447, -0.185207, 0.0233402, -0.173169, -0.134305, 0.237363, -0.103386, 0.245885, 0.352392, 0.696105
4.96, 0.0319376, 0.727268, 0.420852, 0.357614, 0.647447, 0.913976, 0.511581, 0.522547, 0.379422, 0.571916, 0.491013, 0.477142, 1.20067, 0.945887, 0.807674, 0.935543, 0.487298, 0.246653, 0.217205, 0.242033, 0.483474, 0.50499, 0.149678, 0.0930611, 0.0790222, -0.184158, -0.0484446, 0.204145, 0.370793, 0.294642, 0.730402
