# Time (seconds), Duration (seconds), f0, f1, f2, f3, f4, f5, f6, f7, f8, f9, f10, f11, f12, f13, f14, f15, f16, f17, f18, f19, f20, f21, f22, f23, f24, f25, f26, f27, f28, f29
0, 0.0319375, -5.46294, -5.14942, -5.99744, -5.03317, -4.97062, -4.92256, -4.75802, -5.10025, -5.51604, -5.57037, -5.31145, -5.37282, -4.92967, -3.70705, -4.51538, -5.18135, -4.52211, -4.01595, -3.96682, -3.64847, -4.1502, -4.62654, -4.44814, -4.53404, -4.38569, -4.10915, -3.88354, -4.24007, -4.41178, -4.10744
0.02, 0.0319375, -5.44941, -5.05817, -5.64761, -4.96895, -4.93394, -5.02467, -4.96701, -5.39306, -5.22641, -5.14674, -4.19441, -5.10435, -5.82565, -4.75318, -4.98856, -5.42815, -5.33914, -4.58687, -4.54175, -4.78632, -4.35289, -4.57564, -4.67569, -4.40302, -4.81497, -4.63812, -4.48855, -4.58153, -4.67505, -4.51485
0.04, 0.0319375, -0.0475318, 0.376504, 0.155247, 0.0484266, 0.579031, 0.537434, 0.467814, 0.853611, 2.19595, 3.00547, 3.47041, 3.22694, 2.81152, 2.69862, 2.56396, 2.30232, 2.28481, 2.63925, 2.63604, 2.82624, 2.76456, 2.16331, 1.94642, 2.70721, 2.52142, 2.55314, 1.92645, 2.25011, 1.92019, 1.98555
0.06, 0.0319375, 0.429967, 0.56572, 0.521593, 0.823233, 1.3419, 1.15914, 2.00063, 2.41994, 2.23925, 2.815, 3.95106, 2.63882, 2.46573, 2.42294, 2.19429, 2.45859, 2.22312, 3.13939, 2.96349, 3.12619, 2.97443, 3.13752, 3.69599, 3.94511, 3.28037, 3.79961, 2.79144, 3.24127, 3.13346, 2.86879
0.08, 0.0319375, 0.0185761, 0.543932, 0.140199, 0.47025, 0.563087, 0.453713, 0.479791, 1.98107, 1.64576, 2.15448, 2.19917, 2.46667, 2.32065, 1.94131, 2.2725, 1.28416, 1.78374, 2.02513, 2.37126, 2.13483, 1.99376, 2.76769, 2.82843, 3.2354, 2.48287, 2.66658, 2.03294, 2.45245, 2.50179, 1.73577
0.1, 0.0319375, -1.54273, -0.306066, -0.145297, 0.5974, 0.172993, 0.723841, 1.22551, 1.73833, 1.62028, 2.03808, 2.95102, 2.63851, 1.99347, 1.80292, 1.15253, 1.33024, 1.84337, 2.10795, 1.9988, 2.04583, 2.19642, 1.78102, 2.91611, 3.3585, 2.11527, 1.99147, 1.57852, 1.88807, 1.93729, 1.58718
0.12, 0.0319375, -1.02951, -0.946308, -0.754349, 0.0547307, 0.665268, -0.155128, 0.604471, 0.908417, 0.97712, 1.68877, 2.23935, 1.968, 1.44132, 1.09566, 0.992679, 1.10019, 1.46938, 1.40672, 1.19286, 1.84845, 1.97942, 1.81281, 2.85061, 3.19752, 2.03372, 2.00506, 1.30906, 1.73071, 1.53251, 1.25298
0.14, 0.0319375, -1.0358, -0.81283, -1.06182, -0.271584, 0.109849, 0.100901, 0.564301, 0.534822, 0.686151, 0.900679, 2.36213, 1.7222, 1.29808, 1.05459, 1.11294, 0.4409, 0.623169, 1.26214, 1.40759, 1.27429, 1.35148, 1.63111, 2.77179, 3.09984, 1.4691, 1.33641, 1.18648, 1.30043, 1.19422, 0.717712
0.16, 0.0319375, -1.28002, -1.35117, -1.59835, -0.529681, 0.452548, 0.108316, 0.516551, -0.107686, 0.00482846, 0.91062, 1.5186, 0.947457, 0.299817, 0.275063, 0.505482, 0.479582, 0.334627, 1.00087, 0.514742, 0.836767, 1.05481, 1.08582, 1.94801, 2.53269, 0.857102, 0.842044, 0.503977, 0.778871, 0.926534, 0.591494
0.18, 0.0319375, -2.18316, -2.21902, -2.33477, -1.44468, -0.561814, -0.876828, 0.182169, 0.13656, 0.367456, 0.537245, 1.71015, 1.03857, 0.798862, 0.45979, 0.312016, 0.0610429, 0.0257607, 0.563675, 0.738658, 0.7019, 0.602121, 0.587225, 1.22108, 1.92248, 0.317268, 0.513761, 0.536053, 0.71098, 0.802418, 0.210716
0.2, 0.0319375, -2.3451, -1.54868, -1.16476, -1.56585, -0.51066, -0.576202, -1.59562, -0.740824, -0.37698, 0.145363, 0.756511, 0.35612, 0.304428, -0.192058, 0.11551, -0.304427, -0.324171, 0.685562, 0.275791, 0.357828, 0.484323, 0.559438, 1.54346, 1.9522, 0.414549, 0.0752403, 0.00131056, -0.118027, 0.238062, 0.0107388
0.22, 0.0319375, -1.81986, -2.18065, -2.13394, -1.68747, -1.13252, -1.11915, -0.99147, -0.318966, -0.049121, 0.426548, 0.870837, 0.171066, -0.532288, -0.656848, -0.588322, -0.637173, -0.491884, 0.019349, -0.348374, -0.0361222, -0.0660889, 0.0123572, 0.90059, 1.5586, -0.111273, -0.291201, -0.11147, -0.26388, -0.611666, -0.681515
0.24, 0.0319375, -1.92198, -2.72045, -2.14267, -2.07411, -1.26612, -1.48179, -1.11455, -0.934873, -0.489869, 0.0341784, -0.374477, -0.603828, -0.094278, -0.544192, -0.486938, -1.03257, -0.949874, -0.470809, -0.713354, -0.13571, -0.0556117, -0.242375, 0.335841, 1.14854, -0.398113, -0.510566, -0.550543, -0.39596, -0.632667, -0.907285
0.26, 0.0319375, -2.95544, -2.72407, -2.62733, -1.97581, -2.06934, -1.79292, -2.07705, -1.70294, -1.03631, -0.0629964, 0.0613678, -0.78281, -1.29173, -0.752374, -1.16485, -0.980822, -1.04377, -0.837278, -0.514236, -0.589913, -0.590306, -0.551349, 0.507149, 1.20385, -0.992638, -0.969264, -0.826295, -0.747457, -1.16898, -1.38257
0.28, 0.0319375, -3.15511, -2.90629, -2.63429, -2.50597, -1.77177, -2.15858, -2.53391, -1.46791, -0.889257, -0.800082, 0.123164, -0.966606, -1.31431, -1.37285, -1.33456, -1.8472, -1.38587, -1.04823, -1.06626, -1.14196, -0.777063, -1.08444, -0.314232, 0.667755, -1.42881, -1.35088, -1.18813, -1.18725, -0.883604, -1.45367
0.3, 0.0319375, -4.50028, -4.10065, -3.38427, -2.92916, -2.59523, -2.06599, -1.64486, -1.64455, -1.35339, -0.902663, -0.628441, -0.884356, -1.55827, -1.44471, -1.90788, -2.12755, -1.92315, -1.40833, -1.39523, -1.10727, -1.28988, -1.09982, -0.487673, -0.0154861, -1.24428, -1.43554, -1.75375, -1.47878, -1.22666, -1.80686
0.32, 0.0319375, -3.59475, -3.36667, -3.93507, -3.0927, -2.55102, -3.1517, -2.89556, -2.09696, -1.8439, -1.77124, -0.937917, -1.31301, -1.48461, -2.19085, -2.05375, -2.40388, -1.93657, -1.55144, -1.40466, -1.71918, -1.94423, -1.6072, -0.66856, -0.0538207, -1.59762, -1.87747, -2.12496, -2.01581, -2.15472, -2.18961
0.34, 0.0319375, -2.78294, -2.39862, -2.35185, -2.21532, -1.56917, -2.10736, -1.39883, -0.725641, -1.07114, -1.07102, -0.293167, -0.756308, -1.22502, -1.51368, -1.48683, -1.67158, -1.59007, -1.07642, -0.918049, -1.30497, -0.881045, -0.632931, -0.597636, 0.104949, -1.14235, -1.44836, -1.38423, -1.00558, -1.04945, -1.78417
0.36, 0.0319375, -1.4873, -1.41684, -1.71841, -1.64355, -1.66094, -0.0899864, -0.00710274, 0.752698, 0.330734, 1.27729, 1.15766, 0.664464, 0.701619, 1.53874, 1.3119, 1.67854, 1.49109, 1.20162, 1.76936, 2.18316, 1.95263, 0.997745, 2.91654, 3.42499, 1.95591, 1.92499, 1.69424, 1.49139, 1.38023, 1.40087
0.38, 0.0319375, -2.24862, -1.72388, -1.10285, -1.76098, -1.6872, -1.23067, -0.691768, 0.226547, 0.317156, 0.49941, 0.533677, 0.165599, 0.236941, 0.64884, 1.01263, 1.08817, 1.16282, 0.941533, 1.4059, 1.77589, 1.04547, 0.893808, 2.8832, 3.59509, 1.86373, 1.93463, 1.30028, 1.07518, 1.06223, 0.977668
0.4, 0.0319375, -1.70969, -2.43091, -2.93269, -2.01313, -2.02936, -1.20771, -0.478406, -0.0815535, -0.0487029, -0.216911, 0.457643, -0.0819011, 0.0396408, 0.191095, 0.534013, 0.908274, 0.362927, 0.598114, 1.12008, 1.26259, 1.03135, 0.531885, 2.99522, 3.84396, 1.60466, 1.29132, 0.938269, 0.863517, 0.304185, 0.500487
0.42, 0.0319375, -2.21889, -2.814, -2.30761, -3.03412, -1.92425, -1.88566, -0.807095, -0.957615, -0.938208, 0.41227, 0.589149, -0.355951, -0.982163, -0.266984, -0.0927988, 0.356181, 0.203208, 0.166422, 0.457626, 1.00313, 0.772915, -0.00354124, 3.0279, 3.72872, 1.13201, 1.17731, 0.772315, 0.673127, 0.271596, -0.0435967
0.44, 0.0319375, -3.11336, -2.73352, -2.29455, -2.29028, -1.82163, -1.87043, -1.90025, -0.895666, -0.751004, -0.423935, -0.745552, -0.605724, -0.712807, -0.0643127, -0.274994, 0.0881275, 0.186822, -0.00169289, 0.453418, 0.615051, 0.586977, -0.56466, 2.43805, 3.33939, 0.459063, 0.593257, 0.19444, 0.218414, -0.178469, -0.130756
0.46, 0.0319375, -2.38873, -2.53132, -2.79886, -3.01075, -2.77469, -2.42713, -1.71555, -1.201, -0.751882, -0.252011, -0.251073, -1.09097, -1.34119, -0.876596, -0.605161, -0.464252, -0.261605, -0.370344, 0.133917, 0.416873, -0.216587, -0.895948, 2.36271, 3.30761, 0.236307, -0.0173282, -0.0956911, 0.167547, -0.648957, -0.85192
0.48, 0.0319375, -3.97937, -4.43076, -2.94011, -4.0715, -2.81461, -1.98159, -1.97466, -1.46036, -1.21335, -0.652436, -0.996819, -1.80178, -1.1531, -0.527911, -0.659751, -0.604244, -0.43638, -0.510673, -0.32153, -0.0838161, -0.219122, -0.973168, 2.03067, 2.93284, 0.168172, -0.0358392, -0.113963, -0.294319, -0.717504, -0.863814
0.5, 0.0319375, -2.53062, -2.90208, -2.09246, -2.85427, -1.33559, -1.02449, -1.17453, -1.03886, -0.824255, -0.988534, -1.08991, -1.56459, -1.37439, -1.056, -1.45256, -0.83748, -0.844269, -1.08077, -0.845292, -0.440438, -0.75451, -1.38041, 1.5247, 2.27802, -0.579431, -0.641544, -0.435039, -0.796186, -1.32907, -1.35166
0.52, 0.0319375, -2.1438, -2.69865, -1.72608, -1.92401, -1.85218, -1.21002, -1.34204, -1.64656, -1.56591, -1.90033, -1.47823, -1.60804, -1.40164, -1.50424, -1.56625, -0.828016, -1.39179, -1.70289, -1.29741, -0.523891, -0.739755, -1.21177, 0.816759, 1.72599, -0.630457, -0.725756, -0.72559, -1.25712, -1.37528, -1.54202
0.54, 0.0319375, -1.83345, -2.37909, -2.24302, -1.65001, -1.96717, -1.76609, -2.04811, -2.44352, -2.16665, -1.9226, -1.59011, -1.57711, -2.00551, -1.81968, -1.30425, -1.3612, -1.76142, -1.68351, -1.38942, -1.80671, -1.80976, -1.85197, 0.83598, 1.8705, -1.25462, -1.01992, -1.51582, -1.47432, -1.66167, -1.77387
0.56, 0.0319375, -2.94912, -2.38909, -2.71797, -2.76762, -2.11923, -1.53069, -2.2817, -2.15586, -2.00281, -2.13569, -2.24602, -2.11559, -1.8965, -1.99319, -2.14724, -1.89286, -1.89889, -2.07371, -1.57665, -1.63875, -1.67494, -2.14512, 0.651938, 1.68057, -1.37057, -1.45625, -1.72816, -1.81534, -2.1115, -2.31139
0.58, 0.0319375, -2.84211, -3.11535, -2.91038, -3.27144, -2.5721, -2.63414, -2.40507, -2.42234, -2.57569, -2.13076, -2.02008, -2.37792, -2.65585, -2.35033, -1.8238, -1.85138, -1.7138, -2.30969, -1.76933, -1.49315, -1.8271, -2.47358, 0.626747, 1.57179, -1.73684, -1.53032, -1.96156, -2.29001, -2.1404, -2.9163
0.6, 0.0319375, -3.27439, -3.25264, -3.06928, -2.41085, -2.58982, -2.67148, -2.84226, -2.27916, -2.73534, -2.25768, -1.96604, -2.36083, -2.13418, -2.26366, -2.01547, -1.98636, -2.88835, -2.93154, -2.61231, -1.65999, -2.15057, -2.75164, -0.0850212, 1.00971, -1.7853, -2.21444, -2.2952, -2.46329, -2.72407, -2.96475
0.62, 0.0319375, -2.59546, -3.43685, -3.33258, -3.51808, -2.767, -2.25214, -3.75004, -3.04055, -2.73864, -2.68083, -3.06603, -3.08296, -2.71662, -3.22045, -2.66213, -2.47689, -2.82549, -2.80946, -2.74138, -2.15683, -2.08914, -2.66941, -0.318201, 0.416641, -2.065, -2.3157, -2.72954, -2.80589, -2.88495, -3.29436
0.64, 0.0319375, -3.15467, -3.70188, -3.78601, -3.8846, -3.66453, -3.32674, -3.2427, -2.83858, -3.25729, -2.6639, -3.0278, -3.32938, -3.25423, -3.35537, -2.80907, -2.74424, -3.38578, -3.44126, -2.83768, -2.73228, -2.5485, -3.10472, -0.824819, 0.0728711, -2.20606, -2.68597, -2.8619, -2.94964, -3.32444, -3.37939
0.66, 0.0319375, -3.65263, -3.47118, -3.82445, -3.83264, -2.66489, -3.14684, -3.47964, -3.23004, -3.45134, -3.13642, -3.43031, -3.02114, -2.60381, -3.18815, -3.31033, -3.4428, -3.43168, -3.02024, -2.96253, -2.64154, -2.72222, -3.04555, -1.0081, -0.262388, -2.60884, -3.13419, -3.2142, -3.27016, -3.47692, -3.39364
0.68, 0.0319375, -4.94354, -4.09297, -3.99746, -4.05776, -3.24667, -3.40457, -4.32454, -3.16525, -3.27943, -3.58563, -3.8604, -3.06725, -3.18564, -3.54037, -3.96735, -3.55799, -3.23306, -3.71671, -3.35914, -3.2644, -3.31174, -3.46286, -1.47046, -0.580725, -3.06157, -3.09707, -3.38249, -3.451, -3.743, -3.99777
0.7, 0.0319375, -4.09264, -3.89797, -4.44806, -3.95205, -4.05809, -4.23291, -4.01308, -3.38617, -3.34711, -3.86102, -3.72854, -3.29943, -3.35, -3.60664, -3.02156, -3.49158, -3.78279, -3.59388, -3.68723, -3.19818, -3.57855, -3.59324, -1.67808, -0.793847, -3.28421, -3.35473, -3.51094, -3.56186, -3.42434, -3.54231
0.72, 0.0319375, -3.33881, -4.17337, -4.0978, -3.87637, -3.23749, -3.59941, -3.93547, -3.28087, -3.21904, -3.68693, -3.55507, -3.72875, -3.2539, -3.94209, -3.75817, -3.3799, -3.93713, -3.95736, -4.0465, -3.77641, -3.90244, -3.66421, -1.88864, -1.11104, -3.35546, -3.83481, -3.70842, -3.73224, -3.77509, -3.65185
0.74, 0.0319375, -1.88644, -1.95093, -3.29095, -2.38842, -1.51256, -2.61379, -2.6644, -2.13554, -1.90782, -2.33967, -1.91399, -2.23919, -2.18686, -2.33126, -2.51762, -3.41843, -3.172, -3.13747, -3.77481, -3.21355, -3.50536, -3.59228, -2.11352, -1.40897, -3.78663, -3.88475, -3.65066, -3.95558, -3.79532, -3.49762
0.76, 0.0319375, -1.42952, -2.33652, -1.3934, -1.51554, -1.6139, -2.34456, -3.02274, -2.5221, -2.18407, -2.38968, -2.48087, -2.86243, -2.6273, -3.36113, -3.10604, -3.20858, -3.69056, -3.35022, -4.00534, -3.73888, -3.45908, -3.22541, -2.37681, -1.80388, -4.12184, -3.98921, -3.75617, -3.78107, -3.85662, -3.27629
0.78, 0.0319375, -1.74417, -2.14653, -2.51607, -1.93549, -1.57439, -2.6596, -2.78615, -2.9225, -2.73364, -2.91721, -3.1617, -3.21379, -2.58895, -2.91156, -2.938, -3.03392, -3.21651, -3.11032, -3.64801, -3.51999, -3.65663, -3.34944, -2.68036, -2.36647, -3.73552, -3.75531, -3.70306, -3.77595, -3.68354, -3.62167
0.8, 0.0319375, -1.60177, -1.91242, -2.84796, -2.47336, -1.96203, -2.78957, -3.22958, -3.79326, -3.32087, -3.44119, -3.17961, -3.3727, -2.85456, -2.69666, -3.15865, -3.29269, -3.65112, -3.35217, -3.51203, -3.44892, -3.16307, -3.42449, -2.66181, -2.47002, -3.73688, -3.59759, -3.54497, -3.54735, -3.74788, -3.63218
0.82, 0.0319375, -3.23845, -3.19655, -3.87569, -3.0001, -2.41703, -3.18484, -3.36485, -3.18956, -3.21529, -3.77528, -3.79436, -3.29981, -3.10684, -2.71326, -3.61022, -3.55996, -3.6812, -3.54914, -3.62262, -3.58823, -3.34374, -3.27196, -2.9696, -2.64953, -3.85595, -4.04273, -3.73314, -3.53472, -3.96121, -3.80305
0.84, 0.0319375, -3.65419, -3.64953, -3.48583, -3.45657, -3.26703, -3.50365, -3.18155, -3.67871, -3.4433, -3.80201, -3.61941, -2.99713, -3.22024, -3.35588, -3.26367, -3.47727, -3.3163, -3.45958, -3.35815, -3.33423, -3.45499, -3.58732, -3.48501, -3.45697, -3.8146, -4.07922, -3.70492, -3.85019, -3.48066, -3.42892
0.86, 0.0319375, -1.85573, -2.32694, -2.85753, -2.39301, -3.01087, -2.08182, -2.54231, -2.11512, -2.3966, -2.39463, -2.53619, -3.00501, -2.24178, -2.43875, -2.62655, -2.53353, -2.3318, -2.52818, -2.70438, -2.29071, -2.21042, -2.74794, -2.46833, -2.28083, -3.07037, -3.41077, -3.01774, -2.9791, -3.09619, -2.79987
0.88, 0.0319375, -2.33928, -2.34206, -2.4793, -2.26198, -2.24487, -2.78544, -3.02164, -2.51429, -2.43007, -3.16042, -2.5814, -2.92372, -2.35732, -2.25271, -2.5096, -2.39305, -2.34722, -2.39239, -2.78389, -2.8684, -3.01948, -2.82361, -2.67617, -2.52333, -3.30573, -3.2372, -3.13733, -3.0848, -3.08802, -3.23349
0.9, 0.0319375, -3.22729, -3.04944, -3.02722, -1.98356, -1.92445, -2.84934, -3.33236, -2.71655, -2.51072, -3.01419, -2.99526, -2.57301, -2.797, -2.53091, -2.91306, -2.71698, -2.86993, -2.88521, -2.47742, -2.63871, -2.22374, -2.60836, -2.90284, -2.97118, -3.20185, -3.03161, -3.10228, -3.00683, -2.99832, -2.89993
0.92, 0.0319375, -3.50024, -3.65181, -2.8074, -2.11426, -2.24884, -2.54698, -3.00774, -3.39194, -3.30208, -3.06481, -2.70789, -2.19625, -2.26173, -2.62894, -2.35469, -2.37261, -3.19128, -3.15304, -2.81014, -2.60868, -2.36209, -2.88342, -3.35705, -2.74581, -3.02533, -3.07407, -3.34693, -3.2994, -3.06861, -2.96906
0.94, 0.0319375, -3.47617, -3.41998, -3.06638, -2.60826, -2.70783, -2.77345, -2.89517, -2.97839, -2.45466, -2.57681, -2.7519, -2.63256, -2.78447, -2.81175, -2.26916, -2.44671, -2.91244, -2.69801, -2.61743, -2.99325, -2.45286, -2.8635, -3.38819, -2.81044, -3.02124, -3.19393, -3.24845, -3.27452, -3.24177, -3.34168
0.96, 0.0319375, -3.20727, -3.33847, -2.92737, -3.38665, -2.45233, -2.688, -3.30987, -2.85469, -3.62456, -3.18588, -2.75309, -2.69361, -3.39184, -2.50424, -2.1682, -2.6261, -2.49405, -2.42835, -2.78081, -2.88233, -2.09548, -3.25863, -3.26145, -2.71907, -2.99358, -3.25374, -3.44665, -3.28861, -2.89461, -2.96524
0.98, 0.0319375, -3.01618, -3.82372, -2.60228, -2.16642, -2.00821, -2.25839, -2.64017, -2.88213, -2.71959, -2.98484, -2.74603, -3.02471, -2.9435, -2.29997, -1.82051, -2.42105, -2.24792, -2.22675, -2.72596, -2.71803, -2.04367, -2.93598, -2.95924, -2.90972, -3.01576, -3.2112, -3.09664, -3.17313, -2.9584, -2.68259
1, 0.0319375, -3.71083, -3.01719, -2.01574, -1.2992, -1.93767, -3.1604, -3.25404, -3.22713, -3.27363, -2.85777, -2.3659, -2.15137, -2.3911, -2.35288, -2.34685, -2.17491, -2.27218, -2.25005, -2.89818, -2.57879, -2.43094, -2.99449, -2.99063, -2.71368, -2.841, -2.94755, -2.84631, -2.95542, -3.04282, -2.55983
1.02, 0.0319375, 0.0193072, 1.21562, 1.69205, 1.10218, 1.13037, 2.4546, 2.28556, 1.88166, 2.28189, 3.08082, 4.04709, 3.77796, 2.75292, 2.77933, 2.63669, 2.24366, 2.1142, 2.01332, 2.22991, 2.47618, 2.57757, 2.03192, 1.38107, 1.39442, 1.61926, 2.23057, 1.86146, 2.14407, 2.48044, 2.56175
1.04, 0.0319375, 1.14709, 1.07878, 1.51723, 1.33776, 1.24895, 2.13197, 1.69186, 2.30009, 2.33247, 3.09121, 4.40356, 3.38792, 2.32806, 2.63738, 2.83109, 1.92543, 1.76362, 2.31288, 2.16132, 2.09114, 1.75794, 1.7115, 1.64573, 1.39792, 1.71, 2.23204, 2.34943, 2.23598, 2.81764, 2.97322
1.06, 0.0319376, 0.519615, 0.496214, 0.499635, 0.747651, 0.733873, 1.70174, 1.73847, 1.98271, 1.80279, 2.54637, 3.00777, 2.63842, 2.04577, 2.40961, 1.72937, 1.77886, 1.73113, 1.95604, 1.79129, 1.84233, 1.69258, 2.03613, 1.54767, 1.44378, 1.63312, 1.51058, 1.96883, 2.13695, 2.37538, 2.80311
1.08, 0.0319375, 0.578838, 1.07438, 0.535313, 0.1377, 1.32057, 1.108, 1.24184, 1.42275, 1.62639, 1.9342, 3.0836, 2.4784, 2.45678, 2.12167, 1.71064, 1.77849, 1.69195, 1.67094, 1.66011, 1.3725, 1.01689, 1.64903, 1.02454, 0.890351, 1.21707, 1.39876, 1.45063, 1.91781, 1.97204, 2.69441
1.1, 0.0319375, -0.22665, 0.34233, 1.03506, 0.621591, 0.320761, 0.285271, 0.113079, 0.74671, 0.997027, 1.75429, 2.93845, 2.88402, 1.97954, 1.49543, 1.3386, 1.12921, 1.49929, 1.38516, 1.10359, 1.0832, 0.887706, 0.910116, 0.915046, 0.613677, 0.844731, 1.24094, 0.97712, 1.3177, 1.69836, 1.94668
1.12, 0.0319375, -0.815383, -0.470626, -0.0302979, 0.330182, 0.87273, 1.19303, 0.758838, 0.536007, 1.0305, 1.32443, 2.02273, 2.04528, 1.28375, 1.53782, 0.493423, 1.21526, 1.40266, 0.995861, 0.780146, 0.319786, 0.79644, 0.854504, 0.726971, 0.609635, 0.877626, 1.05114, 0.763029, 1.29089, 1.75883, 2.20067
1.14, 0.0319375, -0.693554, -0.265074, 0.0321486, -0.248506, 0.0986801, -0.108193, -0.0565576, 0.16127, 0.388758, 1.1857, 1.87782, 1.86714, 1.51272, 1.16955, 0.818987, 0.487196, 0.15102, 0.44668, 0.289367, 0.00382715, 0.512918, 0.605194, 0.34884, -0.178992, 0.360509, 0.559199, 0.441614, 0.558276, 1.3312, 1.72741
1.16, 0.0319375, -0.764106, -0.28978, -0.816082, -0.167406, -0.360878, -0.617633, -0.102746, -0.401811, 0.533206, 0.714413, 1.09991, 0.792218, 0.892998, 0.382398, 0.351574, 0.439112, 0.0952671, 0.361202, 0.550252, -0.176405, -0.0141112, 0.74344, 0.168361, -0.33738, -0.09467, 0.317774, -0.174575, 0.462592, 1.1716, 1.32484
1.18, 0.0319376, -0.268276, -1.10925, -0.922219, -0.497497, -0.308461, -0.914228, -0.381645, -0.405333, -0.303673, 0.347743, 0.748176, 0.801613, 0.335626, 0.636943, 0.366298, -0.166609, -0.423136, 0.234655, -0.00166346, -0.517347, 0.128767, 0.520482, 0.160672, -0.533671, -0.320692, 0.198227, 0.0288679, 0.390054, 0.812316, 0.998188
1.2, 0.0319375, -1.00982, -0.19703, -0.922903, -1.96539, -0.645225, -0.438687, -0.354582, -0.715538, -0.277073, 0.237208, 1.38027, 0.629943, -0.36443, -0.368423, -0.0758497, -0.111999, -0.704121, -0.134597, -0.218343, -0.296533, -0.304739, 0.315683, -0.388378, -0.70349, -0.230435, 0.103804, -0.244401, 0.0235577, 0.500252, 0.765924
1.22, 0.0319375, -1.25989, -0.300742, -1.39184, -1.00817, -0.142852, -0.351964, -1.33146, -0.81094, -0.787341, 0.3172, 1.15315, 0.398059, -0.612649, -0.841971, -0.555281, -0.935907, -0.811159, -0.162028, -0.615748, -0.718848, -0.357719, 0.157636, -0.569006, -1.02639, 0.0774024, 0.597984, -0.296815, 0.0558828, 0.699993, 0.924596
1.24, 0.0319375, -1.36538, -1.08156, -1.16151, -1.88319, -1.2759, -1.38881, -1.68197, -1.47435, -0.853554, 0.0243053, 0.941697, 0.461055, -0.397225, -0.376707, -0.736635, -1.10378, -0.374112, -0.661282, -0.148051, -0.600898, -0.661251, 0.0146252, 0.0247053, -0.805198, 0.0172187, 0.707611, -0.0780878, 0.418063, 0.782263, 0.757668
1.26, 0.0319375, -1.20937, -1.03307, -1.89475, -1.81405, -1.82699, -1.19618, -1.48397, -1.33304, -1.08208, -0.673951, -0.363525, -0.709546, -0.96415, -0.668027, -1.07957, -0.870108, -0.805373, -1.14527, -1.18839, -1.02061, -0.764681, -0.2406, -0.581466, -0.921072, 0.414666, 0.980973, -0.120881, 0.594966, 0.392225, 0.285992
1.28, 0.0319375, -2.09368, -1.34345, -1.85381, -2.2285, -2.14781, -1.22917, -1.71143, -1.94557, -1.53879, -1.05963, -0.602337, -0.524715, -0.904597, -1.26959, -0.891634, -1.30363, -1.05024, -1.28674, -1.51284, -1.20227, -0.978467, -0.628889, -0.658028, -1.04573, -0.114729, 0.301068, -0.0942059, 0.615812, 0.413673, 0.581948
1.3, 0.0319376, -1.4422, -1.64211, -1.53258, -1.62113, -1.19923, -1.26162, -0.814488, -0.982987, -1.05037, -0.949854, -0.462699, -0.605186, -1.31669, -0.400227, -0.277532, -0.92129, -0.46948, 0.048637, -0.221305, 0.195762, 0.216471, 0.995637, 0.680648, -0.331428, 0.472155, 0.892331, 0.0433706, 0.269281, 0.298864, 0.341477
1.32, 0.0319375, -2.38539, -1.15403, -1.51803, -1.47329, -1.80918, -0.792818, -1.4192, -0.983198, -0.619901, -0.938031, -0.376714, 0.0282466, -0.0582025, -0.0117627, -0.312851, -0.24301, 0.427564, 0.842241, 0.709101, 1.12536, 1.57711, 2.07713, 1.35823, 0.237578, 1.4583, 2.0175, 1.15515, 1.30667, 0.921012, 1.0787
1.34, 0.0319375, -1.93605, -1.28383, -0.820592, -0.926696, -1.18721, -1.30159, -1.52438, -1.84205, -1.13563, -0.560794, -0.760296, -0.943491, -0.148633, -0.171589, -0.280932, -0.418399, 0.686834, 1.03836, 0.0233172, 0.642782, 1.22384, 2.43355, 1.28116, 0.124224, 1.9324, 2.33759, 0.761457, 1.5219, 0.997966, 0.976751
1.36, 0.0319375, -2.08277, -1.72984, -1.27465, -1.17771, -1.23661, -1.12452, -1.4336, -1.04552, -1.00235, -0.616546, -0.446476, -0.419879, -0.478243, 0.243067, 0.542649, 0.961811, 1.09628, 1.25476, 0.977458, 0.91354, 1.06496, 2.25795, 1.18591, 0.789918, 2.08215, 2.30989, 0.593536, 1.09922, 0.76784, 1.05955
1.38, 0.0319375, -1.95711, -0.769409, -0.748474, -1.15303, -0.139149, 0.328117, 0.00939779, 0.144932, 0.0202256, 0.325181, 0.459178, 0.13315, 0.389418, 1.4282, 1.66578, 1.60712, 1.55592, 1.39793, 1.57984, 1.24992, 1.43163, 1.91386, 1.24018, 0.856365, 2.30593, 2.73472, 1.27311, 2.13383, 1.38915, 1.87261
1.4, 0.0319375, -1.58145, -0.752961, -0.258767, -0.0345325, -0.423743, -0.0793262, 0.0914385, 0.355746, 0.331775, -0.0556694, -0.13432, -0.271351, 1.06916, 1.60595, 1.54681, 1.38119, 1.52378, 1.35182, 1.22435, 0.925026, 1.03332, 2.18988, 1.72604, 0.940239, 2.69382, 3.22343, 1.47731, 1.93551, 1.99813, 2.15347
1.42, 0.0319376, -1.40448, -0.0501039, -0.287997, 0.44516, 0.440914, -0.417852, 0.448071, 0.0147057, -0.364936, 0.459453, 0.250183, 0.499426, 1.00538, 1.33338, 1.60124, 1.52553, 1.3019, 1.21801, 1.40067, 1.23734, 1.39637, 3.55893, 2.07481, 1.07071, 2.73756, 3.25599, 1.70321, 2.24621, 1.79053, 2.13184
1.44, 0.0319375, -1.91224, -1.17194, -0.524546, -0.0394639, -0.79751, -0.34445, 0.124342, -0.502437, -0.403735, -0.654261, 0.00800106, 0.26453, 0.0726645, 0.452805, 0.442956, 1.47588, 1.58719, 0.747094, 1.0078, 1.16172, 1.08645, 2.63574, 1.62846, 1.21239, 2.4694, 2.91204, 1.6552, 1.57185, 1.54801, 1.89493
1.46, 0.0319375, -2.39494, -1.70565, -0.225419, -0.229661, -0.725998, -0.609519, -0.530814, -1.06343, -1.10191, -0.64065, -0.588003, 0.110081, 0.593674, 0.758505, 0.27543, 0.817125, 0.994046, 0.855176, 0.727726, 0.762072, 0.95343, 2.52525, 1.68726, 1.05753, 2.41402, 2.6826, 0.95299, 1.548, 0.88267, 1.42971
1.48, 0.0319375, -1.36827, -0.824228, -0.254281, -0.277261, -0.172494, -0.305288, 0.424829, 0.910243, 1.34405, 0.677493, 0.646146, 0.992106, 0.502702, 0.791374, 1.37724, 1.36283, 1.56361, 1.54556, 1.67088, 1.92107, 1.89934, 2.8382, 1.82521, 1.03846, 1.88704, 2.34483, 0.46585, 1.21408, 1.31306, 1.8179
1.5, 0.0319375, -1.63669, -1.19928, -0.691418, -0.321218, -0.0474808, 0.0281495, -0.28164, 0.621616, 1.37842, 1.23381, 1.21477, 1.23324, 1.17912, 1.14382, 1.48495, 2.15168, 2.28616, 1.96158, 1.80324, 1.56145, 1.55396, 2.53806, 1.60662, 0.901703, 2.09966, 2.51587, 0.710064, 1.03046, 1.47956, 2.21965
1.52, 0.0319375, -1.47917, -1.08499, -0.29951, -0.371136, 0.269165, 0.355754, 0.442689, 0.330062, 0.886181, 1.27828, 0.244897, -0.0854721, 0.970726, 0.803942, 1.17875, 1.35493, 1.65415, 1.56068, 1.33622, 1.18817, 1.39408, 2.06361, 1.14711, 0.713578, 1.70924, 1.77541, 0.867898, 0.955908, 1.27438, 2.13108
1.54, 0.0319375, -1.14735, -0.977706, -0.56908, -0.603559, -0.783171, -0.110623, -0.220504, 0.176668, 0.331629, 0.549717, 0.296781, 0.044605, 0.215791, 1.20291, 1.1246, 1.47402, 1.57982, 1.49602, 1.27605, 1.22824, 1.17028, 1.25961, 1.1397, 0.74581, 1.41947, 1.69201, 0.480381, 0.626581, 0.885802, 1.538
1.56, 0.0319376, -1.35188, -1.21371, -1.14023, -0.603435, -0.0996462, -0.746029, -0.474861, 0.564253, 0.824851, -0.142207, 0.049742, -0.0217291, 0.0899937, 0.488903, 0.558625, 0.777191, 0.687658, 1.04589, 1.16925, 0.659338, 0.679397, 1.8148, 0.842677, 0.309804, 1.075, 1.30139, -0.0754994, -0.113381, 0.934066, 1.59951
1.58, 0.0319375, -1.28027, -1.96203, -2.1211, -0.792523, -0.332644, -0.446307, -0.772743, -0.0968855, -0.120855, -0.0615658, -0.561218, -0.250094, 0.253398, 0.213208, 0.0899905, 0.248431, 0.697177, 0.769057, 1.02942, 0.692289, 0.755306, 1.72384, 1.02412, 0.389337, 0.844549, 1.37071, 0.649671, 0.642552, 0.6481, 1.35004
1.6, 0.0319375, -1.95507, -1.59661, -1.70779, -1.02078, -0.375543, -0.442508, -1.41731, -0.052733, -0.188012, -0.488634, -0.499189, -0.14694, -0.551205, -0.0803796, 0.263787, 0.363146, 0.161071, 0.764826, 0.447233, 0.831163, 0.64871, 2.31706, 1.35828, 0.615268, 1.11365, 1.43654, 0.4584, 0.65736, 0.713706, 1.0196
1.62, 0.0319375, -1.47442, -1.46216, -1.26054, -0.663683, -0.990021, -0.786937, -0.729948, -0.827634, -0.318701, -0.587486, -0.828202, -0.819988, -0.236426, -0.66086, -0.0169647, 0.297303, 0.723576, 0.511324, 0.626109, 0.599611, 0.832389, 2.51155, 1.06417, 0.586824, 1.19895, 1.33339, 0.179918, 0.843672, 0.558635, 1.13259
1.64, 0.0319375, -0.930499, -1.53333, -1.21102, -0.426119, -0.477057, -0.725483, -0.841024, -1.00779, -1.30341, -0.5735, -0.968788, -0.562075, -1.00145, -0.37833, -0.244762, 0.118432, 0.297703, 0.471359, 0.127937, 0.199525, 0.591908, 2.10884, 0.951715, 0.348782, 0.814715, 1.16982, -0.00210363, 0.888704, 0.502219, 0.889538
1.66, 0.0319375, -2.23539, -1.38768, -1.04871, -0.774679, -0.279404, -0.925313, -0.978263, -0.886142, -0.448163, -0.855142, -1.36802, -1.34352, -0.864759, -0.150766, -0.83941, -0.499638, 0.167485, -0.275864, -0.00184384, -0.057019, 0.443836, 1.17895, 0.396874, -0.222438, 0.439505, 0.671978, -0.130112, 0.610923, 0.850348, 1.16431
1.68, 0.0319376, -1.58242, -1.53213, -1.94718, -1.17906, -0.780384, -0.904034, -1.47634, -1.30946, -1.28991, -0.786961, -0.911459, -0.553919, -0.72266, -1.4683, -1.767, -0.668702, -0.613047, -0.657996, -0.328097, -0.440656, -0.601774, 0.849064, 0.155954, -0.110409, 0.698927, 1.16699, -0.712303, 0.327861, 0.731228, 1.06018
1.7, 0.0319375, -1.87392, -1.44149, -1.86923, -1.02663, -0.782611, -0.842464, -0.681516, -0.935106, -1.31895, -0.974951, -0.938187, -1.09811, -1.39427, -0.654575, -0.369601, -0.410327, -0.428345, -0.186127, 0.0441243, -0.266922, 0.018843, 0.578107, 0.105523, -0.253629, 0.461751, 0.658418, -0.296437, 0.357954, 0.421592, 0.831882
1.72, 0.0319375, -2.24419, -1.46298, -1.40311, -1.04803, -0.622079, -1.00201, -0.906758, -0.76546, -1.32076, -1.16477, -0.91252, -1.15541, -0.751908, -0.494508, -1.02151, -0.484872, -0.444362, -0.307467, -0.0768434, 0.239984, 0.148589, 0.827397, 0.319805, 0.00990252, 0.349193, 0.732455, -0.486679, 0.0439208, 0.624141, 1.04301
1.74, 0.0319375, -1.46356, -1.40232, -1.65018, -1.20728, -1.16739, -1.17425, -2.62574, -1.32643, -0.677215, -1.74526, -2.2399, -1.46893, -0.8922, -0.676598, -0.960802, -0.711369, -0.467542, -0.449908, -0.112644, -0.201496, -0.171467, 0.923664, 0.0971737, 0.251106, -0.0877781, -0.0574081, -0.323586, -0.368912, 0.34026, 0.38767
1.76, 0.0319375, -1.94966, -2.03539, -2.17323, -1.59817, -0.71002, -0.826335, -1.99426, -1.92312, -1.53298, -1.4263, -1.47419, -1.98974, -1.67725, -0.983191, -1.25652, -0.929213, -0.412806, -0.621059, -0.317262, -0.163094, -0.180018, 1.56861, 0.659839, 0.638581, 0.28336, 0.325118, -0.702599, -0.376132, 0.486477, 0.284778
1.78, 0.0319375, -1.55683, -0.649392, -0.828065, -0.834922, -0.711842, -1.16271, -1.99743, -1.60137, -1.06528, -0.530616, -1.02518, -0.908423, -1.22617, -0.871432, -0.294969, -0.529833, -0.359911, -0.314897, -0.167713, 0.00358118, 0.252009, 1.28105, 0.748637, 0.109675, 0.62863, 0.742578, -0.155673, -0.0666851, 0.365171, 0.416318
1.8, 0.0319376, -1.33059, -1.51645, -1.56709, -0.677524, -0.962838, -1.70377, -1.72636, -0.978888, -1.11136, -1.2529, -1.68382, -1.55941, -1.74521, -1.09288, -1.48115, -0.655445, -0.334245, -0.0916603, -0.35185, -0.0454558, 0.131447, 1.82167, 0.395415, -0.446299, 0.181541, 0.495919, -0.537357, -0.527248, 0.785203, 1.0024
1.82, 0.0319375, -1.90873, -1.59916, -1.66341, -0.864146, -1.91662, -1.62989, -1.64922, -1.21573, -1.00364, -1.7137, -1.82452, -1.44325, -1.21691, -1.04278, -1.20555, -1.07817, -0.764532, 0.0353474, 0.0726824, -0.346987, -0.0068821, 1.73776, 0.514055, -0.625926, 0.294174, 0.796942, -0.228522, 0.338079, 0.562294, 0.866578
1.84, 0.0319375, -1.78983, -0.832951, -0.725138, -1.05145, -0.648367, -0.962872, -1.35211, -1.5523, -1.1275, -1.3842, -1.1698, -0.98325, -1.48834, -0.99421, -0.21723, -0.904674, -0.476816, -0.508755, 0.0845649, 0.40084, 0.0459676, 1.67071, 0.62703, -0.221143, 0.293222, 0.825633, 0.174703, 0.111141, 0.850897, 1.166
1.86, 0.0319375, -1.36238, -2.06019, -1.90716, -1.28497, -1.64014, -2.50482, -1.7094, -1.68287, -1.29391, -1.5952, -1.91348, -1.53679, -1.3357, -1.02112, -0.660125, -0.918369, -0.320061, 0.0981736, -0.362372, 0.243172, 0.348567, 1.30389, 0.479129, -0.345227, 0.0140284, 0.392644, -0.329433, 0.285251, 0.441263, 0.697638
1.88, 0.0319375, -1.19274, -0.66357, -1.05646, -1.8234, -1.43867, -1.02541, -1.11538, -1.42423, -1.27203, -1.57656, -1.3107, -1.80213, -1.13077, -0.750218, -0.426899, -0.382902, -0.154277, 0.0250021, 0.00677372, -0.0552209, -0.257423, 1.24652, 0.473558, -0.126527, 0.440284, 0.953736, -0.263296, -0.13801, 0.169538, 0.555712
1.9, 0.0319375, -1.98115, -1.75404, -1.61018, -1.62683, -1.36809, -1.62625, -1.46572, -1.62534, -0.845083, -1.42386, -1.8318, -1.26221, -1.12832, -0.819118, -0.653152, -0.523161, -0.426663, -0.301887, -0.304446, -0.213645, -0.0465308, 1.13379, 0.169367, -0.278134, 0.703703, 1.35209, -0.0267597, 0.0834331, -0.150624, 0.0267634
1.92, 0.0319376, -2.03011, -1.05043, -1.27039, -1.27275, -1.05875, -1.12297, -1.32266, -1.86395, -1.53066, -1.49665, -1.28921, -1.86535, -1.97801, -1.43108, -1.17377, -0.672957, 0.0193976, -0.0886752, -0.206939, -0.0112789, 0.187639, 1.63017, 0.445311, -0.502535, 0.452554, 0.856292, -0.379954, -0.401264, -0.149612, 0.113473
1.94, 0.0319375, -1.8082, -1.02917, -0.937408, -1.2599, -0.837601, -0.910796, -1.01208, -1.49371, -0.778, -1.33228, -1.53809, -1.40969, -1.21771, -0.944909, -1.13034, -0.712574, -0.156607, -0.31833, -0.197533, 0.103457, -0.0895191, 1.12323, 0.231267, -0.157758, 0.438828, 0.762156, -0.430256, -0.210328, 0.0696461, 0.367533
1.96, 0.0319375, -1.61771, -1.30544, -1.41739, -1.46637, -1.33496, -1.50864, -1.41342, -1.59878, -1.71484, -1.76564, -2.1988, -1.50983, -1.2313, -1.22311, -0.91728, -0.989635, -1.01304, -0.909421, -0.235051, -0.416655, -0.71688, 1.2903, 0.198242, -0.261477, -0.0599699, 0.539015, -0.102061, -0.0988403, 0.329506, 0.883283
1.98, 0.0319376, -1.20607, -1.64756, -1.97233, -1.77544, -0.774402, -0.516154, -0.401999, -1.13306, -0.705812, -0.929739, -1.30941, -1.37777, -1.19565, -0.803211, -0.897574, -0.587261, -0.913366, -0.0562497, -0.127722, 0.038254, 0.0165781, 1.33401, 0.362266, -0.0960787, 0.132667, 0.400305, -0.0802215, 0.163232, 0.737056, 1.06027
2, 0.0319376, -2.11233, -1.14552, -1.04544, -1.25827, -0.996903, -1.305, -0.997379, -1.53665, -1.48196, -1.50047, -1.57679, -1.35191, -1.08277, -1.10039, -1.06016, -0.71417, -0.550015, -0.502063, -0.474425, -0.242772, -0.623326, 0.761034, 0.026373, -0.508056, -0.216339, 0.0301346, -0.259619, -0.445034, 0.372178, 0.78011
2.02, 0.0319376, -1.56346, -1.6892, -1.45795, -1.21838, -1.20675, -1.45961, -1.19453, -1.12528, -0.894924, -1.70016, -2.07733, -1.49917, -1.66914, -1.33361, -1.11303, -1.10544, -0.702633, -0.718362, -0.529748, -0.662138, -0.655222, 0.452917, -0.213946, -0.209642, -0.231966, -0.0462765, -0.685481, -0.993695, 0.521199, 0.683068
2.04, 0.0319376, -1.28136, -0.964155, -1.20634, -1.7228, -1.62291, -1.27023, -0.690361, -1.48295, -0.849964, -0.507389, -1.11989, -1.13466, -1.16681, -0.677875, -0.70285, -0.468547, -0.607297, -0.507402, -0.279038, -0.308944, -0.297331, 0.786299, 0.414962, -0.109327, 0.173198, 0.0308407, -0.330127, -0.33246, 0.610404, 1.20383
2.06, 0.0319376, -2.04939, -1.86117, -0.846279, -1.14566, -0.969096, -1.33512, -1.13157, -1.48103, -1.54016, -1.38104, -1.63698, -1.25932, -1.07487, -0.904044, -1.01723, -0.480397, -0.356565, -0.349866, -0.401223, -0.422779, -0.325678, 0.514751, -0.119224, -0.304746, 0.124431, 0.190118, -0.241958, -0.490346, 0.710673, 1.37472
2.08, 0.0319376, -1.36198, -1.70266, -1.1573, -1.21851, -0.653942, -1.54301, -1.29985, -1.39447, -0.983207, -0.760391, -1.19996, -1.4148, -1.51853, -1.05997, -0.903648, -0.708633, -1.13076, -0.346397, -0.730977, -0.806554, -0.83431, -0.0853968, -0.144285, -0.667739, -0.685888, -0.0530499, -0.424873, -0.536183, 0.424098, 0.788014
2.1, 0.0319376, -1.76873, -1.57085, -1.13074, -0.982828, -0.958849, -1.46334, -1.82145, -1.50537, -1.06479, -0.680407, -0.939781, -0.647117, -0.989039, -0.930443, -0.664086, -0.889608, -1.09935, -0.58677, -0.454787, -0.563554, -0.600776, 0.123989, -0.483833, -0.552061, -0.370064, -0.110072, -0.6382, -0.410486, 0.0963498, 0.652502
2.12, 0.0319376, -1.32926, -2.16706, -0.84183, -0.936066, -1.05078, -1.28103, -1.21313, -1.41508, -1.47806, -1.01864, -1.79633, -0.839022, -0.747307, -0.707709, -0.513963, -0.355939, -0.656707, -0.767158, -0.667554, -0.36792, -0.469602, -0.322093, -0.0667692, -0.563067, -0.62946, -0.675911, -0.5473, -0.605473, 0.197606, 0.549442
2.14, 0.0319374, -0.618636, -2.0918, -2.89582, -1.75432, -0.785149, -1.5399, -1.35497, -0.850974, -1.13532, -1.17439, -1.89869, -1.25197, -1.27108, -0.402805, -0.103029, -0.566347, -1.34461, -0.724129, -0.596084, -0.691232, -0.644329, -0.178918, -0.12444, -0.674398, -0.371084, -0.616244, -0.620336, -0.656778, 0.0473996, 0.529405
2.16, 0.0319374, -1.18533, -1.66392, -1.01587, -1.16373, -1.00927, -1.39279, -1.74737, -1.00654, -1.16228, -1.4225, -1.75902, -1.45714, -1.3053, -0.789774, -0.438029, -0.986377, -1.45549, -0.669634, 0.0653018, -0.269263, -0.69815, -0.229554, -0.213247, -0.407527, -0.354917, -0.509905, -0.658005, -0.446861, 0.241456, 0.454471
2.18, 0.0319374, -2.22847, -1.86842, -1.39567, -1.21919, -0.879671, -1.29797, -1.1898, -0.667992, -0.6801, -1.97895, -2.02861, -1.41483, -0.796456, -0.807588, -0.666827, -1.26664, -0.953924, -0.627083, -0.551074, -0.502295, -0.649747, -0.129869, -0.304526, -0.716912, -0.448975, -0.139881, -0.545784, -0.557411, 0.438049, 0.928981
2.2, 0.0319374, -1.85279, -1.44992, -1.84154, -2.19945, -1.55404, -1.66587, -1.69092, -1.22871, -1.74751, -1.26815, -2.1069, -1.41241, -0.964205, -1.18434, -1.01991, -0.840522, -0.942066, -0.552571, -0.600979, -0.709236, -0.360481, -0.273467, -0.61508, -0.74437, -0.498926, -0.141488, -1.03447, -0.542557, 0.760816, 1.40137
2.22, 0.0319374, -1.99571, -2.61964, -1.96154, -1.51655, -1.51176, -1.76789, -1.78454, -1.91086, -1.40562, -1.74003, -2.88698, -1.49814, -0.951617, -1.16149, -0.691227, -0.753459, -0.376366, -0.137816, -0.654247, -0.0404631, -0.440514, -0.199077, -0.683906, -0.90169, -0.801247, -0.299355, -0.843036, -0.550829, 0.95119, 1.652
2.24, 0.0319376, -2.44252, -1.91296, -1.75401, -1.17567, -1.46887, -1.74345, -1.76675, -1.59938, -1.74949, -1.51615, -1.94858, -1.45312, -1.79476, -1.15141, -1.13929, -1.48762, -0.942415, -0.814695, -0.778606, -0.744, -0.532478, -0.473293, -0.90422, -0.798256, -1.19016, -0.643011, -1.26649, -0.959761, 0.669954, 1.21618
2.26, 0.0319376, -1.59551, -1.65705, -1.43509, -1.43106, -0.87221, -1.40961, -2.51692, -1.85685, -1.44151, -1.31293, -1.58882, -1.39406, -1.43862, -0.651005, -0.597427, -0.826783, -1.12548, -0.855051, -0.689228, -0.510961, -0.379975, -0.497794, -0.490233, -0.625301, -0.726569, -0.538576, -0.721487, -0.878777, 0.834394, 1.24098
2.28, 0.0319376, -1.49515, -1.78453, -1.43781, -1.75793, -1.32521, -1.50731, -2.56881, -0.97828, -1.0822, -1.45127, -1.94071, -1.17953, -1.20961, -0.637435, -0.693173, -1.04887, -0.668019, -0.691777, -0.884553, -0.335721, -0.594621, -0.460147, -0.276401, -0.585427, -0.768839, -0.918445, -1.24575, -1.23899, 0.55994, 0.885658
2.3, 0.0319376, -1.82488, -1.54988, -1.60319, -2.01216, -1.37711, -1.42607, -1.3926, -1.38066, -1.4158, -1.27068, -1.24337, -1.33823, -0.921126, -0.737677, -1.28748, -0.986299, -0.977957, -1.20529, -0.78564, -0.399035, -0.33681, -0.702937, -0.677016, -0.77415, -1.06329, -0.801798, -0.774236, -0.925843, 0.28308, 0.993103
2.32, 0.0319376, -1.38364, -1.92274, -1.08145, -1.31945, -1.09944, -1.46035, -1.57025, -1.13346, -1.34537, -1.8425, -1.67163, -1.15032, -1.24313, -0.424032, -0.665322, -0.831567, -0.40892, -0.337741, -0.772801, -0.451652, -0.371912, -0.594344, -0.500893, -0.383815, -0.646189, -0.434122, -1.16776, -0.991159, 0.291177, 0.76759
2.34, 0.0319376, -2.05559, -2.44457, -1.73614, -2.57118, -1.08686, -0.942119, -1.38961, -1.70347, -2.03286, -1.17837, -1.44817, -1.40816, -1.55713, -0.982659, -0.895133, -0.976997, -0.646939, -0.556688, -0.487306, -0.374369, -0.0298571, -0.0114053, 0.124777, -0.572804, -0.752446, -0.716082, -1.0211, -1.09556, 0.209012, 0.670357
2.36, 0.0319376, -1.55448, -1.74728, -1.44759, -1.12536, -0.966125, -0.799903, -0.833036, -1.37107, -1.50589, -1.59913, -1.30479, -1.14274, -1.10739, -0.447596, -0.739651, -0.711209, -0.510316, -0.797138, -0.837736, -0.456897, -0.0851049, -0.281559, -0.295936, -0.607819, -0.856909, -0.973386, -1.09427, -0.773754, 0.455496, 0.848837
2.38, 0.0319374, -1.66184, -1.95932, -2.37998, -1.9169, -1.638, -1.85555, -1.33484, -1.83944, -1.66303, -2.16523, -2.07629, -1.68956, -1.23852, -1.05812, -1.12911, -1.25272, -0.849288, -0.530998, -0.761764, -0.770949, -0.367227, -0.373983, -0.829181, -0.848895, -1.04421, -0.956213, -1.072, -0.910405, 0.186202, 0.409556
2.4, 0.0319374, -2.3398, -2.05917, -2.71397, -1.96648, -1.06415, -0.987167, -1.40702, -1.67756, -1.91406, -1.92426, -1.94552, -1.87108, -1.85966, -1.22664, -0.723115, -1.02364, -0.808217, -0.635403, -0.523953, -0.602706, -0.477514, -0.952384, -1.01209, -1.11275, -1.30842, -1.35345, -1.36172, -1.39169, 0.0119654, 0.654511
2.42, 0.0319374, -2.11089, -2.09505, -1.79102, -1.77283, -1.11129, -1.66996, -1.22547, -1.85848, -1.74874, -1.94496, -2.01413, -1.90424, -1.39105, -1.20313, -1.19427, -1.29587, -1.15227, -0.919301, -0.836979, -0.877634, -0.520463, -0.672713, -0.604702, -0.87828, -1.3901, -1.43995, -1.35313, -1.42494, -0.0194571, 0.621695
2.44, 0.0319374, -2.30129, -1.83304, -2.82187, -2.13278, -1.17343, -1.09518, -1.42094, -1.86855, -1.79682, -1.77142, -1.99234, -1.86807, -1.38767, -1.02563, -1.49858, -0.649351, -0.213952, -0.447759, -0.734298, -0.659704, -0.258964, -0.664005, -0.809115, -1.01091, -1.14759, -1.55027, -1.60198, -1.45446, -0.12308, 0.583718
2.46, 0.0319374, -2.05791, -2.80888, -2.66738, -1.85162, -1.25369, -1.37688, -1.45056, -1.47534, -2.00097, -1.92458, -1.55966, -1.74924, -1.79142, -1.09501, -1.30398, -1.50672, -0.734412, -1.00634, -0.94527, -0.74763, -0.62613, -0.953077, -1.05893, -1.12368, -1.58691, -1.43276, -1.5273, -1.50512, -1.13433, -0.689362
2.48, 0.0319376, -2.32489, -2.94553, -2.02048, -2.37564, -1.39101, -2.04734, -1.96442, -1.82482, -2.26309, -1.97729, -1.8504, -1.76498, -1.34172, -0.803363, -0.943906, -1.53731, -1.10454, -0.898754, -0.969767, -0.88815, -0.877362, -1.16527, -1.05742, -1.16763, -1.77989, -1.9124, -2.03377, -1.61205, -1.14024, -0.56367
2.5, 0.0319376, -1.61441, -2.27971, -1.99336, -2.28449, -2.28063, -1.05304, -1.1778, -2.08313, -2.02636, -1.87381, -1.9185, -1.39537, -1.54038, -1.30898, -0.912721, -0.694186, -0.286239, -1.09831, -1.08884, -1.07671, -0.966535, -0.869411, -0.412553, -0.802685, -0.946573, -1.19916, -1.1103, -1.22754, -0.333153, 0.130235
2.52, 0.0319376, -2.31482, -1.85448, -2.37483, -1.94707, -0.744625, -1.33602, -1.69274, -2.15698, -2.11994, -2.51128, -2.22132, -2.13791, -1.0244, -0.879583, -1.07223, -0.85647, -1.02977, -0.645128, -0.506981, -0.612115, -0.314275, -1.03892, -0.594653, -1.02518, -1.46472, -1.3132, -1.32799, -1.24523, -0.0670823, 0.409021
2.54, 0.0319376, -2.37437, -2.54859, -2.43328, -1.54754, -1.28665, -1.46195, -1.71879, -2.42382, -2.58821, -1.82393, -1.42688, -1.57758, -1.64643, -1.15176, -0.888855, -1.16053, -1.23763, -1.00763, -0.969391, -1.3026, -0.979717, -1.12089, -0.862173, -1.19854, -1.43819, -1.46275, -1.67138, -1.52675, -0.296207, 0.249794
2.56, 0.0319376, -2.04508, -2.25993, -2.44698, -2.01412, -1.73345, -1.40035, -1.79433, -1.69342, -2.19671, -1.58466, -1.76076, -1.83891, -1.1308, -1.48597, -1.34905, -1.55356, -1.36081, -0.981151, -1.17213, -0.987364, -0.947938, -1.18854, -1.20822, -1.19462, -1.30679, -1.47828, -1.69664, -1.60731, -0.599547, -0.297354
2.58, 0.0319376, -2.2592, -1.87472, -2.26408, -1.82097, -1.38679, -0.947143, -1.93724, -2.27486, -2.62249, -2.02101, -2.48799, -1.74831, -1.2511, -1.23046, -1.16111, -1.52119, -1.58361, -1.2799, -1.07428, -0.916281, -1.22489, -1.47058, -1.35909, -1.04959, -1.55226, -1.40286, -1.6038, -1.80569, -0.729007, -0.586945
2.6, 0.0319376, -2.50879, -1.70021, -2.19511, -1.73744, -1.34911, -1.42617, -1.75006, -2.3395, -2.2171, -2.24505, -2.11422, -1.5997, -1.66875, -1.38633, -1.18585, -1.90615, -1.04814, -1.39358, -0.879039, -1.38443, -1.72149, -1.54512, -1.42404, -1.28507, -1.48585, -1.38639, -1.50218, -1.82828, -1.33603, -0.774286
2.62, 0.0319376, -2.55395, -1.92093, -2.32604, -2.48415, -2.08813, -2.33953, -2.60112, -3.03821, -2.37901, -2.35468, -2.11372, -2.09367, -1.8566, -1.50323, -1.64637, -2.23743, -1.82914, -2.04306, -1.4316, -1.73729, -1.41704, -1.50157, -1.67557, -1.7188, -1.62095, -1.99227, -2.11792, -2.18701, -1.36418, -0.951474
2.64, 0.0319374, -2.40661, -2.67084, -3.1606, -2.09917, -1.91582, -1.38202, -1.9332, -2.71681, -2.90458, -1.97294, -2.69691, -2.30889, -2.17941, -2.23322, -2.40951, -1.8423, -2.01738, -2.03322, -1.374, -1.63476, -1.83169, -1.82492, -1.91349, -1.85507, -1.86917, -2.04981, -2.22062, -2.23873, -1.46781, -0.987224
2.66, 0.0319374, -2.00683, -2.97345, -2.30349, -2.20673, -1.60881, -1.44803, -2.02065, -2.10721, -2.72447, -2.98612, -2.47601, -2.19236, -2.42051, -1.98399, -1.60609, -1.75034, -1.99704, -1.56876, -1.03344, -1.49939, -1.46609, -1.575, -1.75733, -1.5221, -1.78211, -2.11389, -2.16029, -2.35666, -1.64786, -1.1681
2.68, 0.0319374, -2.80891, -2.93438, -2.84728, -3.44874, -2.03286, -1.84375, -1.8115, -2.04994, -2.60833, -2.21486, -2.08012, -1.84652, -1.66795, -1.68277, -1.96844, -2.14678, -2.13309, -1.91622, -1.00024, -1.70703, -1.73116, -1.58234, -1.84401, -2.04412, -2.09415, -2.25638, -2.72271, -2.62323, -1.81512, -1.27033
2.7, 0.0319374, -3.60212, -3.18397, -2.47441, -2.47908, -1.58661, -2.11307, -2.51445, -2.54385, -2.81099, -2.4128, -2.65207, -2.27896, -2.18978, -1.80169, -2.15853, -2.2697, -2.5671, -2.28142, -1.95801, -2.13563, -2.20915, -2.0006, -1.97794, -2.19669, -2.2513, -2.3637, -2.9712, -2.58378, -1.97243, -1.41963
2.72, 0.0319374, -3.00085, -3.18267, -3.06404, -2.77888, -1.81033, -2.03245, -3.05543, -2.43737, -2.83335, -2.76649, -2.47878, -2.51933, -2.48145, -2.47479, -2.16057, -2.73326, -2.78235, -2.79744, -1.90419, -1.95932, -2.31314, -2.57661, -2.47665, -2.75176, -2.83174, -2.79001, -2.87929, -2.83058, -2.2488, -1.80742
2.74, 0.0319376, -2.42078, -3.34295, -2.63818, -2.56681, -2.14527, -2.61567, -2.47786, -2.37854, -3.07848, -3.01525, -2.71272, -2.85687, -2.09176, -2.55423, -2.15792, -2.67858, -2.72171, -2.44367, -1.93128, -2.40243, -2.53516, -2.76298, -2.69893, -2.83256, -2.91196, -3.11135, -3.05714, -3.09427, -2.34121, -2.18152
2.76, 0.0319376, -3.27958, -2.21832, -2.66282, -3.37527, -2.48362, -1.66638, -2.2084, -2.68191, -3.12061, -2.63223, -2.72941, -2.8572, -2.52975, -2.09125, -2.30925, -2.248, -2.51066, -2.85628, -2.21945, -2.62922, -2.45031, -2.8517, -2.86832, -2.98781, -2.84028, -3.0648, -3.22151, -3.16829, -2.81269, -2.23635
2.78, 0.0319376, -3.58806, -2.64336, -3.15578, -3.33195, -2.25323, -1.62661, -2.75755, -2.8405, -3.09092, -2.7409, -2.85433, -2.69162, -2.328, -2.31057, -2.44736, -2.25417, -3.0601, -2.76011, -2.0859, -2.41198, -2.1448, -2.37883, -2.59094, -3.11723, -3.18214, -3.2444, -3.34651, -3.32703, -2.12864, -1.719
2.8, 0.0319376, -3.74415, -3.23267, -3.47464, -2.9602, -2.91384, -2.67567, -3.18827, -3.18145, -3.06261, -3.40308, -2.76346, -2.89213, -2.64261, -2.50606, -2.75703, -2.32924, -2.82993, -3.23382, -2.35563, -2.52543, -2.72198, -3.06419, -3.08326, -3.09963, -3.38116, -3.27768, -3.27657, -3.15088, -2.56094, -1.93489
2.82, 0.0319376, -2.70241, -2.2696, -2.77774, -2.76074, -1.95422, -2.04445, -2.33058, -2.20091, -2.61096, -2.60053, -2.80748, -2.16418, -2.12058, -2.17608, -2.16425, -1.6815, -1.63019, -2.25547, -2.22954, -2.54301, -2.51544, -2.47207, -2.44722, -2.76367, -3.32701, -3.36013, -3.10398, -3.04096, -2.38453, -1.72364
2.84, 0.0319376, -2.58123, -1.68742, -2.46448, -2.29917, -2.14622, -1.35759, -1.58864, -2.06941, -2.34668, -2.56363, -2.05214, -1.73677, -2.2332, -1.67381, -2.05323, -1.05943, -1.6341, -1.49396, -1.46708, -1.64658, -1.72448, -2.20162, -2.14667, -2.46145, -2.47749, -2.54282, -2.31969, -2.60426, -1.92747, -1.36417
2.86, 0.0319376, -3.38909, -2.44093, -2.78445, -2.22076, -2.05208, -1.89799, -2.16437, -2.61762, -2.53021, -2.64172, -1.96015, -1.73043, -1.45838, -1.55871, -1.82046, -1.57069, -1.49024, -1.39987, -0.940454, -1.32761, -1.30371, -1.80746, -1.74567, -1.95299, -2.57262, -2.74267, -2.14886, -2.32035, -1.42508, -0.890285
2.88, 0.0319374, -2.54434, -2.81095, -2.59839, -2.02806, -1.94062, -2.20334, -1.76544, -2.3542, -2.08188, -2.69948, -2.72299, -2.20694, -1.42532, -1.58696, -1.8861, -1.56788, -1.99069, -1.49289, -1.66122, -1.65925, -1.47135, -1.33004, -2.01483, -2.25436, -2.76195, -2.727, -2.83154, -2.75033, -1.77143, -1.48095
2.9, 0.0319374, -3.01547, -3.01109, -2.68805, -2.92306, -1.69433, -1.44119, -2.05196, -2.23939, -2.66473, -2.75693, -2.79623, -2.39444, -2.34495, -1.96097, -1.97696, -1.75767, -1.92985, -1.44559, -1.13368, -1.9327, -1.97715, -2.08054, -2.61561, -2.56564, -2.80838, -3.20629, -3.18045, -2.92264, -1.86841, -1.29289
2.92, 0.0319374, -2.58495, -2.90234, -2.67408, -2.32645, -2.86826, -2.01302, -2.96032, -2.68999, -2.73743, -2.86455, -2.71811, -2.61616, -2.73357, -2.28383, -2.12184, -2.0033, -1.83099, -2.29049, -2.15833, -2.39912, -2.50451, -2.70153, -2.35101, -2.47537, -2.99869, -3.03843, -2.99878, -2.93331, -2.05429, -1.78824
2.94, 0.0319374, -3.3326, -2.99841, -2.96312, -3.19763, -3.18613, -2.62843, -3.19932, -2.72677, -3.16789, -3.2192, -2.74747, -2.94503, -2.75252, -2.44883, -2.13971, -2.25116, -2.44922, -2.61105, -2.1148, -2.31361, -2.88143, -2.5262, -2.6623, -2.71696, -2.99547, -2.94833, -3.1927, -3.11914, -2.61289, -2.28054
2.96, 0.0319374, -3.55464, -3.66162, -3.61055, -3.34473, -2.67284, -3.21118, -3.12503, -3.53296, -3.4485, -2.76334, -3.02482, -3.2846, -3.52788, -3.11383, -2.50941, -2.57891, -2.88592, -2.72547, -2.68312, -3.03596, -3.32107, -2.61889, -2.52623, -2.92001, -3.23149, -3.29604, -3.09935, -3.33724, -2.61183, -2.28129
2.98, 0.0319376, -3.28039, -3.07525, -3.00987, -3.40205, -3.05605, -2.85843, -3.83045, -3.7011, -3.88594, -3.28356, -3.64768, -3.90277, -3.36354, -2.92068, -3.05369, -2.80233, -2.96186, -2.89471, -2.82878, -2.94099, -3.2842, -2.96282, -3.09199, -3.16561, -3.41753, -3.32768, -3.26519, -3.17142, -2.95392, -2.71339
3, 0.0319376, -3.06821, -2.81439, -3.27716, -3.44639, -3.1774, -3.61103, -3.86836, -3.11884, -3.84364, -4.26728, -4.46011, -3.19118, -3.47048, -3.2678, -3.26977, -3.17294, -3.46505, -3.37307, -3.7326, -3.54031, -3.14412, -2.96471, -3.13685, -3.0838, -3.07856, -3.26949, -3.70507, -3.55688, -3.05276, -2.87694
3.02, 0.0319376, -3.16122, -3.38497, -4.42135, -3.71259, -3.92316, -4.46241, -3.44001, -3.65109, -3.57378, -3.46122, -3.62815, -3.47115, -2.75813, -3.2021, -2.82568, -3.36335, -3.19891, -3.56316, -3.92858, -3.74654, -3.48112, -3.34859, -3.10941, -3.5043, -3.55131, -3.33648, -3.44401, -3.33441, -3.0412, -3.3226
3.04, 0.0319376, -4.55917, -3.3918, -3.77813, -3.49875, -3.37536, -4.17029, -4.00026, -3.30127, -3.32265, -3.72017, -3.37939, -2.45933, -2.22508, -2.4339, -2.5512, -3.75271, -3.82668, -3.68153, -3.83798, -3.72224, -3.9956, -3.5378, -3.30651, -3.3592, -3.43966, -3.48936, -3.48734, -3.22624, -3.43854, -2.89631
3.06, 0.0319376, -3.63701, -3.44196, -3.91156, -4.08997, -3.7045, -5.00479, -4.04462, -4.08048, -4.22618, -3.52071, -3.58888, -3.22171, -2.96423, -2.90914, -3.17334, -4.14091, -3.73049, -4.05522, -3.62667, -3.7097, -3.63203, -3.98068, -3.51374, -3.2093, -3.35248, -3.46822, -3.38825, -3.23965, -3.13263, -3.25965
3.08, 0.0319376, -3.71439, -3.62666, -3.59902, -3.36995, -3.67936, -4.31688, -4.90512, -4.06297, -4.04062, -4.02234, -4.2369, -3.37271, -2.99776, -2.85587, -3.02637, -4.0273, -3.40565, -3.74841, -3.81724, -3.78369, -3.67131, -3.52294, -3.66458, -4.14601, -3.48206, -3.43377, -3.28763, -3.36522, -3.30299, -3.0989
3.1, 0.0319376, -4.59018, -4.07518, -4.3088, -4.27888, -3.99286, -4.36127, -4.02346, -3.91289, -3.71554, -4.12123, -4.43909, -3.19258, -2.94374, -2.66281, -2.73477, -3.86008, -3.97492, -3.95911, -3.98032, -3.8614, -3.86357, -3.50403, -3.64625, -3.46379, -3.47965, -3.30467, -3.59121, -3.42445, -3.36135, -3.29271
3.12, 0.0319376, -3.72023, -3.72697, -4.62266, -4.77895, -4.53919, -3.88125, -3.55477, -3.90019, -4.14329, -3.76692, -3.93725, -3.72898, -3.42045, -3.18158, -3.2317, -3.76379, -4.09713, -3.62305, -3.44985, -3.67355, -3.64011, -3.4885, -3.67089, -3.52045, -3.21412, -3.65339, -3.58668, -3.26239, -2.98495, -3.15838
3.14, 0.0319374, -4.23377, -4.01186, -4.08458, -4.51066, -4.06515, -3.49661, -3.30762, -4.18713, -4.14386, -4.03506, -4.35129, -3.77261, -3.61065, -3.4737, -3.80021, -3.61418, -3.51267, -3.67804, -3.99702, -3.94319, -3.58628, -3.46854, -3.75259, -3.7696, -3.67202, -3.31016, -3.41312, -3.4333, -3.13189, -2.99799
3.16, 0.0319374, -4.50692, -4.33907, -4.82616, -3.38948, -2.84434, -2.89438, -3.52002, -3.56695, -3.36607, -4.21124, -4.15834, -4.05252, -3.60272, -3.60755, -4.09019, -4.14195, -3.68441, -4.39285, -4.48683, -4.24874, -3.93532, -3.69989, -3.83279, -4.33386, -4.54007, -4.3484, -4.15417, -4.02512, -3.69494, -3.51602
3.18, 0.0319374, -7.48314, -8.37691, -8.72282, -8.21138, -7.65074, -7.85244, -7.2731, -7.46261, -7.6004, -6.8154, -6.66938, -7.19312, -7.59904, -7.11675, -6.86613, -7.14909, -7.18338, -7.43305, -7.30679, -6.93843, -6.49298, -6.14418, -6.40819, -6.14159, -6.0609, -6.06701, -6.07085, -6.36927, -5.67266, -5.60522
3.2, 0.0319374, -inf, -inf, -inf, -inf, -inf, -inf, -inf, -inf, -inf, -inf, -inf, -inf, -inf, -inf, -inf, -inf, -inf, -inf, -inf, -inf, -inf, -inf, -inf, -inf, -inf, -inf, -inf, -inf, -inf, -inf
3.22, 0.0319374, -inf, -inf, -inf, -inf, -inf, -inf, -inf, -inf, -inf, -inf, -inf, -inf, -inf, -inf, -inf, -inf, -inf, -inf, -inf, -inf, -inf, -inf, -inf, -inf, -inf, -inf, -inf, -inf, -inf, -inf
3.24, 0.0319376, -inf, -inf, -inf, -inf, -inf, -inf, -inf, -inf, -inf, -inf, -inf, -inf, -inf, -inf, -inf, -inf, -inf, -inf, -inf, -inf, -inf, -inf, -inf, -inf, -inf, -inf, -inf, -inf, -inf, -inf
3.26, 0.0319376, -inf, -inf, -inf, -inf, -inf, -inf, -inf, -inf, -inf, -inf, -inf, -inf, -inf, -inf, -inf, -inf, -inf, -inf, -inf, -inf, -inf, -inf, -inf, -inf, -inf, -inf, -inf, -inf, -inf, -inf
3.28, 0.0319376, -inf, -inf, -inf, -inf, -inf, -inf, -inf, -inf, -inf, -inf, -inf, -inf, -inf, -inf, -inf, -inf, -inf, -inf, -inf, -inf, -inf, -inf, -inf, -inf, -inf, -inf, -inf, -inf, -inf, -inf
3.3, 0.0319376, -inf, -inf, -inf, -inf, -inf, -inf, -inf, -inf, -inf, -inf, -inf, -inf, -inf, -inf, -inf, -inf, -inf, -inf, -inf, -inf, -inf, -inf, -inf, -inf, -inf, -inf, -inf, -inf, -inf, -inf
3.32, 0.0319376, -inf, -inf, -inf, -inf, -inf, -inf, -inf, -inf, -inf, -inf, -inf, -inf, -inf, -inf, -inf, -inf, -inf, -inf, -inf, -inf, -inf, -inf, -inf, -inf, -inf, -inf, -inf, -inf, -inf, -inf
3.34, 0.0319376, -inf, -inf, -inf, -inf, -inf, -inf, -inf, -inf, -inf, -inf, -inf, -inf, -inf, -inf, -inf, -inf, -inf, -inf, -inf, -inf, -inf, -inf, -inf, -inf, -inf, -inf, -inf, -inf, -inf, -inf
3.36, 0.0319376, -inf, -inf, -inf, -inf, -inf, -inf, -inf, -inf, -inf, -inf, -inf, -inf, -inf, -inf, -inf, -inf, -inf, -inf, -inf, -inf, -inf, -inf, -inf, -inf, -inf, -inf, -inf, -inf, -inf, -inf
3.38, 0.0319374, -inf, -inf, -inf, -inf, -inf, -inf, -inf, -inf, -inf, -inf, -inf, -inf, -inf, -inf, -inf, -inf, -inf, -inf, -inf, -inf, -inf, -inf, -inf, -inf, -inf, -inf, -inf, -inf, -inf, -inf
3.4, 0.0319374, -inf, -inf, -inf, -inf, -inf, -inf, -inf, -inf, -inf, -inf, -inf, -inf, -inf, -inf, -inf, -inf, -inf, -inf, -inf, -inf, -inf, -inf, -inf, -inf, -inf, -inf, -inf, -inf, -inf, -inf
3.42, 0.0319374, -inf, -inf, -inf, -inf, -inf, -inf, -inf, -inf, -inf, -inf, -inf, -inf, -inf, -inf, -inf, -inf, -inf, -inf, -inf, -inf, -inf, -inf, -inf, -inf, -inf, -inf, -inf, -inf, -inf, -inf
3.44, 0.0319374, -inf, -inf, -inf, -inf, -inf, -inf, -inf, -inf, -inf, -inf, -inf, -inf, -inf, -inf, -inf, -inf, -inf, -inf, -inf, -inf, -inf, -inf, -inf, -inf, -inf, -inf, -inf, -inf, -inf, -inf
3.46, 0.0319374, -inf, -inf, -inf, -inf, -inf, -inf, -inf, -inf, -inf, -inf, -inf, -inf, -inf, -inf, -inf, -inf, -inf, -inf, -inf, -inf, -inf, -inf, -inf, -inf, -inf, -inf, -inf, -inf, -inf, -inf
3.48, 0.0319376, -inf, -inf, -inf, -inf, -inf, -inf, -inf, -inf, -inf, -inf, -inf, -inf, -inf, -inf, -inf, -inf, -inf, -inf, -inf, -inf, -inf, -inf, -inf, -inf, -inf, -inf, -inf, -inf, -inf, -inf
3.5, 0.0319376, -inf, -inf, -inf, -inf, -inf, -inf, -inf, -inf, -inf, -inf, -inf, -inf, -inf, -inf, -inf, -inf, -inf, -inf, -inf, -inf, -inf, -inf, -inf, -inf, -inf, -inf, -inf, -inf, -inf, -inf
3.52, 0.0319376, -inf, -inf, -inf, -inf, -inf, -inf, -inf, -inf, -inf, -inf, -inf, -inf, -inf, -inf, -inf, -inf, -inf, -inf, -inf, -inf, -inf, -inf, -inf, -inf, -inf, -inf, -inf, -inf, -inf, -inf
3.54, 0.0319376, -inf, -inf, -inf, -inf, -inf, -inf, -inf, -inf, -inf, -inf, -inf, -inf, -inf, -inf, -inf, -inf, -inf, -inf, -inf, -inf, -inf, -inf, -inf, -inf, -inf, -inf, -inf, -inf, -inf, -inf
3.56, 0.0319376, -inf, -inf, -inf, -inf, -inf, -inf, -inf, -inf, -inf, -inf, -inf, -inf, -inf, -inf, -inf, -inf, -inf, -inf, -inf, -inf, -inf, -inf, -inf, -inf, -inf, -inf, -inf, -inf, -inf, -inf
3.58, 0.0319376, -inf, -inf, -inf, -inf, -inf, -inf, -inf, -inf, -inf, -inf, -inf, -inf, -inf, -inf, -inf, -inf, -inf, -inf, -inf, -inf, -inf, -inf, -inf, -inf, -inf, -inf, -inf, -inf, -inf, -inf
3.6, 0.0319376, -inf, -inf, -inf, -inf, -inf, -inf, -inf, -inf, -inf, -inf, -inf, -inf, -inf, -inf, -inf, -inf, -inf, -inf, -inf, -inf, -inf, -inf, -inf, -inf, -inf, -inf, -inf, -inf, -inf, -inf
3.62, 0.0319376, -inf, -inf, -inf, -inf, -inf, -inf, -inf, -inf, -inf, -inf, -inf, -inf, -inf, -inf, -inf, -inf, -inf, -inf, -inf, -inf, -inf, -inf, -inf, -inf, -inf, -inf, -inf, -inf, -inf, -inf
3.64, 0.0319374, -inf, -inf, -inf, -inf, -inf, -inf, -inf, -inf, -inf, -inf, -inf, -inf, -inf, -inf, -inf, -inf, -inf, -inf, -inf, -inf, -inf, -inf, -inf, -inf, -inf, -inf, -inf, -inf, -inf, -inf
3.66, 0.0319374, -inf, -inf, -inf, -inf, -inf, -inf, -inf, -inf, -inf, -inf, -inf, -inf, -inf, -inf, -inf, -inf, -inf, -inf, -inf, -inf, -inf, -inf, -inf, -inf, -inf, -inf, -inf, -inf, -inf, -inf
3.68, 0.0319374, -inf, -inf, -inf, -inf, -inf, -inf, -inf, -inf, -inf, -inf, -inf, -inf, -inf, -inf, -inf, -inf, -inf, -inf, -inf, -inf, -inf, -inf, -inf, -inf, -inf, -inf, -inf, -inf, -inf, -inf
3.7, 0.0319374, -inf, -inf, -inf, -inf, -inf, -inf, -inf, -inf, -inf, -inf, -inf, -inf, -inf, -inf, -inf, -inf, -inf, -inf, -inf, -inf, -inf, -inf, -inf, -inf, -inf, -inf, -inf, -inf, -inf, -inf
3.72, 0.0319374, -inf, -inf, -inf, -inf, -inf, -inf, -inf, -inf, -inf, -inf, -inf, -inf, -inf, -inf, -inf, -inf, -inf, -inf, -inf, -inf, -inf, -inf, -inf, -inf, -inf, -inf, -inf, -inf, -inf, -inf
3.74, 0.0319376, -inf, -inf, -inf, -inf, -inf, -inf, -inf, -inf, -inf, -inf, -inf, -inf, -inf, -inf, -inf, -inf, -inf, -inf, -inf, -inf, -inf, -inf, -inf, -inf, -inf, -inf, -inf, -inf, -inf, -inf
3.76, 0.0319376, -inf, -inf, -inf, -inf, -inf, -inf, -inf, -inf, -inf, -inf, -inf, -inf, -inf, -inf, -inf, -inf, -inf, -inf, -inf, -inf, -inf, -inf, -inf, -inf, -inf, -inf, -inf, -inf, -inf, -inf
3.78, 0.0319376, -inf, -inf, -inf, -inf, -inf, -inf, -inf, -inf, -inf, -inf, -inf, -inf, -inf, -inf, -inf, -inf, -inf, -inf, -inf, -inf, -inf, -inf, -inf, -inf, -inf, -inf, -inf, -inf, -inf, -inf
3.8, 0.0319376, -inf, -inf, -inf, -inf, -inf, -inf, -inf, -inf, -inf, -inf, -inf, -inf, -inf, -inf, -inf, -inf, -inf, -inf, -inf, -inf, -inf, -inf, -inf, -inf, -inf, -inf, -inf, -inf, -inf, -inf
3.82, 0.0319376, -inf, -inf, -inf, -inf, -inf, -inf, -inf, -inf, -inf, -inf, -inf, -inf, -inf, -inf, -inf, -inf, -inf, -inf, -inf, -inf, -inf, -inf, -inf, -inf, -inf, -inf, -inf, -inf, -inf, -inf
3.84, 0.0319376, -inf, -inf, -inf, -inf, -inf, -inf, -inf, -inf, -inf, -inf, -inf, -inf, -inf, -inf, -inf, -inf, -inf, -inf, -inf, -inf, -inf, -inf, -inf, -inf, -inf, -inf, -inf, -inf, -inf, -inf
3.86, 0.0319376, -inf, -inf, -inf, -inf, -inf, -inf, -inf, -inf, -inf, -inf, -inf, -inf, -inf, -inf, -inf, -inf, -inf, -inf, -inf, -inf, -inf, -inf, -inf, -inf, -inf, -inf, -inf, -inf, -inf, -inf
3.88, 0.0319374, -inf, -inf, -inf, -inf, -inf, -inf, -inf, -inf, -inf, -inf, -inf, -inf, -inf, -inf, -inf, -inf, -inf, -inf, -inf, -inf, -inf, -inf, -inf, -inf, -inf, -inf, -inf, -inf, -inf, -inf
3.9, 0.0319374, -inf, -inf, -inf, -inf, -inf, -inf, -inf, -inf, -inf, -inf, -inf, -inf, -inf, -inf, -inf, -inf, -inf, -inf, -inf, -inf, -inf, -inf, -inf, -inf, -inf, -inf, -inf, -inf, -inf, -inf
3.92, 0.0319374, -inf, -inf, -inf, -inf, -inf, -inf, -inf, -inf, -inf, -inf, -inf, -inf, -inf, -inf, -inf, -inf, -inf, -inf, -inf, -inf, -inf, -inf, -inf, -inf, -inf, -inf, -inf, -inf, -inf, -inf
3.94, 0.0319374, -inf, -inf, -inf, -inf, -inf, -inf, -inf, -inf, -inf, -inf, -inf, -inf, -inf, -inf, -inf, -inf, -inf, -inf, -inf, -inf, -inf, -inf, -inf, -inf, -inf, -inf, -inf, -inf, -inf, -inf
3.96, 0.0319374, -inf, -inf, -inf, -inf, -inf, -inf, -inf, -inf, -inf, -inf, -inf, -inf, -inf, -inf, -inf, -inf, -inf, -inf, -inf, -inf, -inf, -inf, -inf, -inf, -inf, -inf, -inf, -inf, -inf, -inf
3.98, 0.0319376, -inf, -inf, -inf, -inf, -inf, -inf, -inf, -inf, -inf, -inf, -inf, -inf, -inf, -inf, -inf, -inf, -inf, -inf, -inf, -inf, -inf, -inf, -inf, -inf, -inf, -inf, -inf, -inf, -inf, -inf
4, 0.0319376, -inf, -inf, -inf, -inf, -inf, -inf, -inf, -inf, -inf, -inf, -inf, -inf, -inf, -inf, -inf, -inf, -inf, -inf, -inf, -inf, -inf, -inf, -inf, -inf, -inf, -inf, -inf, -inf, -inf, -inf
4.02, 0.0319376, -inf, -inf, -inf, -inf, -inf, -inf, -inf, -inf, -inf, -inf, -inf, -inf, -inf, -inf, -inf, -inf, -inf, -inf, -inf, -inf, -inf, -inf, -inf, -inf, -inf, -inf, -inf, -inf, -inf, -inf
4.04, 0.0319376, -inf, -inf, -inf, -inf, -inf, -inf, -inf, -inf, -inf, -inf, -inf, -inf, -inf, -inf, -inf, -inf, -inf, -inf, -inf, -inf, -inf, -inf, -inf, -inf, -inf, -inf, -inf, -inf, -inf, -inf
4.06, 0.0319376, -inf, -inf, -inf, -inf, -inf, -inf, -inf, -inf, -inf, -inf, -inf, -inf, -inf, -inf, -inf, -inf, -inf, -inf, -inf, -inf, -inf, -inf, -inf, -inf, -inf, -inf, -inf, -inf, -inf, -inf
4.08, 0.0319376, -inf, -inf, -inf, -inf, -inf, -inf, -inf, -inf, -inf, -inf, -inf, -inf, -inf, -inf, -inf, -inf, -inf, -inf, -inf, -inf, -inf, -inf, -inf, -inf, -inf, -inf, -inf, -inf, -inf, -inf
4.1, 0.0319376, -inf, -inf, -inf, -inf, -inf, -inf, -inf, -inf, -inf, -inf, -inf, -inf, -inf, -inf, -inf, -inf, -inf, -inf, -inf, -inf, -inf, -inf, -inf, -inf, -inf, -inf, -inf, -inf, -inf, -inf
4.12, 0.0319376, -inf, -inf, -inf, -inf, -inf, -inf, -inf, -inf, -inf, -inf, -inf, -inf, -inf, -inf, -inf, -inf, -inf, -inf, -inf, -inf, -inf, -inf, -inf, -inf, -inf, -inf, -inf, -inf, -inf, -inf
4.14, 0.0319376, -inf, -inf, -inf, -inf, -inf, -inf, -inf, -inf, -inf, -inf, -inf, -inf, -inf, -inf, -inf, -inf, -inf, -inf, -inf, -inf, -inf, -inf, -inf, -inf, -inf, -inf, -inf, -inf, -inf, -inf
4.16, 0.0319376, -inf, -inf, -inf, -inf, -inf, -inf, -inf, -inf, -inf, -inf, -inf, -inf, -inf, -inf, -inf, -inf, -inf, -inf, -inf, -inf, -inf, -inf, -inf, -inf, -inf, -inf, -inf, -inf, -inf, -inf
4.18, 0.0319376, -inf, -inf, -inf, -inf, -inf, -inf, -inf, -inf, -inf, -inf, -inf, -inf, -inf, -inf, -inf, -inf, -inf, -inf, -inf, -inf, -inf, -inf, -inf, -inf, -inf, -inf, -inf, -inf, -inf, -inf
4.2, 0.0319376, -inf, -inf, -inf, -inf, -inf, -inf, -inf, -inf, -inf, -inf, -inf, -inf, -inf, -inf, -inf, -inf, -inf, -inf, -inf, -inf, -inf, -inf, -inf, -inf, -inf, -inf, -inf, -inf, -inf, -inf
4.22, 0.0319376, -inf, -inf, -inf, -inf, -inf, -inf, -inf, -inf, -inf, -inf, -inf, -inf, -inf, -inf, -inf, -inf, -inf, -inf, -inf, -inf, -inf, -inf, -inf, -inf, -inf, -inf, -inf, -inf, -inf, -inf
4.24, 0.0319376, -inf, -inf, -inf, -inf, -inf, -inf, -inf, -inf, -inf, -inf, -inf, -inf, -inf, -inf, -inf, -inf, -inf, -inf, -inf, -inf, -inf, -inf, -inf, -inf, -inf, -inf, -inf, -inf, -inf, -inf
4.26, 0.0319371, -inf, -inf, -inf, -inf, -inf, -inf, -inf, -inf, -inf, -inf, -inf, -inf, -inf, -inf, -inf, -inf, -inf, -inf, -inf, -inf, -inf, -inf, -inf, -inf, -inf, -inf, -inf, -inf, -inf, -inf
4.28, 0.0319371, -inf, -inf, -inf, -inf, -inf, -inf, -inf, -inf, -inf, -inf, -inf, -inf, -inf, -inf, -inf, -inf, -inf, -inf, -inf, -inf, -inf, -inf, -inf, -inf, -inf, -inf, -inf, -inf, -inf, -inf
4.3, 0.0319371, -inf, -inf, -inf, -inf, -inf, -inf, -inf, -inf, -inf, -inf, -inf, -inf, -inf, -inf, -inf, -inf, -inf, -inf, -inf, -inf, -inf, -inf, -inf, -inf, -inf, -inf, -inf, -inf, -inf, -inf
4.32, 0.0319371, -inf, -inf, -inf, -inf, -inf, -inf, -inf, -inf, -inf, -inf, -inf, -inf, -inf, -inf, -inf, -inf, -inf, -inf, -inf, -inf, -inf, -inf, -inf, -inf, -inf, -inf, -inf, -inf, -inf, -inf
4.34, 0.0319371, -inf, -inf, -inf, -inf, -inf, -inf, -inf, -inf, -inf, -inf, -inf, -inf, -inf, -inf, -inf, -inf, -inf, -inf, -inf, -inf, -inf, -inf, -inf, -inf, -inf, -inf, -inf, -inf, -inf, -inf
4.36, 0.0319376, -inf, -inf, -inf, -inf, -inf, -inf, -inf, -inf, -inf, -inf, -inf, -inf, -inf, -inf, -inf, -inf, -inf, -inf, -inf, -inf, -inf, -inf, -inf, -inf, -inf, -inf, -inf, -inf, -inf, -inf
4.38, 0.0319376, -inf, -inf, -inf, -inf, -inf, -inf, -inf, -inf, -inf, -inf, -inf, -inf, -inf, -inf, -inf, -inf, -inf, -inf, -inf, -inf, -inf, -inf, -inf, -inf, -inf, -inf, -inf, -inf, -inf, -inf
4.4, 0.0319376, -inf, -inf, -inf, -inf, -inf, -inf, -inf, -inf, -inf, -inf, -inf, -inf, -inf, -inf, -inf, -inf, -inf, -inf, -inf, -inf, -inf, -inf, -inf, -inf, -inf, -inf, -inf, -inf, -inf, -inf
4.42, 0.0319376, -inf, -inf, -inf, -inf, -inf, -inf, -inf, -inf, -inf, -inf, -inf, -inf, -inf, -inf, -inf, -inf, -inf, -inf, -inf, -inf, -inf, -inf, -inf, -inf, -inf, -inf, -inf, -inf, -inf, -inf
4.44, 0.0319376, -inf, -inf, -inf, -inf, -inf, -inf, -inf, -inf, -inf, -inf, -inf, -inf, -inf, -inf, -inf, -inf, -inf, -inf, -inf, -inf, -inf, -inf, -inf, -inf, -inf, -inf, -inf, -inf, -inf, -inf
4.46, 0.0319376, -inf, -inf, -inf, -inf, -inf, -inf, -inf, -inf, -inf, -inf, -inf, -inf, -inf, -inf, -inf, -inf, -inf, -inf, -inf, -inf, -inf, -inf, -inf, -inf, -inf, -inf, -inf, -inf, -inf, -inf
4.48, 0.0319376, -inf, -inf, -inf, -inf, -inf, -inf, -inf, -inf, -inf, -inf, -inf, -inf, -inf, -inf, -inf, -inf, -inf, -inf, -inf, -inf, -inf, -inf, -inf, -inf, -inf, -inf, -inf, -inf, -inf, -inf
4.5, 0.0319376, -inf, -inf, -inf, -inf, -inf, -inf, -inf, -inf, -inf, -inf, -inf, -inf, -inf, -inf, -inf, -inf, -inf, -inf, -inf, -inf, -inf, -inf, -inf, -inf, -inf, -inf, -inf, -inf, -inf, -inf
4.52, 0.0319376, -inf, -inf, -inf, -inf, -inf, -inf, -inf, -inf, -inf, -inf, -inf, -inf, -inf, -inf, -inf, -inf, -inf, -inf, -inf, -inf, -inf, -inf, -inf, -inf, -inf, -inf, -inf, -inf, -inf, -inf
4.54, 0.0319376, -inf, -inf, -inf, -inf, -inf, -inf, -inf, -inf, -inf, -inf, -inf, -inf, -inf, -inf, -inf, -inf, -inf, -inf, -inf, -inf, -inf, -inf, -inf, -inf, -inf, -inf, -inf, -inf, -inf, -inf
4.56, 0.0319376, -inf, -inf, -inf, -inf, -inf, -inf, -inf, -inf, -inf, -inf, -inf, -inf, -inf, -inf, -inf, -inf, -inf, -inf, -inf, -inf, -inf, -inf, -inf, -inf, -inf, -inf, -inf, -inf, -inf, -inf
4.58, 0.0319376, -inf, -inf, -inf, -inf, -inf, -inf, -inf, -inf, -inf, -inf, -inf, -inf, -inf, -inf, -inf, -inf, -inf, -inf, -inf, -inf, -inf, -inf, -inf, -inf, -inf, -inf, -inf, -inf, -inf, -inf
4.6, 0.0319376, -inf, -inf, -inf, -inf, -inf, -inf, -inf, -inf, -inf, -inf, -inf, -inf, -inf, -inf, -inf, -inf, -inf, -inf, -inf, -inf, -inf, -inf, -inf, -inf, -inf, -inf, -inf, -inf, -inf, -inf
4.62, 0.0319376, -inf, -inf, -inf, -inf, -inf, -inf, -inf, -inf, -inf, -inf, -inf, -inf, -inf, -inf, -inf, -inf, -inf, -inf, -inf, -inf, -inf, -inf, -inf, -inf, -inf, -inf, -inf, -inf, -inf, -inf
4.64, 0.0319376, -inf, -inf, -inf, -inf, -inf, -inf, -inf, -inf, -inf, -inf, -inf, -inf, -inf, -inf, -inf, -inf, -inf, -inf, -inf, -inf, -inf, -inf, -inf, -inf, -inf, -inf, -inf, -inf, -inf, -inf
4.66, 0.0319376, -inf, -inf, -inf, -inf, -inf, -inf, -inf, -inf, -inf, -inf, -inf, -inf, -inf, -inf, -inf, -inf, -inf, -inf, -inf, -inf, -inf, -inf, -inf, -inf, -inf, -inf, -inf, -inf, -inf, -inf
4.68, 0.0319376, -inf, -inf, -inf, -inf, -inf, -inf, -inf, -inf, -inf, -inf, -inf, -inf, -inf, -inf, -inf, -inf, -inf, -inf, -inf, -inf, -inf, -inf, -inf, -inf, -inf, -inf, -inf, -inf, -inf, -inf
4.7, 0.0319376, -inf, -inf, -inf, -inf, -inf, -inf, -inf, -inf, -inf, -inf, -inf, -inf, -inf, -inf, -inf, -inf, -inf, -inf, -inf, -inf, -inf, -inf, -inf, -inf, -inf, -inf, -inf, -inf, -inf, -inf
4.72, 0.0319376, -inf, -inf, -inf, -inf, -inf, -inf, -inf, -inf, -inf, -inf, -inf, -inf, -inf, -inf, -inf, -inf, -inf, -inf, -inf, -inf, -inf, -inf, -inf, -inf, -inf, -inf, -inf, -inf, -inf, -inf
4.74, 0.0319376, -inf, -inf, -inf, -inf, -inf, -inf, -inf, -inf, -inf, -inf, -inf, -inf, -inf, -inf, -inf, -inf, -inf, -inf, -inf, -inf, -inf, -inf, -inf, -inf, -inf, -inf, -inf, -inf, -inf, -inf
4.76, 0.0319371, -inf, -inf, -inf, -inf, -inf, -inf, -inf, -inf, -inf, -inf, -inf, -inf, -inf, -inf, -inf, -inf, -inf, -inf, -inf, -inf, -inf, -inf, -inf, -inf, -inf, -inf, -inf, -inf, -inf, -inf
4.78, 0.0319371, -inf, -inf, -inf, -inf, -inf, -inf, -inf, -inf, -inf, -inf, -inf, -inf, -inf, -inf, -inf, -inf, -inf, -inf, -inf, -inf, -inf, -inf, -inf, -inf, -inf, -inf, -inf, -inf, -inf, -inf
4.8, 0.0319371, -inf, -inf, -inf, -inf, -inf, -inf, -inf, -inf, -inf, -inf, -inf, -inf, -inf, -inf, -inf, -inf, -inf, -inf, -inf, -inf, -inf, -inf, -inf, -inf, -inf, -inf, -inf, -inf, -inf, -inf
4.82, 0.0319371, -inf, -inf, -inf, -inf, -inf, -inf, -inf, -inf, -inf, -inf, -inf, -inf, -inf, -inf, -inf, -inf, -inf, -inf, -inf, -inf, -inf, -inf, -inf, -inf, -inf, -inf, -inf, -inf, -inf, -inf
4.84, 0.0319371, -inf, -inf, -inf, -inf, -inf, -inf, -inf, -inf, -inf, -inf, -inf, -inf, -inf, -inf, -inf, -inf, -inf, -inf, -inf, -inf, -inf, -inf, -inf, -inf, -inf, -inf, -inf, -inf, -inf, -inf
4.86, 0.0319376, -inf, -inf, -inf, -inf, -inf, -inf, -inf, -inf, -inf, -inf, -inf, -inf, -inf, -inf, -inf, -inf, -inf, -inf, -inf, -inf, -inf, -inf, -inf, -inf, -inf, -inf, -inf, -inf, -inf, -inf
4.88, 0.0319376, -inf, -inf, -inf, -inf, -inf, -inf, -inf, -inf, -inf, -inf, -inf, -inf, -inf, -inf, -inf, -inf, -inf, -inf, -inf, -inf, -inf, -inf, -inf, -inf, -inf, -inf, -inf, -inf, -inf, -inf
4.9, 0.0319376, -inf, -inf, -inf, -inf, -inf, -inf, -inf, -inf, -inf, -inf, -inf, -inf, -inf, -inf, -inf, -inf, -inf, -inf, -inf, -inf, -inf, -inf, -inf, -inf, -inf, -inf, -inf, -inf, -inf, -inf
4.92, 0.0319376, -inf, -inf, -inf, -inf, -inf, -inf, -inf, -inf, -inf, -inf, -inf, -inf, -inf, -inf, -inf, -inf, -inf, -inf, -inf, -inf, -inf, -inf, -inf, -inf, -inf, -inf, -inf, -inf, -inf, -inf
4.94, 0.0319376, -inf, -inf, -inf, -inf, -inf, -inf, -inf, -inf, -inf, -inf, -inf, -inf, -inf, -inf, -inf, -inf, -inf, -inf, -inf, -inf, -inf, -inf, -inf, -inf, -inf, -inf, -inf, -inf, -inf, -inf
4.96, 0.0319376, -inf, -inf, -inf, -inf, -inf, -inf, -inf, -inf, -inf, -inf, -inf, -inf, -inf, -inf, -inf, -inf, -inf, -inf, -inf, -inf, -inf, -inf, -inf, -inf, -inf, -inf, -inf, -inf, -inf, -inf
