# Time (seconds), Duration (seconds), f0, f1, f2, f3, f4, f5, f6, f7, f8, f9, f10, f11, f12, f13, f14, f15, f16, f17, f18, f19, f20, f21, f22, f23, f24, f25, f26, f27, f28, f29
0, 0.0319375, 1.97882, 1.92464, 1.82326, 2.6415, 2.43461, 2.83943, 2.20912, 1.68845, 1.21406, 1.08462, 1.35957, 0.85957, 1.18161, 1.25668, 0.426722, 0.334952, 0.497299, 0.651154, 0.53279, 0.664809, 0.6761, 0.838707, 1.23319, 1.18583, 0.84255, 0.788581, 0.710313, 1.15395, 0.933329, 0.549652
0.02, 0.0319375, 1.90847, 1.97713, 1.67775, 1.87205, 2.04027, 2.08353, 2.5354, 1.99706, 1.47439, 2.1143, 1.95274, 1.4751, 1.48856, 1.31423, 0.789638, 1.05754, 0.672024, 0.976516, 0.971166, 0.853339, 0.959184, 0.936417, 1.10445, 0.945521, 1.00628, 0.749024, 0.844486, 0.761959, 0.664516, 1.06856
0.04, 0.0319375, 1.24451, 1.7107, 2.19266, 2.00264, 2.51679, 2.40784, 1.99293, 2.10675, 1.42953, 1.77878, 1.67709, 1.37273, 1.02745, 1.26924, 0.811196, 0.657411, 1.18004, 0.795355, 0.866107, 0.679904, 0.80386, 0.959894, 1.12169, 1.26222, 0.934644, 0.75803, 0.80049, 0.968042, 0.932258, 0.697046
0.06, 0.0319375, 1.78928, 2.0555, 1.67733, 1.44476, 2.06234, 1.8367, 1.73933, 2.07686, 2.09127, 1.72722, 1.34208, 0.888544, 1.21965, 0.964194, 0.842161, 0.805116, 0.76271, 0.63836, 0.911896, 0.765054, 1.01084, 0.859631, 0.911377, 1.06454, 1.00814, 0.994731, 0.676695, 0.55079, 0.957076, 0.903767
0.08, 0.0319375, 1.16508, 1.97579, 2.44915, 2.2372, 2.53528, 2.29821, 2.31296, 1.83678, 1.27733, 1.11228, 1.04203, 0.614257, 1.06854, 0.686731, 1.04291, 0.849078, 0.587829, 0.666032, 0.460863, 0.284072, 0.828835, 1.09928, 1.37333, 0.998627, 0.806789, 0.563953, 0.684741, 0.777798, 0.92621, 0.7713
0.1, 0.0319375, 1.20107, 2.37218, 2.18228, 2.30562, 2.24643, 1.53467, 1.69727, 1.96465, 1.92407, 1.95765, 1.45496, 1.2094, 1.51266, 1.36236, 0.334275, 0.84108, 0.741196, 0.624209, 0.352831, 0.826258, 0.967578, 0.73651, 1.1425, 1.19695, 1.14851, 0.803769, 0.550323, 0.75628, 0.944039, 0.887369
0.12, 0.0319375, 1.92886, 1.58244, 2.02598, 2.0408, 1.86054, 2.19976, 1.39616, 1.88302, 1.6972, 1.76883, 1.12854, 1.42827, 1.44051, 1.57366, 1.40547, 0.470155, 0.489548, 0.672212, 1.12116, 0.646331, 0.602279, 0.747009, 1.13886, 0.910204, 0.934088, 0.741082, 0.727432, 0.728909, 0.741105, 0.709232
0.14, 0.0319375, 2.28122, 1.87883, 1.41888, 1.58541, 1.96444, 1.99722, 2.73871, 2.39531, 1.71071, 1.76143, 1.37311, 1.28586, 0.858175, 0.683979, 0.59785, 0.757956, 0.807384, 0.73709, 0.817871, 0.827298, 0.768033, 0.75823, 1.0747, 1.23633, 0.945265, 0.775068, 1.10915, 1.02321, 0.886917, 0.853327
0.16, 0.0319375, 1.40563, 1.01475, 2.04687, 1.74562, 2.0874, 2.40548, 2.4848, 2.56346, 1.92465, 1.55144, 0.787089, 0.947496, 1.193, 1.24843, 0.711621, 0.417452, 0.963449, 0.933012, 1.03131, 0.825714, 1.24515, 0.92684, 1.30658, 1.1224, 1.23434, 0.822666, 0.817285, 1.12303, 0.976375, 0.473432
0.18, 0.0319375, 1.91745, 1.85353, 2.12515, 2.07783, 2.41662, 2.70264, 1.75581, 2.06414, 2.22252, 0.870006, 1.51543, 1.40928, 1.01457, 1.53741, 1.11967, 0.552321, 0.729372, 0.666929, 1.11939, 0.821855, 0.679124, 0.651748, 0.675617, 0.585253, 0.795951, 0.899886, 0.925795, 0.845271, 0.967604, 0.60731
0.2, 0.0319375, 1.46963, 2.21071, 1.98938, 2.30944, 2.15617, 2.3369, 2.37076, 2.06672, 1.71617, 1.5605, 1.38784, 0.637802, 1.00898, 1.08276, 0.832268, 1.23931, 0.986837, 0.73762, 0.690243, 0.620815, 0.781362, 0.931947, 0.561046, 1.09647, 0.853395, 0.80359, 0.752847, 0.716656, 0.746449, 0.962169
0.22, 0.0319375, 1.58078, 2.14952, 1.72028, 2.41888, 2.22586, 2.70781, 1.92993, 2.00623, 1.96788, 1.88363, 1.63857, 1.66588, 1.57674, 1.31034, 0.561013, 0.856878, 1.16768, 1.28578, 1.04233, 0.909036, 0.842582, 0.91873, 0.890072, 1.01447, 0.870992, 0.953479, 0.802936, 1.0369, 0.838766, 0.777461
0.24, 0.0319375, 2.36108, 2.15403, 1.4648, 2.06589, 2.18528, 2.32549, 1.31582, 1.20191, 1.84809, 1.81967, 2.11251, 1.78232, 1.4325, 1.22, 1.37235, 1.1986, 1.23365, 0.787381, 0.751752, 0.566683, 0.493187, 0.995153, 0.790999, 0.805311, 1.00159, 0.751679, 0.764468, 0.819824, 0.591352, 0.711487
0.26, 0.0319375, 2.17742, 2.18421, 2.37382, 2.23882, 2.58293, 2.04608, 1.38861, 1.33954, 1.50437, 1.06464, 1.67656, 1.93889, 1.43854, 1.2759, 1.11932, 0.487861, 0.550978, 0.0766077, 0.429717, 0.761785, 0.60182, 0.941391, 0.841355, 0.892841, 0.513811, 0.323442, 0.616357, 0.403919, 0.812345, 0.95064
0.28, 0.0319375, 1.61107, 2.52016, 1.75388, 2.32912, 2.83305, 2.82774, 1.52975, 1.42862, 1.53971, 0.962857, 1.58817, 1.13609, 0.581644, 1.31236, 1.05506, 0.547764, 0.646524, 1.06788, 0.507853, 0.583181, 0.811989, 0.80816, 0.948977, 0.887604, 1.15463, 1.124, 0.8551, 0.727746, 0.741207, 0.727051
0.3, 0.0319375, 0.879723, 1.90394, 1.52785, 2.37463, 2.53847, 2.1072, 2.29905, 1.79523, 1.78008, 1.75749, 1.88514, 1.57491, 1.26915, 0.847067, 1.40378, 1.0623, 0.799527, 0.897261, 1.08106, 0.657531, 0.688374, 0.625967, 0.755867, 0.960051, 0.875336, 1.03042, 0.860365, 0.64142, 0.679373, 0.619539
0.32, 0.0319375, 1.73195, 2.19044, 1.90289, 1.49259, 1.61567, 2.30689, 1.75061, 1.9176, 1.81854, 1.73358, 1.83531, 1.01363, 1.17388, 1.07027, 1.07401, 0.900067, 0.797119, 0.762605, 0.772836, 1.10619, 1.00401, 0.665508, 0.973444, 0.965259, 1.19834, 0.995484, 1.00997, 0.729862, 0.751948, 0.748312
0.34, 0.0319375, 1.47609, 1.60699, 1.73824, 2.20758, 2.28214, 1.9074, 1.92812, 2.40642, 2.19224, 2.03439, 1.35812, 1.41999, 1.47073, 1.22006, 0.53283, 1.16329, 0.81366, 0.824421, 0.698281, 0.77036, 0.723632, 0.669611, 1.09463, 1.11075, 1.10122, 0.837343, 0.947018, 0.755473, 0.437098, 0.688702
0.36, 0.0319375, 2.18479, 1.35522, 1.9877, 2.21393, 2.76961, 2.49359, 2.26464, 2.27866, 1.81095, 1.36872, 1.56645, 0.722052, 1.4314, 1.5472, 0.981716, 0.913448, 0.880646, 0.826556, 0.816303, 0.537718, 0.516683, 0.765945, 0.978245, 0.756174, 0.682882, 1.07736, 0.513383, 0.62125, 0.618735, 0.687533
0.38, 0.0319375, 1.80205, 1.34198, 1.95494, 2.05238, 2.37119, 2.51633, 2.24942, 2.00722, 1.8388, 1.81369, 1.67597, 1.37518, 1.0985, 0.884175, 0.717529, 1.11042, 0.767172, 0.803659, 0.839414, 0.563978, 0.581893, 0.763655, 0.970565, 0.944178, 1.46228, 1.01147, 0.972152, 0.830474, 0.407064, 0.661208
0.4, 0.0319375, 0.917967, 1.99367, 2.2593, 2.48498, 2.41606, 2.62895, 2.10681, 1.73078, 1.56068, 1.92854, 1.23986, 1.58851, 0.843501, 1.36406, 1.66168, 1.57563, 1.07494, 0.919245, 0.658186, 1.26055, 1.73009, 1.37044, 1.18023, 0.981383, 1.25013, 0.840311, 0.463191, 0.542024, 0.599836, 0.918169
0.42, 0.0319375, 1.14265, 2.07575, 2.37566, 1.94054, 2.1198, 2.51293, 2.88804, 1.70644, 1.37585, 1.45723, 1.28795, 1.26329, 1.54416, 0.926715, 0.996169, 1.15671, 0.958075, 1.11464, 0.746852, 0.42186, 0.984242, 1.18395, 1.33026, 1.0174, 0.899664, 1.10637, 0.887341, 0.663787, 0.659484, 0.653751
0.44, 0.0319375, 1.33004, 1.91714, 0.968177, 1.51359, 2.24606, 2.56826, 2.58565, 2.09412, 2.03213, 1.88436, 1.37793, 1.43348, 1.71708, 1.05619, 1.23115, 0.773633, 0.815225, 1.11147, 1.10166, 0.845717, 0.40458, 0.536642, 1.23551, 1.00173, 0.995556, 0.80062, 0.496235, 0.860666, 0.489125, 0.471345
0.46, 0.0319375, 2.0164, 1.60812, 1.78917, 1.81523, 2.22772, 1.96763, 2.06775, 1.60015, 1.87855, 1.56492, 1.09373, 1.13596, 0.970167, 1.01527, 0.97976, 0.977013, 0.868603, 0.548656, 0.657063, 0.214653, 0.600962, 0.983151, 1.03896, 1.04139, 0.942392, 1.00113, 0.760594, 0.628159, 0.751453, 0.66362
0.48, 0.0319375, 1.64674, 2.07976, 2.67524, 1.84126, 1.75412, 1.90084, 1.91269, 2.091, 1.60848, 1.48312, 1.3217, 1.47286, 0.667168, 1.3068, 1.07331, 0.194, 0.356569, 0.906864, 0.508748, 0.505132, 0.913807, 0.895932, 1.14551, 0.810107, 1.01996, 0.950007, 0.68912, 0.867022, 0.816543, 0.885727
0.5, 0.0319375, 2.68778, 1.57048, 1.46462, 2.03344, 2.24756, 1.96441, 2.07927, 2.26989, 1.30944, 1.12717, 1.30628, 1.67067, 1.5438, 0.657161, 1.07281, 0.97706, 0.609546, 0.70899, 0.38607, 0.563121, 0.742596, 0.912369, 1.09916, 1.23267, 1.09048, 0.876415, 0.736078, 0.786556, 0.645738, 0.593718
0.52, 0.0319375, 2.3098, 1.91571, 1.57608, 2.4124, 2.4641, 2.5703, 1.82582, 1.90318, 1.71189, 1.55072, 1.18406, 1.02377, 0.989832, 1.24454, 0.998638, 1.18588, 0.687869, 0.970494, 0.958845, 0.749249, 0.736873, 0.273267, 0.649644, 1.03171, 0.810675, 0.761443, 0.586049, 0.776418, 0.650475, 0.669319
0.54, 0.0319375, 1.72981, 2.23037, 1.99076, 1.80231, 1.92226, 1.92845, 2.4296, 1.59427, 1.68884, 2.01897, 1.63352, 1.45478, 1.32774, 1.33617, 0.909228, 0.993862, 0.67406, 0.698835, 1.12943, 1.06247, 0.852909, 1.08647, 1.08118, 0.517468, 0.618328, 0.97339, 0.727833, 0.838628, 1.05005, 0.869036
0.56, 0.0319375, 1.64628, 2.12079, 2.41561, 2.22152, 2.65368, 2.71118, 2.28553, 2.26481, 1.86899, 2.06755, 1.3932, 0.769742, 0.579825, 1.30165, 0.600676, 0.758129, 1.14072, 0.972132, 1.05744, 0.889445, 1.13684, 1.0276, 1.20141, 1.27042, 0.907239, 0.862366, 1.0149, 1.13827, 0.781675, 0.866218
0.58, 0.0319375, 1.63921, 1.97869, 2.49113, 2.71065, 2.56328, 1.79252, 2.4109, 2.15634, 2.29786, 1.79012, 1.79907, 1.23168, 1.2922, 1.18854, 0.627916, 0.410743, 0.968519, 1.11412, 0.845742, 0.640503, 0.371536, 0.345476, 0.866706, 0.913485, 0.919578, 0.780729, 0.83788, 0.870794, 0.888123, 0.536448
0.6, 0.0319375, 1.5383, 1.55457, 2.3741, 2.09912, 2.2921, 1.9045, 1.50119, 1.45785, 1.98953, 1.42801, 1.11605, 1.2069, 0.732443, 1.49374, 0.998459, 0.66161, 1.20519, 0.705328, 0.951905, 0.866531, 0.671223, 0.728141, 0.541756, 0.958283, 0.606335, 0.737915, 0.641735, 0.547485, 0.74778, 0.23564
0.62, 0.0319375, 1.17634, 2.3676, 2.42775, 2.3474, 2.4104, 2.43173, 2.09946, 1.87787, 1.71102, 1.41244, 1.29706, 1.49209, 1.26538, 0.656531, 0.911445, 1.02443, 0.505298, 0.752217, 0.633265, 0.508926, 0.853604, 1.1398, 1.09794, 1.02759, 0.962575, 1.12862, 0.808088, 0.881127, 0.497887, 0.464952
0.64, 0.0319375, 2.18078, 2.12957, 2.03756, 2.40947, 2.27886, 2.76866, 2.41607, 1.79154, 1.9024, 1.80719, 1.4087, 1.72845, 1.63886, 1.27944, 1.07461, 1.13736, 0.542592, 0.653683, 0.785218, 0.823364, 0.301521, 0.38543, 1.12397, 0.942288, 0.751056, 0.483219, 0.72476, 0.744563, 0.59749, 0.980955
0.66, 0.0319375, 1.85897, 2.34047, 1.56547, 2.27897, 2.68581, 2.75917, 1.98882, 2.15564, 1.74497, 1.59946, 1.14128, 1.61037, 1.4593, 1.21676, 1.32407, 1.20836, 1.28482, 0.868983, 0.984909, 0.95151, 0.952115, 1.0989, 1.15482, 0.862617, 0.931036, 0.719438, 0.970021, 0.922172, 0.629932, 0.757499
0.68, 0.0319375, 1.49715, 1.97143, 1.51088, 1.7376, 2.31915, 2.16317, 2.60739, 2.47854, 2.10251, 1.83436, 1.52776, 1.42358, 1.51006, 1.48188, 1.21918, 1.29001, 0.844525, 0.956763, 0.532376, 0.809546, 0.469699, 0.700738, 0.784492, 1.06069, 0.901429, 0.753187, 0.746141, 0.925984, 0.633235, 0.739725
0.7, 0.0319375, 2.11787, 1.70778, 1.81753, 1.5775, 2.57912, 2.59125, 2.36907, 1.4162, 1.8684, 1.68881, 1.21736, 1.89929, 1.66586, 1.55753, 0.857308, 0.892183, 0.519199, 0.867918, 0.953698, 0.768694, 0.671477, 0.801363, 0.771102, 1.11575, 1.11231, 0.710868, 0.839385, 0.832474, 0.800581, 0.720524
0.72, 0.0319375, 2.01764, 1.5548, 1.21409, 1.50343, 2.28465, 2.66954, 2.23935, 1.80013, 1.3587, 1.58466, 1.88212, 1.43259, 1.4932, 1.33706, 1.1539, 1.07036, 1.02304, 1.13019, 0.795174, 0.903303, 0.816213, 0.977274, 1.22598, 0.976638, 0.726546, 0.864002, 0.69546, 0.763248, 0.876693, 0.8099
0.74, 0.0319375, 2.4475, 2.29006, 1.70491, 2.64456, 2.4928, 1.41396, 2.09494, 2.07643, 1.98318, 1.3884, 1.43649, 1.5548, 1.40905, 1.34083, 1.36916, 0.934554, 1.43202, 0.90994, 0.503918, 0.839024, 0.580366, 0.712879, 0.797628, 0.393285, 0.701083, 1.05793, 0.720265, 0.764025, 0.484498, 0.599669
0.76, 0.0319375, 1.60796, 1.28674, 2.41521, 2.59668, 2.75053, 2.83452, 2.22484, 1.94645, 1.92177, 1.90233, 1.76599, 1.4298, 1.56927, 1.4266, 0.996824, 0.733173, 0.871326, 0.810103, 0.727318, 0.565152, 0.285271, 1.00298, 0.991808, 0.971403, 1.19855, 0.845294, 0.61603, 0.254301, 0.324883, 0.640052
0.78, 0.0319375, 1.45686, 1.09843, 1.47794, 2.61619, 2.46439, 2.12124, 1.93621, 1.70723, 1.86493, 1.28915, 1.68795, 1.46998, 1.19951, 1.17237, 0.760212, 1.29157, 0.975116, 0.745591, 0.698753, 0.996827, 0.800705, 0.510449, 0.718546, 1.17376, 0.893951, 0.832883, 0.787568, 0.696599, 0.891539, 0.972638
0.8, 0.0319375, 1.63791, 1.99505, 2.09956, 2.21464, 2.25323, 2.85666, 2.49045, 2.07915, 1.53342, 1.77414, 0.879333, 1.24427, 1.32517, 1.13374, 0.568603, 0.7099, 0.916961, 1.00676, 0.819835, 0.590362, 0.964704, 0.510277, 0.852075, 0.874032, 0.99372, 0.44897, 0.50054, 0.925776, 1.0538, 1.27415
0.82, 0.0319375, 2.01845, 2.31969, 2.10748, 1.81306, 2.27989, 2.83044, 1.80317, 1.97205, 1.89348, 1.82017, 1.43046, 1.2106, 1.38625, 0.887155, 0.816391, 0.929996, 0.665844, 0.785081, 0.693043, 0.623524, 0.851162, 0.700143, 0.855604, 0.915755, 0.715844, 0.751987, 0.808768, 0.752401, 0.725706, 0.687719
0.84, 0.0319375, 1.84275, 1.89419, 1.89024, 2.28672, 2.29502, 2.03598, 1.77611, 2.3341, 2.10505, 1.17746, 1.11943, 1.50966, 0.670398, 1.50198, 1.43902, 1.43682, 0.929808, 0.962064, 0.806105, 0.628349, 0.754681, 1.10434, 0.908542, 1.00991, 1.19262, 1.303, 0.965073, 0.670185, 0.721536, 0.80724
0.86, 0.0319375, 2.23238, 2.47036, 1.35093, 1.85507, 2.55696, 2.46777, 2.42234, 2.21745, 2.08605, 2.12617, 1.77834, 1.27669, 1.47229, 1.33542, 0.793068, 0.830478, 0.781474, 0.798463, 1.05355, 0.794483, 0.925712, 1.2042, 0.771767, 0.843299, 1.00054, 0.61657, 0.507025, 0.668508, 0.590719, 0.708305
0.88, 0.0319375, 1.56941, 2.26724, 2.02501, 2.25957, 2.40548, 2.24417, 1.99214, 2.45254, 2.18787, 2.31627, 1.60749, 1.25038, 1.38216, 1.12772, 1.00829, 1.1277, 0.997455, 0.651696, 1.08433, 0.768984, 0.731658, 0.850683, 1.24488, 1.23947, 0.865494, 1.1998, 0.752241, 0.623084, 0.8396, 0.925512
0.9, 0.0319375, 1.94771, 2.51587, 2.57637, 2.26993, 2.30904, 2.81892, 2.64344, 2.14706, 1.45366, 1.58002, 1.26484, 1.59131, 1.07756, 1.32672, 1.11014, 0.922434, 0.858027, 0.820957, 0.556105, 0.306255, 0.864906, 0.830318, 1.03775, 0.983179, 0.815388, 0.750452, 0.79035, 0.484564, 0.761976, 0.493542
0.92, 0.0319375, 1.85226, 2.36264, 1.74516, 2.71487, 2.50904, 2.1229, 2.27548, 1.6924, 2.39001, 1.7029, 1.2369, 1.33536, 1.32401, 0.849113, 0.424257, 0.586171, 0.785633, 0.872004, 0.77807, 0.896662, 0.789526, 0.562491, 0.56812, 0.861463, 1.10808, 0.975684, 0.798344, 0.879608, 0.624503, 0.489589
0.94, 0.0319375, 1.26392, 2.43148, 1.23295, 1.94873, 2.1321, 2.27118, 2.65573, 2.18825, 2.17539, 1.98139, 1.16859, 0.877537, 1.66287, 1.43215, 0.820018, 0.886987, 1.12524, 1.15901, 0.557298, 0.679283, 0.852427, 0.92867, 1.18587, 1.21869, 0.965419, 1.19563, 0.921405, 0.557309, 0.482202, 0.592698
0.96, 0.0319375, 1.60356, 1.91062, 1.56593, 1.77839, 2.1396, 1.83269, 1.67184, 2.01647, 1.82079, 1.16656, 1.47013, 1.75837, 1.23046, 1.12587, 0.966197, 1.03441, 1.16985, 0.864282, 0.61755, 1.1268, 0.84782, 0.749086, 1.12547, 1.21914, 1.06507, 0.91634, 0.587701, 0.90404, 0.728678, 0.775747
0.98, 0.0319375, 1.55292, 2.12383, 2.33663, 1.36544, 2.29809, 2.48207, 2.18801, 2.0324, 1.63674, 1.50413, 1.36412, 1.11215, 1.00784, 1.16495, 0.533603, 0.365453, 0.537939, 0.490408, 0.543139, 0.676688, 0.828249, 0.71975, 0.947246, 0.852635, 1.19683, 0.751961, 0.598113, 0.41592, 0.741177, 0.805966
1, 0.0319375, 1.66132, 2.26897, 1.88956, 1.73292, 2.23818, 3.06998, 2.60333, 1.76635, 1.7983, 1.26914, 1.04981, 0.729246, 1.32473, 0.836142, 0.637791, 1.09334, 0.898604, 0.82859, 0.769477, 0.941905, 0.509533, 0.630003, 1.21866, 1.1201, 0.950905, 0.675878, 0.414577, 0.801267, 0.931332, 0.944243
1.02, 0.0319375, 2.04997, 1.92268, 2.28716, 1.67309, 2.00568, 2.31464, 2.6217, 1.84656, 1.63798, 1.17627, 1.332, 1.86053, 1.59595, 1.29391, 0.978874, 1.10554, 0.839916, 0.929777, 0.988869, 0.639443, 0.824481, 0.882994, 1.11693, 1.0824, 0.672847, 0.962542, 1.16528, 0.880887, 0.681202, 0.497641
1.04, 0.0319375, 1.84371, 2.49629, 1.9431, 1.75717, 1.84604, 2.33276, 1.99124, 2.24751, 2.23631, 2.24931, 1.34642, 1.61742, 1.67665, 0.933768, 0.532865, 0.774636, 0.583074, 0.896878, 0.840295, 1.04363, 0.953233, 0.767129, 1.06642, 1.17695, 1.09673, 0.866754, 0.91801, 0.861731, 0.661824, 0.677209
1.06, 0.0319376, 2.11252, 2.3549, 1.86656, 1.70056, 2.46848, 2.11055, 2.01071, 1.86384, 1.78241, 1.65196, 1.71592, 1.11285, 1.3623, 1.60654, 1.32062, 0.643831, 0.761468, 0.778967, 0.847938, 0.596693, 0.805247, 0.933246, 0.682934, 0.86178, 0.91969, 0.670329, 0.968492, 0.639901, 0.71202, 0.76758
1.08, 0.0319375, 1.23112, 2.02655, 1.99957, 1.55564, 1.64318, 2.22386, 2.07497, 1.02781, 1.82133, 1.87608, 1.82986, 1.60458, 0.896987, 0.957956, 0.980086, 0.891168, 0.431844, 1.18463, 0.695091, 0.79532, 0.547433, 0.887235, 0.953977, 0.959612, 1.39628, 0.878115, 0.531659, 0.818718, 0.389807, 0.429671
1.1, 0.0319375, 1.67984, 2.14193, 2.1753, 2.41433, 2.33333, 2.40872, 2.4721, 2.03688, 1.73248, 1.71147, 1.39774, 1.49816, 0.96491, 1.37268, 1.41614, 1.29709, 0.968403, 1.03, 1.10932, 0.732358, 0.782464, 0.992405, 1.02052, 0.808702, 1.29378, 0.606049, 0.71241, 0.703201, 0.62889, 0.576224
1.12, 0.0319375, 1.73196, 0.889117, 1.69429, 2.48672, 1.55441, 1.85278, 1.64083, 1.49678, 1.66296, 1.8378, 1.46325, 1.34701, 1.3811, 1.30687, 0.57589, 0.653749, 0.781879, 1.0864, 1.17676, 1.19031, 0.614435, 0.990953, 1.13646, 1.09505, 1.09105, 1.07679, 0.655351, 0.902847, 0.881626, 0.761615
1.14, 0.0319375, 1.57564, 2.02458, 2.77, 2.56124, 2.71556, 2.56016, 1.99199, 2.09925, 1.45889, 1.93173, 1.67876, 1.75509, 1.43276, 1.09733, 0.643957, 0.927551, 0.903609, 1.136, 0.871773, 1.49803, 0.976384, 0.872037, 1.54162, 1.1549, 1.22983, 1.13847, 1.08119, 0.965572, 0.480514, 0.899812
1.16, 0.0319375, 0.889471, 1.86865, 2.12493, 2.46234, 2.75026, 2.72362, 2.26345, 1.76048, 1.34477, 1.7435, 1.4586, 1.80351, 1.06919, 0.901461, 1.16095, 0.946517, 1.12214, 1.13342, 0.816982, 0.812917, 1.13703, 1.1962, 1.75335, 1.57616, 0.730124, 1.11874, 0.869814, 0.995289, 0.465363, 0.96239
1.18, 0.0319376, 1.42505, 1.78443, 2.13253, 2.12332, 2.35232, 1.826, 1.72009, 1.67928, 1.94224, 2.11208, 2.03065, 2.10907, 1.37654, 1.38972, 0.546779, 0.783699, 1.02847, 0.820237, 0.632061, 0.989228, 1.03495, 1.13065, 1.07897, 1.28973, 0.84924, 0.796944, 0.924052, 0.726706, 0.809811, 0.782279
1.2, 0.0319375, 0.918696, 1.95186, 1.88224, 2.20267, 2.71307, 2.95347, 2.63827, 2.21199, 1.84445, 2.01097, 1.15991, 1.8617, 1.04516, 1.15892, 0.768014, 1.42479, 0.749919, 1.19262, 1.02785, 0.802814, 0.684708, 0.632171, 0.931921, 1.10775, 0.711663, 0.507863, 0.279345, 0.693057, 0.56768, 0.619858
1.22, 0.0319375, 1.22889, 1.67856, 1.8287, 2.0631, 2.83389, 2.30052, 2.18806, 2.05419, 1.99949, 1.81833, 1.87395, 1.78428, 1.52871, 1.08414, 0.929395, 1.06678, 1.27398, 0.702445, 0.869067, 1.02162, 0.790142, 0.870976, 0.987222, 0.930402, 0.709354, 0.653197, 0.70089, 0.730835, 0.841285, 0.923847
1.24, 0.0319375, 2.04137, 2.46682, 1.69344, 0.880626, 2.58051, 2.27747, 2.11792, 1.69892, 1.64226, 2.19216, 2.15049, 1.5453, 1.89076, 1.69474, 0.723994, 1.18504, 1.17054, 1.23788, 0.99442, 0.424896, 0.753108, 1.18182, 1.19318, 1.0172, 0.951388, 1.23396, 0.688729, 0.874553, 0.847383, 0.716084
1.26, 0.0319375, 1.47167, 1.23473, 1.2585, 1.94365, 2.34925, 2.70903, 1.9934, 1.48704, 2.15499, 1.6124, 1.63715, 1.23987, 1.15645, 0.725701, 0.843879, 0.575887, 1.0475, 1.10277, 1.0706, 0.729113, 0.762291, 0.75446, 0.944175, 0.754437, 1.13282, 0.950975, 0.738488, 0.691685, 0.880252, 0.693959
1.28, 0.0319375, 1.8947, 2.39045, 2.09989, 1.75035, 2.37925, 1.96033, 2.23006, 1.87624, 2.11008, 2.07855, 1.37298, 1.69922, 1.30794, 1.01253, 0.831486, 0.876842, 0.728591, 0.966066, 1.18449, 0.86101, 0.812032, 0.997567, 1.21908, 1.1259, 0.954401, 0.849098, 0.523159, 0.802595, 0.669534, 0.681992
1.3, 0.0319376, 1.40299, 2.02724, 2.81669, 2.85541, 2.63001, 2.81075, 2.35701, 2.22383, 1.85069, 1.71008, 1.39999, 1.18701, 1.39352, 1.12123, 0.738975, 1.06598, 1.2703, 1.16336, 0.605105, 0.633438, 0.919003, 0.564185, 1.10904, 1.24797, 1.12645, 0.969784, 0.947128, 1.024, 0.487429, 1.00178
1.32, 0.0319375, 1.58392, 2.38996, 2.01075, 1.22209, 0.841344, 1.96823, 2.06158, 2.39583, 2.03858, 1.92778, 1.43791, 1.21195, 1.32901, 1.25623, 1.19588, 1.26249, 1.22889, 0.911895, 1.26012, 0.700543, 1.03819, 0.892885, 0.898829, 1.24559, 1.212, 1.16385, 0.896014, 1.02016, 0.819008, 0.776135
1.34, 0.0319375, 1.63355, 1.88674, 2.00215, 1.42838, 2.14338, 2.79048, 2.36992, 1.79748, 1.91939, 2.09284, 1.51405, 1.34129, 1.38804, 0.918284, 0.885637, 1.32717, 1.42089, 0.970518, 0.71457, 0.780919, 1.07271, 1.13555, 0.979721, 0.896725, 0.945934, 0.920821, 0.942746, 0.650028, 0.800403, 0.406343
1.36, 0.0319375, 2.01598, 1.51797, 1.36717, 2.5578, 3.02133, 2.67686, 1.62181, 2.02161, 1.70109, 1.75306, 1.94109, 1.46076, 1.25091, 1.04523, 1.32977, 1.04349, 0.978169, 0.802431, 1.1537, 1.06507, 0.960717, 1.01801, 0.946688, 1.00117, 0.774268, 0.897364, 0.83705, 0.763358, 0.791468, 0.690299
1.38, 0.0319375, 1.83874, 2.142, 2.17264, 2.23394, 2.34296, 2.20789, 1.75949, 2.32995, 2.44973, 2.36954, 2.066, 1.2832, 1.28601, 1.36702, 1.1319, 0.978667, 0.747452, 0.600936, 0.850279, 0.597066, 0.841001, 0.763448, 0.741549, 0.852955, 0.693772, 0.769233, 0.698649, 0.800053, 0.519072, 0.787256
1.4, 0.0319375, 2.10408, 1.89032, 2.4121, 2.00797, 2.53868, 2.65897, 2.27265, 1.63021, 1.98323, 1.66209, 1.12563, 1.10363, 0.982237, 1.22187, 1.04728, 0.962351, 0.799591, 1.15616, 1.12802, 0.520107, 0.837053, 0.949449, 0.737401, 0.825199, 0.91171, 0.609409, 0.579021, 0.735529, 0.819342, 0.871226
1.42, 0.0319376, 1.63357, 1.7184, 2.21812, 2.06631, 3.29671, 2.83813, 2.16079, 1.94523, 2.24744, 1.85138, 1.52606, 1.58721, 1.50528, 0.745915, 0.978317, 1.39729, 1.1364, 0.959085, 0.937647, 0.891378, 0.92266, 1.13265, 1.44069, 1.01659, 1.00696, 0.82891, 0.780212, 0.803671, 0.469021, 0.481782
1.44, 0.0319375, 2.18735, 2.47797, 2.16197, 2.57742, 2.82119, 2.17605, 2.24072, 1.87906, 1.60155, 1.35857, 1.90855, 1.28029, 1.16681, 1.58338, 0.945263, 1.44381, 1.18087, 0.734773, 0.641274, 0.825276, 0.857405, 1.10807, 1.03588, 1.21242, 0.894368, 0.908781, 0.549736, 0.510095, 0.323792, 0.421521
1.46, 0.0319375, 1.66795, 2.15668, 1.89995, 1.91748, 2.25468, 2.53321, 2.09648, 1.25478, 1.75484, 1.80016, 1.94993, 1.64344, 1.7168, 0.976938, 1.08758, 0.89973, 0.869145, 0.892835, 0.95989, 0.629386, 0.512829, 0.825863, 1.03293, 0.987334, 0.96229, 0.890163, 0.683403, 0.646253, 0.414435, 0.572663
1.48, 0.0319375, 1.84663, 2.38782, 1.77503, 2.88946, 2.43836, 2.07266, 2.19438, 1.93574, 1.98773, 1.7682, 1.99334, 1.53543, 1.48314, 1.41963, 1.40075, 0.696031, 1.21223, 0.696372, 1.05375, 1.20676, 1.04384, 0.637322, 1.23008, 0.893302, 0.998553, 0.639129, 0.756268, 0.831413, 0.62641, 0.235582
1.5, 0.0319375, 1.56567, 1.65585, 2.37899, 2.343, 2.10271, 1.85151, 2.23505, 2.40384, 1.73756, 1.38725, 1.73888, 1.54361, 1.67615, 1.18988, 0.775336, 0.650637, 0.809403, 1.1174, 0.968249, 0.720132, 0.414601, 1.01992, 0.642849, 0.862552, 0.871996, 0.541406, 0.97742, 1.08721, 0.721081, 0.59294
1.52, 0.0319375, 1.89206, 1.92038, 2.13688, 2.73966, 3.06607, 2.14357, 1.87547, 1.45008, 1.63096, 1.79755, 1.28086, 1.2848, 1.13606, 1.31995, 1.32374, 1.31704, 0.966028, 0.738703, 1.04039, 0.882791, 0.646402, 0.764517, 1.03587, 1.03799, 1.0235, 1.10967, 0.692617, 0.764595, 0.725498, 0.963198
1.54, 0.0319375, 1.91608, 2.1288, 1.69652, 2.0023, 2.97316, 2.91863, 2.40963, 2.17792, 2.3954, 1.99201, 1.36517, 1.87977, 1.45306, 0.744361, 0.867855, 0.839406, 0.812436, 0.658058, 0.54448, 0.509244, 0.737537, 1.13129, 0.867515, 0.562706, 0.980893, 0.571, 0.517917, 0.954068, 0.6791, 1.03038
1.56, 0.0319376, 2.01505, 2.11353, 1.83304, 2.25819, 2.60989, 2.35511, 2.44391, 2.45931, 2.05646, 1.4677, 1.54997, 1.52335, 1.59061, 1.56629, 1.14883, 1.27688, 0.849642, 1.0025, 0.956917, 1.10563, 0.995471, 0.913765, 1.43595, 1.25521, 0.85239, 0.871826, 0.930479, 0.842414, 0.800235, 0.335055
1.58, 0.0319375, 1.51897, 2.17462, 1.78831, 1.88715, 3.06846, 3.02989, 2.46791, 2.12584, 2.25371, 2.38287, 1.52118, 1.2953, 2.04539, 1.07904, 1.11221, 0.975353, 1.08689, 0.784673, 1.08172, 0.981808, 0.926751, 1.09343, 1.04685, 0.766223, 0.588329, 0.95626, 0.673193, 0.99997, 0.674939, 0.54443
1.6, 0.0319375, 1.53234, 2.52385, 1.92394, 1.90079, 2.60484, 2.23926, 2.03477, 2.42907, 2.06331, 1.31503, 1.66292, 1.18093, 1.05276, 1.58357, 1.39935, 0.589821, 1.18469, 1.22634, 1.12627, 0.866819, 0.974905, 0.87856, 1.18964, 1.23823, 1.03755, 0.889988, 1.22849, 0.931269, 0.710122, 0.427557
1.62, 0.0319375, 0.557195, 2.06732, 2.18153, 2.46621, 2.98336, 2.35993, 2.27372, 2.51787, 1.81844, 2.09473, 2.10585, 1.92307, 1.68328, 1.53585, 0.98393, 0.971859, 0.866857, 0.716938, 0.635332, 0.936811, 0.76885, 0.910436, 1.02004, 1.21113, 1.16594, 1.00364, 0.713132, 0.891196, 0.764793, 0.645853
1.64, 0.0319375, 1.83491, 1.49674, 1.88324, 2.48445, 2.40246, 2.27192, 1.98103, 2.52305, 2.02776, 1.52845, 1.77691, 1.51063, 1.55789, 1.33881, 1.23235, 1.38116, 1.13313, 0.947638, 0.842819, 1.15357, 1.01796, 1.18827, 1.30975, 1.11338, 1.09983, 0.862439, 0.818147, 0.785733, 0.917304, 0.791297
1.66, 0.0319375, 1.27344, 2.41057, 2.09164, 2.267, 2.83062, 2.32194, 2.04613, 2.06969, 2.08931, 1.94791, 1.72336, 1.53886, 1.52235, 1.78863, 1.09618, 1.44432, 1.39446, 0.778495, 0.845743, 0.92461, 0.520133, 1.02171, 1.41144, 1.1388, 1.06057, 0.74684, 0.664882, 0.772761, 0.368029, 0.565566
1.68, 0.0319376, 1.87817, 1.6133, 2.09472, 2.48078, 2.74098, 2.91053, 2.33272, 1.45004, 1.90955, 2.04141, 1.42494, 1.90024, 1.27908, 1.26697, 1.40929, 1.13065, 1.24598, 1.00684, 0.733099, 1.04878, 1.10905, 0.982615, 1.24802, 0.873393, 0.820031, 0.833233, 0.95561, 1.06838, 1.00797, 0.62041
1.7, 0.0319375, 1.69956, 1.97196, 2.28524, 1.54539, 2.3707, 2.62408, 2.02629, 2.1235, 1.96062, 2.14316, 2.1503, 1.91175, 1.56605, 1.18843, 0.941328, 1.17655, 0.61243, 1.0834, 1.25868, 1.12229, 0.910231, 0.511775, 0.89183, 1.06366, 1.40555, 1.04084, 0.751915, 0.526036, 0.41611, 0.670441
1.72, 0.0319375, 1.98322, 2.38996, 2.67775, 2.02633, 2.39876, 2.35952, 1.98459, 2.59533, 2.26195, 2.26938, 1.98131, 1.41033, 1.21336, 1.90657, 1.34623, 1.13678, 1.13239, 0.976103, 0.887469, 1.04961, 1.19517, 1.2001, 1.558, 1.1848, 1.17681, 0.844286, 0.763494, 0.542806, 0.861889, 0.489008
1.74, 0.0319375, 1.90105, 2.01473, 2.16639, 2.00387, 2.26666, 2.27615, 2.70271, 2.22787, 1.99152, 1.52566, 1.96855, 2.10693, 1.39167, 1.48795, 1.43214, 1.60066, 1.16742, 0.782172, 0.666033, 1.19328, 0.893313, 0.797635, 1.29362, 1.30773, 1.18701, 1.05466, 0.646206, 0.803458, 0.330086, 0.629589
1.76, 0.0319375, 1.60493, 1.86628, 2.01494, 2.4009, 2.10131, 1.25748, 1.93137, 2.07305, 1.87566, 1.86602, 2.11382, 1.87213, 1.55994, 1.16257, 1.13765, 1.30943, 1.50029, 1.411, 1.28454, 0.965053, 0.770133, 0.849568, 1.14565, 1.2194, 0.9754, 0.858593, 0.842957, 0.786095, 0.797053, 0.334808
1.78, 0.0319375, 1.63004, 2.20585, 2.02326, 2.15919, 2.52424, 2.46094, 2.15216, 1.86017, 2.80353, 1.92827, 1.83984, 2.04381, 1.56814, 1.52454, 1.39691, 1.30046, 1.15423, 0.822698, 1.0146, 1.16156, 1.19948, 1.20784, 0.99061, 0.973414, 0.769688, 0.668728, 0.631653, 0.868817, 0.625191, 1.05594
1.8, 0.0319376, 1.48162, 2.08207, 1.97021, 1.98615, 2.29019, 2.2025, 2.47556, 2.21885, 2.20029, 1.86401, 1.74444, 1.92446, 1.7916, 1.4242, 0.964549, 1.21544, 1.10853, 1.19922, 0.673725, 1.01528, 0.573952, 0.867027, 1.23048, 1.08915, 0.597027, 1.13813, 0.988923, 0.961034, 0.890577, 0.961446
1.82, 0.0319375, 1.92395, 2.05136, 2.09055, 2.96848, 2.40945, 2.44563, 2.08601, 2.55563, 1.82218, 1.20368, 1.85839, 1.51738, 1.69223, 1.84542, 1.37297, 1.43412, 1.32546, 1.22788, 0.822198, 1.06842, 0.842027, 0.958497, 0.904641, 0.658767, 0.678696, 0.544674, 0.737259, 0.491426, 0.861794, 0.58949
1.84, 0.0319375, 1.83276, 2.1944, 2.0899, 1.83779, 1.80914, 2.64921, 2.35445, 2.39998, 2.45955, 1.98852, 1.86766, 1.69209, 1.51132, 1.54294, 1.23925, 0.87569, 0.752102, 1.17823, 0.828539, 1.32354, 1.20595, 1.02843, 0.990006, 1.42452, 1.18256, 0.940071, 0.922861, 0.747717, 0.537024, 0.859835
1.86, 0.0319375, 1.68422, 2.09517, 1.90714, 1.04385, 1.77587, 2.26702, 1.89154, 2.45028, 2.57153, 1.88897, 1.01557, 1.48, 1.35535, 1.28707, 0.974838, 1.07953, 1.12743, 0.671503, 0.921773, 0.607527, 0.526633, 0.869047, 1.00409, 0.814856, 0.921408, 0.614268, 1.08093, 0.844162, 0.911726, 0.824878
1.88, 0.0319375, 1.32711, 2.01151, 2.54145, 2.21165, 2.24465, 2.67794, 2.39092, 1.9682, 2.13412, 2.23562, 1.77174, 1.60609, 1.23297, 1.04978, 1.42291, 1.18289, 0.971366, 0.806737, 0.81925, 0.967251, 1.15153, 1.25972, 1.55548, 0.764753, 0.974246, 0.863669, 0.650528, 0.768794, 0.80872, 1.18891
1.9, 0.0319375, 1.72044, 1.1325, 1.69652, 2.16273, 2.42443, 2.22451, 2.55108, 2.27768, 2.05925, 2.3356, 2.12258, 1.87011, 1.23355, 0.914884, 1.21083, 1.02178, 1.23824, 0.608726, 0.984107, 1.14437, 1.10067, 0.890316, 1.14974, 0.874861, 1.09311, 0.931945, 0.877809, 0.680373, 0.31367, 0.690113
1.92, 0.0319376, 1.34161, 2.03268, 2.45477, 2.00576, 2.23334, 2.09454, 2.11492, 2.38987, 2.45828, 2.43747, 1.36498, 1.18828, 1.71015, 1.57738, 0.682894, 1.32104, 1.18732, 1.27309, 0.986063, 1.09556, 1.06775, 1.10682, 0.983718, 0.847587, 0.736374, 0.723164, 0.896965, 0.727879, 0.635809, 0.791863
1.94, 0.0319375, 1.79728, 1.83837, 2.45983, 2.14553, 1.66138, 2.4861, 2.83923, 2.27701, 2.27029, 1.85314, 1.22372, 2.0043, 1.64964, 1.27211, 1.32306, 1.06136, 1.30667, 0.635315, 1.06777, 1.28531, 1.03974, 0.881996, 0.942401, 1.08498, 0.939216, 1.00878, 0.983749, 0.579604, 0.827554, 0.783327
1.96, 0.0319375, 1.55938, 2.29123, 2.28079, 2.00115, 2.59361, 2.87311, 2.15463, 2.06344, 2.25043, 2.11934, 1.83823, 1.84978, 1.72326, 1.44009, 1.36206, 0.96616, 1.0484, 1.19806, 1.3476, 0.951846, 0.901866, 0.813928, 1.33626, 0.893596, 0.990959, 0.61016, 0.579355, 0.499727, 0.828449, 0.905203
1.98, 0.0319376, 1.19745, 2.00644, 2.83883, 2.6602, 2.11081, 2.19486, 2.60692, 2.11872, 2.53191, 2.27452, 1.91479, 1.5709, 1.74801, 1.6504, 1.0797, 1.32072, 1.00323, 1.269, 1.46224, 1.13731, 1.01496, 1.06275, 1.09095, 1.15018, 0.777143, 0.981203, 0.703068, 0.998259, 0.816533, 0.913641
2, 0.0319376, 1.80989, 1.44102, 1.7116, 2.29156, 2.78485, 2.94235, 2.37679, 2.68088, 1.93184, 2.03523, 1.84346, 1.31388, 1.39641, 1.49259, 0.91007, 1.18713, 1.31188, 0.870983, 0.860581, 0.584866, 0.442152, 1.00394, 1.22866, 1.10582, 0.931714, 0.653805, 0.536792, 0.838256, 0.672151, 0.707681
2.02, 0.0319376, 0.60226, 1.56238, 1.68422, 2.1667, 2.43586, 2.48862, 2.42264, 2.03511, 2.57219, 1.4181, 1.87565, 1.27964, 1.62045, 0.972847, 1.15991, 1.15948, 1.50591, 1.53263, 0.906496, 0.770895, 0.548545, 0.716281, 0.472424, 1.08983, 0.977467, 0.851289, 0.805369, 0.858422, 0.497105, 0.687927
2.04, 0.0319376, 1.23162, 2.59277, 2.15316, 2.05118, 2.46851, 2.85028, 2.10537, 1.66543, 2.47635, 2.29639, 2.59848, 1.93498, 1.89948, 1.89263, 1.46979, 1.22933, 1.19874, 1.02397, 1.26357, 0.726097, 1.00676, 1.22277, 1.30746, 1.30798, 0.918094, 0.800551, 0.778321, 0.98057, 0.563904, 0.852916
2.06, 0.0319376, 1.71618, 1.75938, 2.67321, 1.71017, 2.70883, 2.77525, 2.49959, 2.15286, 2.64686, 1.90405, 1.48679, 1.63559, 1.33553, 1.82611, 1.48473, 1.28508, 1.18481, 1.02611, 1.03273, 1.32864, 0.879457, 0.583728, 1.0528, 1.23179, 0.66211, 0.918758, 0.785378, 0.936026, 0.395699, 0.602559
2.08, 0.0319376, 1.54464, 1.38219, 2.26042, 2.65602, 2.35842, 2.63487, 2.65563, 2.14874, 1.80232, 2.22447, 2.0372, 1.25773, 1.42056, 1.41931, 1.157, 1.04027, 1.26412, 1.26408, 0.789358, 1.06572, 1.11773, 1.30296, 1.27329, 1.22363, 1.13384, 0.930324, 0.928317, 0.528937, 0.623994, 1.02641
2.1, 0.0319376, 1.54102, 1.81912, 1.98618, 2.58041, 2.45181, 2.69926, 2.65623, 2.63745, 2.80738, 2.68505, 2.05365, 1.56672, 1.75584, 1.73297, 1.22355, 1.33927, 1.00041, 1.10043, 0.836511, 0.641868, 0.894022, 1.23772, 1.23041, 1.44834, 1.15059, 1.09898, 0.872836, 0.717819, 0.670818, 0.657264
2.12, 0.0319376, 2.15575, 2.48545, 1.63763, 2.65717, 2.69733, 2.42883, 1.94398, 2.63017, 2.35352, 2.03901, 2.01932, 2.12594, 2.25266, 1.93379, 1.11723, 1.39763, 1.21648, 1.57667, 1.41781, 1.30825, 1.5724, 1.44308, 1.45513, 1.34973, 1.35067, 1.58711, 1.37487, 0.982775, 0.425091, 0.901998
2.14, 0.0319374, 1.99667, 2.6217, 2.12937, 2.75636, 2.73615, 2.5897, 2.53026, 2.92065, 2.94018, 1.51161, 1.66066, 1.96903, 1.26197, 1.37938, 1.18221, 1.43792, 1.12854, 1.15593, 0.99737, 1.02831, 1.32628, 1.22275, 1.10879, 1.1401, 0.963462, 0.644911, 0.705651, 0.79344, 0.799214, 0.984725
2.16, 0.0319374, 1.7919, 1.81258, 1.6803, 2.07503, 1.7312, 2.11472, 2.35952, 2.72162, 2.37758, 2.11139, 2.3656, 2.19525, 1.78194, 1.22681, 0.908533, 1.26656, 1.42329, 1.62913, 1.57503, 1.39301, 1.57877, 1.36414, 1.27509, 1.10107, 1.08686, 1.12669, 0.623754, 0.532751, 0.550004, 0.725276
2.18, 0.0319374, 1.49916, 2.0747, 2.58565, 2.41931, 2.6127, 3.25766, 3.12873, 2.43938, 2.12986, 2.0197, 2.1209, 1.84605, 1.6712, 1.21354, 1.58552, 1.47923, 1.0173, 1.20933, 0.882379, 1.01141, 0.904546, 0.837173, 1.30763, 1.37029, 1.05847, 0.815926, 1.03809, 1.00311, 0.703884, 0.852868
2.2, 0.0319374, 2.5478, 2.49662, 2.46188, 2.4595, 2.62302, 2.88469, 2.92247, 2.73198, 2.5195, 2.12545, 1.89458, 2.04654, 1.83079, 1.58838, 1.34823, 1.4627, 0.903064, 1.00659, 1.1084, 1.14984, 1.2086, 1.07665, 0.923354, 1.11788, 1.14361, 1.09926, 0.90469, 0.516904, 0.690809, 1.00652
2.22, 0.0319374, 1.72568, 2.16068, 2.18118, 2.42198, 2.80175, 3.0369, 2.6347, 2.1797, 2.52565, 2.35929, 1.96191, 2.01713, 1.77572, 1.86481, 1.71666, 1.39858, 1.60828, 1.20028, 1.05723, 0.655741, 1.1597, 1.15453, 1.27663, 1.09467, 1.25875, 0.881632, 0.71443, 0.393794, 0.606587, 0.744211
2.24, 0.0319376, 1.70493, 1.58097, 2.17145, 2.65592, 2.47561, 2.26611, 2.09634, 2.00594, 2.02646, 2.26363, 1.97437, 1.73589, 1.53991, 1.66902, 1.59748, 1.32781, 1.20926, 1.32805, 1.14333, 1.14973, 0.940499, 1.19819, 1.34974, 1.12292, 1.02816, 0.912127, 0.64996, 0.507791, 0.785657, 0.654574
2.26, 0.0319376, 1.81375, 1.67422, 2.34401, 2.56266, 2.69971, 2.63969, 2.52472, 2.35815, 1.85641, 1.25174, 1.71449, 1.64322, 1.07334, 1.3659, 1.47771, 1.36646, 1.2662, 1.23972, 1.24832, 1.09418, 0.871811, 1.12475, 1.18265, 1.01912, 1.12215, 0.67176, 0.534162, 0.526813, 0.949353, 0.795811
2.28, 0.0319376, 2.3731, 2.22593, 1.6645, 1.69746, 2.9249, 2.32446, 2.53451, 1.8358, 2.48141, 1.65026, 0.906604, 1.53235, 1.73851, 1.46076, 0.957463, 1.18657, 1.53284, 1.08813, 1.07949, 1.12339, 0.852852, 1.35147, 1.27849, 1.15863, 0.952979, 0.706924, 0.396909, 0.630736, 0.751317, 0.559054
2.3, 0.0319376, 1.80247, 1.65833, 1.90058, 2.53603, 2.88327, 2.33253, 2.17762, 2.75373, 2.50433, 2.5854, 2.35349, 1.48244, 1.77635, 1.49652, 1.37538, 1.55817, 1.16157, 1.4922, 1.28796, 1.45456, 1.16861, 1.28974, 1.14542, 1.20467, 1.10198, 0.701858, 0.647103, 0.969919, 0.722116, 0.83024
2.32, 0.0319376, 2.23461, 2.39778, 2.02006, 2.43394, 2.81199, 1.78318, 1.73145, 2.30077, 2.3746, 2.46912, 2.0677, 1.75548, 1.92902, 1.45384, 1.68164, 1.13636, 1.16517, 1.20609, 0.95354, 1.19648, 0.93894, 1.30609, 1.32227, 1.21943, 1.12788, 0.886125, 0.688109, 0.666883, 0.667621, 0.799109
2.34, 0.0319376, 1.50368, 2.38153, 2.75737, 2.51795, 3.08085, 2.95351, 2.5467, 2.53033, 2.3463, 2.27615, 1.64925, 1.79937, 1.19788, 1.70032, 1.35323, 1.28484, 1.14258, 1.24009, 1.41339, 1.11789, 1.40559, 1.21306, 1.51031, 1.01722, 0.792655, 0.885632, 1.03378, 0.734243, 0.618707, 0.949487
2.36, 0.0319376, 1.62608, 1.16362, 1.60939, 1.76454, 2.55715, 2.98547, 2.14565, 2.45973, 2.86684, 2.28856, 2.25778, 2.30786, 2.01766, 1.94942, 1.51345, 1.28335, 0.798805, 0.718846, 0.688542, 0.868697, 1.03498, 0.725157, 0.98598, 1.38302, 1.09757, 0.898484, 0.807198, 0.781493, 0.853653, 0.837899
2.38, 0.0319374, 1.45286, 2.37011, 2.34029, 1.87791, 2.11568, 1.66716, 2.0756, 2.51821, 2.79587, 2.22887, 2.32873, 1.71118, 2.01577, 1.6086, 1.14358, 0.637175, 1.53365, 0.953563, 1.25278, 1.43698, 1.03475, 0.809723, 1.36197, 1.34504, 1.19051, 0.879653, 0.808791, 0.939177, 0.760751, 0.730947
2.4, 0.0319374, 2.03123, 2.13703, 2.19819, 2.30595, 2.24304, 2.33359, 2.55443, 2.74399, 2.47739, 2.14755, 2.24531, 1.77071, 1.73186, 0.952246, 1.12459, 1.31973, 1.55205, 1.23293, 1.19424, 1.34838, 1.21588, 0.938115, 1.12059, 0.707446, 1.0018, 0.788845, 0.640385, 0.519466, 0.617757, 0.812992
2.42, 0.0319374, 2.26871, 2.41755, 2.52731, 2.24719, 2.68086, 2.88516, 2.39823, 2.42962, 2.28795, 2.12467, 1.83287, 2.13884, 2.2535, 1.82088, 1.7979, 1.47342, 1.78311, 1.67381, 1.39988, 1.37117, 1.06781, 1.06988, 1.3321, 1.25792, 0.966346, 0.911735, 0.576716, 0.739596, 0.710173, 0.888312
2.44, 0.0319374, 2.42006, 2.63847, 2.55508, 2.23595, 2.43232, 1.91795, 1.76323, 2.979, 2.73479, 2.12532, 2.07344, 1.85162, 1.70834, 1.47384, 1.85915, 1.26229, 1.41187, 1.21254, 1.14246, 1.04839, 0.64002, 0.823175, 1.20916, 0.960984, 0.851504, 0.765652, 0.850568, 0.575189, 0.662018, 0.50489
2.46, 0.0319374, 1.63352, 1.54819, 1.58674, 2.47205, 2.62668, 2.09518, 1.49391, 1.87443, 1.95318, 2.18722, 1.43493, 1.71042, 2.49939, 1.95158, 1.64143, 1.44696, 1.23593, 1.20627, 0.993679, 1.35149, 0.956037, 1.05249, 1.16753, 0.850571, 0.837821, 1.02662, 1.18719, 0.886255, 0.530051, 0.793504
2.48, 0.0319376, 2.13765, 2.41202, 2.49703, 2.57028, 2.77565, 2.70188, 2.68432, 2.65842, 2.46647, 1.96421, 1.43382, 2.25919, 1.79597, 1.20892, 1.60556, 1.61209, 1.7781, 1.25444, 1.66316, 1.16529, 0.855224, 1.46951, 0.967126, 1.02855, 1.00053, 0.804123, 0.858414, 0.928258, 0.848885, 1.29268
2.5, 0.0319376, 1.36446, 2.03377, 2.3188, 2.35064, 2.72618, 2.87531, 2.65291, 2.58712, 2.46292, 1.75265, 2.39706, 2.45356, 1.97614, 1.63254, 1.70772, 1.49974, 1.24939, 1.62471, 1.22922, 0.884896, 1.18531, 0.940894, 1.2182, 1.16494, 1.05973, 0.963714, 0.900164, 0.92152, 0.693227, 0.820491
2.52, 0.0319376, 1.99761, 1.93421, 2.41819, 2.33113, 2.54102, 2.49139, 2.04133, 2.93197, 2.79037, 2.44832, 2.23307, 1.68964, 1.66174, 1.56697, 1.56551, 1.31678, 0.622878, 1.509, 1.151, 0.544776, 0.972244, 0.707837, 1.31792, 1.06767, 1.25421, 0.942487, 0.95614, 0.959812, 1.07303, 1.10704
2.54, 0.0319376, 2.03579, 1.77349, 2.08435, 2.69275, 3.19014, 2.86763, 2.05364, 1.87279, 2.41794, 2.10583, 1.71111, 1.99846, 1.66965, 1.75765, 1.67376, 1.28947, 0.88283, 1.43028, 1.24105, 0.827032, 0.831955, 0.953999, 1.46189, 1.08824, 1.07003, 1.18751, 1.15146, 0.936588, 0.926264, 0.69549
2.56, 0.0319376, 1.56348, 2.10396, 1.56442, 2.39059, 2.77628, 1.96367, 2.38279, 2.39144, 2.58903, 2.60357, 2.26253, 2.54645, 1.66909, 1.53705, 1.84034, 0.978442, 0.821065, 1.34425, 1.31681, 1.11704, 0.859221, 1.00214, 1.31053, 1.40092, 1.05772, 1.21883, 1.27457, 1.03515, 0.876195, 0.798483
2.58, 0.0319376, 2.17948, 2.11311, 2.58993, 2.65766, 2.88303, 2.60143, 2.71711, 2.63135, 2.34857, 2.18264, 2.68295, 2.07488, 2.32493, 1.71553, 1.32505, 1.52776, 1.31606, 1.53126, 1.60683, 1.14918, 1.08299, 1.11107, 1.3473, 0.813125, 1.07683, 0.956903, 0.699407, 0.803754, 0.420465, 0.519008
2.6, 0.0319376, 1.91388, 2.57777, 2.13051, 2.34646, 2.46893, 3.02431, 2.63777, 2.29373, 2.46979, 2.56401, 2.10988, 2.05867, 1.82785, 1.99441, 1.65237, 1.14661, 1.08881, 1.3272, 0.932143, 1.28255, 0.618907, 0.722713, 0.964215, 1.22919, 1.05663, 1.17182, 0.80897, 0.469968, 0.696915, 0.737219
2.62, 0.0319376, 1.57345, 1.90304, 1.62881, 2.17288, 2.57115, 2.97424, 2.3032, 2.18583, 2.24524, 2.26861, 2.35626, 2.25967, 1.64966, 1.51179, 1.49239, 1.03334, 1.3357, 1.29995, 1.23506, 1.04688, 0.904696, 1.15034, 1.33453, 1.25318, 1.11165, 1.14145, 0.668464, 0.93891, 0.581629, 0.899979
2.64, 0.0319374, 1.46784, 1.99243, 2.5529, 1.80358, 2.47737, 2.84327, 2.38047, 2.08013, 2.33883, 2.27423, 1.75805, 2.28638, 1.96158, 1.91338, 1.50751, 1.2196, 1.73037, 1.079, 1.48436, 1.43417, 0.978895, 1.37551, 1.35759, 1.26606, 1.36215, 1.24876, 1.02892, 0.588995, 0.942671, 1.13023
2.66, 0.0319374, 2.17787, 2.3833, 2.10378, 2.42694, 2.66482, 2.80657, 2.79908, 1.45069, 2.36426, 2.26469, 2.29273, 2.03549, 1.87492, 1.79376, 1.87201, 1.29858, 1.0023, 0.962804, 1.04394, 0.849176, 1.15233, 1.27886, 1.34382, 1.44687, 1.30491, 1.07853, 0.946688, 0.639219, 0.383321, 0.683705
2.68, 0.0319374, 1.41347, 2.15966, 2.22266, 2.40054, 2.93601, 3.01178, 2.3754, 1.91313, 2.70786, 2.30225, 1.91574, 1.84158, 1.59016, 1.51646, 1.06662, 1.21356, 1.23073, 0.945826, 1.46376, 1.0573, 1.4338, 1.4822, 1.10269, 1.153, 1.13761, 0.788702, 0.965918, 0.872074, 0.588242, 0.748019
2.7, 0.0319374, 2.08546, 2.63538, 2.55883, 2.79142, 2.55408, 1.87043, 2.07583, 2.19512, 2.15263, 2.56194, 2.33992, 2.10631, 2.19312, 1.65278, 1.14123, 1.16466, 1.28169, 1.31639, 1.44636, 1.14402, 1.15385, 0.940978, 1.3703, 0.947148, 0.997146, 0.836575, 0.680163, 0.808651, 0.879842, 0.603351
2.72, 0.0319374, 1.82991, 1.74485, 2.36003, 3.1234, 3.03542, 2.36404, 2.27634, 2.08323, 2.32252, 2.01799, 2.461, 2.51365, 2.26329, 1.83465, 1.65152, 1.30883, 1.06163, 1.44694, 1.28082, 0.828923, 1.05739, 1.10269, 1.13951, 1.29158, 0.907478, 0.761349, 0.625164, 0.471596, 0.503275, 0.81409
2.74, 0.0319376, 1.56687, 1.45756, 2.41017, 1.70268, 2.67046, 3.02296, 2.42721, 2.57119, 2.13911, 1.97388, 1.85616, 1.66695, 1.51844, 1.38385, 1.53012, 1.04319, 1.1013, 1.21367, 0.955694, 1.13703, 1.24322, 1.48847, 1.51485, 1.08491, 1.05234, 0.798499, 0.731684, 0.508326, 0.694805, 0.634678
2.76, 0.0319376, 2.41681, 2.59492, 2.85817, 2.9273, 3.16577, 2.33745, 2.15884, 1.96837, 2.03382, 1.88121, 1.60865, 2.48558, 1.78143, 1.1296, 1.69197, 1.35579, 1.10221, 1.58116, 1.86044, 1.39778, 1.02827, 1.16244, 1.33297, 1.13382, 0.763224, 0.909026, 0.840178, 0.746662, 0.845374, 0.761811
2.78, 0.0319376, 2.5551, 2.62944, 1.88219, 2.12047, 2.97127, 3.0098, 2.81181, 2.50808, 2.7396, 2.55106, 2.07112, 1.97636, 1.75909, 1.46038, 1.28824, 1.43428, 1.45562, 1.13476, 1.26345, 1.11222, 0.788817, 1.37716, 1.16455, 1.18281, 1.3292, 1.16815, 0.953765, 0.637623, 0.888456, 1.07298
2.8, 0.0319376, 1.84069, 2.27997, 2.09143, 1.82469, 2.57294, 2.36742, 2.28973, 2.08389, 2.37217, 2.36927, 2.31209, 2.33326, 1.76694, 1.77336, 1.38893, 1.65739, 1.70113, 1.45941, 1.37527, 0.515433, 0.98406, 1.35678, 1.61094, 1.25757, 1.14251, 0.789438, 0.957217, 1.01579, 0.995003, 1.41467
2.82, 0.0319376, 1.64517, 1.66124, 2.54299, 2.41925, 2.56891, 2.61969, 2.45779, 2.46781, 2.63767, 1.99337, 1.94239, 2.23077, 2.09584, 1.84717, 1.69533, 1.43548, 1.35294, 1.71637, 1.16047, 1.32697, 1.00721, 1.08962, 0.884276, 0.975938, 1.03696, 1.0441, 0.705465, 0.775976, 0.999946, 0.962388
2.84, 0.0319376, 1.70447, 2.34481, 2.67946, 2.55737, 2.79629, 2.83463, 2.26305, 2.01349, 2.07382, 1.83557, 2.19317, 2.06456, 2.11902, 2.07782, 1.71509, 1.36989, 0.799421, 0.900028, 0.475791, 0.965366, 1.05224, 1.23075, 1.53854, 1.54447, 1.19749, 1.09174, 1.0736, 0.984956, 0.796436, 0.905293
2.86, 0.0319376, 1.60952, 1.8774, 2.09093, 2.19027, 2.43895, 2.66048, 3.0199, 2.21218, 2.36647, 2.03107, 1.83032, 1.89771, 1.74222, 1.65934, 1.25959, 1.44632, 0.951216, 1.70468, 0.888976, 1.21776, 0.95196, 1.05006, 1.3766, 1.02829, 0.795337, 0.419777, 0.412277, 0.783554, 0.990505, 1.10432
2.88, 0.0319374, 1.96486, 1.9577, 2.01252, 2.33184, 2.60427, 2.30506, 2.04822, 2.55358, 2.32262, 2.16501, 2.28161, 1.80134, 1.65508, 1.68417, 1.30605, 1.15655, 0.92719, 1.39411, 1.34633, 0.78542, 1.05436, 1.29631, 1.10827, 1.19531, 1.08767, 0.967397, 0.641668, 1.05625, 0.61571, 0.954087
2.9, 0.0319374, 1.78335, 1.94968, 2.58711, 2.60322, 3.01743, 2.69915, 2.12479, 2.52662, 2.41381, 2.21453, 2.26208, 1.85824, 1.79618, 1.86692, 1.4928, 1.11673, 1.00819, 0.969419, 0.659433, 1.40884, 1.38032, 1.30551, 1.17733, 0.940642, 1.076, 0.843355, 0.708135, 0.622395, 0.797079, 1.65364
2.92, 0.0319374, 2.35509, 2.70109, 2.51514, 2.40341, 3.02077, 3.08481, 2.70218, 2.42768, 1.92338, 2.38607, 2.2478, 2.02718, 1.55827, 1.66561, 1.44916, 1.44244, 1.52097, 1.33185, 1.42351, 1.17125, 1.18232, 1.27799, 1.12115, 1.2268, 1.50471, 1.09642, 0.935064, 0.449777, 0.719625, 0.949496
2.94, 0.0319374, 1.37675, 1.71095, 2.39052, 3.05282, 2.73992, 2.40205, 1.56767, 2.23034, 2.74588, 2.4624, 2.36547, 2.25989, 2.48025, 2.22824, 1.95586, 1.4774, 1.5306, 1.30994, 0.788531, 1.06463, 1.07002, 0.958132, 0.890345, 0.995403, 1.01366, 0.556715, 0.549005, 0.739995, 0.708186, 1.16239
2.96, 0.0319374, 1.24541, 1.82369, 2.33686, 2.98767, 2.80271, 2.52421, 2.3871, 2.05068, 2.56921, 2.23687, 2.25902, 2.50021, 2.17973, 1.69863, 1.37092, 1.11099, 1.50589, 0.986539, 0.969841, 0.940479, 1.29829, 1.09507, 1.32022, 1.12228, 0.84813, 0.561723, 0.655958, 0.782238, 0.845119, 0.740542
2.98, 0.0319376, 2.0622, 2.58124, 2.02356, 2.19677, 2.39297, 2.86323, 2.54474, 2.7261, 2.66044, 2.56192, 2.15238, 1.74028, 1.02458, 1.58153, 1.26262, 1.23858, 1.40081, 1.33538, 1.07463, 0.923684, 1.1741, 1.0046, 1.06423, 1.06455, 0.703068, 0.667734, 0.607682, 0.710702, 0.589043, 0.951608
3, 0.0319376, 2.15615, 2.22944, 2.19788, 2.59693, 2.8378, 2.17459, 1.83418, 2.26543, 2.35592, 1.85159, 1.77958, 1.76001, 1.34846, 2.03922, 1.4449, 1.17088, 1.54062, 1.16605, 1.32342, 0.936833, 1.1787, 0.865563, 1.18908, 1.03378, 1.04129, 0.793911, 0.748233, 0.85721, 0.749124, 0.895569
3.02, 0.0319376, 2.18792, 2.45697, 2.62015, 3.03111, 2.28668, 2.29006, 2.64059, 2.69642, 2.66376, 2.4827, 2.27111, 2.24713, 1.78083, 1.93718, 1.90894, 1.3766, 1.23531, 0.871863, 1.41517, 1.04892, 0.600475, 1.0077, 1.64959, 1.32574, 1.09257, 0.725649, 0.529679, 0.638697, 0.51152, 0.807883
3.04, 0.0319376, 1.90676, 2.10998, 1.89484, 2.46873, 2.5805, 2.27012, 2.30903, 2.54147, 2.3137, 1.82226, 2.31305, 2.23213, 1.76876, 1.18741, 1.75399, 1.58072, 1.45992, 1.4403, 1.47125, 1.10078, 1.34362, 1.25428, 1.4449, 1.38815, 1.15168, 1.15494, 0.930493, 0.995764, 0.844688, 0.825998
3.06, 0.0319376, 1.42919, 2.11964, 2.01302, 3.03197, 2.93146, 2.49674, 2.70721, 2.32852, 3.08243, 2.56317, 2.58624, 2.28228, 1.88332, 1.62526, 1.78812, 1.3187, 1.50065, 1.43793, 1.24916, 1.01865, 1.11269, 1.20056, 1.0418, 0.808116, 0.951889, 0.978483, 1.04719, 0.872905, 0.832507, 0.818441
3.08, 0.0319376, 1.36338, 1.35129, 1.95272, 2.0905, 2.50625, 2.64109, 2.10726, 2.31161, 2.142, 2.23584, 2.37159, 2.11358, 1.41712, 1.79639, 1.56669, 1.57862, 1.26943, 1.23036, 1.07293, 1.2756, 1.45941, 0.793171, 1.17267, 1.05085, 1.32955, 1.03531, 0.875754, 0.985735, 0.725277, 0.75887
3.1, 0.0319376, 2.0347, 2.52295, 1.53134, 2.36547, 2.69021, 2.70967, 3.00027, 3.33396, 2.93663, 2.61565, 1.96275, 2.22306, 2.00289, 2.05358, 1.73008, 1.68172, 1.42594, 1.27469, 1.18079, 1.2096, 1.18924, 0.974819, 1.11332, 1.15994, 1.23974, 0.92023, 0.579432, 0.829624, 0.89638, 0.855232
3.12, 0.0319376, 2.34142, 2.14618, 2.73133, 2.00919, 3.09953, 3.14648, 2.45547, 2.52348, 2.84221, 2.3101, 2.29875, 1.79215, 2.03687, 2.12663, 1.60876, 1.45791, 1.59607, 1.27398, 1.4079, 1.20015, 1.35912, 1.151, 1.44999, 1.70243, 1.22212, 1.08417, 1.04063, 1.07195, 0.874928, 0.979271
3.14, 0.0319374, 1.85053, 1.31172, 1.7428, 2.23862, 3.04563, 2.54057, 2.51051, 2.51033, 2.64371, 2.47821, 2.47917, 1.86981, 1.63779, 1.72972, 1.47509, 1.33636, 1.38154, 1.25956, 1.83265, 1.21944, 1.1796, 0.947956, 0.959849, 1.00118, 1.21297, 0.578051, 0.818383, 0.902132, 0.616334, 0.496393
3.16, 0.0319374, 1.43783, 2.35975, 2.36131, 2.62348, 2.70912, 2.70127, 2.81753, 2.92334, 2.16044, 2.0957, 2.18175, 1.98053, 1.548, 1.65527, 1.53032, 1.19422, 1.08741, 1.40011, 1.4752, 1.42144, 0.926341, 0.968867, 1.19989, 1.24475, 1.37244, 1.07967, 0.784524, 0.901334, 0.779295, 1.12814
3.18, 0.0319374, 2.75315, 2.3147, 1.97181, 2.5595, 2.93845, 2.96835, 2.78507, 2.71988, 2.12504, 2.4786, 1.61485, 1.28292, 2.14389, 1.86296, 1.87177, 1.74384, 1.56968, 1.39625, 1.11437, 1.14866, 1.24884, 1.1144, 1.36268, 1.21393, 1.1076, 1.05275, 0.899374, 1.00346, 0.993414, 2.18158
3.2, 0.0319374, 1.89953, 2.30914, 2.64934, 2.67327, 2.31798, 2.52426, 2.14051, 2.49793, 2.4406, 2.37782, 2.77477, 1.91491, 1.64709, 1.67009, 1.77231, 1.1065, 1.13778, 1.60705, 0.969442, 1.02976, 0.934972, 1.35436, 1.42044, 1.26409, 1.05024, 0.823869, 0.827187, 0.583251, 0.529415, 1.06329
3.22, 0.0319374, 1.8304, 2.17426, 2.13037, 2.11379, 2.70743, 3.09908, 2.28345, 1.94337, 2.89261, 1.63402, 1.31232, 1.93481, 1.82004, 1.74018, 1.81977, 1.9238, 1.40571, 1.41465, 1.16133, 1.27383, 0.965385, 1.16245, 1.45976, 1.45979, 1.25769, 1.24073, 1.00865, 0.740718, 0.358559, 0.940613
3.24, 0.0319376, 0.533223, 2.42187, 2.49764, 2.50586, 3.07632, 2.91374, 2.65048, 2.04076, 2.39157, 2.78735, 2.59655, 2.31979, 1.75538, 1.28628, 1.29174, 1.64172, 1.18676, 1.41041, 1.13498, 1.19976, 1.149, 1.42281, 1.02826, 1.4043, 1.25299, 0.98, 0.876911, 1.05367, 1.12684, 0.965007
3.26, 0.0319376, 1.36189, 1.80861, 0.452196, 1.60241, 3.22821, 2.92738, 2.64853, 2.67838, 2.62831, 3.03962, 2.09723, 2.06982, 1.51848, 1.69847, 1.99115, 1.25577, 1.29081, 1.54764, 1.48236, 1.04334, 0.997116, 1.32463, 1.43213, 1.42516, 1.26098, 0.647476, 0.766314, 0.816019, 0.329273, 0.700159
3.28, 0.0319376, 2.04576, 2.489, 2.3673, 2.80715, 2.75285, 2.5106, 2.36327, 2.86849, 3.08209, 2.6243, 2.1183, 2.36861, 2.21298, 1.89641, 2.04482, 0.95356, 0.908343, 1.16761, 1.29129, 1.29261, 0.890378, 1.02053, 0.889515, 1.37825, 1.15621, 0.771234, 0.883104, 0.788547, 0.698534, 0.902414
3.3, 0.0319376, 2.54891, 2.51142, 2.30386, 2.49772, 2.75559, 2.96846, 2.79871, 2.69898, 2.41938, 2.06803, 2.26359, 2.45343, 1.82262, 1.46837, 1.42166, 1.63088, 1.4917, 1.07851, 1.16583, 1.37543, 0.629541, 1.11967, 1.1238, 1.19257, 0.840262, 0.755898, 0.816606, 0.84436, 1.08526, 0.857376
3.32, 0.0319376, 1.72844, 1.99703, 1.76669, 2.30103, 2.82868, 2.5946, 2.09283, 1.96134, 2.92326, 2.66757, 2.73034, 2.29749, 2.37558, 2.03243, 1.70761, 1.66122, 1.49853, 1.20906, 1.25689, 1.10083, 1.02064, 0.946886, 1.17545, 0.8119, 0.752599, 1.08193, 1.02844, 1.02419, 0.756165, 0.69734
3.34, 0.0319376, 0.810712, 2.22189, 1.84999, 2.80307, 2.76106, 2.58931, 2.2548, 2.21798, 2.8536, 2.87423, 2.30997, 2.14252, 1.68136, 1.72543, 1.54096, 1.66108, 1.44733, 0.627934, 1.08688, 1.27568, 1.34258, 1.10416, 0.937796, 0.942318, 1.30165, 1.06481, 0.738764, 0.947316, 0.984637, 0.883622
3.36, 0.0319376, 2.2416, 2.32573, 2.37075, 2.43581, 2.78155, 2.66432, 2.01558, 2.88407, 2.69163, 2.51785, 2.10321, 2.43874, 2.0935, 1.80862, 1.39805, 1.69837, 1.66644, 1.64036, 1.55887, 1.2153, 0.954886, 1.31907, 1.22035, 0.950705, 1.34891, 0.995301, 0.805802, 0.867734, 0.737542, 0.798849
3.38, 0.0319374, 1.75242, 2.5756, 2.45468, 2.85762, 3.05763, 3.03706, 2.49021, 2.69303, 2.49628, 2.35493, 2.50085, 1.65898, 2.04284, 1.96453, 1.80101, 1.65601, 1.39357, 1.46399, 0.657481, 0.852557, 1.35779, 1.27123, 1.23794, 1.44438, 1.13256, 0.862374, 1.03309, 0.775697, 0.750803, 0.91411
3.4, 0.0319374, 1.84653, 2.07838, 2.65665, 3.00905, 3.03763, 3.03669, 2.34852, 3.04598, 2.7501, 2.22984, 2.72398, 2.36861, 2.21302, 2.03898, 1.98526, 1.49338, 1.12988, 1.54818, 1.75756, 1.5306, 1.27837, 1.42355, 0.710811, 0.985614, 1.28675, 0.784196, 1.00021, 0.953923, 0.913175, 0.640205
3.42, 0.0319374, 1.55909, 2.16512, 1.79825, 2.64997, 3.11583, 3.13181, 2.93348, 1.84178, 2.68969, 2.63925, 2.0184, 1.93547, 1.7578, 1.71537, 1.67305, 1.1165, 1.2551, 1.587, 1.44871, 1.2733, 1.07984, 1.02939, 1.09158, 1.08403, 1.07889, 0.907241, 0.684747, 0.49783, 0.801049, 0.684171
3.44, 0.0319374, 1.60771, 1.89782, 1.94345, 1.56454, 2.34358, 2.35667, 2.18405, 2.44482, 2.06584, 2.14836, 2.21926, 2.13612, 2.05903, 1.82799, 2.07517, 1.60543, 1.47765, 1.17718, 1.11711, 1.06731, 1.2393, 1.21908, 1.42805, 1.45081, 1.177, 0.973717, 0.838982, 0.680177, 0.906713, 0.75661
3.46, 0.0319374, 1.74616, 2.08084, 2.16757, 2.69728, 2.64977, 2.2666, 2.98459, 2.61985, 2.81969, 2.74549, 2.12792, 2.30967, 2.04025, 1.99748, 1.57164, 1.51324, 1.14053, 1.36506, 1.58924, 1.15371, 1.10602, 1.09086, 1.33398, 1.55129, 1.09656, 1.0843, 0.823069, 0.75509, 0.723204, 0.866144
3.48, 0.0319376, 1.76398, 2.33338, 2.44156, 2.3575, 3.21544, 3.00809, 2.01841, 2.37896, 2.78653, 2.92162, 2.42962, 1.87209, 1.63133, 1.62749, 1.70681, 1.81732, 1.48588, 1.3253, 1.57336, 1.30649, 1.2482, 1.27036, 1.38238, 1.35697, 1.22635, 0.557263, 0.667128, 0.759672, 0.830095, 0.840434
3.5, 0.0319376, 1.79044, 2.1219, 2.16313, 3.13806, 3.08516, 3.027, 2.98297, 3.00691, 2.56398, 2.39497, 2.58523, 2.42316, 2.20763, 1.91723, 1.68046, 1.27941, 1.44424, 1.61642, 1.12756, 1.42376, 1.04141, 0.685936, 0.871509, 1.35486, 1.04331, 0.527237, 0.790192, 0.87902, 0.90053, 0.956415
3.52, 0.0319376, 2.2565, 2.72306, 2.55681, 2.25831, 2.29169, 2.93659, 3.04142, 2.03417, 2.47339, 2.83327, 2.18895, 2.09927, 2.3715, 2.2115, 1.4873, 1.01907, 1.66766, 2.03173, 1.43367, 1.10864, 1.13351, 1.40852, 1.48269, 1.41215, 1.18172, 0.755629, 0.626503, 0.533676, 0.541618, 0.702627
3.54, 0.0319376, 1.5462, 2.33323, 2.89295, 2.75749, 2.82849, 3.19896, 2.84616, 2.36347, 1.79199, 2.01128, 1.90718, 1.65619, 1.21839, 1.71151, 1.39024, 1.47403, 1.52317, 1.74279, 1.47484, 1.28734, 1.19806, 0.940744, 1.37442, 1.37302, 1.03678, 0.509874, 1.09345, 0.841101, 0.617001, 0.821186
3.56, 0.0319376, 2.25132, 2.76288, 2.5317, 2.40013, 2.74052, 2.6726, 2.64416, 2.52148, 2.42608, 2.66441, 2.34018, 2.49904, 1.63688, 1.77786, 1.57857, 1.94803, 1.5045, 1.8109, 1.47305, 1.48251, 1.06683, 1.05937, 1.37539, 1.50254, 1.32527, 1.23509, 0.74853, 0.86792, 0.801478, 0.978148
3.58, 0.0319376, 1.53392, 2.66133, 2.77037, 3.06826, 2.91668, 2.8373, 2.48456, 2.53573, 2.02063, 2.27112, 2.48753, 2.56608, 2.20745, 2.29505, 1.2149, 1.33355, 1.58199, 1.40558, 1.19127, 1.15802, 1.09033, 1.19562, 1.0542, 1.02231, 1.09589, 1.02605, 0.807558, 0.583592, 0.567139, 0.616557
3.6, 0.0319376, 2.35881, 2.06407, 2.24565, 2.83157, 3.18138, 2.95274, 2.86136, 3.05726, 3.02966, 3.04909, 2.43574, 2.21399, 2.13499, 2.09788, 1.67091, 1.48543, 1.7129, 1.20444, 1.54304, 1.15567, 1.18177, 1.01365, 1.4809, 1.19439, 1.33722, 0.945489, 0.997982, 0.880688, 0.567941, 0.820855
3.62, 0.0319376, 2.25977, 1.78789, 2.47874, 2.54713, 2.79662, 3.1935, 2.48015, 2.43781, 2.30317, 2.41744, 1.87103, 1.9713, 1.69156, 1.70043, 1.75247, 1.43387, 1.39874, 1.70409, 1.38012, 1.27441, 1.23496, 1.29739, 1.33715, 1.406, 1.34246, 0.873649, 0.720083, 0.809479, 0.766795, 0.636136
3.64, 0.0319374, 2.89464, 2.66915, 2.78184, 2.89297, 2.74231, 2.66068, 3.07056, 2.69609, 2.61503, 3.17645, 2.37079, 2.09223, 1.92114, 1.74087, 1.44841, 1.36148, 0.769171, 1.36455, 1.36458, 1.11906, 0.854811, 1.24069, 1.39306, 1.2267, 1.04989, 0.912613, 0.749679, 0.552339, 0.671151, 0.729454
3.66, 0.0319374, 2.14335, 1.72848, 2.84992, 2.38513, 2.67868, 2.81204, 2.92632, 2.7634, 2.64678, 2.78668, 2.02511, 1.71486, 1.91085, 2.26337, 1.76571, 2.03883, 1.78891, 1.06034, 1.0399, 1.02807, 1.13502, 1.61701, 1.21884, 0.993787, 1.25445, 1.18548, 1.04151, 0.956946, 0.76236, 0.872649
3.68, 0.0319374, 1.43968, 1.77875, 1.96671, 2.36957, 2.02443, 2.68508, 2.78867, 2.72419, 2.59901, 2.08794, 2.42545, 2.33493, 2.10579, 1.8951, 2.0531, 1.57248, 1.30608, 1.47726, 1.36739, 1.09435, 1.00227, 1.00067, 1.1955, 1.19006, 1.13311, 0.848459, 0.655037, 0.784309, 1.01137, 0.715888
3.7, 0.0319374, 2.1855, 2.61517, 2.98395, 2.58862, 2.08702, 2.36162, 2.26938, 1.891, 2.7996, 3.33478, 2.29742, 2.32202, 2.11758, 2.15521, 1.84175, 1.69585, 1.59712, 1.6218, 1.63236, 0.927686, 1.29569, 1.30183, 1.6108, 1.31893, 0.69307, 0.629474, 0.837006, 1.03285, 0.854133, 0.818065
3.72, 0.0319374, 2.2004, 2.77256, 2.31359, 2.55389, 2.82614, 2.73325, 2.70994, 2.34922, 2.48392, 2.5954, 2.25412, 1.76969, 1.57348, 2.08224, 1.91046, 1.81244, 1.13264, 1.7245, 1.49019, 1.17107, 1.70327, 1.40829, 1.27312, 1.01315, 1.34921, 1.13648, 1.28399, 1.12352, 0.943619, 0.918464
3.74, 0.0319376, 1.97897, 1.77576, 1.59192, 2.23867, 2.95414, 3.22784, 3.19797, 2.34941, 2.54403, 2.26045, 2.54537, 2.43616, 2.09381, 1.75406, 1.14419, 0.965504, 1.53873, 1.66827, 1.18925, 1.16038, 1.31347, 1.1297, 1.35609, 1.14626, 0.914108, 0.711196, 0.934942, 0.91346, 0.673788, 0.693994
3.76, 0.0319376, 2.51014, 2.22813, 1.89784, 2.70155, 3.08553, 2.95933, 1.73381, 2.77736, 2.78699, 2.34537, 1.829, 1.4998, 2.26673, 2.03515, 1.63785, 1.41473, 1.32184, 1.09724, 1.37637, 1.39137, 1.35908, 1.07614, 1.07176, 1.22431, 0.934218, 0.777151, 0.780586, 1.08133, 0.530335, 0.860042
3.78, 0.0319376, 1.47021, 2.42986, 2.58654, 2.42897, 2.707, 2.46349, 2.73553, 3.13712, 2.47444, 2.18596, 1.79434, 2.03024, 1.18809, 1.64349, 1.47192, 1.57562, 1.3932, 1.70433, 1.23425, 0.632577, 1.2457, 1.21306, 1.18497, 0.904703, 0.823964, 1.11853, 0.930477, 0.7161, 0.734801, 0.877251
3.8, 0.0319376, 1.66944, 1.42613, 2.06383, 2.81273, 2.53222, 2.84292, 2.83162, 2.8319, 2.63596, 2.34064, 2.015, 1.98739, 2.04502, 1.75733, 1.96357, 1.87977, 1.9999, 1.24214, 1.34748, 1.42727, 1.35104, 1.19361, 1.33399, 1.42482, 1.29054, 0.927877, 0.90661, 0.753662, 0.481797, 0.669276
3.82, 0.0319376, 1.87853, 2.38068, 2.53455, 2.42898, 2.51053, 2.9791, 2.56131, 2.72532, 2.71266, 2.70182, 2.06065, 1.76314, 2.31298, 2.17166, 1.67703, 1.59327, 1.53919, 1.37714, 1.15302, 1.22384, 0.92621, 1.08976, 1.2598, 1.45032, 1.28188, 1.23707, 0.893296, 0.794338, 0.889011, 0.800709
3.84, 0.0319376, 1.41044, 2.13363, 2.69215, 2.56002, 2.36471, 2.7219, 2.39669, 3.20461, 2.73612, 2.12275, 2.48744, 2.3613, 1.33959, 1.58746, 1.67529, 1.48465, 1.70744, 1.61749, 1.72487, 1.33711, 1.58522, 1.17066, 1.18828, 1.16437, 1.34641, 0.808048, 0.749213, 0.856291, 1.01783, 0.804348
3.86, 0.0319376, 2.35582, 1.52596, 1.36485, 2.62088, 2.39923, 2.53255, 1.80738, 2.30833, 2.12841, 2.19527, 2.04231, 1.76812, 2.15292, 2.08846, 1.49841, 1.12619, 1.00098, 1.09013, 1.82148, 1.29232, 1.0538, 1.22055, 1.24649, 1.1615, 1.25216, 0.887055, 0.927344, 0.767252, 0.889532, 0.909953
3.88, 0.0319374, 2.17158, 1.98364, 2.26316, 2.05781, 2.68624, 2.36024, 2.67076, 2.83257, 2.20387, 1.84852, 1.84238, 1.97996, 1.95046, 1.346, 1.75387, 1.98249, 1.58923, 1.37518, 1.04926, 1.166, 1.454, 0.968358, 1.22695, 1.41129, 1.44533, 1.29519, 0.847449, 0.983436, 0.955636, 1.07282
3.9, 0.0319374, 1.89909, 2.33736, 1.73074, 2.13899, 2.68451, 2.91205, 2.26204, 2.59209, 2.60676, 2.12023, 2.09475, 2.37159, 1.9127, 1.6984, 1.33523, 1.50199, 1.33169, 1.63015, 1.85437, 1.26922, 1.42386, 1.29289, 1.14047, 0.997469, 1.31323, 1.18059, 0.993812, 0.907558, 0.626591, 0.83543
3.92, 0.0319374, 2.20276, 1.81797, 2.03177, 2.17722, 2.90577, 2.58947, 2.57291, 2.91091, 2.29581, 2.68907, 2.3361, 2.39943, 2.11039, 1.99266, 1.82875, 1.65533, 1.45145, 1.4367, 1.22573, 1.0858, 1.09625, 1.20432, 1.12257, 1.30498, 0.885377, 0.836196, 0.85084, 1.11518, 0.939315, 0.951051
3.94, 0.0319374, 2.08609, 2.02282, 2.81233, 3.1403, 2.66911, 2.60028, 3.39934, 2.39252, 1.87765, 2.34217, 2.47165, 2.41099, 1.986, 2.08933, 2.01134, 2.07293, 1.83695, 1.41752, 1.46875, 1.75252, 1.42123, 1.10856, 1.27106, 1.19018, 1.32828, 1.21891, 0.836937, 0.941995, 0.899549, 0.878967
3.96, 0.0319374, 1.63959, 2.45127, 1.81292, 2.64662, 2.7352, 3.08257, 2.33536, 2.38359, 2.91165, 2.89564, 2.0438, 1.8526, 2.03586, 1.90477, 1.54823, 1.56357, 2.09271, 1.57857, 1.40377, 1.2364, 1.3584, 1.68458, 1.4205, 1.30538, 1.44849, 0.993913, 1.10315, 1.15136, 0.767725, 0.896677
3.98, 0.0319376, 1.93328, 2.70854, 2.68091, 2.466, 3.02743, 2.88734, 2.64586, 2.90017, 2.57352, 2.26003, 2.03144, 2.1437, 1.84552, 1.79455, 1.70245, 1.60955, 1.94558, 1.77092, 1.43736, 0.881395, 1.07755, 1.16863, 1.05187, 1.13832, 1.24606, 0.925173, 0.918924, 0.738334, 0.554477, 0.65814
4, 0.0319376, 1.43445, 2.24229, 2.11039, 2.04054, 3.1353, 3.06867, 2.6028, 2.75564, 3.03378, 1.75042, 1.31097, 2.18142, 2.06629, 1.40183, 1.35886, 1.32735, 1.45981, 1.41622, 1.36078, 1.03646, 1.02948, 1.1039, 1.0769, 1.54677, 1.1085, 0.970167, 1.00149, 0.862805, 0.965744, 0.842823
4.02, 0.0319376, 1.98557, 2.41034, 2.07938, 1.85083, 2.66133, 2.84569, 2.72634, 3.01654, 2.65777, 2.05534, 2.46766, 2.47586, 2.04259, 1.7621, 1.71398, 1.46312, 1.4404, 1.68903, 1.38634, 1.04208, 1.4208, 1.38132, 1.25353, 1.54971, 1.30373, 1.37782, 1.14026, 0.869862, 0.814484, 0.767109
4.04, 0.0319376, 2.10581, 1.66329, 2.74512, 2.51738, 2.97336, 3.30882, 2.45103, 3.08432, 2.61723, 2.42673, 2.41832, 2.44379, 2.10857, 1.98594, 2.05496, 1.86206, 1.52947, 1.48192, 1.49397, 1.34259, 1.32864, 1.35942, 1.45384, 1.44768, 1.20299, 0.904303, 0.954816, 0.593207, 0.520267, 0.909333
4.06, 0.0319376, 2.15219, 2.27025, 2.736, 2.31756, 2.26567, 2.96578, 2.72799, 2.69809, 2.83679, 2.43231, 2.05953, 1.99014, 2.59852, 2.10834, 1.89435, 1.04775, 1.37937, 1.44411, 1.72882, 1.37801, 1.48791, 1.51418, 1.4429, 1.28149, 0.93936, 0.937815, 0.910399, 0.754642, 0.634914, 0.971399
4.08, 0.0319376, 1.80324, 2.52556, 2.38485, 2.39227, 3.23351, 3.28199, 3.13352, 2.92644, 2.22465, 2.02478, 2.26417, 2.5376, 2.13421, 2.27223, 1.89339, 1.50694, 1.17557, 1.50523, 1.59371, 1.38825, 1.42167, 1.09442, 1.0963, 0.995889, 1.06913, 0.614087, 0.738835, 0.848725, 0.818325, 0.817251
4.1, 0.0319376, 1.87935, 2.25364, 2.29319, 1.91948, 2.85748, 3.05381, 3.03721, 2.71125, 2.43059, 2.40376, 2.03881, 2.05783, 2.09299, 1.93945, 1.9607, 1.83866, 1.81476, 1.74269, 1.09544, 1.2565, 1.20543, 1.36473, 1.26241, 0.904737, 0.801363, 1.05792, 0.861729, 0.922954, 0.796587, 0.922334
4.12, 0.0319376, 1.699, 2.37044, 2.12638, 2.28003, 2.6312, 2.65746, 2.30528, 2.17287, 3.00851, 2.65478, 2.54654, 2.3862, 2.4144, 2.03843, 1.5862, 1.09493, 1.60937, 1.46956, 1.27893, 1.33049, 0.564067, 1.12283, 1.32814, 1.12675, 0.961712, 1.10561, 0.888938, 0.951879, 0.854185, 1.04527
4.14, 0.0319376, 1.33416, 2.7681, 2.60021, 2.2667, 2.84046, 3.08403, 2.69578, 2.48032, 3.02928, 2.97286, 2.08054, 2.26615, 2.23856, 2.14744, 2.15478, 1.5825, 1.47704, 1.37686, 1.00393, 1.34003, 1.15785, 1.32099, 1.37069, 1.4113, 0.6786, 0.949425, 1.04909, 1.00724, 0.628669, 0.974233
4.16, 0.0319376, 2.29728, 1.72665, 1.96038, 2.45087, 3.04988, 2.93495, 3.00388, 2.53293, 2.33922, 2.51898, 2.92587, 2.39586, 2.52441, 2.15905, 1.50874, 1.238, 1.16501, 1.31506, 1.27649, 1.51942, 1.88067, 1.31199, 1.39763, 1.03794, 1.08845, 0.942498, 1.03099, 0.750388, 0.627421, 1.06807
4.18, 0.0319376, 2.10375, 1.51712, 2.65909, 2.82527, 2.94527, 2.76598, 2.52062, 2.72602, 2.76282, 2.33586, 2.19311, 2.02956, 1.62966, 2.39123, 1.8903, 1.8554, 1.89527, 1.49256, 1.52279, 1.25926, 1.1499, 1.2025, 1.5316, 1.40175, 1.12092, 0.879502, 0.934939, 0.786856, 0.944868, 0.920793
4.2, 0.0319376, 1.51719, 2.48062, 2.86196, 3.08018, 2.74988, 2.37949, 3.01668, 2.70205, 2.73518, 2.22638, 2.12825, 2.02885, 1.8588, 1.67956, 1.77045, 2.28747, 1.57685, 1.85587, 1.36955, 1.10469, 1.05348, 1.05728, 1.41507, 1.16294, 0.944504, 0.913132, 0.917444, 0.685304, 0.835975, 0.975895
4.22, 0.0319376, 1.69847, 2.12384, 2.50401, 2.37316, 2.75526, 3.14286, 2.80268, 2.32467, 2.40112, 2.524, 2.41002, 2.26391, 2.0502, 1.91177, 2.26844, 1.747, 1.68818, 1.72204, 1.23806, 1.39431, 1.46491, 1.42633, 1.4147, 1.33895, 0.817704, 0.787336, 0.938583, 0.572079, 0.995888, 0.858703
4.24, 0.0319376, 1.60836, 1.92415, 2.18471, 2.87857, 2.89802, 2.01302, 3.20923, 3.2625, 3.02411, 2.2825, 2.22028, 2.13239, 2.17541, 2.11438, 1.93242, 1.63543, 1.42532, 1.53426, 1.56059, 1.29806, 1.31346, 1.17227, 1.10242, 1.3142, 0.983513, 0.919675, 1.13927, 1.02075, 1.00362, 0.9303
4.26, 0.0319371, 2.26687, 2.4156, 1.47469, 1.70575, 3.16017, 3.24869, 2.39856, 2.84295, 2.42016, 2.31847, 2.73159, 2.6505, 2.37647, 2.19125, 1.93109, 1.65833, 1.34817, 1.75939, 1.473, 1.36572, 1.49004, 1.1355, 1.24996, 1.27195, 1.41653, 0.866824, 0.988979, 0.919556, 0.841779, 0.933848
4.28, 0.0319371, 2.34428, 1.79668, 2.0289, 2.31703, 3.07143, 3.24153, 2.9199, 2.26039, 2.65949, 2.68979, 2.28371, 2.25187, 1.86691, 2.25482, 1.81568, 1.37957, 1.53135, 1.77266, 1.50352, 1.65704, 1.43166, 1.50782, 1.54896, 1.52454, 1.55784, 1.27919, 1.13515, 0.962888, 0.860126, 0.687792
4.3, 0.0319371, 1.6869, 2.12629, 2.50311, 2.42973, 2.56607, 2.63989, 2.60487, 2.45193, 2.87006, 2.5906, 2.7466, 1.90578, 2.04913, 1.61765, 1.85362, 1.84128, 1.72995, 1.26252, 0.917036, 1.07003, 1.08893, 0.997706, 1.4358, 0.927143, 0.931421, 1.0163, 0.773681, 0.6379, 0.490746, 0.868419
4.32, 0.0319371, 2.31553, 1.72008, 3.0206, 2.82702, 2.93685, 2.73739, 2.19515, 2.83762, 3.3449, 2.70381, 1.94609, 2.06635, 1.8624, 1.77571, 1.46327, 1.41947, 1.53912, 1.46946, 1.26875, 1.24649, 1.23321, 1.29088, 1.40121, 1.13242, 1.05893, 1.06479, 0.86941, 1.1496, 1.00436, 0.727405
4.34, 0.0319371, 1.37045, 1.88907, 2.5906, 2.48531, 1.99691, 2.16741, 2.77692, 3.54254, 2.60413, 2.22948, 2.8561, 2.54919, 2.04358, 1.45263, 2.05933, 1.17379, 1.63602, 1.43131, 1.4603, 1.31702, 0.913791, 1.45091, 1.14467, 0.829878, 0.790432, 0.755446, 0.750392, 0.920871, 0.965376, 1.0702
4.36, 0.0319376, 2.47852, 2.39427, 2.39442, 2.36229, 2.46415, 2.83052, 2.63826, 2.61905, 3.16257, 2.43488, 2.25331, 2.22865, 1.96755, 2.02888, 1.67264, 1.6284, 1.81057, 1.86674, 1.87463, 1.6247, 1.7491, 1.2922, 1.35617, 1.40233, 1.24432, 0.762531, 0.497495, 0.822611, 0.712209, 0.633272
4.38, 0.0319376, 2.751, 2.46318, 2.34784, 3.09397, 2.97944, 3.18446, 2.59851, 2.49895, 2.12572, 2.9425, 2.19549, 2.49081, 2.39617, 2.17492, 1.37462, 1.97283, 1.95258, 1.47087, 1.32525, 1.52985, 1.21216, 1.44136, 1.29793, 1.20153, 1.0422, 1.18558, 0.619604, 0.792914, 0.721169, 0.658469
4.4, 0.0319376, 2.41632, 2.73445, 2.38728, 1.67888, 2.50273, 2.74602, 3.01158, 2.52964, 2.91359, 2.7485, 1.82358, 1.89814, 2.28344, 1.90555, 1.79716, 1.89832, 1.30053, 1.64368, 1.30924, 1.49033, 1.56077, 1.31478, 1.49007, 1.45253, 1.24051, 1.09258, 0.797464, 0.766492, 0.518096, 0.43457
4.42, 0.0319376, 1.38098, 1.80637, 2.84527, 3.19056, 2.75805, 3.11007, 3.01084, 2.27249, 2.32889, 2.45621, 2.73321, 2.53365, 2.22842, 2.14807, 1.7755, 2.02049, 2.14792, 1.97855, 1.67788, 1.61568, 1.56769, 1.43951, 1.30611, 1.36867, 0.979469, 1.21193, 0.840746, 0.682506, 0.939124, 0.809544
4.44, 0.0319376, 2.48548, 2.23582, 2.35846, 2.18589, 2.92017, 2.75649, 2.0236, 2.914, 2.95702, 2.69156, 2.45469, 2.3761, 1.93831, 2.13312, 1.89795, 1.79188, 2.2041, 1.64854, 1.41125, 1.52649, 1.1213, 1.0113, 1.19736, 1.278, 1.09558, 1.00304, 1.02991, 0.840118, 0.678909, 0.772634
4.46, 0.0319376, 1.32006, 2.18998, 2.65345, 2.42075, 2.50433, 2.68177, 2.84532, 2.8851, 3.20665, 2.59219, 2.34749, 2.07971, 2.2319, 1.89755, 1.55607, 1.67492, 1.8696, 1.3938, 1.18331, 1.21162, 0.932069, 1.09508, 1.28077, 1.20981, 0.883252, 0.920683, 1.05333, 0.936182, 0.753369, 0.790117
4.48, 0.0319376, 2.39103, 2.10629, 2.81508, 2.80286, 2.7528, 2.84495, 2.60413, 2.81687, 2.89257, 1.88649, 2.48711, 2.39155, 2.43561, 2.24741, 2.01149, 1.98898, 1.9425, 1.50864, 1.56281, 1.19518, 0.769324, 1.06345, 1.01752, 1.17193, 1.47632, 1.08315, 0.856124, 1.05437, 0.83209, 0.840363
4.5, 0.0319376, 1.9759, 2.44715, 2.65219, 2.80182, 2.85346, 3.2635, 2.75813, 2.46399, 2.48324, 2.04084, 2.59104, 2.12958, 1.82469, 2.52974, 2.24979, 2.03454, 1.75884, 1.74371, 1.77509, 1.64854, 1.63248, 1.65962, 1.69483, 1.6411, 1.20951, 1.29707, 0.963982, 0.613016, 0.732095, 0.754942
4.52, 0.0319376, 1.90656, 1.62011, 2.40768, 2.38166, 2.64608, 2.27601, 2.56342, 2.90925, 2.92251, 2.44792, 2.27675, 2.65996, 1.87001, 1.68962, 1.50382, 1.76447, 1.51184, 1.49313, 1.45414, 1.05095, 0.910386, 1.1574, 1.35584, 0.977434, 1.18604, 0.992786, 0.8166, 0.875993, 0.927451, 1.01054
4.54, 0.0319376, 2.54696, 2.61725, 2.08354, 1.92598, 2.82601, 2.67556, 2.46038, 2.59044, 3.01092, 2.73971, 2.84536, 2.59582, 2.25025, 1.84329, 1.7232, 1.71164, 1.91252, 1.89278, 1.41597, 1.30141, 1.48198, 1.38852, 1.07489, 1.28236, 1.21244, 0.789005, 0.573914, 0.629971, 0.526096, 0.688576
4.56, 0.0319376, 1.34618, 2.1617, 2.32818, 2.5421, 2.85876, 2.89795, 2.48849, 2.82738, 2.6923, 2.61228, 2.41095, 2.64365, 2.47361, 1.88125, 1.60591, 1.68619, 1.69284, 1.45754, 1.58575, 1.19641, 1.40983, 1.3332, 1.57121, 1.38097, 1.18456, 1.09493, 0.850394, 0.878808, 0.7105, 0.942564
4.58, 0.0319376, 0.940044, 2.11502, 2.24186, 2.12157, 3.36596, 3.10633, 2.79926, 2.64739, 2.43175, 3.00384, 2.11039, 2.68741, 2.71652, 1.99145, 1.64458, 1.25841, 1.51163, 1.71854, 1.62191, 1.30297, 1.27859, 1.24706, 1.36753, 1.30542, 0.973858, 0.968699, 0.981132, 0.634026, 0.574904, 0.551073
4.6, 0.0319376, 2.19515, 1.77376, 2.13678, 2.67313, 3.05188, 3.45935, 2.98968, 3.07298, 2.14634, 2.18746, 2.43434, 2.36851, 2.3662, 2.27898, 2.24887, 1.98746, 1.69532, 1.60935, 1.60793, 1.44728, 1.57134, 1.2637, 1.59903, 1.47391, 1.42692, 1.02903, 0.577316, 1.03163, 0.78854, 0.738342
4.62, 0.0319376, 2.24683, 2.37373, 2.21875, 1.97455, 2.15828, 2.50115, 2.59258, 2.69322, 2.26455, 2.15473, 1.77223, 2.61048, 2.63475, 2.00384, 1.77379, 1.71204, 1.4405, 1.49888, 1.78588, 1.81738, 1.2848, 1.21193, 1.00356, 1.52584, 0.986789, 0.928145, 0.844397, 0.716944, 0.771947, 0.695052
4.64, 0.0319376, 1.67276, 1.7512, 2.26534, 2.43694, 3.29505, 2.97319, 2.37084, 2.63128, 2.54945, 2.44295, 2.79549, 2.31897, 2.01057, 2.30072, 2.05798, 1.44149, 1.67584, 1.54183, 1.48494, 1.02738, 1.04214, 1.59387, 1.03671, 1.01332, 1.37233, 1.19267, 1.11094, 1.22461, 0.955244, 0.613733
4.66, 0.0319376, 2.32585, 2.26055, 2.99074, 2.28066, 2.88452, 3.06687, 2.45997, 2.27216, 2.32946, 2.16167, 2.22931, 2.37974, 1.9054, 1.7885, 1.96902, 1.99489, 1.62005, 1.97971, 1.45471, 1.47018, 1.28072, 1.34333, 1.3283, 1.03944, 1.4669, 1.15118, 1.05148, 1.10451, 0.961232, 0.849493
4.68, 0.0319376, 2.3639, 2.16483, 1.9443, 1.89014, 2.86624, 2.9027, 2.49013, 2.0341, 2.15303, 2.62289, 2.73094, 1.75488, 2.41348, 2.21025, 1.67182, 1.44887, 1.30055, 1.50434, 1.50874, 1.31717, 0.846418, 1.09548, 1.3055, 1.18903, 1.07109, 0.734461, 1.07819, 0.687382, 0.563916, 0.762797
4.7, 0.0319376, 1.81668, 2.13419, 2.45406, 2.79013, 2.92546, 2.82175, 2.61832, 2.82851, 2.97347, 2.83486, 2.14327, 2.14182, 2.45551, 2.00501, 2.10651, 1.82624, 1.47528, 1.34593, 1.24241, 1.22825, 1.20288, 1.04483, 1.2974, 1.391, 1.01078, 1.02961, 0.691124, 0.904105, 0.813699, 0.575355
4.72, 0.0319376, 2.38697, 2.72281, 2.40548, 2.44223, 2.37533, 2.67767, 3.0112, 2.79136, 2.74665, 2.58297, 2.74236, 2.08632, 2.09515, 1.63839, 1.81057, 1.61917, 1.96699, 1.27027, 1.29745, 1.10824, 1.30322, 1.31765, 1.71505, 1.65634, 1.30163, 1.27004, 0.856961, 0.771382, 0.686929, 1.2099
4.74, 0.0319376, 1.69143, 2.65573, 1.70858, 2.15616, 3.27134, 3.13959, 2.57024, 3.23124, 2.92012, 3.14961, 2.27024, 2.56827, 2.46263, 1.84217, 1.72723, 1.35896, 1.49189, 1.57958, 1.58283, 1.30365, 1.37176, 1.26197, 1.14372, 1.3668, 1.17841, 0.984076, 1.1053, 0.976848, 1.09049, 1.3999
4.76, 0.0319371, 2.10822, 2.2028, 1.57395, 2.10887, 2.2573, 2.86376, 2.55932, 2.654, 2.31532, 2.52777, 1.87117, 2.28214, 2.04803, 1.72391, 1.52278, 1.68986, 1.75802, 1.65144, 1.69638, 1.6268, 1.73285, 1.29457, 1.44278, 1.59951, 1.24101, 0.838994, 0.829101, 0.778656, 0.682316, 0.641675
4.78, 0.0319371, 2.15044, 2.68419, 2.47745, 2.84671, 3.34418, 2.75476, 2.62191, 2.84354, 2.80883, 3.00343, 2.51427, 2.26175, 1.3516, 1.82377, 1.66206, 1.80491, 1.82569, 1.83187, 1.63434, 1.3628, 0.988667, 1.63175, 1.51035, 1.39825, 1.18791, 0.969962, 1.23411, 1.0754, 0.749891, 0.668499
4.8, 0.0319371, 2.33789, 1.97528, 2.25575, 2.20818, 2.87107, 2.82251, 1.89553, 2.60426, 2.84827, 2.37605, 2.47637, 2.48152, 2.36853, 2.40709, 1.50688, 1.60343, 1.68686, 1.72002, 1.95419, 1.54855, 1.63102, 1.397, 1.32464, 1.18152, 1.16135, 1.0462, 0.954187, 0.709568, 0.944923, 0.931758
4.82, 0.0319371, 1.9248, 1.77375, 2.17078, 2.36557, 2.77066, 3.16078, 3.06174, 2.35152, 2.81175, 3.0354, 2.44425, 2.62354, 2.16197, 2.05934, 1.93459, 1.55859, 1.84366, 1.62585, 1.7923, 1.45621, 1.17527, 1.34004, 1.42049, 1.47182, 1.13714, 0.966724, 0.671894, 0.650296, 0.542666, 0.901452
4.84, 0.0319371, 2.63407, 2.91223, 2.91003, 2.18236, 3.32701, 3.06257, 2.41133, 2.84633, 2.62496, 2.63423, 1.84459, 2.12865, 1.74396, 1.66232, 1.65594, 1.55943, 1.48397, 1.63862, 1.2659, 1.05247, 0.994253, 1.19695, 1.13046, 1.20297, 1.30317, 1.03928, 0.646584, 0.889337, 0.827602, 0.494939
4.86, 0.0319376, 1.68759, 2.19986, 2.89592, 2.5221, 2.5753, 2.09784, 2.74441, 3.29495, 2.78261, 2.2309, 2.17169, 2.57058, 2.51621, 2.14775, 2.08893, 1.70856, 1.40735, 1.36362, 1.27797, 1.13439, 1.31501, 1.18869, 1.30433, 1.52394, 1.13571, 1.18872, 1.17508, 0.803139, 1.03648, 0.746376
4.88, 0.0319376, 1.94544, 2.04595, 2.19988, 2.40765, 2.32763, 2.30551, 2.63043, 2.9521, 2.79827, 2.59066, 2.13768, 2.40096, 2.07675, 2.2751, 1.79231, 1.52589, 1.55588, 1.39199, 1.45301, 1.19722, 0.762988, 1.46787, 0.834435, 1.12794, 1.17301, 1.07777, 1.39255, 1.19844, 0.491729, 0.758257
4.9, 0.0319376, 0.978996, 2.02421, 2.02168, 2.4847, 2.78406, 3.04811, 2.82266, 2.83756, 2.89777, 2.57487, 2.23831, 2.02276, 2.19002, 1.8695, 1.66758, 1.53613, 1.39716, 1.65746, 1.73417, 1.75648, 1.36214, 0.853764, 1.13581, 1.2693, 1.05687, 0.831936, 1.10893, 1.0268, 0.639682, 0.891965
4.92, 0.0319376, 2.12494, 2.35597, 1.96475, 2.28208, 3.17031, 3.20051, 2.59996, 2.79531, 2.4216, 2.56912, 2.58614, 2.32886, 2.29366, 1.92739, 2.05778, 2.41467, 1.75138, 1.72175, 1.54544, 1.41221, 1.16278, 1.4378, 1.57467, 1.35852, 1.46294, 1.18274, 1.01085, 0.927722, 0.605819, 0.775545
4.94, 0.0319376, 1.87453, 2.54831, 2.27392, 2.24786, 2.60722, 2.75496, 2.99658, 2.82675, 2.95882, 2.72608, 2.18197, 2.52679, 1.88864, 2.05771, 2.06333, 2.18665, 1.50317, 1.53999, 1.61431, 1.26544, 1.23952, 1.21311, 1.28199, 1.34239, 1.41733, 1.01182, 1.0638, 0.766972, 0.826123, 0.849025
4.96, 0.0319376, 2.23971, 1.85318, 2.67489, 2.53706, 3.10919, 2.50905, 2.88584, 2.27388, 2.20404, 2.64987, 2.65958, 2.18355, 2.51581, 2.04004, 2.01278, 2.10653, 1.63866, 1.59446, 1.42127, 1.38119, 1.18534, 1.40931, 1.09996, 1.09246, 0.938326, 0.973767, 0.739603, 1.23941, 0.636744, 0.819797
