# Time (seconds), Duration (seconds), f0, f1, f2, f3, f4, f5, f6, f7, f8, f9, f10, f11, f12, f13, f14, f15, f16, f17, f18, f19, f20, f21, f22, f23, f24, f25, f26, f27, f28, f29
0, 0.0319375, -1.70379, -2.13575, -1.13627, -1.42183, -2.06202, -1.10368, -1.19706, -1.551, -0.561764, -1.17465, -0.679435, -0.898809, -0.863022, -0.561607, -0.278253, -1.09641, -1.02704, -0.803864, -0.681976, 0.255553, 0.332142, 0.437174, -0.835429, -1.26355, -0.988709, -0.899531, -0.0875483, -0.411659, -0.436359, -0.527645
0.02, 0.0319375, -1.79348, -1.96917, -1.6759, -1.96273, -1.78615, -1.65241, -1.90347, -1.72266, -0.575808, -1.37062, -1.91047, -1.70613, -1.40016, -1.21185, -1.40221, -1.1522, -1.1656, -1.5023, -1.28719, -0.806664, -1.10694, -0.958809, -1.03179, -1.21319, -1.40467, -1.65688, -0.817654, -0.740452, -0.872943, -0.830388
0.04, 0.0319375, -2.68179, -2.07362, -2.22963, -2.5566, -2.10652, -1.76457, -1.7285, -1.87181, -0.918313, -1.30463, -1.79059, -1.37982, -1.99699, -2.1545, -1.7247, -1.65946, -1.9918, -2.30425, -2.1578, -1.39597, -1.93134, -1.67425, -1.77922, -1.22358, -1.29328, -1.43813, -1.01588, -1.16848, -1.12686, -1.12563
0.06, 0.0319375, -1.57588, -1.51123, -1.58637, -2.40915, -1.30354, -1.34431, -1.48067, -1.58631, -0.788185, -1.73558, -1.45157, -1.47405, -2.10212, -2.32636, -1.18738, -1.48621, -1.67901, -1.29154, -1.034, -1.1841, -1.57749, -1.5844, -1.35998, -1.20922, -0.876845, -1.52687, -1.08342, -1.12032, -1.62307, -1.32069
0.08, 0.0319375, -1.71014, -1.61052, -2.34453, -2.42838, -1.80035, -1.91971, -3.04785, -2.02897, -1.01314, -1.63718, -2.05342, -1.46515, -1.52781, -1.70776, -1.38779, -1.37249, -1.44087, -1.39678, -1.46096, -1.3361, -1.13832, -0.743819, -1.217, -1.35908, -1.2822, -1.44146, -1.27154, -1.28299, -1.27313, -1.30801
0.1, 0.0319375, -2.40352, -1.758, -2.23304, -2.7062, -2.32236, -2.49352, -1.83598, -2.20214, -0.933962, -1.60604, -1.72951, -1.51867, -1.2942, -1.79235, -1.497, -1.48352, -1.05455, -1.56114, -1.14342, -0.687153, -0.683463, -0.153381, -0.321664, -1.30251, -1.24027, -1.42554, -0.93131, -0.512196, -0.930484, -0.995136
0.12, 0.0319375, -2.27013, -2.0562, -1.93174, -2.7507, -2.32827, -1.69395, -2.00716, -1.36063, -0.638088, -1.34012, -1.78412, -1.20284, -1.27975, -1.76407, -0.773652, -0.617761, -0.877352, -0.76403, -0.787854, -0.845962, -0.586894, -0.0692868, -0.723667, -0.873713, -1.01976, -1.51697, -1.0807, -0.488835, -0.665839, -0.93598
0.14, 0.0319375, -2.92843, -2.74958, -2.2494, -1.77568, -2.03384, -2.01245, -2.2864, -2.08368, -0.864208, -1.53942, -2.19026, -1.57839, -1.78626, -1.36934, -0.628275, -0.425395, -0.75045, -0.385779, -0.737219, -0.816855, -0.839416, -0.40575, -0.458283, -0.735914, -1.10499, -1.35502, -1.03504, -0.254103, -0.411779, -0.601896
0.16, 0.0319375, -2.77413, -1.59166, -1.50273, -2.4091, -1.55984, -1.7127, -2.26528, -1.80804, -1.25666, -1.48364, -1.87098, -2.07566, -1.44453, -0.752438, -0.392221, -0.028754, 0.0096382, -0.513328, -0.330469, -0.619306, -0.959718, -0.612011, -1.01417, -1.38392, -1.2884, -1.18887, -0.876487, -0.517649, -0.879443, -0.443516
0.18, 0.0319375, -1.66323, -1.3958, -2.514, -2.84955, -2.64711, -1.97078, -2.67397, -1.87558, -0.602488, -1.2832, -2.05093, -1.44128, -1.15362, -0.903272, -0.00652134, -0.408192, -0.507397, -0.426079, -0.00596727, -0.173398, -1.02756, -0.193832, -0.765732, -1.2494, -1.3319, -1.06241, -1.32656, -0.66293, -0.0871593, -0.0770792
0.2, 0.0319375, -1.56093, -1.48507, -1.91375, -2.05843, -2.38734, -2.33648, -2.11766, -1.99515, -0.856211, -1.31177, -1.34778, -1.42472, -1.6528, -0.691667, -0.250968, -0.807012, -0.277184, 0.187117, -0.0802029, -0.457329, -0.793952, -0.629169, -1.14011, -1.40715, -1.42503, -1.31614, -1.01794, -0.337315, 0.233871, 0.401562
0.22, 0.0319375, -1.75768, -1.76164, -1.55844, -1.6092, -1.6929, -2.14971, -2.00849, -2.00854, -0.625264, -1.1685, -1.79112, -1.24997, -1.64245, -0.904142, -0.609627, 0.0605722, -0.0201493, -0.204614, -0.0378341, -0.28293, -0.690367, -0.45981, -1.08186, -1.38815, -1.62571, -1.61638, -0.828068, -0.516031, 0.0436283, 0.1396
0.24, 0.0319375, -2.10395, -1.68545, -1.67632, -2.12487, -1.87519, -2.02861, -1.73779, -1.55785, -0.806525, -1.13648, -1.81264, -1.66003, -1.50423, -0.92493, -0.788981, -0.309058, -0.460606, -0.390136, -0.165026, -0.779267, -0.333136, -0.00184665, -0.668613, -1.25319, -1.39417, -1.33302, -0.593191, -0.360001, 0.153928, 0.135029
0.26, 0.0319375, -2.69, -1.65039, -1.81131, -1.89347, -0.942348, -1.44538, -1.7749, -1.82662, -1.00096, -1.36686, -1.56505, -1.679, -1.53401, -0.280315, 0.376689, -0.0356928, -0.0744409, 0.376229, 0.486469, -0.356969, -0.325712, -0.244941, -0.944689, -1.53955, -1.43426, -1.06936, -0.415038, -0.3146, 0.600767, 0.853665
0.28, 0.0319375, -1.55961, -1.53821, -1.41171, -1.35506, -0.675426, -1.51047, -2.06775, -1.75881, -0.909356, -1.29175, -1.44986, -1.49916, -1.59136, -1.01298, -0.658566, -0.221928, -0.329104, 0.0806098, 0.477926, -0.239524, -0.645923, -0.233802, -0.376891, -1.31226, -1.66837, -1.30918, -0.603206, -0.0202088, 1.01803, 0.837205
0.3, 0.0319375, -1.99476, -2.26024, -1.87109, -1.40023, -0.800387, -1.27953, -1.95864, -1.91284, -0.71404, -1.1445, -0.956989, -1.21112, -1.37911, -0.952972, -0.337957, -0.367792, -0.193281, -0.116293, -0.232561, -0.986699, -0.724715, -0.0870632, -0.439118, -1.05236, -1.26068, -1.15606, -1.0469, -0.234913, 0.366683, 0.336188
0.32, 0.0319375, -1.12045, -1.91741, -1.50361, -1.3376, -0.87063, -1.39623, -1.51138, -1.37804, -0.953914, -1.27059, -1.45026, -1.01923, -1.22993, -1.06103, -0.754319, -1.02434, -0.366819, -0.242872, -0.513388, -0.604879, -0.842088, -0.638677, -0.527934, -1.73265, -1.48046, -1.13209, -0.823173, -0.0807399, 0.457147, 0.534874
0.34, 0.0319375, -1.96895, -1.61478, -1.77243, -1.35894, -0.61298, -1.3037, -1.87045, -1.59708, -0.940762, -1.47657, -1.50761, -1.31834, -1.47571, -1.38675, -1.09209, -0.544797, -0.533602, -0.51911, 0.158738, -1.00751, -1.23234, -0.44577, -0.939712, -1.35356, -1.64411, -1.31618, -0.773088, -0.0552522, 0.502852, 0.148525
0.36, 0.0319375, -2.40628, -1.12945, -2.05796, -1.80389, -0.947565, -2.14701, -2.36376, -2.24994, -1.05267, -1.14937, -2.07849, -2.01909, -1.63327, -0.928163, -0.600936, 0.00848072, -0.259286, -0.0547217, -0.261952, -0.87331, -0.64724, -0.662837, -0.913439, -1.75012, -1.75017, -1.41932, -0.647223, -0.383814, 0.594796, 0.530607
0.38, 0.0319375, -2.09287, -1.38073, -1.86892, -2.02442, -1.40986, -2.39928, -2.55965, -1.47896, -0.813747, -1.30343, -1.54146, -1.8097, -1.7836, -0.794397, -0.498598, -0.730084, -0.836228, -0.373001, 0.0873479, -0.735254, -1.11418, -0.653455, -1.04546, -1.79416, -1.66158, -1.16318, -0.468087, -0.0265932, 0.672516, 0.535388
0.4, 0.0319375, -1.16322, -1.19897, -2.01358, -1.93067, -1.32102, -1.09538, -1.72095, -1.9571, -0.797854, -1.49138, -1.52849, -1.36371, -1.1381, -0.991156, -0.362132, -0.53133, -0.706365, -0.00878233, -0.428713, -0.602646, -1.013, -0.365821, -1.11243, -1.73027, -1.59879, -1.38007, -0.736377, -0.232904, 0.158199, 0.421249
0.42, 0.0319375, -2.65313, -2.2102, -1.66633, -2.07072, -1.54376, -1.57263, -1.3413, -1.49013, -0.630426, -1.7543, -1.80367, -1.3562, -1.29314, -0.687487, 0.0386745, -0.298386, -0.0164441, 0.0304515, -0.469371, -0.781498, -1.07606, -0.996341, -1.35734, -1.61097, -1.00737, -0.867769, -0.784935, -0.663531, -0.111615, 0.111283
0.44, 0.0319375, -2.56965, -1.45216, -1.23065, -1.80541, -1.68949, -2.03265, -1.78965, -1.81168, -0.878977, -1.28023, -2.0937, -2.07675, -1.82634, -2.38369, -1.37282, -1.32302, -1.46828, -1.37426, -1.61834, -2.03446, -2.42513, -1.72098, -1.74772, -1.16758, -1.0995, -1.39229, -1.85973, -1.59176, -0.61384, -1.07127
0.46, 0.0319375, -2.56911, -1.59267, -1.58183, -1.48242, -1.35871, -2.18963, -2.50364, -2.04997, -0.92308, -1.10707, -2.3247, -1.75072, -1.78803, -2.44699, -1.93122, -1.96392, -1.63457, -1.72705, -2.16596, -2.24793, -2.30112, -1.55653, -0.916862, -1.07544, -1.34862, -1.49243, -1.86316, -1.78461, -1.363, -1.42195
0.48, 0.0319375, -2.54582, -1.45063, -1.74679, -1.88401, -1.93786, -2.1664, -1.95483, -2.29238, -0.970912, -1.53717, -1.79323, -1.4548, -1.86642, -2.48339, -2.38055, -1.96262, -1.78377, -1.68631, -2.25531, -2.13953, -2.09123, -2.02851, -1.24387, -1.06174, -1.55405, -1.66798, -1.96336, -1.65643, -1.62524, -1.701
0.5, 0.0319375, -1.9317, -1.80088, -1.96908, -2.01232, -1.69955, -1.96052, -2.35052, -2.02781, -0.846385, -1.36342, -1.50653, -1.18539, -1.33119, -2.62375, -2.37623, -2.67262, -2.46981, -2.23728, -2.37255, -2.71769, -1.97997, -1.71291, -1.78747, -0.759136, -0.63603, -1.5492, -1.84252, -1.78305, -1.69117, -1.85252
0.52, 0.0319375, -2.00756, -1.71506, -2.78338, -2.03628, -2.31521, -2.59812, -2.50666, -2.66685, -1.00768, -1.5129, -1.51107, -1.42406, -1.45628, -1.79852, -1.81559, -1.96996, -1.36834, -2.34794, -2.39713, -2.34611, -2.08221, -2.19316, -1.20276, -0.44426, -0.980438, -1.7582, -1.75554, -2.14084, -1.71718, -1.63135
0.54, 0.0319375, -2.05642, -1.97026, -1.94658, -1.30599, -1.21981, -2.49362, -2.04358, -1.6047, -0.849562, -1.14779, -1.61305, -1.57242, -1.592, -2.11467, -2.61551, -2.1359, -1.82547, -2.39695, -2.24922, -2.42101, -2.08168, -1.86351, -1.61437, -0.619956, -0.947454, -2.04619, -1.8729, -1.76004, -1.76879, -1.64273
0.56, 0.0319375, -1.6459, -1.68394, -1.40014, -2.26913, -2.61911, -1.63928, -2.07199, -2.01784, -0.953304, -1.44555, -2.43744, -1.4729, -1.90579, -2.33904, -2.29167, -2.43372, -2.34124, -2.4108, -2.30725, -2.0947, -2.13314, -1.71574, -1.06215, -1.10141, -1.35432, -1.977, -1.73231, -1.89128, -1.77536, -1.74893
0.58, 0.0319375, -2.15135, -1.53133, -1.38447, -1.39403, -1.8758, -2.33269, -1.91073, -2.12577, -1.18032, -1.6629, -2.18544, -1.55112, -1.78615, -2.38342, -2.45544, -2.31175, -1.6054, -2.18484, -2.23752, -2.42099, -2.31153, -2.32411, -1.57371, -1.38311, -0.862436, -1.58293, -1.33629, -1.56522, -1.9227, -1.63937
0.6, 0.0319375, -2.76872, -2.40514, -1.34533, -1.50651, -1.87844, -1.78373, -1.69492, -1.79191, -1.01721, -1.58231, -1.71809, -1.07014, -1.32749, -1.57843, -2.09599, -2.0284, -1.90975, -2.26177, -2.69568, -2.44392, -1.76217, -1.91468, -1.88449, -1.00247, -0.956376, -1.3771, -1.46017, -1.71235, -1.39195, -1.27379
0.62, 0.0319375, -1.36396, -1.37421, -1.51427, -1.66574, -1.55581, -1.34848, -1.68537, -1.47896, -0.800311, -1.09517, -0.923577, -1.22331, -1.12958, -1.88715, -1.92012, -2.15575, -1.90019, -1.74535, -2.13852, -2.28321, -1.87796, -1.56746, -1.52338, -1.32594, -1.44144, -1.79277, -1.66233, -1.79804, -1.55866, -1.45228
0.64, 0.0319375, -2.24673, -1.86939, -1.75493, -1.99381, -2.13215, -1.46877, -1.4313, -1.38352, -0.570719, -1.02866, -1.51676, -1.07553, -1.37612, -2.38595, -2.12119, -2.14402, -1.68117, -2.0256, -1.90339, -1.90785, -1.88098, -1.28866, -1.58376, -1.43236, -0.985333, -1.55853, -1.34912, -1.86456, -1.4491, -1.38635
0.66, 0.0319375, -2.11503, -1.80919, -1.37695, -1.24191, -1.81446, -1.63412, -1.59447, -0.492308, -0.46564, -1.54198, -1.568, -1.17879, -1.31825, -0.9265, -0.388165, -0.339672, 0.115977, 0.480328, 0.488714, -0.0340396, -0.437004, -0.0399556, -0.110421, -0.0377784, 0.227208, 0.27431, 0.145355, -0.212809, -0.275927, 0.785498
0.68, 0.0319375, -0.646159, -0.960267, -1.98685, -1.67075, -1.42278, -1.2772, -0.81097, -0.522399, -0.377169, -0.450929, -0.944171, -0.910778, -1.15624, -0.686293, -0.241994, -0.0598205, 0.177873, 0.505601, 0.619512, 0.420486, 0.103458, -0.0463979, -0.512959, -1.00464, -0.979021, -1.05917, -0.506786, -0.775026, -0.853549, 0.786678
0.7, 0.0319375, -0.90666, -0.259454, -1.30425, -2.06123, -1.34532, -0.545781, -0.630992, -0.492722, -0.245355, -0.714325, -0.632642, -1.05389, -1.14762, -0.379844, 0.235668, 0.251628, 0.551493, 0.990303, 1.30898, 1.03904, 0.685941, 0.0909219, -0.62598, -1.33939, -1.35518, -0.764128, -0.381411, -0.374283, 0.137707, 0.745939
0.72, 0.0319375, -1.53083, -1.10803, -0.8178, -1.54869, -2.14499, -1.6621, -0.473201, -0.4713, -0.357863, -0.298348, -0.435399, -1.12865, -1.17788, -1.03462, -0.420878, 0.284085, 0.302219, 1.09725, 1.38702, 0.988204, 0.802755, 0.117132, -0.735334, -1.33049, -1.31917, -0.995951, -0.326372, -0.129819, 0.189268, 0.652979
0.74, 0.0319375, -2.56248, -1.7992, -0.600333, -1.12096, -1.33321, -1.50435, -0.700042, 0.399472, -0.582816, -1.26677, -0.560564, -0.845578, -1.31476, -0.255871, 0.0711907, 0.280252, 0.465017, 1.41795, 1.71764, 1.3681, 0.83417, 0.525102, -0.498697, -1.04347, -0.969299, -0.978681, -0.0607399, 0.0168401, 0.86164, 1.17795
0.76, 0.0319375, -1.95071, -1.43085, -0.881447, -1.09558, -2.03817, -1.98491, -1.75203, 0.526607, -0.142104, -1.30796, -1.2783, -0.883069, -1.95859, -0.61222, -0.646989, -0.0704201, 0.549358, 0.579296, 1.63037, 0.432123, 0.492439, -0.020102, -0.875114, -1.01594, -0.650538, -1.18305, -0.538382, 0.00491245, 0.293632, 0.724815
0.78, 0.0319375, -2.31983, -1.36601, -1.58173, -0.977335, -2.4359, -1.2323, -1.02102, 0.956699, 0.462639, -1.00929, -0.99468, -0.145406, -0.859791, -0.212563, 0.478193, -0.420626, 1.32391, 0.847041, 2.13445, 0.701864, 0.471347, -0.669644, -0.699396, -0.495773, 0.0543349, 0.0185391, -0.246886, -0.0855597, 0.526343, 1.12428
0.8, 0.0319375, -2.87684, -1.57994, -0.277468, 0.408709, -1.46625, -1.3542, -1.22958, 0.827534, 1.455, -0.908888, -1.36474, 0.0593307, -0.484278, -0.44437, 1.70061, 0.299115, 1.92769, 2.14143, 1.86261, 1.9237, 0.842333, 0.413313, -0.499959, -0.416724, -0.740313, -1.14947, -0.52868, -0.0720433, 0.718696, 1.40527
0.82, 0.0319375, -2.41914, -1.23776, -0.887881, 0.714454, -0.759563, -1.56937, -1.74348, 0.3138, 1.77797, -0.820983, -0.899717, -0.190342, -0.199323, -1.43932, 1.72728, 1.28302, 1.27795, 2.50506, 1.29734, 2.29191, 0.481416, 0.377714, -0.556657, -0.341985, -0.124894, -0.612084, -0.685527, 0.0994741, 0.450442, 1.37339
0.84, 0.0319375, -1.55066, -1.37887, -1.05895, 1.19989, 0.0794539, -1.38868, -1.72848, 0.0185347, 1.8705, -0.17186, -1.51522, -0.552494, -0.0252496, -0.829827, 2.15861, 2.62717, 0.75376, 2.90463, 1.2093, 2.11741, 0.653363, 0.959559, -0.283757, -0.30369, -0.367993, -1.15522, -0.734093, -0.159205, 0.876141, 1.68259
0.86, 0.0319375, 0.267736, -0.310289, -0.937415, 0.779203, 0.333816, -0.350302, 1.58011, 1.16797, 1.57539, 0.410716, 0.74211, 0.646209, 0.587281, 1.76814, 2.64834, 3.37997, 2.79993, 3.17921, 2.96355, 2.17715, 1.31005, 0.86777, 0.409692, 0.167115, 0.209391, 0.0439552, 0.248739, 0.950551, 2.18652, 2.76658
0.88, 0.0319375, 0.637506, -0.165812, -0.816871, 0.379228, 0.853843, -0.617873, 1.71802, 1.25702, 1.66447, 1.28411, 0.190213, 1.02028, 1.1197, 1.61031, 2.998, 3.35206, 3.13509, 2.57927, 3.3448, 1.43411, 1.40101, 0.551459, 0.373291, 0.371953, 0.105099, 0.19805, 0.438317, 0.920498, 1.60652, 2.81348
0.9, 0.0319375, 0.284173, -0.596917, -1.54845, 0.741905, 1.10899, -1.10365, 1.22171, 0.931958, 1.5218, 1.70548, -0.453629, 0.307732, 1.30459, 1.42498, 2.75187, 3.24323, 3.20002, 2.47631, 3.24089, 2.20248, 1.24547, 1.15116, 0.196204, 0.344256, -0.0206249, 0.47269, 0.742526, 0.918679, 1.73295, 2.68172
0.92, 0.0319375, 0.157433, -0.203962, -1.01738, 1.26249, 1.47779, -1.45971, 0.781427, 0.33248, 1.1859, 1.45815, -0.171323, -0.125997, 1.49737, 1.68346, 2.44677, 3.62375, 3.29304, 2.98576, 3.57925, 2.8262, 1.64799, 1.7323, 1.03869, 1.21403, 1.11361, 0.838343, 1.1783, 1.27712, 2.09583, 2.48207
0.94, 0.0319375, -0.747902, -0.628043, -1.23218, 1.13281, 1.45386, -0.400138, -0.369731, 0.533491, 1.61767, 2.04387, -0.110493, -0.044766, 1.94614, 2.17017, 2.58336, 3.58032, 3.49198, 3.13061, 3.62019, 2.79728, 1.6822, 1.64287, 1.15333, 0.576448, 0.855654, 0.977025, 0.810376, 1.4527, 2.0901, 2.58868
0.96, 0.0319375, -0.287168, -0.90548, -1.09931, 1.39724, 1.83104, -0.628307, 0.649552, 0.159739, 1.83659, 2.44999, -0.790878, -0.414131, 2.07121, 2.3714, 2.25718, 3.49458, 3.59602, 2.9206, 3.62068, 2.91277, 1.78197, 1.56918, 1.08786, 0.666049, 0.822035, 1.32237, 1.54519, 1.91833, 2.66474, 2.56184
0.98, 0.0319375, -0.480703, -0.810754, -0.873328, 1.22436, 1.63821, -0.630699, 0.459077, 0.60791, 1.65429, 1.97889, -0.277964, 0.0228642, 2.09952, 2.22252, 2.86523, 3.61618, 3.40492, 3.20251, 3.94678, 3.65539, 2.43738, 2.14834, 1.24945, 0.910133, 0.919405, 1.16103, 1.66668, 1.76148, 2.55944, 2.8754
1, 0.0319375, -0.80536, -0.461179, -1.1572, 1.12991, 1.37419, -0.36404, 0.117838, 0.0812894, 1.88242, 2.24944, -0.241164, -0.139148, 2.30572, 2.40261, 2.77489, 3.55074, 3.35925, 3.14279, 3.68303, 3.54885, 2.31479, 2.21612, 1.02757, 1.05723, 1.08749, 1.57333, 1.94583, 2.04743, 2.54466, 2.44312
1.02, 0.0319375, -1.34806, -0.632761, -0.901486, 1.13825, 1.53829, -1.02906, -0.471091, -0.0979474, 1.75785, 2.29296, -0.022453, 0.0168023, 2.28199, 2.28537, 1.63623, 3.28449, 3.2141, 2.55736, 3.57691, 3.0025, 2.40322, 2.0163, 1.71212, 1.15536, 1.10173, 1.65205, 1.83311, 2.20366, 2.56983, 2.89659
1.04, 0.0319375, -2.09681, -1.45134, -1.63782, 1.50087, 1.72298, -0.878642, -0.217933, -0.161904, 2.10402, 2.57821, -0.768876, -1.03339, 2.42244, 1.9105, 1.83123, 3.84484, 3.24825, 2.84613, 3.65084, 2.7195, 2.23829, 1.97707, 1.8197, 1.33664, 1.23567, 1.72807, 1.99605, 2.54797, 2.66426, 2.62246
1.06, 0.0319376, -0.804072, -1.86736, -2.35196, 0.733412, 0.975028, -1.10989, 0.179106, -0.172425, 1.79015, 1.7594, -0.147351, -0.0457707, 1.87264, 1.62729, 2.28807, 3.59204, 2.39218, 3.01577, 3.13273, 2.68494, 2.38135, 1.97095, 1.58743, 1.14542, 1.16524, 1.41839, 1.73689, 2.0121, 2.52424, 2.61892
1.08, 0.0319375, -0.52423, -0.624896, -1.09658, 1.32808, 1.19468, -0.228661, 0.880017, 0.903739, 1.88634, 1.88315, 0.588482, 0.490348, 1.65603, 2.18234, 2.89545, 3.53626, 3.09947, 3.28493, 3.28201, 3.08226, 2.73539, 2.11561, 1.49058, 0.524856, 0.777144, 1.4776, 1.67905, 2.18047, 2.47098, 2.70586
1.1, 0.0319375, -0.844923, -0.00564347, -0.867612, 0.420368, -0.0397383, -0.316407, 0.705711, 0.949598, 1.96741, 1.43848, 0.325995, 0.0378885, 1.40222, 1.76203, 2.93457, 3.09006, 2.8149, 3.23041, 2.89938, 3.16562, 2.67907, 2.39571, 1.21179, 0.894748, 0.912687, 1.47546, 1.74527, 1.97788, 2.49897, 2.93358
1.12, 0.0319375, -0.686999, -0.18812, -1.26037, 1.12496, 0.736389, -0.596457, 0.320154, 0.526777, 1.6258, 1.12561, 0.459987, 0.0872541, 1.23693, 1.80617, 2.55584, 3.06595, 2.72055, 3.26296, 2.73537, 3.0576, 2.59348, 2.18335, 1.59242, 0.738369, 0.967104, 1.25702, 1.40532, 1.44507, 1.98774, 2.72974
1.14, 0.0319375, -0.132175, -0.327393, -0.896963, 1.57581, 0.811971, -0.498483, 0.351162, 0.505547, 1.68306, 0.916125, 0.826338, 0.524886, 1.0917, 1.79599, 2.87403, 3.30866, 2.58933, 3.31391, 2.64857, 2.75843, 2.33853, 2.56737, 1.66753, 0.865925, 1.29094, 1.30331, 1.68946, 1.97874, 2.2926, 2.97546
1.16, 0.0319375, -1.42418, -0.495499, -1.05499, 1.35954, 0.827847, -0.52235, -0.969843, -0.797281, 2.38937, 1.34721, -0.86309, 0.0145899, 1.87014, 0.710506, 1.95254, 3.41282, 1.5618, 2.93196, 2.73612, 2.98937, 2.75923, 2.65899, 2.0876, 1.51136, 1.17893, 1.63496, 1.68314, 1.85319, 2.44697, 2.78173
1.18, 0.0319376, -1.01231, -1.00333, -0.888471, 1.32347, 0.87879, -1.52563, -0.653112, -0.215604, 2.34137, 1.19565, -0.814735, -0.128714, 1.37743, 0.481382, 1.24008, 3.05128, 1.71847, 2.96267, 3.06843, 2.95802, 3.0084, 2.04973, 1.67087, 0.885535, 1.16373, 1.31128, 1.65559, 1.8133, 1.96543, 2.9659
1.2, 0.0319375, -2.35918, -2.11686, -2.38659, 1.30509, 0.782158, -1.53528, -0.418429, -0.35176, 1.90019, 0.839726, -0.783139, -0.38143, 1.32636, 0.0583217, 0.828155, 2.83773, 1.83023, 2.86385, 3.07215, 2.94842, 3.11844, 1.95258, 1.67548, 1.0189, 1.07271, 1.41263, 1.7902, 2.03919, 2.02257, 2.70464
1.22, 0.0319375, -1.79824, -1.45586, -1.47893, 1.47152, 0.922985, -1.09243, -0.875939, -0.796865, 1.45896, 0.676096, -1.57566, -0.652934, 1.22372, -0.0817088, 1.09866, 3.0916, 1.2509, 3.00112, 2.51219, 3.10423, 2.78529, 2.34796, 1.6676, 1.40482, 0.829372, 1.32517, 1.52314, 1.86826, 2.31125, 2.70818
1.24, 0.0319375, -0.683566, -1.15936, -0.793547, 1.44061, 0.493845, -0.620669, 0.278826, 0.483891, 1.91701, 0.580241, 0.429141, -0.0313893, 0.836965, 1.11459, 2.28063, 2.88985, 2.11744, 3.31949, 2.71557, 3.18399, 2.80024, 2.73108, 1.64185, 1.08891, 0.516176, 1.0021, 1.34566, 1.80174, 2.02414, 2.67141
1.26, 0.0319375, 0.0362872, -0.1516, -0.169122, 1.03587, -0.298591, 0.574965, 1.10072, 0.839839, 2.60061, 1.8894, 1.58919, 0.407671, 1.29434, 1.98527, 2.11139, 2.70991, 2.69758, 3.19471, 3.13346, 3.60324, 3.40555, 2.85256, 1.94747, 1.16483, 1.0616, 1.25802, 1.47335, 2.13018, 2.32344, 2.75418
1.28, 0.0319375, -0.0534309, -0.954852, -0.487412, 1.51082, 0.445237, 1.04464, 1.66055, 0.785387, 2.07536, 1.47765, 1.90538, 0.0787973, 1.09387, 2.07095, 1.64456, 2.94628, 3.14746, 3.10815, 3.14575, 3.43317, 3.20969, 2.97207, 1.65219, 0.9085, 1.12048, 1.53035, 1.83833, 2.37247, 2.3705, 2.93703
1.3, 0.0319376, -0.932764, -1.1523, -0.0287091, 0.403377, -0.268606, 1.10134, 0.145711, 1.44528, 1.15028, 2.00283, 0.868324, 0.153371, 1.1811, 1.61153, 1.86208, 2.61026, 2.01607, 3.14274, 2.54699, 3.28643, 3.46817, 3.02393, 1.83139, 1.36667, 1.43878, 1.71746, 1.85248, 2.29358, 2.25161, 3.06331
1.32, 0.0319375, -0.90619, -0.979491, -0.539847, 0.738228, -0.078226, 0.896774, 0.944459, 0.736804, 1.45749, 1.18181, 1.19249, 0.243792, 1.28001, 1.95955, 2.43158, 2.54096, 2.56466, 2.7108, 2.76561, 3.02671, 3.60849, 2.98381, 2.11775, 0.921667, 1.31889, 1.67056, 1.92207, 2.66195, 2.61019, 3.04201
1.34, 0.0319375, -0.104803, -1.60994, -0.015307, 0.919483, -0.282403, 1.15954, 0.800944, 1.02482, 1.50497, 1.77664, 1.5398, -0.00418405, 1.13682, 2.23448, 2.60857, 3.03981, 3.00532, 2.97989, 2.84966, 3.29346, 3.36914, 3.10248, 1.92587, 1.22674, 1.87301, 2.27755, 2.27678, 2.48442, 2.52956, 3.11939
1.36, 0.0319375, -0.65501, -0.213049, -0.555017, 1.01098, 0.910231, 0.456215, 0.717712, 1.15079, 1.33627, 1.00871, -0.0287131, 0.495878, 1.61489, 1.73954, 2.53865, 3.11165, 2.81645, 2.67935, 2.9224, 2.79494, 3.61714, 2.83814, 1.91052, 0.959146, 1.41171, 2.33878, 2.89242, 2.78253, 2.59175, 3.36983
1.38, 0.0319375, -0.84052, -0.652761, -1.32466, 0.657805, 1.80872, 0.00149543, -0.0358004, 0.43655, 1.82445, 2.52231, 0.612509, -0.725728, 1.37886, 2.84333, 2.11151, 2.43929, 3.3587, 2.40468, 3.09937, 3.19792, 3.09847, 2.80042, 1.62704, 1.36316, 1.53122, 2.42721, 2.97663, 3.07151, 3.14415, 3.34845
1.4, 0.0319375, -1.97123, -1.05979, -1.80775, -0.0210013, 2.44951, 1.62064, -0.431233, -0.895356, 0.0691128, 1.7744, 2.01859, -0.611208, 0.480026, 2.77114, 2.95733, 2.02151, 3.29741, 3.70559, 2.34118, 3.98963, 3.32079, 2.89297, 1.72772, 1.30001, 1.42784, 2.02566, 3.20898, 3.02358, 2.53256, 2.61628
1.42, 0.0319376, 0.411747, -0.0105114, 0.0905461, 1.64536, 2.98104, 2.05507, 2.13944, 2.42904, 1.72435, 2.46131, 1.92335, 1.66934, 1.39822, 2.87651, 3.45697, 3.21827, 3.8207, 3.5213, 2.80656, 3.51502, 2.36074, 2.58198, 1.49433, 1.10837, 1.38581, 1.62822, 1.91725, 2.09724, 1.9656, 2.00909
1.44, 0.0319375, -0.472041, -0.404674, 0.0335149, 0.55667, 2.25566, 1.91246, 1.90739, 2.28673, 2.00173, 1.19961, 1.46576, 0.921589, 0.701815, 2.15393, 2.42644, 2.31182, 2.47083, 2.57086, 2.18726, 2.90979, 2.22755, 2.27239, 1.15136, 1.39535, 1.34444, 1.80891, 2.34002, 2.25125, 2.43353, 2.24986
1.46, 0.0319375, -0.35857, 0.488281, 0.665571, 0.863217, 2.27513, 1.60005, 1.04722, 1.30312, 1.27475, 1.50575, 1.05422, 0.592986, 1.03022, 1.52623, 1.76282, 1.55899, 2.15279, 1.77547, 1.68395, 2.53434, 1.59475, 1.15321, 0.457506, 0.996481, 1.17888, 1.57426, 1.9968, 1.74675, 2.24223, 2.07982
1.48, 0.0319375, -0.27502, -0.351811, 0.243101, 1.19826, 1.67241, 1.30145, 0.638571, 1.06902, 1.11577, 0.877733, 0.207842, 0.125853, 0.240535, 1.70518, 2.04941, 1.30147, 1.28792, 1.2469, 1.09241, 1.86858, 1.27475, 0.879413, 0.133197, 0.623571, 0.598846, 1.16551, 1.47711, 1.44595, 1.79162, 1.75942
1.5, 0.0319375, -0.353034, -0.864937, 0.0535979, 1.09419, 1.51583, 1.75329, 2.01805, 1.80451, 0.859981, 0.665224, 0.362823, 0.603982, 0.746687, 0.865923, 1.41392, 1.20978, 1.34912, 1.43751, 0.909066, 1.33226, 1.00307, 0.618606, 0.218351, 0.113954, -0.0429097, 0.735933, 1.2629, 1.16229, 1.78262, 1.36256
1.52, 0.0319375, -0.0944923, 0.101623, -0.229212, 1.85198, 3.23613, 2.43961, 2.79254, 2.65017, 1.78227, 2.11451, 1.44492, 0.947526, 1.16453, 2.09577, 2.11903, 1.54202, 1.45218, 0.897748, 1.08177, 0.648726, 0.203634, 0.3402, -0.36237, -0.59704, -0.335065, 0.633629, 0.770485, 1.11521, 1.15668, 1.16846
1.54, 0.0319375, -0.215281, -0.589495, -0.387859, 1.70333, 1.69907, 1.6073, 2.413, 2.01865, 1.22438, 0.908889, 0.455694, 0.388156, 0.508099, 1.23043, 1.51097, 0.559467, 0.490524, 0.183993, 0.0998118, 0.837372, 0.929146, 0.983335, 0.680105, 0.705842, 0.796279, 0.715845, 0.799794, 1.07173, 1.45277, 1.84969
1.56, 0.0319376, -0.575848, -1.29783, -0.834475, 0.983066, 1.47043, 0.785704, 0.785028, 1.19056, 0.572881, 0.789757, -0.0875273, -0.703065, -0.136568, 0.0763762, 0.800335, 0.160055, 0.073602, -0.343995, -0.759662, 0.751612, 0.0680995, -0.489279, -0.42389, -0.779817, -0.32969, 0.427814, 0.366786, 0.347707, 0.511302, 0.582506
1.58, 0.0319375, -0.904033, -1.37857, -1.25546, 1.31223, 1.62912, 0.580109, 1.09106, 0.321668, 0.422189, 0.192195, -0.737402, -1.30109, -0.464813, 0.428175, 0.366849, 0.140606, 0.0151762, 0.14622, -0.29284, 0.257512, -0.350943, -0.531229, -0.980767, -1.10342, -0.828215, -0.401996, -0.235905, 0.235582, 0.582692, -0.0503748
1.6, 0.0319375, -1.69806, -0.781987, -0.937746, 0.497166, 0.705747, -0.176665, 0.312014, 0.079219, 0.113805, 0.0915924, -1.26735, -1.01232, -1.01092, -0.781917, -0.509329, -0.21682, -0.0249674, 0.812283, 0.563509, -0.105821, -0.988092, -0.724417, -0.695588, -1.04172, -0.946564, -0.498604, -0.160755, -0.0443083, 0.131599, 0.0582831
1.62, 0.0319375, -1.68698, -1.51686, -1.92963, 0.524273, 1.48196, -0.526952, 0.351702, 0.0390531, -0.674889, -1.05023, -1.27815, -1.31085, -1.33853, -0.892519, -0.538577, 0.0406689, 0.425939, 0.906142, 0.464958, 0.0382624, -0.671202, -0.824344, -0.919592, -1.44368, -1.46099, -0.940184, -0.167113, -0.209482, 0.446029, 0.849673
1.64, 0.0319375, -1.05738, -1.59808, -1.28722, 0.324764, 1.21016, 0.673008, 0.168879, -0.482846, -0.343411, -1.06546, -0.815169, -1.08144, -1.4458, -0.616884, 0.196324, 0.70464, 0.734517, 0.828285, 0.834109, -0.0066375, -0.602369, -0.40765, -0.796418, -1.05198, -1.13449, -0.728339, -0.157796, 0.0455873, 0.904401, 1.03931
1.66, 0.0319375, -1.1477, -1.58906, -1.59879, -0.508342, 2.67866, 2.60702, -0.463024, -0.174907, -0.81955, -0.344502, 0.251099, -0.81657, -1.11052, -0.23922, 0.632368, 0.44737, 0.422086, 1.93639, 1.58318, 0.0943561, -0.26046, -0.503805, -0.573283, -0.552303, -0.532589, -0.374364, -0.311398, -0.198556, 0.962647, 0.915404
1.68, 0.0319376, -1.45932, -0.972271, -0.781911, -0.379044, 3.27753, 2.62955, -0.0842849, 0.493972, -0.0219497, -0.159606, 0.541321, -1.39792, -0.884455, 0.274007, 0.999966, 0.547258, 0.904952, 1.96086, 1.41998, 0.177329, -0.199728, -0.540035, -0.278025, -0.61364, -0.744934, -0.213695, 0.134825, -0.033932, 0.795833, 0.649407
1.7, 0.0319375, -1.46014, -0.879391, -1.63789, -0.767812, 3.07783, 2.34136, 0.408551, 0.876819, 0.562267, 0.171569, 0.205694, -1.24719, -0.720388, 0.718104, 0.980474, 0.811466, 0.840882, 2.07712, 1.64452, 0.330565, -0.181971, -0.151002, -0.0537338, -0.261259, -0.561641, -0.629409, -0.213339, -0.454086, 0.449846, 0.349243
1.72, 0.0319375, -1.49449, -1.57821, -0.770252, -0.75205, 3.31115, 2.92129, -0.0377604, 0.403129, -0.252693, -0.486165, 0.490915, -0.787079, -1.07787, 0.550322, 0.95373, -0.102026, 0.635689, 1.12381, 0.777663, 0.220132, -0.232433, -0.146001, -0.0800152, -0.330832, -0.367162, -0.61517, -0.432361, -0.731943, -0.472492, -0.339464
1.74, 0.0319375, -1.94913, -1.62319, -1.84777, -0.70625, 2.75441, 3.37193, 0.611102, 0.101091, 0.0378376, -0.469785, 0.461093, 0.137294, -0.816208, -0.524553, 0.83388, 0.188851, -0.234601, 0.51943, 0.54033, -0.124267, 0.231025, -0.309253, -0.0149593, -0.524802, -0.784709, -0.969154, -0.909559, -1.15311, -0.778363, -0.553916
1.76, 0.0319375, -2.29696, -1.21712, -1.55822, -1.998, 1.99833, 3.46563, 1.48739, -0.12451, -0.532048, -0.928659, -0.329153, 0.325705, -1.73679, -1.1807, -0.10387, 0.493429, -0.707372, 0.716639, 0.267521, -0.964862, -0.74805, -1.00528, -0.672816, -0.750086, -0.750366, -1.14891, -0.902807, -1.07679, -1.16245, -0.544604
1.78, 0.0319375, -2.64849, -1.79261, -2.25976, -2.62674, 1.32747, 2.88116, 1.92453, 1.80301, 0.961263, -0.925811, -0.474464, -0.182528, -1.42013, -0.842078, 0.0284646, -0.0481017, -0.464516, -0.535375, -0.251004, -0.639764, -1.05858, -0.907679, -1.20116, -1.44362, -1.06999, -0.846354, -1.09602, -1.33707, -1.1144, -1.02385
1.8, 0.0319376, -1.83835, -1.87741, -2.59033, -2.20499, 0.83872, 2.01904, 1.50035, 1.32567, -0.191713, -1.37507, -1.81547, -1.5816, -1.17965, -1.13886, -1.07081, -0.76268, -1.0112, -0.901302, -0.96668, -1.29352, -1.12044, -1.4045, -1.51947, -1.44997, -1.06637, -1.09091, -1.40704, -1.57171, -1.12928, -1.01537
1.82, 0.0319375, -2.6693, -2.90925, -2.52378, -1.79756, 0.103472, 1.01086, 0.772498, 0.155675, -0.179794, -1.3841, -1.00963, -1.18071, -1.73171, -1.60745, -1.79122, -1.09719, -1.48963, -1.57569, -1.34919, -1.57321, -1.50299, -1.42479, -1.33794, -1.33995, -1.12667, -1.2143, -1.06385, -0.993775, -1.10515, -1.13003
1.84, 0.0319375, -3.15862, -1.93784, -1.25805, -1.67859, 0.209354, 1.40802, 0.284146, 0.0500198, -0.265474, -1.04688, -1.56124, -1.43351, -1.23687, -1.27882, -1.34096, -1.41483, -1.22696, -0.941647, -1.20272, -1.72093, -1.55138, -1.2982, -1.2491, -1.33252, -0.932255, -1.23146, -0.866274, -0.905824, -1.18395, -0.535177
1.86, 0.0319375, -1.17836, -0.554263, -1.11607, -1.50813, 0.149491, 0.824281, 0.564138, 0.585166, 0.559681, -0.564194, -0.43843, -0.378733, -0.764034, -0.26011, -0.0244965, -0.25826, 0.305228, 0.571034, 0.0761005, -0.274803, -0.686861, -0.884921, -0.957687, -0.411308, -1.14314, -1.24349, -0.964674, -1.25233, -0.69009, -0.708389
1.88, 0.0319375, -0.703681, -0.961715, -0.449682, -0.804638, 0.365799, 0.707885, -0.00456737, 1.00418, 0.857709, -0.341346, -0.162911, -0.716867, -0.946922, -0.162612, 0.136809, -0.0256892, 0.289665, 0.632268, 0.139795, -0.234254, -0.349555, -0.204485, -0.382744, -0.357176, -0.801446, -1.09591, -1.16919, -1.09299, -0.698818, -0.363291
1.9, 0.0319375, -1.35595, -0.795279, -1.22144, -1.14898, -0.546053, 0.545606, 0.799931, 1.02675, 0.600274, 0.0480075, 0.0762323, 0.0796622, -0.575483, 0.273819, 0.456675, 0.0470251, 0.299747, 0.525589, -0.155694, -0.564194, -0.774554, -0.152876, 0.0926701, 0.0240379, -0.246599, -1.19145, -1.31201, -1.25081, -0.503546, 0.00379034
1.92, 0.0319376, -1.03019, -1.02711, -0.939294, -0.766178, -0.419855, 0.266594, 0.374998, 1.21235, 0.89923, 0.121194, -0.0515122, -0.283616, -0.591005, 0.181831, 0.190252, -0.284117, -0.0773311, 0.0748421, 0.0983246, -0.0148445, 0.0725193, 0.00601316, -0.231044, -0.255199, -0.733656, -1.04973, -1.297, -1.12269, -0.517694, -0.215459
1.94, 0.0319375, -0.829698, -1.50984, -2.39045, -1.64286, 0.0186405, 0.333915, 0.292551, 1.04684, 0.254071, -0.0682109, -0.324914, -0.856652, -1.00067, -0.367188, -0.50888, -0.482043, 0.15687, 0.573134, 0.310232, 0.0286713, -0.012967, -0.168883, -0.67143, -0.560353, -0.95362, -1.69682, -1.39223, -0.983204, -0.540793, 0.0730179
1.96, 0.0319375, -1.61345, -1.43818, -1.67392, -0.67954, -0.477325, -0.352857, 0.0472673, 0.702109, 0.521381, -0.435613, -0.509077, -1.0255, -1.20757, -0.369402, -0.214893, -0.238857, 0.369092, 0.526075, 0.288667, -0.416025, -0.810097, -0.654502, -0.539416, -0.635345, -1.405, -1.4322, -1.53692, -1.20515, -0.899474, -0.251638
1.98, 0.0319376, -1.62829, -0.65588, -0.90547, -0.97737, -0.735393, 0.0125186, 0.121245, 0.571047, -0.0345087, -1.03279, -1.17132, -1.54498, -1.35016, -0.337567, -0.199872, 0.0425403, 0.56898, 0.879799, 0.138355, -0.659389, -0.486027, -0.273834, -0.842117, -1.31304, -1.16237, -1.20936, -1.06854, -1.23099, -0.616765, -0.378172
2, 0.0319376, -1.13694, -1.5262, -1.23985, -1.56721, -0.70805, -0.127038, -0.215723, 0.593432, 0.692335, -0.524211, -0.665643, -1.52532, -1.32324, -0.211505, 0.0206421, -0.544006, 0.168812, 0.671105, 0.575141, -0.181117, -0.481933, -0.738875, -1.01824, -1.11496, -1.19576, -1.37981, -1.03724, -0.951291, -0.579592, -0.428406
2.02, 0.0319376, -1.52532, -0.927915, -0.908259, -1.02893, -0.412713, -0.0708348, -0.112046, 0.939289, 0.5531, 0.247021, -0.557489, -0.481159, 0.0601778, 0.302889, 0.306675, -0.224419, 0.601386, 1.31338, 0.884043, -0.0844862, -0.408752, -1.23235, -1.22762, -0.652973, -0.707951, -0.0274936, 0.315995, -0.00315376, 0.252135, 0.530296
2.04, 0.0319376, -1.23588, -0.427866, -0.600023, -0.466144, 0.0435337, 0.406001, 0.61046, 0.799713, 0.658581, 0.354429, -0.153426, -0.358587, -0.143586, 0.284698, 0.470056, 0.340039, 0.93677, 1.70383, 1.09548, 0.00323618, -0.810089, -0.822109, -0.674036, -0.83628, -0.663799, -0.607266, -0.520997, -0.411318, 0.03999, -0.0330372
2.06, 0.0319376, -1.00594, -0.317751, -1.41084, -1.02156, -0.154988, 0.924248, 0.784718, 1.53913, 1.41556, 0.826563, 0.439577, 0.0129206, -0.07865, 0.829776, 0.679087, 0.77102, 1.06945, 1.70061, 1.18009, -0.439432, -0.782799, -0.514105, -0.0287664, -0.234526, -0.0814576, -0.49309, -0.1893, 0.0137681, 0.591857, 0.879751
2.08, 0.0319376, -1.59125, -0.86179, -0.322767, -1.20782, 0.551206, -0.238368, 1.32419, 0.861259, 1.54927, 0.893003, 0.40882, 0.266498, 0.374171, 1.04456, 0.889572, 0.711195, 1.45445, 1.94934, 1.31045, -0.338003, -0.444575, -0.00444433, 0.411887, -0.0360375, -0.319463, -0.240991, 0.0583435, 0.303686, 0.32008, 0.915939
2.1, 0.0319376, -0.298834, -1.35558, -0.364786, -0.641066, 0.522021, 0.583836, 1.09198, 1.70141, 1.29102, 1.10208, 0.724998, 0.0608198, 0.281556, 0.889691, 0.647356, 0.0870223, 1.15659, 1.78051, 0.91543, 0.0750006, 0.15109, 0.373204, 0.562657, -0.0419165, 0.0292149, -0.553214, -0.187899, 0.323821, 0.748354, 1.51332
2.12, 0.0319376, -0.371922, -0.952422, -0.290897, -1.50643, 0.35546, 0.361766, 0.747742, 1.7084, 1.51889, 1.07794, 0.733264, -0.00578404, 0.105673, 0.503539, 0.615938, 0.263899, 1.02185, 1.84583, 1.40105, 0.786367, 0.694752, 0.842967, 0.350251, 0.00763936, 0.26142, 0.159522, 0.260671, 0.452322, 0.853708, 1.53798
2.14, 0.0319374, -1.25248, -1.87265, -0.89815, -1.58968, 0.418742, 0.193561, 1.21065, 1.07615, 1.35914, 0.644219, 0.833939, -0.0660282, 0.0196495, 0.166767, 0.473262, 0.392625, 0.858087, 1.83574, 1.59768, 0.93103, 0.82928, 0.501226, 0.415523, 0.311909, 0.347226, 0.301472, 0.851346, 0.717213, 1.14247, 1.85455
2.16, 0.0319374, -1.1856, -0.765052, -0.724492, -1.27453, 0.1482, 0.156711, 1.198, 1.24308, 1.67077, 0.861299, 0.242761, -0.270304, -0.499659, 0.0447021, -0.0581387, -0.265969, 0.213192, 1.41451, 1.31713, 1.08234, 0.56833, 0.0632206, -0.121719, 0.121685, 0.192804, 0.439328, 0.521168, 0.714697, 1.2233, 1.88123
2.18, 0.0319374, -1.18761, -0.948715, -0.532036, -0.569591, 0.085427, 0.339064, 0.896236, 1.21096, 1.55734, 1.25367, 0.155653, 0.380213, 0.194904, 0.756774, 0.40956, -0.134968, 0.606456, 1.51354, 1.38267, 0.940092, -0.0116733, -0.627385, -0.374029, 0.0503469, -0.0251708, -0.0231829, 0.00443962, 0.331148, 0.973651, 1.85377
2.2, 0.0319374, -1.53378, -1.18161, -0.653915, -1.20687, -0.707122, 0.230018, 0.963904, 1.39923, 1.14811, 0.619091, 0.402525, 0.358164, -0.0337367, 0.768747, 0.674004, 0.404457, 0.56392, 1.09783, 0.975814, 1.06125, 0.525594, 0.39545, 0.34026, 0.52968, 0.564982, 0.430811, 0.740412, 0.689013, 1.3796, 2.144
2.22, 0.0319374, -1.52923, -1.39782, -1.56184, -0.995091, -0.321005, -0.0392637, 0.285685, 0.901158, 1.05949, -0.0586831, 0.00393141, 0.00717243, 0.10835, 0.329842, 0.4093, 0.433131, 0.678825, 1.12812, 0.960102, 1.24774, 0.652369, 0.090463, 0.314582, -0.0515625, 0.284919, 0.263118, 0.338618, 0.958375, 1.71703, 2.25221
2.24, 0.0319376, -1.11747, -0.878098, -1.42749, -1.57386, -1.20344, -0.992477, -1.02749, 0.348483, 0.692078, 0.0722268, -0.467506, -0.488892, -0.586329, -0.22928, 0.253151, 0.148254, 0.230507, 0.95759, 1.08227, 0.799976, -0.239377, 0.0167083, -0.289001, -0.305447, -0.276609, -0.159357, 0.137363, 0.722937, 1.46847, 2.12823
2.26, 0.0319376, -1.52263, -1.64114, -1.7859, -1.2735, -1.10966, -1.20993, -1.44857, -0.976972, -0.43815, -0.587465, -1.04962, -0.733998, -0.963571, -0.967751, -0.324926, -0.668984, -0.133028, 0.40488, 0.662797, 0.551046, -0.0716411, -0.290769, -0.460329, -0.511968, -0.531079, -0.309019, -0.16188, 0.144658, 1.25286, 2.14398
2.28, 0.0319376, -1.42201, -1.65111, -1.83307, -1.53109, -1.29961, -1.00924, -1.68227, -0.922231, -0.496996, -1.00802, -0.70276, -0.87114, -0.813295, -0.908468, -0.877175, -1.29326, -0.932395, -0.172515, 0.0864038, -0.450512, -0.729649, -0.7171, -0.773398, -0.999241, -0.692346, -0.569825, -0.55788, -0.307886, 0.653414, 1.31242
2.3, 0.0319376, -2.7334, -1.4071, -1.24666, -1.7142, -1.29446, -1.70058, -2.18605, -1.41698, -0.713616, -1.3142, -1.3395, -1.33195, -1.2648, -1.36442, -1.70675, -1.54576, -1.07481, -0.883992, -0.604437, -1.14351, -0.972468, -1.29424, -1.3062, -1.0184, -0.881703, -0.750681, -0.804345, -0.571321, -0.239143, 0.135039
2.32, 0.0319376, -2.21669, -1.29493, -1.68922, -1.98938, -1.27923, -1.03108, -1.25989, -1.23904, -0.850774, -1.62025, -1.7412, -1.75933, -1.4743, -1.13033, -1.55536, -1.31435, -1.23621, -1.10103, -0.893504, -0.915598, -1.12296, -1.42014, -1.15885, -1.08002, -0.888478, -0.83548, -0.129494, 0.536441, 1.10218, 1.41468
2.34, 0.0319376, -1.64184, -1.15442, -0.223173, 1.41053, 1.23474, -0.611493, 0.764511, 2.5815, 3.45838, 1.97505, 0.651255, 1.28799, 1.56189, 1.69748, 2.24972, 2.26641, 1.63903, 2.60156, 2.22839, 3.22999, 2.85406, 2.5788, 1.62189, 1.45282, 2.04869, 2.46276, 2.57776, 3.15752, 3.76342, 3.44951
2.36, 0.0319376, -0.757685, 0.0975615, 0.0419682, 1.6438, 2.80922, 2.73869, 2.64923, 2.96971, 2.93797, 2.49807, 1.82557, 1.41411, 1.50878, 2.18714, 2.39715, 1.98947, 2.04593, 2.46306, 2.09608, 2.56138, 2.41254, 2.08099, 1.82458, 1.88782, 1.94581, 2.33059, 2.41005, 3.15611, 3.52107, 3.71594
2.38, 0.0319374, 0.0289811, 0.64768, 0.748449, 1.91959, 1.95127, 2.12689, 2.53984, 2.91179, 2.44295, 1.12391, 0.76166, 1.03549, 0.842663, 0.782648, 0.953841, 1.12582, 1.11416, 1.76993, 1.4573, 2.01009, 2.18052, 1.78294, 1.36647, 1.48786, 1.99951, 2.14296, 2.98406, 3.41997, 3.07123, 3.76001
2.4, 0.0319374, -0.361289, -0.100579, 0.711762, 0.951133, 0.818658, 0.673807, 1.06141, 0.727446, 0.929715, 1.02821, -0.0569404, -0.0662206, 0.476191, 0.966654, 1.61079, 1.18154, 1.21226, 1.17639, 1.41149, 1.90388, 1.93087, 1.81989, 1.14776, 1.37293, 1.4372, 1.61043, 2.40742, 2.57958, 2.503, 2.62495
2.42, 0.0319374, -0.558171, -0.10162, 0.741505, 2.15993, 3.18849, 2.77882, 2.69872, 2.50375, 2.50931, 3.10804, 2.27371, 1.68608, 1.41875, 2.19672, 2.18647, 1.55565, 1.74638, 1.95207, 1.37989, 1.9947, 2.1446, 1.84609, 1.25765, 1.26123, 1.52894, 1.76403, 2.50434, 2.56398, 2.85302, 3.06595
2.44, 0.0319374, -0.619673, -0.181698, -0.376678, 1.71895, 3.85506, 2.66536, 1.4113, 1.9278, 1.42313, 3.26394, 3.22081, 1.07714, 1.21411, 3.00361, 2.82604, 1.06507, 2.37856, 2.4993, 1.0707, 2.57027, 2.26473, 3.24767, 2.45874, 2.59527, 2.49255, 2.76223, 2.97529, 2.66609, 2.68315, 3.20354
2.46, 0.0319374, -2.49534, -1.26755, -1.42574, 0.377448, 2.55892, 1.35777, -0.0431639, 0.70212, 0.806526, 2.86806, 2.19552, 0.229171, 0.218127, 2.9536, 2.42183, 0.677751, 1.96449, 1.81284, 0.627845, 1.55562, 2.00274, 3.59843, 2.41526, 2.13826, 1.66871, 1.77547, 1.50879, 2.26234, 2.64053, 3.50679
2.48, 0.0319376, -0.434231, -0.779165, -1.299, 1.05788, 2.18833, -0.020294, 1.18528, 1.55887, 2.16749, 3.24415, 1.299, 0.476606, 1.80446, 2.46204, 1.12903, 1.45858, 1.67249, 1.24729, 1.11118, 1.70471, 2.82061, 3.07098, 2.47193, 1.64956, 1.1945, 1.64603, 1.60486, 1.77578, 1.92188, 3.30755
2.5, 0.0319376, -1.33454, -1.69803, -0.960298, 1.22522, 1.17061, -0.0755897, 0.558551, 1.67545, 3.36628, 2.55815, 1.4001, 1.24154, 2.00314, 1.41813, 2.14339, 2.26821, 0.624604, 1.24675, 1.11929, 1.82798, 2.68186, 3.39922, 2.77259, 1.81961, 1.41841, 1.46287, 1.45224, 1.92436, 2.31511, 3.42828
2.52, 0.0319376, -1.96334, -1.24419, -0.288755, 0.790805, 0.852411, -0.235326, 1.69744, 3.00173, 2.61853, 2.27156, 1.04386, 0.737049, 1.44235, 2.51248, 1.89539, 1.91393, 1.78252, 1.52686, 1.62189, 1.87573, 2.60347, 3.59366, 2.5586, 1.61622, 0.950975, 1.46772, 1.70358, 1.84463, 2.4828, 3.41433
2.54, 0.0319376, -1.29724, -0.205119, -0.599216, -0.138587, 0.982851, 1.41929, 2.02978, 1.6403, 1.98094, 2.22486, 0.855855, 0.532949, 0.889528, 1.811, 1.85551, 0.735528, 0.812735, 1.38464, 1.52074, 1.66379, 2.976, 2.99193, 2.14505, 1.19457, 0.687643, 1.28512, 1.20345, 1.48522, 2.04328, 3.04307
2.56, 0.0319376, -0.237039, -0.368034, -0.199187, 0.0121534, 0.645552, 0.513859, 1.24777, 2.27861, 2.13101, 1.57406, 0.690714, 0.404609, 0.914992, 0.863364, 0.933132, 1.4269, 1.04177, 1.349, 1.20076, 1.69684, 2.54045, 2.54474, 1.52457, 0.903183, 0.697167, 1.04331, 0.922036, 1.58856, 2.33309, 3.07092
2.58, 0.0319376, -2.26704, -0.945491, -0.494199, -1.17443, -0.0285995, 0.507842, 0.541868, 1.62554, 1.68321, 0.802089, -0.338678, -0.347142, 0.176719, 0.907872, 1.12153, 0.491335, 0.658941, 0.153461, 0.618075, 1.20065, 1.59022, 1.27346, 1.15112, 0.575981, 0.449921, 0.790122, 0.395943, 0.682461, 1.64384, 2.90962
2.6, 0.0319376, -2.37255, -2.20963, -1.50449, -0.99058, -0.802682, -0.692728, -0.199007, 0.191315, 0.606732, 0.492124, -0.52239, -0.945154, -0.0892228, 0.579675, 0.521566, 0.417689, 0.316635, -0.041391, -0.0870331, 0.277172, 0.679588, 0.747705, 0.402006, -0.045001, -0.236121, 0.0752696, 0.101827, 0.563837, 1.20763, 1.98056
2.62, 0.0319376, -2.01098, -1.23856, -1.09788, -1.90676, -0.871602, -1.37528, -1.50879, -0.248567, -0.203166, -0.0166239, -0.431098, -0.755731, -0.2291, 0.281449, -0.170762, -0.316467, -0.721435, -0.418819, -0.681119, -0.17739, 0.206396, 0.424607, 0.0960355, -0.0982191, -0.557122, -0.465683, -0.110207, 0.173508, 0.377934, 1.04631
2.64, 0.0319374, -1.71782, -0.839267, -1.30466, -1.55679, -0.230267, -0.496297, -0.908301, -1.18311, 0.218895, -0.361551, -0.57575, -0.619136, -0.628933, -0.797259, -0.354185, -0.32814, -0.648298, -0.59054, -0.572167, -0.753616, -0.257433, 0.118256, -0.10219, -0.498261, -0.16494, -0.486231, 0.0663958, 0.257557, 0.739728, 1.25831
2.66, 0.0319374, -1.89834, -1.66291, -1.49638, -1.12148, -1.70555, -1.32832, -1.67982, -1.12039, -0.483108, -0.587906, -1.17774, -1.06055, -0.958282, -0.844788, -0.807609, -1.4281, -1.06026, -1.51653, -1.05084, -0.668541, -0.0859967, 0.162377, -0.583811, -0.49023, -1.12715, -0.798054, -0.587842, -0.511202, -0.172388, 0.299653
2.68, 0.0319374, -0.365676, -0.294772, -0.987466, -0.591148, -0.429669, 0.198287, -0.552142, -0.588809, 0.0945183, 0.182659, -0.486599, -0.704772, -0.559144, -0.076926, -0.203597, -0.521675, -0.428874, -0.631681, -0.8216, -1.08689, -0.149611, 0.0450992, -0.024112, -0.357114, -0.562106, -0.321025, -0.236298, 0.55629, 0.299225, 0.321054
2.7, 0.0319374, -0.345264, -0.357407, 0.0568978, 0.00761487, 0.462533, 0.467212, 1.06146, 1.58902, 1.65732, 0.681609, -0.113984, 0.195573, 0.132518, 0.462883, 0.27992, 0.451145, 0.65678, 0.8037, 1.02519, 0.924218, 1.11522, 1.15013, 0.971082, 0.67133, 1.18138, 1.24903, 0.941446, 1.39968, 1.59554, 1.84569
2.72, 0.0319374, -0.319837, 0.0663512, 1.19339, 1.18732, 1.74953, 1.39765, 1.33833, 2.97555, 2.29759, 1.4291, 1.28405, 1.13898, 0.622826, 1.1903, 0.60956, 0.703633, 0.641318, 1.0165, 1.06889, 0.953953, 1.05809, 1.19212, 1.48873, 1.22963, 0.988437, 1.30334, 1.32993, 1.58346, 1.72734, 2.08836
2.74, 0.0319376, -0.101534, 0.106917, 0.879921, 0.938642, 2.55091, 1.37413, -0.0972617, 1.03129, 1.16952, 1.57739, 0.99053, 0.206234, 0.638177, 0.715905, 0.602155, 0.361051, 0.427065, 1.00407, 1.21814, 1.25122, 1.25371, 1.14425, 1.32809, 1.33927, 1.52318, 2.13998, 1.97635, 2.33606, 2.41809, 2.95046
2.76, 0.0319376, -0.79471, -1.02301, 0.914802, 0.972007, 1.54048, 0.77026, 0.385781, 1.00047, 0.870883, 0.643728, -0.0352853, -0.733411, -0.195074, 0.443561, 0.265587, 0.0808885, 0.767494, 0.840376, 1.40275, 1.17181, 0.692997, 0.810616, 0.688366, 0.79796, 1.32524, 1.64435, 1.9524, 2.19249, 2.34316, 2.63932
2.78, 0.0319376, -1.4522, -1.08606, -1.51601, 0.330429, 0.407049, -0.239268, -0.698747, 0.292667, -0.11156, 0.478214, 0.241271, -0.273719, -0.162214, 0.208247, 0.16797, -0.684637, -0.0816523, -0.133171, -0.0672493, -0.101419, -0.279498, 0.399235, 0.357309, 0.170639, 0.329234, 0.653803, 1.24713, 1.48604, 1.60553, 1.88604
2.8, 0.0319376, -1.37223, -0.986474, -0.51433, 0.436619, 1.72564, 0.207513, -1.34476, -0.850968, -0.618425, 0.356895, 0.15847, -0.492069, -0.248904, -0.655193, -0.909844, -0.690125, -0.0138234, -0.0399598, -0.0466035, -0.0315388, -0.487149, -0.264383, -0.40045, -0.261616, -0.109883, 0.402972, 0.542653, 1.08869, 1.75792, 2.06034
2.82, 0.0319376, -2.36446, -0.970457, 0.0256685, 0.587652, 0.366335, -0.740692, -0.882851, -0.441831, -0.0939606, -0.543845, -0.89584, -1.09215, -0.539341, -0.302146, -0.573311, -1.12769, -0.983927, -0.66666, -0.934176, -0.857351, -0.955774, -0.476169, -0.48753, -0.626335, -0.343133, 0.0518868, 0.296402, 0.724848, 1.57261, 1.75163
2.84, 0.0319376, -2.00695, -1.63694, -2.18006, -0.80186, -0.431442, -1.4368, -1.74414, -1.20727, -0.818672, -1.02167, -1.24976, -1.53848, -1.19281, -1.02633, -1.5729, -1.60236, -1.15328, -1.37783, -1.01776, -1.10484, -1.27216, -1.34142, -1.02331, -1.34972, -0.972616, -0.518214, -0.492999, 0.13074, 0.322889, 0.711455
2.86, 0.0319376, -1.24523, -0.867103, -0.634006, -0.763324, 0.0960688, 0.0953139, -0.179693, -1.31178, -1.27552, -1.30317, -0.926248, -1.0148, -1.5545, -1.62732, -1.73436, -1.83144, -1.75273, -0.973392, -0.788569, -1.20553, -0.73972, -0.370999, -0.998797, -0.543974, -0.155017, -0.807356, 0.183444, 0.212234, 0.699439, 1.05896
2.88, 0.0319374, -1.3212, -1.53561, -1.41667, -1.59774, -1.35552, -1.09909, -0.966814, -1.22759, -0.559406, -1.25672, -1.39883, -1.4123, -1.02332, -1.01693, -1.22275, -1.06078, -0.890915, -0.913173, -0.883206, -0.820956, -1.20636, -1.02344, -0.693944, -1.04144, -0.757223, -0.100584, 0.0716167, 0.445414, 0.89586, 1.26678
2.9, 0.0319374, -1.18861, -1.17766, -1.54234, -1.76925, -0.697392, -0.484827, -0.604023, -1.11207, -0.305193, -0.0518704, -1.122, -1.63393, -0.788555, -0.805642, -0.930397, -1.26823, -1.1206, -0.680636, -0.936949, -0.829416, -0.61496, -0.992602, -0.987139, -0.378283, -0.216074, -0.246468, -0.053168, 0.809828, 1.19277, 1.39438
2.92, 0.0319374, -1.0423, -1.86176, -1.88163, -1.49995, -1.07633, -1.40692, -1.1819, -1.00343, -0.649247, -1.12314, -1.20358, -1.33967, -0.734879, -0.722741, -1.42315, -0.923754, -0.352457, -0.388148, -0.653242, -0.734724, -0.558384, -0.803442, -0.83154, -0.650958, -0.261385, 0.0972405, 0.524932, 0.883315, 1.29496, 1.84327
2.94, 0.0319374, -1.13968, -1.19429, -1.28862, -1.66512, -1.54142, -1.70248, -1.00983, -0.823018, -0.317178, -0.685417, -0.867803, -0.748649, -0.344959, -0.912207, -1.15776, -1.01987, -0.566492, -0.422089, -0.443967, -0.764048, -0.474654, -0.368069, -0.492968, -0.421713, -0.103532, 0.275111, 0.641179, 0.774261, 1.27678, 1.6482
2.96, 0.0319374, -2.0855, -2.20418, -2.0377, -1.52372, -0.562076, -1.20573, -0.507938, -0.624007, -0.933922, -0.643297, -0.857969, -1.00873, -0.67265, -1.23327, -1.06081, -0.655902, -0.852422, -0.476942, -1.27738, -0.621459, -0.655792, -0.880183, -0.59498, -0.495745, -0.668341, -0.0274656, 0.194057, 0.708659, 1.34761, 1.64549
2.98, 0.0319376, -2.46549, -1.6491, -1.29726, -0.697596, 1.287, 0.173138, -1.01094, -0.884047, -0.321838, -0.33101, -0.709178, -0.99836, -1.25088, -0.733155, -0.601645, -0.39216, -0.768154, -0.925781, -0.703518, -0.257189, -0.638505, -0.603327, -0.394508, -0.575473, -0.665816, -0.328709, 0.230792, 0.149858, 0.243072, 1.08343
3, 0.0319376, -1.40104, -1.29051, -2.25265, -1.70745, -0.190894, -0.82835, -1.2127, -1.20674, -1.1518, -0.933386, -1.52098, -1.30275, -1.64224, -1.63649, -1.91037, -1.25738, -1.339, -0.946586, -1.03568, -0.999053, -1.2323, -0.783615, -0.885291, -0.729566, -0.875349, -0.7182, -0.608405, -0.328288, 0.313146, 0.490817
3.02, 0.0319376, -2.18509, -0.913302, -1.27696, -1.25215, -0.271529, -0.617822, -1.48919, -0.942851, -0.857992, -1.24592, -1.63143, -1.72117, -1.08817, -1.24239, -1.39749, -1.57954, -0.777527, -1.15256, -0.87517, -1.01254, -1.04884, -0.661146, -1.07432, -1.197, -0.825506, -0.553366, -0.0628338, 0.222398, 0.691917, 1.19213
3.04, 0.0319376, -1.2564, -1.38786, -0.97347, -1.5215, -0.80942, -0.871507, -0.880609, -0.928306, -0.555681, -0.732314, -1.04398, -0.705081, -0.759455, -0.766617, -0.47733, -1.11948, -0.72494, -0.279027, -0.438469, -0.776581, -0.613951, -0.34937, -0.374845, -0.34327, -0.497271, -0.129118, 0.175265, 0.567991, 1.06936, 1.08468
3.06, 0.0319376, -1.30689, -0.930507, -1.48049, -1.85234, -1.25093, -1.24394, -0.725975, -1.09352, -0.409288, -0.710234, -1.41889, -0.634823, -0.482359, -0.919716, -1.09107, -1.20411, -0.668773, -1.24076, -1.08552, -1.48326, -0.923391, -0.766162, -0.838282, -0.626603, -0.256885, -0.204878, 0.27071, 0.577296, 1.31615, 1.64104
3.08, 0.0319376, 0.0551969, -0.4842, -1.85285, -2.26083, -1.49671, -1.536, -1.35884, -1.15718, -0.512454, -1.57826, -1.26029, -1.36349, -1.33825, -1.21318, -1.0544, -0.843843, -0.907702, -0.944488, -0.796668, -0.93421, -0.761795, -0.912953, -0.994852, -0.394528, -0.0367162, -0.0170415, 0.369304, 1.01046, 1.26857, 1.93155
3.1, 0.0319376, -0.984144, -1.3627, -1.64343, -1.94175, -1.5955, -0.819085, -1.13129, -0.833349, -0.370472, -0.669997, -1.40786, -1.35531, -1.33705, -1.08343, -1.00919, -0.976976, -1.03155, -0.565624, -0.533142, -0.797286, -1.45289, -0.835392, -0.786163, -0.691625, -0.0558198, 0.120543, 0.213548, 0.790232, 1.2053, 1.62633
3.12, 0.0319376, -1.00624, -1.03205, -1.1693, -2.21852, -1.10882, -0.946601, -0.771489, -0.167475, -0.654857, -0.869753, -1.31378, -0.880465, -0.555057, -0.0589205, -0.206272, -0.376677, -0.355506, -0.482226, -0.488871, -0.598548, -0.539151, -1.02448, -0.601363, -1.02665, -0.288309, -0.326876, 0.0910348, 0.727359, 1.41528, 1.91191
3.14, 0.0319374, -1.56221, -0.629658, -1.15026, -2.13397, -2.12304, -1.24123, -0.58425, -1.13883, -0.528938, -1.10523, -0.941994, -1.05173, -0.470108, -0.492286, -0.658458, -0.803453, -0.719827, -0.57043, -0.937584, -0.812157, -0.701854, -0.568848, -0.567634, -0.359257, 0.0464804, 0.243627, 0.340971, 0.727865, 1.30273, 1.45074
3.16, 0.0319374, -0.852898, -1.0004, -1.54032, -2.32191, -1.52547, -1.18915, -0.996117, -0.873868, -0.635012, -0.660614, -1.28139, -1.22805, -0.963371, -0.762551, -0.55226, -1.13916, -0.861682, -0.746505, -0.970306, -0.888122, -0.778649, -0.848553, -0.536946, -0.45669, -0.273503, -0.12837, 0.211391, 0.576726, 0.981898, 1.28182
3.18, 0.0319374, -1.52859, -1.91185, -1.90985, -1.79767, -1.65606, -1.66427, -1.12598, -0.886029, -0.772745, -0.874257, -1.33574, -1.01388, -0.98189, -1.18719, -0.960314, -0.756887, -0.428971, -0.440767, -0.762763, -1.01027, -0.802624, -0.653852, -0.584847, -0.370536, -0.202778, 0.33113, 0.155803, 0.382604, 1.01985, 1.50287
3.2, 0.0319374, -1.83497, -1.73438, -1.97354, -1.74306, -1.15408, -1.1388, -1.00127, -1.48777, -0.917654, -1.10557, -1.73731, -1.27091, -0.946681, -1.28478, -1.51576, -1.22272, -0.990435, -0.535711, -1.09451, -1.41439, -1.53508, -1.53448, -0.985473, -0.543383, -0.467454, -0.279896, -0.127191, 0.292844, 0.932423, 0.988628
3.22, 0.0319374, -1.24252, -0.435916, -0.075467, 0.751155, 2.98103, 2.84963, 1.51901, 0.179161, 0.364576, 0.682834, 0.599516, 0.245601, -0.172334, -0.463593, -0.241957, -0.774015, -0.451505, -0.966335, -1.06227, -1.44831, -1.52089, -1.21962, -1.31382, -0.769005, -0.58049, -0.596284, -0.622033, -0.232916, 0.45206, 0.554666
3.24, 0.0319376, -0.322052, -0.603405, -0.742182, 0.00978471, 1.51916, 1.95468, 1.58129, 1.10324, 0.48722, 0.562752, -0.0299947, 0.252421, -0.0104649, -0.023126, -0.49687, -0.843108, -0.70334, -0.712017, -1.04667, -1.72512, -1.62153, -1.11286, -1.24686, -0.809088, -0.840064, -0.737592, -0.830052, -0.52845, -0.771467, -0.37196
3.26, 0.0319376, -2.54126, -1.08213, -0.191128, -0.73575, 0.387352, 0.534754, -0.0771609, -0.525209, -0.72099, -0.189037, -0.879631, -1.10126, -1.21949, -1.30409, -1.36211, -1.52286, -1.76381, -1.53915, -1.60023, -1.39052, -1.38597, -1.65005, -1.72138, -1.11245, -1.11928, -1.23288, -1.09409, -0.689229, -0.618488, -0.454667
3.28, 0.0319376, -1.44466, -1.30173, -0.685463, -0.0702386, -0.249852, 0.242111, -0.482859, -1.04727, -0.808141, -0.755428, -1.3507, -1.2104, -1.5708, -1.87808, -2.233, -1.67439, -1.46603, -1.85113, -1.90586, -1.61271, -1.55398, -1.4522, -1.19058, -1.26859, -1.07608, -1.31899, -1.00361, -0.569453, -0.661332, -0.382335
3.3, 0.0319376, -2.18129, -1.83863, -1.41345, -1.33403, -0.265733, 0.291012, -0.806223, -0.985149, -0.738005, -0.796673, -1.45154, -1.92385, -1.75832, -2.12355, -1.84687, -1.5435, -1.40115, -1.99536, -1.81798, -1.80672, -1.59366, -1.62804, -1.46615, -1.35097, -1.44302, -1.43772, -1.38245, -1.02381, -0.901537, -0.59346
3.32, 0.0319376, -1.74981, -1.97609, -2.01849, -1.28783, -1.0452, -1.25867, -1.36559, -1.40668, -0.830343, -1.465, -1.984, -1.82205, -1.84524, -2.07482, -1.80216, -2.21825, -1.9037, -1.88649, -1.86889, -1.58967, -2.03567, -1.99611, -1.98344, -1.36962, -1.43499, -1.48828, -1.63132, -1.19948, -1.1048, -0.77351
3.34, 0.0319376, -1.66481, -2.13259, -1.44876, -2.2933, -1.31035, -1.59714, -1.05926, -1.7284, -0.777858, -1.13024, -1.40906, -1.12177, -1.05238, -1.87745, -2.36833, -2.07862, -1.75683, -1.96828, -2.04213, -1.98047, -1.85982, -1.97324, -1.54599, -1.64729, -1.58498, -1.4925, -1.40129, -1.26094, -1.11836, -0.788358
3.36, 0.0319376, -2.63946, -1.5526, -1.86924, -2.5851, -1.92678, -1.29018, -1.21686, -1.55909, -0.776282, -0.887928, -1.0299, -1.09885, -1.39832, -1.3008, -1.30005, -1.09919, -1.25587, -1.19727, -0.874074, -1.37906, -1.49729, -1.13209, -0.708643, -0.876388, -1.27484, -0.498291, -0.663687, -0.984158, -1.07107, -0.930648
3.38, 0.0319374, -1.54219, -2.65798, -2.06877, -2.1085, -2.10687, -1.13393, -1.4635, -1.31566, -0.76485, -0.837296, -1.31755, -1.44631, -0.811257, -0.420799, -0.598054, -0.822957, -1.24825, -1.41431, -1.50854, -1.62891, -1.45749, -1.36434, -1.18018, -1.26634, -1.38975, -1.0597, -0.816798, -1.00873, -1.01393, -0.643386
3.4, 0.0319374, -2.95162, -2.30891, -1.79697, -1.92593, -1.44928, -1.33328, -2.6263, -1.937, -0.907055, -1.4002, -1.34617, -1.47535, -1.52223, -1.65444, -1.90481, -2.06392, -2.00824, -1.81237, -1.89049, -1.69433, -1.54664, -1.58284, -1.36168, -1.35207, -2.01683, -1.36008, -1.40495, -1.37313, -1.33587, -1.2654
3.42, 0.0319374, -2.41188, -2.5987, -1.85734, -1.26252, -2.0118, -2.20051, -2.07455, -2.0163, -1.26881, -1.68532, -1.80419, -1.6007, -1.62412, -1.78379, -1.98198, -2.01298, -2.0338, -1.71145, -2.01101, -1.8916, -1.63097, -1.69225, -1.85129, -1.5372, -1.39751, -1.72625, -1.84074, -1.65417, -1.14377, -1.05729
3.44, 0.0319374, -1.87416, -1.51108, -1.28864, -1.49883, -1.37001, -1.60589, -2.03131, -1.16395, -1.03231, -1.69904, -1.95326, -1.23836, -1.01742, -1.42387, -1.2334, -0.773705, -0.411707, -0.622405, -0.198162, -0.445405, -0.740656, -0.401069, -0.401639, -0.464514, -0.508405, -0.246513, -0.863334, -1.55948, -1.19643, -0.597903
3.46, 0.0319374, -2.18311, -1.29393, -1.98299, -2.17361, -1.72094, -1.57797, -1.76593, -1.78619, -0.488827, -1.001, -1.28704, -1.06866, -1.23125, -1.84617, -2.10085, -1.57681, -1.4681, -1.7866, -1.86598, -1.46331, -1.42272, -1.58179, -1.68316, -1.50555, -1.31929, -1.28078, -1.74014, -1.45526, -1.46311, -1.58965
3.48, 0.0319376, -2.45772, -1.78282, -1.68392, -1.99311, -2.36081, -1.455, -1.47839, -1.5308, -0.768119, -1.27168, -1.75184, -1.3054, -1.48993, -2.39929, -1.84066, -2.12616, -1.88746, -2.06696, -2.46647, -1.70259, -1.93117, -2.07747, -2.16983, -2.01529, -1.72612, -1.90142, -1.66254, -1.99731, -1.65113, -1.62133
3.5, 0.0319376, -2.08425, -1.23911, -2.52788, -2.76456, -1.89069, -1.44579, -2.81755, -2.29975, -1.23027, -1.4316, -2.33601, -1.77705, -1.34656, -1.3013, -1.571, -1.98404, -1.70011, -2.06611, -1.89321, -1.72913, -1.82615, -2.11062, -1.7706, -1.88426, -2.23983, -1.81586, -1.62368, -1.62544, -1.75765, -1.31061
3.52, 0.0319376, -2.33192, -1.6762, -1.65797, -2.89698, -2.39214, -1.84634, -2.31436, -1.66224, -0.977035, -1.40937, -1.63009, -1.26453, -1.40175, -1.71713, -2.08393, -2.14874, -1.83639, -1.63924, -1.7444, -2.43281, -1.91288, -1.98311, -1.8849, -2.07679, -1.77688, -1.53721, -1.5126, -1.55485, -1.65138, -1.26502
3.54, 0.0319376, -1.72671, -1.32965, -1.37616, -2.18842, -2.4732, -2.43357, -2.21565, -2.26944, -0.982333, -1.35036, -1.92814, -1.57627, -1.21456, -2.39432, -2.68968, -2.25378, -1.73698, -2.20902, -2.27672, -2.33821, -2.04092, -2.02641, -1.6379, -2.07829, -1.69722, -1.41259, -1.29652, -1.75924, -0.96883, -0.809149
3.56, 0.0319376, -2.31898, -1.96634, -2.2236, -3.0957, -2.39564, -1.52241, -1.93129, -2.03761, -0.879869, -1.29914, -1.51965, -1.19172, -1.42543, -1.70557, -2.18498, -2.15277, -1.89258, -1.85579, -1.82593, -1.6502, -1.84062, -2.03485, -1.87808, -1.44742, -1.45386, -1.36005, -1.5014, -1.6259, -1.15127, -1.08017
3.58, 0.0319376, -2.54277, -2.32509, -1.82016, -2.72196, -2.13143, -1.52992, -1.82435, -1.6868, -0.681206, -1.20868, -1.45838, -1.46863, -1.25914, -2.04337, -1.95398, -2.31429, -1.58552, -1.59441, -1.87728, -1.70794, -0.948546, -1.17873, -1.03571, -0.646063, -0.540617, -0.584695, -0.16583, 0.362276, 0.33379, 0.734285
3.6, 0.0319376, -1.83586, -1.06387, -1.40859, -1.91998, -2.32051, -1.94998, -2.44006, -1.8881, -0.888222, -1.39835, -1.67304, -1.1572, -1.03443, -1.79569, -1.79387, -1.37379, -1.605, -1.89628, -2.19725, -1.89491, -1.62148, -1.27288, -1.09138, -1.25795, -1.10506, -0.947563, -0.552264, -0.251971, -0.240807, 0.239353
3.62, 0.0319376, -0.698416, -1.13749, -1.28814, -1.11794, -0.718904, -0.920865, -1.15207, -1.04137, -0.739339, -0.79496, -1.03579, -0.883561, -0.725055, -1.15266, -1.53117, -1.26091, -1.32549, -1.36002, -1.35231, -1.32848, -1.33203, -0.994973, -1.19172, -0.878794, -0.81258, -0.778852, -0.214022, 0.105119, 0.391099, 0.616929
3.64, 0.0319374, -1.61845, -1.49407, -1.7309, -1.17636, -1.06261, -1.1529, -1.40753, -1.38917, -0.867857, -1.11657, -1.12081, -1.00542, -0.865678, -1.29833, -1.56911, -1.10169, -1.1155, -1.21003, -1.28552, -1.21579, -1.25627, -1.21726, -1.45041, -1.16273, -0.752301, -0.75797, -0.502915, -0.141948, 0.111272, -0.0185428
3.66, 0.0319374, -1.22308, -0.667851, -2.15406, -1.77097, -1.38422, -1.72932, -1.42642, -1.38645, -0.875522, -1.02505, -1.44753, -1.21776, -1.09352, -1.14832, -1.48525, -1.20955, -0.877509, -0.990656, -1.24523, -1.28722, -0.998793, -1.11051, -1.16053, -1.30038, -0.686607, -1.11817, -0.895883, -0.632913, -0.283521, -0.247041
3.68, 0.0319374, -1.28308, -1.94285, -1.81371, -1.9184, -2.10082, -1.70884, -1.75675, -1.43648, -0.820189, -1.48163, -1.06154, -0.997311, -1.00815, -1.4029, -1.71182, -1.54215, -0.773086, -1.45759, -1.58119, -1.00214, -0.940139, -0.549022, -0.602291, -1.04879, -0.387346, -0.0849669, -0.145807, 0.797398, 1.07952, 1.42774
3.7, 0.0319374, -1.85492, -2.46327, -1.96477, -1.85817, -2.28559, -1.90903, -2.02682, -1.91166, -1.25789, -0.913135, -1.34171, -1.20109, -1.71116, -1.74953, -1.86058, -1.84418, -1.02579, -1.0042, -1.25533, -1.51058, -1.11928, -1.49335, -1.30355, -0.671502, -0.84152, -0.894718, -0.529684, -0.569312, -0.202144, 0.0810609
3.72, 0.0319374, -1.81287, -1.75558, -1.49035, -1.93789, -2.11099, -2.26479, -2.2093, -1.77249, -1.10909, -1.88378, -2.11562, -1.37307, -1.51508, -2.52317, -1.90588, -1.82572, -1.27288, -1.37248, -1.96313, -1.68379, -1.79277, -1.77441, -1.34395, -1.13699, -1.03209, -0.688468, -0.572364, -0.301987, -0.30358, 0.402114
3.74, 0.0319376, -1.32963, -1.79925, -1.33859, -2.0897, -2.20527, -2.11259, -1.80298, -2.38843, -0.966062, -1.37907, -1.34246, -1.02214, -1.1788, -2.30405, -1.8974, -1.76924, -1.44687, -1.68509, -1.83681, -1.80738, -1.55407, -1.67925, -1.28114, -1.35919, -1.14592, -1.00065, -1.08736, -1.00047, -0.394575, -0.0765103
3.76, 0.0319376, -0.0437314, -0.340704, 0.592591, 0.744895, 0.313847, 1.57941, 1.49018, 1.28151, 1.17886, 1.17051, 0.182729, 0.0612439, 0.148151, 0.468295, 0.46154, 0.795146, 0.784554, 1.37526, 1.12699, 0.413979, -0.0970665, 0.733661, 1.15616, 1.23299, 1.15125, 1.15441, 1.21632, 1.24806, 1.51022, 1.81348
3.78, 0.0319376, 0.416104, 1.02988, 0.487026, 1.44324, 2.50406, 2.63461, 2.63413, 2.04669, 2.46277, 1.48554, 1.03377, 1.54447, 1.39871, 1.19577, 1.60601, 1.68355, 1.79061, 1.97208, 1.5992, 1.26444, 1.18877, 1.00698, 1.24821, 1.30881, 1.28247, 1.28511, 1.826, 2.33952, 2.60254, 3.15578
3.8, 0.0319376, -0.659718, -0.141435, 0.314778, 2.02261, 3.22073, 2.36508, 2.17942, 1.47646, 1.65728, 1.54845, 0.988026, 0.915814, 1.5615, 1.66731, 1.88403, 1.65533, 1.77479, 1.93297, 1.47986, 1.93845, 2.38844, 1.8111, 1.42504, 1.45981, 1.61612, 1.74978, 2.32868, 3.02122, 3.9777, 4.03197
3.82, 0.0319376, -1.00066, -0.124229, 0.409904, 0.940341, 1.4885, -0.127894, 0.377368, 0.322717, 0.474324, 0.336724, 0.0315073, -0.452816, -0.464216, 0.281504, 0.557959, 0.483575, 0.545216, 0.90401, 0.625519, 1.07866, 1.41014, 1.32133, 1.16685, 1.35215, 0.52756, 0.993217, 1.37498, 1.81794, 2.88582, 2.92249
3.84, 0.0319376, -1.90249, -1.22247, -0.146161, 0.627593, 0.858438, 0.645271, 0.343483, 0.218958, 0.217436, 0.227805, -0.447877, -1.03265, -0.136337, 0.26607, 0.341945, -0.00302486, 0.46504, 0.910462, 0.263364, 0.917354, 1.72723, 1.07581, 0.74152, 0.640785, 0.507638, 0.664999, 1.0692, 1.86436, 2.98899, 3.26248
3.86, 0.0319376, 0.0239337, -0.119043, -0.0989952, 2.03771, 3.44942, 2.18683, 2.48251, 2.79865, 2.86252, 3.2576, 2.31959, 0.914994, 1.65319, 2.66874, 1.97121, 1.56302, 2.20702, 1.9177, 1.14719, 2.19125, 2.08268, 2.22355, 1.24492, 1.26386, 1.19795, 1.68307, 2.04513, 2.81259, 3.66395, 4.06631
3.88, 0.0319374, -1.3159, -0.505165, 0.19509, 0.967039, 3.65508, 3.20057, -0.470801, 0.748943, 0.976917, 2.04405, 2.7585, 0.5339, 1.47498, 1.69936, 2.63736, 0.583188, 1.18486, 2.14033, 0.849858, 2.49845, 2.70218, 2.03531, 1.56717, 1.01801, 1.52065, 1.64446, 2.10023, 2.88596, 3.89444, 3.67329
3.9, 0.0319374, -2.3439, -1.05547, -0.86233, -0.101924, 3.30787, 2.53636, -0.165943, 0.0245124, 0.303641, 2.04783, 2.51579, 0.0145611, -0.125979, 1.96562, 2.34724, -0.0234949, 1.07688, 1.59863, 0.365372, 2.36712, 2.08767, 2.38527, 1.95678, 1.06021, 1.0073, 1.71776, 2.27927, 2.95088, 3.65969, 3.92295
3.92, 0.0319374, -0.978346, -0.572616, -0.569332, 1.1861, 3.15565, 1.70402, 0.141631, 1.07885, 1.2806, 3.24624, 2.39554, 0.576393, 1.76618, 3.38758, 2.16132, 1.16903, 2.17933, 1.53153, 0.98332, 2.13206, 2.70387, 3.71746, 2.39117, 1.97412, 1.97802, 2.0468, 2.50979, 3.1015, 3.96804, 4.12251
3.94, 0.0319374, -1.16585, -1.09571, -1.2355, 1.18887, 1.73497, 0.65579, -1.03901, 0.283296, 2.58038, 2.50734, 1.04198, 0.321127, 2.37415, 2.10046, 1.29378, 2.02237, 1.05507, 1.40527, 0.956745, 1.60327, 2.4032, 2.54465, 2.30109, 1.5653, 1.39323, 1.29689, 1.85752, 2.67482, 3.94877, 4.36464
3.96, 0.0319374, -1.84442, -0.841662, -0.0664618, -0.0610685, 0.803659, 0.36516, 0.867362, 2.77314, 2.61441, 2.13114, 1.40718, 1.41024, 1.43843, 2.41742, 2.22321, 1.231, 1.6571, 1.43621, 1.17147, 1.86651, 2.97736, 2.65925, 2.11232, 1.70479, 1.57445, 1.29339, 1.89527, 2.50909, 3.58161, 3.96566
3.98, 0.0319376, -1.92231, -0.125276, -0.229141, 0.809964, 1.16205, 1.68056, 2.64282, 1.91146, 1.58126, 1.90471, 0.594862, 0.694213, 1.49964, 2.06768, 1.74754, 1.12736, 1.66351, 1.28167, 1.33918, 1.72903, 2.78252, 2.70522, 1.90445, 1.36295, 1.05706, 1.22077, 1.94382, 2.50013, 3.32872, 3.76406
4, 0.0319376, -0.642284, 0.113654, -0.274018, 0.251274, 1.35306, 1.4398, 0.648359, 2.1381, 1.99016, 0.936623, 0.682617, 0.390543, 1.61769, 1.96162, 2.21964, 1.47002, 1.32469, 1.33, 0.752703, 1.33846, 2.03089, 2.46713, 1.82551, 0.807823, 0.714622, 0.53744, 0.968923, 2.22187, 3.24214, 3.33176
4.02, 0.0319376, -0.396946, -0.765576, -0.940955, -0.0158519, 0.766755, 1.06954, 1.16562, 1.48881, 1.42596, 0.92783, 0.359954, 0.368742, 1.1248, 1.67503, 1.56507, 1.53385, 1.37408, 1.19117, 0.913766, 1.11875, 1.61611, 2.03422, 1.26427, 0.826893, 0.406355, 0.635643, 1.15748, 2.0771, 2.88163, 3.17226
4.04, 0.0319376, -1.13013, -0.57021, -1.0416, -0.809772, -0.516951, 0.0896175, 0.741499, 1.11511, 0.395761, 0.280058, -0.286022, -0.151063, 0.744739, 1.2746, 1.18136, 1.18417, 0.65364, 0.321719, 0.38852, 0.88795, 1.61202, 1.22185, 0.522568, 0.120737, 0.270098, 0.220144, 0.385309, 1.15797, 2.12173, 2.65832
4.06, 0.0319376, -1.38524, -1.04077, -1.91884, -1.36424, -0.844549, -0.497587, -0.55424, -0.108863, 0.241582, -0.183458, -0.460166, -0.656884, -0.220424, 0.680104, 0.0329203, -0.200863, -0.448951, -0.257344, -0.270207, -0.0596775, 0.429191, 0.753051, -0.024796, -0.213272, -0.0147493, -0.244495, 0.296958, 0.707006, 1.58812, 1.87199
4.08, 0.0319376, -2.4192, -0.977908, -0.823631, -1.61082, -0.631059, -0.446532, -0.571406, -0.237147, -0.102704, -0.564881, -0.252033, -0.897815, -0.938766, -0.410991, -0.209495, -0.364778, -0.486623, -0.562001, -0.70337, -0.223502, -0.210257, 0.266141, -0.22679, -0.737785, -0.268157, -0.252852, -0.212676, 0.491263, 0.956151, 1.04697
4.1, 0.0319376, -2.2657, -1.70813, -1.61989, -1.3709, -0.603495, -0.51941, -1.15323, -0.620462, -0.608915, -0.971041, -1.15636, -1.31986, -0.820548, -0.55627, -0.326271, -0.783063, -0.865146, -1.0479, -1.13418, -0.388837, 0.307443, -0.025437, -0.497613, -0.876943, -0.611358, -0.765886, -0.697516, -0.291963, 0.168488, 0.617376
4.12, 0.0319376, -2.97854, -2.27915, -1.96514, -1.88139, -1.70178, -1.6918, -1.54898, -0.763353, -1.03965, -1.26501, -1.28255, -1.42773, -1.13727, -0.852521, -0.891112, -0.782104, -1.24221, -1.06024, -0.857972, -0.593876, -0.337442, -0.296244, -0.670354, -0.989334, -0.764014, -0.583682, -0.331222, -0.281712, 0.26965, 0.285551
4.14, 0.0319376, -1.99676, -1.73334, -2.44962, -1.72225, -1.04763, -0.848338, -0.567523, -0.901708, -0.686498, -0.833916, -0.887876, -1.21184, -0.928681, -1.24822, -1.02373, -1.35511, -0.991117, -1.13055, -1.1178, -0.771101, -0.540985, -0.209438, -0.74217, -0.966573, -1.18335, -0.643386, -0.532881, -0.195983, -0.0126355, 0.277827
4.16, 0.0319376, -0.60417, -0.537434, 0.828645, 0.631614, 0.369604, 0.906593, 1.39888, 2.70987, 1.74662, 0.886907, 0.660354, 0.440193, -0.100278, 0.245561, 0.333195, 0.28484, 0.771118, 0.489621, 0.631312, 1.12794, 0.95369, 0.938682, 0.686885, 0.735654, 1.21901, 0.879084, 1.26819, 1.38337, 1.43396, 1.7302
4.18, 0.0319376, -0.155755, 0.159183, 0.125602, 0.695463, 2.59282, 1.79799, 1.05783, 1.40837, 1.4321, 1.26122, 0.84451, 0.649504, 0.0189513, -0.170361, 0.344599, 0.75548, 0.831827, 0.721774, 1.0371, 0.895458, 0.442738, 0.85824, 0.558263, 0.310339, 0.840772, 1.16428, 1.44839, 1.74737, 2.25317, 2.70348
4.2, 0.0319376, -0.834233, -0.977218, 0.790235, 0.96989, 1.92991, 1.24146, 0.901988, 0.119943, 0.515694, 0.448288, 0.0588802, -0.173763, 0.292745, -0.0488696, 0.343381, 0.491376, 0.713607, 0.663917, 0.572698, 0.133625, 0.387038, 0.548922, 0.658269, 0.601742, 0.672558, 0.479357, 1.42942, 1.64252, 2.43605, 2.58661
4.22, 0.0319376, -2.52167, -1.52019, -0.0980004, 0.356916, 0.976273, -0.321091, -0.27119, 0.455296, -0.213621, -0.0399206, -0.394629, -0.580743, -0.262712, -0.445535, -0.593728, -0.675314, -0.303714, -0.73358, -0.164743, -0.0752618, -0.00907708, 0.00152043, 0.0966922, 0.18543, 0.379548, 0.350174, 0.616343, 1.25261, 1.88675, 1.94603
4.24, 0.0319376, -1.57728, -1.43461, -1.20546, 0.00176298, 1.9668, 2.87564, 1.27366, 0.0570544, 0.710789, 0.0765276, 0.190579, 0.527312, -0.737693, -0.545584, -0.212526, 0.364793, -0.0901584, 0.0126784, 0.218757, -0.330428, 0.507901, 0.401734, -0.0196158, 0.0806641, 0.23189, 0.915888, 1.40703, 2.12607, 2.57605, 3.00811
4.26, 0.0319371, -0.768791, -1.16612, -0.360265, 2.2461, 3.11104, 2.48363, 2.48332, 2.06831, 2.69725, 2.81425, 0.979463, 0.785664, 1.56638, 1.70645, 0.860212, 1.76444, 1.66402, 0.842834, 0.708844, 1.11442, 1.42856, 1.47938, 0.991413, 0.769762, 0.59131, 0.764999, 1.52187, 2.26605, 2.84853, 2.8794
4.28, 0.0319371, -2.51397, -0.974816, 0.309276, 2.13513, 2.25252, 1.38569, 0.588469, 1.24604, 2.62115, 1.30717, -0.299627, -0.468791, 0.477682, -0.344545, 0.45191, 0.856126, -0.272391, 0.19646, -0.121097, 0.421965, 0.670189, 0.86375, 0.372903, 0.423123, 0.212208, 0.33737, 0.895336, 1.36109, 1.99612, 1.96212
4.3, 0.0319371, -1.9974, -1.7662, -1.19739, 1.24485, 1.1454, 0.219242, 0.0503756, -0.601119, 0.521439, 1.16806, -0.723702, -0.603547, -0.127951, -0.246848, -0.937399, 0.0485963, -0.458029, -0.306194, -0.678381, -0.832393, -0.0933646, 0.217956, -0.291829, -0.623477, -0.590789, -0.137447, 0.0107204, 0.488653, 0.824133, 1.12614
4.32, 0.0319371, -1.79675, -1.59853, -0.468133, 0.527283, 0.419407, 0.593242, -0.310531, 0.271899, 0.265104, -0.133751, -0.695344, -0.578468, -0.819529, -0.776858, -1.2203, -0.264138, -0.157027, -0.352452, -0.480766, 0.111746, 0.233169, 0.024297, -0.684209, -0.319311, -0.421098, -0.345033, 0.229308, 0.905987, 1.52717, 1.39601
4.34, 0.0319371, -2.04625, -1.78895, -1.63516, 1.20191, 3.20866, 2.47351, 0.656962, 0.815874, 0.768067, 1.57451, 1.27757, -0.862285, -0.505624, -0.0619876, 0.161348, -0.29055, 0.842877, 1.02679, -0.273368, 0.884575, 0.711398, 0.27722, -0.278128, -0.00801747, 0.217959, 0.309678, 0.633137, 1.427, 1.58893, 1.77841
4.36, 0.0319376, -2.02007, -1.38202, -1.71506, 0.780781, 3.79901, 3.77716, 1.34178, 0.528438, 0.437048, 0.484675, 2.04775, 0.184821, -0.0892642, 0.110475, 1.47111, -0.0412445, 0.139985, 1.23336, -0.254369, 1.61306, 1.94937, 0.737133, 0.865057, 0.401289, 0.564763, 0.971684, 1.58098, 2.04684, 2.29061, 2.53663
4.38, 0.0319376, -0.859492, -0.321869, -0.710405, -0.662094, 3.34902, 4.0487, 2.12357, 1.13451, 0.601736, -0.0222456, 1.18334, 0.339244, -0.885889, -0.601304, 1.26128, 0.257439, -0.766452, 0.432537, 0.21681, 0.771652, 1.68974, 0.670991, 1.09272, 0.658471, 0.971331, 1.13673, 1.55303, 2.1674, 2.36036, 2.47079
4.4, 0.0319376, -1.019, 0.518436, 0.939365, 1.08056, 2.81405, 3.09687, 4.382, 3.48177, 2.0772, 1.27153, 1.30609, 0.916523, 1.64295, 0.848017, 0.664318, 0.543942, 0.640385, 0.680618, 0.200044, 1.148, 1.8328, 1.79508, 1.4524, 1.81136, 1.66872, 1.86852, 2.26195, 2.73039, 2.51149, 2.73003
4.42, 0.0319376, 0.128071, -0.0270876, 0.696503, -0.28075, 1.60809, 2.1109, 4.31609, 3.78269, 1.4517, 1.03755, 0.962004, 1.03409, 2.00383, 1.24582, 0.684857, 0.31659, 0.402942, 0.998205, -0.100615, 0.0374004, 1.37807, 1.23347, 1.84143, 1.69992, 1.49757, 1.5873, 2.52118, 2.60838, 2.37966, 2.64815
4.44, 0.0319376, 0.473263, 0.467255, -0.0631158, 1.11123, 1.78125, 3.30539, 3.58779, 2.40204, 1.84021, 1.76175, 1.45881, 2.20076, 2.02594, 0.198421, 0.388303, 0.511432, 0.697549, 0.0667363, 0.0106988, 0.309549, 0.849069, 1.51612, 1.68513, 1.59431, 1.62298, 1.67338, 2.72993, 2.82577, 2.46938, 2.91695
4.46, 0.0319376, 0.889537, 0.638162, 0.719616, 0.638386, 1.84327, 1.81978, 2.66996, 2.65017, 1.59392, 1.26833, 0.598027, 1.13325, 0.946945, 0.216166, -0.686093, -0.246058, -0.408498, -0.145679, -0.309273, -0.244691, 0.0652644, 0.622232, 1.2341, 1.19911, 1.17711, 1.04541, 1.97159, 2.06686, 1.73757, 2.29857
4.48, 0.0319376, 0.168327, 1.29415, 0.901521, 0.412499, 2.14801, 3.29636, 3.03442, 2.5501, 2.18793, 0.840352, 1.01721, 1.44506, 1.68944, 0.46988, 0.568113, 0.472158, 0.22227, 0.0742456, 0.096668, 0.0118927, 0.824173, 1.06894, 1.78035, 1.83023, 1.9724, 1.54348, 2.50482, 2.59679, 2.48741, 2.83843
4.5, 0.0319376, -1.04449, 0.360542, 1.1785, -0.00312446, 0.783795, 2.30821, 4.35229, 3.69914, 0.990097, 0.729527, 1.08015, 0.547042, 1.93083, 0.950012, 0.294105, 0.438649, 0.631358, 1.09498, 0.443654, 0.422548, 0.954579, 0.802439, 1.6365, 1.79961, 1.35703, 1.8169, 2.89234, 2.93821, 2.83495, 3.07536
4.52, 0.0319376, -0.681391, 0.0453449, 0.479936, 0.231718, 0.743401, 1.49856, 4.23546, 4.10895, 0.967055, 0.622253, 1.24261, 0.00493807, 0.571638, 0.188351, -0.245228, 0.254068, 0.387277, 0.967074, 0.12446, 0.430218, 1.31829, 1.49598, 1.95163, 2.30839, 1.83237, 1.60755, 2.46112, 2.63307, 2.58172, 2.65535
4.54, 0.0319376, -0.691, 1.29873, 2.06305, 0.659788, 0.883483, 2.80955, 4.15208, 2.88917, 1.58685, 2.53166, 1.8308, 0.553871, 1.33184, 0.521789, 1.02693, 0.687815, 0.780134, 0.496221, 0.349763, 0.892582, 1.40167, 1.88996, 2.15402, 2.43006, 2.35683, 1.88314, 2.84318, 2.9985, 2.91659, 2.98263
4.56, 0.0319376, 0.0307908, 1.42866, 1.99164, 0.257008, 0.931761, 2.8105, 4.19229, 2.426, 1.23359, 2.77504, 1.50347, -0.0488578, 0.783715, 0.121843, 1.167, 0.155041, 0.553659, 0.380743, 0.225369, 0.647401, 1.10746, 1.51185, 2.2165, 2.6697, 2.24086, 1.93102, 2.88722, 3.22546, 2.94454, 2.77402
4.58, 0.0319376, -1.12029, 1.79297, 1.83072, -0.144245, 0.204039, 3.12198, 3.84431, 1.98418, 1.36243, 2.7121, 0.791012, 0.52041, 0.82056, 0.350266, 0.999107, 0.0961014, 0.152694, 0.125073, 0.00967067, 0.422909, 0.793859, 1.27227, 1.85962, 2.5007, 2.53582, 1.90701, 2.76454, 3.09094, 2.77299, 2.98762
4.6, 0.0319376, 0.04223, 1.54904, 2.23697, 0.0734107, 0.0436498, 2.60718, 4.20436, 2.44103, 0.771648, 1.99816, 0.957306, 0.239943, 1.55412, -0.194305, 1.04252, 0.331033, 0.572891, 0.22313, 0.0884791, 0.123959, 0.607691, 1.28315, 1.99799, 2.74192, 2.24367, 2.04029, 2.74897, 3.14563, 3.19807, 3.20933
4.62, 0.0319376, -0.0275231, 1.78401, 1.90479, 0.606008, 1.67142, 3.57473, 4.0822, 2.41105, 2.21018, 2.50204, 1.01201, 0.51843, 1.58395, 0.558198, 0.618682, 0.250282, 0.498181, 0.266355, -0.0885123, 0.0464361, 0.563043, 1.09785, 1.81632, 2.63269, 2.16767, 2.36947, 2.61842, 2.77235, 2.78936, 2.7934
4.64, 0.0319376, 0.627604, 1.70002, 2.01675, 0.384454, 1.90602, 3.46542, 3.34985, 1.71939, 1.88963, 2.61958, 0.466378, 1.32612, 1.45845, 0.470032, 0.758991, 0.0283189, 0.503977, 0.0765155, -0.0284189, 0.0549983, 0.424116, 0.841951, 1.13479, 2.32169, 2.36413, 2.23572, 2.4875, 2.76052, 2.82486, 2.41255
4.66, 0.0319376, 0.348018, 1.84955, 2.22208, -0.0144569, 1.20482, 3.29003, 2.70993, 1.10536, 1.88721, 2.40093, 0.429793, 1.53102, 1.17064, 0.113156, -0.217671, 0.301202, 0.61605, 0.0421622, -0.699328, -0.400995, 0.0216138, 0.227883, 0.818819, 2.16603, 2.30153, 1.94143, 2.29054, 2.86065, 2.86511, 2.20555
4.68, 0.0319376, -0.486221, 1.58163, 1.4092, -0.422465, 0.171348, 2.81177, 3.08976, 0.798699, 1.34673, 2.20739, -0.193357, 1.27152, 1.10097, -0.0642096, 0.120875, -0.095384, 0.461859, -0.181897, -0.654091, -0.421386, -0.102552, 0.190711, 0.814364, 1.87827, 2.00707, 2.25959, 2.98814, 3.07648, 3.06113, 2.37917
4.7, 0.0319376, -0.724777, 0.610946, 0.921384, -0.54387, -0.720522, 2.93863, 3.92155, 0.891485, 0.688646, 1.88561, -0.295649, 1.10862, 1.47917, -0.487232, 0.381494, -0.933474, 0.198974, -0.238398, -0.396137, -0.865636, -0.82768, -0.141849, 0.51226, 1.4521, 2.02342, 1.73902, 2.29122, 2.20008, 2.2406, 1.92836
4.72, 0.0319376, -0.348822, 0.976132, 0.675108, 0.294754, 1.59375, 3.60677, 3.5624, 1.13214, 0.841128, 1.82304, 0.753964, 1.79409, 1.02293, -0.0416012, -0.0955546, 0.210059, 0.0670041, -0.0444804, -0.561662, -1.06054, -0.637752, -0.17303, 0.0275854, 1.01737, 1.64948, 1.85443, 2.2957, 2.18344, 2.2047, 1.71573
4.74, 0.0319376, -1.0307, 0.525073, 0.720421, -0.981007, 0.827178, 1.9163, 2.04911, 0.39253, 0.205581, 0.521302, -0.18726, 0.164686, -0.275867, -0.992504, -1.34643, -1.60079, -1.36346, -1.01666, -0.873644, -1.4925, -0.935869, -1.06915, -0.36719, 0.71592, 0.880095, 0.68628, 1.42385, 1.30454, 1.35169, 0.767536
4.76, 0.0319371, -2.35353, 0.454172, 0.299486, -1.07487, -0.0942742, 1.31248, 1.6211, -0.811821, -0.732546, 0.00992258, -0.820893, -0.392852, -0.579726, -1.48685, -1.35065, -1.33893, -1.38966, -1.55664, -1.98563, -1.98556, -1.78359, -1.58351, -0.972246, 0.0750017, 0.561799, 0.533081, 0.762987, 0.686278, 0.134174, 0.0512387
4.78, 0.0319371, -2.05636, -0.138755, 0.133468, -1.62346, -0.587875, 1.27822, 1.60433, -0.2901, -0.37668, -0.494792, -1.07032, -0.982324, -0.747595, -1.56817, -1.57497, -1.43423, -1.30921, -1.99257, -2.28102, -1.92551, -1.73509, -1.46296, -1.07833, -0.386956, 0.131662, -0.0306873, 0.031815, 0.134968, 0.149837, -0.0979254
4.8, 0.0319371, -1.93082, -0.659441, -0.841281, -1.59159, -0.922703, 0.938307, 1.15723, -0.949428, -1.11015, -1.15651, -1.0709, -0.946037, -1.0646, -1.11972, -0.528843, -0.641551, -0.71784, -0.988404, -0.91749, -1.27707, -1.24937, -0.97235, -0.717616, -0.122447, -0.00303891, -0.215285, -0.349881, -0.311927, -0.145633, -0.335781
4.82, 0.0319371, -2.67793, -1.36691, -0.945058, -1.58137, -1.08033, 0.285698, 0.518111, -1.28652, -1.39783, -1.42943, -1.31308, -1.07897, -1.26949, -1.35665, -1.74046, -1.14213, -0.706575, -0.764437, -1.18629, -0.993883, -1.14417, -1.04617, -0.568083, -0.97379, -0.623129, -0.725156, -0.880944, -0.534236, -0.896837, -0.981099
4.84, 0.0319371, -0.911695, -0.602074, -0.317062, -1.25681, -0.193463, 0.308263, 0.0365745, -0.460935, -0.800136, -1.13379, -0.833091, -0.446556, -0.543533, -1.0673, -1.5959, -1.54544, -1.18736, -1.30295, -2.0825, -1.81482, -1.85922, -1.80443, -1.15335, -1.13151, -0.959215, -1.10718, -0.943022, -0.929145, -1.00411, -1.17496
4.86, 0.0319376, -0.52043, -0.58571, -1.56739, -0.501883, 0.057221, 0.505089, 0.481265, -0.0225024, 0.257208, 0.196971, -0.0444792, -0.515825, -0.225459, -0.668067, -0.993638, -1.0586, -1.09647, -1.3441, -1.31566, -1.28677, -1.76097, -1.8587, -1.57619, -1.37279, -1.06928, -1.2809, -1.30502, -1.17254, -0.853305, -1.05212
4.88, 0.0319376, -1.33014, -1.04936, -1.96039, -0.217763, 0.667421, 1.30577, 1.09801, 0.962438, 0.548566, -0.0769552, -0.0312388, 0.040386, 0.298401, -0.421659, -1.04391, -1.3801, -0.928246, -0.678709, -0.615403, -0.471933, -1.19454, -1.26116, -1.40696, -1.11768, -0.95367, -0.846608, -0.825187, -0.627033, -0.254135, -0.384624
4.9, 0.0319376, -0.792331, -0.805322, -0.7726, -0.758323, 1.09665, 0.923445, 1.75697, 1.20915, 1.08225, 0.635539, 0.188788, 0.542271, 0.729294, 0.0372305, -0.523883, -0.393096, -0.340614, -0.271043, -0.0363408, 0.0339834, -0.384843, -0.483635, -0.427321, -0.142749, 0.00757843, -0.0684538, 0.126054, 0.59836, 0.632882, 0.440258
4.92, 0.0319376, 0.00184985, -1.40105, -0.705533, 0.297135, -0.198593, 1.59307, 1.89929, 0.349216, 1.51696, 0.422384, 0.822348, 0.931118, 1.13689, 0.541587, -0.298209, -0.636653, -0.577734, -0.0670526, 0.268342, 0.351128, 0.1454, 0.0201161, -0.563569, -0.175438, 0.289496, 0.227053, 0.00468371, 0.717953, 1.14224, 1.4197
4.94, 0.0319376, -0.0970837, -0.703483, -1.32838, -1.08198, -0.0714033, 2.09898, 1.48072, 1.48049, 1.45552, 1.12421, 0.55131, 1.35472, 1.20577, 0.713227, 0.152204, -0.152519, -0.117946, 0.220519, 0.426628, 0.580328, 0.159086, -0.257837, -0.483099, -0.124112, 0.353632, 0.172319, -0.0476902, 0.866518, 1.21746, 1.4484
4.96, 0.0319376, -1.37219, -0.926149, -1.45485, -0.168589, 0.548237, 1.5791, 1.4032, 1.44326, 1.13169, 1.03355, 0.543335, 1.00852, 1.09689, 0.243679, -0.24136, -0.497755, -0.0413074, 0.00344279, 0.425075, 0.425204, -0.00427216, 0.103859, -0.0403253, -0.100389, -0.0357389, -0.157537, -0.523815, 0.446593, 0.9155, 1.24655
