# Time (seconds), Duration (seconds), f0, f1, f2, f3, f4, f5, f6, f7, f8, f9, f10, f11, f12, f13, f14, f15, f16, f17, f18, f19, f20, f21, f22, f23, f24, f25, f26, f27, f28, f29
0, 0.0319375, 1.78964, 0.203995, 0.107407, -0.0321803, 0.300016, 0.557142, 0.860424, 0.232095, 0.345583, 0.29578, -0.415404, -0.821805, -1.40266, -1.38806, -1.66954, -1.74006, -1.12355, -0.245055, 0.119801, 0.237248, 0.286281, -0.228829, -0.633089, -0.190543, 0.0225401, 0.462038, 0.617417, 0.758495, 0.553476, 0.069579
0.02, 0.0319375, 1.55035, 0.73628, 0.0462723, 0.086286, -0.0677923, 0.547204, 0.367335, -0.23153, -0.506302, -0.582736, -1.26978, -1.20214, -1.51498, -1.35779, -1.74512, -1.58542, -1.50765, -0.668559, -0.114991, -0.456654, -1.57243, -1.60045, -1.62378, -1.01425, -0.220866, -0.23642, -1.06663, -0.413068, -0.625576, -0.806844
0.04, 0.0319375, 0.181394, -0.430661, -0.324386, -0.475343, -0.183274, 0.161198, -0.423522, -1.19295, -1.76061, -1.62797, -1.57387, -1.03265, -1.08777, -1.25487, -1.7822, -1.71404, -2.07016, -1.82223, -1.32505, -1.79005, -2.0743, -1.98043, -1.99839, -1.6262, -1.55935, -1.64257, -1.25174, -0.348281, -0.3859, -0.940388
0.06, 0.0319375, 0.944718, 0.645747, 0.367593, -0.849107, -0.370571, -0.236658, -0.860343, -1.13342, -0.972929, -1.1442, -1.19982, -0.710367, -1.15961, -0.490822, -0.779649, -1.0365, -1.13292, -0.233853, 0.236397, 0.335085, -0.346183, -0.596249, -0.281376, -0.281307, 0.328586, 0.705038, 0.259378, 0.406525, 0.0956826, 0.471826
0.08, 0.0319375, 1.54455, 1.14256, -0.266152, -0.249379, 0.320262, 0.0767393, -0.083743, -1.11211, -1.09106, -1.07631, -0.681115, -0.572527, -0.840762, -1.0956, -1.4322, -1.74488, -1.483, -1.13127, -1.24962, -1.49889, -1.69969, -1.32325, -1.81603, -1.59765, -1.53959, -1.5763, -1.26426, -1.23756, -1.58509, -1.50523
0.1, 0.0319375, 0.839807, -1.05194, -0.355762, -0.304324, -0.210131, -0.303535, -0.698178, -1.83224, -1.23045, -1.76544, -1.50672, -1.5055, -1.40961, -1.70522, -2.26376, -2.5167, -2.53919, -2.88345, -2.635, -2.32399, -2.25641, -2.24576, -2.12707, -1.99479, -2.25926, -1.84779, -1.54686, -1.63036, -1.73621, -1.95409
0.12, 0.0319375, 0.90992, 0.202791, -0.204426, -0.0192444, -0.562864, -0.189656, -0.61103, -1.15941, -1.84625, -1.95592, -1.81509, -1.3528, -1.24985, -1.538, -2.05627, -2.42116, -2.20284, -1.48773, -0.866663, -1.54895, -1.93574, -1.53516, -1.79906, -1.63397, -1.38276, -0.944693, -1.08437, -1.11456, -1.37498, -1.26216
0.14, 0.0319375, -0.652865, -0.212073, -0.200235, -0.403605, -0.478029, -0.0528821, -0.203534, -0.0818248, -0.344976, -0.805014, -1.33238, -0.841009, -0.665762, -1.30708, -1.54156, -1.67862, -1.62313, -1.21057, -0.989568, -0.64886, -0.717725, -0.579786, -0.79442, -0.902247, -0.883958, -0.154542, -0.542603, -0.45607, -0.481156, -0.558524
0.16, 0.0319375, 1.16994, 0.12302, -0.146941, -0.493045, -0.72581, -0.847181, -0.709369, -0.870755, -1.36391, -1.85255, -0.840128, -0.62726, -0.317268, -0.512534, -1.08413, -1.51606, -1.46903, -0.931412, -0.21489, 0.0515278, -0.359077, -0.762239, -1.19672, -0.718587, -0.336848, 0.307478, -0.396846, -0.424414, -0.561286, -0.173076
0.18, 0.0319375, 1.45226, 0.70704, 0.0155777, 0.519122, 0.922776, 1.16162, 0.852405, 0.543368, 0.308499, -0.00960261, -0.488299, -0.576982, -0.928512, -1.3247, -1.74966, -1.73331, -1.70264, -1.83371, -1.06136, -1.19815, -1.58863, -1.48575, -1.29158, -1.17577, -1.04529, -0.393431, -1.13633, -0.739564, -1.0782, -1.00059
0.2, 0.0319375, 1.16989, 0.887164, 0.0100226, -0.158797, -0.492814, -0.12096, -0.611856, -1.34823, -1.29244, -1.98581, -1.60099, -1.54038, -1.66498, -1.47296, -1.83961, -2.50296, -2.33786, -1.79254, -1.49226, -2.00257, -2.20937, -1.92163, -1.88089, -1.4472, -1.07844, -0.430636, -1.33227, -1.38453, -1.28714, -1.01319
0.22, 0.0319375, 0.4734, 0.147064, -0.296559, -0.388497, -0.238934, -0.363486, -0.278381, -0.967264, -1.1713, -1.76136, -1.46519, -1.09032, -1.49791, -1.30288, -1.80276, -1.59401, -1.69049, -1.73849, -1.59844, -1.40239, -1.47467, -1.32586, -1.16745, -0.975322, -0.612, -0.494049, -0.878006, -0.972459, -0.625077, -1.11532
0.24, 0.0319375, 1.12903, 0.840356, -0.453065, -0.552309, 0.27322, 0.230951, 0.110451, -0.804654, -1.47447, -1.34142, -1.51582, -1.24044, -1.24988, -1.56371, -1.76079, -2.1224, -2.15225, -2.12784, -2.12944, -1.79104, -2.17509, -2.15084, -1.3076, -1.21836, -1.16737, -0.974662, -1.47604, -1.12305, -1.42331, -1.63025
0.26, 0.0319375, 1.41566, -0.344366, -0.966194, -0.253473, -0.0548932, 0.230003, 0.0368065, -0.356116, -0.58592, -0.559358, -0.852915, -0.459099, -1.04012, -1.20183, -1.65413, -1.93538, -2.26639, -2.29212, -2.00225, -1.66865, -1.3994, -2.2192, -1.8446, -1.51223, -1.27086, -1.47639, -1.32124, -1.05542, -1.69397, -1.60774
0.28, 0.0319375, 0.666106, 0.23442, -0.662191, -0.15, -0.734361, -0.545461, -0.764232, -1.37217, -1.40519, -1.58625, -1.58549, -0.781335, -1.42403, -1.4651, -2.15664, -2.3075, -1.96764, -1.65645, -1.59713, -1.37135, -1.88672, -1.78592, -1.79459, -1.35593, -0.950242, -0.764209, -1.25149, -1.20689, -1.33443, -0.811888
0.3, 0.0319375, 1.31909, 0.408286, 0.482135, -0.710347, -0.711459, 0.310248, -0.87552, -1.46548, -2.4214, -2.2187, -2.33478, -1.25389, -1.45603, -1.81623, -2.62515, -2.54255, -2.73569, -2.86596, -2.56822, -2.52796, -2.49423, -2.56576, -2.31867, -2.10126, -2.08572, -1.68146, -1.68796, -1.65836, -1.53673, -2.13671
0.32, 0.0319375, 1.32782, 0.146042, -0.493617, -0.674116, 0.0300583, 0.370395, -0.189441, -0.289668, -0.239771, 0.253224, 0.100418, -0.361732, -0.52308, -0.658515, -1.57486, -1.61094, -1.66689, -0.943272, -0.290945, -0.0607564, -0.587863, -0.661921, -0.331872, -0.198024, -0.347614, 0.687315, 1.35548, 1.41469, 0.728971, 0.986255
0.34, 0.0319375, 1.31624, -0.0319949, 0.409729, -0.0923579, -0.210088, 0.258458, 0.107298, -0.287296, -0.42729, -0.404929, -0.614016, -0.207617, -0.989098, -0.995948, -1.58924, -2.21187, -2.27783, -1.23955, -0.79248, -1.59311, -2.29755, -2.54569, -1.7912, -1.97844, -1.73179, -1.50371, -1.35608, -1.27965, -1.45969, -1.98342
0.36, 0.0319375, 1.25167, 0.608774, -0.186478, 0.440508, 0.798487, 1.15186, 0.124348, -1.45023, -1.38236, -0.684322, -1.02247, -0.52919, -0.366719, -0.917024, -1.0767, -0.962946, -0.786315, -0.40576, -0.409307, -1.0616, -0.989704, -0.991239, -1.059, -1.46892, -1.08143, -0.677654, -0.875979, -1.25232, -0.899624, -1.03984
0.38, 0.0319375, 0.993654, 1.27523, 0.54198, -1.13407, -0.217665, -0.0923952, -0.274875, -0.547769, -1.19068, -0.845818, -0.879406, -0.461626, -0.781658, -1.06156, -1.3932, -1.94111, -1.6727, -2.01463, -1.58697, -1.55735, -1.11878, -0.585035, -1.15442, -1.42076, -1.30183, -0.975566, -1.26742, -0.912551, -0.940441, -1.32555
0.4, 0.0319375, 1.362, 0.399029, -0.362613, -0.952378, -0.0173752, 0.113503, -0.17237, -0.975036, -0.765819, -0.712969, -0.901099, -0.342757, -0.459893, -0.806601, -1.37194, -1.91371, -1.61242, -1.81435, -1.77136, -1.93626, -2.15471, -1.91859, -1.69514, -1.7498, -1.34523, -1.01773, -1.1108, -0.820689, -1.31233, -1.13667
0.42, 0.0319375, 0.726864, 0.427142, 0.22705, -1.3742, -1.0303, 0.140156, -0.346173, -1.02887, -1.30279, -2.05909, -2.40618, -1.35011, -1.36994, -0.999178, -1.97301, -2.96362, -2.72041, -2.83549, -2.65791, -2.25079, -2.27268, -2.35709, -2.27308, -1.90353, -2.20747, -2.03453, -1.9314, -1.52112, -1.35333, -2.09388
0.44, 0.0319375, 1.2084, -0.22221, -0.894988, -0.679779, 0.195662, 0.38313, -0.312627, -0.440631, -0.261316, -0.105643, -0.665581, -1.24304, -1.45564, -1.29259, -1.64286, -2.57194, -2.00655, -1.54611, -1.60353, -2.05551, -2.0039, -2.04869, -2.32785, -1.9461, -1.69675, -1.83719, -1.59919, -1.44784, -1.51306, -1.83352
0.46, 0.0319375, 1.50366, 0.617374, -0.190241, -0.771475, 0.0812878, 0.0335742, 0.306559, -0.6783, -1.39264, -0.86777, -0.955563, -1.29914, -1.10608, -1.10936, -1.79322, -3.02659, -2.81058, -2.52238, -2.68461, -2.24205, -2.33082, -2.47317, -2.30258, -2.46008, -1.63609, -1.41889, -1.47218, -0.855023, -1.04563, -1.59769
0.48, 0.0319375, 0.69657, 0.823579, -0.237467, -0.749623, -0.113792, -0.158072, -0.990157, -1.73839, -1.93125, -1.96172, -1.62355, -1.45199, -1.75911, -2.30203, -2.1653, -2.2888, -2.08656, -2.40959, -2.34935, -2.12303, -2.00662, -2.33184, -1.95244, -1.76929, -1.68367, -1.70592, -1.46848, -1.00863, -1.21804, -1.32544
0.5, 0.0319375, 1.22916, 0.359932, -0.159606, -0.403949, -0.537123, 0.121745, -0.244515, -1.41369, -1.30469, -1.26183, -1.70608, -1.695, -1.27087, -0.878699, -1.12774, -1.27432, -1.48029, -0.777981, -0.171961, -0.0586109, -0.503706, -1.1063, -1.1186, -0.567339, 0.41675, 0.661912, -0.503419, -0.576939, -0.833147, 0.358994
0.52, 0.0319375, 0.298116, -0.20168, -0.828429, -0.29567, 0.00273295, -0.761291, -1.10738, -1.1173, -1.10015, -1.73087, -1.62507, -1.36552, -1.0208, -1.20482, -2.29008, -2.72078, -2.96401, -2.32277, -1.95904, -1.92635, -1.72505, -2.01194, -2.11422, -1.74543, -1.88494, -1.69419, -1.63173, -1.33695, -1.43437, -1.74758
0.54, 0.0319375, 1.33986, 0.71712, 0.123066, -0.653278, -0.257905, -0.587435, -0.969569, -1.27968, -2.19968, -2.46791, -1.81451, -1.34141, -1.55066, -2.07182, -2.29574, -2.2791, -2.50294, -2.39716, -2.16963, -2.22259, -2.014, -1.63046, -1.71393, -1.97224, -1.05112, -0.914347, -1.08936, -0.966611, -0.761674, -1.08589
0.56, 0.0319375, 0.936657, -0.0337255, 0.115114, -1.08111, -1.01936, -1.16288, -1.50109, -1.23347, -1.17794, -1.84152, -1.43805, -0.828951, -0.900735, -1.5185, -2.55852, -2.58367, -2.64918, -3.06402, -3.23056, -2.6432, -2.42224, -2.38739, -2.205, -1.71948, -2.04553, -1.53784, -1.64132, -1.37686, -1.37241, -1.64976
0.58, 0.0319375, 1.00909, 0.278774, 0.197413, -0.264291, -0.431379, -0.430266, -0.941205, -1.17781, -1.54723, -1.32737, -1.69195, -1.17973, -1.09106, -1.38213, -2.2495, -2.96571, -2.59499, -2.69625, -2.29724, -2.24146, -2.19815, -2.22344, -2.44207, -2.10806, -1.79226, -1.93888, -1.86313, -1.74419, -1.61598, -1.73318
0.6, 0.0319375, 0.472315, -0.183325, 0.0713862, -0.291468, -0.556172, -0.436973, -1.14256, -1.40437, -1.96586, -1.62381, -1.77336, -1.38668, -1.33221, -1.85242, -2.31549, -2.55659, -2.74739, -2.36229, -1.9907, -2.3488, -2.53089, -2.57996, -1.66794, -1.68082, -1.78813, -1.43298, -1.68968, -1.39625, -1.54177, -1.56764
0.62, 0.0319375, 1.27762, -0.326423, -0.417834, -0.484075, -0.867352, -0.508309, -0.468925, -1.2861, -1.45576, -1.83633, -1.85164, -1.35698, -0.981793, -1.83724, -2.47687, -2.37176, -2.61232, -2.36099, -2.12234, -1.98869, -2.12692, -2.09983, -1.5049, -1.34431, -1.81013, -1.81473, -1.40062, -1.22332, -1.56513, -1.5663
0.64, 0.0319375, -0.0910793, -0.349381, -0.315077, -0.31667, -0.42865, -0.52833, -0.742133, -1.77321, -1.81591, -1.70335, -1.70161, -1.33453, -1.11975, -1.03872, -1.83742, -2.08303, -2.2819, -2.21654, -2.05112, -1.87654, -1.97452, -1.89663, -0.612561, -0.518191, -1.09273, -1.78147, -1.38928, -1.41141, -1.41098, -1.27431
0.66, 0.0319375, 1.37495, 0.514503, -0.0745204, -0.350429, -0.0601064, -0.568439, -1.31984, -1.6958, -2.13455, -1.78038, -1.66458, -0.893029, -1.39147, -1.49947, -2.34438, -3.13998, -2.98125, -2.36916, -2.52443, -2.25288, -2.27395, -2.40511, -2.30561, -2.19723, -2.18768, -2.01991, -1.87991, -1.66628, -1.62793, -1.71473
0.68, 0.0319375, 0.740396, 0.167777, -0.054587, -0.326256, -0.220428, -0.0383862, -0.495967, -1.44455, -0.964391, -1.00103, -1.28813, -0.85716, -1.04038, -2.25645, -2.80383, -2.99031, -2.47008, -2.45604, -2.00723, -2.46346, -2.31216, -2.17028, -2.06211, -2.03432, -2.01117, -1.60097, -1.51933, -1.78386, -1.23433, -1.10769
0.7, 0.0319375, 0.628444, 0.212762, -0.313537, -0.760813, -0.649777, -0.230814, -0.911079, -1.89601, -1.21538, -1.38701, -1.44886, -1.09019, -1.02755, -1.81939, -2.20421, -2.72165, -2.4222, -2.46119, -2.29913, -2.13793, -2.4618, -2.39081, -1.96308, -2.04065, -2.01267, -1.70583, -1.43129, -1.45266, -1.4163, -1.68772
0.72, 0.0319375, 0.585967, -0.0875387, 0.619109, -0.406184, -0.752622, -0.803067, -1.16655, -0.430656, -0.899524, -1.06511, -1.36052, -0.800391, -1.37941, -1.20705, -1.77043, -2.09952, -2.4311, -2.37398, -2.45897, -2.34977, -2.28332, -2.08792, -1.88283, -1.35411, -1.31184, -1.68002, -1.43348, -1.20975, -0.874139, -1.04894
0.74, 0.0319375, 1.45655, 0.510364, 0.129683, -0.123678, -0.41362, -0.680081, -1.06756, -1.98226, -2.20183, -1.52836, -1.3584, -1.61263, -1.81103, -1.45416, -1.62804, -1.4497, -1.82861, -1.76809, -1.95222, -1.97644, -2.07517, -1.71711, -1.68418, -0.605022, -0.572983, -0.674934, -0.613, -0.413177, 0.161387, -0.263692
0.76, 0.0319375, 0.862115, -0.140502, -0.48365, -0.549773, -0.566861, -0.702955, -0.705957, -0.963131, -1.91956, -2.12934, -1.36877, -0.726558, -1.07058, -1.20755, -2.24024, -2.67953, -2.30407, -2.43998, -2.52725, -2.15234, -1.67159, -1.95212, -1.37504, -1.02179, -1.0162, -0.972559, -0.118369, 0.25372, 0.318163, -0.215444
0.78, 0.0319375, 1.12531, 0.446132, -0.5069, -0.401592, -1.10406, -0.821378, -0.280612, -0.801145, -1.19136, -1.53823, -1.54292, -1.63389, -0.8025, -1.10594, -2.12049, -2.62339, -1.90752, -1.53026, -1.8132, -1.68825, -1.42778, -1.52866, -1.3788, -0.610635, -0.810266, -0.957793, -0.0832626, 0.326497, 0.432218, -0.0477754
0.8, 0.0319375, 0.6469, 0.479305, -0.363136, -0.629347, -0.310556, 0.200981, -0.591421, -1.07726, -0.443571, -0.272759, -0.317665, -0.422138, -1.18632, -1.06611, -0.788096, -0.950531, -0.591451, -0.631664, -1.0799, -1.0774, 0.164599, 0.661034, 1.01679, 0.255794, 0.450034, 1.57246, 1.93296, 1.5176, 0.982493, 0.826412
0.82, 0.0319375, 0.43621, -0.18895, -0.570859, -1.10723, -0.407482, -0.0702056, -0.642322, -1.07011, -0.385898, 0.906712, 1.18514, 0.761425, 0.17856, 0.274477, 0.634277, -0.00784918, 0.975546, 1.27913, 0.477966, -0.085521, 1.06528, 1.62709, 2.18754, 1.50634, 1.09645, 2.01013, 2.36402, 1.99856, 1.84349, 1.58583
0.84, 0.0319375, -0.348395, -0.172684, -0.884964, -0.899979, -0.179357, -0.218539, -0.776664, -1.65646, -1.53948, -1.96091, -1.60838, -1.05019, -1.28769, -1.55935, -2.19482, -2.27821, -2.43382, -2.47837, -2.50918, -2.19726, -1.9834, -1.72207, -1.481, -2.08774, -1.87503, -1.5519, -1.24089, -1.22487, -1.24774, -1.46344
0.86, 0.0319375, 0.925265, 0.399334, -0.714211, -0.50612, -0.74263, -0.556231, -1.33343, -1.12026, -1.45085, -2.03819, -2.30282, -1.40333, -2.04525, -2.04152, -2.62015, -2.75069, -2.36836, -2.49899, -2.32329, -2.62514, -2.15517, -2.18949, -1.70874, -1.63583, -1.86143, -1.90285, -1.19029, -1.39109, -1.34068, -1.40032
0.88, 0.0319375, 0.862399, 0.570994, -0.5974, -1.08924, -1.00743, -0.323315, -0.586409, -0.959494, -1.39771, -2.13307, -1.8578, -0.89467, -0.97088, -1.88317, -2.23161, -2.44848, -2.72944, -2.4908, -2.09924, -2.11801, -1.97865, -2.07349, -2.00972, -1.79087, -1.57002, -1.65855, -1.63917, -1.35504, -1.3309, -1.60199
0.9, 0.0319375, 0.873024, 0.641507, -0.29378, -0.248273, 0.432185, 1.06298, 0.710103, -0.40476, -1.09866, -0.982974, -0.847773, -1.20659, -1.13405, -1.19061, -2.06163, -2.50037, -2.01879, -1.76715, -2.13712, -2.43066, -2.29809, -2.36798, -2.07255, -2.05776, -1.86183, -1.96776, -1.45892, -1.15065, -1.06876, -1.1939
0.92, 0.0319375, 0.838615, 0.534636, -0.80285, -0.298867, -0.822455, -0.515769, -0.668378, -1.06917, -1.5034, -1.47331, -1.5579, -1.38638, -1.28811, -1.43668, -2.45142, -3.11245, -2.38622, -2.44186, -2.19398, -2.05832, -2.30396, -2.08747, -1.87669, -1.83699, -1.42451, -1.47863, -1.15127, -1.18491, -1.02708, -1.34961
0.94, 0.0319375, 1.0362, -0.374333, -0.461409, -0.296485, -0.290198, -1.4765, -1.42681, -1.19723, -1.23205, -1.91021, -2.01504, -1.66799, -1.22277, -1.08466, -1.64923, -1.93178, -2.26289, -2.06964, -1.95471, -1.74599, -1.96981, -1.95429, -1.69944, -1.84302, -1.78845, -1.4566, -1.07744, -0.286862, -0.226341, -0.552027
0.96, 0.0319375, 0.086556, 0.471217, -0.126911, -0.657032, -0.325563, -0.692601, -0.422263, -1.28061, -1.28172, -1.92501, -2.00481, -1.18487, -1.10268, -1.20741, -1.21149, -0.826496, -0.562771, -0.699643, -1.13058, -1.5477, -1.12753, -0.337676, -0.425932, 0.275968, 0.795081, 0.0676814, -0.0749475, 0.710304, 1.41122, 1.03192
0.98, 0.0319375, 0.678772, 0.252905, -0.466873, -0.753935, -0.538615, -0.919337, -0.961239, -1.3615, -1.10399, -1.40655, -1.66829, -1.14803, -1.1389, -1.01685, -2.14233, -2.2588, -2.2146, -2.30985, -2.21042, -2.03564, -2.14952, -1.97559, -1.68493, -1.37529, -1.00849, -1.19495, -1.16948, -0.92161, -0.365935, -0.798938
1, 0.0319375, 0.89707, 0.116787, -0.269738, -0.494652, 0.0198411, 0.092513, -0.253348, -0.980324, -1.61829, -1.18378, -1.11338, -1.26965, -0.682509, -1.005, -1.40428, -1.5251, -1.60386, -1.54942, -1.34319, -1.25308, -1.1497, -1.30445, -1.2705, -1.21714, -1.30823, -0.892337, -1.13081, -1.23899, -0.924609, -0.925337
1.02, 0.0319375, 0.416276, 0.072457, -0.483834, -0.407747, -0.209197, 0.263344, -0.191885, -0.362505, -0.417495, -0.850055, -0.637466, -0.997392, -0.666189, -0.417699, -0.704345, -0.379818, -0.563377, -0.489531, -0.112411, 0.304304, 0.205929, 0.172953, 0.151874, 0.216911, 0.279893, 0.482879, 0.01177, 0.130002, -0.0946992, -0.0317101
1.04, 0.0319375, 1.38685, 0.12073, -0.161901, -0.84664, -0.384623, 0.0705444, -0.076938, -0.408423, -0.993422, -1.97649, -1.92655, -0.867232, -1.39609, -1.34242, -2.24155, -2.72917, -2.4716, -2.38004, -1.94083, -2.11538, -2.04966, -2.17406, -1.25395, -1.67683, -1.88046, -1.70263, -1.83569, -1.48404, -1.27554, -1.36369
1.06, 0.0319376, 0.763824, 0.738741, 0.0222404, -0.185025, 0.148748, 0.310527, 0.0941252, -0.766839, -1.13016, -1.72832, -1.75414, -0.929646, -1.17432, -1.46038, -2.41022, -2.76347, -2.75137, -3.17409, -2.61832, -2.18525, -2.30666, -2.31825, -2.20057, -2.08352, -2.31007, -2.09821, -1.66293, -1.49848, -1.46627, -1.82104
1.08, 0.0319375, 0.976771, 0.135953, 0.0576961, 0.261642, 0.00908243, 0.206234, -0.486973, -0.658932, -0.417468, 0.120905, -0.752374, -0.950233, -1.05073, -1.31696, -2.0808, -2.25281, -1.92599, -2.14131, -1.93337, -1.99182, -1.9755, -2.15809, -1.52259, -1.58203, -1.40115, -0.593401, -0.15763, 0.393811, 0.288566, -0.458245
1.1, 0.0319375, 0.50079, 0.627356, -0.319937, -0.406072, -0.652901, -0.564727, -0.671324, -1.08279, -1.42402, -1.45833, -1.3595, -1.57053, -1.53893, -1.47666, -2.46154, -2.64721, -2.52096, -2.51204, -2.2834, -2.38472, -2.35042, -2.01742, -1.91784, -0.960541, -0.921602, -1.38283, -1.3206, -1.02765, -1.30453, -1.72916
1.12, 0.0319375, 0.723749, 0.458377, 0.363295, -0.107901, -0.186197, -0.144997, -0.136392, -0.288869, -0.686525, -0.926933, -1.32412, -1.14225, -1.39454, -1.58099, -2.13773, -2.67283, -2.15347, -2.08667, -1.89642, -2.3424, -2.03464, -1.76448, -1.82634, -1.74396, -1.54932, -1.6192, -1.34726, -1.30441, -1.45605, -1.39767
1.14, 0.0319375, 1.59902, -0.7031, -0.179067, -0.295581, 0.194648, 1.33387, 1.26661, 0.591341, 0.506873, 0.379395, -0.388233, -0.636572, -1.27695, -1.54705, -1.20366, -1.469, -1.76894, -1.56258, -1.63994, -2.26075, -2.29034, -2.2726, -1.54585, -1.66591, -1.71639, -1.22727, -1.1914, -1.2152, -1.47876, -1.57183
1.16, 0.0319375, 0.978272, 0.835006, 0.0138361, -0.432014, -0.362961, -0.125968, -0.670321, -0.569285, -0.459922, -0.483117, -0.536585, -0.499869, -0.933517, -0.872223, -1.05861, -1.33885, -1.47542, -1.47602, -0.227385, 0.0417583, -0.082259, -0.319308, -0.642268, -0.106324, 0.309246, -0.0704261, -0.0190589, 0.190448, 0.240203, 0.746555
1.18, 0.0319376, 0.691488, 0.322457, -0.123168, -0.241063, -0.0568576, -0.193483, -0.0986476, -0.769155, -1.89802, -1.14527, -0.892457, -1.36283, -1.13889, -1.65393, -2.2929, -1.98325, -1.85371, -1.71183, -2.09617, -2.18197, -2.4467, -2.08742, -2.35058, -2.33864, -1.97781, -1.91326, -1.84179, -1.61063, -1.6574, -1.60647
1.2, 0.0319375, 1.14914, 0.747828, -0.345964, -0.107108, 0.463218, 1.09331, 0.900611, 0.638821, -0.0871599, -0.33199, -0.210405, -0.543382, -1.20662, -1.64566, -1.41064, -1.34156, -1.68806, -1.54515, -1.37257, -2.46845, -2.2795, -2.01656, -2.13003, -2.13897, -1.88605, -1.62313, -1.60142, -1.47243, -1.80581, -2.06235
1.22, 0.0319375, 1.44839, 0.741969, -0.0909616, 0.337931, 0.577545, 1.3347, 1.24947, 0.402373, 0.128974, 0.187973, -0.173869, -0.536533, -0.645482, -1.30549, -1.27239, -1.47445, -1.80641, -1.40609, -1.27079, -2.1371, -2.13142, -2.14283, -2.06269, -1.89968, -1.78443, -1.44313, -1.12423, -1.0945, -1.46511, -1.71427
1.24, 0.0319375, 0.878627, -0.420751, 0.108017, -0.397318, -1.2181, -1.05087, -0.786006, -1.33616, -1.63613, -1.98844, -1.92747, -1.41793, -1.35777, -1.50986, -2.36848, -2.64624, -2.36345, -2.1856, -1.74437, -1.91249, -2.34102, -2.13122, -1.95579, -1.84872, -1.84627, -1.24784, -1.47294, -1.48698, -1.53371, -0.974657
1.26, 0.0319375, 0.639322, 0.200376, -0.305505, -0.269505, -0.234386, -0.255327, -1.03516, -0.99962, -1.61626, -1.66502, -2.04021, -1.60868, -1.67868, -1.64917, -1.97889, -2.4416, -2.59468, -2.49398, -2.43226, -2.30597, -2.27413, -2.19434, -2.2688, -2.21445, -1.89221, -1.92475, -1.35148, -0.956533, -0.989982, -1.1687
1.28, 0.0319375, 1.05266, 0.622949, 0.157084, -0.0611551, -0.0459288, 0.0743988, -0.624673, -0.935114, -0.964619, -0.960535, -1.51744, -1.39107, -0.949319, -1.41916, -2.31887, -3.03055, -2.41335, -2.1674, -2.25539, -2.23966, -2.3579, -1.66954, -1.19643, -1.42295, -1.72022, -1.01513, -0.220666, -0.402272, -1.10511, -1.4007
1.3, 0.0319376, 1.21005, -0.496672, -0.0260083, 0.134949, 0.285734, -0.131385, -0.963746, -0.978711, -0.980972, -0.591285, -0.94887, -1.01734, -0.769784, -1.22102, -1.87559, -1.81344, -1.91674, -1.58288, -1.33785, -1.47876, -1.80798, -1.77712, -1.59309, -1.75375, -1.68475, -1.10582, -0.546106, -0.345208, -0.89818, -0.922653
1.32, 0.0319375, 0.463369, -0.134355, -0.228928, -0.250767, -0.213795, -0.491265, -1.39448, -1.58957, -1.442, -1.46422, -1.92527, -1.42671, -1.45875, -1.38258, -1.85967, -2.20505, -2.17644, -2.24718, -1.71941, -1.62439, -1.86, -1.66958, -1.54637, -1.34598, -1.56142, -1.42722, -1.36218, -0.895883, -0.837033, -0.752416
1.34, 0.0319375, 0.73715, 0.109449, -0.264051, -0.293659, -0.356828, 0.256983, -0.264405, -2.12835, -1.92224, -2.30382, -2.26202, -1.1502, -0.790667, -1.49181, -2.82947, -2.94293, -2.89638, -2.47996, -2.42353, -2.3821, -2.30502, -2.11016, -1.93542, -2.03893, -2.27176, -1.4304, -1.39481, -1.22014, -1.10534, -1.28576
1.36, 0.0319375, 0.67208, -0.373237, -0.821029, -0.639438, -1.16806, -0.918619, -0.657582, -1.58734, -1.59385, -0.786597, -1.23621, -2.30398, -1.45004, -1.89639, -2.84213, -2.82956, -2.79778, -2.66668, -2.40152, -2.29885, -2.25692, -2.26902, -1.91451, -1.82067, -1.62378, -1.51925, -1.03135, -1.05173, -1.26693, -1.41503
1.38, 0.0319375, 0.894064, 0.367848, -0.301198, -1.04158, -0.578102, -0.455162, -1.08856, -1.54245, -1.25608, -1.91384, -2.22109, -1.34608, -1.35823, -1.61734, -2.58275, -2.73712, -2.75024, -2.47746, -2.59692, -2.46395, -2.37821, -2.43786, -1.89808, -1.70927, -1.77606, -1.28413, -1.30345, -1.12682, -1.1815, -1.34229
1.4, 0.0319375, 0.373671, 0.133699, -0.462302, -1.58577, -0.766292, -0.536032, -0.517275, -0.931693, -1.3052, -1.29961, -2.06698, -2.18694, -2.06339, -1.11076, -1.80485, -2.35289, -2.39749, -2.41382, -2.55126, -1.97538, -2.06696, -2.07993, -1.88078, -1.62032, -2.0637, -1.70673, -1.82521, -1.2002, -1.12746, -1.68018
1.42, 0.0319376, 1.49118, 0.296449, 0.0227014, -0.44366, 0.131301, -0.0556425, -0.756266, -0.887449, -1.14054, -1.45909, -1.22076, -0.87946, -1.04733, -1.32296, -1.3594, -2.52923, -2.04216, -2.10647, -2.38875, -2.18708, -2.36189, -1.82032, -2.10302, -2.05435, -1.86423, -1.50359, -1.59299, -1.49782, -1.66443, -1.57986
1.44, 0.0319375, 0.763469, 0.0170792, -0.10866, -1.12112, -0.332994, -0.338417, -1.08498, -1.22173, -0.959453, -1.34215, -2.01678, -1.76341, -1.2379, -1.57679, -1.8308, -1.68052, -1.93896, -1.59721, -1.49639, -1.34712, -1.59464, -1.44043, -1.53127, -1.68405, -0.865831, -0.771727, -1.04881, -0.818359, -0.960731, -0.972582
1.46, 0.0319375, 0.871139, 0.695041, 0.171346, 0.0541866, 0.193053, 0.35013, 0.398407, -0.952622, -1.26075, -0.579301, -0.450522, -0.784694, -0.285495, -1.0265, -1.46761, -1.46498, -1.60315, -1.59331, -1.49574, -1.64784, -1.9272, -1.98025, -1.92878, -2.19448, -1.51687, -1.85374, -1.46369, -1.32159, -1.238, -1.31494
1.48, 0.0319375, 1.2612, 0.335333, -0.309797, -0.837943, -1.17167, -1.32192, -0.865088, -1.11716, -1.70487, -2.244, -1.8378, -1.6445, -1.7121, -1.52462, -2.05609, -2.04364, -2.01753, -2.49174, -2.19177, -1.28191, -1.90476, -2.16295, -1.89467, -1.823, -1.40979, -1.10822, -0.684445, -0.0204941, -0.332956, -0.822644
1.5, 0.0319375, 0.873175, -0.193723, -0.448225, -0.396531, -0.268522, -0.561154, -0.639746, -1.1909, -1.70623, -1.21367, -1.70971, -1.77228, -1.59448, -2.27895, -2.08023, -2.17184, -2.459, -2.56409, -2.0678, -2.05459, -2.63774, -2.21552, -2.12259, -1.9552, -1.62222, -1.68583, -1.57458, -0.933244, -0.871744, -0.885945
1.52, 0.0319375, 1.54783, 0.688059, -0.281, 0.121107, 0.190785, -0.0572075, 0.693647, -0.391579, -0.603691, -0.2127, -0.269316, -0.407997, -0.58605, -1.07198, -1.11529, -1.15782, -0.949887, -0.599742, -0.385883, -0.872974, -1.17941, -0.977868, -1.18231, -1.13731, -1.14783, -1.07826, -0.922139, -0.744106, -0.723504, -0.835044
1.54, 0.0319375, 1.39005, 0.32732, -0.300886, -0.74657, -0.124685, -0.396967, -1.20509, -1.7542, -1.72297, -1.06251, -1.02664, -1.42244, -1.64601, -1.40136, -2.28482, -2.45447, -2.23867, -2.34459, -2.35829, -2.14815, -2.15334, -1.66721, -2.111, -2.17063, -1.86757, -1.1082, -0.910446, -0.952812, -0.740761, -0.864955
1.56, 0.0319376, 0.9606, -0.19888, -0.546093, -0.31377, -0.447169, -0.884813, -0.475743, -0.862536, -0.961411, -1.1962, -2.14186, -1.13648, -0.73773, -1.55518, -2.29922, -2.11212, -2.22706, -1.66623, -1.61194, -1.49163, -1.5731, -1.22759, -0.787404, -0.42108, -0.521632, -0.265274, -0.0940051, -0.523742, -0.832444, -0.743745
1.58, 0.0319375, 1.26409, 0.72533, -0.239886, -1.27664, -0.627833, -0.187255, -0.138516, -1.34012, -1.55212, -1.66229, -1.29445, -1.42274, -0.726905, -1.25206, -2.33102, -3.07375, -2.6495, -2.76606, -2.30117, -2.18025, -1.75747, -1.69954, -1.30946, -1.46187, -1.80046, -0.998472, -1.02857, -0.889526, -1.04234, -1.50743
1.6, 0.0319375, 1.17518, -0.17776, -0.202601, -0.335002, -0.946911, -0.703654, -0.602842, -1.16166, -1.55638, -2.40386, -1.79906, -0.890948, -1.26716, -1.17419, -2.28029, -2.50169, -2.37616, -2.63109, -2.35367, -2.18846, -2.02745, -2.09514, -1.52705, -1.28796, -1.53853, -1.166, -1.24275, -0.965166, -0.901607, -1.34181
1.62, 0.0319375, 0.834807, -0.000237791, -0.126649, -0.10802, 0.422644, 0.866487, 0.422452, -0.0223889, -0.852583, -0.939702, -0.942183, -0.959875, -1.10417, -1.80485, -2.08199, -2.07388, -2.12125, -1.74413, -1.90212, -1.85804, -2.08677, -2.23516, -1.89651, -1.6526, -1.58837, -1.47613, -1.2666, -1.08442, -1.10876, -1.59622
1.64, 0.0319375, 0.195928, 0.171513, -0.434321, -0.194203, 0.090952, 0.14915, -0.211521, -0.832588, -1.31752, -1.96067, -1.807, -1.13315, -1.28515, -1.2763, -1.99832, -2.02324, -2.05233, -2.55301, -2.33594, -2.26413, -2.43207, -1.94615, -0.982135, -0.830751, -1.74364, -1.14892, -1.14126, -0.75257, -1.03187, -1.02411
1.66, 0.0319375, 0.588282, -0.0539541, -0.661109, -0.344363, -0.198456, 0.575464, 0.479514, -1.04373, -0.729149, -1.58213, -1.36902, -0.658601, -0.601966, -1.27017, -0.75144, -1.12239, -1.41881, -1.32222, -1.11305, -0.874279, -1.57925, -1.84754, -1.81428, -1.31064, -1.31873, -1.10268, -1.0493, -1.20177, -1.11011, -1.30468
1.68, 0.0319376, 0.999879, 0.185953, -0.943892, -0.381312, -0.331411, 0.106506, 0.107652, -0.650055, -0.357676, -0.518594, -0.219433, -0.867727, -0.975255, -1.17029, -0.969938, -1.50316, -1.37301, -0.966251, -0.801886, -0.990183, -1.39419, -1.80227, -1.5488, -1.27183, -1.47693, -0.451342, 0.234029, -0.0332998, -0.598769, -1.11951
1.7, 0.0319375, 0.356018, 0.308002, -0.177674, 0.00967752, 0.189108, 0.270735, 0.137101, -0.589664, -1.26825, -0.3207, -0.170447, -0.405188, -0.551216, -0.735237, -0.864255, -0.862602, -0.877908, -0.698185, -0.592491, -0.983408, -1.37115, -1.21394, -1.13366, -0.7428, -1.18009, -0.86907, -0.916324, -0.971018, -0.948133, -0.833058
1.72, 0.0319375, 0.777741, 0.712942, 0.331163, -1.01088, -0.425415, 0.494925, -0.0299992, -0.0616143, 0.0439476, -0.322275, -0.82954, -1.34069, -1.23308, -1.24171, -1.6516, -2.58445, -2.32061, -1.85794, -1.71636, -2.32414, -2.13676, -1.99537, -1.72113, -1.8319, -1.94363, -1.9297, -1.18989, -1.11867, -1.26626, -1.38994
1.74, 0.0319375, 1.44251, 0.291421, -0.727181, -0.32024, -0.176717, -0.23118, -0.587974, -1.26959, -0.5685, -1.12266, -1.76129, -0.709735, -0.964538, -1.21033, -2.39327, -2.18709, -2.6547, -2.71038, -2.39496, -2.2462, -2.03845, -2.41541, -2.00842, -1.83611, -1.46017, -1.04104, -0.898447, -0.74759, -1.30079, -1.17126
1.76, 0.0319375, 1.22277, 0.380541, 0.011915, -0.509785, -0.240931, 0.00617181, -0.143531, -0.632781, -0.859486, -0.743948, -0.847972, -1.12521, -1.09131, -1.32364, -2.19461, -2.46993, -2.50715, -2.40076, -2.37129, -1.77015, -1.63301, -1.65449, -0.989585, -1.19742, -1.36077, -0.525204, -0.28533, -0.413576, 0.143698, -0.478032
1.78, 0.0319375, 0.890004, 0.491533, -0.855051, -0.433288, 0.116813, 0.253348, -0.772677, -1.49422, -1.78658, -2.20037, -2.03719, -1.93957, -1.54979, -1.47273, -2.14144, -2.5521, -2.36968, -2.05873, -1.96668, -2.10301, -2.07794, -1.97378, -2.02912, -2.15092, -1.83165, -1.49165, -1.32589, -1.07117, -1.16524, -1.33688
1.8, 0.0319376, 0.883221, 0.274095, -0.58673, -0.6389, -0.407007, -0.163445, -0.844907, -1.65805, -1.91109, -2.55892, -1.88899, -1.18394, -1.54165, -1.33832, -1.27418, -2.06962, -2.29612, -2.25447, -2.10448, -1.86684, -2.15297, -2.24294, -1.82268, -1.50293, -1.8097, -1.40426, -1.47844, -1.34278, -1.8274, -1.61374
1.82, 0.0319375, 0.579484, -0.211966, 0.0649503, -1.14937, -1.24082, -1.38711, -2.10346, -1.53579, -1.38099, -1.95378, -1.56419, -0.895456, -0.978103, -1.70719, -2.41276, -2.94225, -2.53951, -2.55061, -2.28089, -1.92171, -1.75034, -2.21777, -1.69108, -1.36018, -1.22194, -0.99492, -0.682278, -0.554364, -0.448742, -1.07699
1.84, 0.0319375, 1.29301, 0.772679, -0.171538, -1.04064, -0.905049, 0.389974, 0.265714, -0.950213, -0.432314, -0.903441, -1.71041, -1.68493, -2.30108, -1.83808, -1.92802, -1.96883, -1.69218, -1.90271, -1.07583, -1.17248, -1.33132, -1.13283, -1.41658, -1.6097, -1.86904, -1.66202, -1.30113, -1.24117, -1.63317, -1.53423
1.86, 0.0319375, 0.80889, 0.255859, -0.728701, -0.954686, -0.442927, -0.889019, -0.592319, -0.715288, -1.16217, -1.13192, -1.53186, -1.73065, -1.62965, -1.31562, -2.20882, -2.39531, -2.92327, -2.90294, -2.40726, -1.84691, -2.00493, -1.58057, -1.7971, -2.27802, -1.97771, -1.61045, -1.12717, -1.2227, -1.22479, -1.55128
1.88, 0.0319375, -0.0162703, -0.168346, -0.394833, -1.54078, -1.20062, -0.549811, -0.200301, -0.833161, -1.02607, -1.18732, -1.16955, -1.17694, -1.07111, -1.10375, -1.91853, -2.38221, -2.21803, -2.46516, -2.25308, -2.23453, -2.3377, -1.86629, -1.75114, -1.94229, -1.92194, -1.57013, -1.51756, -1.39554, -1.00249, -1.36564
1.9, 0.0319375, 1.02998, 0.449672, -0.329043, -0.759273, -0.253661, 0.274038, 0.308187, -0.46232, -0.603002, -0.362138, -0.740717, -1.41823, -2.16558, -1.62168, -2.15965, -2.32507, -2.32059, -1.82749, -1.78328, -1.97038, -2.17871, -2.31302, -2.38979, -2.04622, -1.24435, -1.1647, -0.909794, -0.883432, -1.11949, -1.17945
1.92, 0.0319376, 0.398237, -0.0839172, -1.08321, -0.913559, -0.81065, -0.363145, -0.450315, -1.27424, -1.6272, -1.37687, -1.09571, -0.938142, -0.928792, -0.692234, -0.580388, -0.67474, -0.725047, -0.250623, 0.324152, 0.258576, -0.0386096, 0.267426, -0.181342, -0.445102, 0.256915, 0.850748, 0.630868, 0.535231, 0.0739083, 0.689185
1.94, 0.0319375, 2.1783, 1.37735, 0.463751, 0.0840087, 0.352917, 1.38296, 1.493, 1.29603, 0.976697, 0.409738, -0.314295, -0.248134, -0.197384, -0.500589, -0.511371, -0.298538, -0.759544, 0.00139092, 0.702389, 0.511259, 0.0870068, 0.744295, 0.232028, 0.397135, 1.31274, 1.60048, 1.12388, 1.02838, 0.685381, 1.37612
1.96, 0.0319375, 1.34639, 0.441409, 0.544553, -0.5511, -0.268359, 0.133012, -0.0279599, -0.945224, -0.993281, -1.286, -1.49881, -1.89133, -1.87059, -1.93746, -2.16643, -2.11203, -2.15304, -1.95508, -1.95176, -1.98841, -2.61514, -2.39608, -1.75383, -1.51969, -1.60869, -1.11763, -0.838939, -0.859172, -1.12508, -1.04538
1.98, 0.0319376, 0.885596, -1.01352, -1.08534, -0.00121214, 0.44439, -0.247654, 0.00214157, -1.23167, -1.67788, -1.62279, -1.36685, -1.03665, -1.06154, -1.14279, -1.67406, -1.94998, -2.04356, -2.04299, -2.63643, -2.32682, -1.71998, -1.87016, -1.5475, -1.45612, -1.70876, -1.75223, -0.998498, -0.419187, -1.22579, -1.8374
2, 0.0319376, 1.63919, 0.343367, -0.435287, -0.041402, -0.0889538, -0.337412, -0.383859, -0.52252, -0.270006, -0.256694, -0.424077, -0.878618, -0.751915, -1.10642, -2.2119, -2.27972, -2.5241, -2.10477, -2.06758, -2.47037, -2.52425, -2.05051, -1.95631, -1.69395, -1.97193, -1.80965, -1.08976, -1.0781, -1.41896, -1.33616
2.02, 0.0319376, 1.08486, 0.64354, 0.326053, -0.217227, 0.543511, 0.451107, 0.969192, -0.0216063, -0.127, -0.514942, -0.632078, -0.387115, -0.560594, -1.31907, -1.64278, -1.50284, -1.86232, -1.79188, -1.45533, -1.54855, -1.91628, -1.83331, -1.06043, -1.10194, -1.67546, -1.50652, -1.08261, -0.565445, -0.905451, -1.29809
2.04, 0.0319376, 1.36756, 0.09902, -0.467868, -0.0401689, 0.253667, 0.112798, -0.130841, -1.20055, -0.618819, -1.1462, -1.5105, -0.779848, -1.33814, -1.36009, -2.07432, -2.42811, -2.19832, -2.61997, -1.81527, -2.02996, -2.30307, -2.10437, -1.89756, -1.85899, -1.3423, -1.13075, -0.891895, -1.01689, -0.83713, -0.409692
2.06, 0.0319376, 1.12528, 0.398974, -0.390186, -1.17681, -0.401343, -0.899042, -0.678102, -1.23578, -1.64995, -1.90932, -1.3736, -1.3058, -1.89059, -1.65563, -1.97363, -2.60827, -2.75359, -2.33472, -2.15382, -2.24679, -1.5137, -1.20097, -1.68559, -1.67578, -1.27223, -1.15248, -1.25057, -1.18958, -0.64809, -0.431621
2.08, 0.0319376, 1.05058, 0.574412, -0.0908751, -0.339895, -0.28267, -0.282921, -0.48343, -1.39432, -1.18126, -1.15748, -1.24146, -1.04022, -1.32039, -1.30871, -1.81164, -1.78458, -0.96683, -1.00521, -0.370407, -0.359024, -0.611035, -0.566812, 0.431961, -0.0781353, -0.315805, -0.00905218, 0.119556, -0.0209085, -0.237986, 0.212197
2.1, 0.0319376, 1.19421, 0.704924, 0.60061, 0.416751, 0.642075, 1.05241, 0.81296, 0.458086, -0.0463276, -0.861412, -1.07592, -1.11738, -1.27456, -1.55956, -1.93517, -1.889, -1.80372, -1.37306, -1.20025, -1.83413, -1.76543, -1.6513, -1.76866, -1.89126, -1.56589, -1.11255, -1.10129, -0.48199, -0.537441, -1.22181
2.12, 0.0319376, 0.131578, 0.537926, 0.0499666, 0.366916, 0.839811, 1.06878, 0.8645, -0.789472, -0.712413, 0.0376461, 0.0249001, 0.102006, -0.474934, -0.387543, -0.552179, -0.608215, -0.612736, -0.335311, -0.462415, -0.719108, -1.39764, -1.79057, -2.21553, -1.90569, -1.54465, -1.43748, -0.864209, -0.876577, -1.01999, -1.23897
2.14, 0.0319374, 0.353456, 0.378622, 0.359786, 0.0888979, 0.73033, 1.65343, 1.38995, 0.517433, 0.276699, -0.0647625, -0.33558, -0.431985, -0.593893, -0.979578, -1.31079, -1.69269, -1.91148, -1.51426, -1.14928, -1.25552, -1.36566, -1.43959, -1.01326, -0.577511, -0.691939, -0.892483, -0.543319, -0.503196, -1.0335, -0.909043
2.16, 0.0319374, 1.09794, 1.20536, 0.0946359, -0.181603, 0.14364, 1.14642, 0.112358, -0.520788, -1.3807, -0.222566, -0.600001, -0.679442, -0.781243, -0.534662, -1.10627, -1.42776, -1.80089, -1.29397, -0.7222, -0.309207, -0.436783, -0.394792, -0.548304, -0.169243, -0.276579, -0.0193097, 0.45736, 0.558429, 0.0104869, 0.650311
2.18, 0.0319374, 0.642578, -0.163227, 0.362299, -0.32328, 0.0811512, 0.0267763, -0.810904, -1.10647, -0.991217, -0.873493, -1.00769, -1.29124, -1.15343, -0.933687, -1.85816, -2.07089, -2.01135, -1.43535, -1.20832, -1.09812, -1.25377, -1.39484, -1.20983, -1.1272, -1.05299, -0.698409, -0.469808, -0.387328, -0.759598, -0.147589
2.2, 0.0319374, 0.945133, 0.625204, 0.392773, 0.0626809, 0.357582, 0.650842, 0.135251, -0.68776, -0.97507, -0.906225, -0.766504, -0.515292, -0.166969, -0.383981, -0.827672, -0.909081, -1.27766, -0.381528, 0.355547, 0.410183, -0.0876807, -0.0863099, 0.0332608, 0.470792, 0.453855, 0.912218, 0.607012, 0.774997, 0.290992, 0.684304
2.22, 0.0319374, 1.17049, 0.668941, -0.200339, 0.354681, 0.165526, -0.0308585, -0.374025, -1.07398, -1.50891, -1.63313, -1.83753, -0.816698, -0.665602, -0.694099, -1.45432, -1.59179, -1.84413, -1.8497, -1.51365, -1.94244, -1.86462, -1.91994, -1.73981, -1.35053, -0.712118, -0.713891, -0.451159, -0.377388, -0.647501, -0.936136
2.24, 0.0319376, 1.31363, 0.764749, -0.225171, 0.12665, 0.112225, 0.00799988, 0.0390465, -0.999362, -0.829607, -1.01476, -0.705449, -0.972864, -0.937043, -1.16377, -1.26194, -1.11008, -0.157448, 0.204546, 1.06682, 0.763923, 0.955074, 1.70798, 1.66259, 0.797923, 0.735904, 2.12717, 2.42699, 1.71363, 1.81025, 1.91379
2.26, 0.0319376, 0.459193, -0.133205, -0.998029, -0.525871, -0.137704, -0.182056, -0.171465, -0.818747, -1.44278, -1.05559, -0.471081, -1.49277, -0.789697, -0.133768, -1.28967, -1.23557, -0.492516, -0.061214, 0.965353, 0.0200083, 0.0243405, 1.44416, 1.0683, 0.807612, 0.470716, 1.46575, 1.73771, 1.57402, 1.2657, 1.01206
2.28, 0.0319376, 0.682084, 0.0554583, -0.501617, 0.102675, -0.0669716, -0.461164, -0.362219, -0.766184, -1.05959, -1.42472, -0.847904, -0.149031, -0.158091, -0.182497, -0.382513, -0.0715224, -0.381993, -0.670068, -0.952881, -0.276742, 0.207517, 0.746611, 2.01526, 1.64709, 1.0175, 0.547425, 0.669239, 0.89842, 0.890374, 1.20267
2.3, 0.0319376, 0.932374, -0.00283117, -0.473371, -0.627869, -0.192189, -0.472818, -0.397716, -1.14247, -2.09807, -1.58067, -1.90361, -1.49314, -1.75588, -1.76239, -2.10676, -1.42166, -1.80037, -2.32986, -2.65209, -1.89779, -1.81914, -1.45757, -0.86946, -0.428699, -1.00469, -1.36086, -0.91244, -0.790493, -1.02078, -1.06192
2.32, 0.0319376, 0.840462, 0.584963, -0.745566, -0.630883, 0.0324474, 0.562632, 0.300699, -0.567916, -1.06721, -0.820982, -0.910103, -1.33407, -1.12142, -0.812053, -1.33299, -1.89106, -1.70896, -1.63697, -1.47647, -0.972421, -1.63697, -1.60594, -1.31855, -1.56997, -0.986594, -0.734624, -0.944228, -0.910185, -1.07628, -0.860259
2.34, 0.0319376, 1.09643, 0.253717, -0.470685, -0.425237, 0.844719, 0.773069, 0.125022, -0.569243, -0.815663, -0.72316, -0.920188, -0.439358, -0.276648, -0.849596, -1.1584, -1.22139, -1.35855, -1.12664, -0.874972, -0.896417, -1.89207, -1.81282, -1.44438, -1.47605, -1.49547, -1.45641, -1.1083, -1.16969, -1.1799, -1.4126
2.36, 0.0319376, 1.1762, 0.971164, -0.0584178, -0.585246, -0.472586, -0.220784, -0.590565, -0.93353, -1.66188, -2.33686, -2.31132, -1.57984, -1.35929, -1.78242, -1.92021, -2.90992, -1.98136, -2.37218, -2.0225, -1.98626, -1.261, -1.24947, -0.898327, -0.868167, -1.43704, -1.56058, -0.934972, -1.62662, -1.54536, -1.08925
2.38, 0.0319374, 1.16706, 0.648195, -0.689811, -1.194, -0.486471, -0.646933, -0.600714, -1.27148, -1.09739, -1.50365, -1.87142, -1.20482, -1.4154, -1.89344, -2.66271, -2.81774, -2.62841, -2.60751, -2.09667, -2.26732, -2.30999, -1.89359, -1.84021, -1.93762, -1.82023, -1.59364, -1.59357, -1.4107, -0.971506, -1.40655
2.4, 0.0319374, 0.77176, 0.0250678, -0.444838, -0.467225, 0.143888, 0.313908, -0.130536, -0.00372375, -0.0367862, -0.597891, -1.31218, -0.261017, -0.680845, -1.37324, -1.80281, -1.65183, -1.80546, -1.44157, -1.58132, -1.44083, -1.94871, -2.2155, -2.14522, -2.30909, -2.05459, -2.02092, -1.49789, -1.11671, -1.39291, -1.41595
2.42, 0.0319374, 1.22327, 0.863975, -0.155735, -0.335452, 0.143642, 0.694705, 0.771563, 0.147755, -0.234646, -0.121332, -1.03505, -1.43137, -0.953027, -1.33925, -1.96458, -1.91103, -2.0887, -1.5751, -1.69136, -2.15649, -2.33636, -2.07761, -1.7651, -1.78765, -2.46758, -2.20828, -1.62604, -1.40026, -1.70924, -1.7896
2.44, 0.0319374, 0.883918, 0.691421, 0.216963, -0.491277, -0.0892112, -0.0197362, 0.2438, -0.291362, -0.855673, -0.770555, -0.917348, -1.16995, -1.36241, -1.84793, -2.02419, -2.55749, -2.36171, -1.90872, -2.07552, -2.47809, -2.27883, -2.0078, -2.07876, -1.68303, -1.69307, -1.77199, -1.49205, -1.05605, -1.30312, -1.76167
2.46, 0.0319374, 0.977646, -0.368293, -0.598235, -0.605533, -0.346326, 0.0864944, -0.439202, -1.35905, -1.11955, -0.969191, -1.04457, -1.2478, -1.69524, -2.11051, -2.73264, -2.52155, -2.09651, -1.87074, -2.12046, -1.9228, -2.20253, -2.03128, -1.88119, -1.31361, -1.51143, -1.50084, -1.65389, -1.11257, -1.35349, -1.75166
2.48, 0.0319376, 1.17237, 0.857633, 0.181115, -0.289309, 0.425211, 0.55154, 0.717251, 0.118344, -0.0916273, -0.397863, -0.678753, -0.872125, -1.60682, -1.61461, -2.08101, -2.34189, -2.13283, -2.29671, -1.99223, -1.95435, -1.64803, -1.74131, -1.5147, -1.26063, -1.24625, -1.51833, -0.996544, -0.912029, -1.28021, -1.23034
2.5, 0.0319376, 1.39821, 0.96423, 0.13673, 0.0761315, 0.358733, 1.07165, 1.04605, 0.410296, 0.087606, -0.303699, -1.05579, -1.298, -1.59766, -1.68609, -1.36745, -1.1646, -1.01723, -0.483223, -0.395443, -0.542401, -0.837655, -0.759106, -1.49456, -1.16551, -0.373951, 0.125465, -0.700975, -0.873933, -1.22194, -0.332987
2.52, 0.0319376, 0.662591, 0.42713, -1.03977, -1.06177, 0.0718025, 0.462802, -0.00729047, -0.22306, -1.09674, -1.14866, -1.90293, -1.46432, -1.52173, -1.8489, -2.52945, -3.25899, -3.05742, -2.34327, -2.88786, -2.22699, -2.26388, -2.14926, -1.98449, -1.88056, -1.69239, -1.96691, -1.46932, -0.969541, -1.35449, -1.69396
2.54, 0.0319376, 0.952142, 0.487922, -0.289336, -0.543351, 0.0935516, -0.0730297, -0.450715, -0.902837, -1.16463, -0.545275, -0.661822, -0.415502, -1.3224, -1.13694, -1.40278, -1.46248, -1.24829, -1.58979, -1.36854, -1.45258, -1.49461, -0.872742, -1.24361, -1.12693, -0.742184, -0.238533, -0.418173, -0.187705, -0.413802, -0.382029
2.56, 0.0319376, 0.820959, 0.642687, -0.224762, -0.712346, 0.557793, 0.0956843, 0.0934541, -0.767166, -1.43423, -0.291247, -0.385309, -0.751468, -0.794518, -1.13595, -1.5568, -1.39875, -2.0479, -1.26547, -1.09628, -1.02766, -1.31806, -1.02351, -0.992622, -0.625491, -0.294317, -0.165659, 0.120507, 0.7483, 0.670707, 0.237442
2.58, 0.0319376, 0.582128, 0.539746, -0.292946, -1.02405, -0.549044, -0.105105, -0.741994, -1.21079, -1.25297, -1.48156, -1.08157, -0.73788, -1.28613, -1.41806, -1.90557, -2.08394, -2.42441, -2.26925, -2.32473, -2.04457, -2.00356, -1.97412, -1.74149, -1.90954, -1.52248, -1.66215, -1.26478, -0.629881, -1.30934, -1.4586
2.6, 0.0319376, 0.956784, 0.501923, -0.211742, -0.177934, -0.02225, 0.550518, 0.350779, 0.575924, 0.45734, -0.483357, -0.581267, -1.32745, -1.47972, -1.79134, -1.61235, -1.95854, -1.84382, -1.34118, -1.95806, -2.24895, -2.243, -2.14348, -1.89948, -1.7225, -1.95053, -1.97145, -1.52239, -1.22408, -1.34786, -1.31357
2.62, 0.0319376, 0.361846, 0.454374, -0.336158, -0.578884, -0.831027, 0.247101, -0.437807, -0.997827, -1.26602, -1.58452, -2.00158, -1.81292, -1.16978, -1.78258, -2.41208, -3.00364, -2.50402, -3.01769, -2.52502, -2.49733, -2.38675, -2.1977, -2.06706, -2.21072, -2.16951, -2.08468, -1.49144, -0.909696, -1.43633, -1.63869
2.64, 0.0319374, 1.21983, 0.557304, -0.0889695, -0.52288, -0.373595, -0.018932, -0.178249, -1.03174, -1.07067, -1.29029, -1.80439, -1.17102, -1.31456, -1.16729, -1.84767, -2.60133, -2.36851, -2.37101, -2.36349, -2.40736, -2.03822, -2.07293, -2.16274, -1.92039, -1.52227, -1.91455, -1.70383, -1.54315, -1.71174, -1.82311
2.66, 0.0319374, 0.793083, 0.477185, -0.224198, -0.460784, -0.550062, 0.425491, -0.320614, -1.17685, -2.13354, -1.22221, -0.956027, -1.14003, -1.35205, -1.33825, -1.98384, -1.80791, -0.992699, -0.554548, -0.108283, -0.171709, -0.203176, -0.367507, -0.342989, -0.312784, -0.23476, 0.0340416, 0.47736, 1.19533, 1.04296, 0.287717
2.68, 0.0319374, 0.0583361, 0.630644, -0.557297, -0.946727, -0.671611, -0.596836, -1.40737, -1.19558, -2.05392, -2.4397, -1.36042, -0.957375, -0.922099, -1.34195, -2.13486, -2.45983, -2.34334, -2.04547, -1.52737, -2.0548, -1.49477, -1.0806, -1.32522, -1.20729, -1.10791, -1.08219, -0.734832, -0.142934, -0.0815872, -1.24468
2.7, 0.0319374, 0.257316, 0.493286, -0.862532, -1.34592, -0.485641, -0.5308, -0.608236, -1.38154, -1.97533, -1.62081, -2.13792, -2.24107, -1.56855, -2.04307, -2.56761, -2.71681, -2.50293, -2.12636, -2.34768, -2.34948, -2.37136, -1.96932, -2.01477, -2.06598, -1.91279, -1.95404, -1.82888, -1.28734, -1.58823, -1.76106
2.72, 0.0319374, 0.279714, 0.418982, -0.291746, -0.550142, -0.829976, 0.461999, -0.0684405, -1.26906, -1.71605, -1.30802, -1.24646, -0.605695, -0.795202, -0.714537, -1.60233, -2.0327, -2.21874, -1.77349, -1.41938, -1.67644, -1.9749, -1.97898, -1.86998, -1.84607, -1.8954, -1.6226, -1.44799, -1.00548, -1.38842, -1.61449
2.74, 0.0319376, 1.13443, 0.552455, -0.467498, -0.937171, -0.768818, -0.359025, 0.0133436, -1.02975, -1.60091, -0.89588, -1.15706, -1.31241, -1.47577, -1.3212, -1.54385, -1.88469, -2.22598, -1.72844, -1.88164, -1.6779, -1.51794, -1.03368, -1.12997, -1.08646, -1.12527, -0.692377, -0.374853, -0.0917506, -0.221567, -0.788037
2.76, 0.0319376, 0.390215, 0.427531, -0.338036, -0.650407, -0.359365, 0.149077, -0.06858, -1.5276, -1.62501, -0.189193, 0.153621, -0.381016, -0.748704, -0.531191, -0.596614, -0.715025, -1.04192, -0.351115, 0.220145, -0.39949, -0.09364, 0.716854, 1.21241, 1.04523, 0.179141, 1.01879, 1.35372, 1.53111, 1.48086, 0.513527
2.78, 0.0319376, 0.745219, 0.0632416, -0.369083, 0.14778, 0.351591, 0.824882, 1.17168, 0.760821, 0.147904, 0.0147568, -0.2822, -0.610211, -0.9775, -1.8336, -1.01105, -1.03162, -1.88505, -1.65204, -0.937979, -1.65288, -2.04862, -1.86369, -1.88839, -1.92566, -1.64311, -1.47405, -1.38086, -1.59834, -1.52681, -1.66995
2.8, 0.0319376, 1.19017, 0.633151, 0.0611107, -0.185841, -0.110565, 0.048859, -0.543635, -1.58638, -1.69927, -1.38958, -1.54765, -1.63893, -1.36536, -1.62926, -2.19895, -2.4802, -2.41893, -2.75118, -2.8676, -2.61199, -2.4565, -1.75839, -1.85208, -1.97478, -1.71896, -1.72383, -1.66293, -1.67285, -1.28272, -1.83114
2.82, 0.0319376, 0.687517, 0.905467, -0.10157, -0.998373, -0.448198, -0.322127, -0.668689, -0.881003, -1.13536, -1.50983, -1.33841, -1.28999, -1.29338, -1.77054, -2.14645, -2.33894, -1.96704, -2.12767, -1.91375, -1.86195, -1.9869, -2.06853, -1.87764, -1.97981, -1.56052, -0.705868, 0.0695665, -0.483368, -1.09986, -0.942413
2.84, 0.0319376, 0.785563, -0.0118638, -0.309359, -1.09636, -0.00947576, 0.588117, 0.441668, -0.732529, -1.44445, -0.747136, -0.0768605, -0.464936, -0.789902, -1.14591, -1.36998, -2.26675, -1.5462, -1.43348, -0.816504, -1.05956, -0.690375, -1.0721, -0.771554, -0.621142, -0.504922, 0.214525, 1.12455, 0.520738, -0.278746, -0.317604
2.86, 0.0319376, 1.33375, -0.0378533, -0.260652, -0.393948, 0.428334, 0.653106, 0.53443, -0.157448, -0.417378, -0.0607712, 0.456632, 0.0923299, -0.229479, 0.138504, 0.154475, -0.311276, -0.316516, 0.738492, 1.42853, 1.15055, 1.43979, 1.31176, 1.43986, 0.496796, 1.20383, 2.37303, 2.41211, 2.12955, 1.5846, 1.89281
2.88, 0.0319374, 1.43425, 0.777068, -0.170812, -0.384157, -0.210503, 0.342289, -0.254685, 0.452849, 0.890516, 1.89902, 1.29108, -0.434531, 0.262258, 0.588078, 0.88135, 0.835716, 1.13406, 1.44877, 2.27932, 1.74915, 1.42824, 2.0263, 3.10459, 2.44424, 2.08607, 2.76037, 3.40744, 2.39057, 2.73002, 2.93388
2.9, 0.0319374, 0.489968, 0.152195, -0.70709, -0.766674, -0.521048, -0.029973, -0.741414, -0.763175, -0.692365, -0.324394, -0.624908, -1.26529, -0.987486, -0.991322, -0.951156, -1.26605, -1.46787, -1.22739, -0.988002, -0.904313, -1.52631, -1.249, -0.366989, -0.362638, -0.558762, -0.995665, -0.467722, -0.504382, -0.575628, -0.382708
2.92, 0.0319374, 0.960766, -0.203385, -0.973558, -0.839805, -0.289042, -0.442724, -0.513802, -0.926364, -1.77067, -1.74198, -1.82403, -2.12827, -1.92329, -2.04046, -2.17197, -2.68006, -2.22593, -2.14077, -1.87224, -1.90338, -1.79693, -1.35272, -1.82169, -1.73824, -1.72341, -1.34174, -1.00817, -1.29547, -1.51339, -1.20654
2.94, 0.0319374, 0.979977, -0.632247, -1.1807, -0.562567, -0.792957, 0.00898544, -0.0772473, -0.542962, -1.15703, -1.27303, -1.43349, -0.820909, -0.991304, -1.07261, -1.44385, -1.79084, -1.64513, -1.74099, -1.44374, -1.85897, -1.98252, -2.09208, -1.09512, -0.988322, -1.43686, -0.995115, -1.18128, -1.62813, -1.45765, -1.77133
2.96, 0.0319374, 0.808998, 0.360467, -0.576456, -1.0495, -0.576389, -0.476764, -0.804729, -1.71832, -1.38219, -1.55616, -2.02401, -1.12439, -1.55142, -1.95406, -2.33345, -3.08508, -2.64626, -2.79206, -2.5224, -2.14591, -2.39902, -2.1633, -1.80457, -1.66148, -2.18977, -1.81011, -1.01256, -1.63543, -1.82949, -1.87094
2.98, 0.0319376, 0.505058, 0.0436396, -0.5503, -0.510684, -0.788947, -0.672336, -1.1442, -1.53204, -1.17275, -1.69956, -2.35102, -1.3976, -1.44627, -1.42573, -2.0707, -2.4674, -2.6669, -2.60396, -2.31469, -2.13018, -2.04491, -1.76303, -1.71136, -1.79403, -1.92467, -1.64389, -1.44452, -1.1599, -1.248, -1.32608
3, 0.0319376, 0.582065, 0.238217, -0.499685, -0.262051, -0.0224893, -0.38064, -0.728568, -0.923026, -1.79458, -1.09783, -1.17349, -1.25777, -1.25016, -1.06221, -1.2018, -1.49197, -1.60615, -1.56493, -0.921757, -1.21028, -1.23101, -1.37346, -0.963073, -0.604564, -1.37184, -0.782089, -0.536279, -0.304233, 0.039214, -0.47317
3.02, 0.0319376, 0.82642, -0.498619, -0.549021, -0.665964, -0.75736, -0.182447, -0.495548, -0.346392, -0.455239, -0.154433, -0.280032, -1.27922, -0.644252, -0.303923, 0.144677, 0.276733, 0.399162, 0.534425, 0.749701, 1.01982, 0.744918, 0.773823, 0.165973, 0.360667, 0.435344, 1.14105, 0.232605, -0.0817453, -0.0579188, 0.675368
3.04, 0.0319376, 0.665864, 0.35173, 0.334615, -0.370328, -0.859101, -0.34268, -0.231139, -0.426291, -0.856572, -1.02467, -1.2451, -0.795691, -0.957878, -0.731604, -1.38341, -1.79992, -1.57057, -1.31186, -1.1329, -1.18881, -1.50701, -1.26009, -1.31749, -0.970272, -0.570074, -0.115226, -0.893296, -1.07609, -1.13292, -0.56144
3.06, 0.0319376, 0.86384, 0.648028, -0.375945, -0.678451, -1.53321, -0.978255, -0.752845, -0.914355, -1.1289, -1.62595, -1.85929, -1.42345, -1.23364, -1.67875, -2.12092, -1.85649, -1.37459, -1.42302, -1.15709, -1.2244, -1.70258, -1.45968, -1.74253, -1.55176, -1.03163, -0.515128, -1.20518, -1.35075, -1.2582, -1.22185
3.08, 0.0319376, 0.777484, 0.267845, -0.464663, -1.17687, -0.705925, -0.589892, -0.945467, -1.76295, -1.35953, -1.68379, -1.44296, -0.96832, -1.57423, -1.53812, -2.14371, -2.36344, -1.92784, -1.93275, -1.90568, -1.87481, -2.09156, -1.3557, -0.98631, -1.34205, -1.68767, -1.4044, -1.43849, -1.37122, -1.51183, -1.32261
3.1, 0.0319376, 0.473564, -0.631973, -0.545678, -1.00055, -0.461106, 0.224399, -0.00174394, -0.988462, -0.862212, -1.22518, -1.32989, -1.27821, -0.734839, -0.789481, -1.54907, -1.38144, -0.594003, 0.507708, 0.318919, -1.12856, -1.181, -1.2082, -1.09935, -0.903869, -0.585172, -0.531151, 0.00433209, -0.880074, -0.422707, -0.428045
3.12, 0.0319376, 0.678893, 0.125215, -0.755889, -0.737614, -1.37572, -0.846556, -1.02896, -1.27062, -1.61334, -1.99096, -1.74734, 0.118342, -0.534799, -1.42376, -1.10093, -0.902195, -1.89513, -0.741551, -1.29166, -1.41111, -1.16504, -1.47443, -1.17456, -1.49097, -1.58605, -0.993974, -0.963835, -0.462644, -0.529877, -1.1642
3.14, 0.0319374, 0.501721, 0.581672, -0.105422, -0.394191, -0.427052, -0.281742, -0.0396993, -0.78472, -1.90993, -1.68517, -1.62412, -1.11635, -0.812091, -1.88139, -2.58711, -2.18323, -2.54773, -1.68986, -1.43171, -1.81813, -2.01788, -1.74756, -1.55702, -1.67795, -1.18641, -0.388729, -0.161792, -1.05092, -1.44203, -1.25271
3.16, 0.0319374, 0.946832, -0.174258, -0.595192, -0.983566, -0.420863, 0.0283915, -0.645248, -1.47175, -1.62249, -1.81877, -1.9844, -2.0879, -1.50533, -2.03433, -2.51196, -2.64923, -2.14142, -2.11934, -1.84615, -2.31829, -1.84125, -2.17889, -2.02529, -1.97365, -1.45642, -0.910911, -0.844645, -1.01926, -1.46336, -1.30912
3.18, 0.0319374, 0.411813, 0.28961, -0.595953, -0.65393, -0.496055, -0.0941282, -0.632208, -1.11523, -1.13581, -0.795092, -1.04945, -1.07151, -1.44041, -2.15874, -1.68306, -1.38874, -0.994919, -1.11834, -1.41537, -1.37351, -0.83335, -1.36931, -1.13036, -0.968817, -0.235256, 0.0855334, -1.07913, -0.942791, -0.921591, -0.636775
3.2, 0.0319374, 0.581488, -0.172884, -1.29164, -0.73046, -0.223278, 0.195084, -0.439133, -0.719585, -0.606509, -0.535642, -1.54864, -1.28761, -1.40847, -1.77935, -1.93684, -2.26654, -2.25143, -2.33691, -1.94279, -2.33639, -2.31686, -1.57967, -1.87134, -1.55808, -1.56507, -1.54707, -1.18901, -1.19046, -1.27358, -0.930307
3.22, 0.0319374, 1.76646, 0.750022, -0.0943439, -0.950703, -0.326543, -0.392927, -0.691344, -1.06387, -1.48955, -0.925465, -1.29018, -0.673632, -1.21965, -1.13152, -1.27571, -1.20992, -0.876556, -1.14878, -1.87054, -1.3679, -1.44541, -1.35601, -1.00478, -0.769683, -0.832397, -0.872313, -0.764039, -0.444841, -0.22386, 0.11338
3.24, 0.0319376, 1.25166, -0.0526401, -0.436642, -1.05567, -0.264663, -0.772444, -1.08774, -1.40478, -1.86418, -1.7651, -1.83747, -1.63611, -1.67856, -1.93367, -2.46752, -2.43532, -2.49651, -2.5275, -2.47682, -2.62975, -2.19585, -1.88186, -1.84691, -1.81507, -1.67178, -1.5433, -1.51934, -1.52801, -1.74133, -1.41961
3.26, 0.0319376, 0.46773, -0.0268944, -1.20807, -0.643921, 0.0639762, 0.142614, -0.146657, -0.776602, -0.701103, -0.662807, -0.397634, -0.00700394, -0.151918, 0.0764728, -0.820642, -0.860922, 0.00293456, 0.0592281, -0.29719, -0.273895, 0.625039, 0.768811, 0.838336, 1.1417, 1.56088, 1.06752, 1.30917, 2.14388, 2.83486, 2.5368
3.28, 0.0319376, 0.536618, -0.0931724, -0.263154, -0.769751, -0.481195, -0.524278, -0.789735, -1.5319, -2.22641, -2.43853, -1.50455, -0.776515, -1.16374, -1.09677, -1.53059, -1.76133, -1.41901, -1.67764, -1.23847, -1.24584, -1.23017, -1.25065, -1.01254, -0.459614, -1.04705, -0.949631, -0.824637, -0.579536, -0.638845, -0.107137
3.3, 0.0319376, -0.0850015, -0.433382, -0.220496, -0.59138, -0.54405, -0.358495, -0.692562, -1.61055, -2.0756, -2.28504, -2.13668, -1.61745, -1.68502, -1.66299, -1.8863, -2.53315, -2.38651, -2.40007, -1.91083, -1.64175, -2.0401, -1.80311, -1.83189, -2.05165, -1.86733, -1.45946, -1.18891, -0.796183, -1.20258, -0.833941
3.32, 0.0319376, 0.91378, 0.147755, -0.730842, -0.34587, -0.557258, -0.778573, -1.45898, -1.42759, -1.3386, -1.92159, -1.46895, -0.905141, -1.53349, -1.12913, -2.03404, -2.39429, -1.86866, -2.27282, -2.19883, -2.26479, -2.6679, -2.16335, -2.0287, -1.88909, -1.98168, -1.85138, -1.46601, -1.28497, -1.75054, -2.07409
3.34, 0.0319376, 0.106886, 0.139457, -0.489386, -0.442998, -0.449069, -0.400937, -0.843876, -1.40003, -1.34938, -0.936755, -1.03397, -1.20903, -1.60534, -1.97632, -2.59737, -2.4851, -2.55141, -2.57838, -1.82779, -1.53343, -2.12787, -2.22998, -1.60458, -1.26909, -1.66142, -1.56159, -1.19649, -1.0415, -1.08757, -0.878663
3.36, 0.0319376, 0.558678, -0.01321, -0.60524, -1.34002, -0.560549, -0.884346, -0.986881, -1.30283, -1.73906, -1.64167, -1.58067, -1.25406, -1.40237, -1.71411, -2.09111, -2.98441, -2.96157, -2.56797, -2.72167, -2.57784, -2.20944, -1.77704, -2.10413, -1.93507, -1.96777, -1.86023, -2.28113, -1.92203, -1.94341, -2.03399
3.38, 0.0319374, 0.514539, -0.456968, -1.03901, -1.58386, -0.535675, 0.1511, 0.0680919, -0.986293, -1.181, -1.58302, -2.04225, -1.50811, -1.56712, -1.74863, -2.02218, -2.6145, -2.6575, -2.68102, -2.52682, -2.38451, -1.91296, -2.17733, -1.90658, -1.99855, -2.19527, -1.88342, -1.89537, -1.75044, -1.79893, -1.29481
3.4, 0.0319374, 1.07381, -0.410365, -0.873812, -0.201186, -0.437813, 0.681087, 0.283037, -0.313893, -0.772346, -0.533257, -0.54898, -1.02188, -0.930272, -0.888737, -1.45825, -1.63296, -2.00572, -1.67567, -1.46544, -1.38294, -1.70587, -2.04482, -2.0705, -2.06725, -1.58065, -1.29869, -1.49591, -0.985793, -1.33354, -0.791634
3.42, 0.0319374, 1.02929, 0.170407, -0.442319, -0.423324, -0.977074, -0.99027, -0.463003, -0.685322, -1.05026, -1.92832, -1.61975, -1.30441, -0.999642, -1.53763, -2.0244, -2.62623, -2.80814, -2.39617, -2.69352, -2.29644, -2.45402, -1.85604, -1.91582, -1.97088, -2.078, -1.80657, -1.74428, -1.83636, -1.27702, -1.59268
3.44, 0.0319374, 0.95256, -0.184394, -0.135838, -0.286849, -0.665726, -0.0377238, -0.287587, -1.38063, -1.74462, -1.68134, -1.67455, -1.71089, -1.60981, -1.91306, -2.40663, -2.49694, -2.29111, -2.13929, -1.97686, -2.4478, -2.45332, -2.38099, -2.2131, -2.15088, -1.97311, -1.53992, -1.41885, -1.60535, -2.0312, -1.67135
3.46, 0.0319374, 0.522962, 0.376081, -0.52571, -1.34618, -1.02704, 0.0628625, -0.595082, -1.86133, -1.32604, -1.12062, -0.910356, -1.04088, -1.03099, -1.22195, -2.00132, -1.78951, -1.68408, -1.23704, -0.702082, -0.595916, -0.844705, -1.53903, -0.666817, -0.231859, -0.461291, -0.240096, -0.0872921, 0.163424, -0.25101, 0.023006
3.48, 0.0319376, 0.310851, -0.533955, -1.10289, -1.22744, -0.639929, -0.16496, -0.718444, -1.97572, -1.76291, -1.61118, -1.73306, -1.79942, -1.9636, -1.49588, -2.12435, -2.77989, -2.60792, -2.13563, -1.73144, -2.16267, -2.37678, -2.83058, -2.07987, -1.8996, -2.05448, -1.91314, -1.54962, -1.74569, -1.80293, -1.88104
3.5, 0.0319376, 0.88003, -0.020566, -0.0370746, -0.381505, -0.696672, -0.351692, -1.34768, -1.46275, -1.25841, -1.58451, -1.26691, -0.835176, -0.308004, -0.611729, -1.17705, -1.14938, -0.950031, -0.639869, -0.155277, -0.148714, -0.481992, -0.75579, -0.819736, -0.441876, -0.225491, 0.13737, -0.740024, -0.875647, -0.856079, -0.351903
3.52, 0.0319376, 0.89485, 0.305661, -0.569539, -0.873605, -0.55959, -0.740125, -1.00372, -1.32832, -1.57577, -1.30469, -1.47185, -1.09333, -1.09615, -1.13377, -1.66082, -1.97711, -1.5051, -1.14172, -0.549887, -0.577326, -0.987643, -0.899279, -0.670377, 0.0883887, 0.147361, 0.429139, -0.225755, 0.149325, -0.226529, 0.505574
3.54, 0.0319376, 0.581145, 0.655308, -0.285329, -1.12967, -0.219054, -0.10823, -0.25849, -1.55206, -1.01354, -1.60501, -1.93696, -1.29577, -1.3395, -2.31373, -2.35261, -2.70958, -2.25271, -2.22931, -2.47764, -2.36644, -2.32874, -2.17094, -2.03335, -1.78051, -1.91721, -1.96493, -1.38554, -1.39372, -1.63454, -1.65335
3.56, 0.0319376, 0.116299, 0.409315, -0.391119, -0.629534, -0.609362, -0.375969, 0.004383, -0.225403, -1.30488, -1.1547, -1.23253, -1.15634, -1.35704, -1.51907, -2.0715, -2.39581, -2.34872, -2.14231, -1.97488, -2.2482, -2.254, -1.9106, -1.46436, -1.44989, -1.16863, -1.5113, -1.22089, -1.2129, -1.37519, -1.23188
3.58, 0.0319376, 0.668212, -0.61158, -0.657206, -1.31001, -0.603661, -0.72436, -0.335058, -0.790539, -1.52625, -1.67132, -1.45838, -1.31997, -1.32985, -1.40665, -2.24572, -2.58989, -2.00928, -1.41498, -1.1234, -0.793626, -1.05641, -1.65252, -0.605652, -0.638648, -0.787891, -0.344229, -0.0583652, 0.218227, 0.251685, 0.594469
3.6, 0.0319376, 1.21162, -0.0863864, -1.07877, -1.10035, -0.616769, -0.181565, -0.831913, -0.661846, -1.74791, -1.22097, -1.42811, -0.997799, -1.13228, -1.36276, -2.1406, -2.1878, -2.10557, -2.03112, -1.66434, -1.92827, -2.36269, -2.00104, -1.98702, -1.87265, -2.01397, -1.81502, -1.74975, -1.62233, -1.76682, -1.50929
3.62, 0.0319376, 0.263303, 0.246358, -0.552325, -0.397649, -0.369197, -0.953184, -1.19593, -1.66905, -2.60062, -1.96174, -2.19441, -1.56334, -1.4013, -1.22738, -1.78802, -1.93163, -1.78346, -1.34464, -0.970502, -1.35822, -1.55138, -1.45171, -1.02617, -0.830833, -0.751702, -0.790133, -0.516863, -0.308419, -0.184222, 0.0721297
3.64, 0.0319374, 0.382666, 0.414243, -0.462961, -0.96006, -0.983999, -0.351318, -0.958719, -1.36791, -1.07133, -1.50764, -1.52187, -1.96666, -2.11413, -2.02871, -2.31913, -2.84165, -2.50395, -2.08593, -1.47749, -1.7501, -2.07737, -1.4629, -1.01364, -1.22702, -1.32356, -1.01349, -0.774676, -0.393291, -0.50081, -0.720373
3.66, 0.0319374, 0.793362, -0.68189, -0.489347, -0.73061, -0.470978, -0.639853, -1.44458, -1.4668, -1.90722, -1.74552, -1.38145, -1.12296, -1.62645, -1.52117, -2.21466, -2.86869, -2.95159, -2.31848, -1.77752, -2.39227, -2.3753, -2.07056, -1.69541, -1.6573, -1.65659, -1.25809, -0.921268, -0.836215, -0.645088, -1.04715
3.68, 0.0319374, 0.183495, 0.0661475, 0.0540602, -1.11624, -0.55586, -0.42361, -0.149302, -1.36594, -1.00243, -1.75488, -1.76277, -1.25634, -1.0848, -1.20105, -2.01854, -2.67385, -2.46101, -2.11268, -1.29018, -1.28831, -0.992127, -1.42985, -1.55348, -1.62201, -1.88813, -1.44151, -0.86405, -0.907568, -0.667877, -0.343498
3.7, 0.0319374, 1.16053, 0.600847, -0.190058, -0.612683, -0.887033, -1.51401, -1.59669, -1.51934, -2.08576, -2.07711, -2.00537, -1.54594, -1.68423, -2.39053, -2.09898, -1.5017, -1.70942, -2.02872, -2.35863, -2.18544, -1.92509, -2.20608, -1.54644, -1.2362, -0.553873, -0.46354, -0.438392, 0.33803, 0.227318, -0.110109
3.72, 0.0319374, 0.917394, 0.380685, -0.207252, -0.690507, -0.13079, -0.19985, -0.384089, -1.08505, -0.635006, -0.342495, -0.753088, -1.33583, -1.78046, -1.37539, -1.55926, -2.47008, -2.20317, -2.07617, -2.22629, -2.1127, -2.51805, -2.15079, -2.00175, -2.23471, -1.98321, -1.9332, -1.76811, -1.67309, -1.91385, -1.81431
3.74, 0.0319376, 0.846459, 0.00469131, -0.859342, -0.343582, -0.278359, -0.307394, -1.0823, -1.59338, -1.74329, -1.57671, -2.05546, -1.61181, -1.30155, -1.20894, -2.24984, -2.47957, -2.2248, -2.24997, -2.15048, -2.35491, -2.10963, -2.21645, -2.15073, -2.25231, -1.93603, -1.53812, -1.95758, -1.88233, -1.23669, -1.37612
3.76, 0.0319376, 0.474057, -1.00755, -1.26223, -0.602856, -0.349948, -0.0570939, -1.57674, -1.39204, -1.30606, -1.61105, -2.02428, -1.1764, -2.33262, -1.80866, -2.02478, -2.49519, -2.67766, -2.69157, -2.21627, -2.0533, -2.11373, -2.00426, -1.77281, -1.72266, -1.80211, -1.38285, -1.9381, -1.82023, -1.85818, -1.67306
3.78, 0.0319376, 1.30926, 0.320171, -0.495167, -0.158612, -0.328819, -0.437364, -0.523288, -1.75904, -1.58751, -1.57383, -1.38046, -1.6846, -1.23772, -1.42565, -2.17489, -2.82078, -2.4201, -2.50351, -2.56264, -2.46381, -2.6442, -2.35957, -2.015, -2.33418, -2.51317, -1.91434, -1.77249, -1.68695, -1.85773, -1.99589
3.8, 0.0319376, 1.15639, 0.226036, 0.124109, -0.482626, -0.78799, -0.314549, -0.255801, -0.650574, -1.08089, -0.966054, -1.00147, -1.5385, -1.49878, -1.73998, -2.51165, -2.99293, -2.74016, -2.59105, -2.14926, -2.36088, -2.64107, -2.16689, -1.91322, -2.04364, -1.82509, -1.3251, -1.04051, -1.32804, -1.34296, -1.31525
3.82, 0.0319376, 0.86151, -0.0597261, -0.588003, -0.982876, -0.622564, -0.510059, -0.299306, -1.25006, -1.58927, -2.29947, -2.3567, -1.34829, -1.48173, -1.82201, -2.44763, -2.55691, -2.32758, -1.91509, -1.68986, -2.03055, -1.70265, -1.21841, -1.38731, -1.7064, -1.68022, -1.31198, -1.54361, -0.919175, -0.753646, -1.06546
3.84, 0.0319376, 0.698685, -0.357763, -1.34362, -0.833523, -0.775692, -0.477581, -0.911234, -1.03422, -1.38204, -1.75553, -1.73421, -1.16905, -1.06953, -1.02061, -1.90902, -1.91685, -1.99706, -1.45012, -1.63204, -1.62832, -1.32883, -1.2264, -1.11663, -1.46538, -1.30263, -0.916983, -0.61501, -0.681604, -0.235024, -0.108953
3.86, 0.0319376, 0.114479, 0.374775, -0.0611813, -0.653134, -0.662353, -0.87727, -1.01036, -1.25069, -0.951539, -0.744759, -0.58425, -1.31284, -0.971866, -1.52626, -1.45459, -1.79174, -1.12594, -0.812772, -0.28502, -0.878777, -1.66062, -1.36789, -0.689214, -0.314617, -0.401762, 0.362186, 0.0549871, 0.198184, 1.03116, 0.327652
3.88, 0.0319374, 0.252005, -0.118006, 0.104838, -0.201803, 0.463047, 0.88064, 0.567015, 0.0630769, -0.540305, -0.389011, -0.358988, -0.302346, -0.667924, -1.53488, -1.60982, -1.98647, -1.63967, -1.11394, -1.02093, -1.20893, -1.38509, -1.8707, -1.76419, -1.53127, -1.62457, -1.2935, -0.91203, -0.639332, -0.831418, -1.14279
3.9, 0.0319374, 0.645188, 0.33411, -0.79889, -1.3707, -0.319686, -0.0819108, -0.34319, -0.76293, -1.26637, -1.06547, -1.4796, -1.92982, -1.91185, -1.60588, -1.87208, -2.56327, -2.68769, -2.66699, -2.14797, -2.31871, -2.33295, -1.94446, -1.95286, -1.83744, -1.79863, -1.43508, -1.69645, -1.28175, -1.64959, -1.95502
3.92, 0.0319374, 0.805113, -0.044693, -0.941349, -0.825171, -1.01792, -0.20753, -0.196182, -0.512317, -0.910016, -0.635113, -1.34871, -1.4396, -1.01244, -1.59936, -0.465651, -0.586981, -0.689926, -0.185104, -0.342193, 0.259412, 0.189211, -0.473016, 0.19262, 0.741345, 0.421763, 0.200245, -0.148133, 0.274368, -0.0647888, 0.389469
3.94, 0.0319374, 1.01388, 0.559379, -0.184117, -0.526751, -0.250606, -0.308742, -0.456989, -0.726536, -0.908747, -1.2983, -1.67694, -1.29201, -0.79837, -1.18614, -1.66605, -1.49125, -1.3702, -1.41445, -1.47728, -1.05381, -1.32285, -0.868554, -0.865031, -0.337592, -0.524303, -0.15437, -0.501649, -0.135338, -0.110303, 0.118793
3.96, 0.0319374, 0.980343, 0.122022, -0.684625, -1.60189, -1.14909, -0.0248252, -0.666182, -1.18665, -1.17795, -1.21947, -1.20463, -1.96102, -1.89228, -2.23642, -2.61256, -2.72479, -1.76413, -2.28684, -2.8093, -2.32496, -2.18712, -2.32636, -2.16574, -1.79324, -2.10632, -1.4625, -1.47737, -1.82101, -1.72607, -1.74717
3.98, 0.0319376, 0.520882, 0.126318, -0.11017, -0.878574, -0.74039, -0.395576, -0.640332, -1.02126, -0.829361, -0.693696, -0.96168, -1.03656, -1.3763, -1.32035, -2.25406, -2.64886, -2.64017, -2.2246, -2.1351, -1.8907, -1.81451, -2.22703, -2.32152, -1.68957, -1.50049, -1.3433, -0.939285, -1.17331, -1.26168, -1.351
4, 0.0319376, 0.99255, -0.224505, -0.412028, -0.678681, -0.188633, -0.0707721, -0.524922, -1.02916, -1.78479, -2.02675, -1.58964, -1.48388, -1.76939, -1.03006, -1.15401, -1.42877, -1.55824, -1.36546, -0.149216, -0.014371, -0.549572, -0.358078, -0.345597, 0.269596, 0.819471, 0.908144, -0.00485261, -0.175362, -0.189471, 0.432733
4.02, 0.0319376, 0.916563, 0.148898, -0.937294, -0.58371, -0.0127385, -0.474221, -0.74575, -1.17917, -1.10917, -1.33637, -1.49293, -1.18197, -1.64498, -1.74242, -1.87482, -1.80833, -1.94512, -1.31142, -1.66766, -1.54401, -1.35243, -1.37136, -1.00536, -0.423532, 0.0379581, 0.218754, -0.570627, -0.0838226, 0.46996, 0.418447
4.04, 0.0319376, 0.0192707, -0.0426488, -0.768547, -0.753038, -0.832916, -0.730432, -0.482181, -0.493951, -0.424978, -0.80291, -1.30965, -1.56687, -1.845, -2.30755, -2.43836, -2.61967, -2.55656, -2.29665, -2.13328, -2.71217, -2.50833, -2.30753, -2.27329, -1.79369, -1.62309, -1.59092, -1.54242, -1.64175, -1.73129, -1.1445
4.06, 0.0319376, 0.634708, -0.0951738, -0.553582, -0.687318, -0.892019, -0.663284, -1.58615, -1.42215, -1.01067, -1.55368, -1.32084, -1.07894, -1.68676, -1.85627, -2.05691, -2.81662, -2.64069, -2.69978, -2.82672, -2.57338, -2.23336, -2.1047, -2.00304, -2.03318, -1.84328, -1.69379, -1.24452, -1.18572, -1.54467, -1.308
4.08, 0.0319376, 0.239484, -0.390769, -0.820475, -1.54254, -0.813184, -0.414882, -0.681185, -0.89988, -1.09867, -1.74269, -1.18122, -0.885225, -0.810197, -0.744608, -0.917353, -0.96602, -0.933596, -0.875602, -0.496869, -0.488571, -1.08666, -1.2732, -1.29805, -1.05346, -0.766735, -0.236971, -0.477054, -0.353071, -0.348787, -0.497728
4.1, 0.0319376, 0.0977327, -0.820787, -0.992517, -1.18046, -0.929494, -0.752088, -0.90348, -1.09156, -1.21816, -1.41045, -1.0084, -1.09322, -1.11891, -1.0684, -1.50887, -1.57149, -1.79733, -1.71247, -1.03963, -0.976365, -1.61594, -1.92313, -1.8552, -1.22944, -0.875775, -0.357951, -0.966607, -0.715365, -0.832758, -0.74087
4.12, 0.0319376, 0.561626, 0.458634, -1.02226, -1.689, -2.28183, -1.28183, 0.0791516, -0.00852663, 0.0727139, 0.100232, -0.0299788, -0.638589, -0.431488, -0.896924, -1.48827, -2.01781, -2.3014, -2.00141, -1.76325, -2.37097, -2.46348, -2.55899, -2.42166, -1.73314, -1.78617, -1.72978, -1.91875, -1.62757, -1.74967, -1.74068
4.14, 0.0319376, 0.685094, 0.648768, -0.385144, -1.22311, -0.78891, -0.162714, -1.12491, -1.57793, -1.75078, -2.05851, -1.46602, -0.967406, -1.40672, -1.53827, -2.08235, -1.74726, -2.16242, -2.30253, -2.36625, -1.71191, -1.96735, -2.09226, -1.86783, -1.15864, -1.44503, -1.36298, -1.45867, -1.26365, -1.25394, -1.06405
4.16, 0.0319376, 0.619712, 0.343493, -0.0586139, -0.531492, -0.582023, -0.358534, -0.272386, -1.0095, -0.615884, -0.290351, -0.628671, -1.33666, -0.966736, -1.38005, -2.16907, -2.1423, -2.31626, -2.47168, -2.27864, -2.62294, -2.45703, -2.33251, -1.8869, -1.14372, -1.17141, -1.63472, -1.60371, -1.60566, -1.21486, -0.843709
4.18, 0.0319376, 0.813474, -0.208237, -1.13558, -1.05989, -0.602438, -0.876296, -0.533988, -0.63252, -0.433939, -0.525545, -1.09967, -1.28283, -1.43224, -1.0978, -0.970537, -1.49548, -1.69307, -1.69837, -2.2793, -1.89219, -2.1648, -2.11059, -2.0009, -1.61976, -1.64037, -1.58697, -0.993742, -0.934066, -1.03677, -1.23544
4.2, 0.0319376, 1.36945, 0.318164, -0.885277, -0.617526, -0.790814, -0.379583, -1.04067, -1.59126, -1.27354, -1.59926, -1.9663, -1.37035, -1.29617, -2.04835, -2.26962, -2.1246, -1.91842, -1.61804, -1.9231, -1.93673, -1.67034, -1.35104, -1.39271, -0.933623, -1.26617, -1.01582, -0.63184, -0.618452, -1.26556, -0.897543
4.22, 0.0319376, 0.623291, -1.09409, -1.66054, -1.11878, -0.479605, 0.266247, 0.106973, -0.940676, -0.517024, -0.13594, -0.378586, -0.994595, -0.809979, -0.864092, -1.12119, -1.63821, -1.64703, -0.925696, -0.814926, -1.24759, -1.41479, -1.21146, -1.5906, -1.26286, -1.84022, -1.75812, -0.946468, -0.671796, -0.36156, -0.430072
4.24, 0.0319376, 0.474939, 0.238171, -0.717137, -0.0987848, -0.0513166, 0.248465, -0.10272, -0.56481, -1.19395, -0.969352, -0.810367, -0.670055, -0.638319, -0.601763, -1.37044, -1.88891, -1.81205, -1.53659, -0.930703, -1.53093, -2.34301, -1.97768, -2.46258, -1.76402, -1.85043, -1.37022, -1.30583, -1.11766, -0.991826, -1.359
4.26, 0.0319371, -0.198851, -0.0454496, -1.21919, -1.28647, -0.988675, -0.144558, -0.564822, -1.39048, -2.23701, -1.52284, -1.12726, -1.22056, -1.24642, -1.46395, -1.93581, -2.47039, -1.46531, -0.951469, -1.05627, -1.33578, -1.63676, -1.54886, -1.68983, -0.725682, -0.0342365, 0.174457, -1.23097, -1.18402, -0.000187474, 0.568761
4.28, 0.0319371, 0.664598, -0.156764, -0.830177, -1.73922, -1.41198, -0.677228, -0.836033, -1.46398, -2.1725, -1.83655, -2.3833, -1.96137, -1.37489, -1.73155, -1.75488, -2.76919, -2.52809, -2.3947, -2.1283, -2.22864, -1.99557, -2.12296, -2.02799, -1.6997, -2.17955, -1.96605, -1.80688, -1.66517, -1.43278, -1.20722
4.3, 0.0319371, 0.979254, -0.760065, -0.466699, -1.74553, -0.754254, -0.314103, -0.943505, -1.87456, -1.86196, -2.56971, -2.62247, -2.25738, -1.82559, -1.52538, -2.25593, -2.7402, -2.99014, -2.58681, -2.33592, -2.34714, -2.37822, -2.44649, -2.00279, -1.89772, -1.75763, -1.39276, -1.3144, -1.44061, -0.0718515, -0.285944
4.32, 0.0319371, 0.14937, -0.510303, -1.45964, -1.75138, -0.815405, -0.152239, -1.21918, -1.45029, -1.57555, -2.01447, -2.35244, -1.96841, -1.30907, -1.24705, -2.28664, -2.93241, -2.43674, -2.37475, -1.98164, -1.59544, -1.08987, -1.56143, -0.600902, 0.291903, -0.274399, -0.451532, -0.950502, -0.872086, -1.14832, -0.680243
4.34, 0.0319371, 0.492693, -0.387832, -1.28582, -0.874819, -1.13738, -0.492117, -1.5591, -1.29526, -1.32823, -0.920452, -1.52541, -1.21154, -1.24958, -1.74483, -1.99571, -2.31103, -1.75689, -1.70624, -2.16375, -2.7487, -2.81636, -2.48048, -1.85638, -1.7383, -1.55651, -1.29827, -1.40043, -1.75779, -1.52264, -1.32644
4.36, 0.0319376, 0.256073, -0.512353, -0.891754, -0.414194, -0.331671, -0.971161, -0.610776, -1.52333, -2.12881, -1.65698, -1.6659, -1.36921, -1.16049, -1.28942, -1.51954, -1.89015, -2.55131, -1.89219, -1.52207, -1.55454, -1.71994, -2.02894, -1.43157, -1.33103, -1.71383, -1.57135, -0.540505, -0.454144, -0.111544, -0.149773
4.38, 0.0319376, 0.520548, 0.54604, -0.493842, -0.942896, 0.0694635, -0.041893, -0.199119, -0.395244, -0.714215, -0.848408, -0.864039, -0.457263, -0.982928, -0.751102, -1.37132, -2.29451, -1.72761, -1.35404, -1.30037, -1.30269, -1.5687, -1.6592, -1.60001, -1.65511, -1.67645, -1.79939, -1.65013, -1.40122, -1.56962, -1.81668
4.4, 0.0319376, 0.517706, -0.270877, -0.743585, -0.897333, -0.383419, -0.259997, -0.161551, -0.737137, -0.744001, -1.09872, -0.76459, -1.06421, -1.35857, -1.37044, -2.18209, -2.61961, -2.1729, -2.23806, -1.90497, -1.85254, -2.22733, -2.19776, -2.10691, -1.98469, -1.87584, -1.5965, -1.72749, -1.64382, -1.72272, -1.51649
4.42, 0.0319376, 0.343836, 0.592023, -0.0446139, -0.262771, -0.336914, 0.0900772, -0.520318, -1.4758, -1.14256, -1.4733, -1.4637, -0.97298, -0.966245, -0.774017, -1.54215, -2.32089, -2.03339, -2.07206, -2.43458, -2.01218, -2.53812, -2.30586, -1.91973, -1.74552, -1.75155, -1.45212, -1.50564, -1.69851, -1.83204, -1.4091
4.44, 0.0319376, 0.207078, -1.50923, -0.857405, -0.921538, -1.28342, -0.173654, -0.316095, -1.7782, -1.57573, -1.3257, -1.31031, -1.29958, -1.07835, -1.5514, -1.88829, -2.44383, -2.10191, -2.19089, -1.57032, -1.91914, -1.96917, -1.68095, -1.89051, -1.97953, -2.56927, -1.92618, -1.52045, -1.82906, -1.65443, -1.42223
4.46, 0.0319376, 0.13141, -0.756838, 0.00611802, -0.75694, -0.693022, -1.62408, -1.84698, -2.4955, -2.09016, -1.90288, -2.682, -1.79346, -1.72478, -1.57287, -1.95225, -2.47361, -2.28368, -2.70567, -2.41112, -2.06256, -1.49076, -1.16343, -1.3286, -0.745275, -1.32614, -1.45253, -1.53886, -1.47464, -1.12608, -0.922665
4.48, 0.0319376, -0.202232, -0.51755, -0.918821, -1.11844, -0.723252, -0.774406, -0.265822, -1.31685, -1.73181, -2.09669, -2.35379, -1.87346, -1.59727, -1.49208, -2.0785, -2.46822, -2.54352, -2.81099, -2.45353, -2.34862, -2.39928, -2.15076, -2.00257, -1.70322, -1.79505, -1.41757, -1.25555, -1.50832, -1.33906, -1.30729
4.5, 0.0319376, 0.56249, 0.149963, -0.92706, -0.40499, 0.0176693, 0.0769635, 0.344647, -0.261872, -0.257349, -0.305108, -0.814863, -0.996698, -1.41194, -0.819873, -0.829187, -1.32835, -1.48997, -1.47034, -1.19417, -1.33365, -1.80426, -1.38072, -1.75431, -1.37876, -0.91189, -0.283921, -0.752241, -0.852164, -0.722962, -1.26467
4.52, 0.0319376, 0.149791, 0.0456436, -0.595842, -1.0286, -0.835702, -0.893297, -0.889983, -2.21349, -1.65041, -2.19825, -2.46266, -1.2864, -1.21798, -1.24467, -1.84812, -1.48877, -2.1733, -1.56449, -1.46483, -1.76501, -1.51395, -1.09925, -0.839842, -1.00837, -1.64355, -0.815248, -1.18226, -1.26766, -0.770962, -0.562051
4.54, 0.0319376, 0.554358, -0.31655, -0.590498, -0.52376, -0.897957, -0.789399, -1.03094, -1.72479, -1.81209, -1.72392, -2.36954, -1.6084, -1.1907, -1.94336, -2.39683, -2.76867, -2.67562, -2.6698, -2.46408, -2.68057, -2.5507, -2.66258, -2.03664, -1.72665, -1.91536, -1.31054, -0.92624, -1.32944, -0.955396, -1.1019
4.56, 0.0319376, 0.121405, -0.514067, 0.139227, 0.434748, 0.643032, 0.890589, 0.687034, 0.181863, -0.786653, -1.41555, -1.63478, -1.64229, -1.77325, -1.80005, -2.10582, -2.22697, -2.49006, -3.18406, -2.63703, -1.99579, -2.31069, -2.18059, -2.02775, -2.06755, -1.84992, -1.76963, -1.87506, -1.73524, -1.28517, -1.47206
4.58, 0.0319376, 1.15653, 0.632026, -0.376299, -0.747365, -0.336448, 0.50532, 0.0909816, -0.608806, -0.639659, -1.01413, -1.05562, -0.669111, -1.21288, -1.35427, -1.53251, -1.69324, -1.72225, -1.46642, -1.29195, -1.43343, -1.73359, -1.7188, -1.45093, -1.34717, -1.57131, -1.56589, -1.62313, -1.96859, -2.08484, -1.52027
4.6, 0.0319376, 0.760358, 0.0674126, 0.402587, -0.448694, -0.236316, 0.641926, 0.477773, -0.728383, -0.704245, -0.731597, -0.822099, -1.1457, -1.1584, -1.0479, -1.73243, -1.87982, -1.70458, -1.55387, -1.33058, -1.72044, -2.02599, -1.78275, -1.87745, -1.59587, -1.51454, -1.36305, -1.58538, -1.37596, -1.84716, -1.1323
4.62, 0.0319376, 1.03895, 0.32794, -0.469659, -0.732904, -0.015229, -0.323184, -0.423422, -1.31158, -1.71774, -1.44406, -2.05925, -1.93473, -1.27244, -1.68937, -1.99833, -2.41838, -2.46779, -2.7613, -2.48574, -2.10457, -2.17522, -2.28092, -2.20104, -2.0928, -1.88888, -1.6389, -1.59271, -1.62058, -1.42449, -1.42124
4.64, 0.0319376, 0.445681, -0.0293278, -0.644978, -0.563039, -0.466837, -0.210575, -0.145984, -1.02961, -0.981061, -1.00375, -1.42644, -1.51482, -1.89185, -1.86955, -2.0068, -3.20904, -2.89355, -2.77598, -2.20139, -2.0273, -2.26505, -1.69536, -1.71103, -1.9389, -1.79683, -1.69717, -1.40503, -1.61228, -1.33272, -1.56081
4.66, 0.0319376, -0.0967558, 0.173011, -0.339952, -0.594769, -0.558066, -1.3677, -0.952336, -1.36176, -1.78291, -2.08199, -2.19537, -1.18718, -1.43779, -1.43337, -2.2568, -2.72248, -2.7588, -2.85301, -2.57267, -2.52938, -2.26043, -2.34623, -2.30908, -2.10786, -1.84024, -1.4213, -1.44538, -1.50459, -1.86606, -1.5227
4.68, 0.0319376, 0.73729, 0.409415, -0.174722, -1.03905, -0.741782, -0.546337, -0.368831, -0.665691, -0.509708, -0.217689, -0.598728, -1.13335, -1.79149, -1.80836, -1.84869, -2.25822, -2.53852, -2.07895, -2.12301, -2.06368, -2.05593, -1.97369, -1.8439, -1.49745, -1.7778, -1.98784, -1.2526, -1.04389, -0.86793, -1.21347
4.7, 0.0319376, 0.10406, 0.231937, -0.62277, -0.661253, -0.786444, -0.0624557, -0.40089, -1.1973, -0.787589, -1.12465, -1.47373, -1.60683, -1.2107, -1.25503, -2.08126, -2.09464, -2.92905, -2.96095, -2.46814, -2.21795, -2.41463, -2.26513, -1.88567, -1.9539, -1.87715, -1.64812, -1.84679, -1.74715, -1.5575, -1.64905
4.72, 0.0319376, 0.996814, 0.247783, -1.03829, -1.03882, -0.566703, -0.162857, -0.904658, -1.52695, -1.29319, -1.32148, -1.35895, -1.28524, -1.5042, -2.61855, -2.64629, -2.76898, -2.9363, -2.47208, -2.33477, -2.71739, -2.41431, -2.32004, -1.72155, -1.9367, -1.87009, -1.67747, -1.59613, -1.61912, -1.55015, -1.55719
4.74, 0.0319376, 0.744197, -0.125976, -0.539216, -0.00255219, -0.61574, -0.328107, -0.560052, -1.64679, -1.86494, -2.21038, -1.9844, -2.25136, -1.90111, -2.15058, -2.58813, -2.9126, -2.93052, -2.35959, -3.06199, -2.71432, -2.42378, -2.62963, -2.58085, -2.11121, -1.65373, -1.40819, -1.38412, -1.49132, -1.39011, -1.46637
4.76, 0.0319371, 0.361527, -0.41519, -0.929381, -0.757805, -0.591805, -0.750155, -1.06472, -1.33683, -1.60837, -2.5636, -1.66286, -0.940365, -1.52959, -1.18548, -1.61796, -1.5779, -1.62363, -2.00458, -2.70043, -2.1887, -2.03419, -1.62759, -1.45435, -1.52187, -1.35893, -1.31238, -1.26053, -0.907035, -0.877238, -1.18016
4.78, 0.0319371, 0.372864, -0.334912, -0.355383, -0.921438, -1.84137, -1.68864, -0.575718, -1.53589, -1.93154, -2.13244, -1.9193, -1.55944, -1.94955, -1.58972, -2.43919, -2.3753, -2.67092, -2.22972, -1.88961, -1.84691, -2.29959, -2.40497, -1.35499, -1.14265, -1.62171, -0.706369, 0.136048, -0.277079, 0.426468, -0.408633
4.8, 0.0319371, 1.02999, 0.232864, 0.467451, -0.0263275, 0.0230138, 0.130729, -0.328471, -1.05168, -1.22448, -2.28871, -1.328, -1.07606, -1.16838, -1.01135, -1.2423, -1.09761, -0.767768, -0.721751, -1.12185, -1.6534, -1.97592, -1.84326, -1.21568, -1.04159, -1.19493, -1.23071, 0.0152094, -0.452544, -0.886118, -0.912951
4.82, 0.0319371, 1.10984, 0.545398, -0.36755, -0.716977, -0.0916687, -0.00843929, -0.577005, -0.887713, -1.21418, -1.49519, -1.75917, -0.781478, -1.68387, -1.18952, -1.94655, -2.81813, -2.95214, -2.21213, -2.05876, -2.30654, -2.54995, -2.30072, -2.21261, -2.00449, -2.01777, -1.94338, -1.69774, -1.68644, -1.7043, -1.67998
4.84, 0.0319371, 0.303727, 0.0258906, -0.233247, -0.111653, 0.438034, 0.555025, -0.0437325, -0.707924, -1.27158, -1.40086, -1.04092, -1.46349, -1.56016, -0.836304, -1.18594, -1.65832, -1.29799, -1.35584, -0.675706, -0.730134, -1.07433, -1.37019, -1.21508, -0.517267, -0.699198, -0.215362, -0.616234, -0.960928, -0.652983, -0.532867
4.86, 0.0319376, 0.509513, -0.0468895, -0.801625, -1.34014, -1.05451, -0.0121266, -0.177743, -0.774332, -0.930742, -0.769023, -0.954506, -1.50756, -1.93375, -1.79269, -2.53051, -2.93854, -2.6657, -2.37378, -2.54368, -2.68048, -2.28821, -2.39348, -2.41016, -2.20482, -2.08026, -1.98255, -1.53954, -1.43937, -1.75208, -1.65974
4.88, 0.0319376, -0.12242, 0.0855776, -0.307593, -0.447263, -0.023275, 0.0657015, -0.109864, -0.914653, -0.917553, -0.513418, -1.1663, -1.276, -1.02014, -0.967802, -1.25926, -1.42589, -1.7684, -1.68747, -1.00399, -0.966096, -1.26888, -1.57025, -1.41453, -1.18577, -1.12373, -0.800633, -1.1334, -1.29925, -1.2546, -0.991958
4.9, 0.0319376, 0.577711, 0.431759, 0.212276, -0.627604, -0.556336, 0.373561, 0.0427748, -0.791192, -0.914806, -0.415204, -0.298039, -0.307942, 0.106395, 0.162869, -0.0271611, -0.290551, -0.930291, -0.440318, 0.548835, 0.236749, -0.211869, -0.0300107, 0.160667, 0.625493, 0.859492, 1.02519, 0.879525, 0.511258, 0.396905, 0.768897
4.92, 0.0319376, 0.95035, -0.485955, -1.27231, -1.24482, -0.5529, -0.904694, -1.01667, -1.16841, -1.74538, -2.3361, -2.25439, -1.63609, -1.0057, -1.26304, -1.79686, -1.99203, -1.77201, -2.06135, -2.01989, -1.69207, -1.75345, -1.66509, -1.00505, -0.968178, -1.14043, -1.26294, -0.810234, 0.18426, -0.705174, -0.476947
4.94, 0.0319376, -0.300045, -0.604794, -0.699514, -0.706359, -0.961733, -0.341612, -0.845855, -1.78079, -1.3244, -1.31796, -1.16791, -1.2577, -1.34711, -1.27667, -2.27816, -2.19223, -2.37164, -1.64069, -1.84947, -1.91878, -1.93925, -2.13902, -1.89452, -2.16133, -2.0992, -1.66876, -1.60546, -1.60447, -1.44631, -1.33697
4.96, 0.0319376, 0.277375, -0.264278, 0.078931, -0.734576, -0.466065, -0.50065, -0.355409, -1.2439, -1.77301, -1.7187, -1.5083, -1.38918, -1.18876, -1.79497, -1.97953, -2.16251, -2.86245, -2.11521, -2.45443, -2.2007, -2.20611, -2.07176, -1.65448, -0.587601, -1.59387, -1.6084, -1.09962, -1.02639, -1.10836, -0.72755
