# Time (seconds), Duration (seconds), f0, f1, f2, f3, f4, f5, f6, f7, f8, f9, f10, f11, f12, f13, f14, f15, f16, f17, f18, f19, f20, f21, f22, f23, f24, f25, f26, f27, f28, f29
0, 0.0319375, -1.06234, -1.21609, -1.52764, -1.74634, -1.81429, -1.96004, -2.11053, -2.12452, -2.00946, -2.11519, -2.3292, -2.30541, -2.14736, -2.06954, -2.07177, -2.17885, -2.34963, -2.12854, -2.09409, -2.35027, -2.42729, -2.59008, -3.13657, -2.937, -2.2996, -2.17394, -2.0218, -2.20208, -2.14605, -2.3648
0.02, 0.0319375, -0.345673, -1.37175, -1.27258, -1.68238, -1.78143, -1.61744, -1.812, -1.69715, -2.22376, -2.0445, -2.11755, -2.13204, -2.03979, -1.8581, -1.78615, -1.65341, -1.70154, -1.89145, -1.87105, -1.67055, -1.52467, -1.39365, -1.46747, -1.15624, -1.32203, -1.13708, -1.14572, -1.41876, -1.05498, -0.850315
0.04, 0.0319375, -1.53387, -0.873704, -0.438819, -0.511981, -0.292441, 0.599424, 0.704109, 0.456263, -0.00326211, -0.995504, -0.613318, 0.355867, 0.997763, 0.824111, 1.19825, 1.39654, 0.916215, 1.25029, 1.16941, 1.77841, 1.3672, 1.41025, 1.20968, 1.62897, 1.82361, 2.16875, 2.23531, 2.23356, 2.55709, 2.67751
0.06, 0.0319375, -1.38241, -1.71621, -1.24615, -1.66298, -2.43743, -2.04579, -1.19434, -1.93295, -1.9338, -2.2364, -2.18127, -1.73811, -2.28407, -1.7973, -1.32253, -1.29308, -1.0448, -1.38085, -1.16202, -1.02089, -1.0255, -0.757702, -0.311702, -0.366485, -0.654665, -0.407067, -0.372953, -0.38975, -0.315059, -0.0716534
0.08, 0.0319375, 1.04569, -0.119977, 0.0442526, 0.152142, 0.146455, -0.238559, -0.449167, -0.301309, -0.112801, 0.19292, 0.490588, -0.263525, -0.10565, 0.084728, -0.431621, -0.846335, -0.715895, -0.798511, -0.444777, -0.608457, -1.13354, -0.860721, -0.672034, -0.95361, -1.37795, -1.14152, -1.31102, -1.26594, -0.976743, -0.728106
0.1, 0.0319375, -0.4885, -0.69235, -1.0086, -1.3479, -0.966126, -0.67345, -0.933245, -1.26432, -0.585842, -0.970549, -0.594283, 0.0743214, -0.401923, -0.660652, -0.448401, -0.56422, -0.959696, -0.953458, -0.652648, -1.001, -1.02534, -0.786137, -0.892045, -1.17621, -1.71284, -1.40113, -1.33705, -1.38517, -1.2653, -1.13662
0.12, 0.0319375, -0.746098, -0.985169, -1.08527, -1.67003, -1.4228, -0.850359, -0.649632, -1.02608, -0.586465, -0.325268, -0.345559, 0.122514, 0.122908, -0.192797, -0.511601, 0.434414, 1.14469, 1.25937, 0.539981, -0.135294, -0.381704, 0.100139, 0.321103, -0.127657, -0.230182, -0.673803, -1.12934, -0.917108, -0.689737, -0.599264
0.14, 0.0319375, -1.10531, -1.0039, -1.81554, -1.77559, -1.65672, -0.789839, -1.06627, -0.91734, -0.443624, -0.867075, -0.714874, -0.457478, -0.823146, -0.867794, -0.528393, -0.736652, -0.566528, -0.179502, -0.425351, -0.971899, -0.707784, -0.363732, -0.652397, -0.357664, -0.448409, -1.21955, -1.64414, -1.33893, -1.06638, -0.963747
0.16, 0.0319375, -1.82621, -1.6791, -1.5211, -1.70395, -1.66689, -1.42551, -1.46529, -1.79312, -1.25793, -1.09438, -1.52826, -0.510309, -0.719602, -1.19266, -1.32912, -0.871195, -0.576644, -0.220888, -0.630135, -0.871495, -1.09911, -0.998495, -1.0202, -0.924183, -1.10401, -1.31565, -0.992053, -1.02874, -1.15837, -0.782393
0.18, 0.0319375, -2.34659, -1.61653, -1.37048, -2.28864, -2.24397, -1.35394, -1.90569, -1.73346, -1.38631, -1.50211, -1.30123, -1.0463, -1.02266, -1.09449, -1.58948, -1.16989, -1.20944, -0.768942, -1.25427, -1.09663, -1.12166, -1.16526, -1.41322, -1.47829, -1.49565, -1.89881, -1.86876, -1.95849, -1.38119, -1.32411
0.2, 0.0319375, -1.60357, -0.843842, -1.563, -2.01023, -2.41229, -1.65196, -1.71502, -1.89022, -1.98161, -1.72548, -2.2838, -1.63286, -2.14558, -1.94121, -2.30668, -1.73784, -1.66526, -2.32147, -2.04913, -1.70977, -1.72293, -1.22984, -1.57892, -2.1355, -2.03366, -1.60336, -1.96662, -1.99485, -2.0058, -1.76217
0.22, 0.0319375, 1.03151, 0.695269, 0.292095, 0.99759, 1.54877, 1.57033, 1.57968, 1.83923, 2.13159, 2.3377, 2.48955, 2.45859, 2.19244, 2.13973, 2.12802, 2.41509, 2.17573, 2.4927, 3.16954, 3.20462, 3.15002, 2.4979, 2.29582, 2.90016, 2.78357, 2.30807, 1.88377, 1.9833, 2.23307, 2.10675
0.24, 0.0319375, -0.241325, -1.21931, -1.60172, -0.263175, -0.124882, -0.51316, 0.051928, 0.519905, 0.826349, 0.857011, 0.737143, 0.828015, 0.999364, 1.48522, 1.28527, 0.86065, 1.60751, 1.69692, 1.31137, 1.18054, 1.03183, 1.02323, 1.12012, 1.48117, 1.4366, 0.846103, 0.73794, 0.642532, 0.915636, 0.889571
0.26, 0.0319375, -0.970985, -0.688613, -0.610568, -1.25861, -1.49804, -1.06938, -0.57939, -0.271143, 0.0795372, -0.398896, -0.469862, 0.371013, -0.278669, -0.233557, -0.0529776, 0.401678, 0.245086, 0.0140749, 0.26249, 0.185077, -0.101786, 0.673085, 0.44366, 0.480464, 0.413985, 0.194343, 0.487668, 0.154301, -0.0557171, -0.155421
0.28, 0.0319375, -0.589267, -0.875699, -1.6881, -1.5769, -1.55058, -1.32307, -1.06971, -0.75295, -0.557442, -0.779344, -0.691545, -0.608652, -0.69837, -0.203205, -0.240744, -0.0426677, 0.114362, -0.439179, -0.432316, 0.148011, -0.0524337, 0.109296, 0.190358, 0.080416, -0.147212, -0.303737, -0.402349, -0.454893, -0.4842, -0.438474
0.3, 0.0319375, -1.52087, -0.983767, -0.940713, -1.13421, -1.26968, -0.959992, -1.21538, -1.71436, -0.830789, -1.05895, -0.90735, -0.647251, -0.589066, -0.654063, -0.376045, -0.600647, -0.409464, -0.0298554, -0.337111, -0.0997967, -0.494076, -0.22802, -0.185131, -0.492189, -0.681124, -1.0519, -0.960705, -1.05731, -0.789067, -0.844333
0.32, 0.0319375, -1.2581, -0.873978, -0.860167, -0.756089, -0.684722, -1.49184, -1.83775, -1.36488, -1.07446, -1.22699, -1.58535, -0.730851, -1.37617, -0.807727, -0.77643, -0.57969, -0.724039, -0.682221, -0.137842, -0.339206, -0.108697, -0.428372, -0.619364, -0.742021, -0.987355, -1.18836, -0.947052, -0.831999, -1.04909, -0.881519
0.34, 0.0319375, -1.32299, -1.37084, -1.40448, -1.92101, -1.94033, -1.7144, -1.32363, -1.65462, -1.70633, -1.67899, -1.38224, -1.38215, -1.76161, -2.29735, -1.39416, -0.922546, -0.481196, -0.440658, -0.575586, -0.71959, -0.606386, -0.817945, -0.697308, -0.508812, -0.845936, -1.31866, -1.21836, -1.39903, -1.11463, -0.748111
0.36, 0.0319375, -1.61247, -0.898799, -0.833196, -1.39817, -1.1455, -1.21747, -1.12129, -1.65159, -1.2378, -1.07879, -0.86306, -0.763632, -0.484517, -0.761806, -0.727273, -0.335807, 0.520194, 0.484899, 0.745142, 0.652981, 0.121539, 0.6557, 0.759997, 0.687285, 0.852121, 0.943153, 1.11614, 1.30029, 1.47243, 1.88035
0.38, 0.0319375, -1.0742, -1.51381, -1.86089, -1.54573, -1.18775, -1.35219, -1.27207, -1.37812, -1.17805, -1.24955, -1.96592, -1.19005, -0.298169, -0.79195, -0.830872, -0.804906, 0.0151603, -0.0782263, 0.268088, 0.0866149, -0.393342, -0.444895, -0.1688, -0.139858, -0.303958, -0.292323, 0.0605086, 0.540687, 1.24211, 0.924529
0.4, 0.0319375, -1.79217, -1.31347, -1.26646, -1.46252, -1.8465, -1.41782, -1.44283, -1.53372, -1.39624, -1.41187, -0.959506, -1.37852, -1.43149, -0.993407, -1.3245, -1.47973, -1.15902, -1.09202, -0.738824, -0.770844, -0.854459, -0.732563, -1.14023, -1.45289, -1.40598, -1.25149, -1.30175, -1.33377, -0.738381, -0.749084
0.42, 0.0319375, -1.71507, -1.18848, -1.16444, -1.41784, -1.09119, -1.42762, -1.48573, -1.67235, -1.8721, -2.82353, -1.975, -1.42068, -1.72855, -1.61146, -1.36817, -1.38459, -1.10253, -1.04982, -1.08037, -1.19278, -1.37071, -1.14651, -1.45877, -1.45865, -1.5424, -1.34774, -1.53008, -1.22506, -1.30006, -1.26438
0.44, 0.0319375, -0.228631, 0.254904, 0.418455, 0.13875, -0.369353, -0.83396, -1.09432, -1.1776, -1.23295, -1.21666, -1.28753, -0.815901, -0.968323, -0.630056, -0.446336, -0.846744, -0.583012, -0.413558, -0.464207, -0.477924, -0.222682, -0.592958, -0.316461, -0.588727, -0.758785, -0.372555, -0.513599, -0.402187, -0.4488, -0.166051
0.46, 0.0319375, -0.310258, 0.387765, 0.661948, 0.0506652, 0.514329, 1.66526, 1.60277, 1.13553, 0.881086, 0.369356, 1.06929, 1.64123, 1.70076, 1.43903, 1.48488, 1.58719, 1.7364, 1.79418, 1.15883, 0.783665, 1.01059, 0.976066, 1.394, 0.958079, 0.650932, 0.935943, 1.60674, 1.58525, 1.79579, 2.32134
0.48, 0.0319375, -0.927535, -1.73867, -1.65248, -1.82924, -1.25029, -1.40548, -1.21395, -1.78475, -1.96857, -2.28056, -1.42658, -1.19893, -1.28983, -1.42227, -1.05112, -1.25056, -0.926926, -1.43029, -1.34575, -1.09172, -1.1831, -1.05752, -1.23451, -1.18285, -1.55757, -1.7048, -1.11572, -0.893297, -1.1522, -0.830604
0.5, 0.0319375, -1.15761, -1.71187, -1.4878, -1.56786, -1.58984, -0.94505, -1.04357, -1.43895, -1.57734, -1.90352, -2.1255, -1.66906, -1.67482, -1.6538, -1.58019, -1.72392, -1.56072, -1.25693, -1.66074, -1.59108, -1.74624, -1.98236, -1.65482, -1.75598, -1.53453, -1.7566, -1.80519, -1.61403, -1.89586, -1.61915
0.52, 0.0319375, -0.569627, -1.43384, -0.894056, -1.10176, -0.617006, -0.100361, -0.159084, -0.177319, -0.439431, -0.789584, -0.459579, -0.755912, -0.883932, -0.504608, -0.602622, -0.615285, -0.42698, 0.0846072, 0.0705184, 0.361323, 0.995312, 1.3305, 1.31921, 0.785426, 0.114227, -0.0158326, -0.00991481, 0.268687, 0.138876, 0.504124
0.54, 0.0319375, -0.613925, -0.816526, -0.413823, -0.46949, 0.068428, 0.708778, 0.830576, 0.677857, 0.399553, 0.423309, 0.622726, 1.17585, 1.42884, 1.48481, 1.32025, 1.74467, 1.99543, 2.09987, 2.09589, 2.08238, 1.93103, 1.87804, 1.6624, 1.37244, 1.26603, 1.04631, 1.18177, 1.04599, 0.944024, 1.05631
0.56, 0.0319375, -1.1082, -1.16683, -0.802507, -1.22199, -1.3181, -1.2553, -0.869237, -1.29359, -1.20573, -1.10345, -1.20796, -1.03034, -0.852942, -0.520671, -0.562376, -0.600909, 0.0297185, -0.00629339, 0.132587, -0.0384496, 0.157314, -0.0482314, -0.421297, -0.304904, 0.0284203, -0.279761, -0.366121, -0.33174, -0.150133, -0.258893
0.58, 0.0319375, -1.22346, -2.26173, -1.3436, -2.2527, -2.16465, -1.78151, -1.92549, -1.98938, -1.93984, -2.12311, -1.71528, -1.27093, -1.49318, -1.14775, -1.36065, -1.24562, -0.818839, -1.08044, -1.39051, -1.28919, -1.37086, -1.19471, -0.835643, -1.15253, -1.22052, -1.32839, -1.18158, -1.27542, -1.29423, -1.06141
0.6, 0.0319375, -1.51321, -1.74378, -1.38529, -1.60049, -2.06217, -0.563514, -0.242272, -0.691672, -1.00604, -0.754409, -0.378576, 0.0441955, 0.252208, 0.500682, 0.253347, 0.0806101, 0.0542257, 0.228527, 0.455121, 0.835932, 1.03246, 1.15954, 1.09086, 0.720296, 0.595652, 0.461791, 0.728502, 0.730538, -0.122373, 0.0230244
0.62, 0.0319375, -1.14052, -1.62294, -1.56522, -2.01457, -1.28571, -1.84702, -1.64612, -2.07725, -2.26396, -2.75321, -2.72397, -2.15154, -2.29214, -2.04383, -1.64195, -1.86244, -1.70576, -1.21101, -1.48449, -1.69564, -1.75665, -1.34891, -1.34444, -1.78482, -1.8634, -1.75017, -1.26615, -1.34158, -1.44551, -1.57861
0.64, 0.0319375, -1.26327, -1.08132, -1.13324, -2.27115, -1.61528, -1.90437, -1.54367, -2.04643, -2.57755, -2.67545, -2.45261, -2.46872, -1.99582, -2.05369, -2.24799, -2.43764, -1.87918, -1.6095, -1.66025, -1.68243, -1.943, -1.70307, -1.83977, -2.01985, -2.05304, -2.22697, -2.33953, -1.91754, -1.91941, -1.79365
0.66, 0.0319375, -1.49881, -1.01422, -1.617, -1.50987, -1.72858, -1.82994, -2.42462, -2.27773, -2.75135, -2.05546, -1.95743, -2.31312, -2.60797, -2.24665, -1.8234, -1.92051, -2.02738, -2.06727, -2.19869, -2.07386, -1.86206, -1.83374, -1.92643, -1.95203, -2.13731, -1.9677, -2.04145, -1.75716, -1.56962, -1.26115
0.68, 0.0319375, -1.52561, -1.34641, -1.18877, -1.6217, -2.00926, -1.70714, -2.02399, -1.75956, -2.10033, -1.69286, -2.05791, -2.97263, -2.78799, -2.47044, -2.64261, -2.29727, -2.1528, -1.85481, -1.81653, -2.08376, -2.05204, -2.05735, -2.50382, -2.12611, -2.27846, -2.16584, -2.10894, -1.97415, -2.11596, -1.83228
0.7, 0.0319375, -0.910687, -0.991557, -1.59612, -2.01496, -1.74538, -1.46821, -1.87758, -1.56444, -1.41282, -1.56371, -1.55604, -2.11151, -1.48509, -1.33756, -1.40119, -1.10618, -0.767587, -0.954164, -0.719597, -0.649209, -0.343053, -0.511124, -0.455843, -0.948484, -0.761378, -0.64383, -0.701602, 0.178499, 0.56587, 0.308643
0.72, 0.0319375, -1.67351, -1.97892, -2.52098, -1.82617, -1.72735, -1.69912, -1.71142, -2.23183, -2.14709, -2.11678, -1.69121, -1.87094, -2.04305, -1.9298, -2.24704, -1.80951, -1.91723, -1.97475, -1.39116, -1.41617, -1.7592, -1.65486, -1.81081, -1.91245, -1.89662, -1.89044, -2.06372, -1.91835, -1.98391, -1.37082
0.74, 0.0319375, -1.02329, -1.76099, -2.10178, -2.28429, -1.62385, -1.63611, -1.48875, -1.85775, -1.30724, -1.6786, -2.37192, -2.5554, -1.92556, -1.98322, -2.27794, -2.46558, -1.85063, -1.83187, -1.60322, -1.63838, -1.49265, -1.84362, -1.44632, -1.69281, -1.52399, -2.03293, -1.77723, -1.64579, -1.51135, -1.4847
0.76, 0.0319375, -1.1449, -1.39548, -1.5924, -2.19746, -1.69702, -1.90384, -1.87961, -1.32175, -2.08841, -2.01233, -1.83582, -1.71411, -1.89494, -1.79174, -2.25198, -1.64051, -1.61466, -1.42372, -1.64717, -1.47326, -1.47691, -1.94918, -1.53391, -1.51287, -1.60012, -2.00905, -2.13047, -1.48352, -1.34912, -0.924414
0.78, 0.0319375, -1.04657, -1.28033, -1.96126, -1.33183, -1.52331, -1.69393, -1.25466, -1.54684, -1.91556, -1.32862, -1.20823, -1.97625, -2.09472, -1.28818, -1.45944, -0.783727, -0.545709, -0.86564, -0.40398, -0.646665, -1.29801, -0.577995, -0.429843, -0.668101, -0.97045, -0.565163, 0.0409944, -0.0146316, 0.210153, 0.376884
0.8, 0.0319375, -1.04268, -1.31391, -1.81417, -1.81277, -1.63716, -1.76253, -1.77535, -1.98883, -2.29822, -2.38761, -2.82997, -2.07103, -1.85903, -2.30011, -1.82367, -1.73775, -1.1768, -1.39578, -1.56216, -1.23186, -1.40466, -1.7331, -1.95555, -1.58237, -1.44461, -1.89506, -1.99099, -1.68837, -1.49069, -1.78914
0.82, 0.0319375, -1.31107, -1.47454, -1.4128, -2.07857, -1.36407, -0.940384, -1.50753, -2.54333, -2.29766, -2.06905, -1.89377, -1.99664, -2.10238, -2.07957, -1.7747, -1.59474, -1.76412, -1.40338, -1.65901, -1.64232, -1.77046, -1.43646, -1.64307, -1.86618, -1.69978, -1.76026, -1.81604, -1.60212, -1.89734, -1.90161
0.84, 0.0319375, -0.995601, -0.983323, -1.0421, -1.42086, -1.04818, -1.10713, -1.88552, -1.9698, -1.77008, -1.96336, -2.29217, -2.44375, -1.99004, -1.613, -1.87649, -2.01704, -1.26448, -1.2162, -1.51986, -1.89408, -1.77304, -1.44935, -1.75589, -1.89661, -2.17257, -2.44849, -2.12507, -1.80832, -1.55443, -1.19254
0.86, 0.0319375, -0.598297, -1.28598, -1.28477, -1.7399, -1.51162, -1.74363, -2.03294, -2.32912, -1.89729, -2.15877, -2.32138, -1.94943, -2.1404, -2.10314, -2.33947, -2.36753, -1.7225, -2.0313, -1.86778, -1.99874, -2.18071, -2.30349, -2.51608, -2.61939, -2.27257, -2.25948, -2.43319, -2.34279, -2.44076, -2.30633
0.88, 0.0319375, -0.196212, -0.180941, -0.585526, -1.69519, -1.80199, -2.1051, -1.87443, -1.68145, -2.0937, -2.15132, -1.84602, -1.88787, -2.27452, -2.09207, -2.14584, -1.84501, -1.09329, -0.939318, -1.01938, -1.34892, -1.82235, -1.55313, -1.54503, -1.83849, -1.55403, -1.51589, -1.44341, -1.51478, -0.930918, -0.763601
0.9, 0.0319375, -0.206391, 0.0427978, -0.0915391, 0.557608, 1.15152, 0.801208, -0.177355, 0.255957, 0.888879, 1.24312, 1.01849, 0.903916, 1.232, 0.986538, 1.25263, 0.908762, 0.8568, 0.693661, 0.875308, 0.936403, 0.176735, -0.244626, 0.134722, 0.677151, 0.0239374, 0.265481, 0.363278, 0.443797, 0.686568, 1.00384
0.92, 0.0319375, -1.05612, -1.81422, -0.867233, -0.845111, -1.26852, -1.30213, -1.50995, -1.01085, -1.16357, -1.54714, -1.39074, -1.71066, -1.16639, -1.01847, -1.27739, -0.734039, -0.135357, -0.0130517, -0.597279, -0.762242, -1.53457, -1.08461, -1.42002, -1.30137, -1.48366, -1.59177, -1.5257, -1.38089, -0.917548, -0.898999
0.94, 0.0319375, -1.98936, -1.66936, -1.46752, -1.32963, -1.49202, -1.05941, -1.17357, -1.61149, -1.88851, -1.71943, -1.74821, -1.79163, -2.10055, -2.14657, -1.99424, -2.27829, -1.59576, -1.5652, -1.66483, -1.94935, -2.30868, -2.29225, -1.9307, -2.15949, -2.20474, -2.19273, -2.21758, -2.3228, -1.95032, -1.78468
0.96, 0.0319375, -1.82759, -2.07589, -2.02321, -1.5345, -1.22582, -1.51926, -1.57519, -1.9613, -2.31385, -1.80746, -2.34916, -1.91453, -2.41042, -2.3139, -2.37267, -2.32829, -2.07194, -1.76654, -1.99413, -1.73509, -2.24534, -2.10495, -2.13285, -2.1817, -2.18844, -2.52081, -2.24396, -1.8898, -1.99799, -1.99725
0.98, 0.0319375, -1.6485, -0.94941, -1.19565, -1.36917, -1.24966, -1.74024, -1.72705, -1.68022, -1.28815, -1.05528, -1.35818, -1.39116, -0.911656, -0.901419, -0.724529, -0.839023, -0.432509, -0.203365, -0.109565, -0.293363, -1.27311, -1.23784, -1.53596, -1.67852, -1.17312, -1.92864, -1.22703, -0.854189, -1.52432, -1.62674
1, 0.0319375, -1.0282, -1.42895, -2.97296, -1.73061, -2.03453, -1.68503, -2.18662, -1.87258, -1.6501, -1.72921, -1.62276, -2.03553, -1.95327, -2.20012, -1.55812, -1.53739, -1.24429, -1.51068, -1.51595, -1.54442, -1.99846, -2.2168, -1.9709, -1.92642, -2.0053, -2.05441, -1.71355, -1.6017, -1.90943, -1.67174
1.02, 0.0319375, -1.20868, -0.363592, -0.364247, -0.0620752, 0.600234, 0.180189, -0.33148, -0.260662, 0.247203, 0.969845, 1.02899, 0.800289, 1.09945, 1.37265, 1.20934, 1.72689, 2.04509, 1.54206, 1.63424, 1.12812, 0.155482, 0.792368, 0.69332, 0.414569, -0.705029, -0.771773, -0.399701, 0.102393, 0.668486, 1.0878
1.04, 0.0319375, -1.03303, -0.771562, -0.812314, -1.16472, -2.01797, -1.47615, -1.62898, -2.21688, -2.26704, -2.52032, -1.70069, -1.68026, -1.86992, -1.46974, -1.08864, -1.27664, -1.0701, -1.02055, -0.844002, -1.22324, -1.52538, -1.53821, -1.37023, -1.56386, -1.42303, -1.34312, -1.48157, -1.10433, -1.17276, -0.941525
1.06, 0.0319376, -1.53746, -1.0331, -1.41167, -1.72321, -1.48187, -2.40482, -1.93458, -1.02471, -1.24868, -0.943455, -0.747909, -1.01844, -0.597283, -0.478818, -0.120936, 0.0515535, 0.24948, 0.432263, 0.25934, 0.11137, -0.10939, -0.0240906, -0.154853, -0.856488, -0.162013, -0.245208, -0.10949, 0.157497, 0.436217, 1.3873
1.08, 0.0319375, -1.50492, -0.862185, -1.37068, -1.37789, -1.82115, -1.59311, -1.75897, -1.7051, -1.8812, -1.90744, -1.45711, -1.75424, -1.83169, -1.22942, -1.46719, -1.04489, -0.884201, -0.409129, -0.480754, -0.610661, -1.42886, -1.29759, -1.29113, -1.34305, -1.5334, -1.5337, -1.62154, -1.59051, -1.05362, -0.761882
1.1, 0.0319375, -1.4463, -0.924652, -1.04651, -1.52235, -1.1428, -1.50934, -1.2985, -1.85815, -1.7639, -1.45324, -1.56986, -1.3833, -1.20129, -1.4278, -1.7191, -1.31399, -0.821632, -0.960501, -0.528235, -0.608144, -1.3519, -0.837847, -0.952732, -1.36136, -1.28096, -1.07724, -1.08897, -0.89608, -0.523617, -0.0930677
1.12, 0.0319375, -1.2715, -1.45088, -1.6601, -1.38985, -1.22335, -1.79172, -1.57005, -1.98345, -2.78581, -2.52156, -2.26841, -2.44364, -2.43843, -2.48239, -2.01042, -2.13324, -2.08122, -2.39408, -1.80733, -1.63898, -2.02734, -2.35579, -2.11039, -2.26477, -1.94609, -1.77581, -1.90332, -1.8448, -1.62928, -1.66027
1.14, 0.0319375, -2.29037, -1.0891, -1.29807, -2.12955, -1.69566, -1.11032, -1.4906, -2.10224, -1.97713, -2.04121, -2.24171, -2.06278, -1.82867, -1.83452, -1.53068, -2.10199, -1.46829, -0.974893, -1.07169, -1.28638, -1.57852, -1.31404, -1.52473, -1.82602, -1.88025, -2.02493, -1.65227, -1.61847, -1.80819, -1.86918
1.16, 0.0319375, -1.4211, -0.689052, -1.52222, -1.04533, -1.39699, -1.78005, -1.48044, -2.02379, -2.00189, -2.01369, -1.5009, -1.78721, -1.40554, -0.932184, -0.318104, -0.257895, -0.366081, -0.498972, -0.981503, -1.25172, -1.83417, -1.69105, -1.62254, -2.04264, -1.74554, -1.63748, -2.15655, -1.85071, -2.01346, -1.69775
1.18, 0.0319376, -1.12986, -0.832202, -1.87245, -1.70617, -1.33183, -1.19417, -0.891277, -0.936526, -0.646121, -0.503569, -0.417708, -0.338775, -0.361604, -0.109204, 0.16304, 0.330906, 0.540317, 0.436688, 0.123361, -0.0663681, -0.264428, -0.483008, -0.797096, -0.990803, -1.18852, -1.13483, -1.33645, -1.31026, -1.69484, -1.10737
1.2, 0.0319375, -1.52027, -1.56485, -1.87101, -2.03619, -0.976629, -1.05921, -0.227858, -0.0237441, -0.0596868, 0.118218, 0.641948, 0.522604, 0.725607, 0.91083, 1.28834, 1.21564, 1.80235, 1.38053, 0.948779, 0.71266, 0.24286, -0.0839334, 0.200921, 0.00259218, 0.0945888, -0.410786, -0.280762, -0.355468, -0.393752, -0.216304
1.22, 0.0319375, -1.2266, -1.09851, -1.09829, -1.89933, -1.98104, -2.16973, -1.96585, -1.89709, -1.36784, -1.45194, -2.11544, -1.85837, -1.70162, -1.65277, -1.54985, -0.98212, -0.589834, -1.10183, -1.25708, -1.24441, -1.22833, -1.16463, -0.918645, -1.02212, -1.21936, -0.91578, -0.776194, -0.720184, -0.401792, -0.398481
1.24, 0.0319375, -0.566504, -0.80698, -1.2853, -1.08054, -1.04909, -1.31815, -0.696589, -0.650263, -1.13901, -0.98135, -1.18723, -0.600592, -0.332463, -0.341128, -0.314597, -0.288252, 0.170337, 0.35307, 0.142313, 0.28472, 0.421458, 0.718754, 0.743497, 0.263324, 0.482424, 0.424249, 0.489433, 1.12878, 1.36554, 0.959032
1.26, 0.0319375, -1.43397, -1.03894, -2.04641, -1.14905, -1.40024, -1.03384, -1.76138, -2.07529, -2.08911, -1.59748, -1.97349, -1.97379, -2.20612, -2.25741, -2.19391, -2.02809, -1.56869, -1.66591, -1.89787, -1.6259, -1.70854, -1.98675, -1.40712, -1.49584, -1.30433, -1.59091, -1.41069, -1.52388, -1.5277, -0.915253
1.28, 0.0319375, -1.16228, -1.4005, -1.38686, -1.4764, -1.43687, -1.4974, -1.83206, -1.83879, -1.93564, -1.90258, -2.20255, -2.18224, -2.17796, -1.86171, -2.09529, -2.11351, -1.1638, -0.829286, -1.20095, -1.18825, -1.36277, -1.78173, -1.7123, -1.19115, -1.06904, -1.5373, -1.88524, -1.44761, -1.51332, -1.55858
1.3, 0.0319376, -1.48188, -1.58608, -1.60183, -1.83545, -1.24352, -1.3418, -1.71585, -1.6568, -1.43362, -1.87616, -1.57006, -2.01678, -1.80929, -2.28891, -1.79603, -1.82945, -1.30256, -1.20728, -0.773842, -0.622205, -1.34805, -1.74454, -1.67057, -1.6141, -1.6629, -1.53349, -1.94345, -1.80075, -1.6888, -1.70786
1.32, 0.0319375, -2.23882, -1.53858, -1.75702, -1.97441, -1.53744, -1.99798, -2.1745, -2.4755, -2.79981, -2.60522, -2.40895, -2.13668, -2.46589, -1.91333, -2.01442, -2.25865, -1.69793, -1.7515, -1.58293, -1.78422, -1.93816, -1.7043, -1.5919, -1.5332, -1.55858, -1.79987, -1.75848, -1.539, -1.90633, -1.5738
1.34, 0.0319375, -0.334227, 0.0294523, -0.0682423, -0.0870029, 0.152542, 0.528232, 0.694537, 0.33906, 0.0284188, 0.0846056, 0.095507, 0.164961, -0.241525, 0.0845537, 0.61815, 1.18109, 1.65772, 1.95889, 1.92157, 1.7834, 1.40193, 1.05788, 0.115189, -0.119672, 0.307744, 0.771048, 1.18772, 0.94565, 0.592425, 1.1996
1.36, 0.0319375, -0.713733, -0.7808, -1.07712, -1.92493, -1.41701, -1.63397, -1.22031, -1.36783, -1.47458, -1.71404, -2.23252, -2.10234, -1.781, -1.56139, -1.81571, -1.76049, -1.22054, -1.3994, -0.872984, -1.1094, -1.07836, -1.62041, -1.64928, -1.13672, -1.14468, -1.17214, -1.11509, -1.05465, -1.08301, -0.740265
1.38, 0.0319375, -1.1342, -0.729523, -1.36089, -1.79332, -2.21925, -1.93192, -1.96386, -1.99787, -1.97784, -2.06493, -1.80374, -2.29582, -1.79113, -1.90066, -1.75332, -2.10238, -1.43389, -1.97283, -1.74881, -1.87344, -2.06432, -1.84755, -1.58548, -1.39656, -1.53285, -1.81806, -1.3736, -1.18772, -1.48844, -1.13937
1.4, 0.0319375, -0.522411, -0.52745, -1.17652, -1.5535, -1.49247, -1.75953, -1.30569, -1.99699, -2.6929, -2.27228, -1.93187, -2.40608, -2.52951, -2.15333, -1.90276, -1.97647, -1.51532, -1.69485, -1.64741, -1.71353, -1.73461, -1.10482, -1.27116, -1.62812, -2.01967, -1.22502, -1.29512, -1.16562, -1.49987, -1.28246
1.42, 0.0319376, -0.705453, -0.328936, -0.470893, -1.50893, -1.3253, -1.903, -1.20861, -0.901927, -0.76173, -0.784848, -0.509358, -0.392335, -0.4514, -0.588913, -0.407108, -0.757403, -0.240933, -0.191235, 0.0450299, -0.127589, -0.581945, -0.714383, -0.650431, -0.942282, -0.524173, -0.749393, -0.942514, -1.07862, -1.00645, -1.33584
1.44, 0.0319375, -1.14861, -1.15479, -1.9818, -1.30146, -1.54666, -1.70325, -2.28104, -2.01001, -2.12998, -1.48645, -1.54794, -1.07411, -1.82647, -1.11436, -0.5278, -0.882368, -0.942242, -0.522562, -0.835817, -0.724518, -1.23127, -1.19019, -1.41459, -1.46554, -1.08656, -1.03975, -1.18541, -0.886102, -1.16916, -0.793669
1.46, 0.0319375, 1.68412, 1.87847, 1.82775, 1.96167, 2.1446, 2.17274, 2.12783, 1.83829, 1.46293, 1.45798, 1.60088, 1.23915, 0.570856, 1.78254, 2.18509, 2.06327, 2.08801, 1.56404, 0.922837, 1.216, 1.75978, 0.994604, 0.235018, 0.391037, 1.13906, 1.16731, 1.04436, 1.03081, 0.823547, -0.0800584
1.48, 0.0319375, 1.89891, 0.708463, 1.09596, 0.979941, 1.47139, 1.58712, 1.64295, 1.36307, 0.93738, 0.633536, 1.34497, 1.40809, 1.14062, 1.40666, 1.53148, 1.54386, 1.86361, 1.67065, 1.77023, 1.30843, 1.09784, 1.08744, 0.830692, 0.694958, 1.03878, 0.706291, 0.385138, 0.40265, 0.461368, 0.469975
1.5, 0.0319375, -0.149356, -0.130978, -0.651706, -0.994301, -0.284685, -0.106654, -0.349024, 0.105263, -0.0413816, -0.49357, 0.0241248, -0.0155799, -0.710854, -0.383607, -0.32401, -0.536368, -0.231767, -0.0902492, -0.242554, -0.825732, -0.206388, -0.0506356, -0.408884, -0.36942, -0.564802, -0.555253, -0.622731, -0.758069, -0.747357, -0.786354
1.52, 0.0319375, -0.319401, -0.669144, -1.10865, -1.33988, -0.733165, -0.812388, -0.733297, -1.00597, -1.28981, -1.78757, -1.00861, -1.05807, -0.873932, -1.0189, -1.22146, -1.12225, -0.904206, -0.891684, -0.640586, -0.234343, -0.466194, -0.449422, -0.837994, -0.579768, -0.678953, -0.81966, -0.961755, -0.841648, -1.13605, -1.25415
1.54, 0.0319375, -0.656202, -1.11075, -1.5485, -1.51371, -0.73781, -1.00209, -1.00205, -1.55712, -1.72074, -1.46417, -0.925652, -1.4512, -1.26819, -1.57859, -0.778833, -1.25963, -1.04102, -0.960944, -0.801765, -0.703785, -1.16667, -1.09283, -0.68925, -0.426552, -0.493328, -0.883707, -0.3539, 0.293464, 0.286852, 0.575424
1.56, 0.0319376, -0.589722, -1.22925, -2.14439, -1.37622, -1.44609, -1.25239, -1.30883, -1.58046, -1.88665, -2.11126, -1.72176, -1.67663, -1.4794, -1.43527, -1.6083, -1.01818, -0.980576, -0.784072, -0.954832, -0.881945, -0.620601, -0.76437, -0.837092, -0.817315, -0.969251, -1.61062, -1.7429, -1.65051, -1.38857, -1.32803
1.58, 0.0319375, -1.39322, -1.68282, -1.79886, -1.71988, -1.74914, -1.63396, -1.72621, -1.08317, -1.59659, -1.99674, -1.52874, -1.28519, -1.59385, -1.70552, -1.07837, -0.774931, -0.644447, -0.672987, -0.92594, -1.34526, -0.897471, -1.11599, -0.867635, -1.13332, -1.20548, -1.46647, -1.15661, -0.672196, -1.03193, -1.11331
1.6, 0.0319375, -0.603196, -0.648509, -1.47573, -1.26174, -1.08641, -1.77785, -1.94415, -2.44824, -1.81091, -2.32647, -2.11287, -1.99627, -2.14328, -1.92941, -1.74802, -2.23889, -1.99441, -1.12955, -1.13428, -1.12751, -1.42997, -1.90874, -1.51164, -1.35535, -1.78113, -1.51643, -1.2952, -1.30671, -1.03063, -0.720648
1.62, 0.0319375, -1.54082, -1.64963, -1.91848, -1.81146, -1.60197, -1.89411, -1.73472, -1.6926, -2.10342, -1.99242, -1.47796, -1.92117, -2.30906, -1.94928, -1.54903, -1.82242, -1.97962, -1.95566, -1.34009, -1.27785, -1.54281, -1.81935, -1.64376, -1.59571, -1.89024, -1.76115, -2.26811, -2.20335, -2.05696, -1.96745
1.64, 0.0319375, 0.166383, -0.343083, -1.01947, -0.864781, -0.675852, -1.42, -1.73808, -1.16693, -1.7121, -1.84088, -1.87315, -1.53117, -1.28581, -1.36217, -2.09679, -1.8562, -1.97592, -1.5231, -1.09093, -1.16854, -1.82183, -1.63398, -1.48226, -1.22404, -1.55414, -1.85047, -1.62134, -1.36249, -1.49978, -1.66332
1.66, 0.0319375, 0.0924388, 0.00117007, -0.163949, -0.442658, -0.386922, 0.312808, 0.411118, 0.363597, 0.612375, 1.01421, 0.992469, 0.551779, 0.00141497, -0.514307, -0.624214, -0.298795, 0.292916, 0.510058, -0.0115976, -0.0737504, 0.345343, 0.515691, 0.642471, 1.17136, 0.589942, -0.177746, -0.893556, -0.559875, 0.00616885, 0.383583
1.68, 0.0319376, 0.0447493, 0.237193, 0.281295, -0.328906, -0.282577, -0.704998, -1.08465, -0.0847595, -0.12532, -0.14544, -0.0468868, 0.24586, -0.361693, -0.237091, 0.0921849, 0.00903872, 0.259443, 0.250514, -0.0314288, 0.080549, 0.306999, 0.263834, 0.139376, 0.300214, 0.190201, -0.0528042, -0.551722, -0.341937, 0.176345, 0.319022
1.7, 0.0319375, -1.31503, -1.5402, -1.50341, -1.47617, -1.1538, -1.56444, -0.927256, -1.36233, -1.27269, -1.38896, -1.26599, -0.735337, -0.81713, -0.67132, -0.78568, -0.404603, -0.525638, -0.404861, 0.0863671, 0.174615, -0.159381, -0.124061, -0.0313733, -0.26044, -0.325509, -0.00649489, 0.249231, 0.401991, 0.883014, 0.998334
1.72, 0.0319375, 0.340275, 0.966868, 1.31653, 1.39538, 1.6451, 2.092, 2.1851, 1.88956, 1.59381, 1.55253, 1.5053, 1.73859, 1.6958, 1.49262, 1.0447, 0.840076, 1.45508, 1.88478, 2.09719, 1.99096, 1.95294, 2.53258, 2.55574, 2.08872, 2.14863, 2.11265, 2.20994, 2.65673, 2.0889, 1.78807
1.74, 0.0319375, 1.78437, 1.76141, 1.89687, 2.20483, 2.3953, 2.64901, 2.92046, 2.97972, 2.83732, 2.71855, 2.52995, 2.44571, 2.18729, 2.37177, 2.30616, 1.62759, 1.65126, 1.9105, 2.22197, 2.26687, 1.88397, 1.68563, 0.872336, 0.623401, 1.01766, 0.562661, 0.820553, 0.924023, 0.658812, 0.892318
1.76, 0.0319375, 0.474514, -0.100095, 0.223468, -0.0655728, 0.404233, 0.759972, 0.542014, 0.882926, 1.16538, 0.755576, 0.7942, 0.927707, 0.991167, 0.99954, 0.941476, 0.786242, 0.974345, 0.656632, 0.773778, 0.977556, 0.678071, 0.301572, 0.220623, 0.0163213, -0.0621026, -0.0608758, 0.0196267, 0.14805, 0.118474, 0.0222764
1.78, 0.0319375, -1.12072, -1.05632, -1.49236, -1.02713, -0.703395, -0.567057, -0.395702, -0.398366, -0.153329, -0.0828179, -0.316867, -0.4848, -0.23344, -0.644957, -0.384426, -0.735354, -0.478105, -0.241596, -0.520178, -0.242759, -0.689195, -0.699089, -0.365119, -0.49912, -0.809136, -0.905223, -0.653712, -0.659871, -0.706776, -0.277024
1.8, 0.0319376, -0.759935, -1.35019, -1.16139, -0.94646, -0.664397, -0.663408, -0.131637, -0.970637, -0.451113, -0.392265, -1.02475, -0.573277, -1.27628, -1.06892, -0.766475, -0.97712, -0.494562, -0.505213, -0.659681, -0.320055, 0.0151562, -0.0143343, -0.581171, -0.951958, -1.06688, -1.15232, -1.412, -1.25031, -1.19762, -0.641737
1.82, 0.0319375, -0.325794, -0.947867, -1.44392, -1.33868, -0.96712, -1.01841, -0.624463, -0.469277, -0.661357, -1.11953, -1.1388, -1.15429, -1.02542, -1.07872, -1.03052, -1.12955, -1.06869, -0.727209, -0.329773, -0.255947, -0.719184, -0.478353, -0.822867, -1.05644, -1.54731, -1.50471, -1.58721, -1.4629, -1.37335, -0.934038
1.84, 0.0319375, -0.967336, -0.539714, -0.389862, -0.219466, -0.00409858, 0.227562, 0.5292, 0.423167, 0.196269, 0.0165104, -0.0674886, 0.529863, 0.617281, 0.461764, 0.387498, 0.702659, 0.599988, 0.420129, 0.832856, 1.2048, 1.09431, 1.59225, 1.70708, 1.19825, 1.30417, 1.0496, 1.05, 1.39808, 2.23111, 2.85021
1.86, 0.0319375, 0.628513, 0.234598, 0.644077, 1.12161, 0.666494, 2.23014, 2.63018, 2.40127, 1.45211, 1.5427, 1.35782, 2.59327, 2.48328, 1.77447, 1.24972, 1.69868, 1.75143, 1.68831, 1.69392, 2.09113, 1.89445, 2.01878, 2.18237, 1.46134, 1.76094, 2.24154, 2.70301, 2.52105, 1.97917, 2.06061
1.88, 0.0319375, -0.191451, 0.240286, 0.629978, 0.721055, 1.03757, 1.51767, 1.7749, 1.32757, 0.796398, 1.08216, 0.853829, 0.957375, 0.894281, 0.293786, 0.481414, 0.952425, 1.54916, 1.66946, 1.70618, 1.53038, 1.56687, 1.70505, 1.49923, 1.14684, 1.43549, 1.50162, 2.10313, 2.03848, 1.81991, 2.15243
1.9, 0.0319375, -0.598759, -0.410357, -0.171278, 0.00229346, 0.164906, 0.25167, 0.243747, 0.2353, 0.673828, 0.891678, 0.904095, 0.829715, 0.720198, 0.64589, 0.493679, 0.0868848, 0.160726, 0.361929, 0.130883, -0.570354, -0.575917, -0.401419, 0.191706, 0.728131, 0.228981, 0.229656, -0.375984, -0.370827, 0.114638, 0.176734
1.92, 0.0319376, -0.572982, -1.00038, -0.579903, -0.98034, -0.615799, -0.609471, -0.0927754, 0.195354, 0.336953, -0.122314, 0.0221487, 0.248124, -0.0796477, 0.387935, 0.535865, 0.133363, 0.246725, 0.496557, 0.231376, -0.247904, -0.0926601, 0.468223, 0.811176, 0.736208, 0.555673, 0.196507, -0.405369, -0.154755, -0.0351365, 0.31371
1.94, 0.0319375, -1.56555, -1.52285, -0.942493, -1.317, -0.899709, -0.831204, -0.701221, -1.41475, -1.10941, -1.19631, -0.654575, -0.70927, -0.697879, -0.691514, -0.467722, -0.765433, -0.567458, -0.495128, -0.52141, -0.695112, -0.583025, -0.12341, -0.363254, -0.278445, -0.00540984, -0.172772, -0.120515, -0.494065, -0.621708, -0.0899765
1.96, 0.0319375, -1.45022, -1.09559, -0.558842, -1.00692, -1.17131, -1.51938, -1.80291, -1.97862, -1.31108, -1.65122, -1.36172, -1.27543, -1.27296, -1.23822, -0.983086, -0.983422, -0.991579, -0.918314, -0.596522, -0.825925, -0.700415, -0.357611, -0.390334, -0.88493, -0.594328, -0.586907, -0.622265, -0.534322, -0.6744, -0.30984
1.98, 0.0319376, -0.929132, -0.944631, -1.69033, -1.82301, -1.73236, -1.34783, -1.67632, -1.33933, -1.624, -1.2546, -1.69459, -1.2116, -1.27649, -1.0338, -1.04142, -0.907122, -0.656638, -0.95877, -0.86299, -1.28927, -0.962201, -1.29133, -1.08084, -1.24371, -1.27624, -1.57353, -0.721709, -1.2036, -1.27237, -0.942933
2, 0.0319376, -1.50065, -1.6843, -1.2175, -1.41908, -1.36609, -1.62383, -1.80625, -1.82473, -1.59644, -1.387, -1.68995, -1.61603, -1.82993, -2.01997, -1.1627, -1.35704, -1.31894, -0.894927, -1.1471, -1.0118, -1.15983, -0.99489, -1.13594, -1.31353, -1.31587, -1.35307, -1.55496, -1.61856, -1.10357, -1.28148
2.02, 0.0319376, -1.42212, -1.55116, -0.99871, -0.890393, -0.949109, -1.08921, -1.47736, -1.52827, -1.47625, -1.05568, -1.28725, -1.62652, -1.6041, -1.15009, -1.23977, -1.31493, -0.936319, -0.886877, -0.514416, -0.544484, -0.786589, -0.327567, -0.523933, -0.901956, -0.575539, -0.806857, -1.21047, -1.30717, -1.07275, -1.02296
2.04, 0.0319376, -1.2671, -1.40427, -1.14348, -1.28872, -0.103737, -0.665102, -0.696689, -0.613478, -0.465511, -0.689083, -0.719059, -0.932336, -0.101444, 0.326346, 0.519255, 1.06712, 1.06016, 0.392817, 0.364915, -0.489936, -1.27178, -0.613528, -0.169244, -0.0307073, -0.538413, -0.602822, -0.339428, -0.124534, 0.51658, 0.587664
2.06, 0.0319376, -0.848706, -1.42704, -1.61076, -1.1393, -0.774301, -0.943553, -1.0665, -1.75714, -1.40214, -1.03923, -1.07634, -1.27624, -1.47717, -1.05528, -1.03368, -0.711964, -1.09443, -0.920941, -0.612334, -0.843578, -1.11074, -1.05108, -1.5341, -1.22575, -0.932813, -0.765698, -1.12964, -1.23013, -1.31444, -1.06694
2.08, 0.0319376, -0.190988, 0.321407, 0.598381, 0.729132, 0.743427, 1.48839, 1.58579, 0.896929, -0.103709, -0.245096, -1.11055, 0.630183, 1.09296, 1.33615, 1.23667, 1.48404, 1.21854, 1.27027, 1.3785, 1.82598, 1.65358, 1.35608, 0.861913, 1.24216, 2.16079, 2.17973, 2.10135, 1.56927, 1.16256, 1.71261
2.1, 0.0319376, -1.69609, -0.995022, -0.99027, -2.20674, -1.46653, -1.11634, -1.52088, -0.974374, -1.15637, -1.18219, -1.70147, -1.6798, -1.90138, -1.73205, -1.46693, -1.13144, -1.24805, -1.35222, -1.04445, -0.947998, -0.940589, -1.06042, -1.41931, -0.829627, -0.456772, -0.868717, -1.05156, -1.19282, -1.06802, -0.690783
2.12, 0.0319376, -1.61732, -1.06588, -1.06905, -1.56356, -1.55011, -1.29542, -1.11924, -1.41825, -1.38125, -1.66102, -1.35799, -0.968532, -1.33934, -0.754432, -0.965076, -0.82441, -0.246198, -0.748676, -0.845232, -1.02829, -0.863502, -1.09598, -0.770491, -0.976464, -0.928187, -0.930341, -1.28233, -1.28826, -1.1003, -1.3777
2.14, 0.0319374, -1.19985, -1.00469, -0.996203, -1.51258, -2.12035, -1.71896, -1.50133, -1.90081, -1.83332, -1.87944, -2.0883, -1.84508, -1.48585, -1.84787, -1.86997, -2.31036, -1.30161, -1.49757, -1.27322, -1.39294, -1.70501, -1.37511, -1.1673, -1.26846, -1.6248, -1.1953, -1.11936, -1.31601, -1.46629, -1.23913
2.16, 0.0319374, -1.5239, -1.39776, -0.845643, -2.08809, -2.24805, -1.51968, -1.77711, -1.71011, -1.61989, -2.22258, -2.06213, -1.58438, -1.73544, -1.88064, -2.16159, -2.04581, -1.7976, -1.52611, -1.29759, -1.65702, -1.65617, -1.41143, -1.23644, -1.51214, -1.61453, -1.20909, -1.52626, -1.49589, -1.38312, -1.48615
2.18, 0.0319374, -1.53984, -1.84773, -1.62222, -1.62505, -1.28145, -2.00269, -1.68324, -2.04193, -1.96463, -1.99089, -1.96772, -1.67449, -1.48556, -1.65991, -1.7479, -1.66256, -1.3614, -0.840825, -1.02519, -1.67539, -1.37433, -0.887652, -1.08888, -1.72703, -1.76758, -1.64387, -1.01172, -1.30518, -1.41008, -1.22057
2.2, 0.0319374, -1.45212, -1.45091, -1.49174, -1.61797, -1.12664, -0.996595, -1.09598, -0.32411, -0.327997, -0.701537, -0.88358, -0.756402, -0.537642, 0.0111748, 0.500574, 1.02346, 0.923171, 1.45716, 1.11595, 1.04802, 0.971436, 0.854374, 0.0361829, 0.602893, 0.556606, 0.212527, 0.388419, 0.0114522, 0.0991676, -0.16138
2.22, 0.0319374, -0.695249, -1.17492, -1.2179, -1.47461, -1.15359, -1.71881, -1.2099, -1.63935, -1.77277, -1.11481, -1.2588, -1.63146, -1.33723, -1.0553, -0.56516, -0.98841, -0.635399, -0.427632, -0.484171, -0.386924, -0.0349648, -0.439887, -0.6536, -0.554634, -0.762467, -0.551273, -1.07488, -0.859754, -0.932901, -0.336504
2.24, 0.0319376, -0.685427, -1.22847, -1.2666, -2.633, -1.41985, -1.43078, -1.58158, -2.20806, -2.20731, -1.44922, -1.95976, -1.77688, -1.82355, -1.93935, -2.01526, -1.77566, -1.63312, -1.3773, -1.49186, -1.20158, -1.32677, -0.783166, -1.03788, -1.42436, -1.39882, -1.34621, -1.57527, -1.42222, -1.48712, -1.47626
2.26, 0.0319376, -1.45201, -1.32715, -1.81557, -2.16863, -1.76005, -2.33864, -1.69586, -2.23867, -2.25606, -1.45022, -2.66277, -2.40758, -2.46844, -2.23577, -1.62389, -2.14956, -1.84082, -1.38452, -1.25728, -1.13147, -1.62628, -1.73292, -1.4285, -1.58273, -1.5948, -1.73833, -2.0398, -2.10502, -2.01281, -1.6555
2.28, 0.0319376, -1.88402, -1.8562, -0.769694, -0.665872, -1.40618, -1.36721, -0.471424, -0.722567, -1.21344, -1.51376, -1.32967, -1.36457, -1.51222, -1.32813, -1.4186, -1.31139, -1.14871, -0.939358, -0.320561, -0.745966, -1.04091, -0.269291, -0.528704, -0.11727, -0.223899, -0.91896, -1.308, -1.02978, -0.802962, -1.00393
2.3, 0.0319376, -0.79334, -1.76304, -1.57996, -1.55414, -1.40522, -2.03512, -2.12428, -1.73667, -2.12014, -2.06226, -2.36428, -2.35364, -2.40255, -1.62207, -2.01997, -2.0415, -1.61336, -1.51039, -2.00562, -1.41364, -1.60865, -1.51074, -0.966811, -0.924154, -0.903757, -0.921486, -1.19912, -1.08159, -0.936207, -0.552593
2.32, 0.0319376, -1.00541, -1.84959, -1.84936, -1.34725, -1.89283, -2.49327, -1.80371, -2.34162, -2.28656, -2.29289, -2.10108, -2.31829, -2.14899, -1.95384, -1.72869, -1.89905, -1.78506, -1.82454, -1.48221, -2.07101, -2.05052, -1.91837, -1.55747, -1.98163, -1.98389, -2.20211, -2.12155, -1.90501, -1.96344, -1.97741
2.34, 0.0319376, -1.06925, -0.591413, -0.106421, 0.240363, 0.527728, 1.3562, 1.56995, 1.0632, 1.12172, 1.4609, 1.61512, 2.24344, 2.14364, 1.89269, 1.82129, 2.08452, 2.01736, 2.13464, 2.16812, 1.77993, 1.22512, 1.28584, 1.68925, 1.96857, 1.86577, 1.68501, 1.3732, 1.65905, 1.76107, 2.15493
2.36, 0.0319376, -1.3719, -1.3414, -1.17216, -0.704264, -0.860197, -0.216691, -0.144924, -0.749573, -0.824061, -0.769888, -0.61229, -0.403919, -0.783615, -0.689168, -0.0998815, -0.135601, -0.203159, -0.24512, -0.434326, -0.106789, -0.0350986, -0.986203, -0.502044, -0.225926, -0.214503, -0.0862612, -0.218445, -0.103476, -0.174861, -0.222152
2.38, 0.0319374, -0.882702, -1.29278, -1.15079, -1.30984, -1.40634, -1.10709, -1.93503, -1.35575, -1.38527, -1.94691, -2.04573, -1.61661, -1.90239, -1.60653, -1.95701, -1.7835, -1.648, -1.6945, -1.43358, -1.29152, -1.55395, -1.08321, -1.36142, -1.24717, -1.20644, -1.32242, -1.32914, -1.37424, -1.18461, -1.0509
2.4, 0.0319374, -1.81268, -1.26545, -1.58098, -1.14592, -0.983931, -0.827365, -1.54514, -1.83904, -1.55627, -1.16838, -1.31483, -1.55252, -1.90815, -1.40917, -1.288, -0.901793, -0.280665, -0.500328, -0.899767, -0.900593, -1.24399, -1.02457, -1.60413, -1.00507, -0.880162, -1.45046, -1.60616, -1.69447, -1.29537, -1.29201
2.42, 0.0319374, -0.760849, -0.916918, -1.04708, -0.954348, -1.49211, -1.56258, -1.58004, -1.8847, -1.07835, -1.5379, -2.2748, -2.10271, -2.18479, -1.45446, -1.4639, -1.20701, -1.36837, -0.972961, -0.918685, -1.43068, -1.71577, -1.51067, -1.12616, -1.43538, -1.65232, -1.47628, -1.65481, -1.42827, -1.6135, -1.53672
2.44, 0.0319374, -1.18548, -1.48152, -1.76199, -1.8219, -2.09797, -1.52816, -1.29982, -1.72127, -2.16062, -2.31384, -2.26506, -2.55194, -2.27773, -1.99541, -2.01823, -1.99009, -2.2495, -1.91203, -1.90882, -1.71351, -2.0345, -1.88253, -1.66773, -1.76007, -1.58696, -2.20145, -2.26625, -2.04731, -1.93879, -1.73927
2.46, 0.0319374, -0.921598, -0.748025, -0.908451, -1.00934, -0.742358, -0.896382, -0.794557, -0.941104, -1.10751, -1.57208, -1.61299, -1.79409, -1.79628, -1.78787, -1.52148, -1.13876, -0.792265, -0.541576, -0.566801, -0.797451, -0.275711, 0.2442, 0.373888, 0.302228, 0.0805433, -0.459615, -0.951259, -0.85629, -0.392777, -0.164248
2.48, 0.0319376, 0.0306784, 0.75965, 1.31151, 1.28839, 1.30766, 2.18356, 2.15235, 1.30555, 0.74121, 0.714717, 0.291159, 0.44361, 0.15839, 0.828345, 1.10839, 1.61597, 2.06115, 1.90975, 2.21275, 2.12103, 2.48071, 2.72323, 2.604, 2.5374, 2.33596, 2.14586, 2.17843, 2.21512, 1.86647, 2.39223
2.5, 0.0319376, -1.16063, -0.896801, -1.32758, -1.77011, -1.5204, -1.14794, -0.706649, -1.93384, -1.76377, -1.88404, -1.64629, -2.03394, -1.66229, -1.34359, -1.65269, -1.17832, -0.642362, -0.627731, -0.848357, -0.298567, -0.178457, -0.297004, 0.105877, -0.104424, -0.0305308, 0.233075, 0.332642, -0.00925236, -0.332346, 0.0998771
2.52, 0.0319376, -1.13336, -1.1107, -1.10984, -1.63637, -1.20356, -1.36558, -1.84887, -2.22475, -1.93387, -1.60383, -1.96301, -1.66245, -1.57817, -1.70963, -1.32247, -0.931455, -1.04131, -0.922733, -0.788441, -1.03473, -1.05422, -1.16063, -0.883994, -0.768642, -0.866269, -0.635373, -0.644251, -0.703427, -1.05994, -0.54077
2.54, 0.0319376, 0.29087, 1.09015, 1.00426, 1.50322, 2.11448, 1.46154, 0.632072, 0.924314, 1.23208, 1.60984, 1.04457, 0.464189, -0.40057, 0.498477, 0.735728, 1.86207, 2.06139, 1.65738, 2.14993, 1.81909, 0.862588, 1.73984, 1.37879, 1.37847, 1.11159, 1.10567, 0.80663, 0.85398, 1.24035, 1.06637
2.56, 0.0319376, -0.494976, -1.00096, -0.361076, -0.479387, -0.642989, -0.763858, -1.01711, -1.52835, -1.78565, -1.49797, -1.23893, -1.64298, -1.41403, -1.30239, -1.24218, -1.11176, -0.568095, -0.513374, -0.572751, -0.634286, -0.968522, -0.908947, -1.01932, -0.895052, -0.782303, -0.495641, -0.603779, -0.494288, -0.222135, -0.160458
2.58, 0.0319376, -1.13035, -0.960476, -0.539172, -0.820278, -1.2557, -1.71884, -2.25011, -2.68139, -2.6513, -2.1689, -1.9337, -1.80471, -1.59625, -1.34724, -1.5443, -1.8034, -1.08372, -1.22089, -1.26616, -1.57753, -1.56104, -1.41884, -1.26535, -1.16477, -1.54089, -1.42915, -0.91351, -0.982341, -0.848545, -0.699084
2.6, 0.0319376, -1.47749, -0.967564, -1.69007, -1.96141, -2.20882, -1.33066, -1.93906, -1.91591, -2.33417, -1.96112, -1.4078, -1.66971, -1.369, -0.789093, -0.818405, -1.56235, -0.849228, -0.719882, -1.01951, -0.65555, -0.978427, -0.22097, -0.860957, -1.14548, -1.77887, -1.15495, -1.189, -1.15439, -1.17658, -0.914508
2.62, 0.0319376, -1.77031, -1.83633, -1.29107, -1.81183, -1.71483, -1.58233, -1.58061, -1.51243, -1.98127, -1.82667, -1.58324, -1.75401, -1.72504, -1.5954, -1.77929, -1.17743, -0.795088, -1.21717, -0.773631, -0.638628, -0.742682, -0.9691, -1.26964, -1.56049, -1.6161, -1.32683, -1.40645, -1.13164, -1.07616, -1.06476
2.64, 0.0319374, -1.52193, -1.22899, -1.12593, -1.88152, -1.63073, -1.69773, -2.06586, -1.64235, -1.27137, -1.90742, -2.28117, -2.32786, -2.56107, -2.02507, -1.71182, -2.20347, -1.75867, -1.35612, -1.24625, -1.26926, -0.916214, -0.82814, -0.909144, -1.27159, -1.50733, -1.4787, -1.19468, -1.36418, -1.31112, -0.98821
2.66, 0.0319374, -1.42415, -1.01733, -1.48106, -1.67135, -1.54433, -1.2756, -1.87935, -2.15337, -2.12188, -2.11721, -2.42503, -2.44605, -2.11192, -1.63779, -2.20191, -2.19801, -2.17478, -1.64601, -1.30382, -1.27178, -1.13156, -1.63369, -1.36169, -1.59463, -1.66726, -1.7987, -1.39811, -1.52688, -1.76481, -1.48954
2.68, 0.0319374, -1.47014, -1.41029, -1.73942, -1.4142, -0.636486, -1.39101, -1.1398, -1.40817, -1.19698, -0.487864, -0.732102, -1.01478, -0.717226, -0.172523, -0.585687, -0.292287, 0.348075, 0.114147, 0.448354, 0.53027, 0.0155221, -0.0465885, 0.342357, 0.320334, -0.2429, 0.125528, 0.896997, 1.23157, 1.8596, 2.0055
2.7, 0.0319374, 0.152866, 1.06139, 1.18332, 1.55275, 2.34593, 2.02392, 1.05183, 1.43464, 2.03885, 2.67231, 2.30512, 1.88696, 2.01869, 1.54201, 0.987845, 1.67783, 1.8934, 1.4472, 2.04532, 1.96647, 1.4604, 2.3868, 1.97549, 1.69942, 0.865773, 1.27796, 1.11598, 1.28769, 1.68934, 1.68457
2.72, 0.0319374, -1.17954, -1.42788, -1.13362, -0.639031, -0.823614, -0.486655, -0.710634, -0.343904, -0.635622, -1.29235, -0.73331, -0.353408, -0.70612, 0.261839, 0.263473, 0.372347, 0.00512358, 0.0499771, 0.572856, 0.203726, -0.216119, -0.419611, -0.391353, -0.37143, -0.163236, -0.718288, -0.225996, -0.351569, -0.144133, 0.0603184
2.74, 0.0319376, -1.6964, -0.756412, -0.343801, 0.256456, 0.964824, 0.450107, -0.720134, 0.0195958, -0.144741, -0.0102823, -0.602372, -0.665759, -0.128739, 0.14578, 0.0189154, 0.735912, 0.772602, 0.262033, 0.784215, 0.41597, -0.27343, 0.277056, 0.375117, 0.522015, 0.0580113, 0.733084, 0.765537, 0.712199, 1.11693, 1.40413
2.76, 0.0319376, -1.65267, -1.8941, -1.09572, -1.33118, -1.48785, -1.37495, -1.84611, -2.23011, -1.67476, -1.79135, -1.1669, -1.37629, -1.85483, -1.28354, -1.25731, -1.378, -1.45925, -1.55815, -1.06535, -1.53668, -1.1744, -1.19848, -1.28628, -1.31962, -1.56084, -1.63243, -1.555, -1.39566, -1.2119, -0.754178
2.78, 0.0319376, -1.34086, -1.18872, -0.929864, -1.45898, -0.940752, -1.38654, -1.52812, -2.17072, -1.75902, -0.945095, -0.614407, -0.437819, -1.21832, -1.63383, -1.31572, -1.08142, -1.17644, -1.11317, -0.492668, -0.603796, -0.796667, -0.840618, -0.887882, -1.07948, -1.02912, -1.17355, -0.990508, -0.989107, -0.61727, -0.533444
2.8, 0.0319376, -1.41691, -1.42609, -1.895, -1.26793, -0.804189, -0.972775, -1.45694, -1.27466, -1.39007, -1.12304, -1.26915, -1.01171, -0.538792, -0.75829, -0.862789, -0.279318, -0.188036, 0.0539665, -0.0357218, -0.185212, 0.037335, 0.21788, 0.0410474, -0.223465, -0.152339, 0.227659, 0.806735, 1.00478, 0.407169, -0.0502725
2.82, 0.0319376, 0.686935, 0.535203, 0.615616, 0.991203, 1.38278, 0.885082, 0.742782, 0.45411, 0.230582, -0.0418495, 0.209847, 0.190975, -0.144239, 0.00393462, -0.124795, 0.0816905, 0.119208, 0.246378, -0.503615, -0.96304, -0.807633, -0.836188, -0.879143, -0.439224, -0.635715, -0.492329, -0.791309, -0.492273, -0.786925, -0.903996
2.84, 0.0319376, -0.388511, -0.65904, -0.477579, -0.489267, -0.656493, -1.05017, -1.07676, -1.37332, -0.826017, -1.101, -0.932378, -0.629321, -1.19383, -1.42987, -1.55251, -1.96226, -0.64035, -0.818008, -0.724109, -1.29733, -1.30474, -1.47954, -1.36609, -1.23218, -1.42542, -1.74108, -1.98126, -1.38184, -1.25653, -1.35657
2.86, 0.0319376, -1.89514, -0.875034, -0.728078, -1.11764, -1.47924, -1.19821, -1.64881, -1.56378, -1.2177, -1.73957, -1.74969, -1.56042, -2.41695, -1.50219, -1.32337, -1.61115, -1.26503, -1.353, -1.25111, -1.58931, -1.58944, -1.43485, -1.90677, -1.73185, -1.76469, -2.03448, -1.54813, -1.69851, -1.62341, -1.1894
2.88, 0.0319374, 0.232383, 0.736296, 1.12659, 1.15619, 1.25095, 1.51358, 1.35389, 0.396134, -0.242869, -0.545303, 0.404114, 1.18367, 1.34313, 1.67412, 1.78909, 1.6642, 1.76136, 2.52561, 3.0348, 2.61133, 2.58354, 2.3854, 2.41883, 2.85493, 2.66634, 1.98295, 1.79927, 1.92881, 2.48395, 2.01592
2.9, 0.0319374, -0.634166, -0.79188, -0.271771, -0.403909, -0.13142, 0.363079, 0.0168042, 0.0929224, -0.423677, -0.86563, -1.07023, -0.642235, -0.549325, -0.619421, -0.0901856, 0.296452, 0.296552, 0.538255, 1.18814, 0.853348, 0.525126, 0.716369, 1.03451, 1.26227, 1.56402, 1.29977, 1.32323, 1.44552, 1.16567, 1.01665
2.92, 0.0319374, 0.405731, 1.23839, 1.46132, 1.46546, 1.76555, 2.14526, 1.98385, 1.12024, 1.48585, 1.60074, 1.40202, 1.81191, 1.3582, 1.00106, 1.84544, 1.64222, 1.86091, 2.47965, 2.67586, 2.20435, 2.38543, 2.31605, 1.71503, 1.11347, 0.806603, 1.21477, 0.641972, 0.546901, 0.838044, 1.67142
2.94, 0.0319374, -0.574323, 0.031648, 0.216449, 0.268307, 0.165722, 0.43049, 0.761873, 0.296753, 0.301245, 0.0995402, -0.721379, -0.508787, -0.285829, 0.223483, 0.227715, 0.17307, 0.869408, 0.758826, 0.529269, 0.36936, 0.116474, 0.219255, -0.331855, -0.0713479, -0.0162478, 0.264176, 0.694641, 1.14906, 0.433391, 0.585503
2.96, 0.0319374, -1.14781, -1.10099, -1.25972, -1.93968, -1.33918, -1.55744, -1.35734, -1.00474, -0.881686, -2.00479, -2.03343, -1.66034, -1.12808, -0.86414, -0.655417, -0.879868, -0.42821, -0.322013, -0.0470165, -0.510214, -1.02979, -1.16216, -0.682589, -0.619284, -0.291852, 0.00154388, -0.338039, -0.602077, -0.628756, -0.747362
2.98, 0.0319376, -0.510176, -0.132154, 0.0270169, 0.224254, 0.491182, -0.0259584, -0.647464, -0.857541, -0.821296, -0.0205087, 0.277259, 0.364365, 0.644913, 0.454544, 0.143896, 0.617202, 0.662095, 0.364023, 0.079401, -0.120456, -0.221892, 0.968998, 0.918187, 0.649015, -0.16552, 0.247802, 0.518377, 1.27453, 0.72747, 0.311774
3, 0.0319376, -0.8938, -0.524433, -0.728919, -0.804687, -0.60932, -1.05775, -1.29701, -1.82524, -1.64076, -1.20942, -1.05883, -1.089, -1.09325, -1.3838, -1.54963, -1.22464, -1.08102, -0.912717, -0.495104, -0.428688, -0.971319, -0.404518, -0.673037, -0.984438, -0.924798, -0.839347, -0.858643, -0.671982, -0.877102, -0.960417
3.02, 0.0319376, -1.33694, -1.75245, -1.67407, -1.6914, -2.28691, -1.73586, -1.91985, -1.90802, -1.46092, -1.52339, -1.87592, -1.64574, -2.16159, -2.18945, -2.1078, -1.46848, -1.39089, -1.19387, -1.1371, -1.46512, -1.1346, -0.902155, -0.86064, -1.41567, -1.54519, -1.56746, -1.23318, -0.974793, -1.24176, -1.20864
3.04, 0.0319376, -1.42457, -1.29418, -1.33946, -1.75351, -1.37601, -1.13279, -1.1747, -1.80072, -1.20095, -1.38411, -2.28628, -2.18331, -1.90137, -1.56991, -1.70267, -1.63165, -1.716, -1.73097, -1.14298, -1.30408, -1.57592, -1.94283, -1.40617, -1.31485, -1.8338, -1.6683, -1.62686, -1.48315, -1.81879, -1.49122
3.06, 0.0319376, -1.07095, -1.2269, -1.59185, -2.20405, -2.27094, -1.24386, -1.19182, -1.70175, -1.23266, -1.60757, -1.83744, -1.67806, -1.49404, -1.30727, -1.2772, -1.0893, -1.08614, -1.07277, -0.783375, -0.751011, -0.881103, -0.715568, -0.749143, -0.985203, -0.963658, -0.728953, -0.704882, -0.455925, -0.742265, -1.13435
3.08, 0.0319376, -2.37247, -0.92063, -0.921517, -1.68365, -1.61414, -1.4149, -1.87125, -2.16824, -1.34096, -1.86667, -1.64524, -0.903968, -1.15072, -0.790692, -0.708059, -0.809134, -0.753019, -0.953915, -0.628759, -0.557342, -0.587386, -0.575514, -0.665521, -1.24331, -1.10134, -0.648748, -0.623251, -0.949793, -0.859047, -1.01024
3.1, 0.0319376, -1.20755, -1.32503, -1.55883, -1.84108, -1.90146, -1.52807, -1.50536, -1.70344, -1.8442, -2.02423, -2.2041, -2.01702, -1.84174, -2.07526, -2.11692, -1.58202, -1.35858, -1.67573, -1.3002, -1.62409, -1.5257, -1.52208, -1.61913, -1.44469, -1.03483, -1.29209, -1.41805, -1.24159, -1.40217, -1.4392
3.12, 0.0319376, -0.936874, -1.55746, -1.52972, -1.6809, -1.40267, -1.52204, -1.58971, -1.87694, -1.89817, -2.70215, -2.49033, -2.18724, -1.86648, -1.81378, -1.64026, -1.86264, -1.42355, -0.815398, -0.889409, -1.46212, -1.96231, -2.05039, -1.96068, -1.95762, -2.14631, -1.85228, -1.72603, -1.45632, -1.66524, -2.02862
3.14, 0.0319374, -0.604278, -1.55017, -1.63002, -1.52475, -2.24967, -1.84346, -2.15068, -1.86561, -1.37011, -2.5056, -2.61324, -2.07814, -2.23061, -1.96919, -1.64281, -1.16622, -1.27344, -1.38896, -1.35066, -1.63254, -2.11636, -1.94979, -1.89405, -1.95652, -1.82321, -1.91531, -1.91537, -1.9697, -1.86096, -2.09257
3.16, 0.0319374, -1.13456, -1.28186, -0.94054, -1.4578, -2.21625, -2.1522, -2.6352, -2.1183, -2.47651, -2.28471, -1.99936, -2.17973, -2.2063, -1.54795, -1.79094, -1.31804, -0.871739, -1.22977, -1.36584, -1.49577, -1.90021, -1.61055, -1.66797, -1.58578, -1.61539, -1.73316, -1.96451, -1.74907, -1.85399, -1.64674
3.18, 0.0319374, -1.46158, -1.6428, -1.87283, -1.9383, -1.36917, -0.888231, -1.74466, -1.95922, -1.98446, -1.73949, -1.69327, -2.07022, -1.89168, -0.816225, -0.646417, -0.28822, 0.298261, 0.0736278, -0.732651, -0.935059, -0.638741, -0.203182, -0.545727, -1.65841, -1.27544, -1.47401, -1.21115, -1.35466, -1.59987, -1.84151
3.2, 0.0319374, -1.33177, -1.53914, -1.00499, -2.21707, -1.58461, -1.60237, -1.2809, -1.67303, -1.7693, -1.27258, -0.768215, -1.54091, -1.74165, -1.03836, -0.512991, -0.629701, -0.340726, -0.325494, -0.401207, -0.867455, -1.01916, -0.799157, -1.19907, -0.683996, -0.30511, -0.579089, -0.904006, -0.741237, -0.683035, -1.12385
3.22, 0.0319374, -1.59763, -1.87828, -0.719127, -1.50826, -1.87956, -1.45193, -1.98022, -2.27926, -2.09076, -2.73169, -2.357, -2.59521, -2.23488, -2.20028, -1.58452, -1.48837, -1.29099, -1.17853, -0.927332, -1.36143, -1.68816, -1.74122, -1.29699, -1.47526, -1.30691, -1.31184, -1.43112, -1.62994, -1.59115, -1.44535
3.24, 0.0319376, -1.53914, -0.93212, -0.994435, -0.548423, -0.687992, -0.564388, -0.852818, -0.870068, -0.956386, -0.609535, -0.491423, -0.143253, 0.166438, 0.19224, -0.0227652, 0.316066, 0.227828, -0.341606, -0.258988, 0.556667, 1.18604, 1.38335, 1.59616, 1.49443, 1.1248, 1.20416, 1.11714, 0.499905, 0.758, 1.27979
3.26, 0.0319376, -0.774269, -0.834788, -0.805838, -1.37702, -0.72353, -0.516519, -1.58457, -1.57072, -1.97213, -1.54293, -1.36309, -1.03131, -0.806783, -0.695141, -0.852072, -0.456007, -0.312906, -0.311878, -0.555231, -0.329452, 0.268551, 0.190174, 0.417999, 0.303039, 0.145686, 0.0743066, 0.2258, 0.0598573, 0.135348, 0.476684
3.28, 0.0319376, -0.96051, -1.3255, -1.09681, -2.30589, -2.23189, -2.37448, -2.09946, -1.98175, -2.05942, -2.03873, -2.43188, -2.44381, -2.62121, -2.06867, -1.77409, -1.94107, -2.08431, -1.58059, -1.41277, -1.09662, -0.584439, -0.408157, -0.292561, -0.209563, -0.247441, 0.0453357, 0.223762, 0.222185, 0.144657, 0.133739
3.3, 0.0319376, -0.566893, -0.0962726, -0.0881759, -0.265501, 0.287805, 0.700796, 0.922255, 0.91422, 0.81683, 0.863281, 0.927127, 0.799272, 0.931838, 1.37568, 1.82383, 1.84053, 2.29078, 2.39208, 1.88324, 1.75374, 1.64145, 1.16063, 0.805232, 1.15942, 1.22957, 1.20377, 0.383315, 0.733156, 0.833736, 0.594117
3.32, 0.0319376, -2.2335, -1.60572, -1.08546, -1.28115, -0.560081, -0.958138, -0.962071, -0.705171, -0.322515, -0.214756, -0.300514, -0.473277, -0.185938, -0.219018, -0.206604, 0.206794, 0.252458, 0.412578, 0.373884, -0.0234081, 0.191641, -0.00359262, 0.10873, -0.206686, -0.0985973, -0.357548, -0.545253, -0.47711, 0.0728424, 0.544991
3.34, 0.0319376, -0.126598, 0.0286393, -0.29105, 0.370993, 1.04946, 1.12637, 1.05258, 0.501334, 0.421783, 1.01479, 1.08102, 0.892669, 0.914535, 0.233561, 0.368155, 0.917489, 0.679455, 0.80694, 1.22449, 1.22883, 1.80074, 1.63983, 1.9317, 1.73135, 1.82302, 1.83231, 1.48207, 1.6336, 2.20105, 2.48989
3.36, 0.0319376, -1.11924, -1.56819, -2.05951, -2.59105, -1.41832, -2.10254, -1.16535, -1.68497, -1.51569, -1.61773, -1.6501, -1.29128, -1.46417, -1.26926, -1.11853, -1.40675, -1.34678, -1.01305, -0.556673, -0.783503, -0.812963, -1.01323, -0.717409, -0.607892, -0.293482, -0.371473, -0.408993, -0.260901, -0.306836, -0.160761
3.38, 0.0319374, -0.857561, -1.21518, -1.13532, -1.36626, -1.37511, -1.98175, -2.826, -2.36679, -2.10752, -2.75887, -2.48045, -1.75103, -1.73357, -1.68448, -1.44149, -1.64281, -1.43654, -0.711948, -1.38849, -1.19158, -1.01192, -1.2263, -0.850708, -1.21809, -1.31075, -1.08489, -0.772035, -0.672325, -0.777115, -0.289255
3.4, 0.0319374, -0.624119, -0.804098, -0.963006, -1.89373, -1.51981, -2.5513, -1.80299, -1.49707, -1.59853, -1.79391, -1.93383, -1.60747, -1.54431, -1.21946, -0.582947, -0.842503, -0.575939, -0.0324372, 0.0988366, -0.359569, -0.790744, -0.495675, -0.669363, -0.64406, -0.341889, -0.0948923, 0.418264, 0.365084, -0.179986, -0.331544
3.42, 0.0319374, -1.58007, -0.597368, -0.418829, -0.194106, -0.3789, -0.246149, -0.112168, -0.565442, -1.09489, -1.65303, -0.954052, 0.0603133, 0.512476, 0.885315, 0.987704, 0.97537, 0.759801, 0.620227, 0.883462, 0.735138, 1.00474, 0.890918, 0.625564, -0.0404916, 0.471569, 0.151665, 0.861402, 1.56652, 1.00918, 1.65096
3.44, 0.0319374, -1.24192, -0.152921, -0.0970935, -0.529302, -0.969412, -0.226386, 0.00490913, -0.243593, -1.15731, -0.997908, -1.42591, -0.0816415, 0.272295, 0.609407, 0.687519, 0.740665, 0.145234, 0.25278, 0.759327, 0.268279, 0.748663, 0.751876, 0.562223, 0.388961, 0.560582, 0.321959, 1.08914, 1.38441, 1.10252, 1.65181
3.46, 0.0319374, -0.979005, -1.08623, -1.07764, -1.87739, -1.32523, -1.25299, -1.74076, -1.63905, -1.66627, -2.24298, -2.39333, -1.9055, -2.05951, -2.22024, -2.05492, -1.9819, -1.25018, -0.983668, -1.34394, -1.3153, -0.868357, -0.929111, -0.668553, -0.608012, -0.489699, -0.648698, -0.50793, -0.171948, -0.143779, -0.325491
3.48, 0.0319376, -1.84912, -1.3266, -1.76569, -1.68632, -1.63367, -1.95284, -1.82954, -2.13349, -1.85464, -1.99829, -1.91782, -1.7956, -1.86119, -1.75932, -2.08768, -2.34452, -1.61285, -1.82462, -1.49353, -1.27081, -1.20458, -1.26639, -1.27545, -1.09336, -1.52842, -1.16298, -1.13745, -0.885761, -0.721449, -0.770752
3.5, 0.0319376, 0.206917, 0.730956, 1.07326, 0.640793, 1.91486, 1.88659, 1.48137, 0.763298, 0.0917107, 0.398415, 0.881634, 1.10547, 1.55775, 1.23513, 1.94555, 2.65742, 1.84664, 2.69027, 2.71887, 2.39293, 2.17227, 2.13479, 2.35808, 1.72931, 1.67552, 2.50017, 3.5355, 3.28628, 2.70057, 2.4169
3.52, 0.0319376, -0.519737, -1.37399, -0.924007, -0.969581, -1.16543, -0.752014, -0.769693, -1.41961, -1.57736, -1.90436, -1.39486, -1.47344, -1.21881, -0.16664, -0.41553, -0.232772, -0.192892, 0.53565, 0.253573, 0.19489, 0.0758505, 0.097623, -0.0526534, -0.326267, -0.233677, -0.00824545, 0.00493938, 0.0430125, -0.103109, 0.197278
3.54, 0.0319376, -1.94217, -0.756044, -0.33355, -0.429679, -0.226491, -0.0743588, 0.0349927, -0.526645, -0.205838, -0.462228, -1.18758, -0.689882, -0.52798, -0.624879, -0.0571787, 0.778454, 1.33434, 2.09652, 2.67119, 2.38617, 2.33742, 1.90598, 1.76507, 1.81057, 1.64479, 1.78833, 2.40583, 2.19028, 1.6823, 1.26067
3.56, 0.0319376, -0.648548, -1.54144, -1.73365, -1.35457, -1.57821, -1.32999, -1.87858, -1.63699, -1.59248, -2.40275, -2.48223, -2.04072, -1.65872, -1.15483, -1.23061, -1.03506, -0.856009, -1.0973, -0.429194, -0.467013, -0.689034, -0.555737, -0.728637, -0.631664, -0.650434, -0.7682, -0.327593, -0.192523, -0.323293, -0.600165
3.58, 0.0319376, -1.78565, -1.94307, -1.79295, -1.98944, -1.84023, -2.35716, -2.02689, -1.75989, -1.82297, -1.86996, -2.14947, -2.16661, -2.20219, -2.05318, -2.2175, -1.51434, -1.20858, -0.891306, -0.329269, -0.752033, -1.03317, -1.10478, -0.995836, -1.21318, -1.50635, -1.14334, -0.899432, -0.831876, -0.882511, -1.00423
3.6, 0.0319376, -1.42349, -0.493734, -0.730333, -0.945871, -0.699245, -0.319539, -1.07295, -1.47392, -0.477804, -0.844089, -1.62341, -1.70953, -1.07596, -0.537413, -0.656614, -0.526047, -0.292127, -0.633349, 0.141822, -0.0635048, -0.202651, -0.168778, -0.207147, -0.203107, 0.00406808, 0.319687, 0.029361, 0.05341, -0.131102, -0.110928
3.62, 0.0319376, -0.645556, -0.388054, -0.212059, -0.445851, -0.608978, -0.38582, -0.325775, -1.52787, -0.847105, -0.617774, -0.962928, -0.460159, -0.417973, 0.197263, 0.172769, 0.319203, -0.153546, 0.450397, 0.0986309, -0.367589, -0.167578, -0.232751, -0.0482238, 0.410517, 0.251387, 1.12246, 1.83737, 1.90456, 0.698145, 0.620802
3.64, 0.0319374, -1.29571, -1.47963, -0.894557, -1.40096, -1.85025, -0.695952, -1.13538, -2.19171, -1.71743, -1.95515, -2.36588, -1.77054, -1.48815, -1.36709, -1.19671, -1.26165, -1.35452, -0.649265, -0.635262, -1.16946, -0.801233, -1.05388, -1.20968, -1.12921, -0.45942, -0.387332, -0.475949, -0.531981, -0.700935, -0.428489
3.66, 0.0319374, -1.2282, -1.15722, -1.11755, -1.03471, -0.875419, -0.939511, -1.16552, -1.56689, -1.55124, -1.27702, -1.1313, -0.839443, -0.752144, -0.702629, -0.85481, -1.08941, -0.994557, -0.140418, 0.475359, 0.266775, 0.0122005, -0.143414, -0.276852, -0.669985, -0.882675, -0.685563, -0.514069, -0.416938, -0.73962, -0.52802
3.68, 0.0319374, -0.411358, -0.0291681, 0.504604, 0.269038, -0.0378423, 0.711359, 0.0729091, -0.578571, -0.561741, -0.892351, -0.126862, 0.315276, 0.423723, 0.36723, 0.478923, -0.0636423, -0.0978194, 0.896919, 2.05614, 1.60956, 1.06809, 0.983362, 0.990637, 1.18344, 0.689781, 0.985912, 1.23341, 1.16874, 0.751822, 0.734038
3.7, 0.0319374, -1.93774, -0.749695, -0.966297, -1.39152, -2.03248, -1.1801, -0.726099, -1.00526, -2.05195, -1.70498, -1.19324, -0.829157, -1.06541, -0.850841, -0.526519, -0.783878, 0.0805055, 0.0904833, -0.275467, -0.74365, -0.474845, -0.410928, -0.268112, -0.426493, -0.28504, -0.0100423, -0.258203, -0.235192, -0.490204, -0.222499
3.72, 0.0319374, -1.69248, -1.24706, -1.06986, -1.56446, -1.45318, -1.77846, -1.76569, -2.21163, -1.96818, -2.33629, -2.23456, -2.25628, -1.93335, -1.41182, -1.9554, -1.30219, -1.78948, -1.35837, -0.908753, -0.919641, -1.03274, -0.850118, -0.928559, -1.64422, -1.13251, -1.19476, -1.10253, -1.26911, -1.46457, -1.24558
3.74, 0.0319376, -1.87369, -1.05668, -0.84009, -1.31002, -0.983306, -1.59022, -2.22963, -2.41387, -2.50376, -2.46412, -1.67255, -1.88918, -1.66704, -1.49426, -2.03171, -2.14895, -1.85294, -1.94125, -1.02554, -0.663109, -0.821916, -0.979289, -0.765325, -0.859629, -0.928319, -1.01983, -1.25766, -1.21095, -1.14371, -1.2257
3.76, 0.0319376, -1.26758, -1.63441, -1.9514, -1.86283, -1.60504, -1.84552, -2.29136, -2.49633, -1.92185, -1.58578, -1.67939, -2.00128, -1.56518, -1.85489, -2.2117, -1.65972, -0.96356, -1.2032, -0.832176, -0.999337, -1.56196, -1.38824, -1.01234, -1.06975, -1.38405, -1.11613, -1.29317, -1.49277, -1.59089, -1.24093
3.78, 0.0319376, -1.43571, -1.12333, -0.623872, -1.57672, -1.27128, -1.29199, -1.82409, -1.57483, -1.91948, -2.10195, -2.00919, -1.75806, -1.50054, -0.787373, -0.572685, -1.07026, -0.838143, -1.06463, -0.980382, -1.13164, -1.21327, -1.32726, -1.46558, -1.63576, -1.58948, -1.30694, -1.16866, -1.62747, -1.57146, -0.92356
3.8, 0.0319376, -0.989627, -1.05108, -1.2175, -1.08622, -1.01629, -0.309585, 0.0140748, -0.872207, -0.431325, -0.0981402, -0.393632, -0.269038, -0.474062, -0.554946, -0.238735, 0.0760842, 0.137279, 0.105165, 0.425281, -0.021602, -0.276527, 0.347508, 0.407829, -0.123951, -0.376911, -0.115435, 0.104538, -0.00130793, -0.0973763, 0.546375
3.82, 0.0319376, -0.868533, -0.763778, -0.185487, 0.0775171, 0.368127, 0.425965, 0.777014, 0.81046, 1.0404, 1.2641, 1.29643, 1.01265, 0.964196, 0.83579, 1.10864, 0.656151, 0.525071, 0.842404, 1.01946, 1.40017, 1.73937, 1.47631, 0.584994, 0.925877, 1.35279, 0.956126, -0.24037, 0.540071, 0.809629, 0.351823
3.84, 0.0319376, -0.701617, -0.805251, -1.33333, -1.99773, -1.22915, -1.08522, -1.51957, -2.05887, -0.7735, -1.13249, -1.95421, -1.40349, -1.33169, -1.15087, -0.687868, -0.566414, -0.842985, -0.889374, -0.504078, -0.298342, -0.524266, -0.162371, -0.253999, -0.726144, -0.792513, -0.485664, -0.21884, -0.0138958, -0.126425, -0.129035
3.86, 0.0319376, -1.04231, -0.756668, -1.63022, -2.01934, -1.68359, -1.33784, -1.42955, -1.70013, -1.37332, -0.927159, -1.18832, -1.16795, -1.28685, -0.678037, -0.737638, -0.626422, -0.236363, -0.0902617, -0.300752, -0.329897, -0.0237641, -0.161627, -0.306638, -0.560882, -0.360347, -0.589437, -0.557137, -0.467312, -0.345292, 0.152778
3.88, 0.0319374, -0.788521, -0.899514, -0.985424, -1.39957, -1.22853, -1.58884, -2.10753, -2.08022, -1.88848, -2.38577, -1.74673, -1.47354, -1.5648, -1.23516, -1.13543, -0.995262, -0.707261, -0.753012, -0.843319, -0.78853, -0.637992, -0.71588, -0.541258, -0.698942, -0.823925, -0.84843, -0.528505, -0.630151, -0.518811, -0.556714
3.9, 0.0319374, -1.56707, -0.585246, -0.601741, -0.875784, -0.435158, -0.318303, -0.416563, -0.854875, -0.775438, -1.00229, -0.821741, -0.760139, -0.459085, -0.264771, -0.211486, -0.206923, -0.35463, 0.201676, 0.435989, 0.176836, 0.0843353, 0.285448, 0.542244, -0.138699, -0.56026, 0.359786, 0.253647, 0.90198, 0.792572, 0.290783
3.92, 0.0319374, -0.999326, -0.637117, -1.11565, -1.28643, -1.26756, -0.0485541, 0.120452, -0.632346, -0.92888, -0.754293, -0.80475, -1.21702, -0.89068, -0.754481, -0.8249, -0.803776, -1.01555, -0.446535, -0.463894, -0.608954, -0.579208, -0.735439, -0.507253, -1.41621, -0.985626, -0.656553, -0.450204, -0.491817, -0.795657, -0.459956
3.94, 0.0319374, -1.22936, -0.625808, -0.469372, -0.416296, 0.0301192, 0.362202, 0.101191, -0.353395, -0.250392, -0.34229, -0.381539, -0.279711, -0.701958, -0.235853, 0.127425, 0.0357248, 0.206813, 0.319647, 0.469939, 0.493847, 0.512681, 0.533109, 0.240055, -0.321923, -0.201302, -0.155223, 0.704905, 0.807683, 0.401887, 0.37928
3.96, 0.0319374, -1.51106, -0.980913, -0.634719, -0.55855, 0.129168, 0.459218, 0.509834, -0.349958, 0.400476, 0.257536, -0.218714, 1.07609, 0.778331, 0.345894, 1.12524, 1.38127, 0.841846, 1.66311, 1.37667, 0.771896, 0.868837, 1.08749, 0.533548, 0.780177, 1.07343, 1.20218, 1.1858, 1.1884, 1.59318, 1.39681
3.98, 0.0319376, -1.3847, -1.1412, -1.17508, -1.02975, -0.907381, -1.20864, -1.83786, -1.56906, -1.63377, -1.94313, -1.61195, -1.27714, -1.95701, -1.82397, -1.24169, -1.1934, -1.44665, -0.541269, -0.604906, -1.15069, -0.721675, -0.663847, -0.93488, -0.719289, -0.354402, -0.536708, -0.409774, -0.226726, -0.572039, -0.270456
4, 0.0319376, -1.64646, -1.64282, -1.62234, -0.768859, -0.440095, -0.990042, -0.504576, -1.13437, -1.05691, -0.77175, -0.580095, -0.539023, -0.505716, -0.104687, -0.0788942, 0.276072, 0.312573, 0.408733, 0.599375, 0.34003, -0.108196, -0.156382, -0.275325, -0.31624, -0.487874, -0.345597, 0.0751136, 0.255741, 0.184453, 0.131936
4.02, 0.0319376, -0.522828, -0.248737, -0.167265, -0.141561, -0.21018, -0.713582, -0.909579, -1.03838, -0.989449, -0.331084, -0.293206, 0.112613, 0.20215, 0.140032, 0.613423, 1.33072, 1.29699, 1.07391, 0.661648, 0.455403, 0.777395, 1.11651, 0.479374, -0.685929, -0.473108, 0.0139128, -0.232845, -0.117818, 0.337457, 0.947242
4.04, 0.0319376, -0.301069, 0.322203, -0.0659239, 0.537318, 0.802399, 0.987563, 0.108262, -0.169955, 0.311584, 0.175749, -0.20457, 0.775476, 0.606884, 0.811837, 0.497562, 1.59539, 1.53231, 1.35171, 1.40081, 1.27105, 1.45428, 1.31447, 1.36906, 1.14804, 0.754134, 1.38355, 1.68903, 1.43959, 1.62355, 1.74879
4.06, 0.0319376, -1.64389, -1.04357, -1.22373, -0.800111, -0.692199, -0.467632, -0.622795, -0.561161, -0.712429, -0.541734, -0.577215, -0.336754, -0.239056, -0.108245, -0.129081, -0.268628, -0.411864, 0.0476352, 0.251131, -0.0260225, 0.147679, 0.47522, 0.221191, 0.465891, 0.85959, 0.519603, 0.848557, 0.902738, 0.550565, 0.6551
4.08, 0.0319376, 0.122837, 0.965743, 0.409531, 1.14243, 1.56584, 1.45678, 1.37408, 0.859677, 0.718107, 1.27736, 0.729597, 1.07708, 1.26383, 0.990555, 1.48611, 2.12122, 1.80194, 1.88151, 1.72471, 1.30439, 0.675662, 1.15725, 1.05228, 1.35842, 1.29719, 0.994439, 1.45393, 1.79268, 1.35701, 0.874514
4.1, 0.0319376, 0.475197, 1.2641, 1.51855, 1.42422, 1.70714, 2.20877, 2.0464, 1.45591, 1.78563, 1.86322, 1.78169, 1.80454, 1.72505, 1.68418, 1.59967, 1.88214, 1.28981, 1.50778, 1.81395, 1.73893, 1.86937, 1.95859, 1.63813, 0.680005, 0.62558, 0.600403, 1.43762, 1.47018, 1.0372, 1.85864
4.12, 0.0319376, 0.0186236, 0.755105, 0.767877, 0.850513, 0.202485, 1.13039, 1.45361, 1.25939, 1.12959, 1.07402, 1.12976, 1.86082, 1.83446, 2.01722, 2.10366, 2.18096, 2.08923, 2.49152, 2.17596, 1.13074, 1.01659, 0.636731, 0.865137, 1.03829, 1.09687, 1.50512, 1.97826, 1.79567, 2.10343, 2.27547
4.14, 0.0319376, 1.20962, 0.261598, 0.102046, 0.246513, 1.05154, 0.986601, 1.82282, 2.01219, 1.73482, 1.4581, 0.457075, 0.807897, 0.807747, 1.35512, 1.62764, 1.1695, 1.05416, 1.15629, 1.47505, 1.18071, 0.471024, 0.412414, 0.469515, 0.213741, 0.0819136, 0.0642698, 0.151921, 0.0163968, -0.085215, 0.0480213
4.16, 0.0319376, -0.629528, -0.538006, -0.442935, -0.467053, -0.699934, -1.1276, -0.131566, -0.936453, -0.467056, -0.0893974, -1.00303, -0.504918, -0.527154, -0.595979, -0.668368, -0.627689, -0.0784076, -0.162188, -0.831445, -0.518137, -0.512896, -0.668742, -0.531111, -0.714209, -0.941884, -0.802456, -0.748267, -0.780019, -0.858595, -0.364159
4.18, 0.0319376, -0.508804, -0.659081, -1.77423, -1.69705, -0.793496, -0.667711, -0.421563, -1.11916, -1.12621, -1.6659, -0.593508, -0.445441, -0.387381, -0.535286, -0.302327, -0.257121, -0.225464, -0.690557, -0.916452, -0.949322, -0.705376, -0.485799, -0.780374, -0.855658, -1.30673, -1.38312, -1.29697, -1.24217, -0.922816, -0.649513
4.2, 0.0319376, -1.33167, -1.49787, -1.32945, -1.0794, -1.22087, -1.01703, -0.958509, -1.38309, -1.63059, -1.19621, -1.80351, -1.55484, -1.3394, -1.41339, -1.17223, -1.11042, -1.38684, -0.959339, -0.762399, -1.08497, -1.0957, -1.28673, -1.25428, -1.14153, -1.59183, -1.3601, -1.26866, -1.50796, -1.16937, -1.02301
4.22, 0.0319376, -0.696316, -1.88454, -1.74064, -1.46524, -1.63952, -2.09077, -1.25839, -0.712898, -0.923887, -0.742643, -1.23394, -0.941928, -0.957956, -0.969363, -0.744069, -0.0388221, -0.387728, -0.404929, -0.463372, -0.299309, -0.384128, -0.304577, -0.511095, -0.969549, -1.14509, -1.6656, -1.31533, -1.48178, -1.3866, -1.10129
4.24, 0.0319376, -1.34421, -1.1121, -1.02021, -1.08006, -0.802776, -1.36379, -1.5421, -1.84521, -1.8779, -2.02152, -1.56246, -1.56098, -1.24838, -0.755664, -0.284073, -0.676044, -0.388034, -0.550548, -0.777184, -0.713095, -0.998453, -0.7513, -0.683836, -0.924608, -1.33159, -1.44382, -1.30019, -1.06899, -1.17997, -0.964357
4.26, 0.0319371, -1.39144, -1.39709, -1.54786, -1.23518, -1.74141, -1.29841, -0.944775, -1.74767, -1.43511, -1.39296, -1.42459, -1.76394, -1.62154, -1.60792, -1.45629, -1.19042, -1.16518, -1.19555, -0.995379, -1.17578, -1.91324, -1.60712, -1.50364, -1.73882, -1.69435, -1.50618, -1.64065, -1.27612, -1.09405, -0.786533
4.28, 0.0319371, 0.360189, 0.702676, 0.677066, 0.729537, 1.24198, 1.54815, 1.41794, 0.573485, 0.888689, 0.837765, 0.981182, 1.35698, 1.24651, 1.48691, 1.69693, 1.88992, 1.80556, 2.14526, 1.97637, 1.68606, 1.89193, 1.99743, 1.88686, 1.96229, 1.88654, 1.79914, 1.90469, 2.21779, 1.97668, 1.94943
4.3, 0.0319371, -0.375212, -0.251028, -0.15113, -0.566754, 0.146052, 0.402083, 0.267704, -0.41088, 0.14113, 0.483212, 0.597912, 0.633876, 0.62587, 0.580211, 0.702187, 0.321121, 0.00845035, 0.159036, 0.162734, 0.338958, 0.882079, 1.02664, 0.890539, 0.501403, 0.715063, 1.21736, 1.40427, 1.44469, 1.3116, 1.00544
4.32, 0.0319371, -1.01646, -1.38711, -0.882451, -1.23111, -0.972836, -1.1127, -1.2387, -1.81443, -0.991804, -0.983431, -1.08837, -1.48271, -1.45377, -0.753014, -0.530015, -0.778548, -0.724976, -1.12566, -0.99569, -1.38635, -1.26407, -0.756501, -0.688441, -0.686333, -0.659859, -0.599772, -0.538982, -0.21656, -0.288942, -0.0296518
4.34, 0.0319371, -0.612251, -1.58301, -1.26352, -1.11284, -1.43137, -1.18493, -1.33483, -2.1398, -1.23025, -1.3998, -1.23891, -0.699581, -0.595571, -1.045, -0.384854, -0.141492, -0.287116, 0.437526, 0.408798, 0.346142, 0.337716, 0.681845, 0.684121, 0.311575, 0.0743784, -0.32291, 0.072067, 0.758968, 0.786054, 1.06266
4.36, 0.0319376, -1.4735, -1.09041, -0.629346, -1.61086, -1.96101, -1.61979, -1.55983, -2.10303, -1.39389, -1.55375, -2.15839, -1.85029, -1.89973, -1.2762, -1.48929, -1.56839, -1.67608, -1.04345, -1.46015, -1.31836, -1.21086, -0.767446, -0.892671, -1.27862, -1.07568, -1.17575, -0.955454, -0.703476, -0.956425, -0.570777
4.38, 0.0319376, -1.52978, -1.06485, -1.01902, -1.02289, -0.389045, -0.123665, -0.478833, -0.906375, -1.11056, -1.45499, -1.14481, -0.944585, -0.503726, -0.139661, 0.0144683, -0.272142, 0.482154, 0.809726, 0.475807, 0.619796, 0.252367, 0.585782, 0.367669, 0.403341, 0.657993, 0.619098, 0.871398, 0.862244, 0.49837, 0.383785
4.4, 0.0319376, 0.641632, 1.08217, 1.23515, 1.40874, 1.80742, 2.19918, 2.20595, 1.33418, 1.72966, 1.98185, 1.81138, 1.83375, 1.77626, 1.76885, 1.7777, 1.39201, 1.43922, 1.86704, 2.3303, 2.40071, 2.59405, 2.60243, 2.42766, 1.98574, 2.13924, 1.70384, 2.13447, 2.04992, 1.38541, 1.7311
4.42, 0.0319376, -0.39797, -0.0944122, -0.135092, -0.119207, 0.353437, 0.818012, 0.442924, -0.0452456, -0.184218, -1.05621, -0.646878, -0.112938, 0.0479493, 0.31337, 0.428296, 0.120205, 0.47307, 0.285782, 0.54473, 0.584507, 0.58078, 0.0627367, 0.26218, 0.185449, 0.198267, 0.092872, 0.480982, 0.596736, 0.330645, 0.322927
4.44, 0.0319376, 0.624341, 1.15855, 1.42558, 1.35195, 1.73355, 2.25399, 2.07616, 1.07097, 1.75229, 1.40546, 1.15459, 1.07815, 0.775859, 1.27256, 1.41342, 1.57905, 1.76027, 2.23484, 2.18453, 1.71797, 1.60042, 1.59323, 1.54889, 1.08885, 1.11319, 1.90687, 2.41411, 2.33474, 1.92784, 1.83191
4.46, 0.0319376, -1.08837, -1.60985, -0.915832, -1.56944, -0.924122, -0.48137, -0.751993, -0.88071, -1.03735, -0.828586, -0.607947, -0.412293, -0.263602, -0.224039, -0.286804, -0.163339, -0.116988, 0.0596693, 0.224319, -0.0684933, 0.00480011, 0.123007, 0.100801, 0.208726, 0.222854, -0.100603, 0.131015, 0.185857, -0.134835, 0.362918
4.48, 0.0319376, -1.33553, -0.663538, -0.264994, -0.487343, 0.0574526, 0.503209, 0.445608, -0.033005, 0.365477, 0.049285, -0.362956, -0.0306879, 0.162596, 0.573223, 0.915435, 1.14525, 1.31318, 1.55602, 1.71213, 1.63449, 1.84095, 1.80877, 1.3616, 1.33915, 1.15562, 0.955695, 0.903763, 0.632905, 0.195545, 0.575887
4.5, 0.0319376, 0.32515, 0.526541, 0.449429, 0.195445, 0.124865, 0.868767, 1.21598, 0.762895, 1.49772, 1.65358, 1.3053, 0.982922, 0.992699, 1.67021, 1.93998, 2.15262, 1.68664, 1.46393, 2.19084, 2.72774, 2.62571, 1.98688, 1.53369, 1.78519, 1.34896, 1.03889, 1.69156, 2.44067, 2.62578, 2.08442
4.52, 0.0319376, -1.56373, -1.91033, -1.56727, -1.80121, -1.72544, -1.26738, -0.940938, -0.798722, -1.44632, -1.61538, -1.40564, -1.2635, -1.60072, -2.39789, -1.26616, -0.999459, -0.882148, -0.855499, -0.66114, -0.893648, -0.799879, -0.825672, -0.610292, -0.241619, -0.265322, -0.21109, -0.40495, -0.231681, -0.247267, -0.0987826
4.54, 0.0319376, -1.80701, -2.54179, -1.96934, -1.28939, -0.771629, -1.1176, -0.788453, -0.370573, -1.17406, -0.713032, -0.508511, 0.0665827, -0.242869, 0.0712157, 0.0988507, 0.22167, 0.917448, 0.68223, 0.542278, 0.789738, 0.459907, 0.58137, 0.63055, 0.635044, 0.376789, 0.116399, 0.462732, 0.307314, -0.0758242, 0.0990534
4.56, 0.0319376, -1.02093, -1.17332, -0.774159, -0.568647, -0.193823, 0.267736, -0.00396369, -0.827805, -0.0282492, -0.153532, 0.00476368, 0.6808, 0.528093, 0.62422, 0.928355, 0.800931, 0.893778, 1.1369, 1.11599, 1.19589, 1.66065, 1.79075, 1.62839, 1.65244, 1.50499, 1.31219, 1.6569, 1.57844, 1.0116, 1.43059
4.58, 0.0319376, -0.99453, -0.711621, -0.774137, -1.1449, -1.38212, -0.48422, -0.596607, -1.11518, -1.21233, -0.9369, -1.4115, -0.96673, -0.717074, -0.900124, -0.905101, -1.03531, -0.0182196, -0.316363, -0.279541, -0.287813, 0.0413735, 0.199903, -0.0937694, -0.203932, 0.204065, -0.0508693, 0.125409, 0.734149, 0.766509, 1.00024
4.6, 0.0319376, -1.31158, -1.21843, -0.534061, -0.276686, -0.388115, -0.963407, -1.14883, -0.750559, -0.300938, -0.291886, -0.788223, -1.51937, -1.7273, -1.17966, -1.00702, -0.40776, -0.0161358, 0.678844, 0.798293, 0.420151, 0.0182873, 0.631505, 0.526773, -0.00965394, -0.456449, 0.361343, 0.939272, 0.702894, 1.03831, 1.62895
4.62, 0.0319376, -2.16019, -1.45675, -2.22438, -1.37196, -0.283472, -0.0615542, 0.0235648, -0.54667, -0.567166, -0.707117, -0.810001, -0.588967, -0.615684, 0.0983519, 0.0453358, -0.0413098, 0.0725623, 0.568303, 0.746889, 0.710907, 0.778101, 0.624436, 0.700016, 0.217767, 0.101782, 0.31239, 0.466579, 0.967708, 0.599654, 0.720835
4.64, 0.0319376, -1.39065, -1.07345, -0.804721, -1.6403, -1.93297, -1.81996, -1.98509, -1.96941, -2.63423, -1.98935, -1.98872, -1.96453, -2.5853, -2.41061, -2.38042, -1.93257, -1.71266, -1.16182, -1.1015, -1.10223, -1.22854, -1.22874, -1.21192, -1.14927, -0.833758, -0.940795, -0.944538, -0.714743, -0.784305, -0.496093
4.66, 0.0319376, -1.22047, -1.63544, -1.23764, -1.40032, -1.00122, -0.667572, -1.08755, -1.36943, -0.928493, -1.29738, -1.8599, -1.64894, -0.835657, -0.53187, -0.554001, -0.695721, -0.376476, -0.490188, -0.214846, -0.567349, -0.41319, -0.274726, -0.646834, -1.56686, -1.16312, -0.7238, -0.439475, -0.658781, -0.649832, -0.362192
4.68, 0.0319376, -1.60682, -1.22167, -1.52617, -1.21198, -0.600097, -0.29802, -0.806408, -1.06213, -1.10106, -1.04076, -1.20516, -0.831753, -1.37953, -1.12481, -0.441038, -0.537455, -0.470367, -0.296715, -0.153794, -0.144273, -0.304508, -0.403989, -0.331785, -0.185486, 0.0533024, 0.0980992, 0.534208, 0.704448, 0.430172, 0.67258
4.7, 0.0319376, -1.84485, -1.70391, -1.35384, -1.03617, -1.36004, -1.41608, -1.97202, -1.97374, -1.97421, -2.35303, -1.62707, -1.67091, -2.01261, -1.47483, -1.71112, -1.30118, -1.54575, -1.74328, -1.55159, -1.38533, -1.53611, -1.32012, -1.28629, -1.49076, -1.45415, -1.39549, -1.13649, -1.14839, -0.990117, -0.556978
4.72, 0.0319376, -0.910213, -1.09576, -1.13904, -1.07665, -0.556496, -0.759774, -0.750536, -0.58989, -0.775023, -0.767944, -0.351581, 0.214011, 0.255824, 0.165834, 0.497257, 0.745156, 0.57429, 0.743803, 1.10348, 1.39923, 1.15019, 0.552444, 0.213104, 0.109718, 0.485967, 0.725828, 1.17759, 1.28257, 1.5832, 1.63421
4.74, 0.0319376, -1.1405, -1.20716, -1.49179, -1.39024, -0.811642, -1.44079, -1.63451, -1.35814, -1.58284, -1.27617, -1.00784, -0.733405, -0.554948, -0.817041, -1.04555, -0.294507, -0.531962, -0.218615, -0.190901, -0.413845, -0.185139, -0.634922, -0.439077, -0.383739, -0.479533, 0.0278071, 0.275789, 0.458018, 0.71617, 0.9566
4.76, 0.0319371, -1.0161, -1.32841, -0.734812, -1.55201, -0.906527, -0.905844, -0.662358, -1.65937, -0.834092, -1.21682, -1.17674, -0.63905, -0.529736, -0.363298, -0.110581, -0.222491, -0.285725, 0.0274436, -0.164057, -0.328515, -0.259504, -0.618052, -0.765487, -0.785009, -0.554046, -0.669783, -0.407379, 0.00271048, -0.0526288, -0.0867813
4.78, 0.0319371, -2.01212, -0.940996, -0.671776, -1.72302, -1.1221, -0.715878, -0.771965, -0.850945, -0.903026, -0.928814, -1.05394, -0.886929, -0.779023, -0.577345, -0.326687, -0.218781, -0.331335, -0.161153, 0.119718, -0.0185978, 0.0846144, 0.373048, 0.0584247, -0.0818545, 0.395342, 0.424842, 0.424309, 0.809688, 0.438285, 0.68898
4.8, 0.0319371, -1.44908, -1.52699, -1.11786, -1.39261, -1.49315, -0.595148, -0.750808, -1.08721, -1.25593, -1.03807, -1.67096, -1.32885, -1.16599, -0.933518, -0.746069, -0.648518, -0.727128, -0.669896, -0.212535, -0.364877, -0.203058, 0.101846, -0.167157, -0.206694, 0.186877, 0.330937, 0.124094, 0.568008, 0.545768, 0.611528
4.82, 0.0319371, -0.0893501, 0.704777, 0.610471, 0.16932, 0.646915, 0.0900722, -1.17409, -1.25592, -1.18834, -0.266818, 0.000379967, 0.107167, 0.917159, 1.09205, 0.745987, 0.590761, 0.576038, 1.29492, 1.41683, 1.32087, 0.511148, 0.547736, 1.5003, 2.03113, 1.18483, 1.30912, 1.01318, 1.80173, 1.90161, 2.42409
4.84, 0.0319371, -1.42035, -1.48828, -1.71987, -2.22656, -1.15054, -1.14811, -1.94892, -1.82745, -1.86663, -1.39292, -1.44185, -1.44865, -1.2252, -0.806455, -0.415617, -0.827838, -0.958869, -0.760749, -0.597454, -1.058, -1.37914, -1.36209, -1.01139, -1.21362, -1.29423, -1.27339, -0.849868, -0.937286, -0.657984, -0.756202
4.86, 0.0319376, -1.70134, -0.792031, -1.43416, -0.880518, -0.928169, -1.64627, -1.27602, -1.66436, -1.34637, -1.68466, -1.6645, -1.32189, -0.604566, 0.0804632, 0.642518, 1.51198, 1.60569, 1.46413, 1.0625, 0.542961, 0.177096, 0.396956, 0.445605, 0.684547, 0.11744, 0.346116, 0.347909, 0.671762, 0.817089, 0.636505
4.88, 0.0319376, -1.07468, -1.86082, -2.00194, -2.04226, -2.08971, -1.7017, -1.3871, -2.19341, -1.95055, -2.15633, -2.18264, -2.17995, -1.54208, -1.50326, -1.3577, -0.730099, -0.57497, -0.611613, 0.101446, -0.528599, -1.20291, -1.15893, -0.951383, -0.888136, -1.20599, -0.892689, -0.770683, -1.26058, -1.08981, -0.547305
4.9, 0.0319376, -1.10555, -1.96796, -2.09628, -1.28165, -1.66929, -2.21214, -2.4266, -2.14426, -1.82161, -2.05158, -2.00433, -1.30235, -1.57373, -1.4759, -1.55484, -1.47858, -0.829982, -1.00983, -0.66782, -1.23221, -1.40591, -1.63835, -1.73411, -1.60288, -1.96843, -1.79339, -1.81387, -1.58615, -1.0838, -0.868827
4.92, 0.0319376, -1.65796, -1.79853, -1.97139, -2.14745, -0.995391, -1.83093, -1.79304, -1.31991, -2.06051, -2.05105, -2.49225, -1.62285, -1.73661, -1.35326, -0.973124, -0.815034, -0.5482, -0.547079, -1.09653, -1.11416, -1.19884, -1.46184, -1.62488, -1.72289, -1.64855, -1.87615, -2.19529, -1.70208, -1.38906, -1.31799
4.94, 0.0319376, -2.13205, -1.26227, -0.867865, -1.50237, -1.26576, -1.67627, -1.43277, -1.57457, -1.63679, -1.96597, -2.04283, -1.71162, -1.71737, -1.39776, -1.77086, -1.29285, -0.821681, -0.986161, -0.888733, -1.20827, -1.40436, -1.27139, -1.35319, -1.42526, -1.18292, -0.963002, -1.16841, -1.27135, -0.56988, -0.496594
4.96, 0.0319376, -0.999425, -0.833572, -0.837318, -1.64722, -1.1476, -1.58004, -1.90354, -2.18582, -2.17231, -1.72072, -1.43331, -1.28043, -0.948899, -1.10522, -1.01776, -1.05328, -1.21224, -0.768464, -1.19867, -1.47476, -1.43183, -1.17564, -0.683452, -0.52059, -0.629742, -0.770452, -0.867984, -1.15608, -0.814423, -0.460914
