# Time (seconds), Duration (seconds), f0, f1, f2, f3, f4, f5, f6, f7, f8, f9, f10, f11, f12, f13, f14, f15, f16, f17, f18, f19, f20, f21, f22, f23, f24, f25, f26, f27, f28, f29
0, 0.0319375, -0.467142, -0.496842, -0.298268, -0.00383192, 0.320907, -0.268324, -0.129743, -0.277627, -0.611487, -0.667632, -0.902664, -0.993357, -1.13184, -1.06135, -1.10196, -1.33205, -1.95355, -1.82941, -1.75971, -2.09065, -2.12132, -2.33535, -2.03386, -2.48605, -2.26389, -2.52402, -2.39237, -2.1472, -2.3895, -2.68069
0.02, 0.0319375, -1.2438, -0.534276, 0.0689477, -0.0654757, 0.0633838, -0.342113, -0.689216, -0.425336, -0.125874, -0.445642, -0.402014, -0.778826, -0.778592, -0.767285, -1.48031, -1.87311, -1.44351, -1.83316, -1.73676, -1.50352, -1.91971, -2.10637, -1.93581, -1.96411, -1.99399, -2.26179, -2.21588, -2.26636, -2.32836, -2.47938
0.04, 0.0319375, 0.184431, -0.170193, -0.404329, -1.22971, -0.385496, -0.54191, -0.657863, -0.268909, -0.0387831, -1.20504, -0.915176, -1.227, -0.63345, -0.973437, -1.06697, -1.22769, -1.13191, -1.37713, -1.33289, -1.27516, -1.0944, -1.40774, -1.73833, -1.75592, -1.6483, -1.43083, -1.61686, -1.36652, -1.19428, -1.36682
0.06, 0.0319375, -0.371512, -0.214051, -0.865361, -0.36324, -0.276737, -0.147569, -0.666721, -1.05811, -1.10737, -0.905146, -1.36324, -0.784645, -0.838529, -1.11392, -0.741576, -1.36209, -1.45555, -1.49059, -1.30163, -1.51544, -1.566, -1.19945, -1.2197, -1.60618, -1.40698, -1.37456, -1.50301, -1.56204, -1.52916, -1.12659
0.08, 0.0319375, -0.410294, -0.552895, -0.394104, -0.117137, -0.166214, -0.749348, 0.122813, -0.647159, -1.2352, -0.515111, -0.811361, -0.654449, -0.868377, -0.872106, -0.877741, -1.33259, -1.03352, -0.877608, -1.23667, -1.5593, -1.1171, -1.25264, -1.14469, -1.20735, -1.45936, -1.09564, -1.34224, -1.03825, -1.21222, -0.991764
0.1, 0.0319375, -0.0387359, 0.235876, -0.887538, -0.0197998, 0.172664, 0.0438124, -0.363764, -1.14402, -0.219937, -0.417612, -1.0074, -0.990609, -0.660435, -0.881124, -1.00868, -1.25535, -1.1654, -1.22113, -1.12336, -1.26991, -1.53058, -1.92927, -1.66449, -1.3725, -1.44124, -1.25517, -1.10029, -1.41396, -1.35335, -1.10669
0.12, 0.0319375, -0.883068, -0.601034, -0.34847, -0.339556, 0.24399, -0.246576, -0.163974, -0.41048, -0.197486, -0.574161, -1.02073, -0.996212, -0.747344, -0.747333, -0.813409, -0.973242, -0.723185, -0.7896, -0.963914, -0.991672, -1.24741, -1.35506, -1.3983, -1.30436, -1.60042, -1.49545, -1.56289, -1.70182, -1.38857, -1.1746
0.14, 0.0319375, -0.0383588, -0.912608, -0.159384, -0.191259, 0.426386, -0.637389, -0.678236, -1.29755, -0.683167, -0.45865, -0.345605, -0.638377, -0.657449, -1.20229, -0.841845, -0.974343, -1.05617, -0.7792, -0.730801, -1.23843, -1.37076, -1.23377, -1.15659, -1.23796, -1.21384, -1.55669, -0.990082, -1.02803, -1.10645, -1.05792
0.16, 0.0319375, 0.0894956, 0.114947, -0.170022, 0.138849, 0.092539, 0.424646, 0.181359, 0.441886, 0.506449, -0.0556672, 0.221937, -0.372455, 0.0282543, -0.16803, -0.247548, -0.181701, -0.693852, -0.750215, -0.728179, -0.798833, -0.576559, -0.892512, -1.13716, -1.01223, -0.851906, -1.15246, -0.738509, -0.675516, -0.743252, -0.740051
0.18, 0.0319375, 2.5663, 2.77945, 2.76827, 2.21768, 2.23712, 2.18231, 2.38119, 2.26157, 1.94855, 1.10812, 1.49432, 1.77477, 0.611087, 0.735327, 0.38666, 0.576931, 0.24283, 0.342447, -0.0866912, 0.0498726, 0.143016, -0.259074, 0.541033, -0.0318135, 0.234421, -0.0462704, 0.285902, 0.0388394, -0.322293, 0.12678
0.2, 0.0319375, 0.497836, -0.425923, -1.12348, 0.0261325, -0.149052, -1.30237, -0.551065, 0.110917, -0.215416, -0.86178, -0.471598, -0.226549, -0.235969, -0.0405788, -0.787277, -0.466049, -0.694352, -0.201048, -0.416452, -0.625405, -0.54553, -0.564105, -0.758355, -0.320647, -0.460291, -0.681291, -0.292551, 0.063051, -0.490656, -0.44628
0.22, 0.0319375, 0.0484371, 0.415849, -0.710026, -0.320279, 0.528816, 0.688133, 0.327769, 0.108165, -0.0977563, -0.0444373, -0.134224, 0.0501182, 0.0192069, -0.217094, -0.433778, -0.027348, 0.103849, 0.141113, -0.382185, -0.534114, -0.391217, -0.314894, -0.392961, -0.313705, -0.437687, 0.0447237, -0.380526, -0.501853, -0.547504, -0.304462
0.24, 0.0319375, 0.234375, 0.590573, 0.336, 0.638985, 0.24074, 0.349652, 0.491214, -0.0788858, 0.0730596, 0.0720275, 0.503156, 0.304178, 0.654886, 0.590647, -0.151946, -0.0810659, 0.211759, 0.42317, -0.051758, -0.0286087, -0.111784, -0.395105, -0.344938, -0.252963, 0.0258799, -0.125926, -0.358393, -0.299732, -0.414742, -0.151415
0.26, 0.0319375, 0.646523, 0.150459, 0.314627, 0.795891, 0.411748, 0.0797547, 0.115284, 0.204539, 0.184403, -0.283472, -0.0694325, 0.0126387, 0.0879459, -0.0376055, 0.463688, 0.403305, 0.156813, 0.0433968, 0.249196, 0.213762, -0.200476, 0.0570607, -0.167085, -0.424189, -0.270069, -0.268324, -0.177218, 0.0643573, -0.142702, -0.171505
0.28, 0.0319375, 0.399182, 0.254722, 0.718286, 1.0175, 1.45228, 1.34509, 1.10044, 0.741669, 0.367035, 0.057202, -0.122568, 0.320325, -0.0243756, -0.0577957, 0.114496, -0.0125818, -0.161716, 0.188803, 0.255386, -0.277144, -0.214594, -0.204333, -0.370675, -0.555404, -0.467973, -0.243604, -0.309369, -0.21393, -0.3629, -0.531764
0.3, 0.0319375, 1.02767, 1.77113, 1.70791, 1.16836, 1.1594, 1.60482, 1.79836, 1.98782, 1.93594, 1.4628, 0.769615, 0.200399, 0.438311, 0.431249, 0.338947, -0.0555333, 0.0292753, 0.111339, 0.0452309, -0.0326252, -0.288234, -0.183804, -0.319596, -0.208008, -0.206726, -0.443671, -0.414659, -0.43549, -0.503062, -0.329203
0.32, 0.0319375, 0.859732, 1.13736, 0.730354, 0.688333, 0.914942, 1.15867, 0.749423, 0.825633, 1.33878, 0.795917, 0.304136, 0.0440308, -0.011597, 0.137245, -0.0934248, 0.227856, 0.0866793, -0.404095, -0.689738, -0.144471, -0.29844, -0.134395, 0.211617, -0.279878, -0.508813, -0.106853, -0.389095, -0.351861, -0.651536, -0.350108
0.34, 0.0319375, 0.963146, 0.711755, -0.182456, -0.114175, 0.0514948, -0.00522552, -0.254689, 0.221038, 0.203741, 0.273105, -0.169464, -0.334458, -0.902937, -0.63467, -0.0837577, 0.0482719, -0.857084, -0.504095, -0.226983, -0.0837095, -0.178078, -0.0261986, -0.183262, -0.532873, -0.701544, -0.514325, -0.339336, -0.232651, -0.391053, -0.329654
0.36, 0.0319375, 0.248787, 1.13484, 1.34843, 0.798901, 0.838445, 1.62183, 1.76676, 1.31836, 0.596652, 0.117512, -0.4318, -0.348129, -0.697857, 0.0990218, -0.0689435, -0.583083, -0.409195, 0.0965324, -0.573481, -0.466125, -0.382409, -0.586487, -0.247265, -0.422332, -0.144152, -0.285929, -0.0715757, -0.523896, -0.639516, -0.557937
0.38, 0.0319375, -0.22352, 0.3177, -0.14808, 0.111944, -0.0251746, -0.252852, -0.18074, -0.391697, -0.687188, -0.321721, -0.111318, -0.685158, -1.00834, -1.04485, -0.504589, -0.897966, -1.18801, -0.56457, -0.426701, -0.613169, -0.747651, -0.585412, -0.863057, -0.959563, -0.863454, -0.868068, -0.677237, -0.765493, -0.794899, -0.842335
0.4, 0.0319375, -0.054581, -0.0775944, -0.0682863, -0.0126647, 0.471569, -0.124883, -1.05165, -0.52547, -0.717913, -0.0178209, -0.498321, -0.678255, -0.65847, -0.858856, -0.972614, -0.730933, -1.05693, -1.35959, -1.2643, -0.779598, -0.714645, -0.973309, -1.1445, -1.24838, -1.23368, -1.41911, -1.2472, -1.13467, -1.19156, -1.15425
0.42, 0.0319375, -0.332718, -0.165721, -1.02308, -0.644082, -0.0100627, 0.538493, -0.15223, -0.608016, -0.45068, -0.512683, -0.522912, -0.574457, -0.666531, -0.58251, -1.15085, -1.02286, -1.37282, -1.36208, -1.10946, -1.29509, -1.04377, -1.13095, -1.48355, -1.71674, -1.51118, -1.51334, -1.26068, -1.51408, -1.42574, -1.13347
0.44, 0.0319375, 0.18627, -0.148396, -1.00667, 0.35787, 0.514431, 0.297283, 0.258221, -0.135207, 0.175698, -0.371488, -0.731249, -0.0508588, 0.0893244, -0.210419, -0.116268, -0.272535, -0.672866, -0.241779, -0.317453, -1.10229, -1.18579, -1.39945, -1.2719, -1.34576, -1.30963, -1.43189, -1.78903, -1.71836, -1.55587, -1.74306
0.46, 0.0319375, 0.404901, 0.479241, -0.0508766, -0.371719, 0.75516, 0.51126, -0.186706, -0.399481, 0.460566, 0.267864, -0.369275, 0.329793, 0.297381, 0.53454, 0.544311, 0.370757, 0.0047148, 0.198565, -0.314284, -0.28143, -0.476394, -0.904555, -1.46981, -1.57337, -1.58296, -1.46535, -1.74677, -1.91155, -2.15077, -1.77288
0.48, 0.0319375, -0.379936, 0.133568, 0.349518, 0.343238, 0.332743, 0.0284769, -0.217469, 0.106398, -0.110103, -0.341195, 0.100757, -0.229671, -0.337915, 0.155863, 0.792272, 0.365291, 0.243603, 0.193767, -0.261681, 0.0787954, -0.0444855, -0.456037, -0.501604, -1.08274, -1.22756, -1.10045, -1.32305, -1.6248, -1.8786, -1.79735
0.5, 0.0319375, 0.381403, 0.377, -0.0335509, 0.596742, 0.545721, 0.0771772, -0.293681, -0.110089, -0.0302981, 0.131816, 0.537612, 0.185385, 0.551472, 0.66926, 0.472535, 0.317107, 0.765933, 1.05647, 0.533798, 0.344213, -0.30167, -0.582433, -0.560536, -0.910678, -0.959444, -0.87075, -1.0828, -0.923337, -1.34075, -1.7514
0.52, 0.0319375, 1.17985, 1.93748, 2.31321, 2.55335, 2.34535, 1.66873, 0.937729, 0.765983, 1.30833, 1.39466, 0.872239, 0.201505, 0.0194248, 0.4083, 0.0711055, -0.259864, -0.40894, -0.246757, 0.00585425, -0.0352453, -0.14319, -0.933528, -0.303738, -0.311032, -0.0208239, -0.0014452, -0.388932, -0.443188, -0.465946, -0.649027
0.54, 0.0319375, 1.72029, 2.62773, 2.30607, 2.43393, 1.88627, 1.32235, 0.204661, 0.368901, 0.703071, 0.785348, -0.26565, -0.0735968, 0.122938, -0.229565, -0.00557496, -0.664322, -0.568307, -0.441014, -0.00060022, -0.401936, -0.392578, -0.729882, -0.642564, -0.525908, -0.379563, -0.698502, -0.370661, -0.505982, -0.213366, -0.557458
0.56, 0.0319375, -0.108923, -0.234253, 0.00811092, -0.109063, 0.377083, 0.15532, -0.271738, -0.389342, -0.105434, 0.0845695, -0.816169, -0.403166, -0.476436, -1.06731, -0.940825, -0.632352, -1.11422, -1.02777, -1.07403, -1.4401, -1.60632, -1.60226, -1.65358, -1.48879, -1.46326, -1.66697, -1.85776, -1.73794, -2.28361, -2.11584
0.58, 0.0319375, 0.128044, -0.57144, -0.323463, 0.131554, -0.143863, 0.0598753, -0.47969, -0.789593, -0.417671, -0.412893, -0.398265, -1.04358, -0.500295, -0.578717, -0.784328, -0.546405, 0.0314806, -0.790959, -0.934344, -0.353398, -0.554863, -0.595891, -1.23173, -1.38785, -1.3661, -1.61757, -1.47726, -1.66104, -1.79197, -1.80967
0.6, 0.0319375, -1.18181, -1.50285, -1.17903, -0.196241, 0.00301181, -0.462102, -0.182664, -0.203989, -0.372291, -0.293975, -0.0649511, -0.277567, -0.5503, -0.297519, -0.831636, -0.627528, -0.408721, -0.720532, -0.832341, -0.516419, -0.911856, -0.781278, -1.06229, -1.10692, -1.31331, -1.24206, -1.48511, -1.53036, -1.48291, -1.59875
0.62, 0.0319375, -0.0371321, -0.432546, -0.67489, 0.350636, -0.262041, 0.13752, -0.172142, -0.513988, -0.0737958, -0.338428, -0.633736, -0.935908, -1.23966, -1.13626, -1.54138, -1.02094, -0.701846, -1.36143, -1.3641, -1.44238, -0.948542, -0.759944, -1.56441, -2.0344, -1.61472, -1.65712, -1.46815, -1.53963, -1.76333, -1.71627
0.64, 0.0319375, -1.0842, -0.0097636, -0.559305, -0.0619161, -0.00981988, 0.0891471, -0.28387, -0.780794, -1.04561, -0.317508, -0.611329, -1.27049, -0.650418, -1.06625, -1.05917, -1.48709, -1.58044, -1.69373, -1.76655, -1.92565, -1.74142, -1.6752, -1.76122, -1.8112, -1.64584, -2.13257, -2.18494, -2.0951, -2.22941, -2.0215
0.66, 0.0319375, -0.747238, -1.47894, -0.151582, 0.414526, 0.66329, -0.0170038, -0.236221, -0.340849, -0.4036, -0.84309, -0.886895, -0.903804, -0.814886, -1.14059, -1.14409, -1.42097, -1.49629, -1.71085, -1.51733, -1.62533, -1.5928, -1.83216, -1.79982, -1.75595, -1.95499, -1.9268, -2.15609, -2.09236, -2.17748, -1.98706
0.68, 0.0319375, -0.974554, -0.314808, 0.434835, 0.269607, 0.330018, 0.444366, -0.0187154, -0.359263, -0.394074, -0.202215, -0.930047, -1.65548, -1.02389, -0.851922, -1.08583, -1.48774, -1.76644, -1.4883, -1.38921, -1.58399, -1.94919, -1.58267, -1.78188, -2.26981, -1.83401, -1.93226, -1.95996, -2.02888, -2.00837, -1.95711
0.7, 0.0319375, -0.522306, -0.630602, -0.670169, -0.0188084, -0.284057, 0.173536, -0.491776, -0.145476, -0.521618, -0.497841, -0.650354, -0.921864, -0.892635, -1.07624, -1.30548, -1.07127, -1.43967, -1.3613, -1.75149, -2.10143, -2.13186, -2.0929, -2.26686, -2.14882, -2.06793, -2.02318, -2.29172, -2.35108, -2.31459, -2.31636
0.72, 0.0319375, 0.132705, -0.603305, -1.21649, 0.00397368, -0.0284517, 0.102868, -0.623186, -0.610446, -0.557315, -0.269942, -1.22443, -0.915155, -1.02268, -1.29143, -1.06087, -1.26339, -1.61427, -1.73383, -1.58002, -1.62547, -2.00261, -1.81688, -2.54372, -2.13304, -1.95719, -2.44853, -2.20812, -2.08637, -2.23496, -2.51102
0.74, 0.0319375, 0.0766573, -0.407275, -0.23229, -0.861104, 0.00229881, -0.475428, -0.657435, -0.875736, -0.622828, -0.978843, -0.668753, -0.806594, -1.044, -0.899044, -0.990052, -1.00578, -1.38984, -1.49774, -1.62787, -1.35723, -1.88032, -1.84156, -1.94062, -2.14877, -1.93208, -2.19615, -2.19155, -2.33763, -2.24913, -2.42601
0.76, 0.0319375, 0.305418, 0.062353, -0.308526, -0.577076, 0.263878, 0.0480909, -0.0282361, -0.377014, -0.854558, -1.04052, -0.992748, -1.00406, -1.13016, -1.38758, -1.69839, -1.32048, -1.98205, -1.27092, -1.56546, -1.50363, -2.18472, -1.96698, -1.66201, -1.71872, -1.81049, -2.29061, -2.32653, -2.33137, -2.46307, -2.41783
0.78, 0.0319375, 0.262098, -0.233811, -0.943912, 0.316388, -1.10179, -0.447594, 0.0110606, -0.262146, -0.203374, -0.452471, -0.818306, -0.605215, -1.11479, -1.05845, -1.47593, -1.49738, -1.48776, -1.55149, -1.55889, -1.38383, -1.72826, -2.11433, -2.05774, -1.77095, -1.97169, -2.19111, -2.18241, -2.41112, -2.22524, -2.33725
0.8, 0.0319375, -0.1994, -0.294501, -0.506921, -0.281639, 0.0510792, -0.184799, 0.188246, -0.989111, -0.960681, -0.502944, -1.01561, -0.868252, -1.05191, -1.07067, -1.35295, -1.01695, -1.51197, -1.77037, -1.1005, -0.981404, -1.53049, -1.75926, -1.9942, -1.76141, -1.9761, -2.20257, -1.93694, -2.12703, -1.95316, -1.94282
0.82, 0.0319375, 0.659659, 0.35669, 0.323876, -0.472849, -0.0444148, -0.0305996, -0.259228, -0.50784, 0.00834195, -0.243808, -1.02606, -0.829934, -0.900167, -0.838423, -1.53364, -1.17877, -1.48111, -0.986427, -1.39779, -1.08096, -1.73203, -1.82201, -1.33457, -1.72555, -1.68723, -1.75735, -1.63991, -1.66919, -1.76943, -1.9309
0.84, 0.0319375, 0.435584, -0.0202129, -0.326809, -0.646422, 0.439579, -0.339586, -0.679356, 0.056595, -0.198692, -0.601972, -0.962397, -1.45712, -1.03444, -0.96543, -0.673314, -1.31315, -1.06977, -1.53185, -1.57818, -1.82098, -1.5329, -1.73634, -1.85269, -1.97828, -1.79892, -1.96588, -2.02765, -2.10509, -2.33803, -2.34047
0.86, 0.0319375, -0.117817, -0.0389723, -0.643969, -0.110894, 0.178049, -0.428987, -0.668682, -0.768046, -0.655281, -0.876894, -1.00224, -1.18395, -0.922744, -1.33349, -1.35058, -1.3395, -2.04463, -1.60373, -1.32518, -1.57692, -1.62378, -1.66747, -1.97116, -2.11576, -2.05925, -2.12324, -2.25718, -2.38988, -2.48333, -2.30841
0.88, 0.0319375, 2.80594, 2.30404, 3.14702, 2.81361, 2.83053, 3.16616, 3.12001, 2.5406, 2.17515, 1.87024, 1.51677, 0.85009, 1.07333, 0.825005, 0.272494, 0.399746, -0.0707059, 0.0164005, -0.266252, -0.70541, -0.50489, -0.733412, -0.248649, -0.336656, -0.554903, -0.232056, -0.492394, -1.15763, -1.11139, -0.95011
0.9, 0.0319375, 1.53488, 1.86456, 1.29454, 0.619268, 0.427071, 0.245444, -0.103202, 0.0120784, -0.101237, -0.425051, -0.455905, -0.772425, -0.471373, -1.03026, -0.942475, -1.26362, -1.16801, -0.897312, -1.2212, -1.18433, -1.49341, -1.44921, -1.48547, -1.3207, -1.54454, -1.67829, -1.7368, -1.81021, -2.18396, -2.14166
0.92, 0.0319375, -0.800701, -0.588768, -0.518171, -0.648062, -0.349345, -1.00516, -0.721708, -0.112879, 0.0558638, -0.288949, -0.958465, -0.43952, -0.708563, -0.636673, -0.60135, -0.898896, -0.708381, -1.1304, -1.12767, -0.963109, -1.17019, -1.12509, -1.62112, -1.45071, -1.3233, -1.7464, -1.93145, -1.86136, -1.47222, -1.64425
0.94, 0.0319375, 0.801288, 0.094503, -0.344788, -0.939659, -0.717185, -0.544621, -0.117398, -0.0521857, 0.123693, -0.52393, -0.616981, -0.597689, -0.468828, -0.527488, -0.7456, -0.769038, -0.88254, -1.15069, -1.54318, -1.07759, -1.02816, -0.932039, -0.921049, -1.0864, -1.24368, -1.46145, -1.63498, -1.11951, -1.41354, -1.58719
0.96, 0.0319375, 0.0174875, -0.805446, -0.650969, -0.361415, -0.0812675, -0.411309, -1.41604, -0.480112, -0.483185, -0.574375, -0.367547, -1.03057, -0.721714, -0.717607, -0.984822, -1.00444, -1.3306, -0.844508, -0.769336, -1.08457, -1.01172, -1.05671, -1.09799, -0.861466, -0.976384, -1.14689, -1.33223, -1.3968, -1.3219, -1.23604
0.98, 0.0319375, 0.595908, 0.159559, -0.357668, -0.416058, 0.688223, 0.303719, -0.0883197, -0.189787, -0.165597, -0.157128, -0.546014, -0.490603, -0.402464, -0.758266, -0.760488, -0.646412, -0.442783, -0.281369, -0.297737, -0.715928, -1.16105, -0.849104, -1.12717, -1.0823, -0.741156, -1.06741, -1.08785, -1.07635, -1.19853, -1.13791
1, 0.0319375, -0.259215, -0.496604, -0.274782, -0.104045, 0.278396, 0.0101033, 0.212905, 0.138751, 0.336538, -0.170497, -0.208105, 0.0460453, -0.208631, -0.401127, -0.473187, -0.566606, -0.766322, -0.52592, -0.569385, -0.504623, -0.721845, -0.925144, -0.996503, -0.5595, -0.719529, -0.619489, -0.697088, -1.28407, -1.19141, -0.600071
1.02, 0.0319375, 0.59518, 0.297339, -0.152281, 0.32826, 0.830888, -0.158525, -0.0396431, -0.120167, 0.492056, 0.398761, 0.470539, 0.234865, -0.190734, -0.00308704, -0.25118, -0.498834, -0.461457, -0.165729, -0.864252, -0.536364, -0.247428, -0.462093, -0.615776, -0.579256, -0.28797, -0.896347, -0.843759, -0.818767, -0.82834, -0.858946
1.04, 0.0319375, 0.543391, 0.64602, 0.198411, -0.187786, 0.105974, 0.203878, 0.663016, 0.476677, -0.190185, 0.220123, 0.00969806, -0.577588, -0.122967, -0.127119, -0.0699237, -0.314131, -0.0890184, -0.0679769, -0.333366, -0.622682, -0.52375, -0.299418, -0.405882, -0.384102, -0.803015, -0.738447, -0.494443, -0.594196, -0.572228, -0.657068
1.06, 0.0319376, 0.735659, -0.34817, 0.0514888, 0.167373, 0.527182, 0.675147, 0.629368, 0.126081, 0.380681, 0.234303, 0.272594, 0.384671, -0.0709626, -0.288424, 0.324143, -0.140234, -0.208075, 0.062165, 0.220206, 0.241772, 0.0579843, -0.397885, -0.431971, -0.193937, -0.556596, -0.433329, -0.455386, -0.552772, -0.504981, -0.633337
1.08, 0.0319375, 1.18664, 0.585923, 0.958674, 1.01771, 0.919753, 0.821238, 1.38784, 1.27896, 0.981171, 1.01756, 0.670302, 0.160947, 0.110312, 0.413507, 0.350363, 0.186162, 0.309056, 0.416509, -0.0023764, -0.404684, -0.235224, -0.426816, -0.222371, 0.116448, 0.405317, -0.0136688, -0.153758, -0.219602, -0.200289, -0.846832
1.1, 0.0319375, 1.63698, 1.21741, 1.06111, 1.20349, 0.834254, 1.04554, 0.285895, -0.395843, 0.102497, 0.384097, -0.198246, -0.031037, 0.105803, -0.068112, -0.103164, 0.148842, 0.0912301, -0.0031091, -0.558054, -0.0520646, -0.031519, -0.0343946, -0.351088, -0.201203, 0.0409363, -0.236657, -0.330996, -0.535149, -0.588708, -0.656193
1.12, 0.0319375, 1.68196, 1.10595, 1.38435, 0.712598, 1.30645, 1.47961, 1.13672, 1.06239, 1.39251, 1.11706, 0.501756, -0.0201919, 0.157115, 0.11675, 0.545356, -0.0266672, -0.286905, -0.0356344, -0.0247132, 0.156919, 0.316557, -0.353748, -0.220032, 0.0292539, 0.0168765, -0.173274, -0.330038, -0.431864, -0.353958, -0.627224
1.14, 0.0319375, 0.88141, 0.4001, 0.257752, 0.316575, -0.59642, -0.282034, 0.163315, -0.147801, 0.281163, 0.0426584, -0.0224982, 0.0167912, -0.249978, -0.352327, -0.673491, -0.417385, -0.585548, -0.149997, -0.50068, -0.721158, -0.681259, -0.561888, -0.567495, -0.806254, -0.843805, -0.510198, -0.635893, -0.735417, -0.815344, -0.860581
1.16, 0.0319375, 0.271202, 0.512835, 0.244824, -0.700192, 0.0357848, 0.430238, -0.324201, -0.00867501, 0.0271642, -0.439504, -0.743126, -0.622479, -0.952071, -0.745923, -0.599654, -1.05886, -0.810352, -0.808746, -0.645663, -0.813396, -0.793457, -1.00276, -0.87657, -1.0383, -0.996133, -1.10225, -1.14087, -1.07268, -1.25623, -1.18745
1.18, 0.0319376, 2.3337, 3.11912, 2.88319, 2.78384, 2.82909, 1.85754, 1.94601, 2.39511, 2.36283, 2.30167, 1.97993, 1.59821, 0.890036, 1.15436, 0.666979, -0.165732, -0.354434, -0.00779055, 0.398632, 0.726478, 0.313277, 0.0535049, 0.107199, 0.268059, 0.374042, 0.386299, 0.0807318, -0.145278, -0.205087, -0.191664
1.2, 0.0319375, 1.21144, 0.22906, 0.547874, -0.0891167, 0.1892, -0.0464032, -0.277451, 0.266541, 0.527637, 0.307554, -0.410206, -0.601178, -0.202597, -0.350511, -0.584341, -0.681206, -0.935287, -0.53071, -0.478256, -0.875571, -1.39032, -1.10522, -1.14282, -1.14024, -1.14108, -1.54509, -0.920925, -1.03068, -1.57038, -1.51808
1.22, 0.0319375, 0.0578197, 0.286943, -0.0128735, 0.0990719, 0.226972, 0.25632, 0.0181656, 0.0305352, -0.791418, -1.20395, -0.954497, -0.413795, -0.875106, -1.03212, -0.840838, -1.29518, -1.05834, -1.2131, -1.33623, -1.50715, -1.09509, -1.58786, -1.52924, -1.66457, -1.75082, -1.90886, -1.7026, -1.83598, -2.16458, -2.00776
1.24, 0.0319375, 0.141856, -0.664011, -0.935081, -0.0248087, -0.262287, 0.141186, -0.127573, -1.49042, -0.674815, -0.625058, -1.03749, -0.471552, -0.550256, -0.805468, -1.17988, -1.21695, -1.04846, -1.25345, -1.30684, -1.41328, -1.80692, -1.7482, -1.52493, -1.72081, -1.89387, -1.627, -1.82908, -1.73095, -2.04221, -1.92714
1.26, 0.0319375, -0.22759, 0.0464915, -0.319828, -0.829602, -0.36672, -0.153682, -0.205361, 0.164503, -0.142909, -1.12096, -0.857808, -0.729658, -1.17202, -1.27619, -1.21887, -1.05583, -0.808403, -1.42903, -1.10987, -1.178, -1.46317, -1.58445, -1.22047, -1.59095, -1.43739, -1.92086, -1.84877, -1.98969, -2.0854, -2.28554
1.28, 0.0319375, 0.165657, -0.676688, -1.41964, -1.07417, -0.160897, 0.0803399, -0.418318, -0.400991, -0.0919188, -0.209501, -0.58209, -0.428997, -0.614543, -0.714656, -0.165251, -0.517681, -1.03112, -1.16429, -1.01851, -1.07217, -0.814251, -1.51095, -1.63302, -1.56979, -1.62143, -1.81374, -1.75012, -1.80164, -2.2969, -2.16629
1.3, 0.0319376, 0.0145223, -0.134423, 0.00854573, -0.795512, -0.486624, 0.20254, -0.403436, -0.372358, -0.349754, -0.576786, -1.35738, -0.84479, -1.27902, -1.03384, -1.06823, -0.998011, -1.49586, -1.19313, -0.965546, -0.734599, -1.32281, -1.39237, -1.27232, -1.10508, -1.40033, -1.73735, -1.72223, -1.91208, -1.99059, -2.2309
1.32, 0.0319375, -0.001512, -1.04923, -1.18825, -0.547172, -0.164976, -0.193363, -0.498438, 0.0010167, -0.366137, -0.636265, -0.546973, -1.35843, -1.09417, -1.13882, -1.22904, -1.77151, -1.11379, -1.07456, -1.64049, -1.91756, -1.68398, -1.85501, -2.06279, -1.94053, -1.74683, -1.94515, -2.27218, -2.37283, -2.34739, -2.26888
1.34, 0.0319375, 0.244483, -0.644403, -0.635879, -0.206776, 0.35222, 0.0701181, -0.248364, -0.138529, -0.848076, -0.628319, -0.537183, -0.689329, -0.943251, -1.21546, -1.8983, -0.772118, -1.13049, -1.3566, -1.62972, -1.54087, -1.7858, -2.18091, -2.33331, -2.28903, -2.16044, -2.15006, -1.88816, -2.07468, -2.09837, -2.08181
1.36, 0.0319375, 0.409465, -0.622977, -0.861446, -0.0182166, -0.0162286, 0.150555, -0.0153803, 0.293329, -0.408713, -0.339604, -0.536666, -0.824638, -0.530976, -0.338231, -1.0493, -1.1138, -1.83157, -1.05383, -1.36641, -1.31188, -1.71306, -1.68331, -1.83801, -1.89011, -2.00646, -1.97565, -2.06802, -2.24246, -2.08528, -2.56835
1.38, 0.0319375, 0.251671, -0.768307, -1.09478, -0.837889, -0.689331, -0.809296, -1.12947, -0.887217, -0.846645, 0.00929032, -0.642704, -0.667197, -0.899314, -1.12886, -1.2649, -1.16673, -1.07054, -1.30617, -1.97463, -2.08892, -2.09785, -1.74086, -1.48446, -1.87221, -2.06305, -1.85031, -2.0567, -2.03276, -2.48053, -2.49079
1.4, 0.0319375, -0.489092, -0.570494, -0.414165, -0.745853, -0.264844, 0.20891, -0.53679, -0.122976, -0.686328, -0.876733, -0.724731, -0.890167, -1.1031, -1.10014, -1.72145, -1.21487, -0.900763, -1.37152, -1.35574, -1.36974, -1.46329, -1.21189, -1.3993, -1.73347, -1.88155, -1.89394, -1.96245, -2.26833, -2.31633, -2.09604
1.42, 0.0319376, 0.053826, 0.000225042, 0.0937361, -0.337492, 0.638104, -0.11139, -0.122401, -0.347484, -0.94745, -1.28484, -1.06704, -0.640179, -1.33754, -0.979221, -0.940625, -1.40195, -1.4883, -1.43948, -1.36214, -1.84443, -1.80923, -1.58088, -1.51811, -1.91866, -1.91115, -1.83918, -1.70899, -1.95354, -2.29464, -2.24492
1.44, 0.0319375, 0.131227, 0.044169, 0.189522, -0.709648, 0.477469, -0.11613, -0.362752, -0.276852, -0.530605, -0.720564, -0.883449, -1.10211, -1.58149, -1.38166, -1.17392, -1.51891, -1.06415, -1.28828, -1.55053, -1.7752, -1.86094, -1.88744, -1.80473, -1.62283, -1.65264, -1.8491, -1.7459, -2.09677, -1.72577, -1.94271
1.46, 0.0319375, 0.330462, -0.512214, -0.787935, -0.897411, -0.140728, -0.353692, -0.735799, -0.274582, -0.540567, -0.776427, -0.595151, -1.18084, -1.19044, -0.99437, -1.07589, -1.28686, -1.68862, -1.87129, -1.57827, -1.22193, -1.50309, -1.85265, -2.08558, -2.30775, -2.03807, -1.94957, -1.82396, -2.35409, -2.18819, -2.48665
1.48, 0.0319375, 0.0824442, -0.809917, -0.30012, 0.0202015, -0.357556, -0.29663, 0.0997481, -0.350652, -0.611883, -0.670979, -0.602853, -0.706608, -0.596157, -0.971331, -1.54853, -1.49809, -1.85914, -1.39009, -1.82844, -1.54369, -1.61999, -1.66153, -1.85536, -1.94377, -2.39957, -2.32886, -1.81561, -1.55989, -2.08987, -1.96449
1.5, 0.0319375, -0.111141, -0.819497, -1.49433, 0.0136382, -0.0195593, -0.779276, -0.508767, -0.569255, -0.470209, -0.354117, -0.848544, -0.479286, -0.736217, -0.692405, -1.08266, -0.768863, -0.872999, -1.27453, -1.05852, -1.60415, -1.31253, -1.6095, -1.08592, -1.28569, -1.1782, -1.39255, -1.19467, -1.30061, -1.0189, -0.863864
1.52, 0.0319375, -0.545096, -0.526355, -0.158964, -0.193622, -0.420607, -0.0253096, -0.735898, -0.912178, -0.686046, -0.810969, -0.30205, -0.287346, -0.630369, -0.730366, -1.11459, -0.907985, -1.08201, -1.06722, -1.47405, -1.00639, -1.3262, -1.22434, -0.933715, -0.956977, -1.0742, -1.21162, -1.0333, -0.799183, -0.993071, -0.557522
1.54, 0.0319375, -0.751131, -0.252225, -0.095028, -0.283475, 0.137619, -0.538037, -0.58159, -0.541509, -0.143901, -0.584587, -0.79147, -1.45929, -0.519734, -0.793463, -1.0445, -1.01445, -1.10754, -0.750755, -0.812904, -0.923725, -1.40083, -1.0997, -0.886298, -1.13237, -1.0653, -1.44262, -1.08474, -1.01932, -1.41461, -1.03948
1.56, 0.0319376, -0.119241, -0.785244, -0.267544, 0.263432, 0.235415, -0.355334, -0.23327, -0.154732, -0.401625, -0.307353, -1.07117, -0.960368, -1.36293, -0.371207, -0.609211, -0.680641, -0.748846, -1.07655, -1.4298, -1.18486, -1.44919, -1.74105, -1.1615, -1.12182, -1.07271, -0.986327, -1.10958, -1.06605, -1.68888, -1.25525
1.58, 0.0319375, -1.25976, -0.565373, -0.124168, -0.411295, 0.336215, 0.15516, -0.587076, -0.682356, -1.17088, -0.671143, -0.215946, -0.856902, -0.639485, -0.298207, -0.718804, -0.682023, -0.480687, -0.380901, -0.578327, -0.770895, -1.10394, -1.48875, -1.12952, -1.11802, -0.895668, -1.10083, -1.57152, -1.21519, -1.64599, -1.1923
1.6, 0.0319375, 0.0343577, -0.416044, 0.175718, 0.136429, -0.231461, -0.330815, -0.136977, -0.344506, -0.386091, -0.424809, -0.640014, -0.850764, -0.837408, -0.727374, -0.992841, -1.25989, -1.22203, -1.49525, -1.2126, -1.30295, -1.30529, -1.3893, -1.62779, -1.65614, -1.35699, -1.14699, -1.21284, -1.46017, -1.22745, -1.42018
1.62, 0.0319375, 0.205654, -0.721481, -0.55275, -0.467904, -0.0120534, 0.0586142, -0.835047, -0.200355, -0.737428, -1.31117, -0.776349, -0.465953, -0.5251, -0.844216, -0.969581, -0.778605, -1.13985, -1.37878, -1.2828, -1.2476, -1.43297, -1.56543, -1.52888, -1.45335, -0.889751, -1.08747, -1.34897, -1.29922, -1.46627, -1.25078
1.64, 0.0319375, 0.331963, -0.841662, -0.742413, -0.720841, 0.535626, 0.564541, -0.239179, -0.116362, -0.361401, -0.703537, -0.70103, -0.70463, -1.02171, -0.358977, -1.40009, -1.10558, -0.676888, -0.763885, -1.02199, -0.876866, -1.06904, -1.00881, -1.0849, -1.09823, -1.2371, -1.09362, -1.00365, -1.34291, -1.06925, -1.331
1.66, 0.0319375, 0.121884, 0.0614702, -0.214982, 0.0314513, 0.199911, -0.314623, -0.956494, -0.37002, -0.707279, -1.07854, -0.909732, -0.797435, -0.646335, -0.488402, -0.565086, -1.04696, -1.32613, -0.870536, -0.764599, -1.04696, -1.31622, -1.36969, -1.35347, -1.22819, -1.3046, -0.959684, -0.978447, -0.872478, -0.834872, -0.740612
1.68, 0.0319376, 0.0460949, 0.00642982, -0.583631, -0.388375, -0.651675, -0.258428, -0.626232, -0.0366922, -0.527326, -0.239039, -0.455492, -0.454816, -0.548239, -0.459824, -1.15243, -0.691764, -0.494294, -0.653302, -1.12501, -1.28481, -0.79692, -0.686159, -0.757429, -0.976337, -1.11098, -1.01114, -1.03723, -0.963288, -0.853404, -0.744681
1.7, 0.0319375, 0.799514, -0.0315566, 0.228028, 0.0112617, -0.337096, 0.137021, -0.025881, -0.0338667, -0.0554786, -0.532224, -0.911285, -0.151014, 0.169792, -0.371563, -0.178316, -0.625855, -0.545132, -0.460159, -0.610654, -0.571685, -0.580082, -0.428551, -0.596657, -0.56688, -0.557635, -0.581702, -0.88733, -0.871323, -0.669762, -0.324518
1.72, 0.0319375, -0.114155, -0.221636, -0.0418879, 0.149184, 0.0578615, -0.0153325, 0.0658129, -0.206332, 0.0602713, -0.425809, -0.422497, -0.501883, -0.76794, -0.750286, -0.0381067, -0.0397518, 0.14353, -0.0436694, -0.397343, -0.471247, -0.634225, -0.53729, -0.677374, -0.715102, -0.657966, -0.777488, -0.589624, -0.431153, -0.536955, -0.495597
1.74, 0.0319375, 0.595427, 0.415172, 0.604959, -0.491103, -0.178796, 0.267096, 0.618651, 0.665907, 0.823883, -0.293808, 0.0865861, 0.587094, 0.652856, 0.471006, 0.740118, 0.728907, 0.442333, 0.386184, 0.171482, 0.392098, 0.104735, 0.0292966, 0.14661, -0.140589, -0.539985, -0.223821, -0.00683438, -0.0284668, 0.0787449, -0.19578
1.76, 0.0319375, 1.25334, -0.104263, -0.510335, 0.609844, 1.16081, 0.591155, 0.497504, 0.810902, 0.582694, 1.03451, 0.815089, 0.810053, 0.760899, 0.686114, 0.914966, 0.586326, 0.760891, 0.766137, 0.507196, 0.591686, 0.271566, 0.242647, 0.555337, 0.203232, -0.0178929, 0.092006, -0.000191647, 0.16113, -0.244608, -0.176348
1.78, 0.0319375, 2.31378, 2.6757, 2.74469, 2.44931, 2.87024, 2.81034, 2.55358, 2.25518, 1.08341, 1.3394, 1.62185, 0.833367, 1.28821, 1.35892, 0.786432, 0.531376, 0.55835, 0.715506, 0.918197, 0.502222, 0.185103, 0.368763, 0.635878, 0.371862, 0.0589592, -0.172794, -0.0294532, -0.211378, 0.129513, 0.317548
1.8, 0.0319376, 0.635293, 0.441034, 0.246195, 0.0488341, 0.558438, 0.0879882, 0.393876, 0.554358, 0.752798, 0.41904, 0.167165, -0.0182354, 0.745461, 0.331473, -0.0953412, 0.201683, 0.161104, -0.292625, -0.0393117, 0.286711, -0.211257, -0.296471, -0.573258, -0.227632, -0.256563, -0.147816, -0.132793, 0.0940478, -0.232191, -0.148872
1.82, 0.0319375, 0.757289, 1.85242, 1.64517, 0.519437, 0.451538, 0.287488, 0.281843, 1.03376, 0.919144, 0.920059, 1.04303, 0.791913, 0.632601, 0.0154896, 0.314254, 0.412254, 0.576349, 0.233988, 0.367769, 0.142499, -0.0539307, -0.312987, 0.161277, 0.251649, -0.13423, -0.463046, -0.283409, -0.158885, -0.20818, -0.33476
1.84, 0.0319375, 1.66094, 1.24717, 0.261903, 0.279227, 0.626422, 0.68244, 0.0436359, 0.174676, 0.276805, -0.0606161, -0.25782, -0.111643, -0.195262, 0.203186, -0.138453, -0.291553, -0.0966569, -0.0762176, -0.219174, -0.391736, -0.342591, -0.349335, -0.213565, -0.501344, -0.113255, -0.356572, -0.288472, -0.547915, -0.400618, -0.488162
1.86, 0.0319375, 1.76034, 2.02194, 1.02137, 0.367939, 0.667226, 0.333893, 0.739263, 0.525798, 0.242223, 0.210546, -0.185072, -0.560028, 0.0413119, -0.133046, -0.184066, -0.810301, -0.367592, -0.730713, -0.818442, -0.312651, -0.623059, -1.00851, -0.902502, -1.01064, -0.814098, -0.949652, -0.770537, -0.788763, -0.776719, -0.982619
1.88, 0.0319375, -0.00769108, -0.146678, 0.171289, 0.241557, -0.538718, -0.0311845, 0.191897, -0.0993525, -0.042331, -0.590449, -0.714553, -0.619866, -0.37483, -0.0492196, -0.179319, -0.397016, -0.365572, -0.523712, -0.48531, -0.971535, -0.801985, -1.14877, -1.2643, -0.982557, -1.18833, -1.12071, -1.19779, -1.1441, -0.828293, -0.607061
1.9, 0.0319375, -0.2489, 0.0322897, -0.0921576, -0.317142, -0.400466, -0.361785, -0.0180167, 0.0492561, -0.502852, -0.158427, -0.488766, -0.769855, -0.606997, -0.761583, -0.60822, -0.845919, -0.77671, -0.971434, -0.975716, -1.10774, -1.17789, -1.07384, -1.07769, -0.9105, -0.959159, -0.94826, -1.27875, -1.12449, -1.2672, -1.16736
1.92, 0.0319376, -0.605803, -0.859463, -0.162696, -0.196673, -0.953393, -0.300125, -0.28724, -0.189314, -0.295376, 0.189319, -0.30072, -0.419611, -0.377611, -0.575908, -0.754249, -0.557077, -0.913821, -1.29407, -1.01221, -0.931722, -1.14104, -1.07891, -0.817125, -0.998905, -1.51962, -1.10093, -1.21738, -1.44976, -1.63913, -1.37563
1.94, 0.0319375, 0.341497, 0.33143, -0.318814, -0.811609, -0.0752343, -0.2689, -0.12839, 0.683682, -0.461558, -0.847631, -0.314131, -0.351011, -0.58875, -0.696255, -0.644519, -0.540246, -0.624098, -0.804439, -0.937564, -1.20786, -1.21626, -1.33725, -1.32518, -1.52025, -1.5225, -1.17143, -1.54213, -1.35979, -1.7659, -1.8077
1.96, 0.0319375, 0.227142, 0.603046, 0.624565, 0.17657, 0.740569, 0.568608, 0.368786, 0.260948, 0.340506, -0.249761, -0.710288, -0.823937, -0.273242, -0.28532, -0.784094, -0.101223, -0.147498, -0.180516, -0.436333, -0.938246, -1.09046, -1.61081, -1.68811, -1.35198, -1.22562, -1.50207, -1.69125, -1.69162, -1.80907, -1.84164
1.98, 0.0319376, 1.26428, 2.36751, 2.22509, 1.57944, 1.89674, 1.94102, 1.34848, 1.49683, 1.49091, 1.11035, 0.953826, 0.106317, -0.0167257, -0.0643129, 0.0806395, 0.448729, 0.220124, -0.103829, -0.0771053, -0.0998923, -0.347617, -0.558465, -1.00464, -0.353848, -0.532465, -0.270973, -0.098553, -0.100097, -0.634403, -0.562493
2, 0.0319376, -0.0871964, -0.256108, -0.308903, -0.498476, -0.537413, -0.589947, -0.411701, -0.335355, -0.917585, -1.31236, -0.444747, -0.47624, -0.617779, -0.97621, -0.520334, -0.493638, -1.34836, -0.830144, -1.2399, -1.53216, -1.41984, -1.21787, -1.3124, -1.36084, -1.67695, -1.5767, -1.76327, -1.53699, -1.73496, -1.87334
2.02, 0.0319376, 0.0565981, -0.541175, -0.564547, -0.87677, 0.146755, 0.33906, -0.530306, -0.160644, 0.664338, 0.471021, 0.523054, -0.369338, -1.1086, -0.780248, -0.972865, -1.38689, -1.18132, -1.24911, -1.59502, -1.91186, -1.83387, -1.75774, -1.57356, -1.58703, -1.95127, -1.55535, -2.05733, -2.05575, -2.04941, -2.17485
2.04, 0.0319376, -0.62664, -0.493492, -0.937652, -1.03642, -0.16388, 0.111894, -0.270954, 0.0367971, 0.179283, -0.214894, -0.8646, -0.662007, -0.649037, -0.686483, -0.893441, -1.1733, -1.6429, -1.38594, -1.41657, -1.25132, -1.40522, -1.70534, -1.80926, -1.72863, -1.876, -2.0588, -2.12951, -1.98195, -2.07515, -2.11653
2.06, 0.0319376, -0.529859, -0.472681, 0.0428519, -0.245919, -0.317033, -0.270669, -0.433972, -1.30039, -0.188933, -0.135947, -0.754646, -0.669314, -0.901878, -0.881766, -0.755212, -1.13831, -1.51201, -1.53706, -1.41018, -1.46836, -1.50737, -1.28237, -1.4909, -1.74017, -1.86055, -1.67101, -1.92108, -1.60509, -2.06047, -2.39581
2.08, 0.0319376, 0.280016, -0.683497, 0.197523, -0.199869, 0.165112, 0.0562645, -0.486018, -1.18024, -0.78545, 0.179195, -0.848918, -0.903907, -0.612929, -0.441108, -0.743191, -1.30312, -1.22675, -1.68906, -1.82036, -1.84315, -1.64492, -1.72595, -1.94253, -2.08393, -1.91275, -2.13875, -2.16931, -2.1609, -2.29576, -2.24389
2.1, 0.0319376, -0.274959, -0.471549, -0.444552, -0.342546, 0.44461, 0.0522792, -0.524155, -0.368294, -0.757796, -0.731891, -1.3251, -0.906839, -0.603193, -0.95281, -0.925846, -1.21402, -1.85599, -1.67992, -1.74876, -1.70468, -1.61011, -1.59131, -1.78185, -2.18168, -1.96515, -2.01198, -2.30605, -2.29279, -2.38454, -2.49661
2.12, 0.0319376, -0.455534, -0.84289, -0.644854, -0.151523, -0.574837, -0.551916, -0.102071, 0.427438, 0.220215, -1.0836, -1.40749, -0.944016, -1.22004, -0.765347, -0.991248, -1.63787, -1.39152, -1.70402, -1.44679, -1.50338, -2.00423, -2.07598, -1.70576, -1.76615, -1.87906, -1.80541, -2.3619, -2.04807, -2.12425, -1.99828
2.14, 0.0319374, 0.589356, 0.113628, -0.232707, -0.0270511, -0.181405, -0.220403, -0.560956, -0.317829, -0.297588, -0.499019, -1.10426, -0.698609, -0.824587, -0.636058, -0.522208, -1.04509, -1.29149, -1.79497, -1.78514, -1.64769, -1.73419, -1.83253, -1.9703, -2.16822, -1.96069, -2.04563, -1.94898, -1.96408, -2.27003, -2.11373
2.16, 0.0319374, 0.161486, 0.213966, -0.158624, 0.14616, 0.0476819, 0.144284, -0.92287, 0.0970196, -0.223128, -0.695242, -1.09723, -0.920514, -0.849214, -0.614797, -1.30605, -1.47975, -1.42833, -1.72888, -1.12105, -1.55976, -1.69211, -1.79278, -1.67487, -1.6362, -1.62365, -1.90651, -1.72416, -1.67957, -1.82963, -1.6518
2.18, 0.0319374, 0.317925, -0.353971, -0.938094, -0.451724, -1.02219, -0.503088, -0.285056, -0.738262, -0.698423, -0.602494, -0.59255, -0.834817, -0.89022, -0.767236, -1.13646, -1.17972, -1.48936, -1.13818, -1.68456, -1.62247, -1.61795, -1.6428, -1.90747, -1.9105, -1.8033, -1.39612, -1.64178, -1.58883, -1.94346, -2.08147
2.2, 0.0319374, -0.369804, -0.628411, -0.588726, -0.68266, -0.285551, -0.177358, -0.291101, -0.965431, -0.498284, -0.69778, -0.700275, -0.937532, -0.906909, -0.586457, -0.821613, -1.6439, -1.73097, -1.29003, -1.39041, -1.75715, -2.06769, -2.26707, -2.26269, -2.01185, -2.35646, -2.05368, -2.40745, -2.17707, -2.15913, -2.21245
2.22, 0.0319374, -0.331783, -0.52482, -0.620456, -0.658461, -0.426495, -0.441013, -0.781311, -0.756193, -1.01174, -1.14186, -1.48592, -1.42622, -0.807516, -1.22236, -1.56681, -0.808959, -1.24903, -1.31215, -1.70436, -1.93283, -2.02576, -1.87568, -1.66489, -1.95051, -2.1775, -2.18311, -2.30054, -2.36963, -2.62699, -2.43247
2.24, 0.0319376, -1.15968, -0.48633, 0.318249, 0.484643, -0.149557, -0.204526, 0.367867, -0.0877345, -0.566921, -0.731397, -0.648977, -0.496976, -0.908284, -1.19242, -1.49735, -1.20237, -1.82992, -1.7735, -2.10862, -1.81586, -1.9931, -1.90457, -2.0504, -2.2731, -2.13818, -1.82357, -2.22682, -2.43269, -2.51859, -2.622
2.26, 0.0319376, -0.714454, -0.610084, 0.0889704, -0.381928, -0.909508, -0.17338, -0.975219, -0.890919, -0.718324, -0.540333, -1.53232, -1.00466, -1.04599, -0.861529, -1.47024, -1.40816, -1.20761, -1.35977, -1.57684, -1.86962, -1.94131, -1.90157, -1.6015, -1.98552, -2.00698, -2.06462, -2.17468, -1.85432, -2.26092, -2.26877
2.28, 0.0319376, -0.282865, -1.14501, -1.09937, -0.161801, -0.705814, -0.172747, -0.296631, -1.00867, -0.0276864, -0.114029, -0.781433, -1.51076, -1.35266, -1.168, -0.814879, -1.18861, -1.44713, -1.7162, -1.47143, -1.79009, -1.90388, -2.11536, -2.12249, -2.04718, -2.24002, -1.93087, -2.01825, -2.08779, -2.40858, -1.92454
2.3, 0.0319376, -0.578165, -0.222836, -0.128636, -0.606494, -0.964441, -0.179833, -0.623206, -0.768678, -0.823249, -0.515168, -0.702449, -1.06869, -0.866238, -1.25048, -1.4035, -1.46685, -1.40548, -1.20674, -1.82519, -1.85478, -1.94388, -2.04249, -2.11746, -1.83017, -2.10037, -2.14759, -1.87859, -1.955, -1.92536, -2.36173
2.32, 0.0319376, -0.0920246, -0.445469, -0.609182, -0.693194, -0.0376381, -0.779076, -0.803474, -0.681464, -0.925783, -0.23458, -1.13886, -0.794594, -0.333461, -0.732944, -1.05568, -0.933622, -1.32328, -1.50315, -1.71465, -1.54877, -1.7129, -1.84851, -1.80269, -1.73594, -2.18978, -2.46091, -2.47769, -2.49364, -2.46802, -2.53316
2.34, 0.0319376, 0.000728461, 0.123948, 0.159889, 0.628294, -0.0855774, -1.36332, -0.320491, -0.3415, -0.27345, -0.940084, -0.847169, -0.72429, -0.456075, -0.98817, -1.08781, -1.05822, -1.29888, -1.64597, -1.77143, -1.86982, -1.98936, -1.63661, -1.92333, -2.51111, -2.27792, -2.27908, -2.02167, -2.22896, -2.53014, -2.66922
2.36, 0.0319376, -0.6353, -0.807129, -0.508731, -0.927096, -0.561943, -0.225984, -0.0672719, -0.409802, -0.461153, -0.823496, -0.585072, -0.915918, -0.852362, -1.20677, -1.61908, -1.22753, -1.15922, -1.36227, -1.37549, -1.64223, -2.13445, -2.02981, -1.89086, -1.75197, -2.25324, -2.60923, -2.46048, -2.10232, -2.4126, -2.28372
2.38, 0.0319374, -0.265757, 0.22518, -0.0841546, 0.143062, 0.0721073, 0.0827289, -0.328691, -0.229303, -0.773153, -0.441526, -1.27002, -1.2484, -0.457322, -0.954761, -1.58663, -1.97204, -1.77616, -1.61389, -1.28192, -1.42934, -2.1571, -1.99139, -1.84119, -1.86814, -2.0568, -1.80684, -2.02643, -2.29584, -2.12865, -2.32054
2.4, 0.0319374, 1.7872, 2.2142, 2.58979, 2.63185, 2.75328, 2.62913, 2.56735, 2.50627, 2.26457, 1.58609, 0.792545, 0.965834, 0.837987, 0.881942, 0.359147, 0.155406, -0.0478604, 0.19498, -0.280002, -0.331309, -0.318687, -0.457797, -0.640219, -0.750629, -1.06037, -0.996245, -1.17109, -1.23384, -0.716062, -0.893419
2.42, 0.0319374, 2.05679, 2.05957, 1.16028, -0.0195226, 0.269097, 0.16105, 0.149823, 0.79613, 0.305767, 0.43575, -0.366302, -0.256441, -0.0394524, -0.660198, -0.522751, -0.399781, -0.789987, -0.935031, -1.02939, -1.23861, -0.924153, -1.3591, -1.53989, -1.51461, -1.18683, -1.48397, -1.30359, -1.54873, -1.60444, -1.59034
2.44, 0.0319374, -0.374022, -0.288961, -0.354804, -0.403844, -0.0867893, -0.566412, -0.526764, -0.631392, -0.309053, -0.0971202, 0.12484, -0.370601, -0.582554, -0.5457, -0.615727, -0.649137, -0.862706, -1.40538, -1.56024, -1.58172, -1.78118, -1.38603, -1.3305, -1.2442, -1.52712, -1.69571, -1.40008, -1.48965, -1.5503, -1.52097
2.46, 0.0319374, 1.30782, 0.876353, 0.224289, -0.581538, -0.432687, -0.156033, -1.16923, -0.183659, 0.0313256, -0.438879, -0.831472, -0.196733, -0.29149, -0.0296609, -0.48527, -0.543262, -0.411217, -0.554331, -0.76873, -0.624615, -0.561163, -1.09327, -1.12852, -1.12439, -0.910831, -1.10525, -1.02799, -1.21779, -1.09826, -0.78462
2.48, 0.0319376, 0.664675, -0.216005, -0.508456, 0.0581478, -0.0484369, 0.195022, -0.231798, -0.174808, -0.0358925, -0.173625, 0.126769, 0.238902, 0.067817, -0.231972, -0.319446, -0.446599, -0.32087, -0.638579, -0.743877, -0.485407, -0.819046, -1.02445, -0.957283, -0.737235, -0.545262, -0.757748, -0.818992, -0.878064, -1.18644, -0.637529
2.5, 0.0319376, 0.0686062, 0.326959, 0.302158, 0.443762, 0.715811, 0.880749, 0.819954, 0.614722, 0.650003, 0.986019, 0.779792, 1.14776, 0.67492, 0.685936, 0.568186, 0.228714, 0.525774, 0.101326, 0.282946, 0.392069, 0.0839222, -0.0980178, -0.1365, -0.132066, 0.017857, -0.124379, -0.196789, -0.127073, -0.0331513, -0.454714
2.52, 0.0319376, 0.347146, 0.741905, 0.805371, -0.131916, 0.516569, 0.944669, 1.04643, 0.312368, 1.23541, 0.708521, 0.793024, 1.2348, 0.761356, 0.511425, 0.676196, 0.723884, 0.662641, 0.654078, 0.715043, 0.876687, 0.633731, 0.256233, 0.491375, 0.295829, 0.328073, 0.558282, 0.383271, 0.0634414, 0.550299, 0.527157
2.54, 0.0319376, 0.028569, 0.562945, 0.106943, -0.498024, 0.652128, 1.21843, 1.13022, 0.846769, 0.682052, 0.469665, 0.422721, 0.842578, 0.867557, 1.05124, 1.00823, 1.27178, 0.730698, 0.79612, 0.795537, 0.53061, 0.66914, 0.794627, 0.479443, 0.349126, 0.0623084, -0.0414301, 0.042329, 0.245636, 0.163862, 0.422635
2.56, 0.0319376, 1.18639, 0.713378, 1.04524, 0.981746, 0.84595, 0.68331, 0.640414, 1.12384, 1.23636, 0.675385, 0.655402, 0.903545, 0.843896, 0.720016, 0.773413, 0.746832, 0.912823, 0.55271, 0.803381, 0.435962, 0.550789, 0.450042, 0.372741, 0.185245, 0.438713, 0.373248, 0.356198, 0.0281846, 0.204616, -0.129461
2.58, 0.0319376, 0.610153, 0.488491, 0.717824, 1.04457, 0.390045, 0.852642, 0.581083, 0.320022, 0.493231, 0.481184, 0.597351, 0.775512, 0.916157, 0.68462, 0.801691, 0.527044, 0.888361, 0.746162, 0.928631, 0.484794, 0.49745, 0.206574, 0.281595, -0.195162, -0.103498, 0.0543263, -0.105055, -0.19034, -0.136256, -0.482667
2.6, 0.0319376, 0.545668, 0.35019, 0.6078, 0.215338, -0.130424, 0.558256, 0.711216, 0.664274, 0.239102, 0.126264, -0.571011, -0.7074, -0.386623, -0.0806461, 0.228439, -0.112987, 0.244229, 0.698656, 0.436106, 0.265506, 0.55146, 0.39522, 0.153781, 0.0258074, -0.101358, 0.0285047, -0.193826, -0.227574, -0.233555, -0.4556
2.62, 0.0319376, 0.590338, -0.157999, 0.525266, 0.274664, 0.417796, 0.855591, 1.39078, 1.39273, 1.51441, 1.30926, 1.02055, 0.351963, 0.146274, -0.0010663, 0.0731793, 0.262353, -0.0245783, -0.153533, -0.0415424, -0.292096, -0.183621, -0.223212, -0.262178, -0.495191, -0.562405, -0.53872, -0.152964, -0.231414, -0.132032, -0.30574
2.64, 0.0319374, 2.08009, 1.94039, 1.26299, 0.945307, 0.849394, 1.2834, 1.32304, 1.32828, 1.2317, 1.50701, 0.775667, 0.542529, 0.471521, 0.309388, -0.0657943, -0.225895, -0.0596007, -0.277942, 0.220373, -0.271526, -0.447093, -0.644271, -0.518568, -0.411589, -0.27972, -0.206885, -1.05126, -0.429979, -0.344004, -0.263378
2.66, 0.0319374, 0.591016, 0.347346, -0.581413, -0.162512, 0.353332, -0.415667, -1.13486, -0.423899, 0.36263, -0.147437, -0.275344, -0.541813, 0.0577232, -0.34513, -0.572581, -0.460252, -0.622192, -0.0251915, -0.825104, -1.11669, -1.2904, -0.963976, -0.839689, -1.05275, -1.01386, -1.14338, -1.18714, -1.09247, -1.20801, -0.970906
2.68, 0.0319374, -1.21056, -0.959531, -1.02447, -0.14151, -0.241836, -0.416852, -0.729076, 0.0647719, -0.0474759, -0.993888, -0.886011, -0.419164, -0.197301, -0.677018, -0.704252, -0.867978, -0.667792, -0.904083, -0.764917, -0.661403, -0.911616, -0.670837, -0.79225, -0.782481, -1.11713, -1.31691, -1.11245, -1.06008, -1.10174, -1.09599
2.7, 0.0319374, 0.0262476, -0.547134, -0.443554, -0.516535, -0.406516, 0.0770913, -0.2759, 0.198659, 0.0324382, -0.282516, -0.408691, -0.686383, -0.551824, -0.630845, -0.838395, -1.02228, -1.12587, -0.755142, -0.643875, -1.41268, -1.12917, -1.19905, -1.10433, -1.56818, -1.65866, -1.8554, -1.7943, -1.76373, -1.87507, -1.39211
2.72, 0.0319374, 0.317471, 0.229751, -0.381089, -0.0812698, -0.246046, 0.030393, -0.449906, -0.276397, 0.182235, -0.129675, -0.811142, -0.579874, -0.451703, -0.706702, -0.830252, -0.854219, -0.896314, -0.951781, -0.985372, -1.08893, -1.46864, -1.29003, -1.0836, -1.05406, -1.3505, -1.18815, -1.45576, -1.23167, -1.67401, -1.8826
2.74, 0.0319376, 0.0616164, -0.21057, -0.414957, -0.0847013, 0.372557, -0.324147, -0.533296, -0.477292, -0.501643, -0.530984, -0.543634, -0.633277, -0.783556, -0.826709, -0.953534, -0.993741, -1.50359, -0.845825, -0.815698, -1.67455, -1.14413, -1.24373, -1.17661, -1.15, -1.47542, -1.60878, -1.8822, -1.70418, -2.03236, -1.98499
2.76, 0.0319376, -0.151463, -0.656359, -0.36773, -1.32267, -0.446255, -0.383476, -0.397595, 0.0736602, -0.497116, -0.581484, -0.63659, -0.529152, -0.822071, -0.886693, -1.01517, -1.33549, -1.16847, -1.18456, -1.27096, -1.01472, -1.21561, -1.51514, -1.25068, -1.31573, -1.52606, -1.21769, -1.44778, -1.30744, -1.44681, -1.8043
2.78, 0.0319376, 0.384255, 0.275345, -0.821173, -0.658818, -0.299753, 0.249857, -0.112559, -0.478763, -0.740562, -1.10364, -1.29268, -0.816525, -0.51921, -1.23752, -1.18823, -1.36427, -0.699519, -1.34741, -1.12732, -1.26761, -1.70573, -1.5762, -1.54581, -1.26068, -1.3319, -1.50162, -1.60493, -1.49453, -1.77646, -1.8716
2.8, 0.0319376, -0.50382, -0.201918, -0.735908, -0.699169, -0.227797, -0.285239, -0.725028, -0.095911, -0.168957, -0.599542, -0.751092, -0.587427, -0.838347, -1.26957, -1.1449, -1.14164, -1.39448, -1.54657, -1.68061, -1.41163, -1.65899, -1.73499, -1.77533, -2.04141, -1.71469, -1.73631, -2.18598, -2.08103, -2.21104, -2.15011
2.82, 0.0319376, 2.05203, 2.49674, 2.45396, 2.30027, 2.28763, 2.00687, 1.73463, 1.73433, 0.967136, 0.388606, 0.234299, 0.498159, 0.960916, 0.952171, 0.317432, 0.308329, 0.535416, 0.110501, 0.346214, 0.101497, -0.227375, -0.0858401, -0.373835, 0.165051, -0.151476, -0.377805, -0.50511, -0.811815, -0.698481, -0.616412
2.84, 0.0319376, 1.07403, 1.78071, 1.63835, 0.954497, 0.925643, 0.0933933, -0.240315, 0.2389, 0.297957, 0.096905, -0.0951449, 0.0468428, -0.431757, 0.00280499, 0.0320679, -0.40984, -0.396674, -0.397755, -0.610159, -0.503184, -0.605765, -0.400572, -0.426516, -0.685762, -0.643439, -0.832995, -0.898866, -0.843266, -0.684776, -0.871381
2.86, 0.0319376, 0.710551, 1.0331, 0.350387, -0.228473, -0.271755, -0.224129, -0.11823, -0.531019, -0.324746, -0.571265, -0.841979, -0.921101, -0.772068, -0.621081, -1.06555, -1.32127, -0.99431, -1.15581, -1.08552, -1.59619, -1.44628, -1.60821, -1.89918, -1.86589, -1.83252, -1.74866, -1.72582, -1.81354, -1.75758, -1.58467
2.88, 0.0319374, -0.172665, -0.0441285, -0.451104, 0.158173, -0.57329, -0.350327, -0.0467722, -0.14431, -0.527524, -0.475504, -0.711222, -1.26981, -0.88649, -0.815495, -0.838412, -1.60469, -1.32156, -1.44617, -1.22236, -1.55423, -1.64649, -1.73897, -1.92364, -1.87991, -1.98983, -2.14429, -2.11681, -1.74629, -2.11736, -2.17068
2.9, 0.0319374, -0.630993, -0.192348, -0.450254, -0.429357, -0.56047, -0.440219, -0.399781, -0.471676, -0.478376, -0.478507, -0.883452, -1.0026, -1.042, -0.915148, -0.831377, -1.34894, -1.43665, -1.15163, -1.39853, -1.11811, -1.43235, -1.18856, -1.32596, -1.44077, -1.62837, -1.86816, -1.99087, -2.42371, -2.0634, -1.95007
2.92, 0.0319374, 0.264522, -0.644541, -0.679504, -0.750966, 0.0108205, -0.158099, -0.283744, 0.04105, -0.337811, -1.0042, -0.842651, -1.07674, -1.07007, -0.885877, -1.24663, -1.18083, -1.14804, -1.22775, -0.929021, -1.21371, -1.53729, -1.68023, -1.33092, -1.81235, -1.96093, -1.76012, -1.90243, -1.67481, -1.9803, -2.10512
2.94, 0.0319374, -0.849886, -1.38017, -1.15821, -0.981578, -0.0568004, -0.506708, -0.18253, -0.0436917, -0.230231, -0.748958, -0.805349, -0.369577, -0.756167, -1.78695, -1.07418, -0.819736, -1.07211, -1.19914, -1.13463, -1.59003, -1.70984, -1.80501, -1.27799, -1.567, -2.00099, -1.93688, -1.17066, -1.36017, -1.83216, -1.90596
2.96, 0.0319374, 0.326261, -0.447351, -0.342331, -0.787141, 0.256856, 0.351352, -0.490924, -0.721542, -0.587075, -1.23742, -0.671941, -0.47887, -0.669646, -1.26983, -0.823821, -0.630659, -1.09568, -1.63564, -1.07753, -1.32118, -1.25913, -1.64564, -1.94916, -1.70307, -1.69932, -1.92281, -1.80931, -1.72265, -1.62201, -1.65914
2.98, 0.0319376, -0.00144753, -0.149212, -0.537218, 0.0712094, 0.207286, 0.000319072, -0.418505, -0.6768, -0.422703, -0.408135, -0.838797, -1.06974, -1.01732, -0.62108, -0.710349, -0.591355, -1.26016, -1.03415, -0.91561, -1.25325, -1.22196, -1.95547, -1.60246, -1.54791, -1.45573, -1.77811, -1.56145, -1.44698, -1.41964, -1.50804
3, 0.0319376, -0.321265, -0.745387, -0.191829, -0.400155, -0.00904225, 0.0516169, -0.33854, -0.132906, -0.457667, -0.568897, -0.744449, -0.81644, -0.957946, -0.82675, -0.984981, -0.844686, -1.40656, -1.28972, -1.19319, -1.39669, -1.60492, -1.53088, -1.37267, -1.41542, -1.66559, -1.60967, -1.61654, -1.6041, -1.31306, -1.46727
3.02, 0.0319376, 0.083786, -0.231869, -0.946715, -0.626678, -0.293638, 0.119821, -0.39798, -0.893797, -0.809522, -0.789087, -0.737848, -0.817061, -0.708828, -1.24258, -1.47103, -0.712197, -0.676571, -0.784368, -0.872208, -1.0698, -1.66315, -1.45541, -1.42738, -1.89999, -1.23224, -1.16194, -1.33813, -1.37985, -1.58594, -1.50356
3.04, 0.0319376, -0.20322, -0.820025, -0.190134, -0.848858, -0.655594, -0.544923, -1.13042, -0.498237, -0.673802, -0.801931, -1.1647, -0.767665, -0.635564, -0.784003, -1.05332, -1.29055, -1.29546, -0.956091, -0.832497, -1.43576, -1.40415, -1.20606, -1.33792, -1.55326, -1.30009, -1.73481, -1.38988, -1.4727, -1.59367, -1.56799
3.06, 0.0319376, -0.159312, -0.615157, -0.3527, -0.206977, -0.372585, -0.404748, -0.281125, -0.791409, -0.117606, -0.983324, -0.867124, -1.10149, -1.25779, -1.16878, -1.21029, -1.1151, -1.02571, -0.907378, -1.12537, -1.23447, -1.70267, -1.58174, -1.80657, -1.48252, -1.59186, -1.58505, -1.5208, -1.59011, -1.44844, -1.39455
3.08, 0.0319376, -0.0140769, -0.621194, -0.0808924, -0.257921, -0.181254, -0.107683, -0.0772534, -0.501004, -0.773206, -0.541779, -0.90254, -1.74334, -1.237, -0.582451, -1.17706, -1.20795, -1.63206, -1.35653, -1.31635, -1.3305, -2.04144, -1.9006, -1.72621, -1.76643, -1.56115, -1.49399, -1.76212, -1.64186, -1.69948, -1.67291
3.1, 0.0319376, -0.272326, -0.733696, -1.69039, -1.84913, -0.256874, -0.0323559, -0.49308, -0.485621, -0.586355, -0.865984, -0.450348, -0.748634, -1.35707, -0.841015, -1.15211, -0.689342, -1.01605, -1.01229, -0.963709, -1.163, -1.14138, -1.55557, -1.82293, -1.66698, -1.28727, -1.49294, -1.34409, -1.31878, -1.23819, -1.64742
3.12, 0.0319376, 1.59678, 2.1878, 2.07077, 1.62567, 1.45407, 1.1562, 0.979417, 1.09467, 1.25478, 0.876426, 0.532448, 0.370378, 0.237123, -0.284857, -0.58492, -0.696792, -0.509953, -0.573126, -0.686113, -0.657108, -0.638529, -0.656135, -0.855356, -0.750311, -0.651111, -0.907826, -1.20845, -1.60254, -1.30172, -1.54813
3.14, 0.0319374, 3.48567, 3.30955, 2.10354, 2.6174, 1.88459, 0.7074, 1.3298, 1.50557, 1.63249, 0.940909, 0.390735, 0.247569, 0.326988, -0.0606151, -0.155559, -0.73891, -0.259501, -0.0902597, -0.371709, -0.122909, -0.280138, 0.070662, -0.0855912, 0.20976, 0.0538682, -0.0876684, -0.0104656, -0.295083, -0.316992, -0.209185
3.16, 0.0319374, 0.419496, 0.281589, -0.447043, -0.439525, -0.306233, -0.7476, -1.18301, -0.670624, -0.38289, 0.0163161, -0.881157, -1.18486, -1.10484, -0.582482, -1.20531, -0.841278, -0.877119, -0.987812, -0.841824, -0.892322, -0.67802, -0.480666, -0.793339, -0.932708, -0.900158, -1.0666, -0.822307, -0.574614, -0.967891, -0.756527
3.18, 0.0319374, -1.20106, -0.497403, -0.840963, -0.538564, -0.685036, -0.439848, -0.572923, 0.050066, -0.0261765, -0.74737, -1.21967, -0.690974, -0.57625, -0.142947, -0.534961, -0.881609, -0.623598, -0.771822, -0.649433, -0.448013, -0.379068, -0.685759, -0.893145, -0.83464, -0.961987, -0.692746, -0.552381, -0.691103, -0.673584, -0.673258
3.2, 0.0319374, 0.878816, 0.153374, -0.385524, 0.0438709, -0.57991, 0.225359, -0.1111, -0.151121, -0.263678, -0.340664, -0.129898, -0.129642, 0.212979, 0.21536, -0.0399471, -0.23491, -0.412923, -0.223885, -0.189152, -0.642022, -0.564711, -0.64068, -0.795126, -0.710847, -0.791125, -1.10366, -0.334367, -0.451984, -0.560966, -0.544856
3.22, 0.0319374, 0.573964, -0.114475, -0.348315, -0.29778, -0.764084, -0.247649, -0.0415454, 0.552099, 0.329411, 0.398466, 0.21112, -0.0289357, -0.0340447, -0.0238131, -0.0689023, -0.10784, -0.174443, 0.0912241, -0.124277, -0.315069, -0.00453791, 0.181403, -0.18252, -0.497718, -0.138789, -0.212511, -0.390155, -0.318991, -0.264398, -0.37553
3.24, 0.0319376, 0.405476, -0.0839468, -0.164797, 0.0649645, 0.329514, 0.792515, 0.755627, 0.708967, 0.595237, 0.923599, 0.3175, 1.11803, 1.11993, 0.895832, 0.369934, 0.515854, 0.224309, 0.760132, 0.940738, 0.957138, 0.281792, -0.0770116, 0.0923168, 0.223892, -0.335565, 0.0712552, -0.202527, -0.0802302, -0.263486, -0.0935021
3.26, 0.0319376, 0.819913, 0.288247, 0.500895, -0.057117, 0.346035, 0.871715, 0.496622, 0.505053, 0.425674, 0.692391, 0.382219, 0.520659, 0.677183, 0.390801, 0.641794, 0.289619, 0.452484, 0.475727, 0.24546, -0.0854914, -0.042683, -0.117619, -0.254051, -0.286592, -0.488263, -0.312088, -0.106558, -0.127113, -0.301072, -0.242372
3.28, 0.0319376, 0.551759, 1.49181, 0.919713, 1.11223, 0.564548, 0.726063, 0.691434, 1.03679, 0.536515, 0.345507, 0.565963, 0.962277, 1.03793, 0.375078, 0.0537231, 0.0385598, 0.492272, 0.15564, 0.212489, 0.115053, 0.0368918, -0.0539858, -0.0569881, -0.20868, -0.293076, -0.414371, -0.170186, -0.301134, -0.4427, -0.361404
3.3, 0.0319376, 1.10712, 0.930763, 0.900733, 1.22941, 0.856928, 0.111027, 0.614776, 0.443572, 0.0799495, 0.481931, 0.171931, 0.0734607, 0.382494, -0.275153, -0.136288, 0.0829714, 0.0685004, 0.0848235, 0.403513, 0.159521, -0.0583049, -0.255385, -0.401514, -0.456874, -0.203032, -0.1728, -0.426705, -0.199514, -0.545382, -0.410548
3.32, 0.0319376, 1.01246, 0.967444, 0.521923, 0.724728, 0.868588, 0.973072, 0.546981, -0.39811, -0.0552311, -0.446303, -0.563542, -0.768261, 0.0311042, 0.00770336, -0.0456116, -0.111865, -0.557854, -0.286396, -0.545072, -0.342846, -0.443791, -0.571289, -0.454973, -0.34838, -0.0900224, -0.261936, -0.244263, -0.514833, -0.561742, -0.41439
3.34, 0.0319376, 0.346298, 0.606559, 0.0858604, -0.374618, -1.33358, -0.761885, -0.204388, 0.0497661, -0.358484, -0.28995, -0.24129, -0.386684, -0.278613, -0.51788, -0.762808, -1.13609, -1.35447, -0.516612, -0.445338, -0.691754, -0.705895, -0.618136, -0.709811, -0.523494, -0.699997, -0.929642, -0.882405, -0.682854, -0.77111, -0.849107
3.36, 0.0319376, 2.76499, 3.10347, 3.34643, 3.3254, 3.01481, 2.48574, 2.47942, 1.65852, 2.05595, 1.44403, 1.18566, 0.590668, -0.123026, -0.55938, 0.300626, 0.126985, 0.164208, 0.0712387, 0.0357587, -0.266736, -0.863614, -0.377092, -0.0536081, -0.187141, -0.214268, -0.13216, -0.659162, -0.24046, -0.0925654, -0.451117
3.38, 0.0319374, 0.649019, 0.981807, 1.08861, 0.064655, 0.321016, -0.24655, 0.0124924, -0.287029, -0.277049, -0.598392, -1.29226, -0.775804, -0.805082, -0.802857, -1.28219, -1.33631, -1.35324, -1.2874, -1.18797, -1.36434, -1.6107, -1.2091, -1.00384, -0.735591, -1.28449, -1.41617, -1.51378, -1.60744, -1.57706, -1.552
3.4, 0.0319374, -0.612499, -0.995067, -1.613, -2.09799, -0.366447, -0.128339, -0.893103, -0.392275, -0.267102, -0.264182, -0.445369, -0.654885, -0.653995, -0.880412, -1.31503, -1.0791, -0.748322, -1.62407, -1.50719, -1.29582, -1.42878, -1.38719, -1.30214, -1.25159, -1.43475, -1.78901, -1.82419, -1.98036, -1.88663, -1.89942
3.42, 0.0319374, -0.476201, -0.330044, -0.216588, -0.000667616, 0.0101017, -0.202425, -0.213206, -0.237711, -0.101083, -0.181551, -0.267227, -0.818118, -1.02351, -0.425451, -1.19207, -0.855246, -0.714129, -1.20653, -1.32427, -1.74045, -1.20238, -1.2108, -0.865252, -0.950971, -1.62147, -1.56382, -1.57625, -1.93824, -2.1381, -2.06428
3.44, 0.0319374, -0.177507, -0.538384, 0.109857, -0.0435205, -0.216525, -0.576305, -0.0761495, -0.569755, -0.494094, -0.468537, -1.00299, -0.318157, -0.300214, -0.329307, -0.504256, -0.378225, -0.318917, -0.703846, -0.845306, -1.10103, -1.02985, -0.958174, -1.05999, -0.86482, -1.32199, -1.56969, -1.26462, -1.62033, -1.94612, -1.96419
3.46, 0.0319374, -0.490717, -0.249129, -0.396072, -0.236449, -0.396511, -0.485035, -0.886662, -0.81274, -0.605994, -0.619379, -0.992085, -0.352021, -0.75578, -1.01148, -0.920411, -0.751329, -0.798743, -0.751513, -0.72297, -0.464996, -0.865179, -1.27749, -1.75471, -1.79882, -1.2599, -1.54779, -1.74746, -1.88631, -1.94747, -2.04007
3.48, 0.0319376, 0.195869, 0.72606, 0.428271, -0.124931, -0.274845, 0.447808, 0.0858373, 0.264292, 0.238817, -0.320032, -0.392174, -0.124293, -0.604871, -0.641499, -0.736915, -0.633289, -0.903749, -0.942377, -0.478714, -0.525568, -0.787228, -0.788057, -0.477777, -0.239153, -0.393006, -0.582931, -1.18786, -0.737056, -0.354248, -0.473854
3.5, 0.0319376, -1.09401, -1.42823, 0.0720161, 0.154775, -0.877347, -1.37077, -0.854755, -0.325527, -0.123932, -0.687925, -0.781125, -1.23829, -0.911291, -0.752473, -1.37838, -1.42002, -1.34509, -1.30734, -0.898705, -0.40475, -1.30429, -1.19296, -1.02695, -0.86944, -1.23852, -1.55462, -1.71836, -1.85297, -2.06421, -1.85292
3.52, 0.0319376, -0.0262916, -0.319444, -0.41652, -0.508324, -0.540581, -0.419447, -1.1756, -0.158989, -0.483954, -0.380306, -1.00075, -1.18654, -0.613723, -0.312792, -0.775786, -0.896553, -0.939958, -0.842219, -0.971122, -1.0807, -0.813055, -1.0051, -1.36384, -0.937404, -0.936981, -1.42963, -1.90769, -1.88796, -2.29227, -1.96126
3.54, 0.0319376, -0.755369, -0.789666, -0.429232, 0.134779, -0.255948, -0.0808325, -0.665884, -0.209654, -0.225265, -0.791104, -0.419515, -0.781671, -0.909774, -0.745583, -1.04397, -1.03876, -0.869323, -1.01556, -1.45605, -1.47576, -1.1009, -0.986794, -0.596729, -0.575139, -1.06813, -1.39479, -1.55048, -1.78422, -2.02281, -2.14346
3.56, 0.0319376, -0.270767, -0.587633, -0.674975, -0.136172, -0.643466, -0.997044, -0.227905, -0.270584, -0.457332, -0.439231, -0.758939, -0.681494, -0.660342, -0.722796, -0.872442, -1.13123, -1.22587, -0.800388, -1.03275, -1.06658, -1.22745, -1.40417, -1.54338, -1.53141, -1.6845, -1.55307, -1.55619, -1.54321, -1.60245, -2.14336
3.58, 0.0319376, -0.629987, -0.704885, -0.301096, -0.258639, 0.00132032, -0.289155, -0.574365, -0.0664643, -0.179994, -0.00260035, -0.31387, -0.898928, -0.939046, -0.471965, -1.39828, -1.25271, -1.14688, -0.973208, -0.898029, -0.579947, -0.697214, -0.933656, -1.44259, -1.42823, -1.45988, -1.33322, -1.53289, -1.39545, -1.56346, -1.71904
3.6, 0.0319376, -0.175341, -0.684428, -0.13054, -0.184805, -0.327756, -0.428979, -0.2717, -0.323346, -0.758243, -0.387685, -0.368436, -0.793916, -0.78455, -0.716121, -0.700246, -1.18741, -1.20008, -1.14884, -1.1966, -1.17179, -1.26547, -1.17715, -1.03887, -1.64998, -1.58032, -1.25387, -1.35402, -1.47974, -1.53074, -1.41582
3.62, 0.0319376, -0.176239, -0.581254, 0.187288, -0.465432, -0.817966, -0.464163, -0.810301, -0.152146, -0.1485, -0.693866, -0.877463, -0.564567, -0.874221, -0.599563, -0.80526, -0.844157, -0.918701, -1.25959, -1.30482, -1.42585, -1.33261, -1.5638, -1.62403, -1.83285, -2.18945, -1.98143, -2.09743, -2.08461, -2.05641, -2.15975
3.64, 0.0319374, 0.0268867, -0.292801, -0.0465203, 0.0516533, -0.233659, -0.47804, -0.602104, -0.744662, -0.128764, -0.262176, -0.731292, -0.591511, -0.87992, -0.839726, -1.11033, -1.35683, -1.47593, -1.32493, -1.3187, -0.916259, -0.593305, -0.488399, -0.239163, -0.559157, -0.372923, -0.701694, -1.01216, -1.24768, -1.54805, -1.56257
3.66, 0.0319374, 0.121888, 0.265977, 0.181313, 0.526884, 0.10223, -0.46722, -0.695027, -0.988723, -0.485575, -0.982561, -1.06576, -0.945247, -1.40558, -0.951911, -1.17563, -1.26258, -1.17555, -1.39712, -1.55781, -1.55042, -1.56546, -1.87017, -1.71392, -1.8003, -1.9398, -2.57316, -2.30255, -2.29249, -2.59192, -2.49312
3.68, 0.0319374, -0.116613, -0.846105, -0.532086, -1.16821, -0.431291, -0.377586, -0.69491, -0.813166, -0.141103, -0.436964, -0.688525, -0.439899, -0.997033, -1.38964, -1.12131, -1.41539, -1.14171, -1.47708, -1.62093, -1.68965, -1.68494, -1.87582, -1.44476, -1.71169, -2.20985, -2.18531, -1.9538, -2.33795, -2.4848, -2.47247
3.7, 0.0319374, 0.0115554, 0.0239471, 0.303027, -0.0278479, -0.123828, -0.596062, -0.736267, -0.370461, -0.540568, -0.745028, -0.83842, -0.789798, -0.704511, -0.871602, -1.02859, -1.09505, -1.00214, -1.17083, -1.42835, -1.2361, -1.13507, -1.14558, -0.82957, -0.949733, -1.20412, -1.42387, -1.69553, -1.93857, -1.77261, -1.89704
3.72, 0.0319374, -0.124347, 0.0236815, -0.381669, -0.636379, -0.515195, -0.289803, -0.519899, -0.338773, -0.235584, -0.852205, -1.53462, -1.36056, -0.477531, -0.628222, -0.843373, -0.747842, -0.472694, -0.828445, -1.06617, -1.56173, -0.697479, -1.62739, -1.60719, -1.23208, -1.56858, -1.51837, -1.29682, -1.21424, -1.27143, -1.12411
3.74, 0.0319376, 0.107539, -0.322952, -0.248343, -0.0723808, 0.140061, -0.0983534, -0.49919, -0.0780008, -0.233459, -0.378359, -1.02527, -0.481407, -1.03947, -0.963853, -0.861043, -0.861449, -0.616702, -0.628125, -1.05129, -1.0174, -0.833916, -1.36247, -1.33754, -1.08827, -1.26303, -1.35109, -1.11761, -1.48478, -1.28355, -1.09359
3.76, 0.0319376, -0.378507, 0.122375, 0.225663, -0.231213, 0.366409, 0.367195, -0.322437, -0.485973, -0.187633, -0.716744, -0.81989, -0.773652, -0.555665, -0.76793, -0.79653, -0.857251, -0.781993, -1.09756, -1.15849, -1.52107, -1.02833, -1.03316, -1.25894, -1, -1.28058, -1.49917, -1.4448, -1.64227, -1.58361, -1.63367
3.78, 0.0319376, -0.973931, -0.336537, -0.995072, -0.231908, -0.376751, -0.144964, -0.353788, -0.571326, -0.740055, -0.302049, -0.545762, -0.984361, -1.04905, -0.975517, -0.812054, -0.675951, -0.754147, -1.38363, -1.20187, -1.00243, -0.974801, -1.20807, -1.47945, -1.25892, -1.39143, -1.22778, -1.09225, -1.30559, -1.73418, -1.96913
3.8, 0.0319376, 0.778794, 0.992607, 1.01302, 0.570659, 0.545469, 0.0842205, -0.482249, -0.313916, -0.222833, -0.265871, -0.64336, -0.642789, -0.577937, -0.166225, -1.14057, -0.600961, -0.608122, -0.663533, -0.881631, -1.2579, -1.14476, -1.36452, -1.02154, -1.11667, -1.35906, -1.36275, -1.32505, -1.57132, -1.75422, -1.55311
3.82, 0.0319376, 2.47112, 2.99609, 2.48904, 1.37375, 2.37742, 1.52967, 1.20533, 1.28876, 1.08733, 1.4345, 0.532668, 0.159325, 0.700402, 0.601688, 0.761851, 0.297542, -0.103999, 0.10757, -0.672919, -0.780527, -0.845106, -1.01974, -0.528674, -0.342432, -0.728522, -1.08238, -1.05142, -0.970472, -1.06072, -1.02634
3.84, 0.0319376, -0.750808, -0.839798, -0.841867, 0.0568657, -0.456541, -0.220137, -0.729466, -0.197212, -0.602542, -0.730853, -0.766311, -1.10026, -0.704328, -0.950856, -1.71049, -0.815691, -0.789884, -0.515099, -0.678034, -0.457828, -0.985249, -1.18622, -0.908459, -1.43989, -0.955425, -1.05093, -1.50961, -1.36727, -1.28129, -1.32502
3.86, 0.0319376, -0.328265, -0.744066, -0.375537, -0.313977, 0.371751, -0.229225, -1.56067, -0.566146, -0.384908, -0.548207, -0.766291, -0.788772, -0.32343, -0.588273, -0.477722, -0.627271, -0.399927, -0.578119, -0.466764, -0.852657, -0.852386, -0.676259, -0.584426, -1.09889, -0.911119, -0.832289, -0.926821, -1.09845, -0.987868, -0.865706
3.88, 0.0319374, 0.348721, 0.43314, 0.403123, 0.19061, 0.532564, 0.430718, 0.594169, 0.1007, 0.0244138, -0.671569, -0.052999, 0.444745, 0.200468, 0.381827, -0.157294, -0.170207, 0.11026, -0.172579, -0.421382, -0.258963, -0.101177, -0.313028, 0.0648141, -0.238123, -0.427221, -0.367239, -0.626009, -0.765148, -0.701505, -0.748648
3.9, 0.0319374, 1.04772, 0.910677, 0.409747, 0.175412, 0.942433, 0.818588, 0.745917, 0.57493, 0.898258, 1.30363, 0.630231, 0.407909, 0.665928, 0.537675, 0.680018, 0.537847, -0.230002, -0.0569116, 0.172721, 0.150122, 0.151693, -0.247849, -0.0273691, 0.122196, 0.00162636, -0.467404, -0.511135, -0.310447, -0.3156, -0.541059
3.92, 0.0319374, 0.68349, 0.632116, -0.147173, -0.408617, 0.32623, 0.560677, 0.722544, 0.449547, 0.467679, 0.355435, 0.213782, 0.472191, 0.522931, 0.535845, 0.356019, 0.51421, 0.411723, 0.312009, 0.448039, 0.302041, 0.501193, 0.595657, 0.506261, 0.23211, 0.0467301, -0.317323, -0.33322, -0.436231, -0.330963, -0.419979
3.94, 0.0319374, -0.0561723, 1.02966, 0.345037, 0.20653, 0.780385, 0.377582, -0.0860923, 0.348708, 0.366127, 0.4629, -0.34439, 0.8704, 1.17983, 0.397443, 0.648774, 0.0526633, 0.717937, 0.640377, 0.713714, 0.504015, 0.294198, 0.440004, 0.2353, 0.355327, 0.399186, 0.354646, -0.129905, -0.263254, -0.220858, 0.19941
3.96, 0.0319374, 0.503086, -0.0696006, -0.793831, 0.906796, 0.875633, 0.177896, -0.15706, 0.859586, 1.04544, 0.56642, 0.775399, 1.07311, 0.762867, 0.971892, 0.816812, 0.831542, 0.634264, 0.696013, 0.900795, 0.777738, 0.910096, 0.32806, 0.203414, 0.357633, 0.312508, 0.097698, 0.0928762, 0.11655, -0.289049, -0.0600645
3.98, 0.0319376, 1.27617, 1.06869, 0.821026, 0.814276, 1.22795, 0.305915, 0.586414, 0.83709, 0.541381, -0.0354558, 0.140227, 0.389462, 0.54496, 0.382033, 0.356046, 0.071279, 0.201039, 0.526345, 0.326806, 0.315708, 0.158661, 0.0316544, 0.0842115, -0.207338, 0.0262631, -0.285793, -0.224523, -0.279179, -0.3837, -0.616099
4, 0.0319376, 0.255459, 0.0619258, -0.0980681, 0.117204, -0.251579, -0.437482, 0.0586698, 0.0237346, -0.436771, -0.62025, -0.613365, 0.0576684, -0.116952, -0.359816, -0.291131, -0.388592, -0.553647, -0.758692, -0.0422384, -0.0643777, -0.377339, -0.3133, -0.512099, -0.409735, -0.289747, -0.56148, -0.336752, -0.531177, -0.635298, -0.408568
4.02, 0.0319376, 1.45269, 1.68536, 1.80088, 1.61831, 0.971058, 0.577285, 0.635515, 0.625439, 0.389782, 0.212473, 0.142778, 0.266607, -0.0308804, 0.336943, 0.0836584, 0.212833, 0.209861, 0.110729, 0.0300336, -0.368674, -0.555876, -0.316477, -0.473054, -0.421231, -0.536219, -0.562382, -0.347933, -0.56832, -0.714129, -0.494734
4.04, 0.0319376, 1.34289, 2.63368, 2.15133, 1.65284, 1.81562, 1.59428, 0.817688, 0.796346, 0.0981341, -0.255237, 0.0296365, -0.166356, -0.00893514, -0.202053, 0.0858709, 0.28199, -0.0835265, -0.963229, -0.417263, -0.128248, -0.50977, -0.328999, -0.419968, -0.344544, -0.610193, -0.608478, -0.353961, -0.395013, -0.21746, -0.673636
4.06, 0.0319376, -0.878226, -0.949995, -0.745899, -0.170741, 0.233928, -0.0382023, -0.25631, -0.00199212, 0.0847681, -0.156181, -0.497381, -0.87027, -0.356463, -0.428497, -0.803739, -0.747052, -1.21572, -0.745671, -0.983002, -1.06244, -1.03593, -1.22449, -1.38283, -1.37016, -1.35896, -1.03759, -1.24507, -1.36216, -1.20535, -1.34503
4.08, 0.0319376, -0.25403, 0.248248, -0.231587, -0.634348, 0.107779, -0.537763, -0.538669, 0.0150857, -0.783703, -0.811935, -0.361514, -0.632598, -0.37174, -0.365255, -0.704042, -0.800728, -0.633985, -0.857751, -0.974417, -1.05252, -1.08839, -1.35636, -1.32866, -1.41172, -1.59832, -1.58383, -1.50244, -1.23378, -1.69674, -1.78013
4.1, 0.0319376, 0.489335, 0.0244315, -0.314583, -0.0586384, -0.343791, -0.31415, -0.154969, -0.239622, -0.530935, -0.433381, -0.511396, -0.361729, -0.431812, -0.793482, -0.849225, -1.21909, -1.1863, -1.34415, -1.29065, -1.6725, -1.70449, -1.48627, -1.30578, -1.58995, -1.33338, -2.01997, -1.68284, -1.50412, -1.93724, -1.65113
4.12, 0.0319376, 0.0854157, -0.0284091, 0.111612, -0.196137, -0.298939, -0.624208, -0.900854, -0.570539, -0.529163, -0.876636, -1.09038, -0.691355, -0.73679, -0.91402, -1.26894, -1.11225, -1.34059, -1.34451, -1.42736, -1.49784, -1.79541, -1.93499, -1.47785, -1.79529, -2.02301, -2.29661, -2.36124, -2.22329, -2.16704, -1.81459
4.14, 0.0319376, -0.956253, -0.762036, -0.426246, -0.577151, 0.0144833, -0.373268, -0.690172, -0.464677, -0.480728, -0.328653, -0.765156, -0.647578, -0.793549, -0.775812, -0.867537, -0.649951, -1.30459, -1.39154, -1.8337, -2.12257, -2.45195, -2.20297, -2.03504, -2.35652, -2.24925, -2.62236, -2.54136, -2.6298, -2.58911, -2.27686
4.16, 0.0319376, -0.30505, 0.204414, -0.575868, -0.544402, -0.259401, -0.589244, -0.0677786, -0.816078, -0.723573, -0.954836, -0.784299, -0.638463, -0.723187, -0.892123, -1.13497, -1.23697, -1.00057, -1.10698, -1.53624, -1.28194, -1.94069, -2.2246, -1.63188, -1.51406, -1.93779, -1.86564, -2.32609, -2.26488, -2.43232, -2.68532
4.18, 0.0319376, -0.498907, -0.0478902, -0.0683425, -0.224756, 0.0547867, -0.688325, -1.42387, -1.00737, -0.807275, -1.18851, -1.2994, -0.974268, -0.51247, -0.543034, -0.838146, -0.955406, -1.41047, -1.04401, -1.54786, -1.87563, -1.71008, -1.89148, -1.9595, -2.14297, -2.25804, -2.08825, -1.87461, -2.14981, -2.16711, -2.32623
4.2, 0.0319376, 0.015092, -0.436999, -0.0702921, -0.209545, -0.322268, -0.83561, -1.14742, -1.1807, -0.480177, -0.327012, -0.425572, -0.408177, -0.482872, -0.734655, -1.03984, -0.992714, -1.29153, -0.926562, -1.06237, -0.952884, -1.25475, -1.7711, -1.37218, -1.34735, -1.52515, -1.93447, -1.92554, -1.82517, -1.64776, -1.9619
4.22, 0.0319376, -0.564906, -0.455375, 0.167183, 0.0919772, -0.705698, -0.808223, -0.339545, -0.320562, -0.584486, -0.549298, -0.507029, -0.718419, -1.30064, -0.850885, -0.717456, -1.02494, -1.5457, -1.43998, -1.34185, -1.53366, -1.27073, -1.8303, -2.09906, -2.10305, -2.31912, -2.40481, -2.282, -2.45329, -2.63485, -2.33233
4.24, 0.0319376, -0.391782, -0.124011, -0.545107, -1.08341, -0.12492, -0.60787, -0.572008, -0.247406, -0.469499, -0.109599, -0.527044, -0.966137, -0.946284, -0.857583, -1.16646, -1.07894, -1.7751, -1.25952, -1.35243, -1.9464, -2.47257, -2.18083, -1.95524, -2.23344, -2.30742, -2.87831, -3.00058, -2.7229, -2.75111, -2.62781
4.26, 0.0319371, -0.0836834, -0.547608, -0.977083, -0.321795, -0.148077, 0.0813021, -0.625393, -0.810782, -0.699378, -0.685039, -0.659496, -0.601174, -0.848824, -0.810127, -1.17198, -1.51676, -1.44293, -1.86496, -2.12175, -2.30756, -2.50113, -2.27263, -2.21949, -1.84061, -1.69691, -1.96904, -2.07435, -2.5545, -2.65343, -2.11245
4.28, 0.0319371, -0.528255, -1.0329, -0.699593, -0.0391224, 0.017281, -1.064, -0.913353, -0.168788, -0.256827, -0.667994, -0.744505, -1.42312, -0.864017, -1.23489, -1.21133, -1.39028, -1.80595, -1.80125, -1.94318, -2.3661, -2.61934, -1.97095, -2.23518, -1.78618, -1.9008, -2.09246, -2.52898, -2.06089, -2.36039, -2.36635
4.3, 0.0319371, -0.28464, -0.830504, -0.683297, -0.324101, 0.00912366, 0.0532377, -0.159177, -0.258012, -0.560621, -0.676522, -1.02972, -0.509054, -0.833692, -1.25103, -1.48148, -1.83632, -1.45541, -2.12492, -1.71148, -2.0302, -1.59495, -2.02939, -1.90701, -1.81898, -2.04047, -1.92076, -1.9371, -2.31902, -2.42124, -2.31822
4.32, 0.0319371, -0.588365, -0.641519, -0.871432, -0.991623, -0.588837, -0.662551, -1.05612, 0.031413, 0.115834, -0.0264218, -0.573683, -0.759921, -1.21327, -1.17289, -1.17068, -1.50611, -1.33988, -1.62853, -1.46596, -1.85311, -1.55111, -1.77259, -1.79204, -1.78723, -1.72032, -2.00041, -2.12037, -2.11551, -2.43365, -2.10611
4.34, 0.0319371, 1.48366, 1.3103, 0.801998, 1.88065, 2.05134, 1.54573, 1.27081, 1.087, 0.803745, 0.432708, -0.357532, 0.640763, 1.02345, 0.858278, 0.017741, -0.751324, 0.0817577, -0.528434, -0.360805, -0.409815, -0.51944, -0.616761, -0.841523, -0.763392, -0.893657, -0.517679, -0.560703, -1.02856, -0.841947, -0.680868
4.36, 0.0319376, 2.17885, 2.0144, 1.35784, 0.563193, 0.721849, 1.0915, 0.592905, 0.384865, 0.47016, -0.0552498, -0.210138, -0.580181, -0.260782, -0.120547, -0.412023, -0.741944, -0.49757, -0.538685, -0.455549, -0.823254, -1.0596, -1.12306, -1.07618, -0.440894, -0.716344, -0.87756, -1.00291, -0.935621, -1.09564, -0.79488
4.38, 0.0319376, -0.33608, 0.470563, 0.572311, 0.205159, 0.0793845, 0.148816, -0.0025302, 0.161928, -0.0362383, -0.338252, -0.490562, -0.601353, -0.536246, -0.505956, -0.723831, -0.955106, -1.58804, -1.79198, -1.7244, -1.14325, -1.81064, -1.95411, -1.707, -1.59125, -1.56846, -1.54493, -1.81227, -1.61071, -1.78465, -1.98261
4.4, 0.0319376, 2.74204, 3.59387, 3.23653, 2.37431, 1.40028, 1.53117, 2.25947, 2.56799, 2.25778, 1.4928, 1.38164, 1.30637, 0.612279, 0.110692, 0.0375456, -0.252853, 0.0774852, 0.110976, -0.33346, -0.398395, -0.307013, -0.296413, -0.303715, -0.323572, -0.114126, -0.210832, -0.259898, -0.521419, -0.735578, -0.377347
4.42, 0.0319376, 0.0291875, -0.303892, -0.816989, -0.876801, -0.1937, -0.0898348, -0.391336, -0.208642, -0.111805, -0.299675, -0.162262, -0.202181, 0.00186555, -0.58302, -1.14102, -1.18303, -1.12911, -0.907956, -0.995917, -0.662086, -0.977557, -0.974993, -1.23017, -1.10893, -1.33414, -1.14298, -0.778801, -1.01665, -1.35056, -1.3596
4.44, 0.0319376, -0.103174, -0.0567433, -0.23393, -0.391063, -0.305158, -0.409199, -0.799699, -0.399106, -0.869835, -0.854801, -0.374072, -0.758459, -1.11552, -0.923115, -0.802571, -1.7414, -1.37308, -0.835978, -1.14771, -1.37676, -1.24974, -1.0839, -1.06046, -0.911912, -1.16927, -1.16546, -0.870097, -1.19556, -1.14981, -1.29187
4.46, 0.0319376, -0.257502, 0.111546, -0.532356, 0.0914892, 0.0907178, 0.130225, -0.747107, -0.22109, -0.384771, -0.544472, 0.109447, -0.0803378, -0.236506, -1.32369, -0.974947, -0.882469, -0.987272, -1.06952, -1.25755, -0.887837, -0.788358, -0.903867, -1.18372, -1.11709, -1.18678, -0.850173, -0.853715, -1.02695, -0.808652, -1.18855
4.48, 0.0319376, -1.22119, -0.599226, 0.072336, -0.238725, -0.330619, -0.740615, -0.10367, -0.552671, -0.0347382, -0.178599, -0.724803, -0.218708, -0.986855, -0.893632, -0.916996, -0.881189, -0.934048, -1.21539, -1.31922, -1.25208, -1.26361, -1.57373, -1.35227, -1.21806, -1.30309, -1.35756, -1.03618, -0.958166, -1.44133, -1.46679
4.5, 0.0319376, -0.333894, -0.813867, -0.870641, -0.43716, -0.32729, -0.194138, -0.779924, -0.348422, -0.46125, -0.765242, -0.669156, -0.596534, -1.32303, -0.72175, -1.22435, -1.02286, -1.29383, -1.75452, -1.42013, -1.22446, -1.39907, -1.37608, -1.14391, -1.30278, -0.992755, -1.08766, -1.27047, -1.18614, -1.25631, -1.3752
4.52, 0.0319376, 2.96155, 2.70285, 2.36154, 1.58396, 1.29408, 1.06575, 1.14902, 1.58346, 1.77889, 1.13765, 0.185304, 0.512801, -0.304175, -0.353979, -0.601558, -0.155273, -0.444385, -0.367068, -0.735893, -0.517618, -0.398648, -0.577212, -0.534518, -0.842155, -0.114998, -0.25688, -0.524157, -0.433923, -0.262738, 0.0537242
4.54, 0.0319376, 0.013621, -0.58395, -0.54803, -0.536946, -0.823105, -0.590822, -0.768408, -0.114537, -0.120126, -0.396274, -0.530017, -0.661598, -0.88243, -0.956121, -1.05405, -1.14881, -0.454062, -0.74389, -0.732462, -1.1097, -1.20751, -0.901074, -1.08549, -1.18289, -0.757922, -0.98743, -1.0575, -0.875531, -0.95773, -0.837979
4.56, 0.0319376, 0.630706, 0.992487, 0.336482, 0.428489, 0.530991, -0.159969, -0.33377, -0.751464, -0.135898, -0.565856, -0.839684, -0.426669, -0.410444, -0.398385, -0.511851, -0.588036, -0.979316, -0.754748, -0.491181, -0.410323, -0.561743, -0.700174, -0.669467, -0.500962, -0.806386, -0.829868, -0.714098, -0.50476, -0.478769, -0.937628
4.58, 0.0319376, -0.62359, -0.904434, -0.744698, 0.0198792, 0.233893, -0.0117962, -0.131288, -0.360669, -0.668683, 0.0527294, -0.779096, -0.0954467, -0.551463, -0.290304, -0.469644, -0.33643, -0.727746, -0.995679, -0.923117, -0.681198, -0.379159, -0.351518, -0.620912, -0.670524, -0.492763, -0.557116, -0.630831, -0.6503, -0.420025, -0.557155
4.6, 0.0319376, 2.32592, 2.10494, 1.21636, 0.714382, 0.272983, -0.599101, -0.527501, -0.274394, -0.294158, -0.367335, -0.0661401, 0.0155794, -0.167257, 0.0468171, -0.178371, -0.392399, -0.775838, -0.600824, -0.00519077, -0.0613628, -0.338527, -0.388013, -0.291188, 0.117988, -0.499396, -0.608056, -0.507447, -0.111994, 0.11386, 0.146475
4.62, 0.0319376, 0.139189, 0.451583, 0.389076, 0.678447, 0.551618, 0.344967, 0.150629, 0.0412888, 0.304202, 0.229003, -0.133155, -0.118991, -0.362009, -0.0219481, 0.251882, 0.186484, 0.187127, -0.0473642, -0.117654, -0.699108, -0.287112, -0.186903, -0.273201, -0.250381, -0.187689, -0.0179406, -0.221406, -0.447273, -0.451193, -0.136786
4.64, 0.0319376, -0.0446118, 0.0653191, 0.09038, 0.550803, 0.0438223, 0.282769, 0.234846, 0.306172, -0.0205596, 0.152727, 0.375003, 0.447515, 0.226063, 0.381337, 0.547369, 0.424018, 0.368147, 0.251902, 0.342363, 0.306435, 0.281272, 0.125567, 0.167388, -0.0298105, 0.0252201, 0.154014, 0.118339, -0.00666672, -0.225867, 0.166312
4.66, 0.0319376, 0.82564, 0.622236, 0.331583, 1.14863, 1.36574, 1.06351, 0.70528, 1.93008, 1.00119, 0.638824, 0.483505, 0.82589, 1.15405, 0.801346, 0.406779, 0.971861, 0.969128, 0.77893, 0.926078, 0.737218, 0.518351, 0.408444, 0.357641, -0.080006, -0.0520796, 0.168918, 0.103099, 0.176702, 0.217447, 0.332946
4.68, 0.0319376, 2.03814, 1.2179, 1.22119, 1.17668, 1.156, 0.533829, 1.3961, 0.81321, 1.43116, 1.20672, 1.09332, 1.26808, 1.48919, 1.16465, 0.521037, 0.962125, 0.738763, 0.307243, 0.573428, 0.37449, 0.518086, 0.00950395, -0.285883, -0.00865487, -0.263283, -0.0712791, -0.155842, 0.0732604, -0.122048, -0.0070121
4.7, 0.0319376, 1.5087, 1.62367, 0.719437, 0.772162, 0.811018, 0.769013, 0.487952, 0.650083, 0.81074, 0.845777, 0.461565, 0.812522, 1.02377, 0.809674, 0.412466, 0.870278, 0.667394, 0.488423, 0.686668, 0.537938, 0.257999, 0.0471365, 0.210599, 0.142059, -0.294266, -0.31768, 0.236777, -0.0737666, -0.231559, -0.232575
4.72, 0.0319376, 0.360043, 1.22823, 0.18672, 0.357041, 0.25573, -0.00273757, -0.0598315, 0.37041, 0.884283, 0.293519, 0.218312, 0.140606, 0.478348, 0.784464, 0.383732, 0.74373, 0.664845, 0.543969, 0.380382, 0.651425, 0.204631, 0.0670366, -0.112153, -0.569652, -0.307222, -0.290699, -0.280348, -0.481468, -0.447805, -0.348766
4.74, 0.0319376, 0.732609, 1.87219, 1.81896, 1.35226, 1.57822, 1.59734, 0.85751, 0.484753, 0.897804, 1.03182, 0.616719, 0.586672, 0.675126, 0.674973, 0.547178, 0.648597, 0.601247, 0.452386, 0.263428, 0.443572, 0.157234, -0.0186352, -0.0092132, -0.230092, -0.111628, -0.0896028, -0.509367, -0.393596, -0.478608, -0.453679
4.76, 0.0319371, 0.364566, 0.941375, 0.561205, 0.13089, 0.0870804, 0.17801, 0.28429, 0.480857, 0.268368, 0.193526, 0.432861, 0.423656, 0.183017, 0.259178, 0.466116, 0.466336, 0.289657, 0.0344796, 0.664077, 0.606745, 0.147205, 0.199914, 0.132378, -0.371, -0.555385, -0.945068, -0.715975, -0.708505, -0.77572, -0.603286
4.78, 0.0319371, -0.604657, -0.0320662, -0.628526, -0.826364, 0.306938, -0.448784, -0.417634, -0.259646, 0.0992218, -0.435651, -0.269865, -0.394906, -0.291146, -0.124504, -0.604098, -0.131761, -0.0257819, -0.216665, -0.0725776, -0.133924, -0.202219, -0.739629, -0.657816, -1.16145, -1.24757, -0.999048, -1.00559, -0.904799, -1.19042, -1.10484
4.8, 0.0319371, -1.06319, -0.575239, -0.713784, -0.443941, -0.183487, -0.412494, 0.0322501, 0.335329, 0.342802, 0.141764, 0.0650197, -0.351719, -0.342146, 0.104151, -0.518907, -0.5834, 0.0164756, -0.716146, -0.276392, -0.402184, -0.476631, -0.335445, -0.468899, -0.626876, -0.563131, -0.888855, -1.28772, -1.7491, -1.5485, -1.27514
4.82, 0.0319371, -0.208086, -0.331476, -0.647284, 0.458474, 0.398781, -0.383693, -0.0797176, -0.910285, -0.467503, -0.069111, -0.103938, -0.207321, -0.293396, -0.511996, -0.956462, -0.254787, -0.639802, -0.872616, -0.874979, -0.601723, -0.733093, -0.762706, -0.934706, -1.22338, -1.29622, -1.76469, -1.39645, -1.45333, -1.68928, -1.57177
4.84, 0.0319371, -0.0437036, -0.412631, -0.0378364, -0.686666, 0.0383358, -0.468005, -0.071618, -0.584532, -0.859758, -0.752995, -0.385407, -0.249754, -0.49741, -0.165819, -0.819268, -0.358448, 0.0715016, -0.401941, -0.962472, -0.823315, -0.520234, -0.586498, -1.05305, -1.35678, -1.38452, -1.61538, -1.40665, -1.22148, -1.66163, -1.74304
4.86, 0.0319376, -0.184621, -0.632071, -0.688169, -0.924106, -0.207332, -0.506189, -0.490673, 0.170018, -0.482943, -0.685539, -1.07158, -0.85078, -0.78963, -0.27632, -0.555648, -0.419097, -0.198465, -1.08132, -0.712011, -0.749579, -0.216014, -0.476721, -0.83343, -1.19349, -1.17033, -1.28096, -1.32687, -1.38704, -1.81968, -1.57088
4.88, 0.0319376, -0.0314947, -0.824779, -1.01586, -1.17334, -0.565609, -0.158734, -0.539833, -0.777048, -0.540071, -0.656544, -0.803482, -0.258721, -0.87617, -0.325852, -0.621948, -0.73822, -0.763292, -0.759331, -0.694504, -0.673862, -0.434048, -0.338982, -0.633865, -0.901997, -1.13856, -1.58579, -1.60648, -1.96608, -1.69015, -1.35346
4.9, 0.0319376, -0.280591, -0.323747, -0.103718, -0.977321, -1.19021, -0.642605, -0.393994, -0.640208, -0.604369, -0.577652, -0.827438, -1.32604, -1.4018, -0.773557, -0.947495, -0.818011, -0.501682, -0.628537, -0.494348, -0.599447, -0.674841, -0.81631, -1.33468, -1.48879, -1.29039, -1.96219, -2.12708, -1.92827, -1.88117, -1.50211
4.92, 0.0319376, -0.597494, -0.668273, -0.888591, -0.946231, -0.202834, -0.581618, -0.763763, -0.31396, -0.194821, -0.449249, -0.717257, -0.424316, -0.325792, -0.420872, -0.774141, -1.04788, -1.2103, -1.36948, -1.00198, -0.998938, -1.13747, -1.31571, -1.70091, -1.32883, -1.6109, -1.9954, -1.76288, -1.99891, -2.04842, -2.16315
4.94, 0.0319376, -0.123364, -0.495322, -0.789615, -0.110349, -0.174566, -0.147651, -0.12615, -0.762838, -0.356094, -0.206528, -1.10059, -1.07632, -1.50593, -1.00254, -1.31582, -1.42948, -1.29067, -0.799266, -1.51209, -1.44619, -1.49688, -1.72861, -1.50815, -1.68378, -1.70196, -1.86382, -1.88224, -2.02635, -2.09762, -2.23756
4.96, 0.0319376, -1.87238, -0.319989, -0.268712, -0.0600337, 0.154429, -0.204173, -0.357342, -0.900484, -0.662249, -0.587449, -0.847932, -0.952399, -1.15611, -1.15379, -1.17601, -1.11547, -1.01433, -1.22122, -0.981906, -1.36853, -1.85938, -2.12355, -1.98799, -1.9607, -2.4237, -2.25066, -2.43704, -2.31352, -2.48675, -2.66325
