# Time (seconds), Duration (seconds), f0, f1, f2, f3, f4, f5, f6, f7, f8, f9, f10, f11, f12, f13, f14, f15, f16, f17, f18, f19, f20, f21, f22, f23, f24, f25, f26, f27, f28, f29
0, 0.0319375, -1.35426, -0.432607, -0.214935, -0.353775, -0.289443, -0.690729, -0.558205, -0.139799, 0.159421, -0.214004, -0.782908, -0.558706, -0.533738, -0.119699, 0.0756411, -0.0194526, 0.295939, -0.623995, -0.368937, 0.200531, 0.253951, 0.357766, 0.779992, 0.201412, 1.11906, 1.40304, 1.36993, 1.35867, 1.72972, 1.15614
0.02, 0.0319375, -0.693224, -0.989465, -1.64266, -1.18093, -0.599392, -1.04226, -0.733182, -0.679251, -1.19319, -1.54975, -1.5759, -1.61292, -1.81066, -1.39351, -1.50053, -1.07501, -0.759408, -1.27634, -1.33756, -1.29367, -1.21429, -1.16302, -0.411484, -0.824741, -0.57313, -0.238149, -0.383497, -0.408091, -0.0808611, -0.452011
0.04, 0.0319375, -0.183966, -0.703555, -0.79283, -1.35873, -1.45811, -1.28709, -1.56447, -1.28143, -1.79325, -1.40104, -2.12679, -1.27558, -1.64554, -1.40097, -1.54296, -1.48943, -1.4128, -1.73432, -1.85442, -1.36923, -1.48349, -1.74163, -1.7996, -1.72394, -1.47825, -1.58614, -1.51973, -1.15793, -1.11939, -1.17048
0.06, 0.0319375, -1.20348, -0.846862, -1.20198, -1.87469, -1.40698, -1.77574, -1.69954, -1.47689, -1.38995, -1.80929, -2.07264, -1.6211, -1.75461, -1.59268, -1.44526, -1.73653, -1.94317, -1.72366, -1.53124, -0.948757, -2.03458, -1.41749, -1.20029, -0.799527, -0.799953, -1.00403, -0.47863, -0.216245, -0.495094, -0.565155
0.08, 0.0319375, -0.898023, -0.67689, -1.14586, -1.5955, -1.56926, -1.05659, -1.19578, -1.75895, -1.92513, -1.9731, -1.57724, -1.76281, -1.55437, -2.05552, -1.69371, -1.42645, -1.62293, -1.34602, -1.07818, -1.24284, -1.65006, -1.55997, -1.18668, -0.577972, -0.489253, -0.441643, -0.466815, 0.102575, 0.244876, -0.347513
0.1, 0.0319375, -0.807697, -1.55073, -1.09259, -1.60146, -1.3712, -2.02339, -1.4148, -1.54197, -2.40147, -2.31935, -1.92374, -1.95798, -1.66263, -1.96729, -2.11109, -2.00209, -2.2632, -2.06552, -1.65815, -1.90162, -1.95009, -1.86557, -1.7547, -1.45249, -1.37499, -1.47038, -1.3303, -1.46182, -1.33176, -1.30997
0.12, 0.0319375, -0.0760283, -0.759593, -1.51145, -0.854619, -0.873644, -1.24991, -0.591082, -1.12215, -1.62759, -1.88822, -1.57678, -1.21721, -2.07544, -1.92499, -2.20951, -2.23509, -1.83257, -1.93074, -1.81626, -1.83977, -2.01048, -1.67171, -2.01641, -1.58578, -1.43989, -1.42736, -1.04591, -0.860572, -0.846669, -1.25743
0.14, 0.0319375, -0.647507, -0.457076, -0.75243, -1.2995, -1.03059, -0.796827, -0.557875, -0.442249, -0.858147, -0.528368, -0.730276, -0.53377, 0.0947813, 0.665892, 0.953905, 0.713827, 0.900959, 0.595164, 0.842855, 1.21255, 1.02577, 0.586886, 1.25261, 1.65979, 1.74176, 1.79065, 1.83496, 2.16755, 1.71827, 1.10189
0.16, 0.0319375, 0.00569827, -0.797246, -1.63289, -1.14092, -1.37993, -1.46521, -1.0489, -1.14119, -1.64573, -1.66296, -1.67259, -2.05617, -1.34448, -0.860376, -0.84266, -1.07516, -0.880097, -1.2614, -0.820131, -0.608891, -1.25328, -1.22768, -0.316208, 0.0251974, 0.20558, 0.528629, 0.639431, 0.819971, 0.556776, 0.288134
0.18, 0.0319375, -1.45303, -1.13978, -1.05085, -1.87114, -1.79703, -1.27781, -1.66005, -1.58303, -1.65144, -1.71416, -1.74613, -1.82928, -1.97439, -1.37741, -1.22779, -1.21827, -0.831717, -1.42142, -1.63887, -1.47956, -1.52441, -1.38645, -1.3016, -1.36655, -1.73695, -1.47272, -1.03751, -1.00733, -0.825137, -1.29307
0.2, 0.0319375, -0.400819, -0.732236, -1.10259, -1.42991, -0.985083, -0.958961, -0.830521, -1.26095, -0.984761, -1.35138, -2.14454, -1.44033, -1.77675, -1.66483, -1.35597, -1.74355, -2.00246, -1.93004, -1.64137, -1.6496, -2.26612, -1.73878, -1.84165, -1.86545, -1.44605, -1.24099, -1.20083, -1.38059, -1.04186, -1.10016
0.22, 0.0319375, -1.25012, -0.959164, -0.801174, -1.18716, -1.13102, -0.859809, -0.859165, -1.85051, -1.95587, -1.27452, -1.44062, -1.63723, -1.44277, -1.82481, -2.04232, -1.69759, -1.83909, -1.85196, -1.8005, -1.48765, -1.84071, -1.7155, -1.38807, -1.24119, -1.30241, -1.37471, -1.34288, -1.21424, -0.644963, -1.09892
0.24, 0.0319375, -1.37596, -1.11339, -1.49108, -1.37067, -1.06116, -1.85246, -1.8488, -1.42617, -1.37435, -1.62366, -2.06613, -1.84398, -1.96779, -1.87675, -1.97944, -2.1769, -1.88024, -2.19639, -1.68257, -1.28467, -1.71358, -1.93472, -1.62269, -1.34449, -1.38473, -1.36631, -1.13872, -1.42385, -1.44526, -1.04105
0.26, 0.0319375, -1.92917, -2.11028, -1.16778, -1.59315, -1.58337, -1.39121, -1.60936, -1.01072, -1.18391, -1.37316, -1.4052, -1.56804, -1.9871, -2.08699, -1.71614, -1.20459, -1.35282, -1.56061, -0.89743, -1.06118, -1.00771, -1.03459, -0.912705, -0.0381765, 0.087877, 0.39967, 0.409137, 0.6378, 0.295865, 0.482775
0.28, 0.0319375, -0.314969, -0.640745, -0.41806, -0.906276, -0.53672, -0.739018, -0.660164, -0.405064, -0.825645, -1.40924, -1.39285, -1.0636, -1.77239, -1.0765, -1.0766, -1.17908, -1.26754, -1.19989, -1.28462, -1.28338, -1.34555, -1.39198, -1.68554, -1.20187, -0.885255, -0.751622, -0.435369, 0.0517744, -0.606046, -0.477454
0.3, 0.0319375, -0.544919, -0.982735, -1.45457, -1.3694, -1.34582, -1.51974, -1.42855, -1.25087, -1.76448, -1.75527, -1.83542, -2.03912, -1.91831, -1.88943, -1.77134, -1.8015, -1.63418, -2.50995, -2.16428, -1.86603, -2.09317, -1.7506, -1.74893, -1.60532, -1.77672, -1.31731, -1.11141, -1.05419, -1.10353, -1.34516
0.32, 0.0319375, -0.789384, -0.690317, -0.803369, -0.975123, -1.05525, -1.23349, -1.52774, -1.08979, -1.75513, -2.20574, -2.08253, -2.12305, -1.97719, -1.40439, -1.68571, -1.8133, -2.09235, -1.8713, -1.56193, -1.69851, -1.91089, -1.83829, -1.33892, -1.35467, -1.36149, -1.03765, -0.906322, -1.30558, -1.2482, -1.05122
0.34, 0.0319375, -1.15922, -1.16186, -1.06179, -1.59168, -1.13708, -1.42625, -1.51899, -1.52385, -1.71077, -1.70281, -2.05796, -1.71754, -1.82112, -1.3911, -1.15416, -0.727186, -0.849174, -1.61462, -1.31695, -1.40452, -1.00556, -1.23015, -0.614923, -0.436833, -0.928748, -0.822953, -0.387409, -0.0912828, 0.147547, -0.202297
0.36, 0.0319375, -2.04268, -1.12849, -1.26745, -1.28833, -0.916383, -1.48652, -1.55165, -2.06754, -1.26908, -1.5654, -2.57389, -2.20813, -2.21276, -1.36256, -1.35541, -1.19486, -1.88802, -1.92327, -2.10099, -2.2307, -2.2972, -1.99141, -1.44803, -1.60668, -1.57343, -1.41116, -1.29006, -1.27576, -1.19152, -0.999003
0.38, 0.0319375, -1.22018, -1.16645, -1.19878, -1.73414, -1.39371, -1.86111, -1.4512, -1.32995, -1.25028, -1.88369, -1.82551, -1.92309, -2.11254, -1.63271, -2.27464, -1.82625, -2.22207, -1.60038, -1.57285, -1.94241, -1.98207, -1.99823, -2.03535, -1.66539, -1.24334, -1.14799, -1.21016, -1.01187, -0.913959, -1.25796
0.4, 0.0319375, -0.44603, -0.255482, -0.471336, -0.62694, -0.484026, -0.36123, -0.668215, -1.0568, -1.25436, -1.81416, -1.50791, -2.13889, -1.46968, -1.88787, -1.69813, -1.55301, -1.01981, -1.31852, -1.222, -1.40411, -0.997424, -1.25565, -1.3621, -1.04449, -0.848603, -0.697934, -0.45809, -0.0555091, -0.213031, 0.217047
0.42, 0.0319375, -0.602623, -0.979008, -1.19514, -1.39733, -1.30607, -1.56458, -1.27558, -1.45639, -1.42532, -1.22434, -1.69438, -1.98129, -2.17261, -1.98012, -1.6149, -1.90345, -1.82114, -1.70153, -1.66245, -1.81891, -1.67313, -1.79405, -1.65615, -1.38537, -0.942815, -1.06023, -0.780282, -0.789802, -0.969492, -0.940389
0.44, 0.0319375, -1.09386, -0.87757, -1.89507, -1.4122, -1.4221, -1.05934, -1.07662, -1.57238, -1.79421, -1.63814, -2.29044, -1.87666, -1.474, -1.57895, -1.61018, -1.28466, -1.22099, -1.98267, -1.95377, -1.76433, -1.7261, -1.70769, -1.35223, -1.61404, -1.34049, -1.49788, -1.29011, -1.19047, -1.14713, -1.17022
0.46, 0.0319375, -1.10784, -0.891402, -0.835505, -1.45708, -1.02751, -1.25512, -1.95289, -1.49173, -1.63262, -2.05582, -1.94829, -1.67175, -1.65789, -1.87471, -2.13078, -1.29901, -0.893928, -1.31694, -1.52955, -1.23818, -1.85818, -1.31517, -0.35762, -0.41522, -0.807986, -0.815868, -0.790633, -0.445951, -1.00148, -0.69538
0.48, 0.0319375, -0.23151, -0.785692, -1.76726, -1.09955, -1.3786, -1.5811, -1.6529, -1.63233, -2.02661, -2.04902, -3.04291, -2.43313, -2.28701, -1.70583, -1.90297, -1.76321, -2.04619, -2.1561, -2.05926, -2.06978, -1.31034, -1.2997, -1.53352, -1.86826, -1.39613, -1.30545, -0.925992, -0.77813, -1.05979, -1.24032
0.5, 0.0319375, -0.527987, -0.881285, -1.07059, -1.82309, -1.52317, -1.08743, -1.25983, -1.30432, -1.84202, -2.16509, -1.45901, -1.25482, -1.7091, -1.93078, -1.65754, -1.94552, -2.22603, -1.29987, -1.34309, -1.79166, -1.79589, -2.14006, -1.93812, -1.34968, -1.24735, -1.28886, -0.936818, -0.898526, -0.94119, -1.16129
0.52, 0.0319375, -0.685115, -0.697642, -0.593732, -1.46022, -1.23027, -1.58271, -0.894727, -1.25518, -1.26526, -1.48273, -1.50841, -1.17677, -1.02577, -1.23763, -1.76022, -1.88571, -2.36114, -2.31716, -2.17277, -1.70867, -1.27692, -1.7151, -1.73286, -1.71144, -1.49631, -1.24525, -1.2594, -1.01138, -0.862182, -1.25245
0.54, 0.0319375, -1.14868, -1.09652, -1.35733, -1.58585, -1.57269, -1.45187, -1.56122, -1.29896, -1.30032, -1.58004, -1.71228, -1.29761, -1.46342, -2.22187, -2.16493, -2.02761, -2.22097, -1.88531, -1.67712, -1.45491, -1.78588, -1.79167, -1.46717, -1.45947, -1.41941, -1.2725, -1.06421, -0.808143, -1.30938, -1.44003
0.56, 0.0319375, -0.22811, -0.752632, -0.604504, -1.60637, -0.728549, -0.733699, -0.770184, -0.911485, -1.29907, -1.89492, -1.59485, -1.4967, -1.35255, -2.17074, -2.05367, -1.66717, -1.71631, -1.90645, -2.15551, -2.04476, -2.03796, -1.96961, -1.92662, -1.50203, -1.49677, -1.92474, -1.44658, -1.09704, -1.32183, -1.25779
0.58, 0.0319375, -0.0255968, -0.887115, -1.18304, -1.38112, -1.15344, -1.26399, -1.22862, -1.46679, -1.68075, -1.95534, -1.9941, -1.57064, -1.80117, -1.76404, -1.69924, -1.59088, -1.69318, -2.03384, -1.60415, -1.46784, -1.75382, -1.99794, -2.04, -1.88334, -2.1587, -1.73983, -1.51613, -1.1915, -1.21624, -1.08523
0.6, 0.0319375, -0.867193, -0.662356, -0.994899, -1.718, -1.63697, -1.29421, -1.60034, -1.37245, -0.90998, -1.26143, -1.28341, -1.23209, -1.59295, -1.88327, -1.96092, -2.25722, -1.97508, -1.6257, -1.91177, -1.76571, -1.79385, -1.75395, -1.54728, -1.77198, -1.63348, -1.66638, -1.3199, -1.06114, -1.09667, -1.06723
0.62, 0.0319375, 0.137121, -1.0464, -1.0801, -0.957986, -1.65807, -1.96687, -1.26509, -1.2007, -0.843676, -1.57547, -2.11788, -1.21915, -1.66398, -1.75631, -1.94574, -1.88694, -1.29391, -1.34041, -1.53065, -1.48399, -1.94722, -1.81508, -1.08715, -1.47336, -1.62728, -1.27825, -0.923179, -0.325753, -0.310439, -0.624517
0.64, 0.0319375, -1.01322, -1.09327, -0.65065, -1.081, -1.01591, -1.89747, -1.84179, -1.86604, -1.54414, -1.70766, -2.30082, -2.32707, -1.93911, -1.92814, -1.69029, -1.97684, -1.49423, -1.67147, -2.06857, -1.85326, -1.53309, -1.6477, -1.37955, -1.19481, -1.42356, -1.04736, -0.763326, -1.02573, -0.615987, -0.23424
0.66, 0.0319375, -0.331296, -1.58701, -1.18299, -1.88793, -1.80595, -1.91935, -1.86365, -2.21265, -1.46266, -1.68547, -1.5189, -1.38734, -1.73179, -1.81457, -1.5623, -2.17402, -1.64543, -2.16103, -1.83477, -1.40638, -2.13129, -2.33278, -1.55406, -1.43837, -1.38849, -1.13205, -0.931847, -1.11043, -1.08319, -1.36275
0.68, 0.0319375, -1.54668, -1.68298, -0.916322, -1.81428, -1.93313, -1.61402, -1.68327, -1.96887, -1.5574, -2.10372, -1.70893, -2.35604, -1.80303, -1.54979, -1.46479, -1.6113, -1.63755, -1.98188, -2.01161, -1.75521, -1.95542, -1.91503, -2.00557, -1.87591, -1.67775, -1.44185, -1.35574, -1.26379, -1.24859, -1.02045
0.7, 0.0319375, -0.684752, -1.4405, -1.5579, -1.41363, -1.49437, -1.0609, -1.52448, -1.48357, -1.5968, -2.29793, -1.79396, -1.66273, -1.76438, -1.01175, -1.04632, -1.424, -1.61904, -1.6186, -1.79684, -1.02955, -1.16542, -1.37984, -1.29352, -0.843647, -0.795886, -0.709782, -0.717579, -0.411895, -0.416153, -0.839518
0.72, 0.0319375, -0.182251, -0.664981, -0.691396, -0.372627, -0.0900618, -0.0913184, -0.424067, -0.730368, -0.681364, -1.11069, -1.32179, -1.23206, -1.41858, -1.40201, -1.24627, -1.39558, -1.81672, -1.32009, -1.49053, -1.29882, -1.10351, -0.828396, -1.49115, -1.01612, -1.1941, -1.29825, -0.823879, -0.386153, -0.951258, -0.244588
0.74, 0.0319375, -0.243894, -0.818199, -0.691723, -1.01983, -1.40727, -0.664865, -1.34156, -1.80646, -1.59077, -1.67391, -1.56259, -1.71682, -1.63966, -0.882262, -1.14716, -1.4405, -1.13767, -1.15522, -1.06779, -1.22849, -1.33649, -1.29988, -1.43362, -1.01999, -0.974424, -1.0542, -0.721601, -0.649958, -0.679613, -0.361103
0.76, 0.0319375, -0.257982, -0.59411, -0.668839, -2.07458, -1.19087, -1.09054, -1.38112, -1.09101, -1.12477, -1.10032, -1.03356, -1.45607, -1.64704, -1.67302, -1.80573, -1.4519, -1.40048, -1.57774, -1.56348, -1.53831, -0.913885, -1.74763, -1.4554, -1.06192, -0.789622, -0.835853, -0.551569, -0.385904, -0.0286277, -0.0268077
0.78, 0.0319375, -1.28762, -1.55449, -0.757812, -1.27801, -1.12139, -1.23219, -1.5535, -1.41522, -0.907506, -1.74747, -1.12676, -2.06836, -1.69445, -1.73211, -1.31528, -1.19665, -1.36196, -1.37323, -1.25811, -0.99784, -0.87749, -0.833163, -0.904262, -0.796602, -0.302564, -0.717, -0.608331, -0.258875, -0.0181736, -0.000914217
0.8, 0.0319375, -0.610028, -0.843661, -0.941031, -1.14495, -0.994799, -1.83294, -1.17688, -1.46632, -1.46363, -1.36724, -1.97106, -1.5434, -1.3464, -1.23822, -1.78464, -1.40222, -1.43914, -1.55657, -2.21893, -1.57777, -1.18593, -1.54705, -1.30412, -1.11534, -0.907465, -0.785268, -1.37269, -0.654533, -0.123275, -0.407398
0.82, 0.0319375, -1.13639, -1.4283, -0.844766, -1.69203, -1.63388, -1.6989, -1.46797, -1.13707, -1.69028, -1.58641, -1.60215, -1.53239, -1.6093, -1.74472, -1.86618, -1.64628, -2.12705, -1.67761, -1.33629, -1.09429, -1.55793, -1.93833, -1.26622, -1.45028, -1.18103, -1.39434, -1.4418, -0.956235, -0.558803, -0.545401
0.84, 0.0319375, -0.247679, -0.734923, -0.60383, -1.05119, -1.75215, -1.80294, -1.31763, -1.40003, -1.74287, -1.40774, -1.49539, -1.89996, -1.83241, -1.41561, -1.69498, -1.57008, -1.39998, -1.79396, -2.01457, -1.91846, -1.71976, -1.90804, -1.83007, -1.78779, -1.48173, -1.49664, -1.38324, -1.49831, -1.29142, -1.26458
0.86, 0.0319375, 0.153525, -0.559549, -0.508306, -0.962646, -1.0949, -1.04516, -0.430505, -0.974714, -0.974882, -1.15899, -1.1759, -1.27136, -1.03116, -1.03811, -1.53674, -1.10669, -0.760175, -1.05244, -0.795507, -1.10993, -1.13926, -1.24334, -1.05119, -0.703414, -0.614613, -0.37249, 0.0618611, 0.217822, 1.02675, 0.757159
0.88, 0.0319375, -1.36808, -1.35274, -1.29912, -1.87737, -1.26172, -0.745233, -1.36153, -1.34142, -1.6495, -2.02726, -1.98361, -1.84284, -2.08072, -1.46652, -1.82898, -1.65875, -1.5993, -1.95111, -1.87061, -1.61573, -1.80821, -1.9198, -2.2682, -1.75901, -0.984133, -0.906018, -1.06711, -0.993662, -0.892728, -0.547554
0.9, 0.0319375, -0.72799, -0.966647, -1.03085, -2.07662, -0.976941, -0.845271, -1.11461, -1.3756, -1.72806, -1.96822, -1.85729, -1.74891, -1.50869, -1.58705, -1.37101, -1.4956, -1.56192, -1.63878, -1.44535, -1.30089, -1.72383, -1.97292, -1.6087, -1.56902, -1.52768, -1.17848, -1.23948, -1.15514, -1.0497, -1.46818
0.92, 0.0319375, -0.769916, -1.11199, -0.913417, -1.72333, -1.15785, -1.42113, -1.82694, -1.08022, -1.18953, -0.878042, -1.1044, -1.43787, -1.32431, -1.60489, -1.65115, -1.58626, -1.36302, -1.55577, -1.3344, -1.0861, -0.835861, -0.567098, -0.530599, -1.11246, -0.77237, -0.299339, 0.278, 0.49164, -0.130458, 0.18159
0.94, 0.0319375, -0.129517, -0.88348, -1.16608, -2.22951, -1.1319, -1.289, -1.05093, -1.00003, -0.795783, -0.910893, -1.07018, -1.01229, -1.02669, -1.29825, -1.92229, -1.57546, -1.14292, -1.48842, -1.16439, -1.32805, -1.34076, -1.06174, -0.801554, -0.978057, -0.610379, -0.472894, -0.366887, -0.0717323, -0.411465, -0.0279372
0.96, 0.0319375, 0.241702, -0.670094, -0.408224, -0.901995, -1.32324, -1.14409, -1.48261, -1.31844, -1.83943, -1.85972, -2.73371, -2.15509, -1.61489, -1.69301, -1.39145, -1.99542, -1.91398, -1.88149, -1.51852, -1.5257, -1.52439, -1.83792, -1.75709, -1.50194, -1.43463, -1.13358, -1.55404, -1.08698, -1.09342, -0.982995
0.98, 0.0319375, -0.6797, -1.11559, -1.10572, -1.60174, -1.28657, -1.33092, -0.826691, -1.44974, -1.45582, -1.26349, -2.02377, -1.79045, -1.81237, -1.26264, -0.922631, -1.01942, -0.780144, -0.809548, -0.826664, -0.619251, -1.03243, -1.3465, -0.914859, -0.958109, -0.974156, -0.490268, -0.277266, -0.884883, -0.936707, -0.527591
1, 0.0319375, -0.867868, -1.35542, -1.62929, -1.18512, -0.7954, -0.601487, -1.07208, -1.61936, -1.49844, -1.55726, -1.43906, -1.46061, -1.44975, -1.40419, -1.70174, -2.04702, -1.47263, -1.51169, -1.18788, -1.53152, -1.48032, -1.7243, -1.4155, -1.56211, -1.37522, -0.848302, -0.781632, -0.51445, -0.65411, -0.499209
1.02, 0.0319375, -0.697225, -1.40344, -1.2004, -0.808796, -0.335796, -1.53723, -0.88063, -0.906546, -1.77967, -1.43148, -1.45336, -1.49184, -1.72381, -1.65085, -1.61376, -1.84399, -1.54631, -1.66063, -1.73292, -2.46329, -1.5115, -1.7458, -1.79929, -1.71028, -1.36145, -1.16612, -1.25827, -0.988429, -0.611768, -0.621106
1.04, 0.0319375, -1.20196, -0.733788, -1.38491, -1.73377, -1.18521, -0.797036, -1.46218, -1.27268, -1.8849, -1.72426, -1.89317, -1.37917, -1.24326, -1.36435, -1.5666, -1.44483, -1.29087, -1.5422, -1.95411, -1.50322, -1.50779, -1.83315, -1.75242, -0.972463, -0.830632, -1.04488, -0.727264, -1.20826, -0.696238, -0.53358
1.06, 0.0319376, -0.334086, -1.06269, -1.50605, -1.26511, -0.855706, -1.43865, -1.53571, -1.51858, -1.11658, -2.12165, -1.55031, -1.5964, -1.49119, -1.58656, -1.54082, -1.20959, -2.17312, -1.73607, -1.34733, -1.40593, -1.44094, -1.47976, -1.47801, -1.38265, -1.31565, -1.11271, -1.16802, -0.993076, -1.08212, -1.19259
1.08, 0.0319375, -1.49072, -0.933583, -0.855438, -1.96482, -1.06691, -0.711369, -1.24239, -1.06011, -1.40095, -1.4821, -1.13592, -1.50887, -1.25193, -1.84842, -1.60263, -1.37022, -1.3377, -1.68008, -1.69048, -1.80372, -1.73735, -1.76987, -1.65477, -1.94062, -1.65311, -1.56089, -1.43905, -1.36721, -1.43877, -1.09652
1.1, 0.0319375, -1.19596, -1.33644, -1.7392, -2.39484, -1.51131, -1.77255, -2.2368, -1.87128, -1.83943, -2.12001, -1.39528, -1.52331, -1.35395, -1.91997, -1.79443, -1.60181, -1.88095, -1.85603, -2.0149, -2.03147, -2.04742, -1.72662, -1.59285, -1.83094, -1.70474, -1.25102, -0.977188, -1.0817, -1.04452, -1.23891
1.12, 0.0319375, 0.0340566, -1.13747, -1.63397, -1.3593, -1.03752, -1.26896, -1.52408, -1.68878, -1.50692, -0.88232, -0.957143, -1.56302, -1.91275, -1.53888, -1.99558, -1.69096, -1.75031, -1.79786, -1.6912, -1.41453, -1.20809, -1.45492, -1.42682, -1.50668, -1.08368, -0.950382, -1.19967, -1.00351, -0.960588, -0.589563
1.14, 0.0319375, -0.21918, -0.629777, -1.69318, -2.12, -1.98461, -2.12585, -1.55736, -1.71612, -1.76739, -1.69886, -1.07894, -1.33915, -1.27034, -1.77527, -1.87538, -1.55511, -1.60232, -1.76739, -1.40757, -1.84223, -1.74618, -1.30156, -1.33336, -1.43288, -1.17092, -1.08031, -0.771508, -0.611894, -0.92303, -1.09573
1.16, 0.0319375, -0.50386, -1.00174, -1.11946, -1.43692, -1.38036, -1.10923, -1.19776, -1.00484, -1.28024, -1.15948, -1.22759, -1.27152, -1.23274, -1.56457, -1.51828, -1.17667, -1.19078, -1.35098, -1.12632, -1.19335, -0.626166, -0.35657, -0.605465, -0.874853, -0.804896, -0.203315, 0.343125, 0.928458, 0.860142, 0.178304
1.18, 0.0319376, -1.03732, -0.906085, -1.43805, -1.00104, -1.05488, -1.87823, -1.79462, -2.07705, -1.89344, -1.24728, -0.915712, -1.37484, -1.56042, -1.52851, -1.57837, -1.43824, -1.00789, -1.53808, -1.22817, -1.03875, -0.947419, -1.55085, -1.16265, -1.3029, -1.20432, -0.624239, -0.875013, -0.549699, -0.549195, -0.570521
1.2, 0.0319375, -0.121587, -1.13841, -1.2458, -2.00747, -1.45396, -0.808304, -0.720962, -1.38323, -1.71649, -1.43138, -1.61419, -1.3978, -1.59594, -1.6366, -1.54349, -1.25041, -1.58635, -1.80131, -1.91873, -2.15263, -1.63264, -1.6214, -1.82608, -1.47345, -1.47753, -1.41627, -0.959811, -0.764532, -1.03133, -1.03869
1.22, 0.0319375, -0.671032, -0.399436, -0.329879, -1.15541, -1.01911, -1.45591, -1.13138, -1.2254, -1.11332, -1.48423, -0.983754, -0.932968, -1.46008, -1.78752, -1.78848, -1.58667, -1.48158, -1.18702, -1.53405, -1.56233, -1.406, -1.83031, -2.03817, -1.41354, -1.06693, -1.43236, -1.35602, -0.971227, -1.30647, -1.35985
1.24, 0.0319375, -0.622344, -0.911563, -1.01191, -0.689802, -0.617618, -0.786168, -1.13076, -1.74899, -1.35083, -1.81325, -1.96236, -1.22484, -1.32849, -1.61983, -1.20456, -1.33188, -1.25432, -1.28855, -1.16027, -1.32055, -1.21822, -1.142, -1.12409, -1.15045, -1.34386, -1.25479, -0.536788, -0.542922, -0.370977, -0.56506
1.26, 0.0319375, -1.02405, -1.46427, -1.64493, -1.75191, -0.797058, -0.852154, -1.34453, -1.6697, -1.58842, -1.51894, -2.28012, -1.44854, -1.16726, -1.4378, -1.72346, -1.36351, -1.47553, -1.5854, -1.69945, -1.49021, -1.63908, -1.41928, -1.57088, -1.8879, -1.51657, -1.23889, -0.823234, -1.111, -1.04869, -0.811769
1.28, 0.0319375, -0.281684, -1.30671, -1.54715, -1.20933, -1.63415, -1.09208, -2.25278, -1.80618, -1.73765, -1.91846, -1.40334, -1.91413, -2.16184, -2.0369, -1.36639, -1.30129, -1.47292, -1.60786, -1.43761, -1.42981, -1.25027, -1.88037, -1.62422, -1.1743, -0.983393, -1.00532, -0.836296, -0.857212, -1.20589, -0.831841
1.3, 0.0319376, -0.829708, -1.10495, -1.29399, -1.24696, -1.52534, -2.02032, -2.00417, -2.00467, -1.49724, -1.45901, -1.12702, -1.64235, -1.84725, -1.67044, -1.68817, -2.056, -1.45796, -1.75441, -1.42965, -1.32439, -1.47287, -1.51243, -1.43725, -1.38626, -1.2354, -1.37283, -1.04408, -1.21, -0.97805, -1.02339
1.32, 0.0319375, -0.654991, -1.39368, -0.903132, -1.17884, -1.17319, -1.03885, -1.65312, -1.16974, -1.36759, -1.5847, -1.4553, -1.35773, -1.52738, -1.15804, -0.966232, -1.69123, -1.68249, -1.49178, -1.78065, -1.71756, -1.78039, -2.09339, -2.14359, -1.74167, -1.42311, -1.54233, -1.5662, -1.23342, -1.32257, -1.20388
1.34, 0.0319375, -0.538309, -0.750432, -1.38752, -1.86498, -1.23978, -0.7565, -1.18551, -0.933017, -1.4955, -1.50262, -1.58528, -1.35959, -1.70016, -1.26089, -1.39276, -1.55576, -1.60241, -1.89414, -1.8435, -1.95462, -1.79462, -2.06845, -1.59459, -1.68432, -1.57854, -1.40753, -1.40254, -1.17283, -1.26952, -1.18413
1.36, 0.0319375, -0.877139, -2.03113, -1.08483, -1.08075, -1.18888, -1.37278, -1.16438, -1.03798, -0.999399, -1.57854, -1.07352, -0.798945, -1.07086, -1.34827, -1.62412, -0.975751, -1.32943, -1.26137, -0.966932, -1.03794, -1.02922, -1.32222, -1.54657, -0.958361, -0.928751, -0.850844, -1.06938, -0.455966, -0.323388, -0.44383
1.38, 0.0319375, -0.627097, -1.35547, -0.921101, -1.0367, -0.935538, -0.699887, -1.44951, -0.976492, -1.14979, -0.773026, -1.1646, -1.51622, -1.37501, -1.37839, -1.36037, -1.55663, -1.98268, -1.45324, -1.56871, -1.41716, -1.41338, -1.67351, -1.81223, -1.56926, -1.27859, -1.0634, -1.09687, -0.599093, -1.0874, -0.548663
1.4, 0.0319375, -0.464453, -0.660133, -1.27033, -0.840873, -0.939439, -1.62521, -1.62539, -1.64663, -1.51952, -1.25348, -1.4586, -1.50312, -1.11737, -1.78464, -1.81835, -1.19855, -1.43794, -1.55874, -1.74515, -1.91947, -1.5653, -1.26043, -1.41712, -1.32065, -1.37105, -0.970774, -1.23477, -1.18998, -1.20682, -1.22212
1.42, 0.0319376, -0.51946, -0.360047, -0.820516, -1.49525, -1.71166, -1.49448, -1.16612, -0.974487, -1.47082, -1.52237, -1.47261, -1.46711, -1.51987, -1.66463, -1.9895, -1.9309, -1.61669, -1.30076, -1.6297, -0.872867, -1.06876, -1.69441, -1.67892, -1.38998, -1.23279, -1.15334, -1.1163, -0.967142, -1.10109, -1.37623
1.44, 0.0319375, -0.299193, -0.583633, -1.53165, -1.46694, -0.792721, -1.26006, -1.33256, -1.41037, -1.14787, -1.31583, -1.43592, -1.33864, -1.52372, -1.90499, -1.46337, -1.52211, -1.63143, -1.59706, -1.95791, -1.3129, -1.28813, -1.35429, -1.6525, -1.36369, -1.04355, -1.17775, -1.23198, -1.20902, -0.623846, -0.87407
1.46, 0.0319375, -1.72818, -1.81218, -1.28671, -1.82951, -1.24109, -1.18982, -1.2039, -1.45637, -1.50514, -1.06578, -1.10014, -1.56922, -1.53675, -1.6021, -1.28794, -1.61843, -1.64986, -1.35708, -1.57887, -1.18332, -1.24823, -1.6054, -1.33904, -1.21616, -1.00762, -1.12285, -1.36919, -1.43017, -1.51758, -1.27575
1.48, 0.0319375, -2.02477, -0.545621, -0.453295, -0.874806, -0.968765, -1.08172, -1.4855, -1.44591, -1.27755, -1.47655, -1.57166, -1.32477, -1.63861, -1.96405, -1.93723, -1.49563, -1.46599, -1.79891, -1.56638, -1.62444, -1.81267, -1.81946, -1.82156, -1.28776, -1.71407, -1.41956, -1.06638, -1.04337, -0.431925, -0.594457
1.5, 0.0319375, -0.0677982, -0.927677, -0.968896, -1.40189, -1.23816, -1.4821, -1.22171, -1.05259, -1.09873, -1.35121, -1.49925, -1.34138, -1.29629, -1.9317, -1.44424, -1.78499, -1.56785, -1.39416, -1.25506, -1.87107, -2.07319, -1.72864, -1.74127, -1.5739, -1.13678, -1.06832, -0.998973, -1.23957, -1.24377, -1.08362
1.52, 0.0319375, 0.0731853, -0.473509, 0.177779, 0.028933, -0.211241, 0.279595, 0.297277, -0.265357, -0.588155, -1.16295, -0.795466, -1.14882, -0.998584, -1.2133, -1.67999, -1.41397, -1.28413, -1.02394, -1.19403, -1.50925, -1.56956, -1.59744, -1.40299, -1.36161, -1.08537, -0.9415, -0.850512, -0.885327, -1.0934, -0.992719
1.54, 0.0319375, -0.624712, -0.863732, -0.805136, -0.921197, -0.745366, -0.885037, -1.07293, -0.744354, -1.37563, -1.14465, -1.23374, -1.47759, -1.09095, -1.09196, -1.36632, -1.71334, -1.47584, -1.06344, -1.46348, -1.29326, -1.17514, -2.16762, -1.39041, -1.07662, -0.661192, -0.460193, -0.712592, -0.133162, -0.558379, -0.693005
1.56, 0.0319376, -0.895607, -0.875918, -0.694621, -1.63727, -1.24946, -1.11508, -1.50621, -1.59118, -1.19395, -1.62089, -1.66461, -1.79274, -1.91837, -1.0675, -1.74646, -2.63349, -1.72851, -1.81384, -1.58808, -1.80896, -1.68128, -1.67457, -1.83888, -1.67048, -1.09341, -1.28432, -1.28346, -1.5595, -1.24189, -1.24544
1.58, 0.0319375, -0.910321, -0.730721, -0.632229, -1.76794, -1.38488, -1.02879, -1.06869, -1.5083, -1.758, -1.76676, -1.9637, -1.19212, -1.3195, -1.40284, -1.39955, -1.27426, -2.00906, -1.43948, -1.63943, -1.26452, -1.27313, -1.35716, -1.02206, -1.24415, -1.34419, -1.1349, -1.18209, -0.961607, -0.618795, -0.577108
1.6, 0.0319375, 0.256034, -0.793849, -1.43906, -1.38674, -0.850968, -1.25239, -1.66559, -2.0196, -1.81433, -1.63596, -1.46015, -1.47438, -1.93008, -1.71174, -1.39114, -1.61481, -1.46683, -1.56406, -1.43406, -1.19601, -1.62986, -1.78626, -1.47217, -1.1135, -1.19541, -1.22861, -0.986155, -1.00252, -1.31372, -1.28069
1.62, 0.0319375, -0.548067, -0.677071, -0.871621, -0.769696, -1.64727, -1.14958, -1.28642, -1.16007, -1.55379, -1.77878, -1.43957, -1.25526, -1.27903, -1.49788, -1.63525, -1.59823, -1.25393, -0.933604, -1.12789, -1.21996, -1.04849, -1.41166, -1.32885, -1.09596, -1.12895, -0.84724, -1.29619, -0.366872, -0.0439968, -0.410263
1.64, 0.0319375, -0.0435728, -0.901109, -1.08261, -1.61833, -1.31173, -1.24315, -1.21313, -1.16306, -1.38635, -1.23576, -1.61293, -1.49096, -1.02716, -1.43118, -1.607, -1.71369, -1.48583, -1.38295, -1.19802, -1.28844, -1.40719, -1.56357, -1.2266, -1.20123, -1.12004, -1.08907, -1.16184, -1.2203, -0.781925, -0.768908
1.66, 0.0319375, -0.692351, -1.53212, -0.688243, -1.47036, -1.66625, -0.781592, -1.15523, -1.53731, -1.50751, -1.05148, -1.71184, -1.66608, -1.43141, -1.14493, -1.69006, -2.19983, -1.73218, -1.98144, -1.61231, -1.57413, -1.40064, -1.68461, -1.96786, -1.93928, -1.92918, -1.62177, -1.24243, -0.9535, -1.01447, -1.24187
1.68, 0.0319376, -1.23271, -1.31982, -1.27107, -1.29265, -1.48901, -1.5886, -1.07901, -1.82934, -1.86682, -1.77736, -1.81661, -1.19716, -1.2485, -1.57392, -1.81545, -1.82579, -1.85096, -2.01811, -1.75296, -1.50223, -1.63289, -1.87801, -1.54731, -1.29821, -0.754225, -1.0266, -1.1159, -1.18903, -0.795595, -0.738977
1.7, 0.0319375, -0.0972258, -0.46059, -0.272736, -0.376108, -0.633679, -1.36896, -1.14011, -1.22266, -1.38644, -1.43232, -2.05229, -1.56048, -1.92785, -1.51407, -1.65116, -1.37676, -1.29747, -1.9033, -1.49414, -1.87013, -1.63504, -2.00242, -1.93052, -1.53475, -1.30662, -1.5661, -1.48438, -1.0693, -1.38756, -1.13206
1.72, 0.0319375, -0.252404, -1.0113, -0.935388, -1.66931, -1.59255, -1.37119, -1.9493, -1.94373, -2.47627, -2.4585, -1.87993, -1.36262, -1.60939, -1.74794, -1.66673, -1.46669, -1.10543, -1.23358, -1.16465, -1.08507, -1.15622, -0.760967, -0.448164, -0.639745, -0.769149, -0.349609, -0.176747, 0.159808, -0.366803, -0.478933
1.74, 0.0319375, -0.217646, -0.534769, -0.96587, -1.10798, -1.22355, -1.18179, -1.41755, -1.03795, -1.79259, -1.83349, -1.51325, -1.32821, -1.89159, -1.64659, -1.80278, -1.80906, -2.40482, -1.92221, -1.93019, -1.5969, -1.77639, -1.63308, -1.5336, -1.56004, -1.61376, -1.48918, -1.10681, -1.00834, -1.15384, -1.11386
1.76, 0.0319375, -0.141303, -0.630146, -0.463061, -0.351454, -0.260366, -0.824791, -0.119313, -0.0625732, -0.500621, -1.03786, -1.30517, -1.05183, -0.894883, -1.00393, -0.810594, -1.08871, -0.831066, -0.870442, -1.20686, -1.11817, -1.26776, -1.46923, -1.38327, -1.24524, -1.59507, -1.2084, -1.03991, -0.920283, -1.294, -1.50514
1.78, 0.0319375, -0.364896, -0.680767, -1.22858, -1.12438, -1.08988, -1.82562, -1.6123, -1.63745, -1.40108, -1.50834, -1.8765, -2.22046, -2.04322, -1.49799, -1.78771, -1.93936, -1.5937, -1.69409, -1.63868, -1.45302, -1.86212, -1.83486, -1.56904, -1.2156, -1.27111, -1.44833, -1.37161, -0.999378, -1.07493, -1.31163
1.8, 0.0319376, -0.972703, -1.34668, -1.13581, -1.4897, -1.19829, -1.48002, -1.92253, -1.90727, -2.04287, -1.72638, -1.70309, -1.81158, -1.39328, -1.92781, -1.96415, -1.75347, -1.72886, -1.8602, -1.75559, -1.89459, -1.85772, -1.78995, -1.76144, -1.82466, -1.46346, -1.3445, -1.26145, -0.864233, -1.27565, -1.61905
1.82, 0.0319375, -0.556469, -0.985055, -1.7396, -1.69408, -1.11821, -1.53055, -1.39589, -1.45739, -1.77781, -2.05091, -1.70846, -1.05413, -1.65067, -1.2589, -2.01618, -2.10768, -1.68607, -1.75547, -1.86418, -2.00197, -1.79927, -1.62226, -1.49993, -1.83161, -1.28971, -1.36453, -1.51146, -1.08641, -1.09197, -1.35517
1.84, 0.0319375, 0.1962, -0.943149, -1.41699, -1.64833, -1.81973, -1.11506, -1.20283, -2.02433, -1.84349, -1.26184, -2.16072, -1.85808, -1.59656, -1.62192, -1.72778, -1.5703, -1.55795, -1.72117, -1.53473, -1.77367, -1.70674, -1.70502, -1.80903, -1.43387, -1.64208, -1.3078, -1.27431, -1.44146, -1.3508, -1.55696
1.86, 0.0319375, 1.51019, 1.38267, 1.44581, 1.31473, 1.46165, 1.72863, 2.07698, 2.07493, 2.08815, 1.99511, 1.7558, 1.60414, 1.81418, 2.08575, 2.1685, 1.728, 1.64719, 1.37113, 1.3948, 1.11668, 0.707497, 1.69199, 1.98198, 1.66878, 2.30887, 2.72588, 2.16006, 1.74418, 1.85225, 1.33096
1.88, 0.0319375, 1.20846, 0.379796, 0.199182, 0.219051, 1.02761, 1.30387, 0.52055, 1.20256, 1.07068, 0.418434, 0.561922, 0.448459, 0.875882, 1.25702, 1.36906, 0.657356, 0.927159, 1.34269, 1.5526, 0.791353, 0.919684, 1.15416, 1.07049, 1.52058, 1.54072, 1.37344, 1.57465, 1.83248, 1.68265, 1.49852
1.9, 0.0319375, 0.533106, -0.412411, -0.388369, -1.07342, -1.1344, -1.28036, -0.975254, -0.309426, -0.628656, -0.783875, -0.54766, -0.954556, -0.874011, -0.890729, -0.757105, -0.331503, -0.120764, 0.264122, 0.161099, 0.0659114, 0.129083, 0.308587, 0.283353, 0.495896, 0.226619, 0.0632759, 0.232789, 0.0508903, -0.163009, 0.186077
1.92, 0.0319376, 0.516302, -0.326803, -0.770926, -1.27538, -0.351222, 0.0511929, -0.411419, -1.15741, -0.994707, -0.612975, -1.04562, -0.48807, -0.415246, -0.550992, -0.134117, -0.0648116, 0.106463, 0.254315, 0.0877125, 0.0719859, 0.283493, 0.131271, -0.199099, 0.426698, 0.254458, 0.299122, 0.327436, 0.317015, 0.667597, 0.292565
1.94, 0.0319375, -0.994261, -0.773316, -0.760637, -1.19063, -0.965458, -0.840701, -0.598886, -0.908668, -1.38911, -1.16709, -0.577235, -0.956689, -1.23904, -1.03981, -0.679586, -1.19138, -1.20795, -0.857, -0.164007, 0.0330961, -0.125537, -0.526096, -0.52766, -0.588816, -0.613797, -0.475068, -0.120351, -0.0779272, -0.440159, -0.194028
1.96, 0.0319375, -0.661158, -0.925272, -1.57622, -1.02516, -1.15541, -0.836052, -1.25762, -1.39815, -1.56783, -1.70328, -1.83776, -1.07448, -1.27166, -1.39366, -1.05643, -1.08021, -1.02658, -0.85194, -0.812402, -1.09132, -0.493917, -0.752603, -0.325447, -0.491008, -0.42186, -0.341218, -0.723734, -0.465646, -0.419458, -0.571129
1.98, 0.0319376, 0.0504584, -0.512106, -1.28934, -0.907433, -0.695086, -0.92679, -1.58844, -1.38789, -1.06121, -1.18016, -1.49849, -1.6016, -1.16481, -0.920369, -0.438031, 0.268331, 0.328262, 0.252337, -0.0298198, -0.406351, -0.094959, -1.48955, -1.241, -0.504081, -0.0168277, 0.0338501, 0.00070273, -0.204438, 0.0225693, -0.271264
2, 0.0319376, -0.0842513, -1.64753, -0.404199, -0.389387, -0.832014, -1.22999, -1.66916, -1.57082, -1.36384, -1.62424, -1.27286, -1.29142, -1.72911, -1.30401, -1.32249, -1.15831, -0.613832, -0.983636, -0.680049, -0.359949, -0.74973, -1.16252, -0.932077, -1.1023, -0.74784, -0.650629, -0.786922, -0.759358, -0.698956, -0.724635
2.02, 0.0319376, -0.346741, -0.810715, -0.546535, -0.959384, -0.615373, -0.710267, -0.898886, -1.37351, -1.78542, -0.988753, -1.7721, -2.15512, -1.84441, -0.836397, -1.31279, -1.72563, -0.952151, -1.29162, -0.764453, -0.714104, -1.00136, -0.654373, -0.916014, -1.21545, -1.37455, -0.680211, -0.869341, -0.653591, -0.648922, -0.801082
2.04, 0.0319376, -1.49597, -1.67107, -0.991522, -1.36432, -1.09217, -1.17759, -1.76257, -1.72037, -1.72047, -0.988302, -0.872662, -1.32961, -0.962508, -0.740844, -0.910522, -0.959758, -0.671082, -0.238591, -0.218864, -0.637488, -0.652988, -0.890238, -0.557187, -0.9592, -0.812563, -0.630561, -0.459231, -0.333411, -0.043929, 0.037068
2.06, 0.0319376, 0.158698, 0.0219749, -0.549888, -1.39209, -0.753897, -1.06375, -0.802175, -1.3318, -1.29217, -1.59703, -0.9046, -1.47881, -1.42012, -1.72328, -1.35268, -1.10329, -0.870476, -0.987836, -0.689628, -0.666108, -0.967465, -1.07847, -1.10725, -1.11493, -0.768418, -1.24878, -1.39232, -0.890085, -0.716304, -0.784541
2.08, 0.0319376, -0.00591816, -0.983248, -1.72644, -1.86203, -1.22095, -1.1838, -1.32219, -1.77971, -1.7255, -1.9698, -1.81801, -2.08095, -1.54642, -1.84374, -1.70985, -1.49525, -1.46668, -1.447, -1.02566, -0.725179, -1.26906, -1.39012, -1.01116, -1.37832, -1.13673, -1.37969, -0.957127, -0.865703, -0.845429, -0.938548
2.1, 0.0319376, -1.48998, -1.40763, -1.44445, -1.62775, -1.30562, -1.37187, -1.75137, -1.9805, -1.74276, -1.61356, -2.23197, -2.18348, -2.09951, -1.51987, -1.76317, -1.1668, -1.093, -1.45191, -1.23648, -0.825517, -1.23794, -1.57578, -1.41313, -1.43293, -1.04266, -1.10258, -1.19018, -0.834802, -0.651517, -0.425223
2.12, 0.0319376, -0.206199, -1.62505, -0.836358, -0.908715, -1.2525, -2.10636, -2.64312, -1.70098, -1.82825, -1.29076, -1.26133, -1.3753, -1.1011, -1.15005, -0.788025, -0.654952, -0.536261, -0.219702, -0.0826907, 0.189975, 0.237316, 0.153988, 0.117533, -0.284973, 0.298825, 0.940972, 1.51747, 2.10587, 1.36048, 0.712175
2.14, 0.0319374, -0.294628, -2.1061, -1.42902, -1.6476, -0.948166, -1.12669, -1.229, -1.18677, -1.75049, -2.12786, -1.37492, -2.04881, -2.20278, -1.54155, -1.51856, -1.73531, -1.22067, -1.05668, -1.17774, -0.665742, -0.876055, -1.11221, -0.937056, -0.9021, -0.729688, -0.432659, 0.14013, 0.836581, 0.1528, -0.277662
2.16, 0.0319374, -1.96357, -1.048, -0.849428, -0.932399, -1.65275, -1.37907, -1.48738, -2.00052, -2.13773, -2.05701, -1.62782, -1.67504, -2.08592, -1.48526, -1.26349, -2.22176, -1.9503, -1.07651, -1.15896, -1.28883, -1.42531, -1.47758, -1.33299, -1.11734, -1.22128, -0.935549, -0.937294, -0.975082, -1.20797, -1.17809
2.18, 0.0319374, -0.75302, -1.11439, -1.25294, -1.13516, -0.866144, -1.11425, -1.32985, -1.09258, -1.61905, -1.99615, -1.97513, -1.98632, -2.0513, -1.39188, -1.86875, -1.92093, -1.83197, -1.78362, -1.8304, -1.28225, -1.2856, -1.65898, -1.52979, -1.51125, -1.50552, -1.29088, -1.42579, -1.03001, -1.3744, -1.65729
2.2, 0.0319374, -1.05324, -1.12779, -0.605894, -1.88103, -1.9877, -1.56575, -1.55351, -1.74055, -1.2843, -1.93125, -1.93576, -1.60337, -1.44926, -1.58759, -1.87204, -1.87481, -1.58799, -1.62527, -1.35104, -1.51943, -1.62627, -1.77339, -1.65785, -1.35044, -1.334, -1.2516, -1.53328, -1.30475, -1.22489, -1.02802
2.22, 0.0319374, -0.379181, -1.68232, -0.826873, -1.20832, -1.11685, -1.26358, -0.958233, -1.12807, -0.81779, -1.04084, -0.976397, -1.12272, -1.21228, -1.713, -1.87125, -1.18698, -1.53971, -1.23837, -1.00899, -0.732287, -0.968262, -1.24464, -1.42135, -1.51547, -0.975595, -1.30537, -0.778499, -0.848957, -0.583265, -1.03502
2.24, 0.0319376, -0.536057, -1.02462, -1.41954, -1.4434, -0.945138, -1.06117, -0.78029, -0.814798, -2.32007, -1.62961, -1.28794, -0.985235, -1.60826, -1.84773, -1.92213, -1.55551, -1.32298, -1.61029, -1.59843, -1.39248, -1.63434, -1.60401, -1.71146, -1.37662, -1.62145, -1.57018, -1.22957, -0.983782, -0.774355, -1.06934
2.26, 0.0319376, -0.703607, -0.263369, -0.346247, -0.809681, -1.30027, -1.18724, -1.00901, -0.891983, -1.47699, -1.69293, -1.32275, -1.00893, -1.87375, -2.03012, -2.0987, -1.41664, -1.88713, -2.00355, -1.73325, -1.63955, -1.69711, -2.18171, -1.64858, -1.80044, -1.49092, -1.307, -1.61921, -1.07674, -1.22201, -1.33956
2.28, 0.0319376, -0.305444, -1.43977, -1.06672, -1.22042, -1.15095, -1.49258, -1.84626, -1.97511, -2.05165, -2.1552, -1.96249, -1.9732, -1.82272, -1.95129, -1.90349, -1.64347, -1.35391, -1.41372, -1.89045, -1.64473, -1.51055, -1.81787, -1.68259, -1.3697, -1.35776, -1.20954, -0.986235, -0.680258, -0.775291, -0.799541
2.3, 0.0319376, -0.352551, -0.931823, -1.40794, -0.952802, -0.853476, -1.09502, -1.1647, -1.92835, -1.64238, -1.48926, -1.63164, -2.27809, -1.57945, -1.39895, -1.6355, -2.19471, -1.88187, -1.63474, -1.45058, -1.61252, -1.74379, -2.04857, -1.42249, -1.36621, -1.12884, -1.02588, -1.21053, -0.840025, -1.19196, -0.80918
2.32, 0.0319376, -0.671026, -1.7429, -1.41855, -1.26883, -0.913782, -0.526299, -0.736156, -1.03968, -1.72959, -1.48966, -1.64244, -1.90679, -2.02855, -1.80589, -1.52468, -2.10308, -1.94755, -1.76996, -1.72607, -1.50238, -1.7223, -1.67447, -2.1866, -1.63809, -1.38411, -0.976041, -1.09348, -0.907223, -0.97416, -0.978325
2.34, 0.0319376, -1.62564, -1.70931, -1.31972, -1.57558, -1.50397, -1.55712, -1.80924, -1.90035, -1.70287, -1.49483, -2.58151, -2.05813, -1.88548, -2.16082, -1.50924, -1.69067, -2.06479, -2.3504, -1.70715, -1.48181, -1.68957, -2.15889, -1.66299, -1.69948, -1.30574, -1.46558, -1.41156, -1.16802, -1.20097, -1.50118
2.36, 0.0319376, -0.426978, -1.29029, -1.6894, -2.04489, -0.908488, -1.12083, -0.829533, -1.10476, -1.75847, -2.30261, -2.13756, -1.33493, -1.36652, -1.65103, -2.04266, -1.89057, -1.98268, -2.00519, -1.35273, -1.55495, -2.02816, -2.06828, -1.89241, -1.48783, -1.45026, -1.64816, -1.512, -1.45935, -1.34602, -1.4461
2.38, 0.0319374, -1.87652, -1.24786, -1.3554, -2.45366, -1.64158, -1.15868, -1.16399, -1.06044, -1.19848, -1.73417, -1.65056, -1.91423, -1.70668, -1.87732, -1.77989, -1.73709, -1.78934, -2.02612, -1.67325, -1.6422, -1.91782, -1.97198, -1.8372, -1.66833, -1.23514, -1.07066, -1.2215, -1.20376, -1.34676, -1.32068
2.4, 0.0319374, -0.814332, -1.25789, -0.911171, -1.41023, -1.95747, -1.14454, -1.14529, -1.26063, -1.63634, -2.26028, -1.31722, -1.20754, -1.86108, -2.19633, -1.83579, -1.44655, -1.27787, -1.47221, -1.66345, -1.47608, -2.00453, -1.66426, -1.46686, -1.25935, -1.39455, -1.24545, -1.32696, -1.22766, -1.15948, -1.14826
2.42, 0.0319374, -0.5202, -1.05837, -0.651434, -1.02947, -1.61662, -2.57995, -1.54928, -1.26529, -1.68817, -1.90745, -1.94583, -1.60523, -1.87876, -1.82363, -1.82821, -2.17401, -1.57693, -1.6398, -1.49156, -1.42742, -1.57155, -1.5939, -1.62196, -1.40611, -1.28331, -0.923059, -0.757918, -0.775309, -0.705028, -0.479512
2.44, 0.0319374, -0.793578, -1.06737, -1.04695, -1.86354, -1.14952, -0.509201, -1.09478, -1.44431, -1.32737, -1.1196, -1.59479, -2.06854, -1.82867, -2.15868, -2.07472, -2.07928, -2.023, -1.84877, -1.77276, -1.93895, -1.43165, -1.48697, -1.48823, -1.13707, -1.12049, -0.890652, -0.789274, -0.775414, -0.691833, -0.841988
2.46, 0.0319374, -0.0420268, -0.587046, -0.890346, -0.916239, -0.986911, -0.663752, -0.925785, -1.41538, -1.60551, -1.63224, -2.27048, -1.65956, -1.72375, -1.68525, -1.50164, -2.05355, -1.9243, -1.73928, -1.57681, -1.43161, -1.63243, -1.83009, -1.31551, -1.41344, -1.43092, -1.11997, -1.08196, -0.948791, -0.612006, -0.962027
2.48, 0.0319376, 0.186468, -0.457977, -1.10647, -0.80807, -0.915403, -0.977508, -1.05486, -1.46396, -2.20734, -1.93186, -1.71729, -1.54118, -1.34842, -1.42527, -1.34425, -1.49472, -0.963157, -1.59019, -1.22139, -1.18649, -1.27244, -1.15222, -0.948503, -0.930152, -1.02863, -0.775669, -0.580015, -0.407288, -0.720268, -0.851314
2.5, 0.0319376, -0.703877, -1.36091, -1.96347, -1.56218, -1.69838, -2.29361, -1.87518, -1.84936, -1.27908, -1.2594, -1.37367, -1.84695, -1.73681, -2.01801, -1.70287, -1.91812, -2.09097, -1.83883, -1.37183, -1.3301, -1.9449, -1.90649, -1.65939, -1.34612, -1.29991, -1.54684, -1.13593, -1.0969, -1.326, -1.34532
2.52, 0.0319376, -0.947399, -1.82401, -1.15294, -0.865502, -1.28334, -1.61029, -1.75141, -1.12993, -1.20037, -2.05228, -1.94289, -1.2892, -1.51011, -2.09185, -2.07925, -1.80225, -1.54912, -2.19862, -1.80127, -1.6287, -1.86996, -1.66255, -1.78017, -1.63578, -1.31346, -1.31424, -1.39476, -1.36628, -0.979431, -1.36835
2.54, 0.0319376, -0.321174, -1.03796, -1.5424, -1.79796, -1.60648, -0.812766, -1.0746, -1.18653, -1.25085, -1.73025, -1.55278, -1.60769, -1.76477, -1.8916, -1.90155, -1.88875, -1.8569, -1.65307, -1.52294, -1.41714, -1.59413, -1.57894, -1.40809, -1.35793, -1.30782, -1.3554, -1.23743, -0.790149, -1.09933, -1.32511
2.56, 0.0319376, -0.240885, -0.420698, -0.0285406, -0.327571, -0.342418, -0.506228, -0.407403, -1.16382, -1.02146, -1.18551, -1.90786, -1.67634, -1.58656, -1.59186, -2.66415, -1.79831, -1.55915, -1.18759, -0.98404, -1.29405, -1.41305, -1.2091, -1.29194, -0.480914, -0.668831, -1.22103, -0.463515, -0.75865, -0.846637, -0.606924
2.58, 0.0319376, -1.12921, -1.71312, -1.8728, -1.61922, -0.94641, -1.48087, -1.88067, -2.04252, -1.99604, -1.89567, -1.76024, -1.78099, -2.1728, -1.40298, -1.48223, -1.49495, -2.1111, -1.65351, -1.25449, -1.45903, -1.34434, -1.69693, -1.41462, -1.57195, -1.17072, -0.780453, -0.888622, -0.541423, -0.85913, -0.810338
2.6, 0.0319376, -0.94751, -1.10074, -0.988915, -1.52058, -1.88157, -1.67432, -1.6149, -1.85007, -1.19365, -1.28128, -1.48231, -1.69731, -1.74825, -1.75153, -1.48828, -1.63313, -1.28758, -1.64974, -1.63107, -1.51182, -1.71771, -1.43923, -1.55754, -1.43755, -1.39031, -1.37186, -1.29496, -1.02385, -1.04988, -1.17507
2.62, 0.0319376, -0.0800393, -0.815367, -1.06088, -1.69075, -0.872878, -0.782126, -1.60102, -2.20463, -1.82183, -1.58971, -1.24261, -1.6542, -1.39207, -1.7477, -1.66874, -1.69424, -1.62249, -1.97664, -1.79533, -1.40789, -1.25958, -1.65806, -1.72399, -1.04843, -0.845908, -1.05882, -1.46457, -0.850254, -1.08871, -1.05392
2.64, 0.0319374, -0.422937, -0.587954, -0.848888, -0.992725, -1.27056, -0.936624, -1.41391, -1.36335, -1.49644, -1.80328, -1.5931, -2.22005, -1.61222, -1.78383, -1.44592, -1.61955, -1.91635, -1.61186, -1.63134, -1.75683, -2.12162, -1.66451, -1.39994, -1.50587, -1.41508, -1.36464, -0.831037, -0.449017, -0.463375, -0.705789
2.66, 0.0319374, -0.864297, -0.653406, -1.32962, -0.887435, -0.794374, -0.77357, -0.815821, -1.14194, -1.14213, -1.50511, -2.11098, -1.14962, -1.03871, -1.28665, -1.58804, -1.92303, -1.76027, -1.81409, -1.73507, -1.57613, -1.9775, -1.86894, -1.716, -1.34686, -1.05335, -0.412057, -0.475531, -1.03751, -1.041, -1.10965
2.68, 0.0319374, 0.50612, -0.760429, -0.958285, -1.12525, -0.725955, -0.388231, -0.446407, -1.08037, -0.846591, -0.78823, -1.19244, -1.24096, -0.771138, -0.921889, -0.864008, -0.677871, -0.125177, 0.394618, 0.210482, 0.229886, -0.273488, -1.27922, -0.783984, -0.353099, 0.344848, -0.206539, -0.288586, -0.0565296, 0.213082, 0.392012
2.7, 0.0319374, -0.554362, -0.878443, -0.0974664, -0.938309, -1.45096, -1.00478, -1.09385, -1.31991, -1.30195, -1.09998, -1.1176, -1.33122, -1.4847, -1.24944, -1.11334, -1.2232, -0.522695, -0.173511, -0.779503, -0.448615, -0.599023, -0.539537, -0.857701, -0.30107, 0.265697, -0.131197, -0.459836, -0.349464, 0.159837, 0.121336
2.72, 0.0319374, -1.62576, -0.811087, -0.659504, -1.1346, -1.32297, -1.52908, -0.993526, -1.26804, -1.2994, -1.69029, -2.6561, -1.69106, -1.46449, -1.36394, -1.58574, -2.06492, -1.97824, -1.19786, -1.11377, -1.11468, -1.38034, -1.5724, -1.5601, -1.32228, -1.36844, -1.37389, -1.56242, -1.32335, -1.06606, -1.16236
2.74, 0.0319376, -0.434275, -2.51236, -1.56164, -1.1127, -1.39402, -1.05084, -1.32834, -1.97536, -1.75196, -1.47739, -1.45315, -1.27685, -1.11994, -1.12731, -1.54015, -2.25138, -1.76374, -1.70083, -1.81292, -1.25469, -1.21163, -1.3371, -1.22878, -0.974085, -0.750709, -0.524273, -0.396948, -0.661861, -0.25654, -0.404398
2.76, 0.0319376, -0.415816, -1.33569, -0.817087, -0.726607, -1.06811, -0.78906, -1.13206, -1.26656, -1.23629, -0.901993, -1.50443, -2.27649, -1.51844, -1.14023, -1.89965, -1.93603, -1.56254, -1.62238, -1.79177, -1.43191, -1.08289, -1.30164, -1.53216, -1.3947, -1.04191, -1.07447, -1.29751, -0.94392, -0.765709, -0.934789
2.78, 0.0319376, -0.986501, -0.874914, -0.622595, -1.70359, -1.36862, -1.07039, -0.776078, -0.808272, -0.916976, -1.40063, -1.52505, -1.74132, -1.56479, -1.58747, -1.86788, -2.10122, -2.10488, -1.58284, -1.43552, -1.36651, -1.67679, -1.78128, -1.9025, -1.54112, -1.60989, -1.07454, -0.962424, -1.01105, -1.02177, -0.680237
2.8, 0.0319376, -0.969381, -0.967244, -1.39376, -1.67217, -1.36864, -0.571867, -1.32, -1.19002, -1.49296, -2.20187, -2.40592, -1.85141, -1.49616, -1.64094, -2.09557, -1.79268, -1.93552, -1.95265, -1.63233, -1.19698, -1.67765, -1.6474, -1.71296, -1.46287, -1.09359, -1.09886, -0.994517, -0.683922, -0.792946, -1.01309
2.82, 0.0319376, -1.29098, -0.985977, -1.77813, -1.06151, -1.13018, -0.950125, -1.16003, -1.1407, -0.91786, -1.38665, -1.8834, -1.68452, -1.47341, -1.56795, -1.54391, -1.5364, -1.30269, -1.35871, -1.64644, -1.55793, -1.71935, -1.71456, -1.83762, -1.34944, -1.35088, -1.21368, -1.18445, -1.04455, -1.07228, -1.34572
2.84, 0.0319376, 0.0756584, -0.531222, -0.310086, -1.07012, -1.20239, -1.28478, -0.880706, -1.11162, -1.3267, -1.36716, -1.62489, -1.93029, -1.62931, -1.65112, -1.4142, -1.82494, -2.34329, -1.63487, -1.4105, -1.45679, -1.68103, -1.65274, -1.38976, -1.28577, -1.47862, -1.33934, -1.29053, -0.959663, -0.957903, -0.857795
2.86, 0.0319376, -0.180314, -0.960578, -0.538157, -0.89042, -1.17058, -1.29732, -1.2437, -1.56075, -1.44221, -1.56938, -1.38334, -1.15051, -1.18207, -1.33076, -1.47145, -1.07962, -1.16489, -0.630436, -0.562261, -0.481059, -0.372079, -0.349128, -1.05934, -0.54405, 0.269443, 0.276092, -0.0321624, 0.2415, -0.251908, -0.480972
2.88, 0.0319374, -0.00105472, -1.10213, -1.18495, -1.05217, -1.80728, -1.4065, -1.66735, -1.98912, -1.96897, -1.46782, -1.19785, -1.18468, -1.12421, -1.52621, -1.43049, -1.24966, -0.883787, -0.508011, -0.928824, -0.950497, -0.930953, -0.775572, -0.938987, -0.852977, -0.293632, -0.424418, -0.754338, -0.369696, -0.747423, -0.695625
2.9, 0.0319374, -1.07047, -1.10583, -1.36342, -1.73145, -1.65527, -2.14493, -1.73611, -1.89954, -1.11447, -1.35256, -1.86375, -1.7315, -1.7473, -1.60939, -1.68517, -1.99013, -1.82798, -1.78902, -1.63291, -1.63195, -2.01175, -1.53702, -1.77412, -1.72589, -1.32163, -1.06753, -1.28554, -1.2895, -1.05677, -0.943782
2.92, 0.0319374, -0.957894, -0.745471, -0.88778, -1.65099, -1.89083, -1.63488, -1.36974, -1.67822, -1.3412, -1.41388, -2.13699, -1.73136, -1.69069, -1.78677, -1.71449, -1.97318, -1.88722, -1.40939, -1.12987, -1.03096, -1.27485, -1.57126, -1.23234, -1.42622, -1.20744, -0.921335, -0.872753, -1.16109, -1.19063, -1.11258
2.94, 0.0319374, -0.340605, -0.782015, -1.57283, -0.857253, -1.30838, -1.26159, -1.41828, -1.32771, -1.36419, -1.75935, -1.60072, -1.65441, -1.15718, -1.54179, -2.03369, -1.80775, -2.01791, -1.82982, -1.95111, -1.87719, -1.1437, -1.57337, -1.63544, -1.52698, -1.382, -1.41692, -1.5002, -1.12909, -1.05838, -1.14378
2.96, 0.0319374, -0.736688, -0.778613, -1.11836, -1.30435, -1.49708, -2.03362, -1.41951, -1.43245, -1.08763, -1.61411, -1.58312, -1.71276, -1.45852, -1.33239, -1.82921, -1.44346, -1.61934, -1.77233, -1.07906, -1.56024, -1.66454, -1.66439, -1.75645, -1.58298, -1.22199, -1.33836, -0.952554, -1.27002, -1.51604, -1.42833
2.98, 0.0319376, -1.08587, -1.01553, -0.704647, -0.820847, -1.17229, -0.690852, -0.796031, -1.49919, -1.71803, -1.77685, -1.51252, -1.53549, -0.97945, -1.47644, -2.03699, -1.98264, -1.81249, -1.70095, -1.54107, -1.6006, -1.80229, -2.01497, -1.59328, -1.42008, -1.24257, -1.31484, -1.05296, -1.13519, -1.21544, -1.05826
3, 0.0319376, -0.394291, -1.39004, -1.31085, -0.614459, -1.01193, -1.17992, -1.23848, -1.14491, -1.85281, -1.51919, -1.86493, -1.70035, -1.50726, -2.09624, -1.58563, -1.54681, -1.65492, -1.92183, -1.65853, -1.19389, -1.32809, -1.81062, -1.64619, -1.4608, -1.17235, -1.07629, -1.35186, -1.13184, -1.23237, -1.27822
3.02, 0.0319376, -0.283059, -1.1355, -1.23893, -0.373466, -1.28918, -1.36975, -1.05197, -1.12359, -0.984491, -1.53404, -2.19618, -1.65107, -1.46662, -1.11516, -1.3112, -1.80735, -1.34051, -1.76613, -1.55691, -1.54903, -1.6523, -1.81458, -1.67247, -1.54643, -1.42078, -1.40841, -1.35801, -1.18836, -1.0784, -1.42083
3.04, 0.0319376, 0.121832, -0.973178, -0.855938, -1.19643, -0.565678, -0.513061, -0.772382, -0.650841, -1.52004, -1.55196, -1.58, -1.83696, -2.06633, -1.81679, -1.82932, -1.62103, -1.81825, -2.2359, -2.39275, -1.97382, -1.81235, -1.76896, -1.69459, -1.71587, -1.51858, -1.4684, -1.52421, -1.67092, -1.22113, -1.53154
3.06, 0.0319376, -1.44289, -0.975208, -1.64303, -2.30537, -1.65324, -1.19554, -1.10732, -1.42762, -1.86328, -2.09298, -1.96552, -2.0849, -2.00468, -1.66246, -2.11518, -1.96258, -2.17626, -1.99192, -1.56596, -1.62493, -1.55626, -1.99938, -1.64911, -1.5779, -1.38197, -1.63899, -1.45405, -0.980754, -1.09042, -1.31637
3.08, 0.0319376, -0.618029, -0.932369, -1.37373, -1.51145, -0.784769, -0.869589, -0.801584, -0.931174, -1.33856, -1.25547, -1.25738, -2.12563, -2.41942, -1.30885, -1.6914, -1.58778, -1.78063, -1.78938, -1.58828, -1.2907, -1.46044, -1.83407, -1.58241, -1.49267, -1.29288, -1.25196, -1.09815, -0.872878, -0.676444, -0.684737
3.1, 0.0319376, -0.917821, -0.487785, -1.20822, -1.24586, -0.898343, -0.863355, -1.68786, -1.56194, -1.50444, -1.1848, -1.31667, -1.43282, -1.4488, -1.48613, -1.25955, -1.16448, -0.810275, -1.13613, -0.905413, -0.838033, -1.28239, -0.889785, -0.670142, -0.285979, -0.000188309, -0.234692, -0.145157, 0.594266, 0.810813, 0.741615
3.12, 0.0319376, -0.442746, -1.16448, -1.53043, -0.711802, -1.16423, -1.97617, -1.51254, -1.35813, -1.57882, -1.61742, -1.46807, -1.46719, -1.98139, -2.07975, -1.66978, -1.45509, -1.71334, -2.36576, -1.93347, -1.52965, -1.84081, -1.77787, -1.70144, -1.70592, -1.58066, -1.17142, -0.990014, -0.90496, -1.22797, -0.967312
3.14, 0.0319374, -1.21471, -1.3939, -0.910367, -1.22036, -1.02128, -0.730707, -1.16929, -0.799258, -0.666802, -0.768659, -0.87616, -1.6099, -1.0583, -0.940912, -0.849065, -1.1208, -1.15344, -1.70041, -1.86432, -1.89508, -1.74962, -2.05296, -1.8376, -1.51595, -1.31288, -1.56023, -1.3194, -0.952911, -0.909229, -1.06358
3.16, 0.0319374, -1.12872, -1.05238, -0.504731, -1.06427, -0.616764, -0.997326, -0.858537, -1.39726, -1.43175, -1.46016, -1.66809, -1.49745, -1.09637, -1.21539, -2.01222, -1.53506, -1.4794, -2.12251, -1.57909, -1.29902, -1.69026, -1.9855, -1.97016, -1.3923, -1.39467, -0.995375, -1.08587, -1.37104, -1.09724, -0.963763
3.18, 0.0319374, -1.54695, -1.39566, -1.27437, -1.74462, -1.6833, -1.17534, -1.22621, -1.08159, -1.2371, -1.32595, -1.36268, -1.452, -1.51319, -1.9211, -1.56487, -1.88911, -1.63328, -1.91268, -1.56741, -1.79229, -1.83126, -1.94733, -1.73083, -1.94575, -1.39514, -1.30358, -1.33234, -1.1603, -1.13148, -1.11041
3.2, 0.0319374, 0.225513, -0.421882, -0.60656, -0.895701, -1.24063, -1.33611, -0.696198, -0.903279, -0.982023, -1.44075, -1.13971, -1.15547, -1.52971, -1.50362, -1.3707, -1.3149, -2.04552, -1.3585, -1.2536, -1.6359, -2.06425, -1.98076, -1.60863, -1.61324, -1.26954, -1.00412, -1.39603, -1.09575, -1.10418, -1.03483
3.22, 0.0319374, 0.162075, -0.787471, -0.575959, -0.964659, -0.740923, -1.3539, -1.74199, -1.53203, -1.38099, -1.94954, -2.91051, -2.39753, -1.77329, -1.62742, -1.66524, -1.96626, -1.55862, -1.55469, -1.36969, -1.51671, -1.69025, -1.69184, -1.91517, -1.85265, -1.68559, -1.46636, -1.33387, -1.35668, -1.09911, -1.02674
3.24, 0.0319376, -0.448302, -0.831966, -0.883622, -1.44229, -1.45159, -1.11872, -1.61338, -1.1598, -1.68271, -2.18183, -2.27818, -1.94196, -2.58901, -2.08084, -1.88441, -1.70918, -1.4327, -1.86841, -1.50139, -1.47612, -1.6131, -2.093, -1.832, -1.64051, -1.47479, -1.26368, -1.01846, -1.18236, -0.898245, -1.03111
3.26, 0.0319376, -0.593692, -1.27001, -1.48899, -1.1998, -1.14126, -1.56357, -1.61162, -1.35529, -0.962453, -0.967169, -1.13412, -1.35574, -1.73488, -1.73494, -1.23695, -1.71951, -1.54746, -1.97166, -2.16421, -1.57579, -1.47198, -1.80029, -1.83131, -1.84502, -1.42934, -1.3344, -1.37971, -1.72473, -1.3513, -0.978939
3.28, 0.0319376, -0.22763, -1.09525, -1.28601, -1.14043, -0.703012, -1.70051, -1.81593, -1.99972, -2.053, -1.52738, -2.0839, -1.81826, -1.60164, -1.24945, -2.00445, -2.1876, -1.89077, -1.90861, -1.75882, -1.82314, -1.89221, -2.23781, -1.54748, -1.27472, -1.69773, -1.66222, -1.35424, -1.30763, -1.01101, -0.977355
3.3, 0.0319376, -0.637085, -1.56109, -1.83923, -1.20444, -0.93198, -0.929924, -1.50911, -1.16434, -1.47697, -1.5087, -2.29021, -1.34463, -1.59948, -2.02902, -2.01459, -1.65874, -1.78021, -1.86912, -1.70738, -1.72289, -1.69697, -1.60672, -1.63545, -1.49014, -1.4019, -1.67311, -1.39966, -1.15913, -0.725365, -0.817311
3.32, 0.0319376, -0.0788157, -1.54154, -1.26075, -1.63753, -1.73642, -1.05165, -1.59503, -1.26453, -1.13305, -1.24653, -1.77341, -2.07225, -2.32196, -1.99551, -1.4782, -1.49791, -1.34957, -1.70442, -1.44182, -1.42364, -1.32659, -1.58853, -1.38835, -0.816109, -0.817573, -0.606651, -0.530223, 0.0703464, -0.194516, -0.328758
3.34, 0.0319376, 0.0172308, -0.109138, -0.693973, -1.12736, -1.48709, -0.629697, -0.952756, -1.43942, -1.24747, -1.3635, -1.52412, -1.80608, -1.21446, -1.59294, -1.82475, -1.64237, -1.26629, -1.7965, -1.87809, -1.84457, -1.80271, -1.80408, -1.46315, -1.49646, -0.872123, -0.233318, 0.653991, 0.377286, 0.79461, 0.869102
3.36, 0.0319376, -2.51054, -1.51658, -1.18675, -1.31284, -1.49023, -1.06015, -1.61405, -1.586, -1.44933, -1.87271, -1.44256, -1.41103, -1.68401, -2.00788, -1.87703, -1.64581, -1.52415, -1.57935, -1.83054, -1.55773, -1.01857, -0.831286, -1.14135, -1.13753, -0.507244, -0.666678, -0.472987, -0.580042, -0.573932, -0.567072
3.38, 0.0319374, -1.18575, -1.59139, -1.61926, -1.02777, -0.982876, -1.38049, -1.28461, -1.37301, -1.46466, -1.70885, -1.45876, -0.983067, -1.40977, -1.63952, -1.9734, -1.80534, -2.10649, -1.47899, -1.42067, -0.322712, -1.14077, -1.57836, -1.47606, -0.81686, -0.607312, -0.747231, -0.37325, -0.395092, -0.92016, -0.510815
3.4, 0.0319374, -0.431264, -0.374719, -0.567773, -0.933747, -1.24219, -0.62074, -1.08083, -1.02311, -0.939629, -0.550595, -0.924072, -1.07978, -0.73187, -0.570622, -0.397016, -0.692623, -0.983972, -1.32038, -1.07798, -0.682167, -1.00248, -1.32386, -1.16311, -1.14073, -1.33513, -1.1532, -0.583243, -0.585186, -0.36828, -0.255818
3.42, 0.0319374, 0.288489, -0.693246, -0.635593, -0.843467, -0.815274, -1.56612, -1.32792, -1.56801, -1.40968, -1.57485, -1.72513, -1.39868, -1.4768, -1.72341, -1.94346, -1.80992, -1.61637, -1.66594, -1.97529, -1.81365, -1.81072, -1.83811, -1.60722, -1.35575, -0.968849, -1.17777, -0.878301, -0.850063, -0.846136, -0.97442
3.44, 0.0319374, -0.562404, -0.723903, -1.22645, -1.00618, -1.18623, -1.23491, -1.19153, -1.68914, -0.883002, -1.95179, -1.67082, -1.40643, -1.9031, -1.68651, -2.00341, -1.34945, -1.53133, -0.890982, -0.41821, 0.0649028, -0.567594, -0.513543, 0.170185, 0.0977897, 0.633598, 1.1325, 0.87458, 1.03509, 0.887142, -0.00861867
3.46, 0.0319374, -0.726178, -0.741958, -1.24279, -1.32944, -1.93316, -1.82927, -1.54052, -1.31201, -1.17009, -1.16285, -1.82519, -2.15419, -1.65586, -1.32365, -1.62649, -2.04695, -1.72631, -1.88111, -1.84842, -1.0854, -1.2893, -1.66901, -1.6126, -1.41805, -1.38232, -0.999368, -0.946261, -0.779467, -0.675333, -0.761651
3.48, 0.0319376, -1.03538, -0.54174, -0.927364, -1.20317, -1.49194, -1.80076, -1.47267, -1.84698, -2.08731, -1.85202, -1.84178, -1.9022, -1.96645, -1.48216, -1.57473, -1.60108, -1.68561, -1.45762, -1.61506, -1.84524, -1.66905, -1.70648, -1.84537, -1.73325, -1.35813, -1.0136, -1.01235, -1.12767, -0.957476, -0.699189
3.5, 0.0319376, -1.22414, -0.507982, -0.798711, -0.588513, -0.807087, -0.698658, -0.786933, -1.18275, -1.51856, -1.71289, -1.62738, -1.51155, -1.74444, -1.62228, -1.72348, -1.73001, -1.44425, -1.978, -1.5935, -1.32402, -1.29962, -1.67275, -1.60196, -1.2695, -1.19128, -0.897538, -0.506326, 0.131186, -0.39088, -0.692656
3.52, 0.0319376, -0.952741, -1.06338, -0.799998, -1.80003, -1.32922, -1.41371, -1.23784, -0.92963, -0.794147, -1.05004, -1.70036, -1.39296, -1.44461, -1.86301, -2.31199, -1.7898, -1.67955, -1.73985, -1.46563, -1.33166, -1.65155, -2.34278, -1.69123, -2.018, -1.76792, -1.4217, -1.48039, -1.06748, -1.16392, -1.36887
3.54, 0.0319376, 0.0406112, -0.976204, -0.556217, -1.17963, -1.6019, -0.846145, -1.27042, -1.72438, -1.8895, -1.4464, -1.46549, -1.06481, -1.4706, -1.65199, -1.6983, -1.78903, -1.78188, -1.89083, -1.92577, -1.61801, -1.8284, -1.8765, -1.47542, -1.42466, -1.3433, -1.2636, -1.27665, -0.967685, -1.23496, -1.14101
3.56, 0.0319376, 0.227309, -0.740836, -1.7971, -1.15618, -1.18589, -1.26745, -2.19747, -1.52913, -0.681875, -1.33416, -1.72077, -1.64156, -1.16136, -0.971197, -1.56635, -1.94703, -1.43187, -1.42848, -1.61159, -1.69145, -1.46291, -1.76701, -1.54538, -1.17289, -0.989015, -1.31463, -1.18208, -0.894938, -0.641629, -0.656868
3.58, 0.0319376, -0.76038, -0.732529, -0.0831229, -0.287234, -0.997353, -0.710445, -0.641082, -0.863331, -1.37428, -1.7424, -1.55799, -1.86171, -1.46599, -1.1665, -1.78181, -1.391, -1.25282, -1.41811, -1.69723, -1.81171, -1.62877, -1.28356, -1.33798, -1.66079, -1.44476, -1.21111, -1.11504, -1.34931, -1.38464, -1.1069
3.6, 0.0319376, -0.618463, -1.01549, -2.35874, -1.94456, -1.40216, -1.46118, -1.6362, -1.44119, -1.38532, -1.43374, -1.27952, -1.65955, -1.78625, -1.68123, -1.57532, -1.47649, -1.96261, -1.76022, -1.84042, -1.57116, -1.36392, -1.8271, -1.72239, -1.36562, -1.27398, -1.40282, -1.37652, -0.95091, -1.40046, -1.23935
3.62, 0.0319376, -0.273555, -0.753096, -1.50425, -1.15982, -1.00302, -1.28335, -0.736437, -0.397194, -0.925587, -0.391358, -0.726236, -1.05972, -0.806929, -0.977927, -0.849231, -1.01595, -1.2137, -1.61319, -1.69635, -1.11353, -1.5399, -1.84226, -1.51162, -1.31187, -1.26923, -1.3837, -1.33576, -1.02298, -1.15264, -1.02053
3.64, 0.0319374, 0.302916, -0.0904097, -0.239435, -0.317711, -0.911534, -0.104236, -0.346669, -0.595628, -1.19541, -1.17729, -1.4202, -1.52522, -2.072, -1.62759, -1.6822, -1.17823, -1.06648, -0.932232, -1.42031, -1.8768, -1.57346, -1.84036, -1.55788, -1.31342, -1.30889, -1.22361, -1.25712, -0.985647, -1.08221, -0.803682
3.66, 0.0319374, -0.216595, -0.520729, -1.11939, -1.33259, -1.90086, -1.65467, -1.73554, -1.79684, -1.38107, -2.08429, -2.20125, -2.04796, -2.31438, -1.7106, -1.71369, -1.49717, -1.69015, -1.58159, -1.74497, -1.71205, -1.59897, -1.9682, -1.49152, -1.84304, -1.66999, -1.37581, -0.851711, -0.934417, -0.519076, -1.04711
3.68, 0.0319374, -0.793789, -1.6919, -1.88172, -1.24925, -0.846204, -1.17036, -1.21871, -1.64429, -1.1955, -0.853452, -1.50609, -1.85499, -1.16242, -1.23705, -1.51016, -1.1567, -1.16558, -1.66308, -1.65591, -1.35311, -1.51762, -1.69335, -1.65063, -1.48335, -1.35226, -1.63605, -1.46903, -1.3328, -1.78992, -1.55405
3.7, 0.0319374, -1.38785, -0.979402, -0.155576, -1.47246, -1.54142, -1.45037, -0.909037, -0.7276, -0.87712, -1.59106, -1.21137, -1.17861, -1.08754, -1.31917, -1.41829, -1.37744, -1.73254, -1.73854, -1.39313, -1.38413, -1.90776, -2.0195, -2.08116, -1.72379, -1.67181, -1.43862, -1.23539, -1.31461, -1.25957, -1.15107
3.72, 0.0319374, -0.474655, -0.710572, -0.697548, -0.751627, -0.95765, -1.13325, -1.01682, -1.31021, -1.46156, -1.54724, -1.96683, -1.34802, -1.48291, -1.40203, -1.48909, -1.77737, -1.62377, -2.14512, -1.94434, -1.93284, -1.62638, -1.65868, -1.53549, -1.41635, -1.46211, -1.5221, -1.49204, -1.44043, -1.35826, -1.11063
3.74, 0.0319376, -0.75218, -0.965953, -1.41068, -1.32239, -1.29505, -1.95255, -1.19687, -1.14627, -1.50053, -1.74961, -1.6364, -1.42109, -2.02258, -1.90686, -1.9894, -1.93415, -2.06282, -1.83711, -1.79585, -1.80986, -1.57851, -1.59364, -1.75197, -1.7948, -1.63378, -1.44772, -1.42219, -1.21076, -1.26356, -1.20096
3.76, 0.0319376, 0.240701, -0.635473, -0.578099, -1.14394, -1.15336, -0.955349, -0.691911, -0.358934, -0.649314, -1.5232, -0.827082, -1.19654, -0.92017, -0.800666, -0.438733, -0.763027, -0.725368, -1.12847, -1.47367, -1.79247, -1.966, -1.74344, -1.41635, -1.15268, -1.04719, -1.09945, -1.09693, -0.997221, -1.27042, -1.16705
3.78, 0.0319376, -1.68732, -1.13864, -0.415228, -1.37728, -1.27047, -0.796387, -1.6909, -1.44502, -1.33984, -1.31817, -1.78491, -2.21458, -1.87704, -1.9289, -2.07385, -1.70018, -1.86032, -1.55574, -1.33271, -1.27173, -1.4054, -1.36821, -1.41347, -1.56652, -1.55231, -1.31956, -1.12743, -1.04191, -1.02313, -1.11021
3.8, 0.0319376, -0.341276, -1.51345, -1.29939, -1.3242, -1.1382, -0.680636, -0.781461, -0.579313, -1.09114, -1.38775, -1.33819, -1.88624, -1.43771, -1.59621, -1.93026, -1.72907, -2.01689, -2.33753, -2.02746, -1.8038, -1.40312, -1.90186, -1.87337, -1.52192, -1.42552, -1.48276, -1.31747, -1.47727, -1.25416, -1.23996
3.82, 0.0319376, -0.386315, -0.663811, -0.812749, -0.99672, -1.23968, -1.08736, -1.08036, -1.59494, -1.83746, -1.39522, -1.43727, -1.33401, -1.67787, -1.63608, -1.9316, -1.85583, -1.52185, -2.21329, -1.77857, -2.10705, -1.86384, -2.05801, -1.81347, -1.93781, -1.44648, -1.73885, -1.59454, -1.13346, -1.33074, -1.3757
3.84, 0.0319376, -0.330416, -0.654091, -1.12256, -0.752008, -0.815987, -1.02686, -0.699355, -0.860427, -0.7078, -1.0319, -1.47375, -1.29726, -1.44373, -0.969395, -1.22963, -1.87622, -1.4351, -1.70914, -1.45134, -1.50888, -1.98781, -1.93103, -1.83694, -1.27528, -1.41786, -1.67077, -1.23955, -1.61175, -1.43516, -1.41009
3.86, 0.0319376, -1.14488, -1.09817, -1.39792, -1.85021, -1.40504, -1.52847, -1.12578, -0.977665, -1.79798, -1.29481, -1.79208, -1.63161, -1.66723, -1.95636, -1.72654, -1.63845, -2.02259, -2.03661, -2.03684, -1.65521, -1.77811, -1.65909, -1.72012, -1.29269, -1.12351, -1.15337, -1.24989, -1.37043, -1.25905, -1.05385
3.88, 0.0319374, 0.10395, -0.926252, -0.941125, -0.850671, -1.10223, -1.30248, -1.7812, -1.28121, -1.15145, -1.51794, -2.26816, -2.00877, -1.43417, -1.86666, -1.90259, -1.826, -1.64109, -1.80896, -1.5869, -1.72249, -1.59052, -2.07343, -1.99877, -1.77959, -0.966472, -1.04701, -0.837967, -1.11614, -1.17877, -1.11694
3.9, 0.0319374, -1.65749, -0.861974, -0.761948, -1.03518, -1.33653, -1.22522, -1.28096, -1.31679, -1.46267, -1.71817, -1.48903, -1.88738, -1.82486, -1.44666, -1.53243, -1.92245, -1.85344, -1.70871, -1.79408, -1.95359, -1.88709, -1.77084, -1.58434, -1.55645, -1.08967, -1.00444, -1.17584, -0.937858, -0.668983, -0.957521
3.92, 0.0319374, -0.989514, -1.10672, -1.10843, -0.745535, -0.868715, -1.3789, -2.03373, -1.57231, -1.02766, -1.74604, -1.64483, -2.07583, -1.92177, -1.69935, -1.5046, -2.02658, -1.58881, -2.07995, -2.32547, -1.81197, -1.83774, -1.73203, -1.61013, -1.33967, -1.1343, -1.12561, -1.08694, -0.859382, -0.805254, -0.875299
3.94, 0.0319374, -0.482431, -0.89692, -1.74445, -1.56981, -0.927865, -0.699792, -0.528849, -0.715102, -0.902854, -1.39545, -1.72734, -1.74711, -2.01918, -1.46354, -1.30372, -1.5655, -1.59571, -1.47522, -1.42996, -1.46824, -1.46496, -1.55601, -1.23155, -1.28133, -0.954406, -1.17085, -1.47201, -1.19195, -0.899193, -1.05508
3.96, 0.0319374, 0.137001, -0.395778, -1.16675, -0.639974, -0.232144, -0.938039, -0.864193, -1.11292, -1.49843, -1.74064, -1.58221, -1.67092, -1.61997, -1.35444, -1.45005, -1.35824, -1.2559, -1.20699, -1.31043, -1.56328, -1.3295, -1.4282, -1.31182, -1.17449, -0.803546, -0.671556, -0.80509, -0.606124, -0.362907, -0.359875
3.98, 0.0319376, -0.543083, -0.769459, -1.29813, -1.19024, -1.46118, -1.35562, -1.26839, -0.745856, -1.70718, -1.02666, -1.88625, -1.64175, -1.49756, -1.14444, -1.43558, -1.97421, -1.72168, -2.14609, -1.55949, -1.72505, -1.73229, -1.75789, -1.72003, -1.88065, -1.41764, -1.34439, -1.25455, -1.30361, -0.925329, -1.07917
4, 0.0319376, -0.333164, -0.740594, -1.20695, -1.30343, -1.3043, -1.42362, -0.9884, -1.75286, -1.35614, -1.17306, -2.16606, -2.02015, -1.33265, -1.46363, -1.40359, -2.01687, -1.72167, -1.61513, -1.70678, -1.76436, -1.70553, -1.57659, -2.00394, -1.56342, -1.37725, -1.66403, -1.55648, -1.06634, -1.19347, -1.31579
4.02, 0.0319376, -0.755576, -1.11286, -0.749502, -0.952901, -0.918613, -0.983776, -1.52436, -1.78482, -1.80805, -1.48616, -1.64713, -1.96512, -1.77424, -1.9821, -1.70575, -1.16893, -1.04216, -1.72949, -1.25426, -1.22033, -1.46486, -1.04338, -1.06684, -1.43996, -1.00738, -0.768529, -1.22981, -0.738725, -0.806253, -0.767279
4.04, 0.0319376, -1.36011, -1.19437, -1.59802, -2.06319, -1.65944, -0.847737, -1.46848, -1.53976, -1.13795, -1.52521, -1.33136, -1.48377, -1.69984, -1.29959, -2.05944, -2.09614, -1.69172, -1.47221, -1.47257, -1.9428, -1.9548, -1.85299, -1.79306, -1.39051, -1.27837, -1.17267, -1.22027, -1.00159, -0.864522, -1.08694
4.06, 0.0319376, -0.0692728, -1.46146, -1.38009, -0.787359, -1.02787, -1.42974, -1.39797, -1.02626, -1.3659, -1.34169, -2.12618, -2.09886, -1.39403, -1.65037, -1.55733, -2.07848, -1.63256, -1.82448, -1.89549, -1.8743, -1.97661, -1.9615, -1.99939, -2.13322, -1.77377, -1.39065, -1.5045, -1.38157, -1.58106, -1.49791
4.08, 0.0319376, -1.13115, -0.680533, -1.54076, -1.18101, -1.25929, -1.46627, -1.08622, -1.40855, -0.980342, -1.74979, -1.69831, -2.02578, -1.57946, -1.97266, -2.25554, -2.02174, -2.1689, -1.26399, -1.51817, -1.56293, -1.73663, -1.7717, -1.54319, -1.75456, -1.58358, -1.67058, -1.48744, -1.1863, -1.23447, -1.31365
4.1, 0.0319376, -0.840917, -0.984756, -1.06609, -1.38708, -1.08099, -1.30287, -1.67032, -1.29533, -1.40667, -1.61191, -2.1032, -2.38873, -2.21261, -1.8084, -1.83447, -2.04866, -1.71059, -1.79281, -1.82807, -2.05492, -2.01751, -2.0676, -1.77623, -1.70517, -1.4967, -1.82181, -1.49433, -1.64952, -1.46334, -1.40122
4.12, 0.0319376, -0.0875088, -0.00292831, -0.350135, -0.24716, -0.413464, -0.446557, -1.6596, -1.33117, -1.7544, -1.46065, -1.4368, -1.66052, -1.4836, -1.22029, -1.64744, -1.52612, -1.07765, -1.66843, -1.70728, -1.94276, -1.66079, -1.95092, -1.55423, -1.55724, -1.52284, -1.33342, -1.21791, -1.05542, -1.2038, -1.0608
4.14, 0.0319376, -0.267077, -0.405269, -0.810426, -1.17926, -1.01122, -0.959401, -1.33837, -1.67081, -1.98441, -1.53641, -1.78221, -1.89006, -1.47142, -1.41083, -1.91404, -1.77763, -1.96715, -2.13771, -1.53447, -2.01039, -2.23445, -1.80529, -1.51937, -1.46422, -1.33482, -1.57114, -1.54452, -1.27427, -1.24329, -1.40264
4.16, 0.0319376, -0.7592, -1.01596, -1.46273, -1.63078, -1.45127, -1.4396, -1.96631, -1.37835, -1.33407, -1.41337, -1.71829, -1.9084, -1.65598, -2.09695, -2.33105, -1.68886, -1.58732, -1.49872, -1.61902, -1.68096, -2.10183, -2.14776, -1.60806, -1.52215, -1.53284, -1.45913, -1.40411, -1.25346, -1.36423, -1.20814
4.18, 0.0319376, -0.230128, -0.568384, -0.886173, -1.28504, -1.18034, -1.4732, -1.35344, -0.854404, -1.37894, -1.49155, -1.36068, -1.28171, -1.5573, -1.4247, -1.35624, -1.40435, -1.06474, -0.828069, -0.994609, -1.08313, -1.65303, -0.751818, -0.397193, -0.228474, -0.201548, 0.111111, 0.030794, 0.182825, 0.16072, 0.786287
4.2, 0.0319376, -0.462563, -1.23439, -0.904277, -1.15786, -1.32516, -1.25812, -1.49927, -1.88179, -1.35574, -1.73233, -1.68444, -1.4878, -1.50064, -1.3063, -1.7698, -2.05732, -1.9341, -1.57627, -1.43429, -1.73951, -1.91395, -1.77266, -1.91701, -1.40206, -1.25138, -1.39004, -1.32123, -1.34161, -1.28253, -1.36644
4.22, 0.0319376, -0.703193, -1.49577, -1.20066, -2.21514, -1.62905, -0.925419, -1.29341, -2.00794, -1.62057, -2.3058, -2.02024, -2.048, -1.61358, -1.89939, -1.58161, -1.69368, -2.06078, -1.97735, -1.59686, -1.73089, -1.34703, -1.65063, -1.76687, -1.60547, -1.2633, -0.994079, -0.948318, -0.924152, -1.21827, -1.20296
4.24, 0.0319376, 0.0494592, -1.01163, -0.83647, -1.79741, -1.90991, -1.25917, -1.13737, -1.00109, -1.33484, -1.41147, -1.9052, -1.46107, -1.67816, -1.60283, -1.65776, -2.09641, -1.87286, -1.86626, -2.03659, -1.80574, -1.71702, -1.80845, -1.45816, -1.44816, -1.25303, -1.37044, -1.05504, -1.36632, -1.16193, -1.18903
4.26, 0.0319371, -0.112662, -0.907944, -1.46079, -1.76366, -1.53738, -1.81484, -1.61619, -1.40789, -1.40305, -1.3287, -1.67823, -1.75164, -1.4422, -1.25283, -1.915, -1.77734, -1.26754, -1.90144, -1.44139, -1.96329, -1.78782, -1.60038, -1.50197, -1.51386, -1.33596, -1.15519, -1.59431, -1.20479, -1.0128, -1.35691
4.28, 0.0319371, -0.599979, -1.33684, -0.952259, -1.19036, -1.40765, -0.805771, -2.31057, -2.03365, -1.7194, -1.58797, -2.08497, -1.76968, -1.60891, -1.87518, -1.70223, -1.66764, -1.61727, -1.40197, -0.960658, -1.1343, -1.35979, -1.08699, -1.10149, -1.33976, -1.53567, -0.966507, -0.899639, -0.827116, -0.990203, -1.18831
4.3, 0.0319371, -1.01906, -1.17352, -1.73431, -1.97976, -1.69625, -1.58671, -1.63993, -1.04039, -2.0908, -1.67935, -1.30772, -1.72651, -2.10637, -1.64075, -1.81624, -2.42647, -2.40867, -1.91781, -2.04086, -2.17993, -1.84666, -1.82349, -2.10483, -2.11403, -1.61084, -1.73595, -1.70849, -1.46165, -1.39845, -1.41103
4.32, 0.0319371, -0.656899, -1.65275, -1.77596, -1.37957, -1.9, -1.07017, -0.937941, -1.23283, -1.34779, -1.26643, -1.50137, -1.43493, -1.78357, -2.01936, -1.89634, -1.47667, -1.40421, -1.98564, -1.70155, -1.41807, -1.91912, -1.86446, -1.59477, -1.73238, -1.67846, -1.26452, -1.20671, -1.31659, -1.44326, -1.47812
4.34, 0.0319371, -0.890002, -1.03497, -1.06362, -0.864976, -1.44889, -1.11058, -1.71837, -1.53111, -1.4325, -1.92644, -1.85543, -1.8209, -1.8307, -1.9779, -1.97896, -1.83795, -1.65927, -1.63383, -1.39234, -1.38848, -1.06131, -1.44104, -1.85427, -1.39374, -1.07988, -0.554158, -0.629559, -0.834625, -0.658255, -0.304256
4.36, 0.0319376, -0.128244, -1.1327, -1.36294, -0.778219, -0.496324, -0.750482, -0.351108, -0.209935, -0.249371, -0.420679, -1.01078, -1.53713, -1.71417, -1.67076, -1.50507, -1.57549, -1.54744, -1.50135, -1.52464, -1.45318, -1.10403, -1.46592, -1.05675, -1.07976, -0.953779, -0.69243, -0.48918, -0.512802, -0.721929, -0.420708
4.38, 0.0319376, -0.751566, -1.67035, -1.24373, -1.25025, -0.748806, -0.627221, -0.646772, -0.452942, -1.00478, -1.01225, -0.954938, -0.717228, -0.750099, -0.877723, -0.783875, -0.588812, -0.517677, -1.27513, -1.03398, -0.744474, -1.28286, -1.01015, -1.27433, -1.25034, -1.18011, -0.970759, -0.672818, -0.513068, -0.798154, -0.712687
4.4, 0.0319376, -1.83363, -1.1617, -0.689892, -0.809857, -0.731649, -1.04419, -1.23424, -1.02355, -1.08736, -1.08251, -1.2966, -1.64227, -1.4014, -1.33171, -1.86909, -1.66531, -1.65424, -1.54356, -1.32344, -1.2138, -1.8841, -1.45199, -1.42158, -1.51164, -1.1868, -0.800823, -0.865568, -0.724318, -0.824919, -0.942612
4.42, 0.0319376, -1.24555, -0.712824, -0.967031, -0.54206, -0.671809, -0.812064, -0.906833, -1.75922, -1.57634, -1.73666, -1.64289, -1.59749, -1.45431, -1.16195, -1.28445, -1.49347, -1.84012, -1.73138, -1.51682, -1.06836, -1.36376, -1.84732, -1.56335, -1.43428, -1.23459, -1.1114, -1.021, -1.16466, -1.14718, -1.10055
4.44, 0.0319376, 0.076076, -0.567728, -0.387704, -1.42624, -1.05208, -0.98118, -0.8262, -0.964796, -1.32465, -1.45539, -1.31535, -1.50506, -1.52076, -1.67885, -1.31965, -1.30904, -1.48058, -1.64362, -1.81902, -1.68897, -1.44916, -1.99327, -1.54385, -1.18591, -1.40127, -1.34314, -1.35323, -1.31038, -1.017, -1.34632
4.46, 0.0319376, -0.659364, -0.89619, -0.729182, -1.54455, -1.25836, -0.726523, -1.05626, -1.25331, -1.53107, -1.86359, -1.72938, -1.73044, -1.5288, -1.45217, -1.77114, -1.55402, -1.68747, -1.79514, -1.53575, -1.27761, -1.74145, -1.86562, -1.21129, -1.27304, -1.24441, -0.983805, -1.11453, -1.11435, -1.39214, -1.36451
4.48, 0.0319376, -0.991947, -1.3298, -1.01393, -0.856357, -1.8042, -1.31019, -1.26417, -1.14102, -1.41444, -1.57171, -1.55843, -1.10361, -1.34985, -1.15517, -1.26154, -1.84022, -1.92709, -1.57281, -1.8966, -1.70389, -1.5056, -1.73077, -1.57363, -1.57558, -1.5089, -1.25576, -1.32548, -1.33512, -1.34585, -1.1579
4.5, 0.0319376, -0.780288, -1.14813, -0.810046, -1.38723, -1.60029, -1.39888, -1.11267, -1.64404, -1.70595, -1.86857, -1.81508, -1.54868, -1.376, -1.10241, -1.87586, -1.68242, -1.68812, -1.75434, -2.19635, -1.90572, -1.9029, -1.6913, -1.49417, -1.33227, -1.19669, -1.36896, -1.22096, -1.19503, -1.33751, -1.40982
4.52, 0.0319376, -0.705446, -0.896675, -1.08311, -1.45149, -2.07414, -1.38431, -1.18559, -1.46183, -0.955047, -1.77645, -2.15157, -1.52271, -1.54789, -1.28731, -1.79434, -1.66103, -1.95073, -1.72159, -1.66297, -1.91298, -2.35735, -2.39229, -1.87403, -1.56243, -1.28279, -1.61458, -1.28416, -1.19335, -1.29814, -1.49569
4.54, 0.0319376, -0.808231, -1.19616, -0.432854, -0.975301, -1.30357, -1.46805, -1.24062, -1.71616, -1.26821, -1.41827, -2.29347, -1.29831, -1.93369, -1.82824, -2.29242, -2.26198, -1.73125, -1.77956, -2.0356, -1.96469, -2.16806, -1.77725, -2.24136, -1.75162, -1.45805, -1.67668, -1.12599, -1.44342, -1.61948, -1.52689
4.56, 0.0319376, -0.131391, -0.429306, -0.427081, -1.10748, -1.16159, -1.18889, -0.441172, -1.28773, -1.47221, -1.53214, -1.26879, -1.45442, -1.63737, -1.75966, -1.68947, -1.62761, -2.01452, -2.01824, -2.27386, -1.89349, -2.12769, -2.05056, -2.07485, -1.92324, -1.62856, -1.71866, -1.77618, -1.53908, -1.38936, -1.54516
4.58, 0.0319376, 0.229598, -0.331807, -0.921421, -1.3829, -1.07542, -2.14074, -1.33785, -1.12698, -1.06045, -1.08596, -1.73019, -1.98671, -1.87351, -1.70558, -2.14529, -2.22376, -1.76659, -1.80214, -1.73141, -1.30697, -2.04997, -1.90986, -1.74599, -1.39539, -1.4375, -1.51814, -1.35465, -1.15873, -1.05906, -1.37814
4.6, 0.0319376, -0.517198, -0.351973, -0.291691, -0.63698, -1.2552, -1.28147, -1.20838, -1.04512, -1.45097, -1.22818, -1.49019, -1.99098, -1.6854, -1.62028, -1.20403, -1.47365, -1.11542, -1.66528, -1.60802, -1.90305, -1.79211, -1.78607, -1.39209, -1.14113, -1.26173, -1.08335, -0.58914, -0.650902, -0.864697, -1.05135
4.62, 0.0319376, -0.0852648, -0.913824, -1.25087, -0.713586, -0.580042, -0.767459, -1.42152, -1.34124, -1.44366, -1.20559, -2.27396, -1.58942, -1.63185, -1.61555, -1.89916, -1.53757, -1.74486, -1.78788, -1.72744, -1.61095, -1.97698, -1.69529, -1.38414, -1.67032, -1.44506, -1.24118, -1.20353, -1.10981, -1.03648, -1.1928
4.64, 0.0319376, -0.127972, -1.10368, -1.62634, -1.55115, -1.59618, -1.25876, -1.1388, -1.52131, -1.95201, -2.68283, -2.37626, -1.67687, -1.41504, -1.4297, -2.09328, -2.01787, -1.58511, -1.69875, -1.59142, -1.97001, -1.95607, -1.81063, -1.64978, -1.64549, -1.55608, -1.51893, -1.29479, -0.762958, -1.05931, -1.30376
4.66, 0.0319376, -0.997701, -1.2578, -0.823336, -1.0667, -1.26953, -1.66184, -1.47645, -1.73812, -1.62364, -2.00842, -2.28662, -1.6713, -1.62855, -1.74915, -2.26587, -1.75218, -1.84809, -1.75363, -1.53463, -1.52129, -2.26953, -2.02978, -1.86132, -1.44162, -1.19134, -1.1413, -0.767166, -0.22025, -0.387522, -1.00554
4.68, 0.0319376, -0.564066, -1.61486, -1.93907, -1.60037, -1.09171, -1.94223, -2.12559, -1.74361, -1.54216, -1.40285, -1.79462, -1.75777, -1.75026, -1.83936, -2.03924, -1.40654, -1.65089, -1.92133, -1.76097, -1.76152, -1.99758, -1.86028, -1.90743, -1.33249, -1.49928, -1.38602, -1.19391, -1.23824, -1.24475, -1.04712
4.7, 0.0319376, -0.89462, -0.422763, -0.754736, -0.847443, -1.45565, -1.21013, -1.57253, -2.06583, -1.52678, -1.79178, -2.23648, -1.80766, -1.56637, -1.64007, -1.68869, -1.54656, -1.80786, -1.45895, -1.45947, -1.59342, -1.86139, -1.47889, -1.33029, -0.916072, -0.512329, -0.859291, -0.469165, -0.443585, -0.601363, -0.860696
4.72, 0.0319376, -0.728233, -0.833221, -0.967434, -1.76808, -1.89121, -1.39821, -1.72985, -1.71443, -1.17385, -1.29276, -1.97472, -1.60231, -1.37869, -1.92219, -2.10175, -1.41388, -1.87321, -1.63596, -2.09101, -1.88273, -1.84211, -1.89658, -1.85175, -1.63291, -1.52498, -1.28435, -1.19903, -1.37763, -1.47958, -1.29693
4.74, 0.0319376, -0.761526, -0.57611, -1.08644, -0.85958, -0.932082, -1.3275, -1.28546, -1.18952, -1.14316, -1.31962, -1.70128, -1.04956, -1.36429, -0.958231, -0.63969, -0.700562, -0.741619, -0.902315, 0.173922, 0.392584, 0.606963, 0.346216, 0.404928, 0.351694, 0.738399, 1.3291, 1.19456, 1.02955, 1.17, 0.703305
4.76, 0.0319371, -0.0536636, -0.148656, -0.327706, -0.910354, -0.62277, -0.466413, -1.25686, -1.31454, -1.68276, -1.57661, -1.71608, -1.29953, -1.0098, -0.970466, -0.756967, -0.723236, -0.988211, -0.467966, -0.373513, -0.459074, -0.253978, -0.491256, -0.20982, -0.814655, -0.563524, -0.422413, -0.269093, 0.391815, 0.827527, 0.618323
4.78, 0.0319371, -0.728786, -0.938004, -0.309994, -0.554517, -1.12689, -1.08401, -1.21258, -1.32576, -1.15557, -1.66344, -1.49199, -1.20629, -1.74952, -1.29957, -1.55939, -2.16494, -1.69832, -1.37323, -1.24503, -1.48163, -1.61762, -1.44501, -1.24445, -1.4272, -1.02154, -1.11415, -1.14364, -0.960414, -0.683556, -0.911447
4.8, 0.0319371, -1.07264, -1.10689, -0.972684, -1.88943, -1.43181, -1.00583, -1.63848, -1.59107, -1.58494, -1.47618, -2.19633, -1.79713, -1.71896, -1.64662, -1.4851, -1.37759, -1.51454, -0.793434, -1.01525, -1.58897, -1.27276, -1.63019, -1.51304, -1.43166, -1.31785, -1.21865, -1.39145, -1.22517, -0.940538, -0.879006
4.82, 0.0319371, -0.53535, -1.38587, -1.38284, -1.2991, -1.54151, -1.21275, -1.4441, -1.08987, -1.3641, -1.30627, -1.5614, -1.49963, -1.09235, -0.998499, -1.44187, -1.60922, -1.60996, -1.64207, -1.22177, -1.28893, -1.64489, -1.59469, -0.775885, -0.165455, -0.224042, -0.864664, -0.776252, -0.768182, -0.906956, -0.436407
4.84, 0.0319371, -1.51166, -0.468401, -1.52081, -1.34596, -0.821793, -1.2828, -1.26705, -1.07935, -1.12877, -1.53822, -1.54675, -1.54193, -1.24304, -1.5109, -1.4302, -1.49954, -1.53998, -1.42946, -1.52373, -1.30473, -1.66824, -1.64213, -1.309, -0.759785, -0.835564, -1.15795, -0.508855, -0.65346, -0.612215, -0.196195
4.86, 0.0319376, -0.239119, -0.465283, -1.51841, -1.37599, -0.921369, -0.925223, -1.11324, -0.922848, -1.35193, -1.42058, -1.27194, -1.78528, -1.81458, -1.71519, -2.23526, -2.15274, -1.87353, -2.01407, -1.9466, -2.03897, -1.72596, -1.77119, -1.71316, -1.76147, -1.79561, -1.4357, -1.31824, -1.3288, -1.03464, -1.42363
4.88, 0.0319376, 0.277136, -0.354344, -0.567427, -0.91525, -1.48046, -0.677741, -0.778106, -1.19594, -1.20619, -1.60441, -1.76331, -1.62297, -1.98192, -1.49462, -1.81557, -2.00355, -1.96918, -2.08249, -2.03619, -1.49877, -1.81431, -1.68793, -2.12901, -1.8372, -1.495, -1.49057, -1.28553, -0.740124, -0.717979, -1.04626
4.9, 0.0319376, -0.926297, -1.23987, -0.723041, -1.18081, -1.65268, -1.40941, -1.74552, -1.16316, -1.78782, -1.38097, -1.06987, -1.43114, -1.69334, -1.59232, -1.81036, -2.01915, -1.83188, -1.73822, -1.73818, -1.46452, -1.51097, -1.74194, -1.90118, -1.78743, -1.38021, -1.3446, -1.39531, -1.11435, -1.35695, -1.39308
4.92, 0.0319376, -0.0603328, -0.442903, -1.32688, -1.83651, -0.983257, -1.08862, -1.19436, -1.25163, -1.40592, -1.24456, -1.24746, -1.12534, -1.18446, -1.52046, -1.74387, -1.60213, -1.28643, -1.47638, -1.59862, -1.86671, -2.04339, -1.52892, -1.13594, -1.17079, -1.07923, -0.59875, -0.767235, -0.881898, -0.971543, -0.864491
4.94, 0.0319376, 0.0356472, -0.757726, -0.99439, -1.33903, -0.7428, -0.668911, -1.47404, -1.63733, -1.23418, -1.29188, -1.47315, -1.89955, -1.6795, -1.68511, -1.92556, -1.71293, -1.8494, -1.80499, -1.27441, -1.53728, -1.47715, -1.73268, -1.53798, -1.61145, -1.1259, -1.25592, -1.35426, -1.41897, -1.35624, -1.26813
4.96, 0.0319376, -0.620593, -1.41753, -0.436671, -0.689363, -1.62974, -0.589584, -1.14312, -1.75566, -1.65001, -1.46177, -1.32706, -1.36639, -1.49773, -1.8571, -1.62318, -1.28379, -1.86769, -1.85357, -1.56663, -1.17133, -1.46357, -1.88636, -1.99435, -1.58711, -1.20886, -1.40174, -1.35787, -1.02394, -1.02876, -1.37912
