# Time (seconds), Duration (seconds), f0, f1, f2, f3, f4, f5, f6, f7, f8, f9, f10, f11, f12, f13, f14, f15, f16, f17, f18, f19, f20, f21, f22, f23, f24, f25, f26, f27, f28, f29
0, 0.0319375, -1.60072, -2.34394, -1.55601, -2.43557, -2.15293, -1.58483, -1.478, -2.30871, -2.4101, -2.42343, -3.26619, -2.69825, -2.59593, -2.87628, -2.80487, -2.43877, -2.4331, -2.73092, -2.71799, -2.52675, -2.74622, -2.42049, -2.05587, -2.21305, -2.66558, -2.41039, -2.06404, -1.98175, -2.18616, -2.2799
0.02, 0.0319375, -1.55115, -1.90089, -2.65142, -1.83427, -1.73427, -1.74841, -1.45028, -1.73408, -1.88886, -2.4555, -2.52865, -2.97613, -2.4913, -3.03536, -2.16392, -2.31239, -2.33948, -2.73589, -2.56385, -1.88864, -1.67788, -1.25779, -1.53224, -1.38857, -1.85706, -1.7552, -1.50025, -0.821833, -0.843326, -1.49787
0.04, 0.0319375, -1.66643, -2.28296, -2.60797, -2.39129, -1.9454, -0.734522, -1.12898, -1.23095, -1.89328, -2.46389, -2.50013, -2.93045, -2.37332, -2.17252, -2.1511, -2.245, -2.45914, -2.97065, -2.76508, -2.15103, -2.19285, -1.99459, -2.2999, -2.47671, -2.40619, -2.37796, -2.32529, -1.92804, -1.99332, -1.84437
0.06, 0.0319375, -1.44307, -2.20194, -1.61274, -2.49354, -2.31528, -2.62567, -1.87598, -2.38705, -2.38599, -2.54366, -2.68654, -3.01593, -3.20168, -2.24185, -2.35104, -1.99876, -2.6217, -2.40205, -2.4348, -2.53366, -2.35573, -2.14428, -2.34363, -2.3323, -2.44031, -2.39516, -2.6261, -2.43505, -2.26347, -2.0015
0.08, 0.0319375, -1.90968, -3.25783, -2.38608, -2.8763, -2.01897, -1.87164, -2.19987, -2.1961, -2.50548, -2.87587, -2.69422, -2.84709, -2.48155, -2.73014, -2.67542, -2.9938, -3.06229, -2.76555, -2.84954, -2.77896, -2.57555, -2.39776, -2.64763, -2.54372, -2.57881, -2.82155, -2.7529, -2.41881, -2.05722, -2.0084
0.1, 0.0319375, -2.41826, -2.88377, -2.92475, -2.04994, -1.99316, -2.01511, -2.45486, -1.61572, -1.72037, -2.33664, -3.16836, -2.9744, -3.55729, -3.29144, -2.522, -2.44632, -2.77966, -2.88848, -2.5789, -2.50517, -2.18454, -2.7098, -2.80057, -2.45056, -2.49886, -2.46384, -2.43992, -1.9812, -2.02638, -2.33843
0.12, 0.0319375, -1.57165, -2.23365, -2.74203, -2.95616, -2.52876, -2.29467, -2.74665, -3.01872, -2.55289, -2.64235, -3.35838, -3.77721, -3.59993, -3.02017, -3.25778, -3.03923, -3.15354, -3.59438, -3.23201, -3.14959, -2.8235, -2.72992, -2.55504, -2.72104, -2.57069, -2.59398, -2.58483, -2.26087, -2.33022, -2.20291
0.14, 0.0319375, -1.3193, -2.45815, -2.76428, -3.39268, -2.10358, -1.6904, -2.21657, -2.40552, -2.89001, -2.36627, -2.84499, -3.7246, -3.50331, -3.41974, -3.27732, -3.26079, -2.89153, -2.90955, -2.91347, -3.02018, -2.38021, -2.35849, -2.49831, -2.4489, -2.37848, -2.56055, -2.37402, -2.51445, -2.50105, -2.35879
0.16, 0.0319375, -2.10712, -2.56588, -2.40829, -2.77616, -2.44474, -2.91817, -2.74195, -2.641, -2.73507, -2.84706, -3.08461, -3.25543, -3.06292, -2.61918, -2.70168, -2.53017, -2.5797, -2.80769, -2.82053, -2.924, -2.4362, -2.53717, -2.69978, -2.71117, -2.48435, -2.34006, -1.93893, -1.46832, -1.65682, -1.65692
0.18, 0.0319375, -1.20337, -2.71378, -2.96608, -2.44336, -2.22138, -2.86689, -2.88282, -3.28269, -3.3437, -3.16557, -3.41492, -3.34778, -3.77077, -3.17692, -3.48903, -3.00763, -2.87212, -3.24654, -3.27976, -3.04483, -2.76591, -2.75689, -2.67358, -2.3386, -2.65381, -2.65527, -2.44414, -2.26712, -2.20626, -2.1352
0.2, 0.0319375, -1.94799, -2.47416, -2.6967, -2.64701, -2.49391, -3.23115, -3.01264, -3.02853, -3.41131, -3.13408, -3.15118, -3.15294, -3.26528, -2.86509, -2.81325, -2.5422, -2.85558, -3.57041, -3.37089, -2.6713, -2.62521, -2.28719, -2.29783, -2.13842, -1.47119, -1.16482, -1.08302, -1.38854, -1.14614, -1.08534
0.22, 0.0319375, -1.19526, -2.22665, -2.19557, -2.87066, -2.71478, -2.82877, -2.4633, -2.70751, -2.63641, -2.88735, -3.58582, -3.98362, -3.71816, -2.82706, -2.84353, -2.59035, -2.66945, -2.87278, -2.65569, -2.95359, -2.64629, -2.06425, -1.84385, -2.35399, -2.05809, -1.8464, -1.58799, -1.25354, -1.15417, -1.14222
0.24, 0.0319375, -1.41236, -2.27345, -3.24391, -2.91755, -1.99813, -2.34696, -2.87304, -2.78127, -2.7377, -3.47574, -3.66304, -3.38109, -3.7614, -3.48323, -3.37893, -3.02966, -3.17664, -3.35551, -3.24691, -3.07589, -2.92371, -2.87469, -2.39774, -2.71415, -2.29206, -2.65863, -2.50955, -2.23276, -2.16585, -2.28135
0.26, 0.0319375, -1.58914, -2.17335, -2.86824, -2.95243, -2.7608, -3.18825, -3.42068, -3.74735, -3.22536, -3.41019, -3.72578, -3.43379, -3.87046, -3.74471, -4.31257, -3.57502, -3.48585, -3.30326, -3.08855, -3.11414, -2.9333, -3.28387, -2.81197, -3.06826, -3.17337, -2.95159, -2.80417, -2.46141, -2.65375, -2.53849
0.28, 0.0319375, -1.99098, -2.51041, -3.26896, -2.82484, -2.59107, -2.21618, -2.87953, -2.95918, -2.92981, -2.99179, -3.04433, -4.07287, -3.61332, -3.11962, -3.02869, -2.96276, -3.07266, -3.12049, -2.84285, -2.71752, -2.50235, -2.31966, -2.41005, -2.18794, -2.02137, -1.67269, -1.58139, -1.43996, -1.44085, -1.20061
0.3, 0.0319375, -1.79257, -2.34896, -3.36756, -3.60007, -2.23271, -2.44125, -3.47651, -3.42611, -3.4351, -3.90758, -2.9374, -3.78513, -3.62655, -3.2793, -2.99736, -2.89668, -3.45512, -3.28308, -2.75976, -2.72164, -2.43072, -2.14411, -2.29382, -1.97963, -2.11324, -1.84956, -1.72149, -1.5708, -1.60265, -1.25907
0.32, 0.0319375, -2.05065, -2.52608, -3.28841, -2.99761, -2.99322, -3.40988, -2.95033, -3.11683, -2.6748, -3.60968, -3.41153, -3.36707, -3.90846, -3.38789, -3.50267, -3.51241, -3.45787, -3.59313, -3.42711, -3.23935, -2.63787, -2.58155, -2.39074, -2.37617, -2.68913, -2.48273, -2.2807, -1.85881, -1.95227, -2.04713
0.34, 0.0319375, -2.124, -2.12046, -2.10538, -2.1627, -1.17154, -1.03615, -1.57019, -1.54232, -1.95039, -2.05035, -2.34207, -2.42591, -2.28595, -1.7896, -1.56431, -1.32965, -1.39776, -1.04016, -0.843748, -0.628916, -0.81764, -0.721218, -0.480912, -0.436819, -0.258267, -0.450528, -0.79684, -0.485599, -0.380659, -0.882664
0.36, 0.0319375, -1.04825, -1.49011, -0.985526, -0.244789, 0.350762, -0.0755755, -0.117288, -0.441411, 0.0236133, -0.292301, -0.92898, -1.80151, -2.2421, -0.689806, -0.083806, -0.100689, -0.963814, -0.84627, -0.117437, 1.09624, 1.24574, 0.455658, 0.0494031, 1.1004, 0.377643, 0.899426, 1.25708, 1.57028, 0.866006, 1.39256
0.38, 0.0319375, -0.226225, -1.47508, -2.11196, -2.52584, -1.66444, -1.94712, -2.44563, -2.45692, -2.23477, -2.84982, -2.59027, -2.94723, -2.87861, -2.6113, -2.67927, -2.31363, -2.49732, -2.2177, -2.5974, -2.09113, -1.7622, -0.99786, -0.818496, -1.36597, -1.52237, -1.2251, -0.94963, -0.659552, -0.472549, -0.592754
0.4, 0.0319375, -0.815466, -2.27678, -2.449, -1.67155, -1.79, -1.35316, -2.22209, -2.05144, -2.38683, -3.19334, -3.47943, -3.47615, -3.01287, -3.36051, -2.73792, -2.69593, -2.95241, -2.67057, -2.71361, -2.30958, -2.33009, -1.62622, -1.05146, -1.15505, -1.54645, -1.64406, -1.13729, -0.510703, -0.231862, -0.724372
0.42, 0.0319375, -0.923593, -1.99749, -2.14391, -2.64139, -2.22604, -1.85192, -2.20391, -2.64853, -2.56764, -3.6884, -3.45017, -3.16082, -3.21306, -3.35842, -3.11958, -2.57337, -3.06399, -2.93791, -2.55984, -2.32811, -2.06413, -1.56311, -1.66413, -1.87354, -1.77248, -1.53663, -0.87513, -0.721937, -0.645515, -0.855324
0.44, 0.0319375, -1.7669, -1.74514, -1.53351, -0.746024, -0.729536, -1.7002, -1.37123, -1.42427, -2.07589, -1.82193, -3.03754, -3.08952, -2.25134, -2.49225, -2.61813, -2.20097, -2.68482, -2.67739, -2.18039, -2.42158, -2.34072, -2.18183, -2.01982, -1.90381, -1.73731, -1.75976, -1.69401, -1.55261, -1.34888, -1.37909
0.46, 0.0319375, -2.26309, -1.61987, -1.46688, -1.09275, -1.08912, -2.15265, -2.50799, -1.50671, -1.05226, -2.13065, -2.3689, -2.7049, -2.54887, -2.96252, -3.02103, -2.61963, -2.57038, -2.457, -2.76835, -3.03764, -2.73357, -2.29676, -2.43921, -2.08143, -2.23991, -2.38761, -2.10201, -1.99361, -1.78283, -1.69344
0.48, 0.0319375, -1.62062, -2.52215, -1.56715, -1.87368, -1.14058, -1.59314, -1.92167, -1.9056, -1.98532, -2.03668, -2.50159, -3.70481, -2.69893, -2.80949, -2.61276, -2.31654, -2.37156, -2.98783, -2.5439, -2.6116, -2.55254, -1.99298, -2.34868, -2.20938, -2.31794, -1.96972, -1.93354, -1.89605, -1.96752, -1.87703
0.5, 0.0319375, -2.22211, -1.53758, -0.525689, -0.683081, -0.822768, -0.972363, -1.53132, -1.11875, -1.14438, -1.19582, -1.58352, -2.32187, -1.99958, -2.268, -2.02666, -1.8984, -2.15654, -2.52481, -2.27429, -2.33161, -2.20982, -1.8423, -2.05544, -2.35122, -2.25739, -2.22446, -2.24885, -2.02118, -1.84726, -1.8
0.52, 0.0319375, -1.832, -2.51495, -1.6246, -0.934128, -0.867088, -1.51651, -1.6791, -1.66418, -2.02155, -1.43637, -2.63401, -2.84459, -3.00943, -2.58237, -2.37665, -2.45472, -2.67871, -2.71622, -2.62796, -2.45206, -2.55548, -2.33182, -2.4737, -2.73265, -2.29036, -1.91064, -1.92751, -2.01397, -2.30008, -1.88802
0.54, 0.0319375, -1.3179, -2.04627, -2.24304, -2.02995, -1.508, -1.5766, -1.59566, -2.16874, -1.41564, -1.67802, -2.16041, -2.6976, -2.71877, -2.72366, -2.08016, -2.07914, -2.27597, -2.4797, -2.68417, -2.22931, -2.19398, -1.92132, -2.24662, -2.02939, -2.15525, -2.03422, -2.00808, -2.04891, -2.03323, -1.92339
0.56, 0.0319375, -2.08109, -3.03764, -1.8741, -2.51272, -1.30219, -1.35355, -2.04146, -1.84932, -1.18097, -1.9806, -2.31169, -2.74016, -2.8372, -2.62651, -2.67655, -2.33891, -2.76133, -2.443, -2.31777, -2.3133, -1.91311, -1.50862, -1.41327, -1.21102, -0.537173, -0.641484, -0.721258, -0.655501, -0.926867, -0.63372
0.58, 0.0319375, -0.842473, -1.81596, -1.84502, -1.18373, -1.30919, -1.98678, -2.42812, -2.21895, -1.95762, -1.81939, -2.20555, -3.34959, -3.27747, -2.81039, -2.29629, -2.29141, -2.98544, -2.75463, -2.34035, -2.74645, -2.93976, -2.57184, -2.49892, -2.37353, -2.2254, -2.30857, -2.41899, -1.882, -1.65848, -1.83245
0.6, 0.0319375, -1.60998, -1.78505, -1.94376, -2.11163, -1.51303, -2.25706, -2.97369, -2.58283, -2.19489, -2.07264, -2.89209, -3.3189, -3.3214, -2.89629, -2.3989, -2.6126, -2.59126, -2.68475, -2.56987, -2.72963, -2.3109, -2.12283, -2.14086, -1.83142, -1.51855, -1.46173, -1.43832, -1.34882, -1.20624, -1.02144
0.62, 0.0319375, -1.76457, -2.49025, -2.42436, -1.36595, -1.27935, -2.30091, -2.70001, -2.84262, -2.25888, -2.25986, -2.51307, -2.78349, -3.36832, -3.69462, -3.13452, -3.12133, -2.81889, -2.87914, -2.68405, -2.47136, -2.18596, -2.52138, -1.98578, -1.60824, -1.43897, -1.38088, -1.76142, -1.69088, -1.82539, -1.56638
0.64, 0.0319375, -1.70644, -2.58607, -3.20097, -2.57786, -1.93145, -1.97666, -3.26986, -2.81192, -2.11893, -3.15461, -3.21525, -3.3057, -3.58322, -3.41631, -3.31459, -3.26212, -3.3592, -3.8281, -3.38364, -2.98524, -3.01913, -2.73321, -2.44951, -2.44205, -2.48405, -2.31149, -2.24443, -2.19025, -2.35182, -1.99251
0.66, 0.0319375, -1.80106, -2.09712, -2.1325, -2.09332, -1.66885, -1.90709, -2.63404, -2.67251, -2.45089, -3.00352, -3.27964, -3.14597, -3.76142, -3.4411, -3.53324, -3.38787, -3.66902, -3.27048, -3.147, -2.97734, -2.93753, -2.77304, -2.6004, -2.48607, -2.8248, -2.33122, -2.42153, -2.13546, -1.80496, -1.98588
0.68, 0.0319375, -1.60139, -2.55195, -3.30809, -2.84751, -2.37328, -2.52399, -2.27608, -2.38789, -2.50157, -2.80408, -3.02554, -3.20595, -3.51182, -3.11901, -3.68425, -3.4188, -3.69594, -3.20842, -2.801, -3.10355, -2.95699, -2.73988, -2.50105, -2.39462, -2.43404, -2.55826, -2.44885, -2.29671, -2.46751, -2.48727
0.7, 0.0319375, -2.18067, -2.23959, -2.47351, -2.15756, -1.40077, -2.12685, -3.01374, -2.85006, -2.96042, -2.9977, -3.07613, -3.27353, -3.31099, -3.26351, -3.50093, -3.20682, -2.95349, -2.95108, -2.65796, -2.90587, -2.44028, -2.18002, -2.43939, -2.33628, -2.40281, -2.09388, -1.82992, -1.84521, -1.91905, -1.96528
0.72, 0.0319375, -2.31884, -2.45965, -2.2811, -3.12096, -3.28561, -2.72309, -2.69831, -2.65997, -3.03752, -3.33287, -3.36299, -3.81046, -3.327, -3.02969, -3.60317, -3.32911, -3.2588, -2.97488, -3.31252, -2.93413, -2.6668, -2.55834, -2.72715, -2.56431, -2.4722, -2.41329, -2.23257, -2.20164, -1.68167, -1.52704
0.74, 0.0319375, -2.89088, -2.97254, -2.95752, -2.91827, -2.4554, -2.54365, -2.83856, -2.17967, -2.51136, -3.59663, -3.34054, -3.19311, -3.84423, -3.72276, -3.01446, -3.51907, -3.18416, -3.16721, -2.96401, -3.02646, -2.92806, -2.78303, -2.82152, -2.77968, -3.18002, -2.57916, -2.19697, -2.47182, -2.26268, -2.03809
0.76, 0.0319375, -1.95487, -2.86477, -2.75705, -2.04685, -2.03699, -2.49363, -2.7461, -2.1253, -2.71738, -3.05099, -3.61153, -3.37192, -3.26756, -3.27561, -2.85154, -2.46668, -2.58038, -3.22642, -2.90283, -2.97455, -3.39014, -2.98719, -2.40317, -2.53867, -2.68055, -2.39683, -2.60485, -2.21611, -2.09477, -2.18149
0.78, 0.0319375, -0.885781, -1.68726, -1.88949, -0.729592, -0.329591, -0.326928, -1.57432, -1.69089, -1.91545, -2.00728, -1.93576, -1.94776, -2.86264, -2.1995, -1.42451, -1.7309, -2.34447, -2.28674, -2.21192, -1.63229, -1.56793, -1.52148, -1.48019, -1.88017, -1.23282, -1.44388, -1.03223, -0.547388, -0.901018, -1.28701
0.8, 0.0319375, -1.61014, -2.44527, -1.68677, -0.784322, -0.734605, -1.31712, -1.16081, -1.24287, -0.787181, -1.14063, -1.87153, -2.38527, -2.25829, -2.36146, -1.65361, -1.69176, -2.06368, -1.48384, -2.01372, -2.26005, -2.08812, -1.51695, -1.34139, -1.8965, -1.50088, -1.59763, -1.34906, -1.17687, -1.20292, -1.76386
0.82, 0.0319375, -2.15198, -1.63565, -1.74214, -1.33974, -0.332675, -0.980857, -1.62008, -2.27329, -1.97749, -1.50238, -2.42987, -2.61058, -2.30124, -2.3741, -2.02536, -2.02157, -2.52748, -2.3572, -2.23468, -1.55385, -2.12827, -1.90159, -1.47422, -1.84108, -1.92306, -1.88236, -1.87846, -1.64559, -1.58824, -1.83785
0.84, 0.0319375, -1.7445, -2.62565, -2.44036, -1.6649, -1.55849, -1.75306, -1.98806, -1.90402, -2.52912, -3.30066, -3.05365, -3.20666, -3.00371, -3.42439, -3.12486, -3.04301, -2.64505, -2.86965, -2.60719, -2.51378, -2.39421, -2.57506, -2.73842, -2.88229, -2.35922, -2.38204, -1.86247, -2.06101, -1.69061, -1.88157
0.86, 0.0319375, -1.76187, -2.1062, -2.08417, -2.52979, -1.88679, -2.94616, -2.97279, -2.4982, -2.28147, -2.85386, -3.60978, -2.99114, -3.71295, -3.1861, -2.8011, -3.19789, -3.17804, -3.17082, -2.59891, -2.34475, -2.52494, -2.38865, -1.91226, -2.13455, -2.42533, -2.1189, -2.05549, -1.73939, -1.8544, -1.61214
0.88, 0.0319375, -1.46601, -1.712, -1.82529, -2.80694, -2.28981, -2.65654, -2.3873, -3.17936, -2.64625, -3.02823, -4.17463, -3.9416, -3.72436, -3.31544, -3.29766, -3.29047, -3.26058, -2.95451, -3.2257, -2.81351, -2.60403, -2.53489, -2.45786, -2.44011, -2.35389, -2.10131, -1.98381, -1.8039, -1.74392, -1.7563
0.9, 0.0319375, -1.84018, -2.28016, -2.23595, -2.32001, -1.72586, -1.19012, -1.576, -2.35371, -2.96695, -3.11162, -3.32236, -3.36842, -3.23788, -2.65089, -3.01003, -2.58881, -2.6965, -2.85615, -3.05651, -2.60049, -2.5122, -2.41319, -1.96106, -2.34686, -1.93979, -1.62215, -1.23752, -1.30583, -1.27134, -1.06283
0.92, 0.0319375, -1.25369, -2.14504, -2.38248, -2.27031, -2.46055, -2.24719, -1.73129, -1.90217, -2.22833, -2.96252, -3.13651, -3.44542, -2.98307, -2.65016, -2.64313, -2.58232, -2.456, -2.51595, -2.38719, -2.59741, -2.13731, -1.91559, -1.8306, -2.0507, -2.08695, -1.94215, -1.78338, -1.1754, -1.69389, -1.43674
0.94, 0.0319375, -2.37607, -2.78479, -2.55294, -1.90346, -1.66891, -1.46795, -1.47075, -2.07865, -2.07907, -2.00195, -3.03087, -2.82893, -3.02722, -2.5552, -2.47664, -2.32873, -2.42312, -2.41679, -2.27419, -2.33173, -2.24905, -2.30306, -1.98324, -2.26992, -2.15856, -1.95287, -1.62102, -1.59536, -2.06048, -1.82365
0.96, 0.0319375, -1.70534, -2.42628, -2.42358, -2.26397, -2.10262, -1.89793, -2.54365, -3.01129, -2.90726, -2.73363, -2.73223, -2.95823, -3.56581, -3.11868, -3.11593, -2.89818, -2.90701, -2.9451, -3.04266, -2.86139, -2.59904, -2.14353, -2.34023, -2.60013, -2.31011, -2.34011, -2.18409, -1.93727, -1.87197, -2.04563
0.98, 0.0319375, -1.04428, -2.15759, -2.55985, -1.73652, -1.58641, -1.32029, -2.0843, -3.2045, -2.12295, -2.54161, -2.97, -2.95241, -2.75111, -2.94031, -3.36947, -2.94953, -2.9904, -2.80951, -2.5451, -2.21433, -2.20162, -1.88248, -2.20691, -1.95093, -1.81892, -1.55919, -1.5036, -1.57761, -1.59158, -1.45475
1, 0.0319375, -0.282507, -1.6978, -2.42281, -1.18335, -1.04649, -0.452925, -0.960462, -1.56648, -2.1528, -2.93001, -3.20811, -2.74854, -3.01901, -2.21155, -2.27925, -2.57278, -2.74937, -2.98873, -2.89728, -2.72116, -2.4473, -2.21654, -2.27995, -2.44102, -2.24811, -2.37815, -2.53524, -2.42207, -2.30131, -1.97621
1.02, 0.0319375, -1.46578, -1.59687, -2.64488, -2.03352, -0.919611, -1.03117, -1.32094, -1.26002, -1.89927, -2.01096, -2.11152, -2.8008, -2.8048, -2.74859, -2.36615, -2.03603, -2.07122, -2.12636, -2.04804, -1.73218, -1.47258, -1.40676, -1.30877, -1.70884, -1.52229, -1.13279, -0.750754, -0.631355, -1.12393, -0.989142
1.04, 0.0319375, -0.706331, -1.80783, -2.36034, -2.53248, -2.13919, -2.18296, -2.47909, -2.67306, -2.59116, -2.69278, -3.09885, -3.3155, -2.99683, -2.82626, -2.88738, -2.86297, -2.73815, -2.98538, -3.06214, -3.0104, -2.79175, -2.71964, -2.36561, -2.31115, -2.43854, -2.00315, -1.88313, -1.82154, -1.95243, -1.87845
1.06, 0.0319376, -1.46336, -2.46629, -2.37986, -2.17779, -1.98073, -2.53526, -2.48821, -2.985, -2.87241, -3.66495, -3.16085, -3.3327, -3.11291, -3.36085, -3.18854, -2.93662, -2.92617, -3.16955, -2.96771, -2.7137, -2.47833, -2.64335, -2.46436, -2.09716, -2.21862, -2.11094, -2.08089, -1.72797, -1.93405, -1.65327
1.08, 0.0319375, -0.993143, -2.09399, -2.21754, -1.93927, -2.01137, -2.52615, -2.66451, -2.78917, -2.89308, -2.6912, -2.87435, -3.20467, -2.97341, -2.8528, -2.646, -2.72779, -2.88936, -2.74895, -2.29837, -1.98957, -2.42033, -2.48215, -1.8152, -2.27564, -2.0694, -2.34221, -2.2929, -1.93349, -1.92464, -1.79403
1.1, 0.0319375, -1.72914, -2.67332, -2.81284, -3.12062, -2.76998, -3.10716, -3.32749, -2.68699, -2.7718, -3.132, -3.32967, -3.3169, -3.26517, -3.14624, -3.09497, -2.57205, -2.74724, -2.68825, -2.34093, -2.08953, -2.16536, -2.03494, -1.91439, -2.29182, -1.84077, -2.0586, -2.22495, -2.14562, -1.79735, -1.81842
1.12, 0.0319375, -1.06259, -1.86717, -1.90667, -2.07767, -1.40701, -1.67657, -2.38036, -2.70112, -2.68168, -3.19816, -3.13317, -2.90174, -3.12226, -2.56077, -2.93215, -2.82804, -3.09149, -3.39783, -2.75597, -2.93746, -2.71944, -2.34388, -2.1536, -1.92343, -2.30344, -1.96019, -2.02925, -2.09729, -1.79775, -1.37128
1.14, 0.0319375, -1.9134, -2.51439, -2.78651, -2.02089, -2.47696, -2.05691, -2.55257, -3.11737, -2.44352, -3.15584, -3.12346, -3.30223, -3.7006, -3.93054, -2.72301, -2.66631, -3.03317, -2.86934, -2.93929, -2.93323, -2.6062, -2.29019, -2.25314, -2.01449, -1.75513, -1.53151, -1.43089, -1.51738, -1.53958, -1.4146
1.16, 0.0319375, -1.24625, -2.16438, -2.4882, -2.60439, -1.64702, -1.94518, -3.4714, -3.33947, -2.62926, -2.49165, -2.80292, -3.12577, -3.69535, -3.23304, -3.61455, -3.33412, -3.12614, -3.18994, -3.4437, -3.07855, -2.8609, -2.33281, -2.47264, -2.39586, -2.62843, -2.80345, -2.37147, -2.18451, -2.46395, -2.11287
1.18, 0.0319376, -1.14541, -2.91825, -2.32831, -1.89808, -2.26449, -2.54651, -2.79958, -2.73608, -2.63009, -2.48355, -3.34656, -3.45588, -3.57437, -3.68653, -3.56383, -3.43951, -2.94538, -2.99416, -2.98638, -2.8776, -2.43363, -2.43727, -2.47063, -2.11276, -2.41386, -2.24665, -2.29085, -2.17895, -2.1745, -1.99759
1.2, 0.0319375, -1.78694, -2.96017, -2.10384, -1.30272, -1.19781, -1.59256, -1.92189, -2.30398, -1.95865, -2.0868, -2.74292, -2.90999, -3.89825, -2.59966, -2.5447, -2.54333, -2.6878, -2.5151, -2.0768, -2.39836, -2.41348, -1.78452, -1.39801, -1.7248, -2.17985, -2.15142, -1.60843, -1.55355, -1.72653, -1.86468
1.22, 0.0319375, -0.822426, -2.55211, -2.96878, -1.92882, -2.59706, -2.33581, -2.74625, -3.06254, -2.4915, -2.75586, -2.86706, -3.48431, -3.70843, -3.22838, -3.63487, -3.35759, -3.13861, -2.69789, -3.09901, -3.04112, -2.50552, -2.57219, -2.15864, -2.30766, -2.77196, -2.60914, -2.27613, -2.31541, -2.03466, -1.77106
1.24, 0.0319375, -1.15569, -2.40639, -2.53411, -2.31742, -1.83956, -1.61165, -2.45834, -2.2765, -2.71994, -2.5177, -2.84951, -3.73902, -3.39213, -2.96824, -2.7324, -2.99156, -2.88323, -3.50915, -3.13893, -2.97198, -2.62316, -2.04159, -2.29165, -2.48727, -2.3122, -1.97032, -1.91569, -1.87677, -1.80378, -2.13012
1.26, 0.0319375, -1.73394, -2.88001, -2.18011, -3.05443, -2.01863, -2.83236, -3.00056, -2.80882, -3.29768, -2.81953, -4.09536, -3.96474, -3.98735, -3.49039, -3.21746, -2.98907, -3.2164, -3.46448, -3.05433, -2.85631, -2.52979, -2.36273, -2.16656, -2.66174, -2.70768, -2.40212, -2.46229, -2.10718, -2.0509, -1.97894
1.28, 0.0319375, -1.98849, -2.84701, -2.80696, -2.6729, -2.65336, -1.71636, -1.43266, -1.42815, -1.82227, -2.52349, -3.02471, -3.82337, -3.76486, -3.59472, -3.25485, -3.16529, -2.94471, -2.8626, -2.43891, -2.29305, -2.54727, -1.91561, -2.24321, -2.20959, -2.07058, -2.18396, -2.14628, -1.90634, -1.77492, -1.45764
1.3, 0.0319376, -1.50565, -2.43023, -2.54033, -2.64864, -1.93579, -2.73386, -2.85371, -2.84904, -3.17103, -3.41141, -3.71967, -3.65697, -3.11631, -3.02245, -3.18255, -2.96053, -2.9267, -3.19533, -2.58773, -2.91283, -2.37557, -2.56549, -2.48973, -2.50146, -2.30619, -2.37276, -1.91489, -1.7961, -1.9419, -1.71416
1.32, 0.0319375, -2.1607, -2.55408, -3.94351, -2.99926, -1.87739, -1.83819, -2.18184, -2.69505, -3.16163, -3.42524, -3.23252, -3.27696, -3.69957, -3.29898, -3.25706, -3.11778, -3.23776, -3.40064, -3.25317, -3.00424, -2.82177, -2.44444, -2.30536, -2.69163, -2.55335, -2.68471, -2.44462, -2.07266, -2.21534, -2.23921
1.34, 0.0319375, -2.00907, -2.98133, -2.58393, -2.00709, -2.08039, -2.77888, -3.04936, -3.16245, -3.02341, -3.05131, -3.23663, -3.87586, -3.33527, -3.64797, -3.10726, -3.08775, -3.18579, -3.06324, -2.93505, -3.17945, -2.72052, -2.50355, -2.46369, -2.73352, -2.63657, -2.15304, -2.19591, -2.40578, -1.98254, -1.96972
1.36, 0.0319375, -1.97608, -2.06097, -2.93724, -2.24941, -2.22331, -2.08144, -2.2467, -2.86815, -2.61201, -2.45012, -2.88873, -2.98249, -3.36649, -3.08354, -3.3882, -2.96649, -2.61333, -3.40711, -3.01571, -2.73079, -2.6025, -2.4766, -2.40806, -2.61287, -2.50224, -2.4836, -2.43223, -2.15903, -2.12892, -2.29074
1.38, 0.0319375, -1.54594, -1.65918, -1.59376, -2.00394, -1.91028, -2.43981, -2.31843, -1.70203, -1.4357, -1.61459, -2.26432, -2.9356, -3.01462, -3.21566, -3.01184, -2.3488, -2.37043, -2.21259, -1.78451, -1.82753, -0.826442, -0.8177, -1.02695, -1.21664, -0.965703, -0.680505, -0.701084, -1.0278, -0.472754, -0.795139
1.4, 0.0319375, -2.27192, -2.86836, -2.68383, -2.68744, -2.60148, -2.55183, -2.49865, -2.38048, -2.24928, -2.85073, -3.74629, -3.38304, -3.67258, -3.2155, -3.38042, -3.39207, -3.17923, -3.31412, -3.45855, -2.98138, -2.50796, -2.37698, -2.32806, -2.56994, -2.1876, -2.51421, -2.23433, -2.27737, -2.02534, -1.91751
1.42, 0.0319376, -0.780784, -1.70382, -2.52808, -1.59025, -1.52737, -1.97123, -2.51793, -2.10409, -2.61836, -2.74815, -2.90656, -3.27247, -2.83572, -3.07649, -2.5168, -2.58056, -2.44754, -2.50941, -2.68653, -2.67613, -2.25346, -2.12877, -2.14974, -2.1928, -2.15017, -2.22402, -2.12559, -1.99391, -1.68017, -1.45681
1.44, 0.0319375, -2.00701, -2.23146, -2.46614, -2.30497, -1.97177, -2.15492, -2.24002, -1.81998, -1.56926, -1.74164, -1.99718, -2.07891, -1.82068, -1.79843, -1.79855, -1.42561, -1.19058, -1.4503, -0.810962, -0.721862, -0.329019, -0.598061, 0.180401, 0.363371, 0.377776, -0.984118, -0.164257, 1.04676, 0.411377, 0.111427
1.46, 0.0319375, -2.04433, -2.6492, -2.58514, -2.27372, -2.28698, -2.04638, -2.63647, -3.2509, -2.55787, -3.06549, -3.43778, -3.38625, -3.4915, -3.13888, -3.15257, -2.96136, -3.17809, -3.00466, -2.70287, -2.56482, -2.0798, -2.00967, -1.86872, -2.08703, -1.95515, -2.18858, -1.83895, -1.19111, -1.60765, -1.78573
1.48, 0.0319375, -1.92616, -1.96718, -2.4712, -2.18386, -1.96621, -1.76744, -2.5463, -2.61754, -2.51732, -3.24114, -3.20039, -3.4227, -3.64389, -3.20298, -2.96372, -2.80324, -2.8133, -3.10058, -3.39122, -2.94914, -2.12069, -2.16846, -2.53962, -2.1653, -2.30154, -2.56147, -2.29805, -1.89126, -1.73306, -1.88726
1.5, 0.0319375, -1.80342, -2.72911, -1.60316, -1.82295, -1.95915, -1.82942, -2.27736, -2.25881, -2.66009, -2.94036, -2.60538, -2.62647, -3.14645, -2.94824, -2.85244, -2.77586, -3.18141, -3.04851, -3.12176, -2.82899, -2.16026, -1.83382, -1.84561, -1.93316, -2.07361, -2.25178, -1.87062, -1.55465, -1.77197, -2.13625
1.52, 0.0319375, -0.881886, -1.61227, -1.46516, -0.280252, -0.898863, -1.90222, -2.82924, -2.28684, -0.735469, -1.5596, -2.13029, -1.7411, -1.55983, -1.93868, -1.93694, -1.83598, -1.47113, -1.8488, -1.36419, -0.915891, -0.60512, -1.49351, -0.85067, -0.49148, -0.122055, -0.55621, -0.686007, -0.437634, -0.351467, -0.223909
1.54, 0.0319375, -1.27349, -2.12881, -1.54616, -0.77661, -1.4568, -2.19255, -2.56298, -2.48175, -1.76184, -1.86512, -3.03339, -2.59323, -1.8896, -2.95069, -2.61857, -2.47121, -2.57946, -2.0833, -2.36216, -2.51915, -2.01562, -2.36952, -2.16114, -2.51781, -2.31631, -2.29293, -1.95919, -1.47043, -2.06975, -1.88852
1.56, 0.0319376, -1.84917, -2.98902, -2.09893, -1.63217, -1.15035, -1.48801, -2.45455, -2.37005, -2.28559, -2.9476, -3.75887, -3.0061, -2.97275, -3.40822, -2.75736, -2.57873, -2.54791, -2.40257, -2.17017, -2.07825, -2.07729, -1.58768, -1.47732, -1.59701, -1.19857, -1.57212, -1.50718, -1.08164, -0.815827, -0.472899
1.58, 0.0319375, -1.92897, -2.46942, -2.81111, -2.03605, -1.44232, -1.00191, -1.88975, -2.44691, -1.60399, -2.03709, -2.61255, -2.72598, -2.60855, -2.63571, -2.44868, -2.39699, -2.47618, -2.32774, -2.01882, -1.80673, -0.682343, -0.788901, -0.274627, -0.306404, 0.500053, 0.282243, 0.217896, 0.950366, 0.782721, 0.866072
1.6, 0.0319375, -2.21496, -2.8412, -3.32115, -2.82943, -2.86094, -3.33656, -3.0325, -2.75881, -2.83381, -3.49832, -3.44001, -4.01457, -3.46591, -3.3277, -3.31274, -2.96145, -2.5699, -2.97706, -2.56967, -2.04126, -1.76435, -1.84019, -1.66241, -1.78853, -1.52839, -1.17201, -0.832384, -0.769815, -1.25595, -1.28566
1.62, 0.0319375, -2.5458, -2.4649, -2.66539, -2.50457, -2.98105, -3.01006, -2.69815, -3.12196, -3.41912, -3.08536, -3.25634, -3.15208, -3.31349, -3.27172, -2.86291, -2.97773, -3.20612, -3.27973, -2.894, -2.49569, -2.36263, -2.10881, -1.77831, -1.79114, -1.27152, -1.49084, -1.34542, -1.06096, -1.31626, -1.32738
1.64, 0.0319375, -1.76942, -2.35356, -2.75417, -3.59408, -3.54522, -2.38613, -3.24641, -3.21205, -2.77649, -2.92846, -3.20525, -3.15898, -3.52446, -3.49332, -2.55817, -2.42598, -3.17177, -3.26091, -3.08947, -2.78831, -1.85169, -1.73988, -1.60633, -1.25377, -1.22054, -1.82218, -1.73842, -1.50613, -1.80909, -1.73273
1.66, 0.0319375, -1.39064, -2.67672, -2.82296, -2.71427, -2.28265, -2.21071, -2.54405, -3.37556, -2.91219, -2.45783, -3.31597, -3.8472, -3.54833, -3.02448, -3.68309, -2.89758, -3.23434, -3.47014, -3.00945, -2.44435, -2.1836, -2.04445, -1.78809, -1.97879, -1.93879, -2.02445, -1.78652, -1.66037, -1.92983, -1.99021
1.68, 0.0319376, -2.09957, -1.85742, -2.47424, -2.37491, -2.41544, -2.98814, -2.86399, -2.57852, -2.73252, -2.9012, -2.69453, -3.49106, -3.19044, -3.23589, -3.31419, -2.70126, -2.95579, -2.80689, -2.71531, -2.34649, -2.21542, -2.03751, -1.97532, -1.78411, -1.84408, -1.88965, -1.14837, -1.16485, -1.67975, -1.88781
1.7, 0.0319375, -2.09053, -2.77151, -3.23676, -2.84988, -1.87631, -2.52873, -2.74771, -2.44751, -2.82438, -2.82016, -2.82703, -2.98004, -3.22632, -2.61805, -2.53465, -2.55472, -2.25933, -2.04781, -2.0423, -2.25341, -1.69281, -1.71444, -1.62722, -1.42067, -1.31144, -1.70647, -1.60942, -1.37502, -1.59962, -1.39423
1.72, 0.0319375, -2.18205, -3.20064, -2.65624, -2.34682, -2.38232, -2.60114, -2.58979, -2.72628, -2.50157, -2.89087, -3.14107, -3.74075, -3.65447, -3.47208, -2.66863, -2.42177, -1.83484, -1.82556, -1.88003, -2.06452, -1.99531, -1.66081, -1.49961, -1.14958, -0.820002, -1.51864, -1.53776, -1.18685, -1.49096, -1.66642
1.74, 0.0319375, -2.64711, -2.47291, -2.60697, -3.27823, -2.76719, -3.08759, -3.16084, -2.80003, -3.20507, -2.93719, -2.9547, -2.84716, -3.54407, -3.7998, -3.195, -2.91702, -3.38529, -3.08162, -3.31954, -3.05682, -2.34678, -2.09745, -2.18316, -2.3541, -2.331, -2.30399, -1.87583, -2.06034, -2.10466, -2.15329
1.76, 0.0319375, -1.72255, -3.02065, -2.58903, -2.99889, -2.634, -3.08175, -3.72069, -3.15996, -3.30281, -3.60312, -3.84122, -3.82274, -3.32, -3.52418, -3.26364, -3.34172, -2.66638, -3.04657, -2.77407, -2.47554, -2.71495, -2.44559, -2.33333, -2.80475, -2.65424, -2.23031, -1.96654, -1.47656, -1.89383, -1.93267
1.78, 0.0319375, -2.45249, -3.27513, -3.14752, -3.49165, -2.29009, -2.62599, -3.49143, -3.3699, -3.30258, -2.96366, -3.13071, -3.52943, -3.47293, -3.24131, -2.93356, -2.91581, -2.786, -2.62131, -2.70894, -2.60691, -2.02804, -2.05487, -2.38682, -2.61137, -2.45389, -2.41413, -2.48261, -2.10394, -2.05314, -1.83861
1.8, 0.0319376, -2.19442, -2.67278, -2.64266, -2.94577, -2.91609, -2.67893, -3.19823, -3.25865, -3.78501, -3.59425, -3.60667, -3.80098, -3.52665, -3.17531, -3.36573, -3.14377, -3.30078, -3.43935, -3.14542, -2.76842, -2.60202, -2.53869, -2.11728, -2.57017, -2.67921, -2.46437, -2.41156, -1.96033, -2.08658, -2.01928
1.82, 0.0319375, -1.07407, -1.58026, -2.65889, -1.96205, -1.16697, -0.826969, -0.669411, -0.511032, -0.838015, -1.77356, -1.75127, -1.34012, -1.26137, -0.928943, -0.394851, -0.195639, -0.336454, -0.918241, -0.970723, -0.0583363, -0.380265, -0.0935082, -0.287155, -0.148965, 0.419473, 0.379098, 0.334721, 0.89475, 1.03054, 0.405109
1.84, 0.0319375, -1.02258, -1.7677, -2.32112, -1.75126, -1.46432, -1.20752, -0.712561, -0.47746, -0.947113, -2.38251, -2.32502, -1.88277, -1.83416, -1.23033, -0.77558, -0.582562, -0.788296, -0.946972, -0.844184, -0.242386, -0.0146923, 0.0339561, -0.0279329, -0.104684, 0.0447672, 0.191795, 0.350273, 0.739873, 0.937578, 0.531784
1.86, 0.0319375, -1.1408, -2.00875, -2.74882, -2.61495, -2.19639, -2.88357, -3.11841, -3.00068, -2.36265, -2.66082, -2.60723, -3.22401, -3.58438, -2.94459, -2.63835, -2.331, -2.62748, -2.44417, -2.43787, -2.10177, -1.75255, -1.7611, -1.40042, -1.57334, -1.62702, -1.68807, -0.990652, -0.684587, -0.559645, -0.862225
1.88, 0.0319375, -1.8705, -2.1084, -2.14299, -2.39972, -2.75944, -3.29589, -2.53531, -3.12881, -2.92197, -3.17172, -3.33135, -3.11432, -3.11682, -3.37013, -2.7226, -2.15823, -2.47267, -2.7544, -2.19309, -1.93365, -1.53275, -1.28129, -1.26226, -1.52867, -1.45096, -1.07866, -1.07903, -0.453372, -0.0949206, -0.393434
1.9, 0.0319375, -1.8959, -2.43823, -2.30788, -2.36633, -1.9164, -2.30008, -3.20605, -2.75821, -3.13979, -3.00321, -3.79986, -3.48035, -3.75864, -3.07515, -3.55693, -3.31259, -2.98696, -2.73302, -2.65484, -2.53615, -2.60431, -2.21457, -1.6682, -2.29339, -1.95182, -2.01947, -1.90141, -1.03648, -1.04392, -1.60022
1.92, 0.0319376, -1.26304, -1.88834, -1.96545, -2.21199, -2.6771, -3.38134, -2.42432, -2.47581, -2.62212, -2.44649, -3.21136, -3.62836, -3.89897, -3.31848, -2.81031, -2.63425, -2.44261, -2.17845, -1.93013, -1.68471, -1.79164, -2.07107, -2.16234, -2.16757, -1.61332, -1.47062, -1.10932, -0.668058, -0.269202, 0.221837
1.94, 0.0319375, -1.24959, -1.78136, -2.45587, -2.75324, -2.60312, -2.36828, -2.87739, -3.33074, -2.97702, -3.21477, -3.30914, -3.39949, -3.46406, -3.11471, -2.8343, -2.89231, -3.22384, -3.16233, -2.70824, -2.6514, -2.7182, -2.48064, -2.35294, -2.33653, -2.34365, -2.07558, -1.81412, -1.53439, -1.76111, -1.75637
1.96, 0.0319375, -1.73351, -2.32414, -1.48298, -1.47569, -1.16904, -1.64817, -2.52523, -2.33557, -2.51628, -3.9611, -4.05374, -3.47806, -3.86538, -3.35483, -3.75266, -2.97598, -3.29667, -3.1821, -2.67297, -2.70901, -2.56876, -2.41132, -2.35068, -2.54529, -2.29647, -1.91281, -1.98432, -1.58939, -1.89798, -1.63087
1.98, 0.0319376, -1.43997, -2.36359, -2.96833, -3.21037, -2.87482, -2.81031, -2.46951, -2.53787, -2.77018, -3.36028, -3.39517, -3.453, -3.75663, -3.64539, -3.59401, -3.46762, -3.39321, -3.44536, -3.41656, -2.56902, -2.69976, -1.96841, -2.17467, -2.59508, -2.69883, -2.64259, -2.02988, -1.66235, -2.04211, -1.72159
2, 0.0319376, -1.88003, -2.16185, -2.59529, -3.24588, -3.62256, -3.06305, -3.15201, -3.35098, -3.14403, -3.21942, -3.64374, -3.55349, -3.66495, -3.07037, -3.64197, -3.30517, -3.3657, -3.33366, -3.32868, -3.20101, -2.37406, -2.49101, -2.38063, -2.5198, -2.64132, -2.6179, -2.31004, -1.86495, -1.98143, -2.14338
2.02, 0.0319376, -2.08193, -2.72029, -2.37439, -2.35551, -2.37066, -2.46817, -2.87574, -3.65612, -3.24967, -2.7313, -3.00401, -3.397, -3.98661, -3.4742, -2.91639, -2.59949, -2.79349, -3.0312, -3.03832, -2.66599, -2.64849, -1.92375, -2.0068, -2.04971, -2.31359, -2.14992, -1.94191, -1.60862, -1.60071, -1.68723
2.04, 0.0319376, -1.23335, -3.12086, -2.93273, -2.76785, -3.29137, -2.18413, -2.46375, -2.91211, -3.24676, -3.47295, -3.41251, -3.92613, -3.47159, -3.21523, -3.55643, -3.52363, -3.50278, -3.1617, -3.25075, -2.79278, -2.51617, -2.50518, -1.97058, -2.66729, -2.48709, -2.30782, -2.06114, -1.72581, -1.92895, -1.92974
2.06, 0.0319376, -1.53338, -2.0205, -3.14023, -2.80033, -2.66054, -2.53094, -2.65288, -3.35439, -3.58945, -4.12045, -3.63305, -3.7878, -3.67567, -3.72374, -3.90039, -3.84883, -3.55625, -3.15833, -3.28851, -2.82615, -2.76053, -2.52277, -2.5705, -2.84358, -2.63937, -2.56887, -2.45727, -2.32481, -1.88413, -1.96677
2.08, 0.0319376, -2.48261, -3.43678, -4.1133, -2.56584, -2.21684, -2.70272, -3.21941, -2.97635, -3.13349, -2.76305, -2.75469, -3.33318, -3.7962, -3.22785, -2.98677, -2.94677, -3.2161, -2.61284, -2.66631, -1.99079, -1.82663, -1.68295, -1.61849, -1.51708, -1.66025, -0.840343, -0.871665, -0.947994, -1.06183, -1.53977
2.1, 0.0319376, -1.59052, -2.8293, -2.40746, -2.4853, -2.6247, -2.33609, -2.62792, -3.7117, -4.15216, -3.8173, -4.35672, -3.97915, -3.56091, -3.26751, -3.21883, -2.72739, -3.24257, -3.35537, -3.27948, -2.8652, -2.36219, -2.18738, -1.99138, -2.05571, -2.30973, -2.11009, -1.79007, -1.5808, -1.79908, -1.99567
2.12, 0.0319376, -1.51477, -2.19867, -1.96855, -2.42886, -1.81453, -2.24152, -2.74872, -2.07466, -2.58077, -3.10471, -3.18117, -3.48459, -3.58835, -3.34635, -3.31465, -3.3398, -3.26112, -3.06109, -2.93477, -2.85701, -2.885, -2.53452, -2.47779, -2.58743, -2.567, -2.37745, -2.10211, -1.47625, -1.72245, -2.0041
2.14, 0.0319374, -0.816509, -2.32224, -2.89841, -2.63846, -1.86372, -2.09616, -2.27963, -2.39505, -2.96771, -3.5131, -3.43893, -3.07923, -3.18301, -2.60966, -2.64933, -2.64969, -2.93692, -2.37412, -1.57356, -1.39895, -1.32451, -1.51298, -1.37485, -1.35912, -1.12677, -0.931465, -1.24388, -0.991178, -1.47289, -1.50072
2.16, 0.0319374, -0.561335, -0.976008, -0.115586, 0.616463, 1.07173, 0.987368, 0.824875, 0.878154, 1.15603, 1.05506, 0.715197, 0.339623, 0.366702, 0.873596, 1.28316, 1.41786, 1.32675, 1.51565, 1.47042, 2.00756, 2.23846, 2.50783, 2.71998, 2.35388, 2.78224, 2.89295, 3.17738, 3.13932, 2.9851, 2.67145
2.18, 0.0319374, -2.238, -2.22194, -2.30018, -2.07189, -1.72033, -1.92807, -2.87014, -2.47365, -2.03033, -2.16772, -2.7703, -2.61548, -2.16564, -2.20313, -2.0047, -1.56228, -1.49168, -1.69532, -1.32182, -0.702761, -0.666531, -0.0443691, 0.196748, -0.285817, 0.0545634, 0.756136, 0.930738, 0.629274, 0.669246, 0.804512
2.2, 0.0319374, -1.42272, -2.25754, -2.96634, -2.12027, -2.37886, -2.80984, -2.63264, -2.73491, -2.39328, -2.43875, -3.19287, -3.29321, -2.96007, -2.49601, -2.66723, -2.0781, -1.85836, -1.91018, -1.70918, -0.890299, -0.758587, -0.450417, -0.243697, -0.5389, -0.267825, -0.206703, -0.333023, -0.00395435, 0.567575, 0.378269
2.22, 0.0319374, -2.19052, -2.39259, -2.43542, -3.30944, -2.38432, -2.46499, -2.9726, -2.40074, -3.09376, -2.76583, -3.13356, -2.96402, -2.96086, -2.57792, -2.05053, -1.93583, -2.13085, -2.02186, -1.77824, -1.57018, -1.0071, -0.75341, -0.755187, -0.548228, -0.534747, -0.430397, -0.590062, -0.173889, -0.120118, -0.10402
2.24, 0.0319376, -1.70342, -2.57877, -2.61407, -2.7867, -2.08359, -2.69648, -2.7433, -2.35815, -2.56993, -2.53832, -3.05038, -2.68294, -2.95824, -3.56943, -3.03569, -2.71198, -2.74678, -2.40732, -2.08275, -1.60363, -1.73743, -1.33863, -1.06202, -0.803644, -1.00174, -0.907389, -0.869774, -0.803128, -0.682991, -0.904942
2.26, 0.0319376, -1.42262, -2.81128, -2.88963, -2.56254, -2.01772, -2.11376, -2.72969, -3.01222, -2.3106, -2.55812, -2.11413, -2.42262, -2.61332, -2.57222, -2.28903, -1.82967, -1.75661, -1.99561, -1.97886, -1.85748, -1.31861, -1.17893, -0.714054, -0.780729, -0.846022, -0.928942, -0.699593, -0.326903, -0.688566, -0.8025
2.28, 0.0319376, -1.28579, -2.13213, -3.32606, -2.86906, -1.8039, -2.65499, -2.67474, -2.6445, -3.27675, -3.25896, -3.36868, -3.19889, -3.40855, -3.36499, -3.08428, -2.86177, -2.78646, -3.11275, -3.04594, -2.54096, -1.78119, -1.87697, -1.59256, -1.43405, -1.575, -1.60693, -1.52988, -1.10247, -1.01853, -1.05112
2.3, 0.0319376, -2.5341, -2.78059, -2.49456, -2.92884, -2.85186, -3.02551, -3.3977, -3.306, -3.00145, -3.1947, -3.77092, -3.51947, -3.61744, -3.17587, -3.13586, -3.3123, -3.36072, -3.30325, -2.60551, -2.9145, -2.22359, -1.66383, -1.78318, -1.93818, -1.93717, -2.11448, -1.66614, -1.14961, -1.17726, -1.42882
2.32, 0.0319376, -1.39651, -2.21373, -2.83854, -3.31818, -2.76156, -3.12797, -3.44288, -3.34829, -3.25607, -2.58373, -3.29737, -3.76305, -4.03869, -3.4066, -3.41276, -2.94547, -2.98773, -2.79712, -2.80883, -2.64798, -2.17695, -2.17993, -2.26502, -2.36408, -2.00051, -2.19014, -2.01742, -1.39058, -1.4285, -1.54601
2.34, 0.0319376, -2.06442, -3.29326, -2.11673, -2.06828, -1.44561, -1.3735, -1.37971, -1.73956, -2.45538, -2.5829, -2.7548, -3.07321, -3.05998, -2.55191, -2.36517, -2.02107, -1.87791, -1.94647, -1.50905, -1.39228, -2.23762, -2.07386, -2.15522, -1.81467, -1.91512, -1.68124, -1.76559, -1.64109, -1.47266, -1.47409
2.36, 0.0319376, -2.05512, -2.71206, -3.27187, -2.72909, -2.22945, -2.31999, -2.80286, -2.52507, -2.62263, -2.5778, -2.52365, -2.46675, -2.56672, -2.67131, -2.60655, -1.87511, -1.47911, -1.84528, -1.99063, -1.60971, -0.899851, -0.48118, -0.341885, -0.754059, -1.37958, -0.729555, -0.433808, -0.60238, -0.539714, -0.40436
2.38, 0.0319374, -2.15287, -2.81234, -2.92274, -2.68417, -1.78047, -1.86005, -2.3652, -2.78432, -2.10993, -1.85711, -2.21189, -2.40031, -2.66396, -2.81545, -2.21989, -1.88992, -1.78592, -2.01736, -1.92485, -1.3982, -1.33735, -1.07524, -1.06457, -0.767221, -1.04836, -1.19715, -0.794328, -0.999543, -1.0653, -0.975484
2.4, 0.0319374, -1.10615, -1.98966, -2.3175, -1.60549, -1.32706, -1.84097, -1.60906, -2.4486, -1.65923, -1.68768, -1.80724, -1.64614, -2.24879, -1.7152, -1.11428, -1.18658, -1.51386, -1.97061, -1.65219, -0.475732, -0.531575, -0.434203, -0.642845, -0.462655, -0.53617, -0.128714, -0.450741, 0.251307, 0.233397, -0.480747
2.42, 0.0319374, -1.89058, -2.80843, -2.86918, -2.36746, -2.843, -3.28167, -3.30934, -3.03059, -2.96128, -3.30681, -3.77063, -4.09521, -3.4383, -3.65472, -3.48502, -3.44269, -2.64918, -2.89833, -2.90758, -2.03143, -2.02069, -1.8489, -1.79839, -2.2833, -1.96319, -2.08984, -1.62097, -1.4867, -1.26178, -1.5457
2.44, 0.0319374, -1.63079, -3.26885, -2.68289, -3.27578, -3.02524, -2.92672, -3.2098, -3.23751, -3.0164, -2.83536, -3.8593, -3.72804, -3.09251, -2.94739, -3.22759, -3.20396, -3.06983, -2.91517, -2.86062, -2.70597, -2.31837, -1.9939, -1.95373, -2.11124, -2.06726, -2.23751, -2.19416, -1.36604, -1.28324, -1.4677
2.46, 0.0319374, -1.71692, -2.88433, -3.35726, -2.95324, -3.20377, -2.9741, -2.69374, -2.82996, -3.36241, -3.58682, -3.35787, -3.53873, -3.27559, -2.63134, -2.70458, -2.58313, -2.58612, -2.44971, -2.48603, -1.98983, -1.41871, -1.24072, -1.19657, -2.06685, -2.39061, -2.01342, -1.35525, -0.991955, -0.605345, -0.440944
2.48, 0.0319376, -1.58836, -2.46868, -2.92706, -3.55518, -2.95359, -3.31689, -3.03407, -3.33246, -2.89468, -3.65245, -3.7236, -3.34208, -3.39047, -3.40968, -3.19636, -3.40227, -3.48397, -3.3835, -2.6769, -2.76647, -2.57632, -2.305, -2.30899, -2.08203, -2.28886, -2.35608, -2.07803, -1.46739, -1.45647, -1.77785
2.5, 0.0319376, -1.5342, -2.18261, -2.41189, -2.68188, -2.37338, -3.29558, -4.21637, -2.81612, -2.93149, -3.25545, -4.10911, -3.46125, -3.64197, -3.58137, -3.38267, -3.18014, -3.53496, -2.91855, -3.20741, -3.38628, -2.94532, -2.66443, -2.7907, -2.58413, -2.19297, -2.37383, -2.16578, -1.95161, -1.95443, -2.05489
2.52, 0.0319376, -1.78193, -2.5912, -3.19356, -2.48635, -2.04972, -2.79593, -2.85241, -2.78612, -2.6915, -2.96339, -3.49442, -3.0034, -3.27685, -3.04187, -3.47477, -3.05559, -3.12177, -3.32023, -3.3067, -3.07356, -3.01495, -3.00962, -2.81475, -2.76203, -2.45073, -2.29325, -2.34255, -1.82213, -1.78653, -2.044
2.54, 0.0319376, -1.45923, -3.23507, -2.96377, -2.38858, -2.14364, -3.33216, -3.60232, -3.42214, -3.54295, -3.16105, -3.81116, -4.19704, -3.85588, -3.45687, -3.40646, -3.4452, -3.31691, -2.99026, -2.70625, -2.46541, -1.59335, -1.6031, -1.07917, -1.13311, -1.39701, -2.30924, -1.99174, -1.52172, -1.90608, -1.70727
2.56, 0.0319376, -2.665, -2.8469, -2.59511, -3.41974, -2.71257, -2.866, -3.30108, -2.97248, -3.44266, -2.96956, -3.41091, -3.45601, -4.07306, -3.35203, -3.51464, -3.80469, -3.18571, -3.30112, -3.02376, -3.31375, -2.80482, -2.2172, -2.3558, -2.68866, -2.38387, -2.25078, -2.29649, -2.07686, -2.18074, -1.93943
2.58, 0.0319376, -2.01567, -2.59081, -2.94736, -2.76756, -2.37245, -2.63171, -2.88578, -2.75887, -2.9985, -3.06388, -3.87853, -3.85153, -3.77785, -3.29665, -3.00839, -2.59907, -2.71088, -2.91488, -2.34646, -2.16599, -1.60946, -1.4011, -1.34713, -1.83284, -1.63059, -1.4515, -1.41415, -1.02283, -1.22519, -1.14568
2.6, 0.0319376, -1.25894, -1.60919, -2.97078, -2.60951, -2.21732, -1.92466, -2.04303, -2.58406, -2.86019, -3.27875, -3.29725, -3.17903, -3.08759, -2.54379, -2.66715, -2.45781, -2.86094, -3.06513, -3.1032, -3.37064, -2.81899, -2.6304, -2.77054, -2.57242, -2.45727, -2.46362, -2.26871, -1.88971, -1.91774, -1.82988
2.62, 0.0319376, -2.17877, -2.55917, -3.42803, -2.67432, -2.25259, -2.58648, -3.01486, -3.57507, -3.99694, -3.06922, -3.4029, -3.99918, -3.77362, -3.30813, -3.27211, -3.4465, -3.43903, -3.17846, -3.4526, -3.15226, -2.95307, -2.7004, -2.74719, -2.56332, -2.77414, -2.56576, -2.52726, -2.27526, -2.20921, -2.10693
2.64, 0.0319374, -2.0142, -2.42219, -2.68053, -2.82054, -2.83925, -3.06374, -3.35872, -3.19294, -3.04225, -3.74709, -3.2263, -3.53901, -3.48135, -3.10693, -3.24097, -3.48773, -3.30661, -3.81866, -3.43064, -3.17174, -2.33287, -2.16888, -2.32554, -2.57003, -2.98359, -2.77751, -2.29595, -2.36442, -2.68736, -2.04355
2.66, 0.0319374, -2.62663, -3.33872, -2.65751, -3.14896, -2.70022, -3.01871, -2.73082, -3.27685, -3.43832, -3.44308, -3.26567, -3.69117, -3.53386, -3.1436, -2.89726, -2.84772, -2.57358, -3.27408, -3.08168, -2.85412, -2.66025, -2.55592, -2.71874, -2.78655, -2.44216, -2.66255, -2.43443, -2.44607, -2.41064, -2.02472
2.68, 0.0319374, -2.87307, -2.15382, -2.37312, -2.89443, -3.08063, -2.72042, -3.0736, -3.51852, -3.16122, -3.3428, -3.85843, -3.28839, -3.69696, -3.39572, -3.47099, -3.47385, -3.25145, -3.4516, -3.32927, -3.22186, -2.78334, -2.11904, -2.50047, -2.89634, -2.65218, -2.41257, -2.33387, -2.04276, -2.09344, -1.95502
2.7, 0.0319374, -2.32927, -2.69336, -3.50283, -3.12481, -2.17886, -2.27688, -2.83624, -3.45008, -3.33714, -3.5698, -4.24837, -3.7053, -3.58547, -3.55589, -3.35508, -3.77506, -3.55074, -3.17097, -3.27429, -3.3101, -3.17229, -2.72824, -2.73339, -2.67348, -2.80527, -2.69883, -2.595, -2.32259, -2.38943, -1.89473
2.72, 0.0319374, -1.49338, -1.91675, -2.82239, -3.19259, -2.76427, -2.99747, -3.38399, -3.52424, -2.97248, -2.90835, -3.40305, -3.66905, -3.72681, -3.54885, -3.18929, -3.05029, -3.02275, -3.16977, -3.36847, -2.85782, -2.9392, -3.18024, -2.95015, -3.15103, -2.98654, -2.3731, -2.28312, -2.25775, -2.42036, -2.14092
2.74, 0.0319376, -1.39331, -2.41059, -2.93451, -2.83199, -2.68549, -3.32216, -4.09905, -3.22381, -3.36092, -3.07356, -3.15234, -3.68179, -3.28952, -3.34959, -3.77593, -3.04579, -2.83306, -3.08463, -2.78451, -2.61896, -2.36451, -2.56115, -2.30127, -2.3256, -2.46048, -2.62391, -2.26338, -1.79725, -1.81675, -2.06962
2.76, 0.0319376, -1.39758, -2.13225, -3.01633, -3.34764, -2.90918, -2.13917, -2.10404, -2.57214, -2.64499, -3.46826, -4.12203, -3.62495, -3.28402, -3.37819, -2.95557, -2.94505, -3.48241, -3.06897, -3.14857, -2.86299, -2.53296, -2.83066, -2.72137, -2.77914, -2.25243, -2.25745, -2.20637, -1.97608, -1.86635, -1.58387
2.78, 0.0319376, -2.04318, -2.36721, -2.25069, -2.63984, -2.49025, -2.53733, -2.91824, -2.88814, -2.93749, -3.45386, -3.42872, -3.02766, -2.68192, -2.73921, -2.822, -2.89018, -2.87675, -2.80575, -2.99958, -2.21536, -1.87759, -1.91401, -1.8866, -1.98201, -1.57295, -1.50964, -1.41785, -0.998585, -0.702958, -0.798972
2.8, 0.0319376, -2.1978, -3.64736, -3.11989, -2.61287, -1.84723, -2.0839, -2.89564, -2.88558, -2.74523, -2.78871, -3.48825, -3.33175, -4.22806, -3.25784, -2.73534, -3.43708, -3.32672, -3.27439, -2.93311, -2.73562, -2.89633, -2.70351, -2.46836, -2.76702, -2.538, -2.45886, -1.95903, -1.65355, -1.96116, -1.79903
2.82, 0.0319376, -1.21993, -1.78622, -2.0094, -2.71422, -2.32842, -2.07175, -3.02796, -3.09432, -3.19128, -2.73657, -3.49668, -3.46408, -3.30228, -3.08031, -3.49992, -3.27808, -3.7288, -3.36968, -3.47026, -3.2866, -2.99287, -2.74438, -2.74668, -2.86389, -2.82666, -2.78633, -2.47122, -2.40545, -2.37595, -2.28342
2.84, 0.0319376, -1.8963, -2.52334, -3.13388, -3.61712, -3.15571, -2.5655, -3.24651, -3.35676, -3.40839, -3.65008, -3.51415, -3.72878, -3.82483, -3.55678, -3.98312, -3.59285, -3.25449, -3.40799, -3.28233, -2.80191, -2.79132, -2.67125, -2.72584, -2.3904, -2.53552, -2.68059, -2.70121, -2.27371, -2.34318, -1.76936
2.86, 0.0319376, -1.79182, -2.80336, -2.49424, -2.43612, -2.61192, -2.74129, -3.34999, -2.69532, -2.92514, -3.58596, -3.49464, -3.38815, -3.37131, -3.42535, -3.18927, -3.49716, -4.05361, -3.30099, -2.91098, -2.59919, -2.40536, -2.63799, -2.60402, -2.62632, -2.76436, -2.55378, -2.33043, -1.955, -2.23268, -2.09112
2.88, 0.0319374, -1.34573, -2.51238, -2.85786, -2.29004, -2.53487, -2.6696, -2.17417, -2.40943, -2.86273, -3.08052, -4.18702, -3.58629, -3.3992, -3.42302, -3.48635, -2.95974, -3.5438, -3.63253, -3.33188, -3.14203, -3.04364, -2.66123, -2.60717, -2.54902, -2.54663, -2.43918, -2.1653, -2.15656, -1.83389, -1.72691
2.9, 0.0319374, -1.96927, -2.32557, -2.74103, -2.72617, -3.07858, -2.87579, -3.44301, -3.54852, -3.28203, -3.68051, -3.40192, -3.7497, -3.47673, -3.3612, -2.90434, -3.26547, -3.04053, -3.18576, -3.19301, -2.83611, -2.99695, -3.17157, -2.69832, -2.57876, -2.6205, -2.48047, -2.45558, -2.49615, -2.0201, -1.74862
2.92, 0.0319374, -1.3266, -2.62794, -2.33639, -2.46489, -2.49486, -2.3892, -2.67079, -2.87382, -2.64339, -2.94427, -3.34685, -2.87431, -3.3543, -2.76115, -2.5425, -2.57604, -2.67652, -2.87426, -2.82331, -2.30652, -1.2778, -1.3656, -1.98414, -2.02692, -1.4438, -1.01728, -1.0356, -1.15788, -0.93515, -1.0593
2.94, 0.0319374, -1.60356, -2.33896, -2.11116, -1.7034, -1.71041, -2.20155, -2.70848, -2.84502, -3.05987, -3.13223, -3.52518, -3.24078, -3.42739, -3.13887, -3.12601, -2.98805, -2.8004, -3.30588, -3.25678, -2.87663, -2.71178, -2.48714, -2.46486, -2.57881, -2.13139, -2.27462, -2.10111, -1.52536, -2.04448, -2.03204
2.96, 0.0319374, -1.92115, -2.73412, -1.97938, -1.86656, -2.1367, -2.96345, -3.7939, -3.99981, -2.90963, -3.10188, -3.81422, -3.25375, -3.55866, -2.96924, -3.90947, -3.51392, -3.5056, -3.04089, -3.06049, -3.02969, -2.59642, -2.47873, -2.44869, -1.92164, -2.28714, -2.4127, -1.94829, -1.74453, -2.00597, -2.07167
2.98, 0.0319376, -1.21648, -1.95586, -1.85946, -2.78875, -2.73753, -3.07533, -3.02059, -3.565, -3.32561, -3.32822, -3.61181, -3.55878, -3.88474, -3.25871, -3.46906, -3.64269, -3.87026, -3.20429, -2.89681, -2.91194, -2.62668, -2.34963, -2.38513, -2.36913, -2.47205, -2.75483, -2.32564, -1.98338, -2.21233, -1.94726
3, 0.0319376, -1.33621, -2.58464, -2.15556, -1.87709, -1.53559, -2.58252, -2.73775, -3.25469, -3.13043, -3.65734, -3.73608, -3.5032, -3.59598, -3.31862, -3.39819, -3.29061, -3.41912, -3.43731, -3.16823, -2.88475, -2.52079, -2.19379, -2.26527, -2.42841, -2.3951, -2.20355, -2.43938, -1.71575, -1.68034, -1.73023
3.02, 0.0319376, -1.89391, -2.41651, -3.51566, -2.87162, -2.67264, -3.5976, -3.06558, -3.2833, -3.49109, -3.727, -3.67949, -3.8129, -3.96936, -3.22674, -4.09883, -4.18281, -3.32584, -3.18686, -3.52754, -2.90937, -2.39185, -2.24716, -2.27918, -2.64103, -2.20228, -2.38858, -2.20053, -1.93023, -1.9812, -1.94619
3.04, 0.0319376, -1.69918, -2.38455, -2.40112, -2.51243, -2.27038, -2.47422, -2.51132, -3.50335, -3.69984, -3.41877, -3.12653, -3.19562, -3.15755, -2.96261, -3.00602, -3.31034, -3.42461, -3.17304, -2.96766, -2.95951, -2.67411, -2.4609, -2.61956, -2.74295, -2.69172, -2.59079, -2.38466, -1.66648, -1.70133, -1.89168
3.06, 0.0319376, -1.35246, -2.74671, -2.43224, -3.19241, -2.41678, -3.06045, -3.26284, -3.43692, -3.05538, -3.1736, -3.1522, -3.61788, -3.27631, -2.9323, -3.03176, -3.31504, -3.3554, -3.53073, -3.18281, -3.00057, -2.42424, -2.2306, -2.52423, -2.49083, -1.72004, -1.69045, -1.61463, -0.928772, -0.877174, -0.800662
3.08, 0.0319376, -1.81873, -2.51159, -2.61685, -3.2965, -2.86743, -2.44274, -3.01198, -3.21959, -3.36512, -3.93704, -4.00687, -3.73109, -4.24941, -3.54385, -3.40948, -3.35671, -3.25018, -3.46685, -3.10639, -2.71945, -2.36765, -2.26285, -2.22809, -2.68207, -2.36733, -2.61779, -2.76749, -2.08599, -1.9097, -2.08825
3.1, 0.0319376, -1.43237, -2.61699, -2.28666, -2.42325, -1.92668, -2.92248, -3.69174, -3.43652, -4.08119, -3.88035, -3.48103, -3.61186, -3.52747, -3.16305, -4.00087, -3.64944, -3.45975, -3.10633, -3.51507, -2.68713, -2.85213, -2.93397, -2.57369, -2.59662, -2.48752, -2.5181, -2.47453, -1.99339, -2.13633, -2.0675
3.12, 0.0319376, -1.38749, -2.7323, -2.91882, -2.67059, -2.40933, -2.2093, -2.52253, -2.5921, -2.21537, -2.59799, -3.28099, -3.10032, -3.47529, -3.13519, -3.17386, -2.91333, -3.10489, -3.38657, -3.42477, -2.29855, -2.58414, -2.30032, -2.08288, -2.37126, -2.27366, -2.28293, -2.20984, -2.16438, -2.01846, -1.86435
3.14, 0.0319374, -0.805226, -1.98188, -1.73752, -1.72482, -1.47187, -2.08894, -2.08427, -2.99818, -3.00732, -3.01476, -3.16417, -2.90272, -2.94538, -3.07967, -2.85115, -2.98646, -3.06633, -2.63506, -2.66616, -2.2164, -2.19666, -2.08847, -2.08096, -2.16476, -2.25117, -2.25853, -2.0469, -1.44221, -1.7613, -1.17719
3.16, 0.0319374, -1.12458, -2.5479, -2.71862, -3.00186, -2.5086, -2.1315, -2.09876, -2.44738, -3.33106, -2.50357, -2.36784, -3.07583, -3.13654, -2.82695, -2.71192, -2.3606, -2.11704, -1.66397, -1.91278, -2.15668, -2.14884, -1.8279, -1.67768, -1.27148, -1.55062, -1.99059, -1.88351, -1.9178, -1.77471, -1.83442
3.18, 0.0319374, -0.423169, -1.96766, -3.00273, -2.84829, -1.85608, -1.78876, -1.62963, -1.80023, -2.51655, -1.81693, -2.91903, -3.36884, -2.91546, -2.6413, -2.38857, -2.1979, -2.18246, -2.23226, -2.15199, -1.82691, -1.52383, -1.28518, -1.36686, -1.81887, -1.36545, -1.45483, -1.42465, -1.01629, -1.35857, -0.444071
3.2, 0.0319374, -2.31785, -2.2082, -2.84036, -2.90212, -2.51609, -2.03809, -3.19258, -3.03494, -3.20024, -2.76868, -3.44551, -3.58136, -3.69932, -3.06288, -2.88324, -3.0413, -2.98511, -3.23543, -2.89675, -3.13147, -2.81794, -2.35682, -2.52798, -2.9845, -2.56146, -2.37133, -1.96491, -1.47572, -1.84802, -1.93238
3.22, 0.0319374, -2.27904, -2.66866, -2.46691, -2.7244, -2.96802, -2.90691, -3.36797, -3.33205, -3.08889, -3.08053, -3.44755, -3.54176, -3.21448, -2.70307, -3.26151, -3.13478, -2.75097, -2.7479, -2.68191, -2.33671, -1.91165, -1.89436, -1.99696, -2.24678, -2.12324, -1.92699, -1.90999, -1.43998, -1.68116, -1.49784
3.24, 0.0319376, -1.69217, -1.67436, -2.19969, -2.48648, -2.13517, -2.49271, -2.64132, -2.62154, -2.36587, -2.57547, -2.9099, -2.9547, -2.60728, -3.05463, -3.6533, -2.77849, -2.03393, -2.01188, -1.78934, -2.2714, -1.40167, -1.10992, -1.23855, -1.92911, -1.25717, -0.815761, -0.703513, -0.711212, 0.169913, 0.0524104
3.26, 0.0319376, -1.29187, -1.94781, -2.44452, -3.51294, -2.48017, -1.85918, -1.90895, -1.83508, -2.16435, -2.74331, -2.85774, -3.04429, -3.30289, -2.89103, -2.61735, -2.84733, -2.91137, -3.04788, -2.99857, -2.45102, -2.08896, -1.99332, -2.11596, -2.38614, -2.43391, -2.2072, -2.14922, -1.42025, -1.43299, -1.78088
3.28, 0.0319376, -1.9336, -2.26485, -3.19559, -2.39964, -2.53806, -2.94065, -2.8556, -2.82257, -2.52208, -2.74682, -3.67793, -3.41084, -4.18261, -3.50813, -3.4751, -3.28303, -3.13941, -3.38439, -3.62346, -2.86298, -2.94252, -2.69103, -2.42474, -2.7721, -2.67802, -2.329, -2.38565, -2.05914, -2.02112, -1.87869
3.3, 0.0319376, -1.67709, -1.42947, -2.59355, -2.95528, -2.53228, -2.37777, -2.42381, -2.27063, -2.5566, -2.82712, -3.71404, -3.06423, -3.07688, -3.09228, -2.96528, -2.80654, -2.88138, -2.7418, -2.6898, -2.59363, -2.35656, -2.15817, -2.11054, -2.24124, -2.01335, -2.08419, -1.58932, -1.56614, -1.64038, -1.64752
3.32, 0.0319376, -1.47839, -2.12255, -3.46756, -2.51982, -2.46457, -3.19812, -3.00019, -2.88365, -2.73132, -3.93665, -4.01449, -3.5561, -3.83636, -3.28296, -3.3763, -3.26512, -3.34941, -3.25404, -2.63628, -2.67551, -2.1381, -2.09522, -2.14947, -2.64562, -2.45948, -2.52216, -2.1885, -1.8436, -1.72762, -1.9681
3.34, 0.0319376, -2.58057, -2.33425, -2.43611, -2.36154, -2.07193, -2.21043, -2.34552, -2.94513, -2.76972, -2.49084, -3.12715, -3.19378, -2.78777, -2.67756, -3.26257, -3.05965, -3.0382, -2.85679, -2.80384, -2.31751, -2.21612, -1.93067, -2.39651, -2.15606, -2.07719, -1.8026, -1.63164, -1.35783, -1.28879, -1.48004
3.36, 0.0319376, -1.44247, -1.94258, -1.80963, -2.45996, -2.24129, -2.64499, -3.21059, -3.33898, -3.47507, -3.3899, -3.19802, -3.31852, -3.56548, -3.41766, -3.61286, -3.67887, -3.45914, -3.3779, -3.19425, -3.01394, -2.77746, -1.96567, -2.17746, -2.72137, -2.13822, -2.203, -2.12391, -1.84432, -1.72378, -1.84954
3.38, 0.0319374, -1.26541, -2.03234, -1.93061, -2.4409, -2.76752, -2.72247, -2.87619, -2.10169, -2.05196, -2.80995, -3.56381, -3.46467, -3.14813, -2.99709, -3.2313, -2.77605, -2.89014, -3.17626, -3.10346, -2.83753, -2.68343, -2.5408, -2.37451, -2.51863, -2.3941, -1.93479, -1.77137, -1.36951, -2.03521, -1.9775
3.4, 0.0319374, -1.65245, -2.56908, -2.28112, -2.37177, -2.35703, -2.87088, -2.99993, -2.86259, -3.02338, -3.42737, -3.62012, -3.34047, -3.14063, -3.31302, -3.658, -3.21057, -3.01432, -3.29604, -3.40834, -3.04299, -2.69928, -2.59984, -2.40771, -2.5526, -2.3674, -2.20672, -1.98326, -1.56017, -1.7894, -1.87596
3.42, 0.0319374, -1.31639, -2.48274, -2.45054, -2.22159, -2.49092, -2.82228, -3.60104, -3.13612, -3.19112, -3.60394, -4.00554, -3.97749, -3.97391, -3.21542, -3.29866, -3.1706, -3.12163, -3.57229, -2.69776, -2.50928, -2.36336, -2.082, -2.12985, -2.40758, -2.29459, -2.35979, -2.41932, -1.9985, -1.90344, -1.78131
3.44, 0.0319374, -1.12178, -1.91975, -2.72647, -2.47306, -1.59756, -2.18184, -2.30846, -2.96817, -3.1122, -2.68309, -3.15077, -3.21801, -3.50785, -3.1812, -2.90401, -2.80356, -2.85807, -2.79799, -2.38375, -2.33821, -1.93845, -2.12968, -2.01744, -2.03663, -1.70878, -1.90515, -1.82731, -1.49513, -1.59789, -1.83481
3.46, 0.0319374, -1.38443, -2.20916, -2.14898, -2.26663, -2.47215, -2.28574, -3.07394, -3.39259, -2.99338, -3.04808, -2.98958, -3.33707, -3.2767, -2.95551, -4.0774, -3.69035, -2.96248, -2.94678, -2.95547, -2.80891, -2.24803, -2.53694, -2.22944, -2.12237, -2.39736, -2.3525, -2.25801, -1.83717, -1.62775, -1.97631
3.48, 0.0319376, -0.836207, -1.84482, -2.34423, -2.80453, -2.37832, -1.98537, -2.89081, -2.74476, -2.60301, -2.95136, -3.07825, -3.09369, -3.35449, -3.10594, -2.99899, -3.09544, -3.16668, -2.78075, -2.94361, -2.8235, -2.36463, -2.30609, -2.15846, -2.15125, -2.12125, -2.30647, -2.04831, -1.70358, -1.86452, -1.65313
3.5, 0.0319376, -1.22575, -2.38385, -2.81878, -3.25083, -2.7204, -2.36296, -3.01245, -2.71171, -2.63984, -3.98213, -3.48727, -3.73811, -3.22122, -3.3998, -2.8793, -2.96012, -3.10325, -3.27622, -2.79566, -2.95234, -2.6321, -2.2437, -1.94401, -2.22716, -1.98688, -2.40523, -2.09325, -1.89577, -2.01433, -2.00465
3.52, 0.0319376, -1.56505, -1.66684, -2.76459, -2.7461, -2.55427, -2.60696, -2.27309, -2.64455, -2.53444, -3.02447, -3.85903, -4.114, -3.40058, -3.21399, -3.06222, -3.00574, -3.04786, -3.208, -3.00535, -2.64832, -2.31827, -2.00255, -1.73144, -1.62672, -1.87323, -1.8408, -1.76503, -1.55237, -1.31985, -1.64218
3.54, 0.0319376, -1.62996, -2.72211, -2.50554, -2.25079, -2.30951, -2.83497, -3.18131, -3.1315, -3.07307, -2.6859, -2.90809, -3.34879, -2.88291, -2.54103, -2.79544, -2.85252, -2.06828, -2.15581, -2.21622, -2.74498, -1.33814, -0.613962, -0.873227, -1.1561, -0.547501, -0.091215, -0.343136, 0.0938106, 0.242724, -0.192121
3.56, 0.0319376, -1.09564, -1.84521, -2.26068, -2.02527, -2.35208, -2.5522, -2.77406, -3.31483, -3.24081, -2.92389, -3.72961, -3.59817, -4.16522, -3.72104, -3.19909, -3.50015, -3.5448, -3.56929, -2.9134, -2.9154, -2.49507, -2.44222, -1.9951, -2.15029, -2.55069, -2.25926, -2.21903, -1.6503, -1.71358, -1.81379
3.58, 0.0319376, -1.43843, -2.47767, -2.93156, -2.62373, -2.42727, -2.44653, -2.99677, -2.73862, -2.8631, -3.11082, -3.26609, -4.03963, -4.12447, -3.54918, -3.4561, -3.30458, -3.39591, -3.46772, -3.44097, -3.07326, -2.08442, -2.08743, -1.90008, -2.2887, -2.17806, -2.37743, -2.66061, -1.90498, -1.57968, -2.02974
3.6, 0.0319376, -1.84514, -3.15807, -2.41282, -3.11213, -2.52982, -2.64821, -3.19227, -3.57162, -3.20267, -3.34488, -3.07125, -3.28387, -3.07596, -3.15174, -2.96656, -2.46166, -2.46161, -2.5445, -2.70053, -2.46639, -1.80911, -1.73152, -1.8625, -1.96972, -1.44258, -1.20259, -1.34209, -1.09307, -1.05121, -1.10686
3.62, 0.0319376, -1.61864, -2.16856, -2.35421, -2.25905, -2.3137, -3.11182, -2.88218, -2.77432, -2.62737, -2.6132, -2.37593, -2.34732, -2.78828, -3.11044, -2.49705, -1.86265, -1.65293, -1.98556, -1.99663, -1.84317, -1.01349, -0.948408, -0.953489, -1.19211, -0.675995, -0.173997, 0.135714, 0.210813, 0.321427, 0.54914
3.64, 0.0319374, -0.848643, -1.98532, -2.40471, -2.53338, -2.1949, -2.70546, -2.95786, -2.94005, -2.59386, -2.86794, -3.67445, -3.52375, -3.43904, -3.34464, -3.43281, -3.13998, -2.91119, -2.75682, -2.60204, -2.20587, -2.19038, -1.61555, -1.73599, -2.17323, -2.1437, -2.02765, -1.7695, -1.39406, -1.65758, -1.67795
3.66, 0.0319374, -1.30959, -2.57802, -2.81712, -3.00075, -2.264, -1.97447, -2.32299, -1.74411, -2.20371, -2.34498, -2.94291, -2.71888, -2.51717, -2.19796, -2.59381, -2.89195, -2.37165, -2.01526, -1.9726, -1.87623, -1.23298, -1.04903, -1.17745, -1.33145, -1.68083, -1.20294, -1.10203, -0.534038, 0.215163, 0.428356
3.68, 0.0319374, -0.87911, -1.90844, -2.20968, -2.03097, -2.54666, -2.67051, -2.27784, -2.69122, -2.74538, -3.04521, -3.05284, -3.40257, -3.42763, -2.72692, -2.67088, -2.49768, -2.4185, -3.13795, -3.03376, -2.67836, -2.18949, -2.07616, -2.00832, -2.13621, -2.11583, -2.02559, -1.63583, -1.39374, -1.37074, -1.54854
3.7, 0.0319374, -1.5495, -3.54126, -2.04481, -1.87099, -1.58501, -1.94588, -2.82023, -3.26568, -3.52495, -3.55291, -4.17889, -4.12088, -3.74994, -3.61824, -3.62291, -3.26001, -3.46863, -3.04764, -3.24252, -3.03265, -3.02619, -2.39205, -2.49615, -2.51169, -2.77174, -2.43397, -2.26812, -1.76526, -1.74069, -1.84125
3.72, 0.0319374, -1.91414, -2.40539, -2.61879, -3.06854, -3.17825, -3.09742, -2.9648, -3.10407, -3.04978, -3.30957, -3.48189, -3.61432, -3.37339, -3.65051, -3.13916, -3.38866, -3.678, -3.38937, -3.42088, -2.37293, -2.24866, -2.37185, -2.32563, -1.99067, -2.12161, -2.08684, -2.07312, -1.52419, -1.50767, -1.82645
3.74, 0.0319376, -1.53885, -1.96321, -3.00812, -2.63986, -2.20981, -2.47318, -3.11425, -2.91542, -2.95548, -3.6089, -3.95649, -3.60603, -3.52729, -3.3945, -3.34419, -3.04334, -2.81132, -3.34056, -3.18536, -2.98041, -2.63819, -2.43146, -2.21388, -2.51376, -2.51648, -2.44983, -2.17142, -1.68339, -1.64918, -1.82857
3.76, 0.0319376, -1.46981, -2.08743, -2.38246, -2.68337, -1.96499, -2.45244, -3.34989, -3.12117, -3.63532, -3.28639, -3.47306, -3.0513, -3.54439, -3.17928, -3.83347, -3.20686, -3.39522, -3.15068, -3.03635, -2.85021, -2.40494, -2.15792, -2.39047, -2.52241, -2.17829, -2.13882, -2.28519, -2.1683, -1.95879, -1.82722
3.78, 0.0319376, -1.70147, -2.8874, -3.33798, -3.38678, -3.62254, -2.92051, -3.41518, -3.25988, -3.22386, -2.89802, -4.04604, -4.23586, -3.93619, -3.56066, -3.86915, -3.1703, -3.22343, -3.27362, -3.16274, -3.14762, -2.18284, -2.11135, -2.02817, -2.28328, -2.60498, -2.48668, -2.1873, -1.54223, -1.5508, -1.76087
3.8, 0.0319376, -1.50715, -2.56007, -2.7522, -3.37018, -2.9741, -2.76984, -3.07923, -3.61223, -3.6309, -3.77735, -3.94256, -3.80025, -3.79686, -3.55517, -3.61794, -3.09793, -3.20759, -3.08192, -2.69675, -2.68883, -2.81128, -2.51309, -2.45591, -2.43188, -2.48819, -2.36448, -2.18159, -2.11332, -1.87117, -1.96293
3.82, 0.0319376, -1.97801, -2.83781, -2.7056, -3.52354, -2.69069, -2.94076, -2.54574, -2.61191, -3.33854, -3.35579, -3.98576, -4.01174, -3.79299, -3.49627, -3.45094, -3.35594, -3.25737, -2.88635, -2.94501, -2.96479, -2.50961, -2.6858, -2.44676, -2.48719, -2.4002, -2.82738, -2.50288, -2.07324, -2.39577, -2.06381
3.84, 0.0319376, -1.9196, -2.72322, -2.76118, -2.86503, -2.67964, -2.61191, -3.48229, -3.12532, -3.4816, -3.3233, -3.72425, -3.67355, -3.68978, -3.33213, -3.56704, -3.57041, -3.38979, -3.18062, -3.03615, -3.13604, -3.06611, -2.57786, -2.49309, -2.33835, -2.56214, -2.3958, -2.07086, -1.62606, -2.08944, -2.16196
3.86, 0.0319376, -1.36852, -2.20528, -1.9878, -2.45573, -2.24229, -2.70711, -3.19397, -3.01053, -3.14283, -3.21223, -3.41023, -3.56089, -3.3441, -3.36985, -3.40163, -3.42998, -3.32963, -3.20614, -2.98462, -2.96349, -2.68284, -2.4542, -2.46716, -2.71226, -2.48574, -2.46261, -2.27257, -1.70189, -1.87984, -2.13824
3.88, 0.0319374, -1.21507, -1.94775, -2.48569, -3.66762, -2.64179, -2.68845, -3.38899, -2.95242, -3.14941, -3.84547, -3.22451, -4.18071, -3.46932, -3.33667, -3.29648, -2.83273, -2.90046, -2.94081, -3.04341, -3.00293, -2.20427, -1.86395, -1.87019, -2.21339, -2.02087, -1.85557, -1.67646, -1.59896, -1.22766, -1.18551
3.9, 0.0319374, -1.88492, -2.15386, -2.25956, -2.2021, -1.83721, -1.76511, -2.31046, -2.46133, -2.21049, -2.1463, -2.21913, -2.24889, -2.25079, -2.14912, -1.81776, -1.45703, -1.67414, -2.00754, -1.77038, -0.569662, -0.770989, -0.712163, -0.904365, -0.74272, -1.2199, -0.748753, -0.834992, -0.422126, -0.105773, -0.221641
3.92, 0.0319374, -1.52903, -1.88128, -2.78623, -2.52671, -1.92658, -1.95339, -2.34487, -2.63013, -2.34116, -2.41089, -2.45298, -2.54943, -2.64641, -2.66469, -1.94273, -1.53032, -2.10866, -2.25449, -1.62953, -0.389866, -0.356834, -0.37673, -0.331091, -0.317804, -0.784553, -0.34985, -0.4001, -0.32384, 0.0632604, -0.0716442
3.94, 0.0319374, -1.26489, -2.4898, -2.3028, -2.31891, -2.14212, -2.70095, -2.95383, -2.9923, -2.70394, -3.30972, -3.12681, -3.67105, -4.11839, -3.7021, -3.28402, -3.363, -2.90152, -3.28587, -2.80397, -2.60845, -1.89707, -1.66967, -1.3493, -1.62339, -1.7272, -1.94384, -1.53685, -1.08508, -0.707503, -1.0345
3.96, 0.0319374, -1.58649, -2.01894, -3.00905, -2.73836, -2.35742, -3.58127, -2.31133, -1.7762, -2.36198, -3.13166, -2.74396, -3.40038, -3.493, -4.05479, -3.30191, -2.94461, -2.91839, -3.24843, -2.64821, -2.68961, -2.52781, -2.19528, -1.7473, -2.04242, -1.82612, -1.95752, -1.3134, -1.1746, -1.35968, -1.23815
3.98, 0.0319376, -1.65522, -2.31467, -2.55708, -2.55093, -1.96799, -1.95756, -2.11975, -2.15191, -2.43586, -2.49353, -2.85595, -3.45326, -3.36002, -3.31643, -3.05286, -3.51808, -3.24467, -3.19955, -3.02553, -2.76099, -2.1376, -1.87674, -1.88406, -1.93749, -1.59091, -1.80178, -1.59656, -1.20419, -1.29976, -1.37161
4, 0.0319376, -1.25576, -2.06536, -1.60541, -0.948431, -0.482538, -0.499848, -0.526346, -0.626594, -0.747276, -0.851303, -0.969333, -0.917181, -1.1072, -1.00043, -0.643761, -0.436031, -0.682654, -0.938221, -1.08597, 0.061495, 0.0743815, 0.132237, -0.0888236, -0.115258, 0.108474, 0.0187583, 0.121277, 0.22606, -0.0717074, 0.139967
4.02, 0.0319376, -1.19859, -2.46843, -2.62193, -2.48879, -1.89781, -2.2514, -1.95658, -2.38996, -2.55134, -2.76076, -2.7958, -2.72238, -2.74894, -2.6279, -2.77561, -2.62494, -2.61566, -2.46045, -2.34487, -1.87977, -1.16935, -1.34594, -1.17825, -1.36943, -1.20637, -1.07662, -1.05764, -0.694477, -1.03083, -0.947589
4.04, 0.0319376, -2.26836, -2.80587, -2.90051, -2.93998, -2.84021, -2.57296, -2.69962, -2.50868, -2.57282, -2.95161, -3.26858, -3.60941, -3.4106, -3.42512, -3.11474, -2.97721, -2.68861, -2.65351, -2.69059, -2.6365, -2.36738, -1.82835, -1.52184, -1.90261, -1.7418, -1.51198, -1.36429, -1.079, -0.628813, -1.01782
4.06, 0.0319376, -1.22725, -2.66672, -2.57114, -2.76722, -2.52687, -2.66482, -2.49965, -2.9387, -3.02211, -3.42319, -3.45361, -3.28283, -3.4041, -3.11577, -3.00075, -3.18057, -2.98896, -3.19637, -2.86343, -2.77447, -2.59624, -2.70262, -2.09752, -2.11313, -1.70457, -1.70109, -1.71984, -1.60877, -1.47257, -1.39052
4.08, 0.0319376, -1.40486, -1.78642, -2.07535, -2.35611, -2.02528, -2.19061, -2.12925, -2.44351, -2.54604, -3.5346, -3.41719, -3.44182, -3.27107, -3.20126, -3.45485, -3.10091, -3.47634, -3.60422, -3.54353, -3.45704, -2.60752, -2.27882, -2.26744, -2.63382, -2.4908, -2.39205, -2.14041, -1.77825, -1.77545, -1.83735
4.1, 0.0319376, -1.66154, -1.42312, -1.49249, -1.09563, -0.480659, -0.305378, -0.427784, -0.452596, -0.296545, -0.341129, -0.560343, -0.648696, -0.761029, -0.642354, -0.229473, -0.072027, -0.316473, -0.710243, -0.653477, 0.37703, 0.381714, 0.149378, -0.150657, 0.562889, 0.571075, 0.0633097, 0.262846, 0.409506, 0.551398, -0.149386
4.12, 0.0319376, -0.992794, -1.37587, -1.45655, -0.997013, -0.0295686, -0.101724, -0.473816, -0.735855, -0.367878, -0.423327, -0.892654, -0.888142, -1.27375, -1.00214, -0.269959, -0.0497375, -0.555167, -0.985083, -0.830695, 0.544177, 0.574545, 0.239208, 0.347694, 0.793045, 0.5981, 0.29261, 0.516324, 0.886248, 0.813153, 0.365313
4.14, 0.0319376, -1.95433, -2.22004, -2.45189, -3.31196, -1.88161, -2.62521, -2.53829, -3.03943, -2.5752, -3.08212, -3.03725, -3.18135, -2.58273, -2.37855, -2.26426, -1.81091, -1.85333, -2.18153, -2.50393, -1.57043, -1.27195, -1.04172, -0.487568, -0.813933, -0.930547, -1.11525, -0.812181, -0.196449, 0.372491, -0.451066
4.16, 0.0319376, -1.17054, -2.12453, -2.80397, -2.59952, -2.12155, -2.19514, -2.13531, -3.19871, -3.10212, -2.66973, -2.83484, -3.16309, -2.95545, -2.58391, -3.2263, -2.37929, -2.26445, -2.28502, -2.16053, -1.84478, -1.87193, -1.26146, -0.811899, -0.798559, -0.626437, -0.962209, -0.705782, -0.808475, -0.265092, -0.689853
4.18, 0.0319376, -1.11503, -2.0846, -2.58789, -3.09727, -1.75896, -2.01706, -2.74178, -2.46548, -2.93567, -3.29295, -3.55671, -3.45339, -3.45546, -3.29638, -2.7035, -2.39472, -2.55764, -2.52504, -2.80281, -2.54159, -1.73304, -1.25273, -1.29488, -1.66685, -1.65568, -1.33398, -1.00665, -0.772073, -0.773826, -1.28638
4.2, 0.0319376, -1.72625, -2.76114, -2.21406, -2.43576, -2.22516, -2.34849, -2.68905, -3.49307, -3.02366, -2.9293, -2.92761, -3.02426, -3.15527, -3.10011, -2.36592, -2.22962, -2.19961, -2.04618, -2.3047, -1.7591, -1.61746, -1.30675, -1.08765, -1.52254, -0.980166, -1.11565, -0.816243, -0.552025, -0.814339, -0.970023
4.22, 0.0319376, -1.82063, -2.73049, -2.61804, -2.90069, -2.21551, -2.20845, -2.4856, -3.02418, -3.08338, -3.47622, -3.00258, -2.90165, -2.62858, -2.29722, -2.37918, -2.21207, -2.31514, -2.14976, -2.3916, -2.09281, -1.69534, -1.63879, -1.42018, -1.35301, -1.15885, -1.34432, -1.23032, -1.06435, -0.896894, -0.934153
4.24, 0.0319376, -1.52948, -2.43184, -3.20588, -3.68931, -3.06099, -2.6014, -3.18878, -3.78619, -3.47031, -3.41813, -3.11434, -3.48189, -3.55891, -3.45533, -3.91522, -3.32894, -3.13347, -3.47129, -3.4085, -2.5329, -2.46959, -2.22696, -2.12213, -2.16552, -2.11734, -2.16352, -2.05036, -2.03727, -1.58454, -1.81637
4.26, 0.0319371, -1.83586, -2.34009, -3.06764, -2.49269, -2.33382, -2.757, -3.08044, -3.08372, -3.20723, -3.08327, -3.15652, -3.45494, -3.28267, -3.02595, -2.26861, -1.841, -1.70591, -2.06776, -2.11954, -1.97762, -1.79947, -1.91123, -1.65353, -1.46458, -1.68955, -1.951, -1.65726, -1.45016, -1.26845, -1.19774
4.28, 0.0319371, -1.9311, -2.69492, -2.58277, -2.51452, -2.46197, -2.61274, -2.90302, -2.71776, -2.38119, -2.55631, -2.8021, -2.89378, -2.39931, -2.3577, -2.34368, -2.11513, -2.54735, -2.27972, -2.74676, -2.35118, -1.73891, -1.96972, -1.51405, -1.82198, -1.5086, -1.51752, -1.28834, -1.35228, -1.40017, -1.11168
4.3, 0.0319371, -1.26185, -2.16239, -2.47516, -2.35733, -2.42977, -2.47363, -2.63389, -2.69873, -2.82676, -3.4202, -3.49195, -3.36401, -3.04193, -3.25713, -2.87013, -2.64632, -2.53837, -2.13527, -2.00737, -1.78816, -1.92614, -1.99281, -1.59981, -1.53034, -1.98631, -1.61388, -1.7652, -1.09755, -0.511601, -0.942346
4.32, 0.0319371, -1.63503, -3.0547, -3.3617, -2.63132, -2.56927, -2.5865, -2.7984, -3.13909, -2.98315, -3.69781, -3.22136, -2.29868, -2.17454, -2.35266, -2.76834, -2.83573, -3.01988, -2.78558, -2.86266, -2.1579, -0.992002, -0.427969, -0.558042, -1.06654, -1.70738, -1.61533, -0.998299, 0.057963, 0.256219, -0.0455414
4.34, 0.0319371, -1.78998, -2.22307, -2.307, -3.08728, -2.44307, -2.77908, -3.00252, -3.10801, -3.33845, -3.23495, -3.15119, -3.13062, -3.23151, -2.75194, -2.65521, -2.46959, -2.27923, -2.58506, -2.69524, -2.1211, -1.94454, -1.78099, -1.89574, -2.11843, -2.10585, -1.8906, -1.75474, -1.28032, -1.169, -1.34255
4.36, 0.0319376, -1.06617, -2.24969, -1.97648, -2.10423, -2.30408, -1.8699, -2.08286, -1.96441, -1.69756, -1.99313, -2.2324, -1.82488, -1.73316, -2.52281, -2.60871, -2.01448, -1.73263, -1.96162, -2.31336, -1.7818, -1.43761, -1.02499, -0.771936, -0.67871, -0.760129, -0.489914, -0.0051656, 0.285513, 0.310506, 0.115216
4.38, 0.0319376, -1.81347, -2.52523, -2.07355, -2.25989, -2.0012, -2.18584, -2.3984, -2.4731, -2.26359, -2.16386, -2.45615, -2.60839, -2.66983, -2.68258, -2.42909, -1.90145, -1.63796, -1.73251, -1.8227, -1.99367, -1.51543, -1.657, -1.47918, -1.09963, -0.558326, -0.380722, -0.756142, -0.62893, -0.416719, -0.41644
4.4, 0.0319376, -2.77861, -2.25389, -2.08159, -2.02793, -1.8023, -2.55651, -2.71397, -2.61214, -2.66802, -2.6087, -2.87631, -3.0682, -3.4593, -3.67562, -2.90919, -2.43529, -2.1946, -2.35821, -2.41741, -2.23014, -1.76865, -1.69894, -1.8918, -1.50348, -1.10859, -0.96627, -1.02816, -0.968091, -1.02172, -0.879548
4.42, 0.0319376, -1.18872, -2.28129, -2.69864, -3.05879, -2.34682, -2.42269, -2.4812, -2.81556, -2.91515, -3.20135, -3.17762, -3.81067, -3.49094, -3.45224, -3.12993, -2.91539, -3.2589, -2.67031, -2.72327, -2.13724, -2.37024, -1.55069, -1.44134, -1.84331, -1.6491, -1.85478, -2.12129, -1.58801, -1.37994, -1.65428
4.44, 0.0319376, -2.17771, -2.71948, -2.68113, -2.55123, -2.35546, -3.11893, -3.19875, -2.96904, -2.73554, -3.27753, -4.00658, -3.32565, -3.5129, -3.50447, -2.8197, -3.24266, -2.76262, -3.17821, -3.19888, -2.47474, -1.90943, -2.24757, -1.90092, -2.13483, -1.98922, -1.87716, -1.92161, -1.48777, -1.93175, -1.74899
4.46, 0.0319376, -1.5431, -3.17743, -3.10795, -2.53722, -2.32786, -2.89716, -2.99866, -3.39802, -3.61465, -3.19569, -3.94955, -3.84688, -3.54162, -3.33439, -3.30703, -2.96939, -3.34035, -3.33793, -3.312, -3.19653, -2.70895, -2.58499, -2.6535, -2.71927, -2.73588, -2.29899, -2.14517, -1.8969, -2.50084, -2.15016
4.48, 0.0319376, -2.10218, -2.1655, -2.28617, -1.91909, -2.21513, -2.02957, -2.60692, -2.39817, -2.35219, -2.97522, -3.43297, -3.32974, -3.58895, -3.50324, -3.04894, -3.03818, -3.2785, -3.85242, -3.42923, -2.93875, -2.91723, -2.86279, -2.73786, -2.63574, -2.81156, -2.6645, -2.37589, -2.11197, -2.33581, -2.17085
4.5, 0.0319376, -2.10085, -2.04023, -2.46452, -2.64203, -1.76229, -2.63026, -2.99146, -3.04446, -3.08133, -3.6932, -3.42581, -3.69281, -3.4147, -3.2153, -3.03499, -2.84411, -3.32186, -3.03186, -2.95102, -2.60744, -2.76911, -2.75553, -2.31177, -2.32083, -2.23341, -2.32201, -1.82535, -2.13341, -2.02071, -2.27123
4.52, 0.0319376, -1.89356, -2.32492, -2.58148, -2.11727, -1.88488, -2.11729, -2.59808, -3.1239, -3.27406, -2.8327, -3.09399, -3.38926, -2.77471, -2.65686, -2.71379, -2.20757, -1.9239, -1.83138, -1.45211, -1.43774, -1.89522, -1.44648, -1.07516, -1.33203, -1.59132, -1.67364, -1.37885, -0.996705, -0.93041, -0.86621
4.54, 0.0319376, -1.47646, -2.10713, -2.61381, -2.35888, -2.26722, -2.12947, -2.40097, -2.97334, -2.98817, -3.10748, -3.61975, -2.88821, -3.44501, -3.17093, -2.72439, -2.78741, -2.70384, -2.81283, -2.73449, -2.20189, -2.35739, -2.41868, -2.23615, -2.17979, -2.07846, -2.13787, -1.99097, -1.80281, -1.68365, -1.62685
4.56, 0.0319376, -2.18455, -2.84016, -2.16795, -2.3231, -2.14857, -2.4368, -2.87333, -3.47175, -3.39826, -3.01147, -3.56265, -3.53373, -3.35907, -3.6298, -3.44122, -3.21472, -3.56141, -3.44911, -3.20137, -2.86672, -2.72263, -2.7273, -2.43213, -2.4144, -2.35121, -2.31222, -2.47747, -1.80294, -2.42227, -2.28905
4.58, 0.0319376, -1.91822, -2.39311, -2.60514, -2.78206, -2.13933, -2.40831, -3.14267, -2.72814, -2.85656, -3.29449, -3.72843, -3.23989, -2.97746, -3.53464, -3.24024, -3.36602, -3.4844, -3.20827, -3.14271, -2.9071, -2.9465, -2.31471, -2.39128, -2.51497, -2.45949, -2.04829, -2.64136, -2.51184, -2.50046, -2.23248
4.6, 0.0319376, -1.97576, -2.60462, -3.18639, -2.29071, -2.17383, -2.36347, -2.19452, -2.48122, -2.62149, -2.59417, -2.67877, -3.11729, -3.30506, -2.77867, -2.45689, -2.78735, -2.8708, -3.43535, -2.78408, -2.70919, -2.5766, -1.9443, -1.65772, -1.61592, -1.68797, -1.33386, -1.3547, -1.26914, -0.784251, -1.07443
4.62, 0.0319376, -1.91471, -2.12388, -2.48245, -2.68882, -2.25455, -2.41828, -2.36035, -2.16118, -1.77477, -1.7833, -1.91438, -2.1233, -2.43273, -2.50552, -1.87756, -1.47713, -1.44808, -1.61929, -1.91216, -1.8266, -1.62057, -1.52141, -1.16211, -1.7048, -1.03856, -0.344484, -0.359111, -0.838445, -1.02254, -1.09503
4.64, 0.0319376, -0.45552, -0.372248, -0.426183, -0.367523, -0.294239, -0.631118, -0.554861, -0.397471, 0.0562752, 0.0653409, -0.301538, -0.457749, -0.438102, -0.130676, 0.180052, 0.328377, 0.153711, -0.271445, -0.416829, -0.234302, -0.0772835, 0.0126241, 0.926101, 0.490773, 0.730304, 1.46835, 1.72775, 1.45382, 1.06847, 0.640219
4.66, 0.0319376, -0.87734, -1.39089, -1.54177, -2.04304, -1.01104, -1.02395, -1.48604, -1.85554, -1.45056, -1.37243, -1.70192, -1.64028, -1.88133, -1.57309, -1.30752, -1.01094, -1.21308, -1.33724, -1.48405, -0.23386, -0.396752, -0.0687096, -0.249619, -0.156926, -0.260457, 0.100961, -0.0371484, 0.741306, 0.607545, 0.575566
4.68, 0.0319376, -1.62322, -1.48275, -1.97435, -2.03933, -1.52769, -1.74416, -1.91122, -2.3169, -2.84234, -2.47585, -3.32148, -3.68878, -3.28378, -3.27538, -2.76107, -2.55185, -2.47784, -2.36617, -2.31469, -2.31775, -1.80551, -1.68369, -1.53381, -1.37024, -1.09863, -1.0184, -1.2744, -0.706584, -0.822095, -1.15393
4.7, 0.0319376, -1.81084, -1.98839, -2.01304, -2.8093, -2.09659, -2.5423, -2.68524, -2.86541, -2.85786, -2.27486, -3.1502, -3.29941, -3.24874, -2.96882, -2.53179, -2.48311, -2.56242, -2.60635, -2.58508, -2.34609, -1.85133, -1.33703, -1.70399, -2.21271, -1.9159, -1.91273, -1.55038, -1.40483, -1.1541, -1.28877
4.72, 0.0319376, -3.08239, -3.47295, -2.85762, -2.52785, -1.88828, -2.83247, -3.57548, -2.87041, -3.02468, -3.26333, -3.20623, -3.46161, -3.81902, -3.19397, -3.23477, -3.23435, -3.04299, -2.81508, -2.80643, -2.59167, -2.70187, -2.4402, -2.0995, -2.38009, -1.99671, -1.92783, -1.77299, -1.59721, -1.64325, -1.59904
4.74, 0.0319376, -1.60449, -3.30658, -3.40184, -2.40752, -1.87138, -1.54954, -2.58501, -3.2605, -2.84268, -3.02517, -3.83855, -3.94494, -3.83336, -3.21929, -3.45001, -3.26453, -3.08142, -3.50925, -3.14393, -2.88987, -2.84353, -2.39514, -1.975, -2.07985, -2.55876, -2.17678, -2.02049, -1.85667, -1.72762, -1.63731
4.76, 0.0319371, -1.28332, -1.84857, -2.38485, -2.36026, -1.4359, -1.42733, -1.77703, -2.5222, -2.35402, -2.24237, -3.73816, -3.48489, -3.31555, -3.18997, -3.6352, -3.32118, -2.93946, -2.87222, -2.99415, -2.74547, -2.62089, -2.78352, -2.37458, -2.54058, -2.69023, -2.62633, -2.34799, -2.08792, -2.13653, -1.99445
4.78, 0.0319371, -2.04298, -2.22137, -2.70341, -1.2896, -1.00948, -1.45726, -2.32804, -2.94924, -2.68411, -3.63004, -3.6934, -3.44559, -3.92216, -3.60031, -3.77659, -3.38776, -3.31661, -3.08179, -2.98839, -2.9022, -2.9702, -2.4616, -2.64753, -2.5778, -2.45249, -1.96557, -1.88527, -1.58029, -1.74001, -1.75373
4.8, 0.0319371, -1.62927, -1.99839, -2.65651, -1.71335, -1.45045, -1.12881, -1.68892, -2.62014, -2.06316, -2.51191, -3.13386, -3.22321, -3.24842, -3.36821, -3.86301, -2.40567, -2.52392, -2.95452, -2.6934, -2.64945, -2.43252, -2.43607, -2.31709, -2.5173, -2.22649, -1.83389, -1.9667, -2.03055, -2.01669, -1.58434
4.82, 0.0319371, -2.0176, -1.85745, -1.31037, -1.28597, -1.68555, -1.97288, -2.06479, -2.85793, -2.4767, -2.55278, -2.96003, -2.99511, -3.35246, -2.8274, -2.84812, -3.23364, -2.91003, -3.09886, -3.29398, -3.17051, -2.71441, -2.41062, -2.41527, -2.5485, -2.53263, -2.5186, -2.33403, -2.12338, -2.4364, -2.37832
4.84, 0.0319371, -1.71544, -2.36232, -2.84526, -2.18713, -1.66867, -1.3912, -2.41514, -2.9551, -3.01901, -3.07576, -3.14086, -3.37999, -3.75291, -3.56294, -3.17625, -2.86581, -3.18064, -3.42892, -3.1482, -3.03295, -2.98743, -2.74061, -2.27206, -2.90112, -2.83493, -2.64992, -2.51508, -2.19737, -2.57478, -2.4009
4.86, 0.0319376, -1.15813, -1.93439, -2.7053, -2.30734, -1.5236, -1.42131, -2.77335, -2.57106, -2.39577, -2.56971, -2.52506, -3.75869, -3.25995, -2.7843, -2.88797, -2.87646, -3.32352, -3.19348, -2.84787, -3.02137, -2.48736, -2.51757, -2.79566, -2.54216, -2.30129, -1.97775, -2.12426, -1.74295, -1.76884, -1.68084
4.88, 0.0319376, -1.32881, -2.36193, -1.93267, -1.94624, -1.78301, -1.98956, -2.10115, -3.37136, -3.05829, -2.6542, -2.64932, -3.59054, -3.54583, -2.88785, -2.89382, -2.81595, -2.99687, -3.3083, -3.23374, -2.90192, -2.91229, -2.18096, -2.46399, -2.75091, -2.66389, -2.2448, -2.40429, -2.21818, -2.16164, -2.21322
4.9, 0.0319376, -1.44941, -2.84693, -2.77969, -2.94901, -2.50698, -2.52163, -2.28964, -2.39382, -3.03039, -3.10186, -3.12222, -3.30093, -3.70879, -3.03475, -2.9538, -3.14951, -3.3772, -2.87026, -2.98751, -2.56765, -2.67088, -2.07614, -2.39916, -2.3961, -2.29443, -2.15318, -2.00852, -1.88322, -2.19963, -2.01516
4.92, 0.0319376, -1.18387, -2.10393, -2.23452, -2.53377, -1.99925, -1.82701, -2.4435, -2.74406, -2.87708, -3.19821, -3.06518, -3.14103, -3.07196, -2.77906, -3.26077, -2.83638, -2.91033, -2.93984, -2.70347, -2.155, -1.66588, -1.36734, -1.53255, -1.6971, -1.69897, -1.3044, -1.21296, -1.34341, -1.07922, -1.05199
4.94, 0.0319376, -1.79341, -2.73453, -3.26531, -3.10365, -2.51894, -3.13832, -3.03519, -3.58606, -3.13559, -3.06193, -3.60585, -3.67125, -3.83212, -3.30783, -3.37541, -3.44754, -3.2757, -3.09721, -2.85826, -2.95901, -2.75986, -2.29921, -2.47241, -2.64925, -2.6149, -2.69447, -2.67655, -2.09136, -2.30173, -2.37685
4.96, 0.0319376, -2.00029, -2.29644, -2.13152, -2.47251, -2.01367, -2.21411, -2.8128, -2.76679, -3.03381, -2.99678, -3.31085, -3.79432, -3.80842, -3.40602, -3.15535, -2.82053, -2.97132, -3.17689, -2.95612, -2.79984, -2.63437, -2.41215, -2.33168, -2.30223, -2.46792, -2.32292, -2.27639, -2.08388, -2.15342, -2.31766
