# Time (seconds), Duration (seconds), f0, f1, f2, f3, f4, f5, f6, f7, f8, f9, f10, f11, f12, f13, f14, f15, f16, f17, f18, f19, f20, f21, f22, f23, f24, f25, f26, f27, f28, f29
0, 0.0319375, 0.850402, 1.71073, 1.27506, 0.894687, 0.583373, 1.0838, 1.595, 1.66108, 1.79513, 1.44663, 1.23226, 1.21694, 1.17155, 1.33595, 1.38596, 1.64211, 1.62302, 2.11456, 2.51879, 1.98943, 1.84685, 2.26492, 1.78436, 2.09694, 2.4657, 2.52484, 2.43214, 2.6474, 2.50847, 2.5114
0.02, 0.0319375, -0.19902, 1.48031, 1.21803, 0.787703, 1.11826, 1.06065, 1.02592, 1.62521, 1.50662, 1.05439, 1.56313, 0.73594, 1.25209, 1.37829, 1.1479, 1.64727, 1.41784, 1.79819, 1.6531, 1.6263, 1.97512, 2.35353, 2.30865, 1.95998, 1.88657, 2.34852, 2.40415, 2.38086, 2.52524, 2.40292
0.04, 0.0319375, 0.459193, 1.27822, 1.22085, 1.48743, 1.34229, 0.653687, 0.841418, 1.68829, 1.32923, 0.766004, 0.836249, 0.91523, 0.938864, 1.28682, 1.41693, 1.6128, 1.32145, 1.49641, 1.86239, 1.98965, 2.0203, 1.85572, 2.04495, 2.26394, 2.33186, 2.23099, 2.40969, 2.15476, 2.29508, 2.37779
0.06, 0.0319375, 0.209822, 1.3443, 1.49282, 1.07729, 1.47418, 1.39703, 1.42386, 1.35684, 0.93721, 1.37419, 1.08607, 1.43223, 1.88866, 1.26397, 1.66298, 1.90408, 2.193, 1.86505, 1.92264, 2.04718, 2.01866, 2.08871, 2.09907, 2.38269, 2.53053, 2.41085, 2.18038, 2.57038, 2.48552, 2.70729
0.08, 0.0319375, -0.576786, 0.799983, 0.433471, 0.30652, 0.521246, 1.18209, 1.70378, 1.522, 0.950634, 0.80707, 0.76902, 0.54292, 0.824921, 1.12137, 1.61565, 1.64015, 1.5673, 1.45998, 1.35098, 2.0121, 2.41217, 1.94923, 1.98146, 1.83414, 1.98815, 2.42998, 1.88913, 1.98439, 2.48653, 2.99033
0.1, 0.0319375, 0.472703, 1.70128, 2.0016, 1.82856, 1.58219, 1.15073, 1.14061, 0.750992, 1.00661, 0.96789, 0.703842, 1.33866, 1.08912, 1.38228, 1.31831, 1.49331, 1.56623, 1.62066, 1.91229, 2.07712, 2.11269, 1.92335, 1.89941, 2.37889, 2.37732, 2.15924, 2.30875, 2.70506, 2.15071, 2.42658
0.12, 0.0319375, 0.0239798, 1.26796, 1.36099, 1.50125, 1.29111, 1.17505, 0.819413, 0.874733, 0.928626, 1.08377, 0.780844, 0.922292, 1.11279, 1.41262, 1.51187, 1.81766, 1.50284, 1.58642, 1.9142, 1.93603, 1.72764, 1.9019, 2.12019, 2.18051, 2.13913, 2.38289, 2.11879, 2.41308, 2.73223, 2.75542
0.14, 0.0319375, 0.488268, 1.35592, 0.811261, 0.399316, 0.618285, 1.26209, 1.53685, 1.27497, 1.20065, 1.30432, 0.783688, 0.956708, 1.38814, 1.65285, 1.66863, 1.65375, 1.6989, 1.86155, 1.59481, 2.09596, 2.12951, 1.92301, 2.0624, 2.30664, 2.32502, 2.4348, 2.34902, 2.50935, 2.23465, 2.47503
0.16, 0.0319375, 0.87811, 2.09131, 1.84159, 0.333707, 1.37986, 1.94982, 0.872581, 0.964463, 1.37328, 0.386941, 0.0675515, 1.17963, 1.62129, 0.8177, 1.05881, 1.85434, 1.25448, 1.73228, 1.80098, 1.58262, 2.05117, 1.82736, 1.79209, 1.83751, 2.10422, 2.14529, 2.24015, 2.40619, 2.17903, 2.38895
0.18, 0.0319375, 0.15567, 1.65876, 1.42015, 0.716265, 0.610105, 1.13845, 1.20964, 1.25811, 1.23243, 1.40697, 1.27282, 1.41238, 1.27882, 0.989627, 1.22365, 1.62157, 1.80757, 2.09039, 1.98989, 2.20847, 2.17502, 1.4971, 1.72638, 2.10675, 2.36143, 2.49198, 2.26479, 2.22895, 2.35241, 2.48315
0.2, 0.0319375, 0.492254, 0.808784, 0.683702, 0.4547, 0.418386, 1.07748, 1.11938, 1.5513, 1.96652, 1.43039, 1.44296, 1.05555, 1.40178, 1.51968, 2.01557, 1.6795, 1.8153, 2.05521, 1.97794, 2.3659, 1.96096, 2.20426, 2.12167, 2.12586, 2.17379, 2.38034, 2.63172, 2.55784, 2.6262, 2.71747
0.22, 0.0319375, 0.339532, 1.06658, 1.14663, 0.746388, 1.45889, 1.41773, 1.3203, 1.06903, 1.2757, 1.32406, 1.40741, 1.19857, 0.886766, 1.23585, 1.76599, 1.72924, 1.75165, 1.91753, 1.55675, 1.62924, 1.90043, 2.19257, 2.38781, 2.35107, 2.03004, 2.03969, 2.49453, 2.43573, 2.53148, 2.4895
0.24, 0.0319375, 0.449607, 1.34327, 1.57439, 1.17839, 1.56051, 0.429264, 0.996945, 1.37709, 1.50887, 1.48998, 0.595385, 0.75361, 1.52867, 1.93074, 1.45776, 1.5966, 2.22397, 2.10475, 2.06593, 2.30946, 2.27964, 2.41082, 2.244, 1.68366, 1.91716, 2.30789, 2.58897, 2.33759, 2.19072, 2.50378
0.26, 0.0319375, 0.155149, 1.24285, 1.03292, 1.09378, 1.56407, 0.735555, 0.452099, 1.45282, 1.00004, 0.613102, 1.35622, 1.44692, 1.63972, 1.13508, 1.58845, 1.40581, 1.45241, 1.94931, 2.03069, 2.27636, 1.89455, 1.9825, 1.8684, 2.29951, 2.19302, 1.83337, 2.52117, 2.36948, 2.71528, 2.82301
0.28, 0.0319375, 0.0965305, 1.87721, 1.69132, 0.412603, 1.50791, 1.46673, 0.60005, 1.95565, 1.72518, 0.702877, 1.78146, 2.00528, 1.72859, 1.65239, 1.77531, 1.80781, 1.90807, 1.96396, 1.7257, 1.949, 2.00416, 1.54044, 2.07141, 2.13439, 2.34261, 2.22838, 2.4059, 2.36034, 2.48879, 2.51478
0.3, 0.0319375, -0.269155, 1.37571, 1.30779, 1.40952, 0.72586, 1.69219, 1.10519, 1.22341, 1.63033, 1.7837, 0.934656, 1.34327, 1.00416, 1.43851, 1.59779, 1.5081, 1.41512, 1.50502, 1.7073, 2.04921, 2.16401, 1.77652, 2.2938, 2.16823, 2.28799, 2.06095, 2.05632, 1.92488, 2.05404, 2.52478
0.32, 0.0319375, 0.366341, 1.45066, 1.07244, 1.1087, 1.30637, 1.15167, 0.840437, 0.596171, 0.935125, 1.48801, 1.37679, 1.64374, 1.57891, 1.5674, 1.5715, 2.11049, 1.98323, 1.78815, 1.75302, 1.98713, 2.06204, 2.01906, 2.07504, 2.1815, 2.28041, 2.30175, 2.42482, 2.23254, 2.3669, 2.56092
0.34, 0.0319375, 0.981679, 1.28164, 1.69636, 1.34199, 1.81612, 1.42895, 0.761217, 0.607608, 0.648312, 1.53299, 1.46377, 1.77802, 0.989349, 0.948634, 1.73453, 1.85337, 1.777, 1.8136, 2.10957, 2.21589, 2.06938, 2.10816, 1.97868, 2.15139, 2.01313, 2.15102, 2.1491, 2.28657, 2.27984, 2.55236
0.36, 0.0319375, 1.01289, 1.41268, 1.66902, 1.09776, 1.01667, 1.57192, 1.14288, 1.3794, 0.670043, 0.777852, 1.01607, 1.14753, 0.942847, 1.58827, 1.69135, 1.70742, 2.0093, 1.92733, 2.01083, 1.92919, 2.14654, 1.91719, 2.25256, 2.21293, 2.45152, 2.38301, 2.39017, 2.46497, 2.43686, 2.38006
0.38, 0.0319375, 0.710558, 1.69899, 0.855211, 0.0623138, 1.4727, 1.47163, 0.992989, 1.15654, 1.03141, 1.29389, 0.896196, 0.968023, 0.644841, 0.964892, 1.33342, 1.29797, 1.62419, 2.04568, 2.05153, 1.75708, 1.7724, 1.51401, 1.85708, 2.42528, 2.39909, 2.37725, 2.5037, 2.15479, 2.59609, 2.81832
0.4, 0.0319375, 0.320194, 1.97654, 1.26246, 1.18805, 1.41851, 1.08977, 1.64224, 1.50328, 0.0786575, 1.27739, 0.809665, 1.32716, 1.00994, 1.06556, 1.75711, 1.78704, 1.78726, 1.67351, 1.88923, 1.55624, 1.77173, 2.18584, 2.04641, 2.29021, 2.13644, 1.90992, 2.31923, 2.19571, 2.42529, 2.47693
0.42, 0.0319375, -0.0531725, 1.31436, 0.706343, 0.838696, 0.477187, 0.703012, 1.21783, 1.20209, 1.05226, 1.36007, 0.806251, 0.54306, 0.858576, 0.777179, 1.68924, 2.09386, 1.63493, 1.6384, 1.94227, 2.38486, 2.02816, 2.16716, 2.04067, 2.19198, 2.31329, 2.10019, 2.37396, 2.63835, 2.36236, 2.55084
0.44, 0.0319375, -0.175055, 1.34493, 1.65754, 1.12279, 1.3346, 0.750512, 1.43973, 1.58779, 1.33981, 1.33988, 1.66035, 1.25512, 0.971435, 1.16633, 1.41557, 1.76336, 1.59904, 1.57629, 1.75196, 1.73721, 1.82257, 1.70484, 1.88165, 2.0939, 2.35959, 2.23836, 2.61943, 2.28308, 2.26045, 2.77021
0.46, 0.0319375, -0.263009, 1.08584, 1.33018, 1.00318, 1.33038, 1.58753, 1.95407, 1.08307, 1.12855, 1.15488, 0.741988, 0.991827, 1.40771, 1.69735, 1.74367, 1.97719, 2.1174, 1.83875, 1.93852, 2.06699, 2.1168, 2.06156, 1.844, 2.17798, 2.18258, 2.13536, 2.40792, 2.53975, 2.24297, 2.89561
0.48, 0.0319375, 0.247532, 1.01571, 1.04813, 1.30871, 1.44638, 1.33722, 1.67989, 1.03325, 1.02535, 1.1556, 0.808372, 0.868367, 1.19773, 1.42964, 1.82614, 2.0241, 2.05497, 1.90419, 1.94487, 1.63515, 1.83192, 1.60422, 2.09712, 2.16969, 2.52255, 2.47764, 2.5937, 2.61716, 2.62259, 2.74547
0.5, 0.0319375, -1.04718, 0.74026, 1.72189, 0.89713, 1.06031, 0.801183, 1.39121, 1.52368, 1.89777, 1.3101, 1.04095, 0.881754, 1.38976, 1.47225, 1.60995, 1.76677, 1.68952, 1.98462, 2.09037, 1.76015, 1.76435, 1.79237, 2.41306, 2.19265, 2.43004, 2.29746, 2.34144, 2.24445, 2.19832, 2.56086
0.52, 0.0319375, 0.276482, 1.55644, 1.5104, 1.7665, 1.03389, 1.10813, 0.898764, 0.921901, 1.08055, 0.937882, 0.876441, 1.08545, 1.24648, 1.1835, 1.18015, 1.58811, 1.79754, 1.73368, 2.05567, 1.50513, 1.76889, 2.12669, 2.45839, 1.96471, 2.19436, 2.34285, 2.27845, 1.80773, 2.21575, 2.38144
0.54, 0.0319375, 0.885891, 1.62055, 0.357332, 0.701344, 0.735597, 1.04686, 1.19928, 1.58051, 1.14394, 1.37831, 1.33908, 1.23038, 1.30615, 1.52552, 0.941912, 2.09385, 2.11347, 1.58801, 1.72944, 1.50376, 1.78778, 1.83922, 2.19112, 1.90735, 2.1222, 2.27078, 2.54511, 2.6461, 2.60837, 2.66644
0.56, 0.0319375, 0.493549, 1.788, 0.98417, 0.529698, 1.12765, 1.13073, 1.50245, 1.60881, 1.73086, 1.25308, 1.20192, 0.74909, 0.802911, 1.15359, 1.26363, 1.76428, 1.64385, 1.50314, 1.83678, 2.0565, 2.15916, 1.80854, 2.10135, 2.33924, 2.35882, 2.22524, 2.39427, 2.46615, 2.59305, 2.7212
0.58, 0.0319375, 0.0408482, 1.35439, 1.58843, 0.88377, 1.06097, 1.05066, 1.3962, 1.19149, 1.2291, 1.20262, 0.495046, 0.633568, 0.957409, 1.73445, 1.89997, 1.81255, 1.83319, 1.60134, 1.83248, 1.79249, 2.05809, 1.9996, 1.90583, 1.95244, 1.89214, 2.29149, 2.43533, 2.46957, 2.20459, 2.56417
0.6, 0.0319375, 0.72263, 2.3768, 1.63657, 0.566019, 0.929303, 1.22795, 1.36394, 1.03071, 1.83203, 1.33314, 0.760775, 1.10956, 1.28939, 1.25992, 1.17657, 1.66537, 1.56965, 1.70224, 1.88178, 1.50665, 1.73958, 2.20781, 2.48781, 2.185, 1.90785, 2.29207, 2.36339, 2.35191, 2.44692, 2.49318
0.62, 0.0319375, 0.844471, 2.08696, 2.23311, 1.72942, 1.85458, 1.07995, 1.16276, 0.858908, 0.969283, 0.835509, 0.602147, 0.752396, 0.654908, 1.2374, 1.71485, 1.51584, 1.25523, 1.58841, 1.8495, 1.93232, 1.99951, 1.90062, 2.15289, 1.98474, 2.54207, 2.37422, 2.15882, 2.04929, 2.4786, 2.56618
0.64, 0.0319375, 0.646182, 1.40209, 1.14543, 0.962987, 0.623254, 1.51575, 1.28489, 1.19926, 1.47113, 1.02929, 0.750559, 1.11658, 1.16724, 1.63652, 2.12095, 1.44598, 1.65952, 1.6883, 2.02822, 1.80265, 2.14341, 2.25165, 1.85121, 1.98637, 2.09336, 2.2848, 2.40763, 2.58487, 2.70793, 2.7936
0.66, 0.0319375, 0.247924, 0.847477, 1.81668, 0.634917, 0.975646, 1.06516, 0.823545, 1.10404, 1.39196, 0.801821, 0.934948, 1.56053, 1.40332, 1.03626, 1.80608, 1.88009, 1.91987, 1.47519, 1.77727, 1.66432, 1.80112, 2.0572, 1.72747, 2.1539, 2.42813, 2.28387, 2.10861, 2.44559, 2.5413, 2.06263
0.68, 0.0319375, 0.615161, 1.52287, 1.99823, 1.30919, 1.29533, 1.33338, 0.987024, 0.645444, 0.40816, 1.24019, 1.44182, 1.11767, 1.32068, 0.859853, 1.66459, 1.69313, 1.86694, 1.53059, 1.86808, 1.68638, 1.84691, 2.31526, 2.34043, 2.05392, 2.34904, 2.25274, 2.46424, 2.3714, 2.26079, 2.70991
0.7, 0.0319375, 0.719241, 2.18564, 1.70865, 0.974557, 1.21534, 0.978542, 0.970863, 0.735185, 1.02735, 1.56645, 0.987558, 0.700436, 1.4772, 1.72366, 1.4042, 1.77881, 1.75781, 2.13386, 2.11878, 2.19632, 2.13285, 1.98063, 2.13199, 2.11067, 1.86446, 2.23181, 2.07847, 2.37943, 2.57224, 2.5553
0.72, 0.0319375, 0.902028, 1.97549, 2.07587, 1.63937, 1.24556, 1.14311, 1.63609, 1.36518, 1.04659, 1.40281, 1.29998, 0.998254, 1.30418, 1.14093, 1.27439, 1.6618, 1.76752, 1.78547, 1.80595, 1.82575, 2.05263, 1.67862, 1.8478, 2.13933, 1.87055, 2.03749, 2.26806, 2.35261, 2.61299, 2.79269
0.74, 0.0319375, 0.414467, 1.13701, 1.48984, 1.69937, 1.78713, 1.41489, 0.859723, 1.25877, 1.17285, 0.658932, 1.49335, 1.00243, 1.13062, 1.253, 1.20629, 1.83585, 1.63194, 1.8095, 1.74791, 1.77655, 1.41105, 1.80591, 2.00596, 1.79906, 2.04287, 2.22679, 2.55939, 2.43225, 2.48362, 2.78716
0.76, 0.0319375, 0.597558, 1.49642, 1.53743, 1.46726, 1.87249, 1.43306, 1.32873, 1.05729, 1.40817, 1.15472, 1.52901, 1.82605, 1.14414, 1.35179, 1.37884, 1.78926, 1.79783, 2.2174, 2.08204, 2.42432, 2.2019, 2.11467, 2.01754, 2.20953, 2.15292, 2.14191, 2.37788, 2.26977, 2.60506, 2.76018
0.78, 0.0319375, 0.707552, 1.3932, 1.06279, 1.1469, 1.26804, 1.13633, 1.61901, 1.40906, 1.16201, 1.90621, 1.27063, 1.0982, 1.0805, 1.06712, 0.961603, 2.00606, 2.01847, 1.28449, 1.50057, 1.98866, 2.22767, 1.93403, 2.0247, 2.19065, 2.36378, 2.33548, 2.44237, 2.46815, 2.22052, 2.73768
0.8, 0.0319375, 0.17535, 0.782797, 0.434234, -0.0940704, 0.623486, 1.16439, 0.656049, 1.48786, 1.78005, 1.41486, 1.44192, 0.935517, 0.938797, 1.14321, 1.57708, 1.82871, 1.76545, 2.13679, 1.55845, 1.71643, 2.40176, 1.83743, 2.08158, 2.39893, 2.29486, 2.29279, 2.39193, 2.06399, 2.34684, 2.49895
0.82, 0.0319375, 1.10964, 1.77114, 1.50328, 1.78856, 2.13065, 1.07486, 0.595264, 1.39272, 1.74181, 1.50649, 1.23844, 1.01785, 1.28225, 1.61315, 1.27182, 1.41244, 1.92996, 1.9618, 2.1494, 2.01762, 2.22937, 2.14224, 1.993, 2.25282, 2.39241, 2.2002, 2.44076, 2.62245, 2.68092, 2.73517
0.84, 0.0319375, 0.780526, 1.57155, 1.29909, 1.46865, 1.43988, 1.23288, 0.995592, 1.1264, 1.29819, 0.686181, 0.29743, 1.28364, 1.66801, 1.45139, 1.67316, 1.57731, 1.52196, 2.06141, 1.99152, 2.16154, 2.06432, 1.89084, 1.9761, 2.22609, 2.40109, 2.50026, 2.41689, 2.27094, 2.61446, 2.45456
0.86, 0.0319375, 0.467075, 1.3761, 1.68402, 1.25164, 1.50597, 0.923314, 1.10366, 1.32997, 1.04591, 1.20891, 0.767929, 1.08684, 1.37756, 0.94947, 1.47599, 1.57403, 1.81164, 1.82381, 1.9862, 1.73243, 2.19291, 1.99926, 2.03046, 2.2609, 2.17582, 2.49605, 2.25874, 2.27239, 2.32709, 2.57703
0.88, 0.0319375, 0.0116551, 1.5946, 1.32525, 0.970422, 1.22246, 0.763719, 0.894906, 1.27491, 1.50894, 1.43052, 1.15652, 0.908222, 1.28583, 1.08377, 1.51517, 1.52902, 1.45921, 1.87107, 1.54801, 1.9275, 2.03203, 2.12534, 2.23545, 2.25066, 2.3268, 2.30531, 2.4336, 2.61497, 2.61782, 2.5068
0.9, 0.0319375, 1.2318, 1.73406, 1.23719, 1.5372, 1.64059, 1.63208, 0.95337, 1.06964, 1.26097, 1.18312, 0.777529, 0.720043, 1.09273, 1.56057, 1.69016, 1.62748, 1.92737, 1.78774, 1.91595, 2.04423, 1.91356, 1.79271, 1.94994, 2.54626, 2.12734, 2.20462, 2.05267, 2.3442, 2.43384, 2.57584
0.92, 0.0319375, 0.706226, 1.48249, 1.5106, 0.868651, 0.825063, 0.985952, 1.16964, 1.15929, 1.09584, 1.24549, 1.26285, 1.26641, 1.20396, 1.15774, 1.20754, 2.12405, 2.03889, 1.33294, 1.78251, 1.86479, 2.20712, 1.81942, 1.7375, 2.35926, 2.25294, 2.16724, 2.52144, 2.82389, 2.48386, 2.69804
0.94, 0.0319375, -0.061552, 1.74668, 1.96258, 1.43365, 1.3822, 0.848301, 1.52132, 1.13574, 0.850524, 0.567344, 0.809038, 1.56828, 0.848113, 1.08428, 1.61872, 1.67151, 1.30395, 1.76499, 1.70059, 2.0583, 1.64754, 2.05992, 1.98761, 1.95549, 2.08898, 2.17124, 2.40546, 2.27361, 2.16722, 2.28712
0.96, 0.0319375, -0.622712, 1.09074, 0.643185, 1.12033, 0.710374, 0.569512, 0.728923, 1.69693, 1.55795, 1.00368, 1.21626, 0.943739, 1.38198, 1.62305, 1.57607, 1.94346, 1.80318, 1.55706, 1.92327, 1.87898, 2.03977, 2.44728, 2.11345, 2.1178, 2.16241, 2.12873, 2.23946, 2.61745, 2.446, 2.65369
0.98, 0.0319375, 1.06926, 2.1518, 1.69126, 0.996117, 0.931378, 1.06587, 1.42746, 1.65975, 1.02717, 0.898277, 1.64919, 1.81389, 1.24281, 1.66597, 1.68993, 1.36731, 1.88679, 1.67334, 1.99736, 2.06216, 2.29747, 2.14911, 2.26773, 2.39992, 2.18878, 2.39608, 2.57558, 2.25444, 2.32118, 2.40903
1, 0.0319375, 0.865773, 1.46547, 1.37182, 0.890324, 1.28905, 0.930746, 1.14094, 0.0435473, 1.22226, 1.23164, 0.762019, 1.10765, 1.38378, 1.51087, 1.28558, 1.68049, 1.74524, 1.90596, 1.70767, 1.5542, 1.72476, 2.11079, 2.27725, 2.2103, 2.30846, 2.34863, 2.01756, 2.1117, 2.21769, 2.8117
1.02, 0.0319375, 0.729354, 1.48727, 1.17552, 1.07218, 1.25582, 1.32503, 1.08417, 1.5034, 1.84811, 1.68102, 1.37451, 1.02903, 1.01558, 1.5734, 1.70624, 2.06344, 2.06653, 1.7616, 1.18956, 1.82499, 1.83417, 2.0909, 1.91335, 2.0725, 2.2507, 2.17638, 2.29023, 2.3338, 2.33685, 2.78149
1.04, 0.0319375, -0.285432, 1.57065, 1.23091, 0.814745, 1.01345, 1.54839, 1.23676, 0.907849, 0.734607, 0.395016, 0.839719, 1.3104, 1.24484, 1.31768, 1.72511, 1.88048, 1.88614, 1.75938, 1.96672, 1.968, 1.92948, 1.77616, 2.22524, 2.06721, 2.40674, 1.97897, 2.47377, 2.51462, 2.19746, 2.60661
1.06, 0.0319376, -0.482284, 1.65992, 1.31819, 1.58924, 1.60571, 0.896474, 0.535827, 0.857249, 0.867865, 0.812877, 1.02352, 1.21665, 1.20084, 1.4082, 1.96009, 2.19576, 2.19248, 2.01523, 2.04104, 1.67572, 1.9319, 2.13198, 2.20295, 2.37712, 2.16751, 2.50853, 2.53927, 2.40865, 2.41845, 2.33809
1.08, 0.0319375, 0.271472, 1.93972, 1.84124, 1.10765, 1.09622, 0.668508, 1.10375, 1.79101, 1.87573, 1.92236, 1.33977, 1.3505, 1.17735, 1.2141, 1.80943, 1.38335, 2.00611, 1.77406, 2.15008, 2.44089, 2.04248, 1.87823, 1.78917, 1.87901, 2.0548, 2.30245, 2.29103, 2.55417, 2.45537, 2.62307
1.1, 0.0319375, 0.856187, 1.88371, 1.66936, 0.522283, 0.859098, 1.03512, 1.43918, 1.75023, 1.76164, 1.4502, 1.45596, 1.47946, 1.0635, 1.56573, 1.5285, 1.3551, 1.69523, 1.99022, 1.89632, 1.91197, 2.25254, 2.30675, 1.99201, 1.86395, 2.23809, 2.16767, 2.20599, 2.48497, 2.76507, 2.73517
1.12, 0.0319375, 0.47119, 1.68475, 2.13104, 1.44959, 1.28501, 1.29997, 1.50052, 0.986244, 0.802647, 1.26339, 1.117, 1.05561, 1.3999, 1.31352, 1.15283, 1.86276, 2.26907, 1.46415, 1.96931, 1.66045, 1.82696, 2.00722, 2.05009, 2.23467, 2.21035, 2.32508, 2.45678, 2.16603, 2.41476, 2.32502
1.14, 0.0319375, 0.531448, 1.45119, 1.24428, 0.720693, 0.738222, 1.35398, 0.835485, 0.78472, 1.41903, 1.22751, 1.06771, 0.671115, 1.46101, 1.74492, 1.62572, 1.6219, 1.54637, 1.78928, 1.45378, 1.423, 1.71518, 1.99805, 1.80514, 2.06007, 2.27214, 2.24829, 2.2714, 2.49726, 2.58128, 2.64899
1.16, 0.0319375, 0.234305, 2.04311, 1.93543, 0.90407, 1.14343, 1.09075, 0.866299, 0.845347, 1.59617, 1.55544, 1.40665, 1.38251, 1.45474, 0.860419, 0.642788, 1.55154, 2.03369, 2.05551, 1.98444, 2.04673, 2.23125, 2.24463, 2.01485, 1.98553, 2.27312, 2.13355, 2.51965, 2.37381, 2.41459, 2.41486
1.18, 0.0319376, 0.408468, 1.22618, 1.6728, 1.38518, 1.37813, 0.676138, 0.777805, 1.47927, 1.16235, 0.888619, 0.902336, 0.801033, 0.954488, 0.847297, 1.31976, 1.9635, 2.09453, 2.05729, 2.16277, 2.21701, 1.99245, 2.00383, 2.09446, 2.28214, 2.34861, 2.25248, 2.28175, 2.59662, 2.53124, 2.49456
1.2, 0.0319375, 0.939555, 2.08035, 1.20264, 1.03233, 0.706566, 0.585697, 0.511549, 0.584903, 1.67953, 1.28246, 0.7892, 0.790692, 1.15006, 1.20957, 1.54915, 1.42298, 1.66572, 1.66967, 2.12731, 2.0982, 2.11117, 1.58666, 1.86731, 2.13542, 2.25829, 2.30671, 2.3743, 2.56581, 2.3429, 2.34975
1.22, 0.0319375, 0.341175, 1.26363, 1.36104, 1.26654, 1.50253, 1.12666, 0.874552, 0.718905, 1.54677, 1.34615, 0.883846, 1.59583, 1.25623, 1.00871, 0.999069, 1.30426, 1.19475, 1.62215, 1.79243, 1.8961, 1.80737, 2.22038, 2.37134, 2.08427, 2.40334, 2.22386, 2.43482, 2.41612, 2.44044, 2.2779
1.24, 0.0319375, 0.545905, 1.41631, 1.06204, 0.784043, 1.5061, 1.2704, 1.24738, 1.27779, 0.493256, 1.06307, 1.01491, 1.00814, 1.31992, 0.783148, 1.41611, 1.78382, 1.87968, 1.60305, 1.81265, 2.32992, 1.67118, 1.90863, 2.30156, 2.28431, 2.31708, 2.18145, 2.59133, 2.53156, 2.47601, 2.65685
1.26, 0.0319375, -0.0179581, 1.02596, 1.24234, 0.730732, 0.415933, 1.00448, 1.0459, 1.63318, 1.02718, 0.809903, 0.68708, 1.405, 1.06959, 1.08287, 1.60858, 1.3164, 0.984583, 1.43408, 1.67366, 1.72207, 1.81419, 2.22526, 2.07927, 2.21292, 2.14981, 2.24313, 2.48485, 2.59079, 2.54146, 2.45536
1.28, 0.0319375, 0.980499, 1.90392, 1.41281, 1.045, 1.26859, 0.861367, 0.528942, 1.49967, 1.42215, 1.17968, 1.24337, 0.629292, 1.04566, 1.08243, 1.26566, 1.73844, 1.46679, 1.74874, 1.83762, 1.83578, 2.05485, 2.03138, 2.0288, 2.2418, 1.91519, 1.85463, 2.16899, 2.3215, 2.22759, 2.62448
1.3, 0.0319376, 0.982206, 1.37614, 1.24456, 1.43892, 1.76964, 1.94552, 1.13709, 1.28314, 0.964486, 0.996523, 1.61976, 1.56416, 1.3419, 1.26257, 1.48404, 1.57283, 1.79504, 2.16449, 1.8347, 1.98488, 2.09328, 2.3596, 2.32721, 2.21469, 2.23623, 2.29191, 2.42328, 2.31713, 2.2406, 2.78916
1.32, 0.0319375, 0.578999, 1.25632, 1.21588, 0.611734, 0.747305, 0.994832, 0.64595, 0.977363, 1.29597, 1.131, 0.746378, 1.19581, 1.02705, 0.922689, 1.62335, 1.67737, 1.9973, 1.86961, 1.88654, 2.35638, 1.87215, 1.84662, 2.13774, 2.23123, 2.05408, 2.29812, 2.21645, 2.39052, 2.45023, 2.60771
1.34, 0.0319375, -0.303018, 0.778242, 1.64756, 1.20943, 1.83844, 1.58191, 0.93589, 1.06629, 1.26896, 1.35565, 1.45286, 1.94288, 1.45178, 1.82684, 2.01641, 2.0939, 2.15628, 2.38338, 2.08434, 2.02805, 2.03487, 1.91345, 2.11938, 2.39692, 2.03571, 1.9438, 2.20603, 2.51814, 2.13519, 2.4816
1.36, 0.0319375, 0.474678, 1.94306, 1.70446, 1.72288, 1.47874, 0.895616, 1.49338, 1.74927, 1.70137, 1.35103, 1.44755, 1.10365, 1.42959, 1.08524, 1.62063, 1.9913, 1.94871, 1.82149, 2.02093, 2.16198, 2.02125, 1.60219, 2.15132, 2.03702, 2.15821, 2.13294, 2.48381, 2.46702, 2.76603, 2.82451
1.38, 0.0319375, -0.0544273, 0.730397, 1.29137, 1.49388, 1.63895, 1.70994, 1.20341, 1.5161, 1.45602, 1.18356, 0.905678, 0.902781, 0.997333, 0.993947, 1.47343, 1.74593, 1.7485, 1.93857, 1.96339, 1.92925, 1.86521, 1.96699, 2.0622, 2.33777, 2.46368, 2.45882, 2.52956, 2.49357, 2.42786, 2.5845
1.4, 0.0319375, 0.0268181, 1.75748, 1.51557, 1.36269, 0.769176, 1.33508, 1.33484, 0.996977, 1.71226, 1.38939, 1.38005, 1.49105, 1.41493, 1.23423, 1.78993, 1.81896, 2.19229, 1.83304, 2.12294, 1.7154, 2.10226, 2.40899, 2.16602, 2.07088, 2.31088, 2.1893, 2.05512, 2.20145, 2.48277, 2.46911
1.42, 0.0319376, 0.267678, 1.27995, 1.58239, 0.990233, 1.02899, 1.08133, 1.4782, 1.80615, 1.44722, 1.345, 1.3052, 1.48863, 1.1447, 1.74939, 1.58588, 1.63086, 2.0172, 1.85192, 2.12146, 1.90632, 1.7523, 1.90049, 2.02409, 2.1329, 2.15887, 2.10871, 1.97281, 2.57144, 2.6075, 2.48001
1.44, 0.0319375, 0.535117, 1.62049, 1.01386, 1.33067, 1.63526, 1.34812, 0.480588, 1.22552, 1.70306, 1.69358, 1.13954, 0.65064, 1.34122, 1.31043, 1.43258, 1.97966, 1.84503, 1.71499, 1.67834, 2.15857, 2.06836, 2.10999, 2.48307, 2.255, 2.4352, 2.30166, 2.20994, 2.38348, 2.43205, 2.5548
1.46, 0.0319375, -0.12668, 1.23694, 1.8998, 1.18798, 1.15441, 1.35479, 0.655177, 1.31132, 1.09728, 1.15338, 1.56044, 1.26835, 1.02078, 0.817557, 1.2318, 1.71398, 1.71103, 2.0154, 2.02474, 1.95546, 2.07563, 1.73928, 1.94387, 2.35961, 2.39444, 2.47343, 2.2387, 2.30056, 2.4239, 2.53347
1.48, 0.0319375, 0.460331, 1.9261, 0.804206, 0.577678, 1.06532, 1.11081, 1.02072, 1.43724, 1.65075, 0.950423, 1.25147, 1.33158, 1.22065, 1.80399, 1.96652, 1.78914, 1.46107, 1.62429, 1.36555, 1.79478, 1.61699, 1.93954, 2.03492, 2.24283, 2.18179, 1.998, 2.21741, 2.21712, 2.38778, 2.241
1.5, 0.0319375, 1.23241, 1.85773, 1.48053, 1.50124, 1.61918, 1.62007, 1.74178, 1.9157, 1.67325, 1.58254, 0.997735, 1.16356, 1.39162, 1.48199, 1.74643, 1.09343, 1.62199, 1.71089, 2.24671, 2.01653, 2.38214, 2.17936, 2.15413, 2.3052, 2.23907, 2.36611, 2.26704, 2.44618, 2.292, 2.32717
1.52, 0.0319375, 0.371953, 1.50848, 1.00784, 1.45228, 1.14465, 1.53696, 1.25201, 0.916996, 0.618066, 0.931619, 1.03652, 1.16996, 1.27088, 1.61657, 1.69839, 1.50823, 1.83206, 1.91787, 1.9697, 2.02153, 1.29782, 1.96157, 1.95817, 2.14915, 2.26257, 2.05205, 2.22005, 2.49041, 2.64531, 2.63151
1.54, 0.0319375, -0.34616, 0.870907, 0.120305, 1.15671, 1.73603, 1.8533, 1.19587, 0.617668, 0.396903, 1.32737, 0.40838, 1.05583, 1.37531, 1.66892, 1.58997, 1.80032, 1.60461, 2.34851, 2.16313, 1.84399, 1.78054, 2.22485, 2.39134, 2.19635, 1.94854, 2.31792, 2.28125, 2.12483, 2.50551, 2.59451
1.56, 0.0319376, 0.669263, 1.22265, 0.316833, 1.39209, 1.71596, 1.21733, 1.78899, 0.9555, 0.986633, 1.12897, 0.903619, 1.21409, 1.27795, 0.5939, 1.28439, 1.93098, 1.69214, 1.81354, 1.51434, 1.98767, 1.91575, 1.98731, 2.01102, 2.31906, 2.20318, 2.33336, 2.26396, 2.38065, 2.43378, 2.64502
1.58, 0.0319375, 0.871915, 1.88243, 0.803172, 1.21448, 1.36882, 1.05078, 0.999194, 1.42739, 1.10567, 1.50097, 1.61643, 1.56883, 1.38976, 1.70802, 1.73076, 1.66498, 1.91483, 2.20488, 1.59997, 1.72061, 1.75657, 1.66731, 2.02536, 2.35767, 2.28149, 2.12801, 2.35313, 2.35434, 2.36042, 2.72172
1.6, 0.0319375, 0.558625, 1.18572, 1.32169, 0.125471, 1.35861, 1.26066, 0.912951, 0.78267, 0.878842, 1.06861, 1.47242, 1.66071, 1.30517, 1.41137, 1.57325, 1.67233, 2.15824, 2.29399, 2.17818, 2.27348, 1.8399, 2.024, 2.18872, 2.53576, 2.5273, 2.28209, 2.34153, 2.29615, 2.27654, 2.72008
1.62, 0.0319375, 0.150706, 2.02078, 1.8974, 1.38543, 1.42574, 0.629225, 0.622201, 1.34896, 1.7899, 0.992602, 1.35742, 1.13038, 1.12254, 1.12664, 1.54153, 1.88696, 1.85214, 2.1998, 2.00926, 1.91533, 1.87746, 1.94903, 2.08788, 2.35808, 2.52824, 2.44725, 2.50469, 2.30954, 1.93925, 2.42592
1.64, 0.0319375, 0.751871, 0.983614, 0.571937, 1.11659, 1.41099, 1.47913, 1.07833, 1.40343, 1.15125, 0.861634, 0.831952, 1.08891, 1.4119, 1.33637, 1.34383, 1.44419, 1.45297, 1.9656, 2.03723, 1.82108, 1.85583, 2.09091, 2.20051, 2.24202, 2.02076, 2.44284, 2.36362, 2.16694, 2.22987, 2.55065
1.66, 0.0319375, 0.745703, 1.89545, 1.65251, 1.36282, 0.438463, 0.568365, 1.27569, 0.489458, 1.27911, 0.498023, 1.09835, 1.19136, 1.06098, 1.48904, 1.82878, 1.67383, 1.7916, 1.56703, 1.69888, 1.94028, 2.06346, 2.15473, 2.0104, 1.61936, 2.31871, 2.50446, 2.56589, 2.07527, 2.33057, 2.49899
1.68, 0.0319376, 0.686299, 1.84978, 1.16059, 1.27844, 1.18229, 1.38622, 1.01362, 1.45314, 1.62014, 1.31923, 1.57476, 1.54107, 1.42144, 1.91414, 1.71967, 1.40159, 1.81051, 1.67298, 1.71565, 2.25149, 1.6697, 1.71445, 2.11193, 1.99657, 2.14657, 2.20596, 2.44916, 2.09542, 2.47123, 2.66875
1.7, 0.0319375, 0.812448, 1.48114, 1.46563, 1.33927, 0.252664, 0.735519, 1.39279, 1.62822, 1.49804, 0.642049, 0.972751, 1.51154, 0.867155, 1.09939, 1.43685, 1.74495, 1.65904, 1.62724, 1.81657, 1.79304, 1.8173, 1.96343, 2.1685, 2.29827, 2.45672, 2.09806, 2.26232, 2.26206, 2.32136, 2.37539
1.72, 0.0319375, 0.790143, 1.32547, 1.19485, 1.28753, 0.82576, 0.927319, 1.80009, 0.911564, 1.46679, 1.01767, 0.768115, 1.61455, 1.44419, 1.41973, 1.29738, 1.57832, 1.61645, 1.52838, 1.82084, 2.05144, 2.18618, 1.87187, 2.26572, 2.2618, 2.54792, 2.47632, 2.59776, 2.80606, 2.5724, 2.59156
1.74, 0.0319375, 0.347568, 1.33481, 1.69234, 1.79103, 1.31638, 0.824432, 1.33456, 1.63273, 1.37383, 1.38111, 1.5128, 1.55054, 1.19762, 1.55084, 1.75559, 1.65565, 1.88271, 1.80466, 1.69661, 2.20972, 2.2402, 2.57226, 2.04018, 2.35395, 2.23967, 2.44182, 2.36152, 2.45448, 2.36418, 2.2447
1.76, 0.0319375, 0.660881, 1.26907, 1.20912, 1.74336, 1.51686, 1.10088, 1.63407, 1.71795, 0.920103, 1.18473, 1.38218, 1.29864, 0.749, 1.15271, 1.121, 1.48609, 1.66066, 1.91645, 1.82826, 1.85311, 2.14345, 1.9658, 2.25908, 2.40408, 2.43932, 2.02674, 2.36492, 2.30858, 2.44783, 2.26671
1.78, 0.0319375, 0.439312, 1.38619, 1.01502, 0.881011, 1.87918, 1.51224, 0.680445, 0.7261, 1.19676, 1.18754, 1.54258, 0.971859, 0.983746, 1.77396, 1.57976, 1.55766, 1.77837, 1.84185, 1.80818, 1.66491, 1.83797, 1.92174, 2.23254, 2.32568, 1.97598, 2.00006, 1.84778, 2.57819, 2.6302, 2.53127
1.8, 0.0319376, -0.0995604, 1.44573, 1.36169, 1.15623, 0.210266, 0.887455, 1.87513, 1.34402, 1.1427, 1.53584, 1.67276, 0.972994, 1.40669, 1.97313, 1.81233, 1.88324, 1.76159, 1.89948, 1.68091, 1.82089, 2.0524, 2.40931, 2.01289, 2.09155, 2.30786, 1.97953, 1.74316, 2.1224, 2.56562, 2.77627
1.82, 0.0319375, -0.208195, 0.942599, 1.18572, 0.739698, 1.67256, 1.95458, 1.16218, 1.38179, 1.27722, 1.83627, 1.62635, 1.62405, 1.52991, 1.15354, 1.89085, 1.63109, 1.3469, 1.68587, 1.75892, 1.92565, 2.38698, 2.03231, 2.29822, 2.15639, 2.31683, 2.35402, 2.43432, 2.3717, 2.5876, 2.82705
1.84, 0.0319375, 0.748424, 1.97454, 1.07648, 1.10242, 1.26299, 1.60439, 0.183808, 0.713628, 0.90076, 1.16598, 1.19524, 1.45458, 1.29088, 0.988496, 1.60214, 1.79045, 1.81442, 1.8395, 1.77028, 1.66725, 1.99171, 1.89966, 1.90329, 1.77007, 1.97547, 2.03624, 2.51481, 2.56211, 2.62941, 2.7459
1.86, 0.0319375, 0.387524, 2.19066, 1.41652, 1.60752, 1.62322, 0.858339, 0.133346, 1.08415, 1.14939, 0.995803, 1.33581, 1.43873, 1.44836, 1.51547, 1.40039, 1.6754, 1.90755, 2.20153, 2.02714, 2.03526, 2.11172, 2.08088, 1.98815, 2.15419, 2.43754, 2.39248, 2.26567, 2.5675, 2.51958, 2.69087
1.88, 0.0319375, 0.19802, 1.22012, 0.950957, 1.22423, 1.34626, 1.40783, 0.676427, 0.510095, 0.385614, 0.564863, 1.07409, 0.787814, 1.28664, 1.2839, 1.6909, 1.07553, 1.3712, 1.48386, 1.7002, 2.04828, 2.04951, 1.79158, 2.08424, 2.15849, 2.16721, 2.09999, 2.55471, 2.51323, 2.58851, 2.53784
1.9, 0.0319375, -0.0757627, 1.47434, 1.33882, 1.59844, 1.65744, 1.35202, 0.825747, 1.24039, 1.4104, 1.20402, 0.19969, 0.808211, 1.49835, 1.10882, 1.50372, 1.8166, 1.49049, 1.70779, 1.98016, 1.92969, 2.45209, 2.25936, 2.22358, 2.07883, 2.42462, 2.34293, 2.29647, 2.82395, 2.51078, 2.63408
1.92, 0.0319376, 0.180987, 1.35156, 1.71999, 0.929737, 1.36405, 1.61475, 0.610812, 1.32886, 1.09831, 1.49199, 1.52002, 1.5591, 1.61997, 1.13343, 1.33851, 1.9846, 2.02853, 1.97512, 1.89758, 1.88567, 1.96098, 2.3821, 2.2138, 2.24662, 2.52568, 2.35711, 2.25686, 2.32509, 2.31498, 2.47998
1.94, 0.0319375, -0.385456, 0.54889, 0.152854, 1.20765, 1.90299, 1.25157, 0.610413, 0.642621, 1.22755, 1.45178, 1.47299, 1.43968, 0.874055, 1.3385, 1.05798, 1.62915, 1.62033, 2.15873, 1.88151, 1.92502, 1.69076, 2.32457, 2.05002, 2.15602, 2.43123, 2.38864, 2.51094, 2.61964, 2.48246, 2.78696
1.96, 0.0319375, 1.05084, 1.9025, 1.92954, 1.21898, 1.70792, 1.52902, 0.975365, 0.911245, 1.41154, 1.21058, 1.28602, 1.28872, 1.12579, 1.60289, 1.35218, 1.48777, 1.74604, 1.61654, 1.9767, 1.79113, 1.86663, 2.05948, 2.15339, 1.99857, 2.08839, 2.31672, 2.34522, 2.29783, 2.42792, 2.41195
1.98, 0.0319376, 0.800221, 1.78312, 2.00302, 1.38692, 1.50514, 0.444754, 1.21474, 1.48575, 0.721178, 1.43467, 1.27703, 1.64466, 1.67708, 1.50112, 1.21593, 1.87525, 1.86015, 1.73963, 2.09737, 1.82286, 1.65807, 1.8161, 2.06128, 2.05003, 2.01958, 2.1705, 2.35948, 2.17763, 2.19228, 2.53047
2, 0.0319376, 0.196367, 1.15728, 1.69052, 0.975721, 1.40538, 1.46767, 1.67235, 0.635984, 0.966205, 1.02358, 1.53305, 1.01774, 0.749034, 1.42655, 1.1172, 1.72854, 1.91286, 1.73602, 1.82984, 2.10607, 2.04819, 2.34008, 2.09931, 2.24937, 2.13199, 2.14929, 2.31716, 2.36051, 2.27159, 2.44361
2.02, 0.0319376, -0.182585, 1.29938, 1.55196, 0.799006, 1.39875, 1.39401, 1.70044, 1.44396, 1.4455, 1.36679, 1.58141, 1.52085, 1.08407, 1.41141, 1.84405, 2.00023, 1.92822, 1.43139, 1.94098, 1.83051, 1.71631, 2.02153, 1.72675, 2.11728, 2.46029, 2.19437, 2.32216, 2.47299, 2.37693, 2.51193
2.04, 0.0319376, -0.0790789, 0.763941, 0.831068, 0.891871, 1.39094, 2.02672, 1.76275, 1.19176, 1.48123, 1.70418, 1.09879, 0.879855, 1.259, 0.939811, 1.27485, 1.3751, 1.5972, 2.07308, 1.71835, 1.49649, 1.96563, 2.04812, 1.7814, 2.13659, 2.43742, 2.49463, 2.28051, 2.46613, 2.68438, 2.85133
2.06, 0.0319376, 1.05108, 2.13217, 2.07861, 0.718613, 1.47907, 1.45051, 1.19538, 1.58439, 1.83884, 0.955703, 1.12577, 1.24629, 1.13623, 1.57215, 1.87773, 1.77376, 1.91381, 2.23866, 1.91598, 2.22189, 2.23689, 2.17965, 2.00829, 2.10028, 2.34709, 2.47214, 2.12981, 2.56211, 2.60484, 2.67824
2.08, 0.0319376, 1.69358, 2.71682, 2.29189, 1.9123, 2.6034, 2.49425, 2.43558, 2.39823, 2.23816, 1.77307, 1.89455, 1.73554, 1.34083, 1.44378, 1.90434, 1.88436, 2.09192, 2.08028, 2.21659, 2.14645, 2.10138, 2.27401, 2.229, 2.31896, 2.28341, 2.14531, 2.97359, 2.4515, 2.35645, 2.67395
2.1, 0.0319376, 0.611926, 1.51968, 1.46588, 0.964905, 1.58974, 1.8796, 1.11831, 1.32797, 1.46559, 1.26978, 1.42123, 1.43213, 1.15888, 1.26227, 1.54249, 1.64826, 1.92558, 1.74681, 2.09404, 2.14975, 2.12805, 2.01049, 2.2584, 2.12919, 2.25317, 2.43147, 2.3111, 2.22562, 2.51873, 2.37599
2.12, 0.0319376, 0.758386, 1.47566, 1.3391, 1.17063, 1.24738, 1.12244, 0.685028, 1.35932, 1.43834, 1.35517, 1.20074, 0.801723, 1.377, 1.17598, 1.14112, 1.37538, 1.60143, 1.58509, 1.66656, 1.99433, 1.6983, 1.8364, 1.91018, 2.11219, 2.07805, 2.08635, 2.23905, 2.08003, 2.27807, 2.29681
2.14, 0.0319374, -0.0559508, 1.43393, 1.2656, 1.34002, 1.61564, 1.70907, 1.67275, 1.72923, 1.55285, 1.43611, 0.638729, 0.944187, 0.803334, 1.00167, 1.52111, 1.70794, 1.33192, 1.98188, 1.81143, 1.70262, 2.15569, 2.07307, 2.16019, 1.82932, 2.07046, 2.37519, 2.26351, 2.439, 2.75441, 2.45765
2.16, 0.0319374, 0.285194, 1.38305, 1.3325, 1.05744, 0.939672, 0.762174, 0.945043, 1.21221, 1.37549, 1.8738, 1.61587, 1.49056, 1.29745, 0.984004, 1.02997, 1.67577, 1.94146, 1.60335, 1.6086, 1.56868, 1.8682, 1.95798, 2.08317, 1.87053, 1.96253, 2.18328, 2.37191, 2.41195, 2.31857, 2.48584
2.18, 0.0319374, 0.421916, 1.92115, 1.43875, 0.886183, 1.45215, 1.10149, 1.0355, 0.768487, 1.49791, 0.863597, 0.210259, 0.94281, 1.29182, 1.01191, 1.09628, 1.92902, 2.14824, 1.95312, 1.70576, 2.33581, 2.09624, 2.01914, 2.16865, 2.01952, 2.40996, 2.0647, 2.09425, 2.35972, 2.35849, 2.72476
2.2, 0.0319374, -0.0714034, 1.68353, 1.63357, 1.51385, 1.71812, 1.48745, 1.26861, 0.584208, 0.751328, 1.09399, 1.11175, 1.02423, 0.682648, 0.850454, 1.0143, 1.56294, 1.571, 1.75781, 2.00451, 1.9611, 2.03219, 2.05603, 2.01828, 2.11953, 2.15013, 2.37133, 2.43267, 1.97166, 2.37651, 2.8135
2.22, 0.0319374, 0.00449433, 1.45489, 1.72536, 1.57418, 1.70377, 1.53755, 1.18452, 1.2964, 1.54392, 1.51666, 0.817258, 1.14619, 1.46006, 1.13732, 1.57249, 1.97231, 1.64933, 1.82988, 1.83624, 2.0879, 1.61406, 2.05772, 2.05431, 1.95706, 2.32383, 2.49178, 2.36348, 2.33278, 2.7866, 2.70044
2.24, 0.0319376, -0.171765, 1.07768, 1.02495, 0.153725, 0.940459, 1.77209, 1.74553, 1.36732, 1.08623, 1.54552, 1.25868, 0.89814, 1.61273, 0.975922, 1.00426, 1.76698, 1.68574, 1.73645, 1.85653, 1.70728, 1.93356, 1.87668, 1.66011, 2.0729, 1.91163, 1.98674, 2.39503, 2.2973, 2.61015, 2.33534
2.26, 0.0319376, 0.167436, 1.03465, 0.898553, 0.186044, 0.734051, 1.57909, 1.11016, 1.29845, 0.92283, 0.634831, 0.924612, 1.09429, 1.32029, 1.29794, 1.86784, 1.82418, 1.38803, 1.41864, 2.16709, 1.8206, 2.07831, 2.14767, 2.02488, 2.03363, 2.2153, 2.38623, 2.65846, 2.60512, 2.48881, 2.45924
2.28, 0.0319376, 0.988612, 1.6815, 1.14588, 1.2114, 0.836328, 1.03139, 1.12365, 1.33388, 1.09998, 1.07709, 1.07655, 1.50204, 1.54808, 1.6156, 1.98947, 1.87509, 1.15141, 1.69141, 2.12034, 1.87706, 1.36189, 1.69146, 2.02994, 2.21844, 2.35251, 2.47301, 2.0612, 2.34599, 2.33891, 2.76396
2.3, 0.0319376, 0.767933, 1.77134, 0.873604, 1.07969, 1.16573, 1.5864, 1.45353, 1.2152, 1.16182, 1.10368, 0.819335, 0.972265, 0.588055, 1.21775, 1.5369, 1.43255, 1.56148, 2.02325, 1.74431, 2.12221, 2.53245, 1.90494, 2.33881, 2.02507, 1.99871, 2.03164, 2.07617, 2.32644, 2.41891, 2.74207
2.32, 0.0319376, 0.275127, 1.04871, 1.65549, 1.75002, 1.39269, 1.17508, 1.06652, 1.04206, 1.6171, 1.55136, 1.23704, 1.53896, 1.08434, 1.06069, 1.25448, 1.77515, 1.77109, 2.12031, 2.14009, 2.12306, 2.12003, 2.26984, 2.16762, 2.5171, 2.38717, 2.39796, 2.54546, 2.43632, 2.49602, 2.65954
2.34, 0.0319376, 0.482365, 1.9262, 0.973172, 1.38665, 1.23284, 1.00367, 1.75899, 1.43204, 1.25975, 1.0685, 1.4071, 1.25333, 0.972732, 1.54334, 1.73836, 1.58696, 2.09139, 1.92503, 1.78276, 2.07236, 1.98003, 2.34833, 2.10231, 2.21762, 2.39307, 2.30966, 2.37212, 2.18912, 2.3463, 2.31599
2.36, 0.0319376, 0.0485452, 1.39267, 1.17309, 1.70931, 0.864856, 0.561637, 0.581165, 1.02185, 1.11103, 0.439242, 0.110622, 1.03675, 1.74438, 1.1247, 1.51246, 1.6636, 2.08769, 2.01822, 1.98045, 2.28188, 2.19154, 2.08473, 2.16331, 2.15373, 1.98147, 1.88697, 2.11805, 2.43088, 2.23353, 2.46083
2.38, 0.0319374, -0.455301, 1.14905, 1.48173, 1.28157, 0.938778, 0.299594, 1.15567, 0.695121, 1.64003, 1.41007, 1.14784, 1.18137, 0.954573, 1.72385, 1.78262, 1.70874, 1.81713, 1.626, 1.41537, 1.82284, 1.89238, 2.11006, 2.40724, 2.45383, 2.26314, 2.40242, 2.24915, 2.40408, 2.27689, 2.365
2.4, 0.0319374, -0.0186418, 0.937142, 1.29371, 1.46801, 1.53837, 0.747662, 0.852558, 1.43293, 1.71127, 1.44646, 1.37835, 1.37668, 1.11084, 0.996782, 1.48468, 1.78681, 1.78307, 1.49544, 1.61627, 1.92136, 1.90795, 2.31937, 2.0031, 1.85803, 2.08195, 1.81802, 2.1989, 2.36513, 2.56954, 2.64548
2.42, 0.0319374, -0.620813, 1.06484, 1.12563, 1.05344, 1.23646, 1.24724, 1.51926, 0.822669, 1.38811, 1.08017, 0.545003, 0.470069, 0.712099, 0.960818, 1.54208, 1.97243, 1.65037, 1.8376, 2.34873, 2.16735, 2.35164, 2.2383, 1.92258, 2.10516, 2.13245, 2.30846, 2.5406, 2.4833, 2.51828, 2.48283
2.44, 0.0319374, -0.0994992, 1.515, 1.5938, 1.49873, 1.27947, 1.04843, 0.967025, 1.77608, 0.940213, 1.54106, 1.26041, 0.922471, 0.748257, 1.20771, 1.93139, 1.69391, 1.6805, 1.49597, 1.52709, 1.48505, 1.746, 2.12111, 2.10698, 1.79306, 2.11573, 2.02467, 2.37469, 2.4442, 2.32283, 2.74231
2.46, 0.0319374, 0.300755, 2.03154, 1.44814, 1.17086, 1.51479, 1.72029, 1.06818, 1.37205, 1.56008, 1.29939, 1.07947, 1.30699, 1.50042, 1.65856, 1.84746, 1.39489, 1.8851, 2.1919, 1.7691, 1.86488, 1.97266, 1.84271, 2.21871, 2.3488, 2.23428, 2.43869, 2.3579, 2.28017, 2.19579, 2.53304
2.48, 0.0319376, 0.17935, 1.98168, 1.41431, 1.68823, 1.65605, 1.04923, 0.936318, 1.31449, 1.54517, 1.58171, 1.38381, 0.904881, 0.886994, 1.36329, 1.93208, 1.64678, 1.66401, 1.94857, 1.66723, 2.01729, 1.98891, 2.07174, 1.90939, 2.12064, 2.28927, 2.34632, 2.51582, 2.39656, 2.539, 2.45758
2.5, 0.0319376, 0.374228, 1.90862, 2.43934, 1.30218, 1.46783, 1.5336, 1.60644, 1.56837, 1.66451, 0.735134, 1.18019, 0.970127, 1.18587, 1.64476, 1.67946, 1.63257, 1.89837, 1.87004, 2.11282, 2.12659, 2.1047, 2.13303, 1.88197, 2.02994, 2.00742, 2.12944, 2.44974, 2.75812, 2.4249, 2.6359
2.52, 0.0319376, 1.06455, 2.18451, 2.00654, 1.08397, 0.908707, 0.824294, 1.298, 1.49253, 1.368, 1.57429, 1.17217, 0.980349, 1.5074, 1.67937, 1.81632, 2.01666, 1.83621, 1.71714, 2.15859, 1.86878, 2.12953, 2.04251, 1.60281, 2.10878, 2.34103, 2.59382, 2.5089, 2.22693, 2.55247, 2.43784
2.54, 0.0319376, 1.04949, 1.47681, 0.863253, 0.552378, 0.890888, 0.897813, 1.4734, 0.758232, 1.63737, 1.36387, 1.06592, 1.43396, 1.75263, 1.57533, 1.22223, 1.66268, 1.82516, 2.46709, 2.30433, 1.9197, 2.28474, 2.31732, 2.29214, 2.26954, 2.47944, 2.62905, 2.52314, 2.58538, 2.68382, 3.02026
2.56, 0.0319376, -0.410794, 1.60501, 1.80739, 0.980833, 1.27077, 1.4406, 1.68278, 1.31256, 0.831362, 1.35633, 1.08479, 1.41761, 1.45196, 1.31671, 1.56748, 1.7685, 1.49354, 1.72221, 1.78298, 1.80338, 1.8306, 1.89592, 2.20393, 2.42299, 2.05276, 2.45846, 2.45128, 2.19007, 2.45626, 2.31318
2.58, 0.0319376, 1.0397, 1.68378, 2.19561, 1.3584, 1.04797, 1.08721, 1.46641, 0.998972, 0.926137, 1.2131, 1.07619, 1.076, 1.28891, 1.53561, 1.45589, 1.93781, 1.81119, 1.43215, 1.63688, 1.84839, 2.08999, 1.8855, 2.26014, 2.04719, 2.19594, 2.11507, 2.47859, 2.39216, 2.53109, 2.7787
2.6, 0.0319376, 0.916003, 1.40849, 1.83469, 1.42668, 1.21632, 0.769125, 0.973401, 0.891439, 1.1019, 1.5581, 1.74579, 1.10163, 1.14965, 1.3341, 1.66655, 1.80234, 1.78027, 1.93587, 1.87483, 1.96981, 2.15398, 2.32727, 2.21379, 2.36164, 2.22355, 2.34356, 2.35049, 2.21598, 2.38492, 2.61737
2.62, 0.0319376, 0.221303, 1.99267, 1.73665, 1.3638, 1.1025, 1.26633, 0.268805, 1.33425, 1.06944, 1.26295, 1.45566, 0.984068, 0.976766, 1.42669, 1.28224, 1.23887, 1.66084, 1.85323, 1.73682, 1.79621, 2.14344, 2.45725, 2.11024, 1.9913, 1.83901, 1.75105, 2.2489, 2.51247, 2.7415, 2.41514
2.64, 0.0319374, 0.66188, 2.19503, 2.10856, 1.1455, 1.50631, 1.51864, 1.33199, 1.33119, 1.22699, 1.18673, 0.752179, 1.44752, 1.22329, 1.31449, 1.72372, 1.77216, 1.58564, 2.01772, 2.08601, 1.82727, 1.7207, 1.9216, 2.17621, 2.01491, 2.02089, 2.24992, 2.28502, 2.28253, 2.44166, 2.60268
2.66, 0.0319374, 0.280022, 1.50086, 1.91795, 1.71116, 1.50564, 0.880768, 0.190125, 1.70242, 1.80073, 0.760329, 1.44257, 1.40844, 0.958232, 0.949475, 1.74347, 2.00477, 1.64947, 1.95775, 1.88306, 2.11341, 2.00815, 2.12754, 2.35927, 2.18936, 2.4001, 2.45639, 2.43353, 2.63531, 2.78556, 2.81573
2.68, 0.0319374, 0.686635, 1.89723, 2.12885, 2.35616, 1.89299, 1.7589, 1.28047, 1.13978, 1.3357, 1.48905, 1.7847, 1.64893, 1.52762, 1.55469, 1.98436, 1.86951, 2.13416, 1.8255, 1.92528, 1.81374, 2.12837, 1.89996, 2.04078, 1.71149, 2.30762, 2.3556, 2.2275, 2.23051, 2.14622, 2.34275
2.7, 0.0319374, 0.679056, 1.42743, 1.5758, 1.23527, 1.32288, 0.758444, 0.805337, 1.33223, 1.39615, 1.33227, 1.64057, 1.4209, 0.999788, 1.18466, 1.2074, 1.79293, 1.43935, 1.90874, 1.69989, 1.87409, 2.00473, 1.7568, 2.16367, 2.31266, 2.24247, 2.38199, 2.29199, 2.29167, 2.65222, 2.57728
2.72, 0.0319374, 0.0792866, 0.462802, 0.716881, 1.16322, 1.40441, 1.73962, 1.311, 1.23788, 1.5349, 1.85656, 2.17367, 2.07739, 2.18451, 2.20771, 2.36262, 2.09075, 2.31019, 2.55296, 2.46869, 2.23038, 2.1113, 2.46213, 2.23317, 2.27297, 1.96252, 2.29425, 2.52803, 2.67173, 2.53495, 2.41906
2.74, 0.0319376, -0.0475616, 1.71477, 1.3878, 1.06876, 1.27221, 0.971024, 0.67323, 1.49767, 1.03334, 0.738699, 0.802347, 1.13744, 1.61686, 1.38439, 1.47391, 1.74132, 2.02196, 2.16591, 2.02698, 1.79882, 2.26268, 1.65785, 2.46399, 2.15471, 2.09822, 2.51387, 2.63423, 2.49577, 2.54617, 2.45432
2.76, 0.0319376, 0.075867, 1.62452, 1.85409, 0.674393, 0.64543, 1.2806, 1.49253, 1.46792, 2.03737, 1.63906, 1.64079, 1.89636, 0.522353, 1.31719, 1.64197, 1.68612, 1.9387, 1.75589, 1.92525, 1.87961, 2.11759, 1.84627, 2.00221, 1.85774, 2.30366, 2.58312, 2.50625, 2.38068, 2.46215, 2.29905
2.78, 0.0319376, 0.368093, 1.97581, 1.56713, 0.803653, 0.958757, 0.845675, 0.936373, 1.04465, 0.739019, 0.606388, 1.18225, 1.59244, 1.78305, 1.21606, 1.53543, 1.63614, 2.07753, 2.13316, 2.05198, 2.00031, 1.95988, 2.06378, 2.48669, 2.53419, 2.32461, 2.24736, 2.37122, 2.52431, 2.12796, 2.28267
2.8, 0.0319376, 0.275696, 1.77616, 1.75515, 1.02145, 0.695996, 1.56791, 0.70826, 1.10274, 1.07947, 1.16351, 1.05021, 1.7487, 1.2723, 0.945411, 1.2507, 1.77871, 1.92632, 1.9724, 2.26985, 2.18398, 2.10475, 1.92721, 2.14705, 2.0728, 2.14387, 2.56928, 2.52795, 2.45083, 2.52609, 2.46981
2.82, 0.0319376, 0.274142, 1.46645, 1.10724, 0.936948, 0.706196, 0.802912, 0.855592, 1.54218, 1.28107, 1.55923, 1.19649, 1.47834, 1.33986, 1.24363, 1.74318, 2.04974, 1.87702, 1.90333, 2.1343, 2.33394, 2.0607, 1.83366, 2.11219, 2.0992, 2.21636, 2.20438, 2.21456, 2.36949, 2.33707, 2.45
2.84, 0.0319376, 0.0301782, 1.40033, 0.88537, 0.665639, 1.02074, 1.54665, 0.9632, 1.44789, 0.993367, 1.77362, 1.35698, 1.09506, 0.621993, 0.811734, 1.81112, 1.83389, 1.5092, 1.77294, 2.01769, 2.01416, 1.97762, 1.98994, 1.83378, 1.91219, 2.37517, 2.21711, 2.3684, 2.60997, 2.59957, 2.47563
2.86, 0.0319376, 0.27475, 1.62974, 1.50024, 1.11612, 1.14144, 1.48624, 1.54253, 1.87023, 1.64095, 1.75179, 1.38252, 0.923343, 1.35505, 1.62781, 1.3846, 1.63519, 1.56986, 1.67218, 2.05201, 1.75642, 2.00137, 2.20936, 1.97735, 1.99104, 2.12255, 2.10172, 2.05871, 2.25747, 2.38471, 2.77736
2.88, 0.0319374, -0.237665, 0.580232, 1.20087, 1.40363, 1.50139, 0.931739, 1.00299, 1.46386, 1.75888, 0.81079, 0.96512, 1.42352, 1.4797, 1.22127, 1.71303, 0.937204, 1.33123, 1.68341, 2.12784, 1.84315, 2.08192, 1.90701, 1.82659, 2.08969, 2.21994, 2.20685, 2.45544, 2.2979, 2.47156, 2.4883
2.9, 0.0319374, 0.475709, 1.30435, 1.00731, 1.11349, 0.803489, 0.526852, 0.915221, 1.32379, 1.80885, 1.83692, 1.24408, 0.940161, 0.983845, 1.30889, 1.25115, 1.373, 2.04666, 1.70371, 1.81312, 1.18285, 1.74988, 1.867, 1.9155, 2.17763, 2.3334, 2.14618, 2.11115, 2.20055, 2.15669, 2.43507
2.92, 0.0319374, 1.062, 1.8072, 1.18534, 1.53718, 1.94963, 1.8529, 1.0933, 0.268183, 0.907156, 1.23906, 1.07228, 0.99871, 1.45142, 1.82742, 1.59555, 1.73241, 1.47917, 1.25659, 1.59401, 2.16916, 2.21014, 1.81708, 2.00573, 2.47492, 2.38408, 1.99348, 2.20771, 2.33145, 2.48785, 2.58553
2.94, 0.0319374, 0.614213, 2.0188, 1.65083, 1.13282, 1.32843, 1.48153, 1.59458, 1.08875, 1.17884, 1.64938, 1.48082, 1.61668, 1.34513, 1.38323, 1.77449, 1.92488, 2.13396, 1.90304, 1.95033, 2.09422, 1.81947, 1.85725, 2.17149, 2.53045, 2.36898, 2.47996, 2.59924, 2.44476, 2.53675, 2.71706
2.96, 0.0319374, 0.585618, 1.64992, 1.41759, 0.415573, 0.683245, 0.900688, 0.695392, 1.12535, 0.652026, 1.33727, 1.46621, 0.864858, 1.04643, 1.87957, 1.35492, 2.07342, 1.97123, 1.95009, 1.74881, 1.52802, 1.87114, 1.97435, 2.0138, 2.18941, 2.10653, 2.0369, 2.21559, 2.59603, 2.10638, 2.52064
2.98, 0.0319376, -0.083533, 1.5311, 0.497475, 0.941344, 1.44331, 1.4678, 1.50658, 1.30603, 1.67877, 1.48899, 1.28161, 0.951421, 0.845192, 1.2632, 1.92215, 1.84447, 1.68446, 2.17983, 1.77789, 1.73609, 1.20687, 1.7107, 1.97241, 1.91794, 2.37156, 2.20909, 2.54999, 2.20826, 2.48119, 2.65691
3, 0.0319376, 0.130006, 1.1978, 1.42745, 0.879339, 1.24115, 0.969219, 0.981033, 0.894777, 1.48026, 1.13449, 1.21382, 1.26472, 1.35725, 1.1776, 2.0121, 2.10708, 1.57084, 1.71946, 2.2355, 1.94092, 2.17269, 2.23175, 1.98997, 1.76239, 2.51541, 2.49162, 2.22681, 2.55622, 2.5889, 2.64718
3.02, 0.0319376, 0.768887, 1.07811, 0.846913, 2.07946, 1.74547, 1.26174, 1.89266, 1.45585, 1.09871, 0.849463, 0.405774, 0.562308, 0.800216, 1.59237, 1.65717, 1.83606, 1.78573, 1.87213, 1.6777, 2.01996, 2.01892, 2.1612, 2.18382, 2.20761, 2.31727, 2.01778, 2.05793, 2.06708, 2.01901, 2.33401
3.04, 0.0319376, 0.501505, 1.80705, 2.01883, 1.00846, 1.54039, 1.17176, 1.33433, 1.2129, 1.13188, 1.91056, 1.47712, 0.948013, 1.21086, 1.67697, 1.61075, 1.61399, 1.66127, 1.8568, 1.31055, 1.50045, 1.79957, 2.1678, 1.68888, 1.85777, 2.07736, 2.16696, 1.97535, 2.22555, 2.33807, 2.46337
3.06, 0.0319376, -0.0508484, 1.71869, 1.75615, 1.47386, 1.24778, 0.672368, 1.68058, 1.53898, 1.06176, 1.28879, 1.40035, 1.18508, 1.35988, 1.18892, 1.21356, 1.80826, 1.77335, 2.21945, 1.90187, 1.87585, 1.58955, 1.76332, 2.17852, 2.1116, 2.24044, 2.1828, 2.07805, 2.34254, 2.43353, 2.70623
3.08, 0.0319376, 0.165361, 1.20156, 1.0466, 0.581527, 1.50131, 1.12001, 1.0084, 1.37317, 1.40845, 0.769541, 1.19187, 1.50881, 1.25193, 1.52507, 1.42267, 1.72871, 1.71512, 1.90282, 1.77875, 1.66906, 2.00366, 1.973, 2.06984, 1.98547, 2.05329, 2.41063, 2.46114, 2.47235, 2.51638, 2.49622
3.1, 0.0319376, 0.731224, 1.29654, 0.823, 1.39913, 1.48919, 1.21309, 1.19339, 1.50112, 1.42794, 0.749901, 0.544816, 1.35209, 1.1165, 0.992565, 1.53418, 1.72871, 1.57185, 1.56366, 1.95869, 1.89492, 1.81942, 1.96186, 2.25877, 2.31759, 2.08833, 2.06455, 2.17499, 2.03581, 2.44826, 2.72099
3.12, 0.0319376, 0.285123, 2.09011, 1.54939, 0.71542, 1.25985, 1.69184, 1.32415, 1.11573, 1.22298, 1.28281, 1.23504, 1.06751, 1.15209, 1.81883, 2.2972, 1.67097, 2.30193, 1.73772, 1.71019, 1.8528, 1.87873, 1.83432, 2.23846, 1.97164, 2.11857, 2.33249, 2.36524, 2.13227, 2.37978, 2.16214
3.14, 0.0319374, -0.0172139, 1.85352, 1.63023, 0.751011, 0.862958, 1.04996, 1.55507, 1.18176, 1.89646, 1.60275, 1.26572, 1.39122, 1.41966, 1.54015, 1.35213, 1.74469, 1.74312, 1.64305, 1.90557, 1.68092, 2.0542, 2.15468, 1.89705, 2.05198, 2.34424, 2.32098, 2.36114, 2.39904, 2.57243, 2.28676
3.16, 0.0319374, 0.205564, 1.58423, 1.75022, 1.57016, 1.46478, 1.62591, 1.42961, 0.908691, 1.53438, 1.19095, 0.880549, 1.21866, 1.567, 1.66826, 1.62778, 1.56133, 1.88853, 1.80785, 1.77127, 1.92765, 2.00283, 1.80101, 1.97675, 2.42464, 2.13877, 2.27352, 2.16418, 2.49726, 2.41797, 2.61426
3.18, 0.0319374, 0.185076, 0.943993, 1.32511, 0.717866, 1.4011, 1.21707, 0.613266, 0.900655, 1.09888, 0.473637, 0.617306, 1.13323, 1.20185, 1.00644, 0.938959, 1.42588, 1.47819, 1.65541, 2.06973, 2.17376, 1.84284, 2.09367, 2.38067, 2.50022, 2.16628, 2.30702, 2.21077, 2.55865, 2.31086, 2.51992
3.2, 0.0319374, -0.614866, 1.57965, 1.68413, 1.02357, 1.47215, 1.39579, 1.41232, 1.25511, 1.18086, 1.68596, 0.659563, 1.41383, 1.52399, 1.58025, 1.58216, 1.62477, 2.10255, 1.67064, 1.30634, 2.1012, 2.13358, 2.05766, 2.33091, 2.20053, 2.17764, 2.1912, 2.48085, 2.50814, 2.46689, 2.34943
3.22, 0.0319374, -0.174166, 1.47225, 1.5913, 1.19987, 1.74664, 2.04254, 1.55455, 1.68223, 1.77989, 2.22309, 2.1054, 2.37039, 1.92267, 1.8023, 1.77034, 1.78665, 1.84154, 1.71803, 2.00115, 1.91247, 1.98883, 2.34818, 2.32007, 2.15516, 2.29029, 2.29061, 2.47127, 2.65541, 2.59812, 2.51792
3.24, 0.0319376, 0.509776, 1.36594, 0.956234, 0.722765, 1.45323, 1.22576, 1.05305, 0.816725, 1.09373, 0.838715, 1.24604, 1.56151, 1.16268, 0.85031, 1.15022, 2.10656, 1.87122, 1.66027, 1.70173, 1.78891, 1.59609, 1.94912, 2.05359, 2.21055, 2.21059, 1.92315, 2.33656, 2.19843, 2.55311, 2.37474
3.26, 0.0319376, 0.855399, 2.00497, 1.25653, -0.00129026, 1.30031, 0.942055, 0.848979, 0.796843, 0.731944, 0.973334, 1.10155, 1.14842, 1.72263, 1.68931, 1.6392, 1.75283, 1.91571, 2.07542, 1.71105, 1.46176, 1.91185, 1.98515, 2.42752, 1.99538, 2.12171, 2.38279, 2.23159, 2.55981, 2.6944, 2.62139
3.28, 0.0319376, 0.759484, 1.7268, 1.44017, 0.919973, 0.951121, 0.690697, 1.04773, 1.49516, 1.24912, 1.41063, 1.51783, 1.38139, 1.18408, 1.19393, 1.74065, 1.70764, 1.47523, 1.76554, 1.78671, 1.86603, 1.96226, 1.67653, 2.05549, 2.12662, 2.00389, 2.25764, 2.52393, 2.56604, 2.52176, 2.31843
3.3, 0.0319376, 0.54883, 1.80471, 1.65438, 1.3538, 1.2877, 1.15663, 0.727029, 1.2076, 1.47108, 1.26187, 1.80672, 1.59629, 1.4505, 1.34052, 1.76964, 1.78724, 2.22879, 2.10806, 1.9047, 1.7973, 2.12713, 2.3286, 2.0155, 2.0487, 2.19117, 2.23264, 2.57162, 2.59348, 2.5919, 2.54079
3.32, 0.0319376, 0.478749, 1.81012, 1.86072, 1.35233, 1.24091, 1.37083, 1.34377, 1.25456, 1.48744, 1.5123, 1.3148, 1.52274, 1.26359, 1.55553, 1.23878, 1.85429, 1.75671, 2.01446, 1.98577, 1.71924, 1.79541, 1.81224, 1.65794, 2.20773, 1.81771, 1.96383, 2.43304, 2.1621, 2.40083, 2.79627
3.34, 0.0319376, 0.614972, 1.17928, 1.95034, 1.6463, 0.6404, 1.17802, 1.53, 1.17646, 1.34314, 1.42706, 1.09208, 1.27317, 0.953658, 0.88394, 1.09431, 1.49956, 1.8805, 1.53382, 1.72329, 1.59914, 1.94437, 2.17296, 2.00114, 1.95384, 2.04593, 2.33755, 2.43182, 2.70799, 2.34006, 2.32188
3.36, 0.0319376, 0.586738, 2.02559, 1.4305, 1.69271, 1.72139, 1.28483, 1.25655, 1.20856, 0.87246, 1.71969, 1.40385, 1.44441, 1.52838, 1.35138, 1.36568, 2.00717, 1.55564, 2.23283, 2.0076, 2.19326, 2.14012, 2.28411, 2.11478, 2.09278, 2.46288, 2.74083, 2.40522, 2.57344, 2.42572, 2.52338
3.38, 0.0319374, 0.255222, 1.52465, 1.82973, 2.10487, 1.22611, 1.73491, 1.52038, 0.703691, 1.18371, 1.24344, 0.874248, 0.864, 1.61768, 1.59741, 1.58635, 1.78553, 1.5707, 1.67104, 1.65607, 2.36314, 1.90588, 2.15308, 2.09124, 2.239, 2.4481, 2.15931, 2.05033, 2.3521, 2.5471, 2.41327
3.4, 0.0319374, -1.01666, 1.66531, 1.63237, 1.52394, 0.838756, 0.91757, 0.467169, 0.881157, 1.43136, 1.32327, 0.981953, 0.86941, 1.04661, 1.25574, 1.40145, 1.56818, 1.52513, 2.07475, 2.11112, 2.41634, 1.98759, 2.16242, 2.22729, 1.98858, 1.87541, 2.35757, 2.63784, 2.40469, 2.33662, 2.75179
3.42, 0.0319374, -0.911491, 0.226699, 0.414732, 1.29811, 0.992746, 1.35077, 1.4781, 1.24815, 1.10781, 1.16507, 1.2885, 1.1447, 0.871159, 1.23842, 1.74933, 2.05334, 1.56699, 1.51771, 1.88516, 1.68581, 1.66216, 2.17081, 2.05832, 2.23171, 2.0475, 2.37926, 2.38838, 2.51139, 2.22574, 2.39816
3.44, 0.0319374, 0.100352, 1.66194, 1.58962, 1.25207, 1.70493, 1.50338, 0.980721, 1.04261, 1.60326, 1.56853, 1.19404, 1.18681, 1.33001, 0.898822, 1.82642, 2.04391, 1.82283, 1.5676, 2.27827, 2.06585, 1.9017, 2.20593, 1.99233, 2.34226, 2.30277, 1.95999, 2.04622, 2.37446, 2.59222, 2.55775
3.46, 0.0319374, 0.0865789, 2.25131, 1.23715, 0.714225, 1.05174, 1.04061, 0.85263, 1.39699, 1.03699, 0.933795, 1.49119, 1.26001, 1.22817, 1.37848, 1.66167, 1.86803, 1.62217, 1.82265, 1.81733, 1.65297, 1.94582, 2.16139, 2.28321, 2.38554, 2.16128, 2.29287, 2.62237, 2.75918, 2.35828, 2.52056
3.48, 0.0319376, -0.275366, 1.37383, 1.42956, 1.46613, 1.27791, 1.31415, 1.37359, 1.34196, 1.71043, 1.06022, 1.66676, 1.59407, 1.36903, 1.2087, 1.57314, 1.78307, 2.00002, 2.2576, 1.99349, 1.94695, 1.7735, 1.82394, 2.04406, 2.03306, 2.38128, 2.29997, 2.25594, 2.29611, 2.43951, 2.54531
3.5, 0.0319376, 0.0731022, 1.47397, 1.27297, 1.08091, 1.75317, 1.71885, 1.00621, 1.07303, 1.45498, 0.899963, 1.02345, 1.28643, 0.517008, 1.00555, 1.56552, 2.01855, 1.67903, 1.32304, 1.54575, 1.4219, 1.80753, 1.87611, 2.14891, 2.01479, 2.00122, 2.36559, 2.41662, 2.60387, 2.37795, 2.42709
3.52, 0.0319376, -0.0111545, 1.66786, 0.915103, 0.522164, 1.39249, 1.7661, 0.860538, 0.893482, 1.50837, 1.3821, 1.27636, 0.806097, 0.778, 0.78015, 1.5945, 1.84868, 2.05768, 1.90828, 1.61876, 1.92014, 1.84166, 2.26753, 2.25209, 2.18783, 2.33327, 2.13501, 2.08698, 2.43826, 2.31678, 2.54015
3.54, 0.0319376, 0.709529, 1.92998, 1.47038, 1.21525, 1.15262, 1.10909, 0.635311, 1.11127, 1.02362, 1.17708, 1.18928, 0.917333, 1.29589, 1.6976, 1.62044, 1.3358, 1.73372, 1.62085, 1.64569, 1.94199, 2.02638, 1.95122, 2.15424, 2.23751, 2.2402, 2.63619, 2.33011, 2.25788, 2.1402, 2.44324
3.56, 0.0319376, 0.290694, 1.40567, 0.882344, 0.883875, 2.06797, 1.1525, 0.988059, 0.724484, 1.41366, 1.18979, 1.0017, 1.22293, 1.26146, 0.914054, 1.64803, 1.53856, 1.82648, 1.91554, 2.21596, 2.34014, 1.85603, 2.03047, 1.81825, 2.36887, 2.54741, 2.34996, 2.63305, 2.62739, 2.43603, 2.66922
3.58, 0.0319376, 0.41519, 1.85071, 1.60869, 1.07672, 1.62525, 1.59907, 1.2369, 0.908562, 1.30074, 0.985474, 1.10858, 1.6835, 1.46775, 1.66664, 1.99002, 1.8618, 1.95047, 2.21521, 1.86421, 2.02708, 2.12513, 2.03922, 2.00254, 2.32249, 2.3819, 2.15567, 2.19717, 2.69517, 2.53496, 2.5067
3.6, 0.0319376, 0.70853, 0.978204, 1.03803, 0.797822, 1.29889, 1.18066, 0.467554, 0.800792, 0.604867, 1.45214, 1.64842, 1.31178, 1.19707, 1.67611, 1.54752, 1.62704, 1.45449, 1.57609, 1.79697, 2.05956, 2.13969, 1.81781, 1.79856, 2.01553, 2.12019, 2.28117, 2.23457, 2.27228, 2.23171, 2.37733
3.62, 0.0319376, -0.316995, 1.04262, 1.32458, 1.05338, 1.52323, 1.2586, 1.21585, 1.11387, 0.581145, 0.494958, 1.41392, 1.16563, 1.48879, 1.51498, 1.34536, 1.38947, 1.47839, 1.10622, 1.76218, 1.84633, 1.83697, 2.24001, 2.33481, 2.15981, 2.14256, 2.28471, 2.57543, 2.55779, 2.74045, 2.71209
3.64, 0.0319374, 0.561162, 1.91888, 1.27625, 0.617976, 1.48552, 1.81442, 1.38979, 1.17928, 1.83244, 1.39715, 1.10112, 1.4722, 1.53427, 1.02276, 0.935434, 1.80203, 1.56679, 1.51324, 1.57114, 2.10557, 1.94059, 2.04033, 1.85119, 2.29616, 2.49671, 2.24999, 2.07788, 2.41967, 2.53788, 2.6139
3.66, 0.0319374, -0.524804, 1.40157, 1.3349, 1.2722, 0.580296, 1.22721, 1.34984, 1.20993, 1.6556, 1.24323, 0.489065, 0.722281, 1.17104, 1.35408, 1.94354, 1.83899, 1.37468, 1.86998, 1.85275, 2.2201, 2.19926, 1.99642, 1.9209, 2.16932, 2.3326, 2.06371, 2.37615, 2.43222, 2.67138, 2.48493
3.68, 0.0319374, -0.0912025, 1.18055, 1.51161, 1.09701, 1.21495, 1.71606, 1.63512, 1.60966, 1.33075, 0.867247, 1.23258, 1.65922, 1.22559, 1.11554, 1.47832, 1.65811, 1.48038, 1.83149, 2.08, 2.33368, 2.34169, 2.36158, 2.36995, 2.25811, 2.28026, 2.16871, 2.27222, 2.47985, 2.41909, 2.65888
3.7, 0.0319374, 0.178708, 1.35547, 1.6819, 1.56004, 0.890425, 1.0693, 0.233624, 1.05316, 1.49084, 0.990057, 1.32998, 1.07283, 1.19019, 1.30967, 1.68396, 2.20008, 1.78891, 1.88012, 1.68211, 2.00345, 1.8788, 1.71934, 1.88893, 2.27112, 2.39104, 2.17499, 2.34652, 2.55635, 2.43096, 2.47836
3.72, 0.0319374, 0.833494, 1.43355, 1.15068, 0.944922, 1.40741, 1.61465, 1.64361, 1.8546, 1.66228, 1.48877, 1.34183, 1.19205, 0.944549, 1.3307, 1.49243, 2.01596, 1.47656, 1.78515, 1.91619, 1.83181, 2.28699, 2.14045, 2.23822, 2.26686, 2.11936, 1.89729, 2.09626, 2.71829, 2.61507, 2.64118
3.74, 0.0319376, 0.776801, 2.10103, 1.37989, 0.336399, 1.11764, 1.29961, 1.02513, 1.33514, 1.3862, 1.46263, 1.5066, 1.25424, 1.01352, 1.45094, 1.69882, 1.63961, 1.91828, 1.72292, 1.89977, 1.81374, 2.15139, 2.14751, 2.26232, 2.41028, 2.13145, 2.37407, 2.198, 2.06387, 2.43932, 2.51721
3.76, 0.0319376, 0.946462, 2.01998, 1.94467, 1.40548, 1.28608, 0.951583, 1.078, 1.24108, 1.37979, 0.795045, 0.990129, 0.691619, 0.507071, 1.12097, 1.67194, 1.84726, 1.73898, 1.46135, 1.76259, 2.01226, 1.7316, 2.1858, 2.33504, 1.9261, 2.08279, 2.32365, 2.35732, 2.5773, 2.50969, 2.42261
3.78, 0.0319376, 0.377474, 1.66583, 1.61586, 1.18173, 1.02823, 0.733763, 1.27817, 1.61664, 1.55723, 0.809938, 1.43304, 0.99966, 1.05587, 1.25112, 1.21421, 1.68623, 1.85537, 1.90777, 1.38175, 1.91449, 2.02607, 2.19249, 2.4027, 2.59868, 2.21486, 2.29194, 2.24392, 2.45039, 2.43158, 2.36825
3.8, 0.0319376, 0.745612, 1.58059, 0.910231, 0.626424, 0.780031, 1.63618, 0.892995, 0.945228, 1.11669, 1.15122, 0.924128, 1.09906, 1.08183, 1.68807, 0.930643, 1.57914, 1.58073, 1.64568, 1.53133, 1.87933, 2.26736, 2.10964, 2.40553, 2.23114, 2.28387, 2.05076, 2.17852, 1.95249, 2.36492, 2.48914
3.82, 0.0319376, -0.213046, 0.969831, 1.4024, 1.15764, 0.494206, 1.1652, 1.45651, 1.56, 1.53799, 1.35602, 1.31011, 0.825519, 0.71239, 1.11432, 1.66522, 2.10413, 1.73426, 1.44057, 1.81962, 2.33615, 2.12284, 2.18549, 2.27008, 2.11683, 2.30092, 2.35234, 2.48161, 2.69746, 2.2753, 2.33332
3.84, 0.0319376, 0.458646, 1.32563, 0.329568, 1.39343, 1.39992, 1.52102, 0.792838, 1.35158, 1.61777, 1.45729, 0.984037, 1.04828, 0.833685, 1.60032, 1.75417, 1.62556, 2.04185, 1.77387, 1.643, 1.7745, 1.50488, 1.83923, 1.77625, 2.35169, 2.23146, 2.3444, 2.32085, 2.33678, 2.23575, 2.66742
3.86, 0.0319376, 0.677633, 1.78204, 1.33484, 1.57398, 1.07784, 0.449241, 0.557049, 0.646581, 1.49798, 1.67662, 1.27802, 0.474052, 1.2104, 1.43631, 1.81745, 1.54194, 1.81738, 2.25672, 2.11445, 2.1292, 2.123, 1.90782, 1.93968, 2.0338, 2.44783, 2.36091, 2.13766, 2.14029, 2.37638, 2.58497
3.88, 0.0319374, 0.291696, 1.31125, 0.759223, 0.786468, 0.944979, 1.44077, 1.31198, 0.882897, 1.66629, 1.67923, 1.2359, 1.22998, 1.15492, 1.22027, 1.66594, 1.79515, 1.69972, 1.7267, 1.75827, 2.05274, 1.86495, 1.81305, 2.06016, 2.26546, 2.37065, 2.28945, 2.41806, 2.16369, 2.43491, 2.41666
3.9, 0.0319374, 0.117494, 1.90721, 1.95009, 1.69219, 1.66858, 1.38564, 1.14137, 1.40173, 1.43967, 1.7275, 1.23398, 1.55844, 1.43312, 1.78175, 1.47264, 1.67515, 1.82204, 1.62113, 1.7126, 1.87717, 2.32213, 2.11539, 1.98745, 1.96162, 2.13329, 2.3308, 2.17236, 2.31122, 2.80876, 2.83131
3.92, 0.0319374, -0.132716, 1.48771, 1.64699, 1.11027, 1.33891, 1.19709, 1.35147, 1.24867, 1.3161, 1.40814, 0.793632, 1.44036, 1.27612, 1.32875, 1.12625, 1.66063, 2.05124, 2.10189, 1.96366, 1.80803, 2.00108, 1.78763, 2.12456, 2.00203, 2.37221, 2.37896, 2.27271, 2.31709, 2.60624, 2.70404
3.94, 0.0319374, 0.413987, 1.97219, 1.44868, 1.35926, 1.42524, 1.13071, 0.349441, 0.747, 0.843036, 1.24259, 1.35443, 1.72784, 1.17741, 1.68986, 1.61548, 1.89402, 2.07588, 1.81477, 1.66615, 1.77817, 2.13114, 2.06906, 2.21028, 2.17685, 2.29079, 2.43978, 2.41882, 2.54157, 2.42909, 2.47998
3.96, 0.0319374, 0.941047, 1.89004, 1.11995, 1.54829, 1.62115, 1.7757, 1.20926, 1.26734, 1.23034, 0.72659, 1.06539, 1.51536, 1.33056, 1.60174, 1.71007, 1.45568, 1.79793, 1.77514, 1.84476, 1.80306, 2.09046, 2.50618, 1.86426, 2.11981, 2.19175, 2.48712, 2.4842, 2.58869, 2.82044, 2.79714
3.98, 0.0319376, 1.05748, 2.16043, 1.52398, 1.60372, 1.87589, 1.50294, 1.17315, 1.51861, 0.942907, 0.87729, 1.28438, 1.45639, 1.36149, 1.28166, 1.21389, 1.4005, 1.62817, 1.71046, 1.9467, 2.1481, 2.36669, 2.38927, 2.10687, 2.09429, 2.57722, 2.67177, 2.51215, 2.52135, 2.7319, 2.74462
4, 0.0319376, -0.0024046, 1.8855, 1.50917, 1.20825, 0.721796, 0.496289, 0.676588, 1.01995, 0.987437, 1.07133, 0.884165, 1.02135, 1.41778, 1.77625, 1.71909, 1.42623, 1.7572, 1.92629, 1.8914, 1.58033, 1.85734, 2.12934, 1.99254, 1.9847, 2.02446, 2.35011, 1.99116, 2.19985, 2.37967, 2.41633
4.02, 0.0319376, 0.351377, 0.738057, 1.16457, 1.28186, 1.28249, 1.21107, 0.640358, 1.22091, 1.0522, 1.15494, 0.705746, 1.48586, 1.32939, 1.4554, 2.06439, 1.10454, 1.5709, 1.87051, 2.08313, 1.73501, 2.13082, 2.23255, 1.97761, 2.15322, 2.38995, 2.2719, 2.37071, 2.52086, 2.37913, 2.5096
4.04, 0.0319376, 0.123761, 1.2697, 1.72774, 1.41681, 1.30528, 1.77442, 1.18803, 1.57932, 1.50277, 1.32257, 1.75508, 1.48287, 1.28375, 1.40356, 1.84224, 1.61454, 1.9979, 2.02388, 1.88525, 2.11425, 1.77291, 2.17293, 2.20658, 2.228, 2.07946, 2.52023, 2.52919, 2.60659, 2.76084, 2.63632
4.06, 0.0319376, -0.174804, 1.45082, 1.42336, 1.17605, 0.937491, 1.41706, -0.073774, 0.376621, 0.743282, 0.89033, 1.00581, 0.819479, 1.02984, 1.5373, 1.50747, 1.84465, 1.8639, 2.10381, 2.02036, 1.82086, 2.01463, 2.06299, 2.0834, 2.42015, 2.2933, 1.9154, 2.23544, 2.08427, 2.31588, 2.56926
4.08, 0.0319376, 0.432638, 1.35536, 1.77619, 0.478943, 1.24786, 1.48326, 0.778224, 1.11818, 1.18561, 0.987747, 0.696449, 0.923635, 1.48551, 1.40252, 1.69453, 1.43615, 1.55162, 1.35304, 1.46562, 1.94533, 2.13216, 2.06414, 1.84624, 1.39196, 1.71378, 2.11775, 2.36153, 2.4219, 2.5615, 2.33141
4.1, 0.0319376, 0.221136, 1.38642, 1.33135, 1.27255, 1.15227, 0.768309, 0.897553, 1.5422, 1.72424, 0.984067, 0.921172, 1.09208, 1.80597, 1.43594, 2.16517, 2.21362, 1.95251, 1.85679, 1.89209, 1.8455, 1.67328, 2.15363, 2.27084, 2.32503, 2.10738, 2.34611, 2.52886, 2.40534, 2.21438, 2.57201
4.12, 0.0319376, 0.735147, 1.4965, 1.09278, 1.53316, 1.37447, 1.04979, 1.24117, 0.67341, 0.744265, 0.702167, 1.39062, 0.84759, 1.38751, 1.66392, 1.60857, 1.73761, 1.56848, 1.92387, 2.2542, 2.08985, 1.98579, 2.38502, 2.2452, 2.1582, 2.22142, 2.49083, 2.64838, 2.4887, 2.39004, 2.57586
4.14, 0.0319376, -0.408745, 1.29315, 1.13885, 1.12606, 0.902327, 0.583542, 1.30249, 1.34302, 1.19863, 1.25441, 0.986645, 1.47091, 1.45911, 1.61251, 1.28586, 1.66157, 1.33415, 1.76906, 1.86326, 2.1526, 2.31213, 2.04468, 2.2567, 2.19782, 2.26093, 2.14106, 2.40981, 2.64926, 2.15577, 2.4973
4.16, 0.0319376, -0.157463, 1.32719, 1.65262, 1.44483, 1.90372, 1.87466, 1.66195, 1.25854, 1.26071, 1.33004, 1.35456, 0.963996, 0.849468, 1.2211, 1.67857, 1.84024, 1.62551, 1.49365, 1.98447, 1.7868, 1.95524, 1.59545, 2.16026, 2.30917, 2.41726, 2.32647, 2.26108, 2.12691, 2.15564, 2.56956
4.18, 0.0319376, 0.08554, 1.82125, 1.47595, 1.96656, 1.76345, 0.802001, 0.947042, 0.513183, 1.44752, 1.37349, 1.23563, 1.40526, 1.24562, 1.33649, 1.29725, 1.68551, 1.38385, 1.74835, 2.15544, 2.28439, 1.78955, 1.67483, 2.1595, 2.12194, 2.29464, 2.19521, 2.21684, 2.67928, 2.66269, 2.70536
4.2, 0.0319376, -0.338158, 1.40625, 1.25139, 0.863596, 1.15401, 1.31411, 1.02497, 1.91567, 1.42139, 1.36978, 1.08713, 0.98357, 1.31137, 1.46836, 1.69238, 1.4191, 1.13195, 1.72867, 1.58807, 1.81608, 2.47413, 2.00861, 2.38472, 2.20397, 2.22246, 2.22908, 2.15958, 2.39356, 2.57957, 2.89406
4.22, 0.0319376, 0.680635, 1.94654, 1.15496, 1.10525, 0.801394, 0.931396, 0.387143, 1.10599, 1.69636, 1.77001, 1.27862, 1.72041, 1.30301, 1.35004, 1.78957, 1.52703, 1.43079, 2.19177, 1.8002, 1.68324, 1.52555, 1.74593, 2.11869, 2.01537, 2.3004, 2.54933, 2.48499, 2.583, 2.38251, 2.72328
4.24, 0.0319376, 0.196679, 1.63019, 1.33565, 1.26767, 1.36176, 1.16596, 1.58372, 0.896981, 1.22565, 1.22198, 1.33992, 1.14041, 1.38717, 1.89162, 1.96096, 1.75888, 1.6477, 1.76614, 1.85113, 2.06986, 1.93455, 2.17161, 2.23198, 1.76054, 2.05684, 2.40994, 2.5692, 2.19835, 2.46884, 2.51583
4.26, 0.0319371, 0.29499, 1.73437, 1.5691, 1.03946, 0.762853, 1.25203, 1.21202, 1.55775, 1.8506, 1.09337, 1.26879, 1.27265, 1.38137, 1.47003, 1.92212, 1.63268, 1.96169, 1.91416, 1.92288, 1.89086, 1.84588, 1.95725, 2.16414, 2.50486, 2.20275, 2.00372, 2.35814, 2.45463, 2.2954, 2.49275
4.28, 0.0319371, 0.108485, 1.86322, 1.59925, 0.618659, 1.31385, 1.42955, 1.42886, 1.79808, 1.54753, 0.798534, 0.879804, 0.990932, 1.15523, 1.15722, 1.31267, 1.6655, 1.89728, 1.88257, 2.00244, 1.88003, 1.94577, 2.24441, 2.16694, 2.12349, 2.05422, 2.24098, 2.29438, 2.54628, 2.48645, 2.40055
4.3, 0.0319371, 0.0253759, 0.999878, 1.55823, 0.630512, 0.551122, 1.37889, 1.17017, 1.53761, 1.84334, 1.27763, 1.69785, 1.45545, 0.897439, 0.628474, 1.62274, 2.14746, 1.46598, 1.54781, 2.04107, 1.87908, 2.27292, 2.01386, 2.08868, 2.08226, 2.05129, 1.98543, 2.23499, 2.42182, 2.41035, 2.62886
4.32, 0.0319371, 0.561794, 1.92041, 2.127, 2.01045, 1.63181, 0.689129, 0.741408, 1.69871, 1.34839, 1.4864, 1.54173, 1.66158, 1.31449, 1.40234, 1.43251, 1.54765, 1.69789, 1.81069, 1.88841, 1.99499, 2.10714, 2.14625, 1.85806, 2.25809, 2.31279, 2.132, 2.67832, 2.53515, 2.53783, 2.47627
4.34, 0.0319371, 0.372789, 1.72997, 1.44764, 0.889966, 0.992067, 0.787893, 1.08399, 1.82033, 1.18075, 0.850477, 1.20028, 1.16597, 1.36437, 1.81643, 1.65496, 1.68966, 1.83193, 2.00265, 1.61961, 1.72024, 2.02081, 2.03685, 2.29123, 2.3956, 2.16832, 2.30294, 2.31401, 2.63661, 2.45193, 2.40527
4.36, 0.0319376, -0.811943, 0.97457, 0.8176, 0.711915, 0.909946, 1.38769, 0.862565, 1.44567, 0.960417, 1.07158, 0.992791, 1.12417, 1.43127, 1.64978, 1.70245, 1.52014, 1.65165, 1.68771, 1.71234, 1.78466, 1.82343, 2.05267, 2.08883, 2.1109, 2.18099, 2.11445, 2.37125, 2.24338, 2.18057, 2.3535
4.38, 0.0319376, 0.268087, 1.57838, 1.16882, 1.16201, 1.74259, 1.68985, 1.09944, 1.28104, 0.976217, 1.32112, 1.03359, 1.45872, 0.790051, 1.31078, 1.63884, 2.09183, 2.12544, 1.93936, 2.12099, 2.06392, 2.18915, 2.50646, 2.40885, 2.19072, 2.21181, 2.25365, 2.36956, 2.39154, 2.60043, 2.61625
4.4, 0.0319376, 0.397216, 1.41158, 0.746356, -0.187082, 0.326342, 1.42754, 1.28022, 1.14877, 1.4212, 1.44505, 1.71596, 1.20716, 1.13633, 1.40834, 1.59375, 1.70151, 1.7858, 1.77435, 2.06936, 1.88078, 2.03351, 2.03768, 2.26939, 2.32415, 2.39055, 2.41886, 2.36173, 2.29632, 2.59373, 2.53426
4.42, 0.0319376, -0.358102, 1.11984, 1.68113, 1.75689, 1.32132, 1.0563, 1.40996, 1.61164, 1.72695, 1.19587, 1.26707, 1.28759, 0.799638, 1.55357, 2.02952, 1.88518, 1.95496, 2.12069, 1.91438, 1.98828, 2.12867, 1.93363, 1.8588, 2.12541, 2.39124, 2.55493, 2.43783, 2.21211, 2.31065, 2.24812
4.44, 0.0319376, 0.32464, 1.495, 0.450228, 1.1842, 1.70975, 1.48572, 1.04107, 1.0353, 1.03851, 1.30433, 1.32137, 1.162, 0.815819, 1.03417, 1.81517, 1.33764, 1.28001, 1.58482, 1.68221, 1.82384, 1.74733, 1.91793, 2.06345, 2.42005, 2.11979, 2.26737, 2.14045, 2.11512, 2.48512, 2.63238
4.46, 0.0319376, -0.269822, 1.14414, 1.31057, 1.57103, 1.7885, 1.79431, 1.33027, 1.32392, 1.08314, 1.37125, 1.1009, 1.24462, 1.01823, 1.43696, 1.53315, 1.65018, 1.83204, 1.90749, 1.89296, 2.2359, 2.15541, 1.80406, 2.12055, 2.50287, 2.54016, 2.37635, 2.30295, 2.18927, 2.43354, 2.76672
4.48, 0.0319376, 0.27414, 1.70846, 1.5774, 1.13437, 1.61679, 1.34317, 0.882135, 1.08057, 1.29814, 1.30646, 1.31677, 1.74091, 1.47804, 2.18522, 1.72207, 1.79378, 1.63562, 1.67575, 1.86801, 1.96882, 2.01706, 2.10012, 2.52915, 2.45754, 2.67785, 2.75638, 2.62211, 2.56215, 2.92124, 2.75242
4.5, 0.0319376, 0.167577, 1.03331, 1.75216, 1.4905, 1.72633, 1.43107, 1.47497, 1.40471, 1.77385, 1.5179, 1.43604, 1.58583, 1.33644, 1.3858, 1.92608, 1.89809, 1.91081, 1.51718, 1.69071, 2.1214, 1.90064, 2.05068, 2.17205, 2.20136, 2.33957, 2.36176, 2.45857, 2.35623, 2.4273, 2.42355
4.52, 0.0319376, 0.566249, 2.04949, 1.60298, 1.55317, 1.25784, 1.14995, 1.08768, 1.18671, 1.01804, 1.09318, 0.814913, 0.963608, 1.1721, 1.00671, 1.59625, 1.2728, 1.55339, 1.84897, 1.91449, 2.44001, 2.21703, 1.68058, 1.90577, 2.37356, 2.18013, 2.17093, 2.19516, 2.34576, 2.46848, 2.69696
4.54, 0.0319376, 0.0246478, 1.82834, 1.0456, 1.2088, 0.777322, 0.997437, 0.930474, 1.17874, 1.43783, 1.16693, 1.27093, 0.870115, 1.01133, 1.41286, 1.21648, 1.59798, 1.73281, 1.81108, 1.53064, 1.68501, 1.94959, 2.30006, 2.0353, 2.16852, 2.35647, 2.44941, 2.32655, 2.3976, 2.25855, 2.62333
4.56, 0.0319376, 0.255311, 1.91552, 1.24793, 1.52527, 1.53379, 1.58924, 1.46034, 1.56475, 1.32708, 0.569724, 0.982272, 1.39609, 0.728283, 1.55847, 1.53143, 1.81475, 1.87339, 2.04042, 1.91716, 1.83954, 1.70676, 2.12376, 1.96643, 2.58306, 2.33978, 2.23074, 2.0215, 2.08563, 2.28946, 2.74126
4.58, 0.0319376, 0.388334, 1.43165, 1.3707, 0.750899, 1.01456, 1.19953, 0.762403, 1.01875, 1.56324, 1.50965, 1.02299, 1.12971, 1.22048, 1.18009, 1.78585, 2.03654, 1.83594, 1.80643, 1.5491, 1.86955, 2.18969, 2.11961, 1.99734, 2.12801, 2.49751, 2.32896, 2.35307, 2.45312, 2.4898, 2.45126
4.6, 0.0319376, 0.850971, 1.77203, 1.89612, 1.69033, 1.27328, 1.36979, 1.34792, 1.76534, 1.27954, 1.99973, 2.11591, 2.43451, 2.58274, 2.14445, 1.54812, 1.56425, 1.70892, 1.58978, 1.76798, 2.13467, 2.21209, 1.91303, 2.27397, 2.22267, 2.23345, 2.13709, 2.4297, 2.53063, 2.62996, 2.65258
4.62, 0.0319376, 0.841657, 0.449601, 0.8267, 0.731802, 1.42391, 1.1423, 1.04576, 1.15636, 0.937204, 1.63695, 1.85043, 1.58127, 0.907019, 0.466814, 1.34747, 1.72402, 1.92421, 2.08143, 1.96651, 2.46143, 2.45807, 2.09546, 2.14964, 2.55159, 2.37811, 2.19144, 2.43671, 2.18198, 2.72341, 2.80542
4.64, 0.0319376, 0.446161, 1.14597, 1.11787, 0.741467, 1.11921, 1.333, 1.11246, 1.16095, 1.2209, 1.13728, 1.1766, 0.633576, 0.892467, 1.11117, 1.69983, 1.86922, 1.9136, 1.45881, 2.0627, 2.20267, 2.20524, 1.71451, 2.00018, 2.02238, 2.40091, 2.523, 2.20167, 2.40783, 2.58005, 2.40418
4.66, 0.0319376, -0.157207, 1.1661, 1.1579, 1.61894, 1.59481, 1.22049, 1.49358, 1.30505, 1.11679, 0.811698, 0.841045, 1.16407, 1.33449, 1.84957, 2.05111, 1.84141, 2.05445, 1.96075, 2.0191, 1.85499, 1.84746, 2.14037, 2.29147, 2.11932, 2.32446, 2.60632, 2.48744, 2.33919, 2.23598, 2.45447
4.68, 0.0319376, 0.0586709, 1.55971, 0.887452, 1.00386, 1.51701, 0.847159, 1.6581, 1.43304, 1.02446, 0.598363, 1.02976, 1.74249, 1.06286, 1.33241, 1.81812, 1.67005, 1.49521, 2.02684, 2.0878, 2.05933, 1.9799, 1.89428, 1.84632, 2.12505, 2.18871, 2.53004, 2.33069, 2.22448, 2.43072, 2.45164
4.7, 0.0319376, 0.633042, 2.17324, 2.14248, 1.00963, 1.00589, 0.998425, 1.02041, 1.39988, 1.64596, 1.48856, 1.19999, 1.29937, 1.28816, 1.72553, 1.07885, 1.48435, 1.91057, 1.95528, 1.51255, 2.05616, 2.15264, 2.13614, 2.29142, 2.00237, 2.01723, 2.74705, 2.68391, 2.38562, 2.6512, 2.64153
4.72, 0.0319376, 0.0403237, 1.96892, 1.63863, 1.14033, 1.26605, 0.936839, 1.16837, 0.631596, 1.76973, 1.48593, 1.07162, 1.09173, 1.20747, 1.54701, 1.54305, 1.97419, 2.0653, 1.9361, 1.97485, 1.86767, 1.82727, 1.7683, 2.10596, 2.13861, 2.03552, 2.06402, 2.29132, 2.04782, 2.38843, 2.61536
4.74, 0.0319376, -0.0511342, 1.57979, 1.11561, 1.3361, 1.93464, 2.05641, 1.47904, 1.803, 1.6015, 1.78756, 2.20715, 1.52918, 1.47633, 1.46948, 1.88125, 2.4952, 1.96603, 1.94931, 2.0297, 2.08396, 2.18341, 2.02144, 2.41027, 2.35746, 1.90276, 2.19285, 2.34123, 2.56277, 2.53103, 2.69259
4.76, 0.0319371, -0.0408412, 1.36443, 1.69987, 0.997382, 1.42594, 1.20021, 1.5996, 1.64869, 1.69122, 1.12066, 1.13665, 1.01007, 0.992619, 1.67233, 1.4055, 1.95039, 2.17684, 1.73117, 1.65305, 2.26775, 2.36703, 1.90039, 2.25597, 2.31324, 1.9975, 2.30694, 2.4903, 2.62251, 2.44494, 2.48282
4.78, 0.0319371, 0.881582, 1.96216, 1.50778, 1.21838, 1.69196, 0.782503, 1.13054, 1.19734, 0.895506, 1.0413, 1.27448, 1.35856, 0.883459, 1.60598, 1.63044, 1.96233, 1.93868, 1.53736, 1.7309, 2.289, 2.2177, 1.98822, 2.08544, 2.14856, 2.22532, 2.13438, 2.09489, 2.14592, 2.07661, 2.37273
4.8, 0.0319371, -0.0302317, 1.88813, 1.89326, 1.15327, 1.28058, 0.405317, 1.01262, 1.16455, 0.849617, 1.29549, 0.805046, 1.13882, 1.01888, 1.35395, 1.48308, 1.58659, 1.58551, 1.92667, 1.86188, 2.01767, 2.13496, 2.0683, 2.1682, 2.26264, 2.60973, 2.31009, 2.49443, 2.48709, 2.43819, 2.68323
4.82, 0.0319371, 0.797502, 1.61893, 1.12168, 0.880886, 0.976475, 1.54083, 1.2281, 1.48468, 1.10479, 1.01546, 0.974447, 0.956218, 1.08848, 1.33526, 1.94942, 1.84814, 1.94934, 1.63977, 1.7798, 1.50888, 1.87878, 2.27267, 2.3255, 2.07021, 2.0251, 2.50994, 2.47627, 2.63837, 2.36729, 2.45987
4.84, 0.0319371, -0.340149, 0.958913, 1.20638, 0.545772, 0.524758, 1.09402, 1.19572, 1.29305, 1.66801, 1.47454, 1.40814, 1.23863, 0.884429, 1.07941, 1.64194, 1.70273, 1.28208, 1.64362, 1.91824, 1.58431, 1.88308, 2.01439, 2.20247, 2.32163, 2.38468, 2.39463, 2.49846, 2.54272, 2.32565, 2.42023
4.86, 0.0319376, -0.377768, 0.728489, 0.503552, 1.01682, 1.09184, 1.39887, 1.13638, 1.34778, 1.72732, 1.53176, 0.742539, 0.377717, 1.13633, 1.17039, 1.47899, 1.75776, 1.55646, 1.52185, 1.82246, 1.85268, 2.08161, 2.32488, 2.03855, 2.25048, 2.01381, 2.08499, 2.34391, 2.20622, 2.50586, 2.67849
4.88, 0.0319376, 0.113939, 0.97417, 0.844541, 0.82112, 1.62728, 1.06207, 1.47139, 0.655288, 1.28063, 1.23804, 1.01827, 0.895254, 1.13933, 0.942496, 1.64784, 1.88269, 1.92774, 2.15126, 2.07665, 2.04956, 1.90894, 2.02869, 2.05847, 2.04815, 2.33148, 2.38675, 2.40975, 2.145, 2.38961, 2.87487
4.9, 0.0319376, 0.568279, 0.972093, 1.27671, 1.10981, 1.26567, 1.43538, 1.09257, 1.52097, 1.27329, 1.14455, 0.997389, 1.02561, 0.975314, 1.2372, 1.47849, 2.00324, 1.79343, 1.66173, 1.5752, 2.21656, 2.09158, 2.06937, 2.19568, 2.15985, 2.43436, 2.20744, 2.14272, 2.09491, 2.54091, 2.89448
4.92, 0.0319376, 0.411395, 1.50053, 1.38962, 1.34578, 1.26704, 1.18602, 1.3811, 1.20541, 1.49587, 1.23588, 0.775411, 0.998765, 0.551875, 0.871596, 1.61907, 1.91874, 1.82332, 2.13593, 2.04879, 1.81806, 1.90802, 2.20512, 2.28847, 2.26356, 2.44172, 2.31004, 2.40566, 2.62961, 2.6692, 2.65241
4.94, 0.0319376, 0.526306, 1.16461, 1.0363, 1.37064, 1.48798, 2.06545, 1.39136, 1.4818, 1.58894, 1.20384, 1.12521, 1.48888, 1.0572, 1.41727, 1.65076, 2.25859, 2.00074, 1.82549, 2.14839, 1.6451, 1.8833, 2.13772, 2.33781, 2.31886, 2.36767, 2.4421, 2.22862, 2.58204, 2.65608, 2.75657
4.96, 0.0319376, 0.206084, 1.05704, 0.940108, 0.192384, 0.336407, 0.499973, 1.27078, 1.07059, 0.518293, 1.26635, 1.48955, 1.07855, 1.19027, 1.28725, 1.61031, 1.7737, 1.94404, 1.93989, 1.8973, 1.75324, 1.74169, 1.95624, 2.04764, 2.42458, 2.17791, 2.11895, 2.13476, 2.47228, 2.6117, 2.59164
